Ticker,Date,Time,Expiry Date,Open,High,Low,Close,Volume,Open Interest,Padding Flag
FINNIFTY13NOV2321000CE.NFO,2023-10-11,09:15:00,2023-11-13,0.1,0.1,0.1,0.1,0,0,0
FINNIFTY13NOV2321000CE.NFO,2023-10-11,09:16:00,2023-11-13,0.1,0.1,0.1,0.1,0,0,1
FINNIFTY13NOV2321000CE.NFO,2023-10-11,09:17:00,2023-11-13,0.1,0.1,0.1,0.1,0,0,1
FINNIFTY13NOV2321000CE.NFO,2023-10-11,09:18:00,2023-11-13,0.1,0.1,0.1,0.1,0,0,1
FINNIFTY13NOV2321000CE.NFO,2023-10-11,09:19:00,2023-11-13,0.1,0.1,0.1,0.1,0,0,1
FINNIFTY13NOV2321000CE.NFO,2023-10-11,09:20:00,2023-11-13,0.1,0.1,0.1,0.1,0,0,1
FINNIFTY13NOV2321000CE.NFO,2023-10-11,09:21:00,2023-11-13,0.1,0.1,0.1,0.1,0,0,1
FINNIFTY13NOV2321000CE.NFO,2023-10-11,09:22:00,2023-11-13,0.1,0.1,0.1,0.1,0,0,1
FINNIFTY13NOV2321000CE.NFO,2023-10-11,09:23:00,2023-11-13,0.1,0.1,0.1,0.1,0,0,1
FINNIFTY13NOV2321000CE.NFO,2023-10-11,09:24:00,2023-11-13,0.1,0.1,0.1,0.1,0,0,1
FINNIFTY13NOV2321000CE.NFO,2023-10-11,09:25:00,2023-11-13,0.1,0.1,0.1,0.1,0,0,1
FINNIFTY13NOV2321000CE.NFO,2023-10-11,09:26:00,2023-11-13,0.1,0.1,0.1,0.1,0,0,1
FINNIFTY13NOV2321000CE.NFO,2023-10-11,09:27:00,2023-11-13,0.1,0.1,0.1,0.1,0,0,1
FINNIFTY13NOV2321000CE.NFO,2023-10-11,09:28:00,2023-11-13,0.1,0.1,0.1,0.1,0,0,1
FINNIFTY13NOV2321000CE.NFO,2023-10-11,09:29:00,2023-11-13,0.1,0.1,0.1,0.1,0,0,1
FINNIFTY13NOV2321000CE.NFO,2023-10-11,09:30:00,2023-11-13,0.1,0.1,0.1,0.1,0,0,1
FINNIFTY13NOV2321000CE.NFO,2023-10-11,09:31:00,2023-11-13,0.1,0.1,0.1,0.1,0,0,1
FINNIFTY13NOV2321000CE.NFO,2023-10-11,09:32:00,2023-11-13,0.1,0.1,0.1,0.1,0,0,1
FINNIFTY13NOV2321000CE.NFO,2023-10-11,09:33:00,2023-11-13,0.1,0.1,0.1,0.1,0,0,1
FINNIFTY13NOV2321000CE.NFO,2023-10-11,09:34:00,2023-11-13,0.1,0.1,0.1,0.1,0,0,1
FINNIFTY13NOV2321000CE.NFO,2023-10-11,09:35:00,2023-11-13,0.1,0.1,0.1,0.1,0,0,1
FINNIFTY13NOV2321000CE.NFO,2023-10-11,09:36:00,2023-11-13,0.1,0.1,0.1,0.1,0,0,1
FINNIFTY13NOV2321000CE.NFO,2023-10-11,09:37:00,2023-11-13,0.1,0.1,0.1,0.1,0,0,1
FINNIFTY13NOV2321000CE.NFO,2023-10-11,09:38:00,2023-11-13,0.1,0.1,0.1,0.1,0,0,1
FINNIFTY13NOV2321000CE.NFO,2023-10-11,09:39:00,2023-11-13,0.1,0.1,0.1,0.1,0,0,1
FINNIFTY13NOV2321000CE.NFO,2023-10-11,09:40:00,2023-11-13,0.1,0.1,0.1,0.1,0,0,1
FINNIFTY13NOV2321000CE.NFO,2023-10-11,09:41:00,2023-11-13,0.1,0.1,0.1,0.1,0,0,1
FINNIFTY13NOV2321000CE.NFO,2023-10-11,09:42:00,2023-11-13,0.1,0.1,0.1,0.1,0,0,1
FINNIFTY13NOV2321000CE.NFO,2023-10-11,09:43:00,2023-11-13,0.1,0.1,0.1,0.1,0,0,1
FINNIFTY13NOV2321000CE.NFO,2023-10-11,09:44:00,2023-11-13,0.1,0.1,0.1,0.1,0,0,1
FINNIFTY13NOV2321000CE.NFO,2023-10-11,09:45:00,2023-11-13,0.1,0.1,0.1,0.1,0,0,1
FINNIFTY13NOV2321000CE.NFO,2023-10-11,09:46:00,2023-11-13,0.1,0.1,0.1,0.1,0,0,1
FINNIFTY13NOV2321000CE.NFO,2023-10-11,09:47:00,2023-11-13,0.1,0.1,0.1,0.1,0,0,1
FINNIFTY13NOV2321000CE.NFO,2023-10-11,09:48:00,2023-11-13,0.1,0.1,0.1,0.1,0,0,1
FINNIFTY13NOV2321000CE.NFO,2023-10-11,09:49:00,2023-11-13,0.1,0.1,0.1,0.1,0,0,1
FINNIFTY13NOV2321000CE.NFO,2023-10-11,09:50:00,2023-11-13,0.1,0.1,0.1,0.1,0,0,1
FINNIFTY13NOV2321000CE.NFO,2023-10-11,09:51:00,2023-11-13,0.1,0.1,0.1,0.1,0,0,1
FINNIFTY13NOV2321000CE.NFO,2023-10-11,09:52:00,2023-11-13,0.1,0.1,0.1,0.1,0,0,1
FINNIFTY13NOV2321000CE.NFO,2023-10-11,09:53:00,2023-11-13,0.1,0.1,0.1,0.1,0,0,1
FINNIFTY13NOV2321000CE.NFO,2023-10-11,09:54:00,2023-11-13,0.1,0.1,0.1,0.1,0,0,1
FINNIFTY13NOV2321000CE.NFO,2023-10-11,09:55:00,2023-11-13,0.1,0.1,0.1,0.1,0,0,1
FINNIFTY13NOV2321000CE.NFO,2023-10-11,09:56:00,2023-11-13,0.1,0.1,0.1,0.1,0,0,1
FINNIFTY13NOV2321000CE.NFO,2023-10-11,09:57:00,2023-11-13,0.1,0.1,0.1,0.1,0,0,1
FINNIFTY13NOV2321000CE.NFO,2023-10-11,09:58:00,2023-11-13,0.1,0.1,0.1,0.1,0,0,1
FINNIFTY13NOV2321000CE.NFO,2023-10-11,09:59:00,2023-11-13,0.1,0.1,0.1,0.1,0,0,1
FINNIFTY13NOV2321000CE.NFO,2023-10-11,10:00:00,2023-11-13,0.1,0.1,0.1,0.1,0,0,1
FINNIFTY13NOV2321000CE.NFO,2023-10-11,10:01:00,2023-11-13,0.1,0.1,0.1,0.1,0,0,1
FINNIFTY13NOV2321000CE.NFO,2023-10-11,10:02:00,2023-11-13,0.1,0.1,0.1,0.1,0,0,1
FINNIFTY13NOV2321000CE.NFO,2023-10-11,10:03:00,2023-11-13,0.1,0.1,0.1,0.1,0,0,1
FINNIFTY13NOV2321000CE.NFO,2023-10-11,10:04:00,2023-11-13,0.1,0.1,0.1,0.1,0,0,1
FINNIFTY13NOV2321000CE.NFO,2023-10-11,10:05:00,2023-11-13,0.1,0.1,0.1,0.1,0,0,1
FINNIFTY13NOV2321000CE.NFO,2023-10-11,10:06:00,2023-11-13,0.1,0.1,0.1,0.1,0,0,1
FINNIFTY13NOV2321000CE.NFO,2023-10-11,10:07:00,2023-11-13,0.1,0.1,0.1,0.1,0,0,1
FINNIFTY13NOV2321000CE.NFO,2023-10-11,10:08:00,2023-11-13,0.1,0.1,0.1,0.1,0,0,1
FINNIFTY13NOV2321000CE.NFO,2023-10-11,10:09:00,2023-11-13,0.1,0.1,0.1,0.1,0,0,1
FINNIFTY13NOV2321000CE.NFO,2023-10-11,10:10:00,2023-11-13,0.1,0.1,0.1,0.1,0,0,1
FINNIFTY13NOV2321000CE.NFO,2023-10-11,10:11:00,2023-11-13,0.1,0.1,0.1,0.1,0,0,1
FINNIFTY13NOV2321000CE.NFO,2023-10-11,10:12:00,2023-11-13,0.1,0.1,0.1,0.1,0,0,1
FINNIFTY13NOV2321000CE.NFO,2023-10-11,10:13:00,2023-11-13,0.1,0.1,0.1,0.1,0,0,1
FINNIFTY13NOV2321000CE.NFO,2023-10-11,10:14:00,2023-11-13,0.1,0.1,0.1,0.1,0,0,1
FINNIFTY13NOV2321000CE.NFO,2023-10-11,10:15:00,2023-11-13,0.1,0.1,0.1,0.1,0,0,1
FINNIFTY13NOV2321000CE.NFO,2023-10-11,10:16:00,2023-11-13,0.1,0.1,0.1,0.1,0,0,1
FINNIFTY13NOV2321000CE.NFO,2023-10-11,10:17:00,2023-11-13,0.1,0.1,0.1,0.1,0,0,1
FINNIFTY13NOV2321000CE.NFO,2023-10-11,10:18:00,2023-11-13,0.1,0.1,0.1,0.1,0,0,1
FINNIFTY13NOV2321000CE.NFO,2023-10-11,10:19:00,2023-11-13,0.1,0.1,0.1,0.1,0,0,1
FINNIFTY13NOV2321000CE.NFO,2023-10-11,10:20:00,2023-11-13,0.1,0.1,0.1,0.1,0,0,1
FINNIFTY13NOV2321000CE.NFO,2023-10-11,10:21:00,2023-11-13,0.1,0.1,0.1,0.1,0,0,1
FINNIFTY13NOV2321000CE.NFO,2023-10-11,10:22:00,2023-11-13,0.1,0.1,0.1,0.1,0,0,1
FINNIFTY13NOV2321000CE.NFO,2023-10-11,10:23:00,2023-11-13,0.1,0.1,0.1,0.1,0,0,1
FINNIFTY13NOV2321000CE.NFO,2023-10-11,10:24:00,2023-11-13,0.1,0.1,0.1,0.1,0,0,1
FINNIFTY13NOV2321000CE.NFO,2023-10-11,10:25:00,2023-11-13,0.1,0.1,0.1,0.1,0,0,1
FINNIFTY13NOV2321000CE.NFO,2023-10-11,10:26:00,2023-11-13,0.1,0.1,0.1,0.1,0,0,1
FINNIFTY13NOV2321000CE.NFO,2023-10-11,10:27:00,2023-11-13,0.1,0.1,0.1,0.1,0,0,1
FINNIFTY13NOV2321000CE.NFO,2023-10-11,10:28:00,2023-11-13,0.1,0.1,0.1,0.1,0,0,1
FINNIFTY13NOV2321000CE.NFO,2023-10-11,10:29:00,2023-11-13,0.1,0.1,0.1,0.1,0,0,1
FINNIFTY13NOV2321000CE.NFO,2023-10-11,10:30:00,2023-11-13,0.1,0.1,0.1,0.1,0,0,1
FINNIFTY13NOV2321000CE.NFO,2023-10-11,10:31:00,2023-11-13,0.1,0.1,0.1,0.1,0,0,1
FINNIFTY13NOV2321000CE.NFO,2023-10-11,10:32:00,2023-11-13,0.1,0.1,0.1,0.1,0,0,1
FINNIFTY13NOV2321000CE.NFO,2023-10-11,10:33:00,2023-11-13,0.1,0.1,0.1,0.1,0,0,1
FINNIFTY13NOV2321000CE.NFO,2023-10-11,10:34:00,2023-11-13,0.1,0.1,0.1,0.1,0,0,1
FINNIFTY13NOV2321000CE.NFO,2023-10-11,10:35:00,2023-11-13,0.1,0.1,0.1,0.1,0,0,1
FINNIFTY13NOV2321000CE.NFO,2023-10-11,10:36:00,2023-11-13,0.1,0.1,0.1,0.1,0,0,1
FINNIFTY13NOV2321000CE.NFO,2023-10-11,10:37:00,2023-11-13,0.1,0.1,0.1,0.1,0,0,1
FINNIFTY13NOV2321000CE.NFO,2023-10-11,10:38:00,2023-11-13,0.1,0.1,0.1,0.1,0,0,1
FINNIFTY13NOV2321000CE.NFO,2023-10-11,10:39:00,2023-11-13,0.1,0.1,0.1,0.1,0,0,1
FINNIFTY13NOV2321000CE.NFO,2023-10-11,10:40:00,2023-11-13,0.1,0.1,0.1,0.1,0,0,1
FINNIFTY13NOV2321000CE.NFO,2023-10-11,10:41:00,2023-11-13,0.1,0.1,0.1,0.1,0,0,1
FINNIFTY13NOV2321000CE.NFO,2023-10-11,10:42:00,2023-11-13,0.1,0.1,0.1,0.1,0,0,1
FINNIFTY13NOV2321000CE.NFO,2023-10-11,10:43:00,2023-11-13,0.1,0.1,0.1,0.1,0,0,1
FINNIFTY13NOV2321000CE.NFO,2023-10-11,10:44:00,2023-11-13,0.1,0.1,0.1,0.1,0,0,1
FINNIFTY13NOV2321000CE.NFO,2023-10-11,10:45:00,2023-11-13,0.1,0.1,0.1,0.1,0,0,1
FINNIFTY13NOV2321000CE.NFO,2023-10-11,10:46:00,2023-11-13,0.1,0.1,0.1,0.1,0,0,1
FINNIFTY13NOV2321000CE.NFO,2023-10-11,10:47:00,2023-11-13,0.1,0.1,0.1,0.1,0,0,1
FINNIFTY13NOV2321000CE.NFO,2023-10-11,10:48:00,2023-11-13,0.1,0.1,0.1,0.1,0,0,1
FINNIFTY13NOV2321000CE.NFO,2023-10-11,10:49:00,2023-11-13,0.1,0.1,0.1,0.1,0,0,1
FINNIFTY13NOV2321000CE.NFO,2023-10-11,10:50:00,2023-11-13,0.1,0.1,0.1,0.1,0,0,1
FINNIFTY13NOV2321000CE.NFO,2023-10-11,10:51:00,2023-11-13,0.1,0.1,0.1,0.1,0,0,1
FINNIFTY13NOV2321000CE.NFO,2023-10-11,10:52:00,2023-11-13,0.1,0.1,0.1,0.1,0,0,1
FINNIFTY13NOV2321000CE.NFO,2023-10-11,10:53:00,2023-11-13,0.1,0.1,0.1,0.1,0,0,1
FINNIFTY13NOV2321000CE.NFO,2023-10-11,10:54:00,2023-11-13,0.1,0.1,0.1,0.1,0,0,1
FINNIFTY13NOV2321000CE.NFO,2023-10-11,10:55:00,2023-11-13,0.1,0.1,0.1,0.1,0,0,1
FINNIFTY13NOV2321000CE.NFO,2023-10-11,10:56:00,2023-11-13,0.1,0.1,0.1,0.1,0,0,1
FINNIFTY13NOV2321000CE.NFO,2023-10-11,10:57:00,2023-11-13,0.1,0.1,0.1,0.1,0,0,1
FINNIFTY13NOV2321000CE.NFO,2023-10-11,10:58:00,2023-11-13,0.1,0.1,0.1,0.1,0,0,1
FINNIFTY13NOV2321000CE.NFO,2023-10-11,10:59:00,2023-11-13,0.1,0.1,0.1,0.1,0,0,1
FINNIFTY13NOV2321000CE.NFO,2023-10-11,11:00:00,2023-11-13,0.1,0.1,0.1,0.1,0,0,1
FINNIFTY13NOV2321000CE.NFO,2023-10-11,11:01:00,2023-11-13,0.1,0.1,0.1,0.1,0,0,1
FINNIFTY13NOV2321000CE.NFO,2023-10-11,11:02:00,2023-11-13,0.1,0.1,0.1,0.1,0,0,1
FINNIFTY13NOV2321000CE.NFO,2023-10-11,11:03:00,2023-11-13,0.1,0.1,0.1,0.1,0,0,1
FINNIFTY13NOV2321000CE.NFO,2023-10-11,11:04:00,2023-11-13,0.1,0.1,0.1,0.1,0,0,1
FINNIFTY13NOV2321000CE.NFO,2023-10-11,11:05:00,2023-11-13,0.1,0.1,0.1,0.1,0,0,1
FINNIFTY13NOV2321000CE.NFO,2023-10-11,11:06:00,2023-11-13,0.1,0.1,0.1,0.1,0,0,1
FINNIFTY13NOV2321000CE.NFO,2023-10-11,11:07:00,2023-11-13,0.1,0.1,0.1,0.1,0,0,1
FINNIFTY13NOV2321000CE.NFO,2023-10-11,11:08:00,2023-11-13,0.1,0.1,0.1,0.1,0,0,1
FINNIFTY13NOV2321000CE.NFO,2023-10-11,11:09:00,2023-11-13,0.1,0.1,0.1,0.1,0,0,1
FINNIFTY13NOV2321000CE.NFO,2023-10-11,11:10:00,2023-11-13,0.1,0.1,0.1,0.1,0,0,1
FINNIFTY13NOV2321000CE.NFO,2023-10-11,11:11:00,2023-11-13,0.1,0.1,0.1,0.1,0,0,1
FINNIFTY13NOV2321000CE.NFO,2023-10-11,11:12:00,2023-11-13,0.1,0.1,0.1,0.1,0,0,1
FINNIFTY13NOV2321000CE.NFO,2023-10-11,11:13:00,2023-11-13,0.1,0.1,0.1,0.1,0,0,1
FINNIFTY13NOV2321000CE.NFO,2023-10-11,11:14:00,2023-11-13,0.1,0.1,0.1,0.1,0,0,1
FINNIFTY13NOV2321000CE.NFO,2023-10-11,11:15:00,2023-11-13,0.1,0.1,0.1,0.1,0,0,1
FINNIFTY13NOV2321000CE.NFO,2023-10-11,11:16:00,2023-11-13,0.1,0.1,0.1,0.1,0,0,1
FINNIFTY13NOV2321000CE.NFO,2023-10-11,11:17:00,2023-11-13,0.1,0.1,0.1,0.1,0,0,1
FINNIFTY13NOV2321000CE.NFO,2023-10-11,11:18:00,2023-11-13,0.1,0.1,0.1,0.1,0,0,1
FINNIFTY13NOV2321000CE.NFO,2023-10-11,11:19:00,2023-11-13,0.1,0.1,0.1,0.1,0,0,1
FINNIFTY13NOV2321000CE.NFO,2023-10-11,11:20:00,2023-11-13,0.1,0.1,0.1,0.1,0,0,1
FINNIFTY13NOV2321000CE.NFO,2023-10-11,11:21:00,2023-11-13,0.1,0.1,0.1,0.1,0,0,1
FINNIFTY13NOV2321000CE.NFO,2023-10-11,11:22:00,2023-11-13,0.1,0.1,0.1,0.1,0,0,1
FINNIFTY13NOV2321000CE.NFO,2023-10-11,11:23:00,2023-11-13,0.1,0.1,0.1,0.1,0,0,1
FINNIFTY13NOV2321000CE.NFO,2023-10-11,11:24:00,2023-11-13,0.1,0.1,0.1,0.1,0,0,1
FINNIFTY13NOV2321000CE.NFO,2023-10-11,11:25:00,2023-11-13,0.1,0.1,0.1,0.1,0,0,1
FINNIFTY13NOV2321000CE.NFO,2023-10-11,11:26:00,2023-11-13,0.1,0.1,0.1,0.1,0,0,1
FINNIFTY13NOV2321000CE.NFO,2023-10-11,11:27:00,2023-11-13,0.1,0.1,0.1,0.1,0,0,1
FINNIFTY13NOV2321000CE.NFO,2023-10-11,11:28:00,2023-11-13,0.1,0.1,0.1,0.1,0,0,1
FINNIFTY13NOV2321000CE.NFO,2023-10-11,11:29:00,2023-11-13,0.1,0.1,0.1,0.1,0,0,1
FINNIFTY13NOV2321000CE.NFO,2023-10-11,11:30:00,2023-11-13,0.1,0.1,0.1,0.1,0,0,1
FINNIFTY13NOV2321000CE.NFO,2023-10-11,11:31:00,2023-11-13,0.1,0.1,0.1,0.1,0,0,1
FINNIFTY13NOV2321000CE.NFO,2023-10-11,11:32:00,2023-11-13,0.1,0.1,0.1,0.1,0,0,1
FINNIFTY13NOV2321000CE.NFO,2023-10-11,11:33:00,2023-11-13,0.1,0.1,0.1,0.1,0,0,1
FINNIFTY13NOV2321000CE.NFO,2023-10-11,11:34:00,2023-11-13,0.1,0.1,0.1,0.1,0,0,1
FINNIFTY13NOV2321000CE.NFO,2023-10-11,11:35:00,2023-11-13,0.1,0.1,0.1,0.1,0,0,1
FINNIFTY13NOV2321000CE.NFO,2023-10-11,11:36:00,2023-11-13,0.1,0.1,0.1,0.1,0,0,1
FINNIFTY13NOV2321000CE.NFO,2023-10-11,11:37:00,2023-11-13,0.1,0.1,0.1,0.1,0,0,1
FINNIFTY13NOV2321000CE.NFO,2023-10-11,11:38:00,2023-11-13,0.1,0.1,0.1,0.1,0,0,1
FINNIFTY13NOV2321000CE.NFO,2023-10-11,11:39:00,2023-11-13,0.1,0.1,0.1,0.1,0,0,1
FINNIFTY13NOV2321000CE.NFO,2023-10-11,11:40:00,2023-11-13,0.1,0.1,0.1,0.1,0,0,1
FINNIFTY13NOV2321000CE.NFO,2023-10-11,11:41:00,2023-11-13,0.1,0.1,0.1,0.1,0,0,1
FINNIFTY13NOV2321000CE.NFO,2023-10-11,11:42:00,2023-11-13,0.1,0.1,0.1,0.1,0,0,1
FINNIFTY13NOV2321000CE.NFO,2023-10-11,11:43:00,2023-11-13,0.1,0.1,0.1,0.1,0,0,1
FINNIFTY13NOV2321000CE.NFO,2023-10-11,11:44:00,2023-11-13,0.1,0.1,0.1,0.1,0,0,1
FINNIFTY13NOV2321000CE.NFO,2023-10-11,11:45:00,2023-11-13,0.1,0.1,0.1,0.1,0,0,1
FINNIFTY13NOV2321000CE.NFO,2023-10-11,11:46:00,2023-11-13,0.1,0.1,0.1,0.1,0,0,1
FINNIFTY13NOV2321000CE.NFO,2023-10-11,11:47:00,2023-11-13,0.1,0.1,0.1,0.1,0,0,1
FINNIFTY13NOV2321000CE.NFO,2023-10-11,11:48:00,2023-11-13,0.1,0.1,0.1,0.1,0,0,1
FINNIFTY13NOV2321000CE.NFO,2023-10-11,11:49:00,2023-11-13,0.1,0.1,0.1,0.1,0,0,1
FINNIFTY13NOV2321000CE.NFO,2023-10-11,11:50:00,2023-11-13,0.1,0.1,0.1,0.1,0,0,1
FINNIFTY13NOV2321000CE.NFO,2023-10-11,11:51:00,2023-11-13,0.1,0.1,0.1,0.1,0,0,1
FINNIFTY13NOV2321000CE.NFO,2023-10-11,11:52:00,2023-11-13,0.1,0.1,0.1,0.1,0,0,1
FINNIFTY13NOV2321000CE.NFO,2023-10-11,11:53:00,2023-11-13,0.1,0.1,0.1,0.1,0,0,1
FINNIFTY13NOV2321000CE.NFO,2023-10-11,11:54:00,2023-11-13,0.1,0.1,0.1,0.1,0,0,1
FINNIFTY13NOV2321000CE.NFO,2023-10-11,11:55:00,2023-11-13,0.1,0.1,0.1,0.1,0,0,1
FINNIFTY13NOV2321000CE.NFO,2023-10-11,11:56:00,2023-11-13,0.1,0.1,0.1,0.1,0,0,1
FINNIFTY13NOV2321000CE.NFO,2023-10-11,11:57:00,2023-11-13,0.1,0.1,0.1,0.1,0,0,1
FINNIFTY13NOV2321000CE.NFO,2023-10-11,11:58:00,2023-11-13,0.1,0.1,0.1,0.1,0,0,1
FINNIFTY13NOV2321000CE.NFO,2023-10-11,11:59:00,2023-11-13,0.1,0.1,0.1,0.1,0,0,1
FINNIFTY13NOV2321000CE.NFO,2023-10-11,12:00:00,2023-11-13,0.1,0.1,0.1,0.1,0,0,1
FINNIFTY13NOV2321000CE.NFO,2023-10-11,12:01:00,2023-11-13,0.1,0.1,0.1,0.1,0,0,1
FINNIFTY13NOV2321000CE.NFO,2023-10-11,12:02:00,2023-11-13,0.1,0.1,0.1,0.1,0,0,1
FINNIFTY13NOV2321000CE.NFO,2023-10-11,12:03:00,2023-11-13,0.1,0.1,0.1,0.1,0,0,1
FINNIFTY13NOV2321000CE.NFO,2023-10-11,12:04:00,2023-11-13,0.1,0.1,0.1,0.1,0,0,1
FINNIFTY13NOV2321000CE.NFO,2023-10-11,12:05:00,2023-11-13,0.1,0.1,0.1,0.1,0,0,1
FINNIFTY13NOV2321000CE.NFO,2023-10-11,12:06:00,2023-11-13,0.1,0.1,0.1,0.1,0,0,1
FINNIFTY13NOV2321000CE.NFO,2023-10-11,12:07:00,2023-11-13,0.1,0.1,0.1,0.1,0,0,1
FINNIFTY13NOV2321000CE.NFO,2023-10-11,12:08:00,2023-11-13,0.1,0.1,0.1,0.1,0,0,1
FINNIFTY13NOV2321000CE.NFO,2023-10-11,12:09:00,2023-11-13,0.1,0.1,0.1,0.1,0,0,1
FINNIFTY13NOV2321000CE.NFO,2023-10-11,12:10:00,2023-11-13,0.1,0.1,0.1,0.1,0,0,1
FINNIFTY13NOV2321000CE.NFO,2023-10-11,12:11:00,2023-11-13,0.1,0.1,0.1,0.1,0,0,1
FINNIFTY13NOV2321000CE.NFO,2023-10-11,12:12:00,2023-11-13,0.1,0.1,0.1,0.1,0,0,1
FINNIFTY13NOV2321000CE.NFO,2023-10-11,12:13:00,2023-11-13,0.1,0.1,0.1,0.1,0,0,1
FINNIFTY13NOV2321000CE.NFO,2023-10-11,12:14:00,2023-11-13,0.1,0.1,0.1,0.1,0,0,1
FINNIFTY13NOV2321000CE.NFO,2023-10-11,12:15:00,2023-11-13,0.1,0.1,0.1,0.1,0,0,1
FINNIFTY13NOV2321000CE.NFO,2023-10-11,12:16:00,2023-11-13,0.1,0.1,0.1,0.1,0,0,1
FINNIFTY13NOV2321000CE.NFO,2023-10-11,12:17:00,2023-11-13,0.1,0.1,0.1,0.1,0,0,1
FINNIFTY13NOV2321000CE.NFO,2023-10-11,12:18:00,2023-11-13,0.1,0.1,0.1,0.1,0,0,1
FINNIFTY13NOV2321000CE.NFO,2023-10-11,12:19:00,2023-11-13,0.1,0.1,0.1,0.1,0,0,1
FINNIFTY13NOV2321000CE.NFO,2023-10-11,12:20:00,2023-11-13,0.1,0.1,0.1,0.1,0,0,1
FINNIFTY13NOV2321000CE.NFO,2023-10-11,12:21:00,2023-11-13,0.1,0.1,0.1,0.1,0,0,1
FINNIFTY13NOV2321000CE.NFO,2023-10-11,12:22:00,2023-11-13,0.1,0.1,0.1,0.1,0,0,1
FINNIFTY13NOV2321000CE.NFO,2023-10-11,12:23:00,2023-11-13,0.1,0.1,0.1,0.1,0,0,1
FINNIFTY13NOV2321000CE.NFO,2023-10-11,12:24:00,2023-11-13,0.1,0.1,0.1,0.1,0,0,1
FINNIFTY13NOV2321000CE.NFO,2023-10-11,12:25:00,2023-11-13,0.1,0.1,0.1,0.1,0,0,1
FINNIFTY13NOV2321000CE.NFO,2023-10-11,12:26:00,2023-11-13,0.1,0.1,0.1,0.1,0,0,1
FINNIFTY13NOV2321000CE.NFO,2023-10-11,12:27:00,2023-11-13,0.1,0.1,0.1,0.1,0,0,1
FINNIFTY13NOV2321000CE.NFO,2023-10-11,12:28:00,2023-11-13,0.1,0.1,0.1,0.1,0,0,1
FINNIFTY13NOV2321000CE.NFO,2023-10-11,12:29:00,2023-11-13,0.1,0.1,0.1,0.1,0,0,1
FINNIFTY13NOV2321000CE.NFO,2023-10-11,12:30:00,2023-11-13,0.1,0.1,0.1,0.1,0,0,1
FINNIFTY13NOV2321000CE.NFO,2023-10-11,12:31:00,2023-11-13,0.1,0.1,0.1,0.1,0,0,1
FINNIFTY13NOV2321000CE.NFO,2023-10-11,12:32:00,2023-11-13,0.1,0.1,0.1,0.1,0,0,1
FINNIFTY13NOV2321000CE.NFO,2023-10-11,12:33:00,2023-11-13,0.1,0.1,0.1,0.1,0,0,1
FINNIFTY13NOV2321000CE.NFO,2023-10-11,12:34:00,2023-11-13,0.1,0.1,0.1,0.1,0,0,1
FINNIFTY13NOV2321000CE.NFO,2023-10-11,12:35:00,2023-11-13,0.1,0.1,0.1,0.1,0,0,1
FINNIFTY13NOV2321000CE.NFO,2023-10-11,12:36:00,2023-11-13,0.1,0.1,0.1,0.1,0,0,1
FINNIFTY13NOV2321000CE.NFO,2023-10-11,12:37:00,2023-11-13,0.1,0.1,0.1,0.1,0,0,1
FINNIFTY13NOV2321000CE.NFO,2023-10-11,12:38:00,2023-11-13,0.1,0.1,0.1,0.1,0,0,1
FINNIFTY13NOV2321000CE.NFO,2023-10-11,12:39:00,2023-11-13,0.1,0.1,0.1,0.1,0,0,1
FINNIFTY13NOV2321000CE.NFO,2023-10-11,12:40:00,2023-11-13,0.1,0.1,0.1,0.1,0,0,1
FINNIFTY13NOV2321000CE.NFO,2023-10-11,12:41:00,2023-11-13,0.1,0.1,0.1,0.1,0,0,1
FINNIFTY13NOV2321000CE.NFO,2023-10-11,12:42:00,2023-11-13,0.1,0.1,0.1,0.1,0,0,1
FINNIFTY13NOV2321000CE.NFO,2023-10-11,12:43:00,2023-11-13,0.1,0.1,0.1,0.1,0,0,1
FINNIFTY13NOV2321000CE.NFO,2023-10-11,12:44:00,2023-11-13,0.1,0.1,0.1,0.1,0,0,1
FINNIFTY13NOV2321000CE.NFO,2023-10-11,12:45:00,2023-11-13,0.1,0.1,0.1,0.1,0,0,1
FINNIFTY13NOV2321000CE.NFO,2023-10-11,12:46:00,2023-11-13,0.1,0.1,0.1,0.1,0,0,1
FINNIFTY13NOV2321000CE.NFO,2023-10-11,12:47:00,2023-11-13,0.1,0.1,0.1,0.1,0,0,1
FINNIFTY13NOV2321000CE.NFO,2023-10-11,12:48:00,2023-11-13,0.1,0.1,0.1,0.1,0,0,1
FINNIFTY13NOV2321000CE.NFO,2023-10-11,12:49:00,2023-11-13,0.1,0.1,0.1,0.1,0,0,1
FINNIFTY13NOV2321000CE.NFO,2023-10-11,12:50:00,2023-11-13,0.1,0.1,0.1,0.1,0,0,1
FINNIFTY13NOV2321000CE.NFO,2023-10-11,12:51:00,2023-11-13,0.1,0.1,0.1,0.1,0,0,1
FINNIFTY13NOV2321000CE.NFO,2023-10-11,12:52:00,2023-11-13,0.1,0.1,0.1,0.1,0,0,1
FINNIFTY13NOV2321000CE.NFO,2023-10-11,12:53:00,2023-11-13,0.1,0.1,0.1,0.1,0,0,1
FINNIFTY13NOV2321000CE.NFO,2023-10-11,12:54:00,2023-11-13,0.1,0.1,0.1,0.1,0,0,1
FINNIFTY13NOV2321000CE.NFO,2023-10-11,12:55:00,2023-11-13,0.1,0.1,0.1,0.1,0,0,1
FINNIFTY13NOV2321000CE.NFO,2023-10-11,12:56:00,2023-11-13,0.1,0.1,0.1,0.1,0,0,1
FINNIFTY13NOV2321000CE.NFO,2023-10-11,12:57:00,2023-11-13,0.1,0.1,0.1,0.1,0,0,1
FINNIFTY13NOV2321000CE.NFO,2023-10-11,12:58:00,2023-11-13,0.1,0.1,0.1,0.1,0,0,1
FINNIFTY13NOV2321000CE.NFO,2023-10-11,12:59:00,2023-11-13,0.1,0.1,0.1,0.1,0,0,1
FINNIFTY13NOV2321000CE.NFO,2023-10-11,13:00:00,2023-11-13,0.1,0.1,0.1,0.1,0,0,1
FINNIFTY13NOV2321000CE.NFO,2023-10-11,13:01:00,2023-11-13,0.1,0.1,0.1,0.1,0,0,1
FINNIFTY13NOV2321000CE.NFO,2023-10-11,13:02:00,2023-11-13,0.1,0.1,0.1,0.1,0,0,1
FINNIFTY13NOV2321000CE.NFO,2023-10-11,13:03:00,2023-11-13,0.1,0.1,0.1,0.1,0,0,1
FINNIFTY13NOV2321000CE.NFO,2023-10-11,13:04:00,2023-11-13,0.1,0.1,0.1,0.1,0,0,1
FINNIFTY13NOV2321000CE.NFO,2023-10-11,13:05:00,2023-11-13,0.1,0.1,0.1,0.1,0,0,1
FINNIFTY13NOV2321000CE.NFO,2023-10-11,13:06:00,2023-11-13,0.1,0.1,0.1,0.1,0,0,1
FINNIFTY13NOV2321000CE.NFO,2023-10-11,13:07:00,2023-11-13,0.1,0.1,0.1,0.1,0,0,1
FINNIFTY13NOV2321000CE.NFO,2023-10-11,13:08:00,2023-11-13,0.1,0.1,0.1,0.1,0,0,1
FINNIFTY13NOV2321000CE.NFO,2023-10-11,13:09:00,2023-11-13,0.1,0.1,0.1,0.1,0,0,1
FINNIFTY13NOV2321000CE.NFO,2023-10-11,13:10:00,2023-11-13,0.1,0.1,0.1,0.1,0,0,1
FINNIFTY13NOV2321000CE.NFO,2023-10-11,13:11:00,2023-11-13,0.1,0.1,0.1,0.1,0,0,1
FINNIFTY13NOV2321000CE.NFO,2023-10-11,13:12:00,2023-11-13,0.1,0.1,0.1,0.1,0,0,1
FINNIFTY13NOV2321000CE.NFO,2023-10-11,13:13:00,2023-11-13,0.1,0.1,0.1,0.1,0,0,1
FINNIFTY13NOV2321000CE.NFO,2023-10-11,13:14:00,2023-11-13,0.1,0.1,0.1,0.1,0,0,1
FINNIFTY13NOV2321000CE.NFO,2023-10-11,13:15:00,2023-11-13,0.1,0.1,0.1,0.1,0,0,1
FINNIFTY13NOV2321000CE.NFO,2023-10-11,13:16:00,2023-11-13,0.1,0.1,0.1,0.1,0,0,1
FINNIFTY13NOV2321000CE.NFO,2023-10-11,13:17:00,2023-11-13,0.1,0.1,0.1,0.1,0,0,1
FINNIFTY13NOV2321000CE.NFO,2023-10-11,13:18:00,2023-11-13,0.1,0.1,0.1,0.1,0,0,1
FINNIFTY13NOV2321000CE.NFO,2023-10-11,13:19:00,2023-11-13,0.1,0.1,0.1,0.1,0,0,1
FINNIFTY13NOV2321000CE.NFO,2023-10-11,13:20:00,2023-11-13,0.1,0.1,0.1,0.1,0,0,1
FINNIFTY13NOV2321000CE.NFO,2023-10-11,13:21:00,2023-11-13,0.1,0.1,0.1,0.1,0,0,1
FINNIFTY13NOV2321000CE.NFO,2023-10-11,13:22:00,2023-11-13,0.1,0.1,0.1,0.1,0,0,1
FINNIFTY13NOV2321000CE.NFO,2023-10-11,13:23:00,2023-11-13,0.1,0.1,0.1,0.1,0,0,1
FINNIFTY13NOV2321000CE.NFO,2023-10-11,13:24:00,2023-11-13,0.1,0.1,0.1,0.1,0,0,1
FINNIFTY13NOV2321000CE.NFO,2023-10-11,13:25:00,2023-11-13,0.1,0.1,0.1,0.1,0,0,1
FINNIFTY13NOV2321000CE.NFO,2023-10-11,13:26:00,2023-11-13,0.1,0.1,0.1,0.1,0,0,1
FINNIFTY13NOV2321000CE.NFO,2023-10-11,13:27:00,2023-11-13,0.1,0.1,0.1,0.1,0,0,1
FINNIFTY13NOV2321000CE.NFO,2023-10-11,13:28:00,2023-11-13,0.1,0.1,0.1,0.1,0,0,1
FINNIFTY13NOV2321000CE.NFO,2023-10-11,13:29:00,2023-11-13,0.1,0.1,0.1,0.1,0,0,1
FINNIFTY13NOV2321000CE.NFO,2023-10-11,13:30:00,2023-11-13,0.1,0.1,0.1,0.1,0,0,1
FINNIFTY13NOV2321000CE.NFO,2023-10-11,13:31:00,2023-11-13,0.1,0.1,0.1,0.1,0,0,1
FINNIFTY13NOV2321000CE.NFO,2023-10-11,13:32:00,2023-11-13,0.1,0.1,0.1,0.1,0,0,1
FINNIFTY13NOV2321000CE.NFO,2023-10-11,13:33:00,2023-11-13,0.1,0.1,0.1,0.1,0,0,1
FINNIFTY13NOV2321000CE.NFO,2023-10-11,13:34:00,2023-11-13,0.1,0.1,0.1,0.1,0,0,1
FINNIFTY13NOV2321000CE.NFO,2023-10-11,13:35:00,2023-11-13,0.1,0.1,0.1,0.1,0,0,1
FINNIFTY13NOV2321000CE.NFO,2023-10-11,13:36:00,2023-11-13,0.1,0.1,0.1,0.1,0,0,1
FINNIFTY13NOV2321000CE.NFO,2023-10-11,13:37:00,2023-11-13,0.1,0.1,0.1,0.1,0,0,1
FINNIFTY13NOV2321000CE.NFO,2023-10-11,13:38:00,2023-11-13,0.1,0.1,0.1,0.1,0,0,1
FINNIFTY13NOV2321000CE.NFO,2023-10-11,13:39:00,2023-11-13,0.1,0.1,0.1,0.1,0,0,1
FINNIFTY13NOV2321000CE.NFO,2023-10-11,13:40:00,2023-11-13,0.1,0.1,0.1,0.1,0,0,1
FINNIFTY13NOV2321000CE.NFO,2023-10-11,13:41:00,2023-11-13,0.1,0.1,0.1,0.1,0,0,1
FINNIFTY13NOV2321000CE.NFO,2023-10-11,13:42:00,2023-11-13,0.1,0.1,0.1,0.1,0,0,1
FINNIFTY13NOV2321000CE.NFO,2023-10-11,13:43:00,2023-11-13,0.1,0.1,0.1,0.1,0,0,1
FINNIFTY13NOV2321000CE.NFO,2023-10-11,13:44:00,2023-11-13,0.1,0.1,0.1,0.1,0,0,1
FINNIFTY13NOV2321000CE.NFO,2023-10-11,13:45:00,2023-11-13,0.1,0.1,0.1,0.1,0,0,1
FINNIFTY13NOV2321000CE.NFO,2023-10-11,13:46:00,2023-11-13,0.1,0.1,0.1,0.1,0,0,1
FINNIFTY13NOV2321000CE.NFO,2023-10-11,13:47:00,2023-11-13,0.1,0.1,0.1,0.1,0,0,1
FINNIFTY13NOV2321000CE.NFO,2023-10-11,13:48:00,2023-11-13,0.1,0.1,0.1,0.1,0,0,1
FINNIFTY13NOV2321000CE.NFO,2023-10-11,13:49:00,2023-11-13,0.1,0.1,0.1,0.1,0,0,1
FINNIFTY13NOV2321000CE.NFO,2023-10-11,13:50:00,2023-11-13,0.1,0.1,0.1,0.1,0,0,1
FINNIFTY13NOV2321000CE.NFO,2023-10-11,13:51:00,2023-11-13,0.1,0.1,0.1,0.1,0,0,1
FINNIFTY13NOV2321000CE.NFO,2023-10-11,13:52:00,2023-11-13,0.1,0.1,0.1,0.1,0,0,1
FINNIFTY13NOV2321000CE.NFO,2023-10-11,13:53:00,2023-11-13,0.1,0.1,0.1,0.1,0,0,1
FINNIFTY13NOV2321000CE.NFO,2023-10-11,13:54:00,2023-11-13,0.1,0.1,0.1,0.1,0,0,1
FINNIFTY13NOV2321000CE.NFO,2023-10-11,13:55:00,2023-11-13,0.1,0.1,0.1,0.1,0,0,1
FINNIFTY13NOV2321000CE.NFO,2023-10-11,13:56:00,2023-11-13,0.1,0.1,0.1,0.1,0,0,1
FINNIFTY13NOV2321000CE.NFO,2023-10-11,13:57:00,2023-11-13,0.1,0.1,0.1,0.1,0,0,1
FINNIFTY13NOV2321000CE.NFO,2023-10-11,13:58:00,2023-11-13,0.1,0.1,0.1,0.1,0,0,1
FINNIFTY13NOV2321000CE.NFO,2023-10-11,13:59:00,2023-11-13,0.1,0.1,0.1,0.1,0,0,1
FINNIFTY13NOV2321000CE.NFO,2023-10-11,14:00:00,2023-11-13,0.1,0.1,0.1,0.1,0,0,1
FINNIFTY13NOV2321000CE.NFO,2023-10-11,14:01:00,2023-11-13,0.1,0.1,0.1,0.1,0,0,1
FINNIFTY13NOV2321000CE.NFO,2023-10-11,14:02:00,2023-11-13,0.1,0.1,0.1,0.1,0,0,1
FINNIFTY13NOV2321000CE.NFO,2023-10-11,14:03:00,2023-11-13,0.1,0.1,0.1,0.1,0,0,1
FINNIFTY13NOV2321000CE.NFO,2023-10-11,14:04:00,2023-11-13,0.1,0.1,0.1,0.1,0,0,1
FINNIFTY13NOV2321000CE.NFO,2023-10-11,14:05:00,2023-11-13,0.1,0.1,0.1,0.1,0,0,1
FINNIFTY13NOV2321000CE.NFO,2023-10-11,14:06:00,2023-11-13,0.1,0.1,0.1,0.1,0,0,1
FINNIFTY13NOV2321000CE.NFO,2023-10-11,14:07:00,2023-11-13,0.1,0.1,0.1,0.1,0,0,1
FINNIFTY13NOV2321000CE.NFO,2023-10-11,14:08:00,2023-11-13,0.1,0.1,0.1,0.1,0,0,1
FINNIFTY13NOV2321000CE.NFO,2023-10-11,14:09:00,2023-11-13,0.1,0.1,0.1,0.1,0,0,1
FINNIFTY13NOV2321000CE.NFO,2023-10-11,14:10:00,2023-11-13,0.1,0.1,0.1,0.1,0,0,1
FINNIFTY13NOV2321000CE.NFO,2023-10-11,14:11:00,2023-11-13,0.1,0.1,0.1,0.1,0,0,1
FINNIFTY13NOV2321000CE.NFO,2023-10-11,14:12:00,2023-11-13,0.1,0.1,0.1,0.1,0,0,1
FINNIFTY13NOV2321000CE.NFO,2023-10-11,14:13:00,2023-11-13,0.1,0.1,0.1,0.1,0,0,1
FINNIFTY13NOV2321000CE.NFO,2023-10-11,14:14:00,2023-11-13,0.1,0.1,0.1,0.1,0,0,1
FINNIFTY13NOV2321000CE.NFO,2023-10-11,14:15:00,2023-11-13,0.1,0.1,0.1,0.1,0,0,1
FINNIFTY13NOV2321000CE.NFO,2023-10-11,14:16:00,2023-11-13,0.1,0.1,0.1,0.1,0,0,1
FINNIFTY13NOV2321000CE.NFO,2023-10-11,14:17:00,2023-11-13,0.1,0.1,0.1,0.1,0,0,1
FINNIFTY13NOV2321000CE.NFO,2023-10-11,14:18:00,2023-11-13,0.1,0.1,0.1,0.1,0,0,1
FINNIFTY13NOV2321000CE.NFO,2023-10-11,14:19:00,2023-11-13,0.1,0.1,0.1,0.1,0,0,1
FINNIFTY13NOV2321000CE.NFO,2023-10-11,14:20:00,2023-11-13,0.1,0.1,0.1,0.1,0,0,1
FINNIFTY13NOV2321000CE.NFO,2023-10-11,14:21:00,2023-11-13,0.1,0.1,0.1,0.1,0,0,1
FINNIFTY13NOV2321000CE.NFO,2023-10-11,14:22:00,2023-11-13,0.1,0.1,0.1,0.1,0,0,1
FINNIFTY13NOV2321000CE.NFO,2023-10-11,14:23:00,2023-11-13,0.1,0.1,0.1,0.1,0,0,1
FINNIFTY13NOV2321000CE.NFO,2023-10-11,14:24:00,2023-11-13,0.1,0.1,0.1,0.1,0,0,1
FINNIFTY13NOV2321000CE.NFO,2023-10-11,14:25:00,2023-11-13,0.1,0.1,0.1,0.1,0,0,1
FINNIFTY13NOV2321000CE.NFO,2023-10-11,14:26:00,2023-11-13,0.1,0.1,0.1,0.1,0,0,1
FINNIFTY13NOV2321000CE.NFO,2023-10-11,14:27:00,2023-11-13,0.1,0.1,0.1,0.1,0,0,1
FINNIFTY13NOV2321000CE.NFO,2023-10-11,14:28:00,2023-11-13,0.1,0.1,0.1,0.1,0,0,1
FINNIFTY13NOV2321000CE.NFO,2023-10-11,14:29:00,2023-11-13,0.1,0.1,0.1,0.1,0,0,1
FINNIFTY13NOV2321000CE.NFO,2023-10-11,14:30:00,2023-11-13,0.1,0.1,0.1,0.1,0,0,1
FINNIFTY13NOV2321000CE.NFO,2023-10-11,14:31:00,2023-11-13,0.1,0.1,0.1,0.1,0,0,1
FINNIFTY13NOV2321000CE.NFO,2023-10-11,14:32:00,2023-11-13,0.1,0.1,0.1,0.1,0,0,1
FINNIFTY13NOV2321000CE.NFO,2023-10-11,14:33:00,2023-11-13,0.1,0.1,0.1,0.1,0,0,1
FINNIFTY13NOV2321000CE.NFO,2023-10-11,14:34:00,2023-11-13,0.1,0.1,0.1,0.1,0,0,1
FINNIFTY13NOV2321000CE.NFO,2023-10-11,14:35:00,2023-11-13,0.1,0.1,0.1,0.1,0,0,1
FINNIFTY13NOV2321000CE.NFO,2023-10-11,14:36:00,2023-11-13,0.1,0.1,0.1,0.1,0,0,1
FINNIFTY13NOV2321000CE.NFO,2023-10-11,14:37:00,2023-11-13,0.1,0.1,0.1,0.1,0,0,1
FINNIFTY13NOV2321000CE.NFO,2023-10-11,14:38:00,2023-11-13,0.1,0.1,0.1,0.1,0,0,1
FINNIFTY13NOV2321000CE.NFO,2023-10-11,14:39:00,2023-11-13,0.1,0.1,0.1,0.1,0,0,1
FINNIFTY13NOV2321000CE.NFO,2023-10-11,14:40:00,2023-11-13,0.1,0.1,0.1,0.1,0,0,1
FINNIFTY13NOV2321000CE.NFO,2023-10-11,14:41:00,2023-11-13,0.1,0.1,0.1,0.1,0,0,1
FINNIFTY13NOV2321000CE.NFO,2023-10-11,14:42:00,2023-11-13,0.1,0.1,0.1,0.1,0,0,1
FINNIFTY13NOV2321000CE.NFO,2023-10-11,14:43:00,2023-11-13,0.1,0.1,0.1,0.1,0,0,1
FINNIFTY13NOV2321000CE.NFO,2023-10-11,14:44:00,2023-11-13,0.1,0.1,0.1,0.1,0,0,1
FINNIFTY13NOV2321000CE.NFO,2023-10-11,14:45:00,2023-11-13,0.1,0.1,0.1,0.1,0,0,1
FINNIFTY13NOV2321000CE.NFO,2023-10-11,14:46:00,2023-11-13,0.1,0.1,0.1,0.1,0,0,1
FINNIFTY13NOV2321000CE.NFO,2023-10-11,14:47:00,2023-11-13,0.1,0.1,0.1,0.1,0,0,1
FINNIFTY13NOV2321000CE.NFO,2023-10-11,14:48:00,2023-11-13,0.1,0.1,0.1,0.1,0,0,1
FINNIFTY13NOV2321000CE.NFO,2023-10-11,14:49:00,2023-11-13,0.1,0.1,0.1,0.1,0,0,1
FINNIFTY13NOV2321000CE.NFO,2023-10-11,14:50:00,2023-11-13,0.1,0.1,0.1,0.1,0,0,1
FINNIFTY13NOV2321000CE.NFO,2023-10-11,14:51:00,2023-11-13,0.1,0.1,0.1,0.1,0,0,1
FINNIFTY13NOV2321000CE.NFO,2023-10-11,14:52:00,2023-11-13,0.1,0.1,0.1,0.1,0,0,1
FINNIFTY13NOV2321000CE.NFO,2023-10-11,14:53:00,2023-11-13,0.1,0.1,0.1,0.1,0,0,1
FINNIFTY13NOV2321000CE.NFO,2023-10-11,14:54:00,2023-11-13,0.1,0.1,0.1,0.1,0,0,1
FINNIFTY13NOV2321000CE.NFO,2023-10-11,14:55:00,2023-11-13,0.1,0.1,0.1,0.1,0,0,1
FINNIFTY13NOV2321000CE.NFO,2023-10-11,14:56:00,2023-11-13,0.1,0.1,0.1,0.1,0,0,1
FINNIFTY13NOV2321000CE.NFO,2023-10-11,14:57:00,2023-11-13,0.1,0.1,0.1,0.1,0,0,1
FINNIFTY13NOV2321000CE.NFO,2023-10-11,14:58:00,2023-11-13,0.1,0.1,0.1,0.1,0,0,1
FINNIFTY13NOV2321000CE.NFO,2023-10-11,14:59:00,2023-11-13,0.1,0.1,0.1,0.1,0,0,1
FINNIFTY13NOV2321000CE.NFO,2023-10-11,15:00:00,2023-11-13,0.1,0.1,0.1,0.1,0,0,1
FINNIFTY13NOV2321000CE.NFO,2023-10-11,15:01:00,2023-11-13,0.1,0.1,0.1,0.1,0,0,1
FINNIFTY13NOV2321000CE.NFO,2023-10-11,15:02:00,2023-11-13,0.1,0.1,0.1,0.1,0,0,1
FINNIFTY13NOV2321000CE.NFO,2023-10-11,15:03:00,2023-11-13,0.1,0.1,0.1,0.1,0,0,1
FINNIFTY13NOV2321000CE.NFO,2023-10-11,15:04:00,2023-11-13,0.1,0.1,0.1,0.1,0,0,1
FINNIFTY13NOV2321000CE.NFO,2023-10-11,15:05:00,2023-11-13,0.1,0.1,0.1,0.1,0,0,1
FINNIFTY13NOV2321000CE.NFO,2023-10-11,15:06:00,2023-11-13,0.1,0.1,0.1,0.1,0,0,1
FINNIFTY13NOV2321000CE.NFO,2023-10-11,15:07:00,2023-11-13,0.1,0.1,0.1,0.1,0,0,1
FINNIFTY13NOV2321000CE.NFO,2023-10-11,15:08:00,2023-11-13,0.1,0.1,0.1,0.1,0,0,1
FINNIFTY13NOV2321000CE.NFO,2023-10-11,15:09:00,2023-11-13,0.1,0.1,0.1,0.1,0,0,1
FINNIFTY13NOV2321000CE.NFO,2023-10-11,15:10:00,2023-11-13,0.1,0.1,0.1,0.1,0,0,1
FINNIFTY13NOV2321000CE.NFO,2023-10-11,15:11:00,2023-11-13,0.1,0.1,0.1,0.1,0,0,1
FINNIFTY13NOV2321000CE.NFO,2023-10-11,15:12:00,2023-11-13,0.1,0.1,0.1,0.1,0,0,1
FINNIFTY13NOV2321000CE.NFO,2023-10-11,15:13:00,2023-11-13,0.1,0.1,0.1,0.1,0,0,1
FINNIFTY13NOV2321000CE.NFO,2023-10-11,15:14:00,2023-11-13,0.1,0.1,0.1,0.1,0,0,1
FINNIFTY13NOV2321000CE.NFO,2023-10-11,15:15:00,2023-11-13,0.1,0.1,0.1,0.1,0,0,1
FINNIFTY13NOV2321000CE.NFO,2023-10-11,15:16:00,2023-11-13,0.1,0.1,0.1,0.1,0,0,1
FINNIFTY13NOV2321000CE.NFO,2023-10-11,15:17:00,2023-11-13,0.1,0.1,0.1,0.1,0,0,1
FINNIFTY13NOV2321000CE.NFO,2023-10-11,15:18:00,2023-11-13,0.1,0.1,0.1,0.1,0,0,1
FINNIFTY13NOV2321000CE.NFO,2023-10-11,15:19:00,2023-11-13,0.1,0.1,0.1,0.1,0,0,1
FINNIFTY13NOV2321000CE.NFO,2023-10-11,15:20:00,2023-11-13,0.1,0.1,0.1,0.1,0,0,1
FINNIFTY13NOV2321000CE.NFO,2023-10-11,15:21:00,2023-11-13,0.1,0.1,0.1,0.1,0,0,1
FINNIFTY13NOV2321000CE.NFO,2023-10-11,15:22:00,2023-11-13,0.1,0.1,0.1,0.1,0,0,1
FINNIFTY13NOV2321000CE.NFO,2023-10-11,15:23:00,2023-11-13,0.1,0.1,0.1,0.1,0,0,1
FINNIFTY13NOV2321000CE.NFO,2023-10-11,15:24:00,2023-11-13,0.1,0.1,0.1,0.1,0,0,1
FINNIFTY13NOV2321000CE.NFO,2023-10-11,15:25:00,2023-11-13,0.1,0.1,0.1,0.1,0,0,1
FINNIFTY13NOV2321000CE.NFO,2023-10-11,15:26:00,2023-11-13,0.1,0.1,0.1,0.1,0,0,1
FINNIFTY13NOV2321000CE.NFO,2023-10-11,15:27:00,2023-11-13,0.1,0.1,0.1,0.1,0,0,1
FINNIFTY13NOV2321000CE.NFO,2023-10-11,15:28:00,2023-11-13,0.1,0.1,0.1,0.1,0,0,1
FINNIFTY13NOV2321000CE.NFO,2023-10-11,15:29:00,2023-11-13,0.1,0.1,0.1,0.1,0,0,1
FINNIFTY13NOV2321000CE.NFO,2023-10-11,15:30:00,2023-11-13,0.1,0.1,0.1,0.1,0,0,1
FINNIFTY13NOV2321000CE.NFO,2023-10-12,09:15:00,2023-11-13,0.1,0.1,0.1,0.1,0,0,0
FINNIFTY13NOV2321000CE.NFO,2023-10-12,09:16:00,2023-11-13,0.1,0.1,0.1,0.1,0,0,1
FINNIFTY13NOV2321000CE.NFO,2023-10-12,09:17:00,2023-11-13,0.1,0.1,0.1,0.1,0,0,1
FINNIFTY13NOV2321000CE.NFO,2023-10-12,09:18:00,2023-11-13,0.1,0.1,0.1,0.1,0,0,1
FINNIFTY13NOV2321000CE.NFO,2023-10-12,09:19:00,2023-11-13,0.1,0.1,0.1,0.1,0,0,1
FINNIFTY13NOV2321000CE.NFO,2023-10-12,09:20:00,2023-11-13,0.1,0.1,0.1,0.1,0,0,1
FINNIFTY13NOV2321000CE.NFO,2023-10-12,09:21:00,2023-11-13,0.1,0.1,0.1,0.1,0,0,1
FINNIFTY13NOV2321000CE.NFO,2023-10-12,09:22:00,2023-11-13,0.1,0.1,0.1,0.1,0,0,1
FINNIFTY13NOV2321000CE.NFO,2023-10-12,09:23:00,2023-11-13,0.1,0.1,0.1,0.1,0,0,1
FINNIFTY13NOV2321000CE.NFO,2023-10-12,09:24:00,2023-11-13,0.1,0.1,0.1,0.1,0,0,1
FINNIFTY13NOV2321000CE.NFO,2023-10-12,09:25:00,2023-11-13,0.1,0.1,0.1,0.1,0,0,1
FINNIFTY13NOV2321000CE.NFO,2023-10-12,09:26:00,2023-11-13,0.1,0.1,0.1,0.1,0,0,1
FINNIFTY13NOV2321000CE.NFO,2023-10-12,09:27:00,2023-11-13,0.1,0.1,0.1,0.1,0,0,1
FINNIFTY13NOV2321000CE.NFO,2023-10-12,09:28:00,2023-11-13,0.1,0.1,0.1,0.1,0,0,1
FINNIFTY13NOV2321000CE.NFO,2023-10-12,09:29:00,2023-11-13,0.1,0.1,0.1,0.1,0,0,1
FINNIFTY13NOV2321000CE.NFO,2023-10-12,09:30:00,2023-11-13,0.1,0.1,0.1,0.1,0,0,1
FINNIFTY13NOV2321000CE.NFO,2023-10-12,09:31:00,2023-11-13,0.1,0.1,0.1,0.1,0,0,1
FINNIFTY13NOV2321000CE.NFO,2023-10-12,09:32:00,2023-11-13,0.1,0.1,0.1,0.1,0,0,1
FINNIFTY13NOV2321000CE.NFO,2023-10-12,09:33:00,2023-11-13,0.1,0.1,0.1,0.1,0,0,1
FINNIFTY13NOV2321000CE.NFO,2023-10-12,09:34:00,2023-11-13,0.1,0.1,0.1,0.1,0,0,1
FINNIFTY13NOV2321000CE.NFO,2023-10-12,09:35:00,2023-11-13,0.1,0.1,0.1,0.1,0,0,1
FINNIFTY13NOV2321000CE.NFO,2023-10-12,09:36:00,2023-11-13,0.1,0.1,0.1,0.1,0,0,1
FINNIFTY13NOV2321000CE.NFO,2023-10-12,09:37:00,2023-11-13,0.1,0.1,0.1,0.1,0,0,1
FINNIFTY13NOV2321000CE.NFO,2023-10-12,09:38:00,2023-11-13,0.1,0.1,0.1,0.1,0,0,1
FINNIFTY13NOV2321000CE.NFO,2023-10-12,09:39:00,2023-11-13,0.1,0.1,0.1,0.1,0,0,1
FINNIFTY13NOV2321000CE.NFO,2023-10-12,09:40:00,2023-11-13,0.1,0.1,0.1,0.1,0,0,1
FINNIFTY13NOV2321000CE.NFO,2023-10-12,09:41:00,2023-11-13,0.1,0.1,0.1,0.1,0,0,1
FINNIFTY13NOV2321000CE.NFO,2023-10-12,09:42:00,2023-11-13,0.1,0.1,0.1,0.1,0,0,1
FINNIFTY13NOV2321000CE.NFO,2023-10-12,09:43:00,2023-11-13,0.1,0.1,0.1,0.1,0,0,1
FINNIFTY13NOV2321000CE.NFO,2023-10-12,09:44:00,2023-11-13,0.1,0.1,0.1,0.1,0,0,1
FINNIFTY13NOV2321000CE.NFO,2023-10-12,09:45:00,2023-11-13,0.1,0.1,0.1,0.1,0,0,1
FINNIFTY13NOV2321000CE.NFO,2023-10-12,09:46:00,2023-11-13,0.1,0.1,0.1,0.1,0,0,1
FINNIFTY13NOV2321000CE.NFO,2023-10-12,09:47:00,2023-11-13,0.1,0.1,0.1,0.1,0,0,1
FINNIFTY13NOV2321000CE.NFO,2023-10-12,09:48:00,2023-11-13,0.1,0.1,0.1,0.1,0,0,1
FINNIFTY13NOV2321000CE.NFO,2023-10-12,09:49:00,2023-11-13,0.1,0.1,0.1,0.1,0,0,1
FINNIFTY13NOV2321000CE.NFO,2023-10-12,09:50:00,2023-11-13,0.1,0.1,0.1,0.1,0,0,1
FINNIFTY13NOV2321000CE.NFO,2023-10-12,09:51:00,2023-11-13,0.1,0.1,0.1,0.1,0,0,1
FINNIFTY13NOV2321000CE.NFO,2023-10-12,09:52:00,2023-11-13,0.1,0.1,0.1,0.1,0,0,1
FINNIFTY13NOV2321000CE.NFO,2023-10-12,09:53:00,2023-11-13,0.1,0.1,0.1,0.1,0,0,1
FINNIFTY13NOV2321000CE.NFO,2023-10-12,09:54:00,2023-11-13,0.1,0.1,0.1,0.1,0,0,1
FINNIFTY13NOV2321000CE.NFO,2023-10-12,09:55:00,2023-11-13,0.1,0.1,0.1,0.1,0,0,1
FINNIFTY13NOV2321000CE.NFO,2023-10-12,09:56:00,2023-11-13,0.1,0.1,0.1,0.1,0,0,1
FINNIFTY13NOV2321000CE.NFO,2023-10-12,09:57:00,2023-11-13,0.1,0.1,0.1,0.1,0,0,1
FINNIFTY13NOV2321000CE.NFO,2023-10-12,09:58:00,2023-11-13,0.1,0.1,0.1,0.1,0,0,1
FINNIFTY13NOV2321000CE.NFO,2023-10-12,09:59:00,2023-11-13,0.1,0.1,0.1,0.1,0,0,1
FINNIFTY13NOV2321000CE.NFO,2023-10-12,10:00:00,2023-11-13,0.1,0.1,0.1,0.1,0,0,1
FINNIFTY13NOV2321000CE.NFO,2023-10-12,10:01:00,2023-11-13,0.1,0.1,0.1,0.1,0,0,1
FINNIFTY13NOV2321000CE.NFO,2023-10-12,10:02:00,2023-11-13,0.1,0.1,0.1,0.1,0,0,1
FINNIFTY13NOV2321000CE.NFO,2023-10-12,10:03:00,2023-11-13,0.1,0.1,0.1,0.1,0,0,1
FINNIFTY13NOV2321000CE.NFO,2023-10-12,10:04:00,2023-11-13,0.1,0.1,0.1,0.1,0,0,1
FINNIFTY13NOV2321000CE.NFO,2023-10-12,10:05:00,2023-11-13,0.1,0.1,0.1,0.1,0,0,1
FINNIFTY13NOV2321000CE.NFO,2023-10-12,10:06:00,2023-11-13,0.1,0.1,0.1,0.1,0,0,1
FINNIFTY13NOV2321000CE.NFO,2023-10-12,10:07:00,2023-11-13,0.1,0.1,0.1,0.1,0,0,1
FINNIFTY13NOV2321000CE.NFO,2023-10-12,10:08:00,2023-11-13,0.1,0.1,0.1,0.1,0,0,1
FINNIFTY13NOV2321000CE.NFO,2023-10-12,10:09:00,2023-11-13,0.1,0.1,0.1,0.1,0,0,1
FINNIFTY13NOV2321000CE.NFO,2023-10-12,10:10:00,2023-11-13,0.1,0.1,0.1,0.1,0,0,1
FINNIFTY13NOV2321000CE.NFO,2023-10-12,10:11:00,2023-11-13,0.1,0.1,0.1,0.1,0,0,1
FINNIFTY13NOV2321000CE.NFO,2023-10-12,10:12:00,2023-11-13,0.1,0.1,0.1,0.1,0,0,1
FINNIFTY13NOV2321000CE.NFO,2023-10-12,10:13:00,2023-11-13,0.1,0.1,0.1,0.1,0,0,1
FINNIFTY13NOV2321000CE.NFO,2023-10-12,10:14:00,2023-11-13,0.1,0.1,0.1,0.1,0,0,1
FINNIFTY13NOV2321000CE.NFO,2023-10-12,10:15:00,2023-11-13,0.1,0.1,0.1,0.1,0,0,1
FINNIFTY13NOV2321000CE.NFO,2023-10-12,10:16:00,2023-11-13,0.1,0.1,0.1,0.1,0,0,1
FINNIFTY13NOV2321000CE.NFO,2023-10-12,10:17:00,2023-11-13,0.1,0.1,0.1,0.1,0,0,1
FINNIFTY13NOV2321000CE.NFO,2023-10-12,10:18:00,2023-11-13,0.1,0.1,0.1,0.1,0,0,1
FINNIFTY13NOV2321000CE.NFO,2023-10-12,10:19:00,2023-11-13,0.1,0.1,0.1,0.1,0,0,1
FINNIFTY13NOV2321000CE.NFO,2023-10-12,10:20:00,2023-11-13,0.1,0.1,0.1,0.1,0,0,1
FINNIFTY13NOV2321000CE.NFO,2023-10-12,10:21:00,2023-11-13,0.1,0.1,0.1,0.1,0,0,1
FINNIFTY13NOV2321000CE.NFO,2023-10-12,10:22:00,2023-11-13,0.1,0.1,0.1,0.1,0,0,1
FINNIFTY13NOV2321000CE.NFO,2023-10-12,10:23:00,2023-11-13,0.1,0.1,0.1,0.1,0,0,1
FINNIFTY13NOV2321000CE.NFO,2023-10-12,10:24:00,2023-11-13,0.1,0.1,0.1,0.1,0,0,1
FINNIFTY13NOV2321000CE.NFO,2023-10-12,10:25:00,2023-11-13,0.1,0.1,0.1,0.1,0,0,1
FINNIFTY13NOV2321000CE.NFO,2023-10-12,10:26:00,2023-11-13,0.1,0.1,0.1,0.1,0,0,1
FINNIFTY13NOV2321000CE.NFO,2023-10-12,10:27:00,2023-11-13,0.1,0.1,0.1,0.1,0,0,1
FINNIFTY13NOV2321000CE.NFO,2023-10-12,10:28:00,2023-11-13,0.1,0.1,0.1,0.1,0,0,1
FINNIFTY13NOV2321000CE.NFO,2023-10-12,10:29:00,2023-11-13,0.1,0.1,0.1,0.1,0,0,1
FINNIFTY13NOV2321000CE.NFO,2023-10-12,10:30:00,2023-11-13,0.1,0.1,0.1,0.1,0,0,1
FINNIFTY13NOV2321000CE.NFO,2023-10-12,10:31:00,2023-11-13,0.1,0.1,0.1,0.1,0,0,1
FINNIFTY13NOV2321000CE.NFO,2023-10-12,10:32:00,2023-11-13,0.1,0.1,0.1,0.1,0,0,1
FINNIFTY13NOV2321000CE.NFO,2023-10-12,10:33:00,2023-11-13,0.1,0.1,0.1,0.1,0,0,1
FINNIFTY13NOV2321000CE.NFO,2023-10-12,10:34:00,2023-11-13,0.1,0.1,0.1,0.1,0,0,1
FINNIFTY13NOV2321000CE.NFO,2023-10-12,10:35:00,2023-11-13,0.1,0.1,0.1,0.1,0,0,1
FINNIFTY13NOV2321000CE.NFO,2023-10-12,10:36:00,2023-11-13,0.1,0.1,0.1,0.1,0,0,1
FINNIFTY13NOV2321000CE.NFO,2023-10-12,10:37:00,2023-11-13,0.1,0.1,0.1,0.1,0,0,1
FINNIFTY13NOV2321000CE.NFO,2023-10-12,10:38:00,2023-11-13,0.1,0.1,0.1,0.1,0,0,1
FINNIFTY13NOV2321000CE.NFO,2023-10-12,10:39:00,2023-11-13,0.1,0.1,0.1,0.1,0,0,1
FINNIFTY13NOV2321000CE.NFO,2023-10-12,10:40:00,2023-11-13,0.1,0.1,0.1,0.1,0,0,1
FINNIFTY13NOV2321000CE.NFO,2023-10-12,10:41:00,2023-11-13,0.1,0.1,0.1,0.1,0,0,1
FINNIFTY13NOV2321000CE.NFO,2023-10-12,10:42:00,2023-11-13,0.1,0.1,0.1,0.1,0,0,1
FINNIFTY13NOV2321000CE.NFO,2023-10-12,10:43:00,2023-11-13,0.1,0.1,0.1,0.1,0,0,1
FINNIFTY13NOV2321000CE.NFO,2023-10-12,10:44:00,2023-11-13,0.1,0.1,0.1,0.1,0,0,1
FINNIFTY13NOV2321000CE.NFO,2023-10-12,10:45:00,2023-11-13,0.1,0.1,0.1,0.1,0,0,1
FINNIFTY13NOV2321000CE.NFO,2023-10-12,10:46:00,2023-11-13,0.1,0.1,0.1,0.1,0,0,1
FINNIFTY13NOV2321000CE.NFO,2023-10-12,10:47:00,2023-11-13,0.1,0.1,0.1,0.1,0,0,1
FINNIFTY13NOV2321000CE.NFO,2023-10-12,10:48:00,2023-11-13,0.1,0.1,0.1,0.1,0,0,1
FINNIFTY13NOV2321000CE.NFO,2023-10-12,10:49:00,2023-11-13,0.1,0.1,0.1,0.1,0,0,1
FINNIFTY13NOV2321000CE.NFO,2023-10-12,10:50:00,2023-11-13,0.1,0.1,0.1,0.1,0,0,1
FINNIFTY13NOV2321000CE.NFO,2023-10-12,10:51:00,2023-11-13,0.1,0.1,0.1,0.1,0,0,1
FINNIFTY13NOV2321000CE.NFO,2023-10-12,10:52:00,2023-11-13,0.1,0.1,0.1,0.1,0,0,1
FINNIFTY13NOV2321000CE.NFO,2023-10-12,10:53:00,2023-11-13,0.1,0.1,0.1,0.1,0,0,1
FINNIFTY13NOV2321000CE.NFO,2023-10-12,10:54:00,2023-11-13,0.1,0.1,0.1,0.1,0,0,1
FINNIFTY13NOV2321000CE.NFO,2023-10-12,10:55:00,2023-11-13,0.1,0.1,0.1,0.1,0,0,1
FINNIFTY13NOV2321000CE.NFO,2023-10-12,10:56:00,2023-11-13,0.1,0.1,0.1,0.1,0,0,1
FINNIFTY13NOV2321000CE.NFO,2023-10-12,10:57:00,2023-11-13,0.1,0.1,0.1,0.1,0,0,1
FINNIFTY13NOV2321000CE.NFO,2023-10-12,10:58:00,2023-11-13,0.1,0.1,0.1,0.1,0,0,1
FINNIFTY13NOV2321000CE.NFO,2023-10-12,10:59:00,2023-11-13,0.1,0.1,0.1,0.1,0,0,1
FINNIFTY13NOV2321000CE.NFO,2023-10-12,11:00:00,2023-11-13,0.1,0.1,0.1,0.1,0,0,1
FINNIFTY13NOV2321000CE.NFO,2023-10-12,11:01:00,2023-11-13,0.1,0.1,0.1,0.1,0,0,1
FINNIFTY13NOV2321000CE.NFO,2023-10-12,11:02:00,2023-11-13,0.1,0.1,0.1,0.1,0,0,1
FINNIFTY13NOV2321000CE.NFO,2023-10-12,11:03:00,2023-11-13,0.1,0.1,0.1,0.1,0,0,1
FINNIFTY13NOV2321000CE.NFO,2023-10-12,11:04:00,2023-11-13,0.1,0.1,0.1,0.1,0,0,1
FINNIFTY13NOV2321000CE.NFO,2023-10-12,11:05:00,2023-11-13,0.1,0.1,0.1,0.1,0,0,1
FINNIFTY13NOV2321000CE.NFO,2023-10-12,11:06:00,2023-11-13,0.1,0.1,0.1,0.1,0,0,1
FINNIFTY13NOV2321000CE.NFO,2023-10-12,11:07:00,2023-11-13,0.1,0.1,0.1,0.1,0,0,1
FINNIFTY13NOV2321000CE.NFO,2023-10-12,11:08:00,2023-11-13,0.1,0.1,0.1,0.1,0,0,1
FINNIFTY13NOV2321000CE.NFO,2023-10-12,11:09:00,2023-11-13,0.1,0.1,0.1,0.1,0,0,1
FINNIFTY13NOV2321000CE.NFO,2023-10-12,11:10:00,2023-11-13,0.1,0.1,0.1,0.1,0,0,1
FINNIFTY13NOV2321000CE.NFO,2023-10-12,11:11:00,2023-11-13,0.1,0.1,0.1,0.1,0,0,1
FINNIFTY13NOV2321000CE.NFO,2023-10-12,11:12:00,2023-11-13,0.1,0.1,0.1,0.1,0,0,1
FINNIFTY13NOV2321000CE.NFO,2023-10-12,11:13:00,2023-11-13,0.1,0.1,0.1,0.1,0,0,1
FINNIFTY13NOV2321000CE.NFO,2023-10-12,11:14:00,2023-11-13,0.1,0.1,0.1,0.1,0,0,1
FINNIFTY13NOV2321000CE.NFO,2023-10-12,11:15:00,2023-11-13,0.1,0.1,0.1,0.1,0,0,1
FINNIFTY13NOV2321000CE.NFO,2023-10-12,11:16:00,2023-11-13,0.1,0.1,0.1,0.1,0,0,1
FINNIFTY13NOV2321000CE.NFO,2023-10-12,11:17:00,2023-11-13,0.1,0.1,0.1,0.1,0,0,1
FINNIFTY13NOV2321000CE.NFO,2023-10-12,11:18:00,2023-11-13,0.1,0.1,0.1,0.1,0,0,1
FINNIFTY13NOV2321000CE.NFO,2023-10-12,11:19:00,2023-11-13,0.1,0.1,0.1,0.1,0,0,1
FINNIFTY13NOV2321000CE.NFO,2023-10-12,11:20:00,2023-11-13,0.1,0.1,0.1,0.1,0,0,1
FINNIFTY13NOV2321000CE.NFO,2023-10-12,11:21:00,2023-11-13,0.1,0.1,0.1,0.1,0,0,1
FINNIFTY13NOV2321000CE.NFO,2023-10-12,11:22:00,2023-11-13,0.1,0.1,0.1,0.1,0,0,1
FINNIFTY13NOV2321000CE.NFO,2023-10-12,11:23:00,2023-11-13,0.1,0.1,0.1,0.1,0,0,1
FINNIFTY13NOV2321000CE.NFO,2023-10-12,11:24:00,2023-11-13,0.1,0.1,0.1,0.1,0,0,1
FINNIFTY13NOV2321000CE.NFO,2023-10-12,11:25:00,2023-11-13,0.1,0.1,0.1,0.1,0,0,1
FINNIFTY13NOV2321000CE.NFO,2023-10-12,11:26:00,2023-11-13,0.1,0.1,0.1,0.1,0,0,1
FINNIFTY13NOV2321000CE.NFO,2023-10-12,11:27:00,2023-11-13,0.1,0.1,0.1,0.1,0,0,1
FINNIFTY13NOV2321000CE.NFO,2023-10-12,11:28:00,2023-11-13,0.1,0.1,0.1,0.1,0,0,1
FINNIFTY13NOV2321000CE.NFO,2023-10-12,11:29:00,2023-11-13,0.1,0.1,0.1,0.1,0,0,1
FINNIFTY13NOV2321000CE.NFO,2023-10-12,11:30:00,2023-11-13,0.1,0.1,0.1,0.1,0,0,1
FINNIFTY13NOV2321000CE.NFO,2023-10-12,11:31:00,2023-11-13,0.1,0.1,0.1,0.1,0,0,1
FINNIFTY13NOV2321000CE.NFO,2023-10-12,11:32:00,2023-11-13,0.1,0.1,0.1,0.1,0,0,1
FINNIFTY13NOV2321000CE.NFO,2023-10-12,11:33:00,2023-11-13,0.1,0.1,0.1,0.1,0,0,1
FINNIFTY13NOV2321000CE.NFO,2023-10-12,11:34:00,2023-11-13,0.1,0.1,0.1,0.1,0,0,1
FINNIFTY13NOV2321000CE.NFO,2023-10-12,11:35:00,2023-11-13,0.1,0.1,0.1,0.1,0,0,1
FINNIFTY13NOV2321000CE.NFO,2023-10-12,11:36:00,2023-11-13,0.1,0.1,0.1,0.1,0,0,1
FINNIFTY13NOV2321000CE.NFO,2023-10-12,11:37:00,2023-11-13,0.1,0.1,0.1,0.1,0,0,1
FINNIFTY13NOV2321000CE.NFO,2023-10-12,11:38:00,2023-11-13,0.1,0.1,0.1,0.1,0,0,1
FINNIFTY13NOV2321000CE.NFO,2023-10-12,11:39:00,2023-11-13,0.1,0.1,0.1,0.1,0,0,1
FINNIFTY13NOV2321000CE.NFO,2023-10-12,11:40:00,2023-11-13,0.1,0.1,0.1,0.1,0,0,1
FINNIFTY13NOV2321000CE.NFO,2023-10-12,11:41:00,2023-11-13,0.1,0.1,0.1,0.1,0,0,1
FINNIFTY13NOV2321000CE.NFO,2023-10-12,11:42:00,2023-11-13,0.1,0.1,0.1,0.1,0,0,1
FINNIFTY13NOV2321000CE.NFO,2023-10-12,11:43:00,2023-11-13,0.1,0.1,0.1,0.1,0,0,1
FINNIFTY13NOV2321000CE.NFO,2023-10-12,11:44:00,2023-11-13,0.1,0.1,0.1,0.1,0,0,1
FINNIFTY13NOV2321000CE.NFO,2023-10-12,11:45:00,2023-11-13,0.1,0.1,0.1,0.1,0,0,1
FINNIFTY13NOV2321000CE.NFO,2023-10-12,11:46:00,2023-11-13,0.1,0.1,0.1,0.1,0,0,1
FINNIFTY13NOV2321000CE.NFO,2023-10-12,11:47:00,2023-11-13,0.1,0.1,0.1,0.1,0,0,1
FINNIFTY13NOV2321000CE.NFO,2023-10-12,11:48:00,2023-11-13,0.1,0.1,0.1,0.1,0,0,1
FINNIFTY13NOV2321000CE.NFO,2023-10-12,11:49:00,2023-11-13,0.1,0.1,0.1,0.1,0,0,1
FINNIFTY13NOV2321000CE.NFO,2023-10-12,11:50:00,2023-11-13,0.1,0.1,0.1,0.1,0,0,1
FINNIFTY13NOV2321000CE.NFO,2023-10-12,11:51:00,2023-11-13,0.1,0.1,0.1,0.1,0,0,1
FINNIFTY13NOV2321000CE.NFO,2023-10-12,11:52:00,2023-11-13,0.1,0.1,0.1,0.1,0,0,1
FINNIFTY13NOV2321000CE.NFO,2023-10-12,11:53:00,2023-11-13,0.1,0.1,0.1,0.1,0,0,1
FINNIFTY13NOV2321000CE.NFO,2023-10-12,11:54:00,2023-11-13,0.1,0.1,0.1,0.1,0,0,1
FINNIFTY13NOV2321000CE.NFO,2023-10-12,11:55:00,2023-11-13,0.1,0.1,0.1,0.1,0,0,1
FINNIFTY13NOV2321000CE.NFO,2023-10-12,11:56:00,2023-11-13,0.1,0.1,0.1,0.1,0,0,1
FINNIFTY13NOV2321000CE.NFO,2023-10-12,11:57:00,2023-11-13,0.1,0.1,0.1,0.1,0,0,1
FINNIFTY13NOV2321000CE.NFO,2023-10-12,11:58:00,2023-11-13,0.1,0.1,0.1,0.1,0,0,1
FINNIFTY13NOV2321000CE.NFO,2023-10-12,11:59:00,2023-11-13,0.1,0.1,0.1,0.1,0,0,1
FINNIFTY13NOV2321000CE.NFO,2023-10-12,12:00:00,2023-11-13,0.1,0.1,0.1,0.1,0,0,1
FINNIFTY13NOV2321000CE.NFO,2023-10-12,12:01:00,2023-11-13,0.1,0.1,0.1,0.1,0,0,1
FINNIFTY13NOV2321000CE.NFO,2023-10-12,12:02:00,2023-11-13,0.1,0.1,0.1,0.1,0,0,1
FINNIFTY13NOV2321000CE.NFO,2023-10-12,12:03:00,2023-11-13,0.1,0.1,0.1,0.1,0,0,1
FINNIFTY13NOV2321000CE.NFO,2023-10-12,12:04:00,2023-11-13,0.1,0.1,0.1,0.1,0,0,1
FINNIFTY13NOV2321000CE.NFO,2023-10-12,12:05:00,2023-11-13,0.1,0.1,0.1,0.1,0,0,1
FINNIFTY13NOV2321000CE.NFO,2023-10-12,12:06:00,2023-11-13,0.1,0.1,0.1,0.1,0,0,1
FINNIFTY13NOV2321000CE.NFO,2023-10-12,12:07:00,2023-11-13,0.1,0.1,0.1,0.1,0,0,1
FINNIFTY13NOV2321000CE.NFO,2023-10-12,12:08:00,2023-11-13,0.1,0.1,0.1,0.1,0,0,1
FINNIFTY13NOV2321000CE.NFO,2023-10-12,12:09:00,2023-11-13,0.1,0.1,0.1,0.1,0,0,1
FINNIFTY13NOV2321000CE.NFO,2023-10-12,12:10:00,2023-11-13,0.1,0.1,0.1,0.1,0,0,1
FINNIFTY13NOV2321000CE.NFO,2023-10-12,12:11:00,2023-11-13,0.1,0.1,0.1,0.1,0,0,1
FINNIFTY13NOV2321000CE.NFO,2023-10-12,12:12:00,2023-11-13,0.1,0.1,0.1,0.1,0,0,1
FINNIFTY13NOV2321000CE.NFO,2023-10-12,12:13:00,2023-11-13,0.1,0.1,0.1,0.1,0,0,1
FINNIFTY13NOV2321000CE.NFO,2023-10-12,12:14:00,2023-11-13,0.1,0.1,0.1,0.1,0,0,1
FINNIFTY13NOV2321000CE.NFO,2023-10-12,12:15:00,2023-11-13,0.1,0.1,0.1,0.1,0,0,1
FINNIFTY13NOV2321000CE.NFO,2023-10-12,12:16:00,2023-11-13,0.1,0.1,0.1,0.1,0,0,1
FINNIFTY13NOV2321000CE.NFO,2023-10-12,12:17:00,2023-11-13,0.1,0.1,0.1,0.1,0,0,1
FINNIFTY13NOV2321000CE.NFO,2023-10-12,12:18:00,2023-11-13,0.1,0.1,0.1,0.1,0,0,1
FINNIFTY13NOV2321000CE.NFO,2023-10-12,12:19:00,2023-11-13,0.1,0.1,0.1,0.1,0,0,1
FINNIFTY13NOV2321000CE.NFO,2023-10-12,12:20:00,2023-11-13,0.1,0.1,0.1,0.1,0,0,1
FINNIFTY13NOV2321000CE.NFO,2023-10-12,12:21:00,2023-11-13,0.1,0.1,0.1,0.1,0,0,1
FINNIFTY13NOV2321000CE.NFO,2023-10-12,12:22:00,2023-11-13,0.1,0.1,0.1,0.1,0,0,1
FINNIFTY13NOV2321000CE.NFO,2023-10-12,12:23:00,2023-11-13,0.1,0.1,0.1,0.1,0,0,1
FINNIFTY13NOV2321000CE.NFO,2023-10-12,12:24:00,2023-11-13,0.1,0.1,0.1,0.1,0,0,1
FINNIFTY13NOV2321000CE.NFO,2023-10-12,12:25:00,2023-11-13,0.1,0.1,0.1,0.1,0,0,1
FINNIFTY13NOV2321000CE.NFO,2023-10-12,12:26:00,2023-11-13,0.1,0.1,0.1,0.1,0,0,1
FINNIFTY13NOV2321000CE.NFO,2023-10-12,12:27:00,2023-11-13,0.1,0.1,0.1,0.1,0,0,1
FINNIFTY13NOV2321000CE.NFO,2023-10-12,12:28:00,2023-11-13,0.1,0.1,0.1,0.1,0,0,1
FINNIFTY13NOV2321000CE.NFO,2023-10-12,12:29:00,2023-11-13,0.1,0.1,0.1,0.1,0,0,1
FINNIFTY13NOV2321000CE.NFO,2023-10-12,12:30:00,2023-11-13,0.1,0.1,0.1,0.1,0,0,1
FINNIFTY13NOV2321000CE.NFO,2023-10-12,12:31:00,2023-11-13,0.1,0.1,0.1,0.1,0,0,1
FINNIFTY13NOV2321000CE.NFO,2023-10-12,12:32:00,2023-11-13,0.1,0.1,0.1,0.1,0,0,1
FINNIFTY13NOV2321000CE.NFO,2023-10-12,12:33:00,2023-11-13,0.1,0.1,0.1,0.1,0,0,1
FINNIFTY13NOV2321000CE.NFO,2023-10-12,12:34:00,2023-11-13,0.1,0.1,0.1,0.1,0,0,1
FINNIFTY13NOV2321000CE.NFO,2023-10-12,12:35:00,2023-11-13,0.1,0.1,0.1,0.1,0,0,1
FINNIFTY13NOV2321000CE.NFO,2023-10-12,12:36:00,2023-11-13,0.1,0.1,0.1,0.1,0,0,1
FINNIFTY13NOV2321000CE.NFO,2023-10-12,12:37:00,2023-11-13,0.1,0.1,0.1,0.1,0,0,1
FINNIFTY13NOV2321000CE.NFO,2023-10-12,12:38:00,2023-11-13,0.1,0.1,0.1,0.1,0,0,1
FINNIFTY13NOV2321000CE.NFO,2023-10-12,12:39:00,2023-11-13,0.1,0.1,0.1,0.1,0,0,1
FINNIFTY13NOV2321000CE.NFO,2023-10-12,12:40:00,2023-11-13,0.1,0.1,0.1,0.1,0,0,1
FINNIFTY13NOV2321000CE.NFO,2023-10-12,12:41:00,2023-11-13,0.1,0.1,0.1,0.1,0,0,1
FINNIFTY13NOV2321000CE.NFO,2023-10-12,12:42:00,2023-11-13,0.1,0.1,0.1,0.1,0,0,1
FINNIFTY13NOV2321000CE.NFO,2023-10-12,12:43:00,2023-11-13,0.1,0.1,0.1,0.1,0,0,1
FINNIFTY13NOV2321000CE.NFO,2023-10-12,12:44:00,2023-11-13,0.1,0.1,0.1,0.1,0,0,1
FINNIFTY13NOV2321000CE.NFO,2023-10-12,12:45:00,2023-11-13,0.1,0.1,0.1,0.1,0,0,1
FINNIFTY13NOV2321000CE.NFO,2023-10-12,12:46:00,2023-11-13,0.1,0.1,0.1,0.1,0,0,1
FINNIFTY13NOV2321000CE.NFO,2023-10-12,12:47:00,2023-11-13,0.1,0.1,0.1,0.1,0,0,1
FINNIFTY13NOV2321000CE.NFO,2023-10-12,12:48:00,2023-11-13,0.1,0.1,0.1,0.1,0,0,1
FINNIFTY13NOV2321000CE.NFO,2023-10-12,12:49:00,2023-11-13,0.1,0.1,0.1,0.1,0,0,1
FINNIFTY13NOV2321000CE.NFO,2023-10-12,12:50:00,2023-11-13,0.1,0.1,0.1,0.1,0,0,1
FINNIFTY13NOV2321000CE.NFO,2023-10-12,12:51:00,2023-11-13,0.1,0.1,0.1,0.1,0,0,1
FINNIFTY13NOV2321000CE.NFO,2023-10-12,12:52:00,2023-11-13,0.1,0.1,0.1,0.1,0,0,1
FINNIFTY13NOV2321000CE.NFO,2023-10-12,12:53:00,2023-11-13,0.1,0.1,0.1,0.1,0,0,1
FINNIFTY13NOV2321000CE.NFO,2023-10-12,12:54:00,2023-11-13,0.1,0.1,0.1,0.1,0,0,1
FINNIFTY13NOV2321000CE.NFO,2023-10-12,12:55:00,2023-11-13,0.1,0.1,0.1,0.1,0,0,1
FINNIFTY13NOV2321000CE.NFO,2023-10-12,12:56:00,2023-11-13,0.1,0.1,0.1,0.1,0,0,1
FINNIFTY13NOV2321000CE.NFO,2023-10-12,12:57:00,2023-11-13,0.1,0.1,0.1,0.1,0,0,1
FINNIFTY13NOV2321000CE.NFO,2023-10-12,12:58:00,2023-11-13,0.1,0.1,0.1,0.1,0,0,1
FINNIFTY13NOV2321000CE.NFO,2023-10-12,12:59:00,2023-11-13,0.1,0.1,0.1,0.1,0,0,1
FINNIFTY13NOV2321000CE.NFO,2023-10-12,13:00:00,2023-11-13,0.1,0.1,0.1,0.1,0,0,1
FINNIFTY13NOV2321000CE.NFO,2023-10-12,13:01:00,2023-11-13,0.1,0.1,0.1,0.1,0,0,1
FINNIFTY13NOV2321000CE.NFO,2023-10-12,13:02:00,2023-11-13,0.1,0.1,0.1,0.1,0,0,1
FINNIFTY13NOV2321000CE.NFO,2023-10-12,13:03:00,2023-11-13,0.1,0.1,0.1,0.1,0,0,1
FINNIFTY13NOV2321000CE.NFO,2023-10-12,13:04:00,2023-11-13,0.1,0.1,0.1,0.1,0,0,1
FINNIFTY13NOV2321000CE.NFO,2023-10-12,13:05:00,2023-11-13,0.1,0.1,0.1,0.1,0,0,1
FINNIFTY13NOV2321000CE.NFO,2023-10-12,13:06:00,2023-11-13,0.1,0.1,0.1,0.1,0,0,1
FINNIFTY13NOV2321000CE.NFO,2023-10-12,13:07:00,2023-11-13,0.1,0.1,0.1,0.1,0,0,1
FINNIFTY13NOV2321000CE.NFO,2023-10-12,13:08:00,2023-11-13,0.1,0.1,0.1,0.1,0,0,1
FINNIFTY13NOV2321000CE.NFO,2023-10-12,13:09:00,2023-11-13,0.1,0.1,0.1,0.1,0,0,1
FINNIFTY13NOV2321000CE.NFO,2023-10-12,13:10:00,2023-11-13,0.1,0.1,0.1,0.1,0,0,1
FINNIFTY13NOV2321000CE.NFO,2023-10-12,13:11:00,2023-11-13,0.1,0.1,0.1,0.1,0,0,1
FINNIFTY13NOV2321000CE.NFO,2023-10-12,13:12:00,2023-11-13,0.1,0.1,0.1,0.1,0,0,1
FINNIFTY13NOV2321000CE.NFO,2023-10-12,13:13:00,2023-11-13,0.1,0.1,0.1,0.1,0,0,1
FINNIFTY13NOV2321000CE.NFO,2023-10-12,13:14:00,2023-11-13,0.1,0.1,0.1,0.1,0,0,1
FINNIFTY13NOV2321000CE.NFO,2023-10-12,13:15:00,2023-11-13,0.1,0.1,0.1,0.1,0,0,1
FINNIFTY13NOV2321000CE.NFO,2023-10-12,13:16:00,2023-11-13,0.1,0.1,0.1,0.1,0,0,1
FINNIFTY13NOV2321000CE.NFO,2023-10-12,13:17:00,2023-11-13,0.1,0.1,0.1,0.1,0,0,1
FINNIFTY13NOV2321000CE.NFO,2023-10-12,13:18:00,2023-11-13,0.1,0.1,0.1,0.1,0,0,1
FINNIFTY13NOV2321000CE.NFO,2023-10-12,13:19:00,2023-11-13,0.1,0.1,0.1,0.1,0,0,1
FINNIFTY13NOV2321000CE.NFO,2023-10-12,13:20:00,2023-11-13,0.1,0.1,0.1,0.1,0,0,1
FINNIFTY13NOV2321000CE.NFO,2023-10-12,13:21:00,2023-11-13,0.1,0.1,0.1,0.1,0,0,1
FINNIFTY13NOV2321000CE.NFO,2023-10-12,13:22:00,2023-11-13,0.1,0.1,0.1,0.1,0,0,1
FINNIFTY13NOV2321000CE.NFO,2023-10-12,13:23:00,2023-11-13,0.1,0.1,0.1,0.1,0,0,1
FINNIFTY13NOV2321000CE.NFO,2023-10-12,13:24:00,2023-11-13,0.1,0.1,0.1,0.1,0,0,1
FINNIFTY13NOV2321000CE.NFO,2023-10-12,13:25:00,2023-11-13,0.1,0.1,0.1,0.1,0,0,1
FINNIFTY13NOV2321000CE.NFO,2023-10-12,13:26:00,2023-11-13,0.1,0.1,0.1,0.1,0,0,1
FINNIFTY13NOV2321000CE.NFO,2023-10-12,13:27:00,2023-11-13,0.1,0.1,0.1,0.1,0,0,1
FINNIFTY13NOV2321000CE.NFO,2023-10-12,13:28:00,2023-11-13,0.1,0.1,0.1,0.1,0,0,1
FINNIFTY13NOV2321000CE.NFO,2023-10-12,13:29:00,2023-11-13,0.1,0.1,0.1,0.1,0,0,1
FINNIFTY13NOV2321000CE.NFO,2023-10-12,13:30:00,2023-11-13,0.1,0.1,0.1,0.1,0,0,1
FINNIFTY13NOV2321000CE.NFO,2023-10-12,13:31:00,2023-11-13,0.1,0.1,0.1,0.1,0,0,1
FINNIFTY13NOV2321000CE.NFO,2023-10-12,13:32:00,2023-11-13,0.1,0.1,0.1,0.1,0,0,1
FINNIFTY13NOV2321000CE.NFO,2023-10-12,13:33:00,2023-11-13,0.1,0.1,0.1,0.1,0,0,1
FINNIFTY13NOV2321000CE.NFO,2023-10-12,13:34:00,2023-11-13,0.1,0.1,0.1,0.1,0,0,1
FINNIFTY13NOV2321000CE.NFO,2023-10-12,13:35:00,2023-11-13,0.1,0.1,0.1,0.1,0,0,1
FINNIFTY13NOV2321000CE.NFO,2023-10-12,13:36:00,2023-11-13,0.1,0.1,0.1,0.1,0,0,1
FINNIFTY13NOV2321000CE.NFO,2023-10-12,13:37:00,2023-11-13,0.1,0.1,0.1,0.1,0,0,1
FINNIFTY13NOV2321000CE.NFO,2023-10-12,13:38:00,2023-11-13,0.1,0.1,0.1,0.1,0,0,1
FINNIFTY13NOV2321000CE.NFO,2023-10-12,13:39:00,2023-11-13,0.1,0.1,0.1,0.1,0,0,1
FINNIFTY13NOV2321000CE.NFO,2023-10-12,13:40:00,2023-11-13,0.1,0.1,0.1,0.1,0,0,1
FINNIFTY13NOV2321000CE.NFO,2023-10-12,13:41:00,2023-11-13,0.1,0.1,0.1,0.1,0,0,1
FINNIFTY13NOV2321000CE.NFO,2023-10-12,13:42:00,2023-11-13,0.1,0.1,0.1,0.1,0,0,1
FINNIFTY13NOV2321000CE.NFO,2023-10-12,13:43:00,2023-11-13,0.1,0.1,0.1,0.1,0,0,1
FINNIFTY13NOV2321000CE.NFO,2023-10-12,13:44:00,2023-11-13,0.1,0.1,0.1,0.1,0,0,1
FINNIFTY13NOV2321000CE.NFO,2023-10-12,13:45:00,2023-11-13,0.1,0.1,0.1,0.1,0,0,1
FINNIFTY13NOV2321000CE.NFO,2023-10-12,13:46:00,2023-11-13,0.1,0.1,0.1,0.1,0,0,1
FINNIFTY13NOV2321000CE.NFO,2023-10-12,13:47:00,2023-11-13,0.1,0.1,0.1,0.1,0,0,1
FINNIFTY13NOV2321000CE.NFO,2023-10-12,13:48:00,2023-11-13,0.1,0.1,0.1,0.1,0,0,1
FINNIFTY13NOV2321000CE.NFO,2023-10-12,13:49:00,2023-11-13,0.1,0.1,0.1,0.1,0,0,1
FINNIFTY13NOV2321000CE.NFO,2023-10-12,13:50:00,2023-11-13,0.1,0.1,0.1,0.1,0,0,1
FINNIFTY13NOV2321000CE.NFO,2023-10-12,13:51:00,2023-11-13,0.1,0.1,0.1,0.1,0,0,1
FINNIFTY13NOV2321000CE.NFO,2023-10-12,13:52:00,2023-11-13,0.1,0.1,0.1,0.1,0,0,1
FINNIFTY13NOV2321000CE.NFO,2023-10-12,13:53:00,2023-11-13,0.1,0.1,0.1,0.1,0,0,1
FINNIFTY13NOV2321000CE.NFO,2023-10-12,13:54:00,2023-11-13,0.1,0.1,0.1,0.1,0,0,1
FINNIFTY13NOV2321000CE.NFO,2023-10-12,13:55:00,2023-11-13,0.1,0.1,0.1,0.1,0,0,1
FINNIFTY13NOV2321000CE.NFO,2023-10-12,13:56:00,2023-11-13,0.1,0.1,0.1,0.1,0,0,1
FINNIFTY13NOV2321000CE.NFO,2023-10-12,13:57:00,2023-11-13,0.1,0.1,0.1,0.1,0,0,1
FINNIFTY13NOV2321000CE.NFO,2023-10-12,13:58:00,2023-11-13,0.1,0.1,0.1,0.1,0,0,1
FINNIFTY13NOV2321000CE.NFO,2023-10-12,13:59:00,2023-11-13,0.1,0.1,0.1,0.1,0,0,1
FINNIFTY13NOV2321000CE.NFO,2023-10-12,14:00:00,2023-11-13,0.1,0.1,0.1,0.1,0,0,1
FINNIFTY13NOV2321000CE.NFO,2023-10-12,14:01:00,2023-11-13,0.1,0.1,0.1,0.1,0,0,1
FINNIFTY13NOV2321000CE.NFO,2023-10-12,14:02:00,2023-11-13,0.1,0.1,0.1,0.1,0,0,1
FINNIFTY13NOV2321000CE.NFO,2023-10-12,14:03:00,2023-11-13,0.1,0.1,0.1,0.1,0,0,1
FINNIFTY13NOV2321000CE.NFO,2023-10-12,14:04:00,2023-11-13,0.1,0.1,0.1,0.1,0,0,1
FINNIFTY13NOV2321000CE.NFO,2023-10-12,14:05:00,2023-11-13,0.1,0.1,0.1,0.1,0,0,1
FINNIFTY13NOV2321000CE.NFO,2023-10-12,14:06:00,2023-11-13,0.1,0.1,0.1,0.1,0,0,1
FINNIFTY13NOV2321000CE.NFO,2023-10-12,14:07:00,2023-11-13,0.1,0.1,0.1,0.1,0,0,1
FINNIFTY13NOV2321000CE.NFO,2023-10-12,14:08:00,2023-11-13,0.1,0.1,0.1,0.1,0,0,1
FINNIFTY13NOV2321000CE.NFO,2023-10-12,14:09:00,2023-11-13,0.1,0.1,0.1,0.1,0,0,1
FINNIFTY13NOV2321000CE.NFO,2023-10-12,14:10:00,2023-11-13,0.1,0.1,0.1,0.1,0,0,1
FINNIFTY13NOV2321000CE.NFO,2023-10-12,14:11:00,2023-11-13,0.1,0.1,0.1,0.1,0,0,1
FINNIFTY13NOV2321000CE.NFO,2023-10-12,14:12:00,2023-11-13,0.1,0.1,0.1,0.1,0,0,1
FINNIFTY13NOV2321000CE.NFO,2023-10-12,14:13:00,2023-11-13,0.1,0.1,0.1,0.1,0,0,1
FINNIFTY13NOV2321000CE.NFO,2023-10-12,14:14:00,2023-11-13,0.1,0.1,0.1,0.1,0,0,1
FINNIFTY13NOV2321000CE.NFO,2023-10-12,14:15:00,2023-11-13,0.1,0.1,0.1,0.1,0,0,1
FINNIFTY13NOV2321000CE.NFO,2023-10-12,14:16:00,2023-11-13,0.1,0.1,0.1,0.1,0,0,1
FINNIFTY13NOV2321000CE.NFO,2023-10-12,14:17:00,2023-11-13,0.1,0.1,0.1,0.1,0,0,1
FINNIFTY13NOV2321000CE.NFO,2023-10-12,14:18:00,2023-11-13,0.1,0.1,0.1,0.1,0,0,1
FINNIFTY13NOV2321000CE.NFO,2023-10-12,14:19:00,2023-11-13,0.1,0.1,0.1,0.1,0,0,1
FINNIFTY13NOV2321000CE.NFO,2023-10-12,14:20:00,2023-11-13,0.1,0.1,0.1,0.1,0,0,1
FINNIFTY13NOV2321000CE.NFO,2023-10-12,14:21:00,2023-11-13,0.1,0.1,0.1,0.1,0,0,1
FINNIFTY13NOV2321000CE.NFO,2023-10-12,14:22:00,2023-11-13,0.1,0.1,0.1,0.1,0,0,1
FINNIFTY13NOV2321000CE.NFO,2023-10-12,14:23:00,2023-11-13,0.1,0.1,0.1,0.1,0,0,1
FINNIFTY13NOV2321000CE.NFO,2023-10-12,14:24:00,2023-11-13,0.1,0.1,0.1,0.1,0,0,1
FINNIFTY13NOV2321000CE.NFO,2023-10-12,14:25:00,2023-11-13,0.1,0.1,0.1,0.1,0,0,1
FINNIFTY13NOV2321000CE.NFO,2023-10-12,14:26:00,2023-11-13,0.1,0.1,0.1,0.1,0,0,1
FINNIFTY13NOV2321000CE.NFO,2023-10-12,14:27:00,2023-11-13,0.1,0.1,0.1,0.1,0,0,1
FINNIFTY13NOV2321000CE.NFO,2023-10-12,14:28:00,2023-11-13,0.1,0.1,0.1,0.1,0,0,1
FINNIFTY13NOV2321000CE.NFO,2023-10-12,14:29:00,2023-11-13,0.1,0.1,0.1,0.1,0,0,1
FINNIFTY13NOV2321000CE.NFO,2023-10-12,14:30:00,2023-11-13,0.1,0.1,0.1,0.1,0,0,1
FINNIFTY13NOV2321000CE.NFO,2023-10-12,14:31:00,2023-11-13,0.1,0.1,0.1,0.1,0,0,1
FINNIFTY13NOV2321000CE.NFO,2023-10-12,14:32:00,2023-11-13,0.1,0.1,0.1,0.1,0,0,1
FINNIFTY13NOV2321000CE.NFO,2023-10-12,14:33:00,2023-11-13,0.1,0.1,0.1,0.1,0,0,1
FINNIFTY13NOV2321000CE.NFO,2023-10-12,14:34:00,2023-11-13,0.1,0.1,0.1,0.1,0,0,1
FINNIFTY13NOV2321000CE.NFO,2023-10-12,14:35:00,2023-11-13,0.1,0.1,0.1,0.1,0,0,1
FINNIFTY13NOV2321000CE.NFO,2023-10-12,14:36:00,2023-11-13,0.1,0.1,0.1,0.1,0,0,1
FINNIFTY13NOV2321000CE.NFO,2023-10-12,14:37:00,2023-11-13,0.1,0.1,0.1,0.1,0,0,1
FINNIFTY13NOV2321000CE.NFO,2023-10-12,14:38:00,2023-11-13,0.1,0.1,0.1,0.1,0,0,1
FINNIFTY13NOV2321000CE.NFO,2023-10-12,14:39:00,2023-11-13,0.1,0.1,0.1,0.1,0,0,1
FINNIFTY13NOV2321000CE.NFO,2023-10-12,14:40:00,2023-11-13,0.1,0.1,0.1,0.1,0,0,1
FINNIFTY13NOV2321000CE.NFO,2023-10-12,14:41:00,2023-11-13,0.1,0.1,0.1,0.1,0,0,1
FINNIFTY13NOV2321000CE.NFO,2023-10-12,14:42:00,2023-11-13,0.1,0.1,0.1,0.1,0,0,1
FINNIFTY13NOV2321000CE.NFO,2023-10-12,14:43:00,2023-11-13,0.1,0.1,0.1,0.1,0,0,1
FINNIFTY13NOV2321000CE.NFO,2023-10-12,14:44:00,2023-11-13,0.1,0.1,0.1,0.1,0,0,1
FINNIFTY13NOV2321000CE.NFO,2023-10-12,14:45:00,2023-11-13,0.1,0.1,0.1,0.1,0,0,1
FINNIFTY13NOV2321000CE.NFO,2023-10-12,14:46:00,2023-11-13,0.1,0.1,0.1,0.1,0,0,1
FINNIFTY13NOV2321000CE.NFO,2023-10-12,14:47:00,2023-11-13,0.1,0.1,0.1,0.1,0,0,1
FINNIFTY13NOV2321000CE.NFO,2023-10-12,14:48:00,2023-11-13,0.1,0.1,0.1,0.1,0,0,1
FINNIFTY13NOV2321000CE.NFO,2023-10-12,14:49:00,2023-11-13,0.1,0.1,0.1,0.1,0,0,1
FINNIFTY13NOV2321000CE.NFO,2023-10-12,14:50:00,2023-11-13,0.1,0.1,0.1,0.1,0,0,1
FINNIFTY13NOV2321000CE.NFO,2023-10-12,14:51:00,2023-11-13,0.1,0.1,0.1,0.1,0,0,1
FINNIFTY13NOV2321000CE.NFO,2023-10-12,14:52:00,2023-11-13,0.1,0.1,0.1,0.1,0,0,1
FINNIFTY13NOV2321000CE.NFO,2023-10-12,14:53:00,2023-11-13,0.1,0.1,0.1,0.1,0,0,1
FINNIFTY13NOV2321000CE.NFO,2023-10-12,14:54:00,2023-11-13,0.1,0.1,0.1,0.1,0,0,1
FINNIFTY13NOV2321000CE.NFO,2023-10-12,14:55:00,2023-11-13,0.1,0.1,0.1,0.1,0,0,1
FINNIFTY13NOV2321000CE.NFO,2023-10-12,14:56:00,2023-11-13,0.1,0.1,0.1,0.1,0,0,1
FINNIFTY13NOV2321000CE.NFO,2023-10-12,14:57:00,2023-11-13,0.1,0.1,0.1,0.1,0,0,1
FINNIFTY13NOV2321000CE.NFO,2023-10-12,14:58:00,2023-11-13,0.1,0.1,0.1,0.1,0,0,1
FINNIFTY13NOV2321000CE.NFO,2023-10-12,14:59:00,2023-11-13,0.1,0.1,0.1,0.1,0,0,1
FINNIFTY13NOV2321000CE.NFO,2023-10-12,15:00:00,2023-11-13,0.1,0.1,0.1,0.1,0,0,1
FINNIFTY13NOV2321000CE.NFO,2023-10-12,15:01:00,2023-11-13,0.1,0.1,0.1,0.1,0,0,1
FINNIFTY13NOV2321000CE.NFO,2023-10-12,15:02:00,2023-11-13,0.1,0.1,0.1,0.1,0,0,1
FINNIFTY13NOV2321000CE.NFO,2023-10-12,15:03:00,2023-11-13,0.1,0.1,0.1,0.1,0,0,1
FINNIFTY13NOV2321000CE.NFO,2023-10-12,15:04:00,2023-11-13,0.1,0.1,0.1,0.1,0,0,1
FINNIFTY13NOV2321000CE.NFO,2023-10-12,15:05:00,2023-11-13,0.1,0.1,0.1,0.1,0,0,1
FINNIFTY13NOV2321000CE.NFO,2023-10-12,15:06:00,2023-11-13,0.1,0.1,0.1,0.1,0,0,1
FINNIFTY13NOV2321000CE.NFO,2023-10-12,15:07:00,2023-11-13,0.1,0.1,0.1,0.1,0,0,1
FINNIFTY13NOV2321000CE.NFO,2023-10-12,15:08:00,2023-11-13,0.1,0.1,0.1,0.1,0,0,1
FINNIFTY13NOV2321000CE.NFO,2023-10-12,15:09:00,2023-11-13,0.1,0.1,0.1,0.1,0,0,1
FINNIFTY13NOV2321000CE.NFO,2023-10-12,15:10:00,2023-11-13,0.1,0.1,0.1,0.1,0,0,1
FINNIFTY13NOV2321000CE.NFO,2023-10-12,15:11:00,2023-11-13,0.1,0.1,0.1,0.1,0,0,1
FINNIFTY13NOV2321000CE.NFO,2023-10-12,15:12:00,2023-11-13,0.1,0.1,0.1,0.1,0,0,1
FINNIFTY13NOV2321000CE.NFO,2023-10-12,15:13:00,2023-11-13,0.1,0.1,0.1,0.1,0,0,1
FINNIFTY13NOV2321000CE.NFO,2023-10-12,15:14:00,2023-11-13,0.1,0.1,0.1,0.1,0,0,1
FINNIFTY13NOV2321000CE.NFO,2023-10-12,15:15:00,2023-11-13,0.1,0.1,0.1,0.1,0,0,1
FINNIFTY13NOV2321000CE.NFO,2023-10-12,15:16:00,2023-11-13,0.1,0.1,0.1,0.1,0,0,1
FINNIFTY13NOV2321000CE.NFO,2023-10-12,15:17:00,2023-11-13,0.1,0.1,0.1,0.1,0,0,1
FINNIFTY13NOV2321000CE.NFO,2023-10-12,15:18:00,2023-11-13,0.1,0.1,0.1,0.1,0,0,1
FINNIFTY13NOV2321000CE.NFO,2023-10-12,15:19:00,2023-11-13,0.1,0.1,0.1,0.1,0,0,1
FINNIFTY13NOV2321000CE.NFO,2023-10-12,15:20:00,2023-11-13,0.1,0.1,0.1,0.1,0,0,1
FINNIFTY13NOV2321000CE.NFO,2023-10-12,15:21:00,2023-11-13,0.1,0.1,0.1,0.1,0,0,1
FINNIFTY13NOV2321000CE.NFO,2023-10-12,15:22:00,2023-11-13,0.1,0.1,0.1,0.1,0,0,1
FINNIFTY13NOV2321000CE.NFO,2023-10-12,15:23:00,2023-11-13,0.1,0.1,0.1,0.1,0,0,1
FINNIFTY13NOV2321000CE.NFO,2023-10-12,15:24:00,2023-11-13,0.1,0.1,0.1,0.1,0,0,1
FINNIFTY13NOV2321000CE.NFO,2023-10-12,15:25:00,2023-11-13,0.1,0.1,0.1,0.1,0,0,1
FINNIFTY13NOV2321000CE.NFO,2023-10-12,15:26:00,2023-11-13,0.1,0.1,0.1,0.1,0,0,1
FINNIFTY13NOV2321000CE.NFO,2023-10-12,15:27:00,2023-11-13,0.1,0.1,0.1,0.1,0,0,1
FINNIFTY13NOV2321000CE.NFO,2023-10-12,15:28:00,2023-11-13,0.1,0.1,0.1,0.1,0,0,1
FINNIFTY13NOV2321000CE.NFO,2023-10-12,15:29:00,2023-11-13,0.1,0.1,0.1,0.1,0,0,1
FINNIFTY13NOV2321000CE.NFO,2023-10-12,15:30:00,2023-11-13,0.1,0.1,0.1,0.1,0,0,1
FINNIFTY13NOV2321000CE.NFO,2023-10-13,09:15:00,2023-11-13,0.1,0.1,0.1,0.1,0,0,0
FINNIFTY13NOV2321000CE.NFO,2023-10-13,09:16:00,2023-11-13,0.1,0.1,0.1,0.1,0,0,1
FINNIFTY13NOV2321000CE.NFO,2023-10-13,09:17:00,2023-11-13,0.1,0.1,0.1,0.1,0,0,1
FINNIFTY13NOV2321000CE.NFO,2023-10-13,09:18:00,2023-11-13,0.1,0.1,0.1,0.1,0,0,1
FINNIFTY13NOV2321000CE.NFO,2023-10-13,09:19:00,2023-11-13,0.1,0.1,0.1,0.1,0,0,1
FINNIFTY13NOV2321000CE.NFO,2023-10-13,09:20:00,2023-11-13,0.1,0.1,0.1,0.1,0,0,1
FINNIFTY13NOV2321000CE.NFO,2023-10-13,09:21:00,2023-11-13,0.1,0.1,0.1,0.1,0,0,1
FINNIFTY13NOV2321000CE.NFO,2023-10-13,09:22:00,2023-11-13,0.1,0.1,0.1,0.1,0,0,1
FINNIFTY13NOV2321000CE.NFO,2023-10-13,09:23:00,2023-11-13,0.1,0.1,0.1,0.1,0,0,1
FINNIFTY13NOV2321000CE.NFO,2023-10-13,09:24:00,2023-11-13,0.1,0.1,0.1,0.1,0,0,1
FINNIFTY13NOV2321000CE.NFO,2023-10-13,09:25:00,2023-11-13,0.1,0.1,0.1,0.1,0,0,1
FINNIFTY13NOV2321000CE.NFO,2023-10-13,09:26:00,2023-11-13,0.1,0.1,0.1,0.1,0,0,1
FINNIFTY13NOV2321000CE.NFO,2023-10-13,09:27:00,2023-11-13,0.1,0.1,0.1,0.1,0,0,1
FINNIFTY13NOV2321000CE.NFO,2023-10-13,09:28:00,2023-11-13,0.1,0.1,0.1,0.1,0,0,1
FINNIFTY13NOV2321000CE.NFO,2023-10-13,09:29:00,2023-11-13,0.1,0.1,0.1,0.1,0,0,1
FINNIFTY13NOV2321000CE.NFO,2023-10-13,09:30:00,2023-11-13,0.1,0.1,0.1,0.1,0,0,1
FINNIFTY13NOV2321000CE.NFO,2023-10-13,09:31:00,2023-11-13,0.1,0.1,0.1,0.1,0,0,1
FINNIFTY13NOV2321000CE.NFO,2023-10-13,09:32:00,2023-11-13,0.1,0.1,0.1,0.1,0,0,1
FINNIFTY13NOV2321000CE.NFO,2023-10-13,09:33:00,2023-11-13,0.1,0.1,0.1,0.1,0,0,1
FINNIFTY13NOV2321000CE.NFO,2023-10-13,09:34:00,2023-11-13,0.1,0.1,0.1,0.1,0,0,1
FINNIFTY13NOV2321000CE.NFO,2023-10-13,09:35:00,2023-11-13,0.1,0.1,0.1,0.1,0,0,1
FINNIFTY13NOV2321000CE.NFO,2023-10-13,09:36:00,2023-11-13,0.1,0.1,0.1,0.1,0,0,1
FINNIFTY13NOV2321000CE.NFO,2023-10-13,09:37:00,2023-11-13,0.1,0.1,0.1,0.1,0,0,1
FINNIFTY13NOV2321000CE.NFO,2023-10-13,09:38:00,2023-11-13,0.1,0.1,0.1,0.1,0,0,1
FINNIFTY13NOV2321000CE.NFO,2023-10-13,09:39:00,2023-11-13,0.1,0.1,0.1,0.1,0,0,1
FINNIFTY13NOV2321000CE.NFO,2023-10-13,09:40:00,2023-11-13,0.1,0.1,0.1,0.1,0,0,1
FINNIFTY13NOV2321000CE.NFO,2023-10-13,09:41:00,2023-11-13,0.1,0.1,0.1,0.1,0,0,1
FINNIFTY13NOV2321000CE.NFO,2023-10-13,09:42:00,2023-11-13,0.1,0.1,0.1,0.1,0,0,1
FINNIFTY13NOV2321000CE.NFO,2023-10-13,09:43:00,2023-11-13,0.1,0.1,0.1,0.1,0,0,1
FINNIFTY13NOV2321000CE.NFO,2023-10-13,09:44:00,2023-11-13,0.1,0.1,0.1,0.1,0,0,1
FINNIFTY13NOV2321000CE.NFO,2023-10-13,09:45:00,2023-11-13,0.1,0.1,0.1,0.1,0,0,1
FINNIFTY13NOV2321000CE.NFO,2023-10-13,09:46:00,2023-11-13,0.1,0.1,0.1,0.1,0,0,1
FINNIFTY13NOV2321000CE.NFO,2023-10-13,09:47:00,2023-11-13,0.1,0.1,0.1,0.1,0,0,1
FINNIFTY13NOV2321000CE.NFO,2023-10-13,09:48:00,2023-11-13,0.1,0.1,0.1,0.1,0,0,1
FINNIFTY13NOV2321000CE.NFO,2023-10-13,09:49:00,2023-11-13,0.1,0.1,0.1,0.1,0,0,1
FINNIFTY13NOV2321000CE.NFO,2023-10-13,09:50:00,2023-11-13,0.1,0.1,0.1,0.1,0,0,1
FINNIFTY13NOV2321000CE.NFO,2023-10-13,09:51:00,2023-11-13,0.1,0.1,0.1,0.1,0,0,1
FINNIFTY13NOV2321000CE.NFO,2023-10-13,09:52:00,2023-11-13,0.1,0.1,0.1,0.1,0,0,1
FINNIFTY13NOV2321000CE.NFO,2023-10-13,09:53:00,2023-11-13,0.1,0.1,0.1,0.1,0,0,1
FINNIFTY13NOV2321000CE.NFO,2023-10-13,09:54:00,2023-11-13,0.1,0.1,0.1,0.1,0,0,1
FINNIFTY13NOV2321000CE.NFO,2023-10-13,09:55:00,2023-11-13,0.1,0.1,0.1,0.1,0,0,1
FINNIFTY13NOV2321000CE.NFO,2023-10-13,09:56:00,2023-11-13,0.1,0.1,0.1,0.1,0,0,1
FINNIFTY13NOV2321000CE.NFO,2023-10-13,09:57:00,2023-11-13,0.1,0.1,0.1,0.1,0,0,1
FINNIFTY13NOV2321000CE.NFO,2023-10-13,09:58:00,2023-11-13,0.1,0.1,0.1,0.1,0,0,1
FINNIFTY13NOV2321000CE.NFO,2023-10-13,09:59:00,2023-11-13,0.1,0.1,0.1,0.1,0,0,1
FINNIFTY13NOV2321000CE.NFO,2023-10-13,10:00:00,2023-11-13,0.1,0.1,0.1,0.1,0,0,1
FINNIFTY13NOV2321000CE.NFO,2023-10-13,10:01:00,2023-11-13,0.1,0.1,0.1,0.1,0,0,1
FINNIFTY13NOV2321000CE.NFO,2023-10-13,10:02:00,2023-11-13,0.1,0.1,0.1,0.1,0,0,1
FINNIFTY13NOV2321000CE.NFO,2023-10-13,10:03:00,2023-11-13,0.1,0.1,0.1,0.1,0,0,1
FINNIFTY13NOV2321000CE.NFO,2023-10-13,10:04:00,2023-11-13,0.1,0.1,0.1,0.1,0,0,1
FINNIFTY13NOV2321000CE.NFO,2023-10-13,10:05:00,2023-11-13,0.1,0.1,0.1,0.1,0,0,1
FINNIFTY13NOV2321000CE.NFO,2023-10-13,10:06:00,2023-11-13,0.1,0.1,0.1,0.1,0,0,1
FINNIFTY13NOV2321000CE.NFO,2023-10-13,10:07:00,2023-11-13,0.1,0.1,0.1,0.1,0,0,1
FINNIFTY13NOV2321000CE.NFO,2023-10-13,10:08:00,2023-11-13,0.1,0.1,0.1,0.1,0,0,1
FINNIFTY13NOV2321000CE.NFO,2023-10-13,10:09:00,2023-11-13,0.1,0.1,0.1,0.1,0,0,1
FINNIFTY13NOV2321000CE.NFO,2023-10-13,10:10:00,2023-11-13,0.1,0.1,0.1,0.1,0,0,1
FINNIFTY13NOV2321000CE.NFO,2023-10-13,10:11:00,2023-11-13,0.1,0.1,0.1,0.1,0,0,1
FINNIFTY13NOV2321000CE.NFO,2023-10-13,10:12:00,2023-11-13,0.1,0.1,0.1,0.1,0,0,1
FINNIFTY13NOV2321000CE.NFO,2023-10-13,10:13:00,2023-11-13,0.1,0.1,0.1,0.1,0,0,1
FINNIFTY13NOV2321000CE.NFO,2023-10-13,10:14:00,2023-11-13,0.1,0.1,0.1,0.1,0,0,1
FINNIFTY13NOV2321000CE.NFO,2023-10-13,10:15:00,2023-11-13,0.1,0.1,0.1,0.1,0,0,1
FINNIFTY13NOV2321000CE.NFO,2023-10-13,10:16:00,2023-11-13,0.1,0.1,0.1,0.1,0,0,1
FINNIFTY13NOV2321000CE.NFO,2023-10-13,10:17:00,2023-11-13,0.1,0.1,0.1,0.1,0,0,1
FINNIFTY13NOV2321000CE.NFO,2023-10-13,10:18:00,2023-11-13,0.1,0.1,0.1,0.1,0,0,1
FINNIFTY13NOV2321000CE.NFO,2023-10-13,10:19:00,2023-11-13,0.1,0.1,0.1,0.1,0,0,1
FINNIFTY13NOV2321000CE.NFO,2023-10-13,10:20:00,2023-11-13,0.1,0.1,0.1,0.1,0,0,1
FINNIFTY13NOV2321000CE.NFO,2023-10-13,10:21:00,2023-11-13,0.1,0.1,0.1,0.1,0,0,1
FINNIFTY13NOV2321000CE.NFO,2023-10-13,10:22:00,2023-11-13,0.1,0.1,0.1,0.1,0,0,1
FINNIFTY13NOV2321000CE.NFO,2023-10-13,10:23:00,2023-11-13,0.1,0.1,0.1,0.1,0,0,1
FINNIFTY13NOV2321000CE.NFO,2023-10-13,10:24:00,2023-11-13,0.1,0.1,0.1,0.1,0,0,1
FINNIFTY13NOV2321000CE.NFO,2023-10-13,10:25:00,2023-11-13,0.1,0.1,0.1,0.1,0,0,1
FINNIFTY13NOV2321000CE.NFO,2023-10-13,10:26:00,2023-11-13,0.1,0.1,0.1,0.1,0,0,1
FINNIFTY13NOV2321000CE.NFO,2023-10-13,10:27:00,2023-11-13,0.1,0.1,0.1,0.1,0,0,1
FINNIFTY13NOV2321000CE.NFO,2023-10-13,10:28:00,2023-11-13,0.1,0.1,0.1,0.1,0,0,1
FINNIFTY13NOV2321000CE.NFO,2023-10-13,10:29:00,2023-11-13,0.1,0.1,0.1,0.1,0,0,1
FINNIFTY13NOV2321000CE.NFO,2023-10-13,10:30:00,2023-11-13,0.1,0.1,0.1,0.1,0,0,1
FINNIFTY13NOV2321000CE.NFO,2023-10-13,10:31:00,2023-11-13,0.1,0.1,0.1,0.1,0,0,1
FINNIFTY13NOV2321000CE.NFO,2023-10-13,10:32:00,2023-11-13,0.1,0.1,0.1,0.1,0,0,1
FINNIFTY13NOV2321000CE.NFO,2023-10-13,10:33:00,2023-11-13,0.1,0.1,0.1,0.1,0,0,1
FINNIFTY13NOV2321000CE.NFO,2023-10-13,10:34:00,2023-11-13,0.1,0.1,0.1,0.1,0,0,1
FINNIFTY13NOV2321000CE.NFO,2023-10-13,10:35:00,2023-11-13,0.1,0.1,0.1,0.1,0,0,1
FINNIFTY13NOV2321000CE.NFO,2023-10-13,10:36:00,2023-11-13,0.1,0.1,0.1,0.1,0,0,1
FINNIFTY13NOV2321000CE.NFO,2023-10-13,10:37:00,2023-11-13,0.1,0.1,0.1,0.1,0,0,1
FINNIFTY13NOV2321000CE.NFO,2023-10-13,10:38:00,2023-11-13,0.1,0.1,0.1,0.1,0,0,1
FINNIFTY13NOV2321000CE.NFO,2023-10-13,10:39:00,2023-11-13,0.1,0.1,0.1,0.1,0,0,1
FINNIFTY13NOV2321000CE.NFO,2023-10-13,10:40:00,2023-11-13,0.1,0.1,0.1,0.1,0,0,1
FINNIFTY13NOV2321000CE.NFO,2023-10-13,10:41:00,2023-11-13,0.1,0.1,0.1,0.1,0,0,1
FINNIFTY13NOV2321000CE.NFO,2023-10-13,10:42:00,2023-11-13,0.1,0.1,0.1,0.1,0,0,1
FINNIFTY13NOV2321000CE.NFO,2023-10-13,10:43:00,2023-11-13,0.1,0.1,0.1,0.1,0,0,1
FINNIFTY13NOV2321000CE.NFO,2023-10-13,10:44:00,2023-11-13,0.1,0.1,0.1,0.1,0,0,1
FINNIFTY13NOV2321000CE.NFO,2023-10-13,10:45:00,2023-11-13,0.1,0.1,0.1,0.1,0,0,1
FINNIFTY13NOV2321000CE.NFO,2023-10-13,10:46:00,2023-11-13,0.1,0.1,0.1,0.1,0,0,1
FINNIFTY13NOV2321000CE.NFO,2023-10-13,10:47:00,2023-11-13,0.1,0.1,0.1,0.1,0,0,1
FINNIFTY13NOV2321000CE.NFO,2023-10-13,10:48:00,2023-11-13,0.1,0.1,0.1,0.1,0,0,1
FINNIFTY13NOV2321000CE.NFO,2023-10-13,10:49:00,2023-11-13,0.1,0.1,0.1,0.1,0,0,1
FINNIFTY13NOV2321000CE.NFO,2023-10-13,10:50:00,2023-11-13,0.1,0.1,0.1,0.1,0,0,1
FINNIFTY13NOV2321000CE.NFO,2023-10-13,10:51:00,2023-11-13,0.1,0.1,0.1,0.1,0,0,1
FINNIFTY13NOV2321000CE.NFO,2023-10-13,10:52:00,2023-11-13,0.1,0.1,0.1,0.1,0,0,1
FINNIFTY13NOV2321000CE.NFO,2023-10-13,10:53:00,2023-11-13,0.1,0.1,0.1,0.1,0,0,1
FINNIFTY13NOV2321000CE.NFO,2023-10-13,10:54:00,2023-11-13,0.1,0.1,0.1,0.1,0,0,1
FINNIFTY13NOV2321000CE.NFO,2023-10-13,10:55:00,2023-11-13,0.1,0.1,0.1,0.1,0,0,1
FINNIFTY13NOV2321000CE.NFO,2023-10-13,10:56:00,2023-11-13,0.1,0.1,0.1,0.1,0,0,1
FINNIFTY13NOV2321000CE.NFO,2023-10-13,10:57:00,2023-11-13,0.1,0.1,0.1,0.1,0,0,1
FINNIFTY13NOV2321000CE.NFO,2023-10-13,10:58:00,2023-11-13,0.1,0.1,0.1,0.1,0,0,1
FINNIFTY13NOV2321000CE.NFO,2023-10-13,10:59:00,2023-11-13,0.1,0.1,0.1,0.1,0,0,1
FINNIFTY13NOV2321000CE.NFO,2023-10-13,11:00:00,2023-11-13,0.1,0.1,0.1,0.1,0,0,1
FINNIFTY13NOV2321000CE.NFO,2023-10-13,11:01:00,2023-11-13,0.1,0.1,0.1,0.1,0,0,1
FINNIFTY13NOV2321000CE.NFO,2023-10-13,11:02:00,2023-11-13,0.1,0.1,0.1,0.1,0,0,1
FINNIFTY13NOV2321000CE.NFO,2023-10-13,11:03:00,2023-11-13,0.1,0.1,0.1,0.1,0,0,1
FINNIFTY13NOV2321000CE.NFO,2023-10-13,11:04:00,2023-11-13,0.1,0.1,0.1,0.1,0,0,1
FINNIFTY13NOV2321000CE.NFO,2023-10-13,11:05:00,2023-11-13,0.1,0.1,0.1,0.1,0,0,1
FINNIFTY13NOV2321000CE.NFO,2023-10-13,11:06:00,2023-11-13,0.1,0.1,0.1,0.1,0,0,1
FINNIFTY13NOV2321000CE.NFO,2023-10-13,11:07:00,2023-11-13,0.1,0.1,0.1,0.1,0,0,1
FINNIFTY13NOV2321000CE.NFO,2023-10-13,11:08:00,2023-11-13,0.1,0.1,0.1,0.1,0,0,1
FINNIFTY13NOV2321000CE.NFO,2023-10-13,11:09:00,2023-11-13,0.1,0.1,0.1,0.1,0,0,1
FINNIFTY13NOV2321000CE.NFO,2023-10-13,11:10:00,2023-11-13,0.1,0.1,0.1,0.1,0,0,1
FINNIFTY13NOV2321000CE.NFO,2023-10-13,11:11:00,2023-11-13,0.1,0.1,0.1,0.1,0,0,1
FINNIFTY13NOV2321000CE.NFO,2023-10-13,11:12:00,2023-11-13,0.1,0.1,0.1,0.1,0,0,1
FINNIFTY13NOV2321000CE.NFO,2023-10-13,11:13:00,2023-11-13,0.1,0.1,0.1,0.1,0,0,1
FINNIFTY13NOV2321000CE.NFO,2023-10-13,11:14:00,2023-11-13,0.1,0.1,0.1,0.1,0,0,1
FINNIFTY13NOV2321000CE.NFO,2023-10-13,11:15:00,2023-11-13,0.1,0.1,0.1,0.1,0,0,1
FINNIFTY13NOV2321000CE.NFO,2023-10-13,11:16:00,2023-11-13,0.1,0.1,0.1,0.1,0,0,1
FINNIFTY13NOV2321000CE.NFO,2023-10-13,11:17:00,2023-11-13,0.1,0.1,0.1,0.1,0,0,1
FINNIFTY13NOV2321000CE.NFO,2023-10-13,11:18:00,2023-11-13,0.1,0.1,0.1,0.1,0,0,1
FINNIFTY13NOV2321000CE.NFO,2023-10-13,11:19:00,2023-11-13,0.1,0.1,0.1,0.1,0,0,1
FINNIFTY13NOV2321000CE.NFO,2023-10-13,11:20:00,2023-11-13,0.1,0.1,0.1,0.1,0,0,1
FINNIFTY13NOV2321000CE.NFO,2023-10-13,11:21:00,2023-11-13,0.1,0.1,0.1,0.1,0,0,1
FINNIFTY13NOV2321000CE.NFO,2023-10-13,11:22:00,2023-11-13,0.1,0.1,0.1,0.1,0,0,1
FINNIFTY13NOV2321000CE.NFO,2023-10-13,11:23:00,2023-11-13,0.1,0.1,0.1,0.1,0,0,1
FINNIFTY13NOV2321000CE.NFO,2023-10-13,11:24:00,2023-11-13,0.1,0.1,0.1,0.1,0,0,1
FINNIFTY13NOV2321000CE.NFO,2023-10-13,11:25:00,2023-11-13,0.1,0.1,0.1,0.1,0,0,1
FINNIFTY13NOV2321000CE.NFO,2023-10-13,11:26:00,2023-11-13,0.1,0.1,0.1,0.1,0,0,1
FINNIFTY13NOV2321000CE.NFO,2023-10-13,11:27:00,2023-11-13,0.1,0.1,0.1,0.1,0,0,1
FINNIFTY13NOV2321000CE.NFO,2023-10-13,11:28:00,2023-11-13,0.1,0.1,0.1,0.1,0,0,1
FINNIFTY13NOV2321000CE.NFO,2023-10-13,11:29:00,2023-11-13,0.1,0.1,0.1,0.1,0,0,1
FINNIFTY13NOV2321000CE.NFO,2023-10-13,11:30:00,2023-11-13,0.1,0.1,0.1,0.1,0,0,1
FINNIFTY13NOV2321000CE.NFO,2023-10-13,11:31:00,2023-11-13,0.1,0.1,0.1,0.1,0,0,1
FINNIFTY13NOV2321000CE.NFO,2023-10-13,11:32:00,2023-11-13,0.1,0.1,0.1,0.1,0,0,1
FINNIFTY13NOV2321000CE.NFO,2023-10-13,11:33:00,2023-11-13,0.1,0.1,0.1,0.1,0,0,1
FINNIFTY13NOV2321000CE.NFO,2023-10-13,11:34:00,2023-11-13,0.1,0.1,0.1,0.1,0,0,1
FINNIFTY13NOV2321000CE.NFO,2023-10-13,11:35:00,2023-11-13,0.1,0.1,0.1,0.1,0,0,1
FINNIFTY13NOV2321000CE.NFO,2023-10-13,11:36:00,2023-11-13,0.1,0.1,0.1,0.1,0,0,1
FINNIFTY13NOV2321000CE.NFO,2023-10-13,11:37:00,2023-11-13,0.1,0.1,0.1,0.1,0,0,1
FINNIFTY13NOV2321000CE.NFO,2023-10-13,11:38:00,2023-11-13,0.1,0.1,0.1,0.1,0,0,1
FINNIFTY13NOV2321000CE.NFO,2023-10-13,11:39:00,2023-11-13,0.1,0.1,0.1,0.1,0,0,1
FINNIFTY13NOV2321000CE.NFO,2023-10-13,11:40:00,2023-11-13,0.1,0.1,0.1,0.1,0,0,1
FINNIFTY13NOV2321000CE.NFO,2023-10-13,11:41:00,2023-11-13,0.1,0.1,0.1,0.1,0,0,1
FINNIFTY13NOV2321000CE.NFO,2023-10-13,11:42:00,2023-11-13,0.1,0.1,0.1,0.1,0,0,1
FINNIFTY13NOV2321000CE.NFO,2023-10-13,11:43:00,2023-11-13,0.1,0.1,0.1,0.1,0,0,1
FINNIFTY13NOV2321000CE.NFO,2023-10-13,11:44:00,2023-11-13,0.1,0.1,0.1,0.1,0,0,1
FINNIFTY13NOV2321000CE.NFO,2023-10-13,11:45:00,2023-11-13,0.1,0.1,0.1,0.1,0,0,1
FINNIFTY13NOV2321000CE.NFO,2023-10-13,11:46:00,2023-11-13,0.1,0.1,0.1,0.1,0,0,1
FINNIFTY13NOV2321000CE.NFO,2023-10-13,11:47:00,2023-11-13,0.1,0.1,0.1,0.1,0,0,1
FINNIFTY13NOV2321000CE.NFO,2023-10-13,11:48:00,2023-11-13,0.1,0.1,0.1,0.1,0,0,1
FINNIFTY13NOV2321000CE.NFO,2023-10-13,11:49:00,2023-11-13,0.1,0.1,0.1,0.1,0,0,1
FINNIFTY13NOV2321000CE.NFO,2023-10-13,11:50:00,2023-11-13,0.1,0.1,0.1,0.1,0,0,1
FINNIFTY13NOV2321000CE.NFO,2023-10-13,11:51:00,2023-11-13,0.1,0.1,0.1,0.1,0,0,1
FINNIFTY13NOV2321000CE.NFO,2023-10-13,11:52:00,2023-11-13,0.1,0.1,0.1,0.1,0,0,1
FINNIFTY13NOV2321000CE.NFO,2023-10-13,11:53:00,2023-11-13,0.1,0.1,0.1,0.1,0,0,1
FINNIFTY13NOV2321000CE.NFO,2023-10-13,11:54:00,2023-11-13,0.1,0.1,0.1,0.1,0,0,1
FINNIFTY13NOV2321000CE.NFO,2023-10-13,11:55:00,2023-11-13,0.1,0.1,0.1,0.1,0,0,1
FINNIFTY13NOV2321000CE.NFO,2023-10-13,11:56:00,2023-11-13,0.1,0.1,0.1,0.1,0,0,1
FINNIFTY13NOV2321000CE.NFO,2023-10-13,11:57:00,2023-11-13,0.1,0.1,0.1,0.1,0,0,1
FINNIFTY13NOV2321000CE.NFO,2023-10-13,11:58:00,2023-11-13,0.1,0.1,0.1,0.1,0,0,1
FINNIFTY13NOV2321000CE.NFO,2023-10-13,11:59:00,2023-11-13,0.1,0.1,0.1,0.1,0,0,1
FINNIFTY13NOV2321000CE.NFO,2023-10-13,12:00:00,2023-11-13,0.1,0.1,0.1,0.1,0,0,1
FINNIFTY13NOV2321000CE.NFO,2023-10-13,12:01:00,2023-11-13,0.1,0.1,0.1,0.1,0,0,1
FINNIFTY13NOV2321000CE.NFO,2023-10-13,12:02:00,2023-11-13,0.1,0.1,0.1,0.1,0,0,1
FINNIFTY13NOV2321000CE.NFO,2023-10-13,12:03:00,2023-11-13,0.1,0.1,0.1,0.1,0,0,1
FINNIFTY13NOV2321000CE.NFO,2023-10-13,12:04:00,2023-11-13,0.1,0.1,0.1,0.1,0,0,1
FINNIFTY13NOV2321000CE.NFO,2023-10-13,12:05:00,2023-11-13,0.1,0.1,0.1,0.1,0,0,1
FINNIFTY13NOV2321000CE.NFO,2023-10-13,12:06:00,2023-11-13,0.1,0.1,0.1,0.1,0,0,1
FINNIFTY13NOV2321000CE.NFO,2023-10-13,12:07:00,2023-11-13,0.1,0.1,0.1,0.1,0,0,1
FINNIFTY13NOV2321000CE.NFO,2023-10-13,12:08:00,2023-11-13,0.1,0.1,0.1,0.1,0,0,1
FINNIFTY13NOV2321000CE.NFO,2023-10-13,12:09:00,2023-11-13,0.1,0.1,0.1,0.1,0,0,1
FINNIFTY13NOV2321000CE.NFO,2023-10-13,12:10:00,2023-11-13,0.1,0.1,0.1,0.1,0,0,1
FINNIFTY13NOV2321000CE.NFO,2023-10-13,12:11:00,2023-11-13,0.1,0.1,0.1,0.1,0,0,1
FINNIFTY13NOV2321000CE.NFO,2023-10-13,12:12:00,2023-11-13,0.1,0.1,0.1,0.1,0,0,1
FINNIFTY13NOV2321000CE.NFO,2023-10-13,12:13:00,2023-11-13,0.1,0.1,0.1,0.1,0,0,1
FINNIFTY13NOV2321000CE.NFO,2023-10-13,12:14:00,2023-11-13,0.1,0.1,0.1,0.1,0,0,1
FINNIFTY13NOV2321000CE.NFO,2023-10-13,12:15:00,2023-11-13,0.1,0.1,0.1,0.1,0,0,1
FINNIFTY13NOV2321000CE.NFO,2023-10-13,12:16:00,2023-11-13,0.1,0.1,0.1,0.1,0,0,1
FINNIFTY13NOV2321000CE.NFO,2023-10-13,12:17:00,2023-11-13,0.1,0.1,0.1,0.1,0,0,1
FINNIFTY13NOV2321000CE.NFO,2023-10-13,12:18:00,2023-11-13,0.1,0.1,0.1,0.1,0,0,1
FINNIFTY13NOV2321000CE.NFO,2023-10-13,12:19:00,2023-11-13,0.1,0.1,0.1,0.1,0,0,1
FINNIFTY13NOV2321000CE.NFO,2023-10-13,12:20:00,2023-11-13,0.1,0.1,0.1,0.1,0,0,1
FINNIFTY13NOV2321000CE.NFO,2023-10-13,12:21:00,2023-11-13,0.1,0.1,0.1,0.1,0,0,1
FINNIFTY13NOV2321000CE.NFO,2023-10-13,12:22:00,2023-11-13,0.1,0.1,0.1,0.1,0,0,1
FINNIFTY13NOV2321000CE.NFO,2023-10-13,12:23:00,2023-11-13,0.1,0.1,0.1,0.1,0,0,1
FINNIFTY13NOV2321000CE.NFO,2023-10-13,12:24:00,2023-11-13,0.1,0.1,0.1,0.1,0,0,1
FINNIFTY13NOV2321000CE.NFO,2023-10-13,12:25:00,2023-11-13,0.1,0.1,0.1,0.1,0,0,1
FINNIFTY13NOV2321000CE.NFO,2023-10-13,12:26:00,2023-11-13,0.1,0.1,0.1,0.1,0,0,1
FINNIFTY13NOV2321000CE.NFO,2023-10-13,12:27:00,2023-11-13,0.1,0.1,0.1,0.1,0,0,1
FINNIFTY13NOV2321000CE.NFO,2023-10-13,12:28:00,2023-11-13,0.1,0.1,0.1,0.1,0,0,1
FINNIFTY13NOV2321000CE.NFO,2023-10-13,12:29:00,2023-11-13,0.1,0.1,0.1,0.1,0,0,1
FINNIFTY13NOV2321000CE.NFO,2023-10-13,12:30:00,2023-11-13,0.1,0.1,0.1,0.1,0,0,1
FINNIFTY13NOV2321000CE.NFO,2023-10-13,12:31:00,2023-11-13,0.1,0.1,0.1,0.1,0,0,1
FINNIFTY13NOV2321000CE.NFO,2023-10-13,12:32:00,2023-11-13,0.1,0.1,0.1,0.1,0,0,1
FINNIFTY13NOV2321000CE.NFO,2023-10-13,12:33:00,2023-11-13,0.1,0.1,0.1,0.1,0,0,1
FINNIFTY13NOV2321000CE.NFO,2023-10-13,12:34:00,2023-11-13,0.1,0.1,0.1,0.1,0,0,1
FINNIFTY13NOV2321000CE.NFO,2023-10-13,12:35:00,2023-11-13,0.1,0.1,0.1,0.1,0,0,1
FINNIFTY13NOV2321000CE.NFO,2023-10-13,12:36:00,2023-11-13,0.1,0.1,0.1,0.1,0,0,1
FINNIFTY13NOV2321000CE.NFO,2023-10-13,12:37:00,2023-11-13,0.1,0.1,0.1,0.1,0,0,1
FINNIFTY13NOV2321000CE.NFO,2023-10-13,12:38:00,2023-11-13,0.1,0.1,0.1,0.1,0,0,1
FINNIFTY13NOV2321000CE.NFO,2023-10-13,12:39:00,2023-11-13,0.1,0.1,0.1,0.1,0,0,1
FINNIFTY13NOV2321000CE.NFO,2023-10-13,12:40:00,2023-11-13,0.1,0.1,0.1,0.1,0,0,1
FINNIFTY13NOV2321000CE.NFO,2023-10-13,12:41:00,2023-11-13,0.1,0.1,0.1,0.1,0,0,1
FINNIFTY13NOV2321000CE.NFO,2023-10-13,12:42:00,2023-11-13,0.1,0.1,0.1,0.1,0,0,1
FINNIFTY13NOV2321000CE.NFO,2023-10-13,12:43:00,2023-11-13,0.1,0.1,0.1,0.1,0,0,1
FINNIFTY13NOV2321000CE.NFO,2023-10-13,12:44:00,2023-11-13,0.1,0.1,0.1,0.1,0,0,1
FINNIFTY13NOV2321000CE.NFO,2023-10-13,12:45:00,2023-11-13,0.1,0.1,0.1,0.1,0,0,1
FINNIFTY13NOV2321000CE.NFO,2023-10-13,12:46:00,2023-11-13,0.1,0.1,0.1,0.1,0,0,1
FINNIFTY13NOV2321000CE.NFO,2023-10-13,12:47:00,2023-11-13,0.1,0.1,0.1,0.1,0,0,1
FINNIFTY13NOV2321000CE.NFO,2023-10-13,12:48:00,2023-11-13,0.1,0.1,0.1,0.1,0,0,1
FINNIFTY13NOV2321000CE.NFO,2023-10-13,12:49:00,2023-11-13,0.1,0.1,0.1,0.1,0,0,1
FINNIFTY13NOV2321000CE.NFO,2023-10-13,12:50:00,2023-11-13,0.1,0.1,0.1,0.1,0,0,1
FINNIFTY13NOV2321000CE.NFO,2023-10-13,12:51:00,2023-11-13,0.1,0.1,0.1,0.1,0,0,1
FINNIFTY13NOV2321000CE.NFO,2023-10-13,12:52:00,2023-11-13,0.1,0.1,0.1,0.1,0,0,1
FINNIFTY13NOV2321000CE.NFO,2023-10-13,12:53:00,2023-11-13,0.1,0.1,0.1,0.1,0,0,1
FINNIFTY13NOV2321000CE.NFO,2023-10-13,12:54:00,2023-11-13,0.1,0.1,0.1,0.1,0,0,1
FINNIFTY13NOV2321000CE.NFO,2023-10-13,12:55:00,2023-11-13,0.1,0.1,0.1,0.1,0,0,1
FINNIFTY13NOV2321000CE.NFO,2023-10-13,12:56:00,2023-11-13,0.1,0.1,0.1,0.1,0,0,1
FINNIFTY13NOV2321000CE.NFO,2023-10-13,12:57:00,2023-11-13,0.1,0.1,0.1,0.1,0,0,1
FINNIFTY13NOV2321000CE.NFO,2023-10-13,12:58:00,2023-11-13,0.1,0.1,0.1,0.1,0,0,1
FINNIFTY13NOV2321000CE.NFO,2023-10-13,12:59:00,2023-11-13,0.1,0.1,0.1,0.1,0,0,1
FINNIFTY13NOV2321000CE.NFO,2023-10-13,13:00:00,2023-11-13,0.1,0.1,0.1,0.1,0,0,1
FINNIFTY13NOV2321000CE.NFO,2023-10-13,13:01:00,2023-11-13,0.1,0.1,0.1,0.1,0,0,1
FINNIFTY13NOV2321000CE.NFO,2023-10-13,13:02:00,2023-11-13,0.1,0.1,0.1,0.1,0,0,1
FINNIFTY13NOV2321000CE.NFO,2023-10-13,13:03:00,2023-11-13,0.1,0.1,0.1,0.1,0,0,1
FINNIFTY13NOV2321000CE.NFO,2023-10-13,13:04:00,2023-11-13,0.1,0.1,0.1,0.1,0,0,1
FINNIFTY13NOV2321000CE.NFO,2023-10-13,13:05:00,2023-11-13,0.1,0.1,0.1,0.1,0,0,1
FINNIFTY13NOV2321000CE.NFO,2023-10-13,13:06:00,2023-11-13,0.1,0.1,0.1,0.1,0,0,1
FINNIFTY13NOV2321000CE.NFO,2023-10-13,13:07:00,2023-11-13,0.1,0.1,0.1,0.1,0,0,1
FINNIFTY13NOV2321000CE.NFO,2023-10-13,13:08:00,2023-11-13,0.1,0.1,0.1,0.1,0,0,1
FINNIFTY13NOV2321000CE.NFO,2023-10-13,13:09:00,2023-11-13,0.1,0.1,0.1,0.1,0,0,1
FINNIFTY13NOV2321000CE.NFO,2023-10-13,13:10:00,2023-11-13,0.1,0.1,0.1,0.1,0,0,1
FINNIFTY13NOV2321000CE.NFO,2023-10-13,13:11:00,2023-11-13,0.1,0.1,0.1,0.1,0,0,1
FINNIFTY13NOV2321000CE.NFO,2023-10-13,13:12:00,2023-11-13,0.1,0.1,0.1,0.1,0,0,1
FINNIFTY13NOV2321000CE.NFO,2023-10-13,13:13:00,2023-11-13,0.1,0.1,0.1,0.1,0,0,1
FINNIFTY13NOV2321000CE.NFO,2023-10-13,13:14:00,2023-11-13,0.1,0.1,0.1,0.1,0,0,1
FINNIFTY13NOV2321000CE.NFO,2023-10-13,13:15:00,2023-11-13,0.1,0.1,0.1,0.1,0,0,1
FINNIFTY13NOV2321000CE.NFO,2023-10-13,13:16:00,2023-11-13,0.1,0.1,0.1,0.1,0,0,1
FINNIFTY13NOV2321000CE.NFO,2023-10-13,13:17:00,2023-11-13,0.1,0.1,0.1,0.1,0,0,1
FINNIFTY13NOV2321000CE.NFO,2023-10-13,13:18:00,2023-11-13,0.1,0.1,0.1,0.1,0,0,1
FINNIFTY13NOV2321000CE.NFO,2023-10-13,13:19:00,2023-11-13,0.1,0.1,0.1,0.1,0,0,1
FINNIFTY13NOV2321000CE.NFO,2023-10-13,13:20:00,2023-11-13,0.1,0.1,0.1,0.1,0,0,1
FINNIFTY13NOV2321000CE.NFO,2023-10-13,13:21:00,2023-11-13,0.1,0.1,0.1,0.1,0,0,1
FINNIFTY13NOV2321000CE.NFO,2023-10-13,13:22:00,2023-11-13,0.1,0.1,0.1,0.1,0,0,1
FINNIFTY13NOV2321000CE.NFO,2023-10-13,13:23:00,2023-11-13,0.1,0.1,0.1,0.1,0,0,1
FINNIFTY13NOV2321000CE.NFO,2023-10-13,13:24:00,2023-11-13,0.1,0.1,0.1,0.1,0,0,1
FINNIFTY13NOV2321000CE.NFO,2023-10-13,13:25:00,2023-11-13,0.1,0.1,0.1,0.1,0,0,1
FINNIFTY13NOV2321000CE.NFO,2023-10-13,13:26:00,2023-11-13,0.1,0.1,0.1,0.1,0,0,1
FINNIFTY13NOV2321000CE.NFO,2023-10-13,13:27:00,2023-11-13,0.1,0.1,0.1,0.1,0,0,1
FINNIFTY13NOV2321000CE.NFO,2023-10-13,13:28:00,2023-11-13,0.1,0.1,0.1,0.1,0,0,1
FINNIFTY13NOV2321000CE.NFO,2023-10-13,13:29:00,2023-11-13,0.1,0.1,0.1,0.1,0,0,1
FINNIFTY13NOV2321000CE.NFO,2023-10-13,13:30:00,2023-11-13,0.1,0.1,0.1,0.1,0,0,1
FINNIFTY13NOV2321000CE.NFO,2023-10-13,13:31:00,2023-11-13,0.1,0.1,0.1,0.1,0,0,1
FINNIFTY13NOV2321000CE.NFO,2023-10-13,13:32:00,2023-11-13,0.1,0.1,0.1,0.1,0,0,1
FINNIFTY13NOV2321000CE.NFO,2023-10-13,13:33:00,2023-11-13,0.1,0.1,0.1,0.1,0,0,1
FINNIFTY13NOV2321000CE.NFO,2023-10-13,13:34:00,2023-11-13,0.1,0.1,0.1,0.1,0,0,1
FINNIFTY13NOV2321000CE.NFO,2023-10-13,13:35:00,2023-11-13,0.1,0.1,0.1,0.1,0,0,1
FINNIFTY13NOV2321000CE.NFO,2023-10-13,13:36:00,2023-11-13,0.1,0.1,0.1,0.1,0,0,1
FINNIFTY13NOV2321000CE.NFO,2023-10-13,13:37:00,2023-11-13,0.1,0.1,0.1,0.1,0,0,1
FINNIFTY13NOV2321000CE.NFO,2023-10-13,13:38:00,2023-11-13,0.1,0.1,0.1,0.1,0,0,1
FINNIFTY13NOV2321000CE.NFO,2023-10-13,13:39:00,2023-11-13,0.1,0.1,0.1,0.1,0,0,1
FINNIFTY13NOV2321000CE.NFO,2023-10-13,13:40:00,2023-11-13,0.1,0.1,0.1,0.1,0,0,1
FINNIFTY13NOV2321000CE.NFO,2023-10-13,13:41:00,2023-11-13,0.1,0.1,0.1,0.1,0,0,1
FINNIFTY13NOV2321000CE.NFO,2023-10-13,13:42:00,2023-11-13,0.1,0.1,0.1,0.1,0,0,1
FINNIFTY13NOV2321000CE.NFO,2023-10-13,13:43:00,2023-11-13,0.1,0.1,0.1,0.1,0,0,1
FINNIFTY13NOV2321000CE.NFO,2023-10-13,13:44:00,2023-11-13,0.1,0.1,0.1,0.1,0,0,1
FINNIFTY13NOV2321000CE.NFO,2023-10-13,13:45:00,2023-11-13,0.1,0.1,0.1,0.1,0,0,1
FINNIFTY13NOV2321000CE.NFO,2023-10-13,13:46:00,2023-11-13,0.1,0.1,0.1,0.1,0,0,1
FINNIFTY13NOV2321000CE.NFO,2023-10-13,13:47:00,2023-11-13,0.1,0.1,0.1,0.1,0,0,1
FINNIFTY13NOV2321000CE.NFO,2023-10-13,13:48:00,2023-11-13,0.1,0.1,0.1,0.1,0,0,1
FINNIFTY13NOV2321000CE.NFO,2023-10-13,13:49:00,2023-11-13,0.1,0.1,0.1,0.1,0,0,1
FINNIFTY13NOV2321000CE.NFO,2023-10-13,13:50:00,2023-11-13,0.1,0.1,0.1,0.1,0,0,1
FINNIFTY13NOV2321000CE.NFO,2023-10-13,13:51:00,2023-11-13,0.1,0.1,0.1,0.1,0,0,1
FINNIFTY13NOV2321000CE.NFO,2023-10-13,13:52:00,2023-11-13,0.1,0.1,0.1,0.1,0,0,1
FINNIFTY13NOV2321000CE.NFO,2023-10-13,13:53:00,2023-11-13,0.1,0.1,0.1,0.1,0,0,1
FINNIFTY13NOV2321000CE.NFO,2023-10-13,13:54:00,2023-11-13,0.1,0.1,0.1,0.1,0,0,1
FINNIFTY13NOV2321000CE.NFO,2023-10-13,13:55:00,2023-11-13,0.1,0.1,0.1,0.1,0,0,1
FINNIFTY13NOV2321000CE.NFO,2023-10-13,13:56:00,2023-11-13,0.1,0.1,0.1,0.1,0,0,1
FINNIFTY13NOV2321000CE.NFO,2023-10-13,13:57:00,2023-11-13,0.1,0.1,0.1,0.1,0,0,1
FINNIFTY13NOV2321000CE.NFO,2023-10-13,13:58:00,2023-11-13,0.1,0.1,0.1,0.1,0,0,1
FINNIFTY13NOV2321000CE.NFO,2023-10-13,13:59:00,2023-11-13,0.1,0.1,0.1,0.1,0,0,1
FINNIFTY13NOV2321000CE.NFO,2023-10-13,14:00:00,2023-11-13,0.1,0.1,0.1,0.1,0,0,1
FINNIFTY13NOV2321000CE.NFO,2023-10-13,14:01:00,2023-11-13,0.1,0.1,0.1,0.1,0,0,1
FINNIFTY13NOV2321000CE.NFO,2023-10-13,14:02:00,2023-11-13,0.1,0.1,0.1,0.1,0,0,1
FINNIFTY13NOV2321000CE.NFO,2023-10-13,14:03:00,2023-11-13,0.1,0.1,0.1,0.1,0,0,1
FINNIFTY13NOV2321000CE.NFO,2023-10-13,14:04:00,2023-11-13,0.1,0.1,0.1,0.1,0,0,1
FINNIFTY13NOV2321000CE.NFO,2023-10-13,14:05:00,2023-11-13,0.1,0.1,0.1,0.1,0,0,1
FINNIFTY13NOV2321000CE.NFO,2023-10-13,14:06:00,2023-11-13,0.1,0.1,0.1,0.1,0,0,1
FINNIFTY13NOV2321000CE.NFO,2023-10-13,14:07:00,2023-11-13,0.1,0.1,0.1,0.1,0,0,1
FINNIFTY13NOV2321000CE.NFO,2023-10-13,14:08:00,2023-11-13,0.1,0.1,0.1,0.1,0,0,1
FINNIFTY13NOV2321000CE.NFO,2023-10-13,14:09:00,2023-11-13,0.1,0.1,0.1,0.1,0,0,1
FINNIFTY13NOV2321000CE.NFO,2023-10-13,14:10:00,2023-11-13,0.1,0.1,0.1,0.1,0,0,1
FINNIFTY13NOV2321000CE.NFO,2023-10-13,14:11:00,2023-11-13,0.1,0.1,0.1,0.1,0,0,1
FINNIFTY13NOV2321000CE.NFO,2023-10-13,14:12:00,2023-11-13,0.1,0.1,0.1,0.1,0,0,1
FINNIFTY13NOV2321000CE.NFO,2023-10-13,14:13:00,2023-11-13,0.1,0.1,0.1,0.1,0,0,1
FINNIFTY13NOV2321000CE.NFO,2023-10-13,14:14:00,2023-11-13,0.1,0.1,0.1,0.1,0,0,1
FINNIFTY13NOV2321000CE.NFO,2023-10-13,14:15:00,2023-11-13,0.1,0.1,0.1,0.1,0,0,1
FINNIFTY13NOV2321000CE.NFO,2023-10-13,14:16:00,2023-11-13,0.1,0.1,0.1,0.1,0,0,1
FINNIFTY13NOV2321000CE.NFO,2023-10-13,14:17:00,2023-11-13,0.1,0.1,0.1,0.1,0,0,1
FINNIFTY13NOV2321000CE.NFO,2023-10-13,14:18:00,2023-11-13,0.1,0.1,0.1,0.1,0,0,1
FINNIFTY13NOV2321000CE.NFO,2023-10-13,14:19:00,2023-11-13,0.1,0.1,0.1,0.1,0,0,1
FINNIFTY13NOV2321000CE.NFO,2023-10-13,14:20:00,2023-11-13,0.1,0.1,0.1,0.1,0,0,1
FINNIFTY13NOV2321000CE.NFO,2023-10-13,14:21:00,2023-11-13,0.1,0.1,0.1,0.1,0,0,1
FINNIFTY13NOV2321000CE.NFO,2023-10-13,14:22:00,2023-11-13,0.1,0.1,0.1,0.1,0,0,1
FINNIFTY13NOV2321000CE.NFO,2023-10-13,14:23:00,2023-11-13,0.1,0.1,0.1,0.1,0,0,1
FINNIFTY13NOV2321000CE.NFO,2023-10-13,14:24:00,2023-11-13,0.1,0.1,0.1,0.1,0,0,1
FINNIFTY13NOV2321000CE.NFO,2023-10-13,14:25:00,2023-11-13,0.1,0.1,0.1,0.1,0,0,1
FINNIFTY13NOV2321000CE.NFO,2023-10-13,14:26:00,2023-11-13,0.1,0.1,0.1,0.1,0,0,1
FINNIFTY13NOV2321000CE.NFO,2023-10-13,14:27:00,2023-11-13,0.1,0.1,0.1,0.1,0,0,1
FINNIFTY13NOV2321000CE.NFO,2023-10-13,14:28:00,2023-11-13,0.1,0.1,0.1,0.1,0,0,1
FINNIFTY13NOV2321000CE.NFO,2023-10-13,14:29:00,2023-11-13,0.1,0.1,0.1,0.1,0,0,1
FINNIFTY13NOV2321000CE.NFO,2023-10-13,14:30:00,2023-11-13,0.1,0.1,0.1,0.1,0,0,1
FINNIFTY13NOV2321000CE.NFO,2023-10-13,14:31:00,2023-11-13,0.1,0.1,0.1,0.1,0,0,1
FINNIFTY13NOV2321000CE.NFO,2023-10-13,14:32:00,2023-11-13,0.1,0.1,0.1,0.1,0,0,1
FINNIFTY13NOV2321000CE.NFO,2023-10-13,14:33:00,2023-11-13,0.1,0.1,0.1,0.1,0,0,1
FINNIFTY13NOV2321000CE.NFO,2023-10-13,14:34:00,2023-11-13,0.1,0.1,0.1,0.1,0,0,1
FINNIFTY13NOV2321000CE.NFO,2023-10-13,14:35:00,2023-11-13,0.1,0.1,0.1,0.1,0,0,1
FINNIFTY13NOV2321000CE.NFO,2023-10-13,14:36:00,2023-11-13,0.1,0.1,0.1,0.1,0,0,1
FINNIFTY13NOV2321000CE.NFO,2023-10-13,14:37:00,2023-11-13,0.1,0.1,0.1,0.1,0,0,1
FINNIFTY13NOV2321000CE.NFO,2023-10-13,14:38:00,2023-11-13,0.1,0.1,0.1,0.1,0,0,1
FINNIFTY13NOV2321000CE.NFO,2023-10-13,14:39:00,2023-11-13,0.1,0.1,0.1,0.1,0,0,1
FINNIFTY13NOV2321000CE.NFO,2023-10-13,14:40:00,2023-11-13,0.1,0.1,0.1,0.1,0,0,1
FINNIFTY13NOV2321000CE.NFO,2023-10-13,14:41:00,2023-11-13,0.1,0.1,0.1,0.1,0,0,1
FINNIFTY13NOV2321000CE.NFO,2023-10-13,14:42:00,2023-11-13,0.1,0.1,0.1,0.1,0,0,1
FINNIFTY13NOV2321000CE.NFO,2023-10-13,14:43:00,2023-11-13,0.1,0.1,0.1,0.1,0,0,1
FINNIFTY13NOV2321000CE.NFO,2023-10-13,14:44:00,2023-11-13,0.1,0.1,0.1,0.1,0,0,1
FINNIFTY13NOV2321000CE.NFO,2023-10-13,14:45:00,2023-11-13,0.1,0.1,0.1,0.1,0,0,1
FINNIFTY13NOV2321000CE.NFO,2023-10-13,14:46:00,2023-11-13,0.1,0.1,0.1,0.1,0,0,1
FINNIFTY13NOV2321000CE.NFO,2023-10-13,14:47:00,2023-11-13,0.1,0.1,0.1,0.1,0,0,1
FINNIFTY13NOV2321000CE.NFO,2023-10-13,14:48:00,2023-11-13,0.1,0.1,0.1,0.1,0,0,1
FINNIFTY13NOV2321000CE.NFO,2023-10-13,14:49:00,2023-11-13,0.1,0.1,0.1,0.1,0,0,1
FINNIFTY13NOV2321000CE.NFO,2023-10-13,14:50:00,2023-11-13,0.1,0.1,0.1,0.1,0,0,1
FINNIFTY13NOV2321000CE.NFO,2023-10-13,14:51:00,2023-11-13,0.1,0.1,0.1,0.1,0,0,1
FINNIFTY13NOV2321000CE.NFO,2023-10-13,14:52:00,2023-11-13,0.1,0.1,0.1,0.1,0,0,1
FINNIFTY13NOV2321000CE.NFO,2023-10-13,14:53:00,2023-11-13,0.1,0.1,0.1,0.1,0,0,1
FINNIFTY13NOV2321000CE.NFO,2023-10-13,14:54:00,2023-11-13,0.1,0.1,0.1,0.1,0,0,1
FINNIFTY13NOV2321000CE.NFO,2023-10-13,14:55:00,2023-11-13,0.1,0.1,0.1,0.1,0,0,1
FINNIFTY13NOV2321000CE.NFO,2023-10-13,14:56:00,2023-11-13,0.1,0.1,0.1,0.1,0,0,1
FINNIFTY13NOV2321000CE.NFO,2023-10-13,14:57:00,2023-11-13,0.1,0.1,0.1,0.1,0,0,1
FINNIFTY13NOV2321000CE.NFO,2023-10-13,14:58:00,2023-11-13,0.1,0.1,0.1,0.1,0,0,1
FINNIFTY13NOV2321000CE.NFO,2023-10-13,14:59:00,2023-11-13,0.1,0.1,0.1,0.1,0,0,1
FINNIFTY13NOV2321000CE.NFO,2023-10-13,15:00:00,2023-11-13,0.1,0.1,0.1,0.1,0,0,1
FINNIFTY13NOV2321000CE.NFO,2023-10-13,15:01:00,2023-11-13,0.1,0.1,0.1,0.1,0,0,1
FINNIFTY13NOV2321000CE.NFO,2023-10-13,15:02:00,2023-11-13,0.1,0.1,0.1,0.1,0,0,1
FINNIFTY13NOV2321000CE.NFO,2023-10-13,15:03:00,2023-11-13,0.1,0.1,0.1,0.1,0,0,1
FINNIFTY13NOV2321000CE.NFO,2023-10-13,15:04:00,2023-11-13,0.1,0.1,0.1,0.1,0,0,1
FINNIFTY13NOV2321000CE.NFO,2023-10-13,15:05:00,2023-11-13,0.1,0.1,0.1,0.1,0,0,1
FINNIFTY13NOV2321000CE.NFO,2023-10-13,15:06:00,2023-11-13,0.1,0.1,0.1,0.1,0,0,1
FINNIFTY13NOV2321000CE.NFO,2023-10-13,15:07:00,2023-11-13,0.1,0.1,0.1,0.1,0,0,1
FINNIFTY13NOV2321000CE.NFO,2023-10-13,15:08:00,2023-11-13,0.1,0.1,0.1,0.1,0,0,1
FINNIFTY13NOV2321000CE.NFO,2023-10-13,15:09:00,2023-11-13,0.1,0.1,0.1,0.1,0,0,1
FINNIFTY13NOV2321000CE.NFO,2023-10-13,15:10:00,2023-11-13,0.1,0.1,0.1,0.1,0,0,1
FINNIFTY13NOV2321000CE.NFO,2023-10-13,15:11:00,2023-11-13,0.1,0.1,0.1,0.1,0,0,1
FINNIFTY13NOV2321000CE.NFO,2023-10-13,15:12:00,2023-11-13,0.1,0.1,0.1,0.1,0,0,1
FINNIFTY13NOV2321000CE.NFO,2023-10-13,15:13:00,2023-11-13,0.1,0.1,0.1,0.1,0,0,1
FINNIFTY13NOV2321000CE.NFO,2023-10-13,15:14:00,2023-11-13,0.1,0.1,0.1,0.1,0,0,1
FINNIFTY13NOV2321000CE.NFO,2023-10-13,15:15:00,2023-11-13,0.1,0.1,0.1,0.1,0,0,1
FINNIFTY13NOV2321000CE.NFO,2023-10-13,15:16:00,2023-11-13,0.1,0.1,0.1,0.1,0,0,1
FINNIFTY13NOV2321000CE.NFO,2023-10-13,15:17:00,2023-11-13,0.1,0.1,0.1,0.1,0,0,1
FINNIFTY13NOV2321000CE.NFO,2023-10-13,15:18:00,2023-11-13,0.1,0.1,0.1,0.1,0,0,1
FINNIFTY13NOV2321000CE.NFO,2023-10-13,15:19:00,2023-11-13,0.1,0.1,0.1,0.1,0,0,1
FINNIFTY13NOV2321000CE.NFO,2023-10-13,15:20:00,2023-11-13,0.1,0.1,0.1,0.1,0,0,1
FINNIFTY13NOV2321000CE.NFO,2023-10-13,15:21:00,2023-11-13,0.1,0.1,0.1,0.1,0,0,1
FINNIFTY13NOV2321000CE.NFO,2023-10-13,15:22:00,2023-11-13,0.1,0.1,0.1,0.1,0,0,1
FINNIFTY13NOV2321000CE.NFO,2023-10-13,15:23:00,2023-11-13,0.1,0.1,0.1,0.1,0,0,1
FINNIFTY13NOV2321000CE.NFO,2023-10-13,15:24:00,2023-11-13,0.1,0.1,0.1,0.1,0,0,1
FINNIFTY13NOV2321000CE.NFO,2023-10-13,15:25:00,2023-11-13,0.1,0.1,0.1,0.1,0,0,1
FINNIFTY13NOV2321000CE.NFO,2023-10-13,15:26:00,2023-11-13,0.1,0.1,0.1,0.1,0,0,1
FINNIFTY13NOV2321000CE.NFO,2023-10-13,15:27:00,2023-11-13,0.1,0.1,0.1,0.1,0,0,1
FINNIFTY13NOV2321000CE.NFO,2023-10-13,15:28:00,2023-11-13,0.1,0.1,0.1,0.1,0,0,1
FINNIFTY13NOV2321000CE.NFO,2023-10-13,15:29:00,2023-11-13,0.1,0.1,0.1,0.1,0,0,1
FINNIFTY13NOV2321000CE.NFO,2023-10-13,15:30:00,2023-11-13,0.1,0.1,0.1,0.1,0,0,1
FINNIFTY13NOV2321000CE.NFO,2023-10-16,09:15:00,2023-11-13,0.1,0.1,0.1,0.1,0,0,0
FINNIFTY13NOV2321000CE.NFO,2023-10-16,09:16:00,2023-11-13,0.1,0.1,0.1,0.1,0,0,1
FINNIFTY13NOV2321000CE.NFO,2023-10-16,09:17:00,2023-11-13,0.1,0.1,0.1,0.1,0,0,1
FINNIFTY13NOV2321000CE.NFO,2023-10-16,09:18:00,2023-11-13,0.1,0.1,0.1,0.1,0,0,1
FINNIFTY13NOV2321000CE.NFO,2023-10-16,09:19:00,2023-11-13,0.1,0.1,0.1,0.1,0,0,1
FINNIFTY13NOV2321000CE.NFO,2023-10-16,09:20:00,2023-11-13,0.1,0.1,0.1,0.1,0,0,1
FINNIFTY13NOV2321000CE.NFO,2023-10-16,09:21:00,2023-11-13,0.1,0.1,0.1,0.1,0,0,1
FINNIFTY13NOV2321000CE.NFO,2023-10-16,09:22:00,2023-11-13,0.1,0.1,0.1,0.1,0,0,1
FINNIFTY13NOV2321000CE.NFO,2023-10-16,09:23:00,2023-11-13,0.1,0.1,0.1,0.1,0,0,1
FINNIFTY13NOV2321000CE.NFO,2023-10-16,09:24:00,2023-11-13,0.1,0.1,0.1,0.1,0,0,1
FINNIFTY13NOV2321000CE.NFO,2023-10-16,09:25:00,2023-11-13,0.1,0.1,0.1,0.1,0,0,1
FINNIFTY13NOV2321000CE.NFO,2023-10-16,09:26:00,2023-11-13,0.1,0.1,0.1,0.1,0,0,1
FINNIFTY13NOV2321000CE.NFO,2023-10-16,09:27:00,2023-11-13,0.1,0.1,0.1,0.1,0,0,1
FINNIFTY13NOV2321000CE.NFO,2023-10-16,09:28:00,2023-11-13,0.1,0.1,0.1,0.1,0,0,1
FINNIFTY13NOV2321000CE.NFO,2023-10-16,09:29:00,2023-11-13,0.1,0.1,0.1,0.1,0,0,1
FINNIFTY13NOV2321000CE.NFO,2023-10-16,09:30:00,2023-11-13,0.1,0.1,0.1,0.1,0,0,1
FINNIFTY13NOV2321000CE.NFO,2023-10-16,09:31:00,2023-11-13,0.1,0.1,0.1,0.1,0,0,1
FINNIFTY13NOV2321000CE.NFO,2023-10-16,09:32:00,2023-11-13,0.1,0.1,0.1,0.1,0,0,1
FINNIFTY13NOV2321000CE.NFO,2023-10-16,09:33:00,2023-11-13,0.1,0.1,0.1,0.1,0,0,1
FINNIFTY13NOV2321000CE.NFO,2023-10-16,09:34:00,2023-11-13,0.1,0.1,0.1,0.1,0,0,1
FINNIFTY13NOV2321000CE.NFO,2023-10-16,09:35:00,2023-11-13,0.1,0.1,0.1,0.1,0,0,1
FINNIFTY13NOV2321000CE.NFO,2023-10-16,09:36:00,2023-11-13,0.1,0.1,0.1,0.1,0,0,1
FINNIFTY13NOV2321000CE.NFO,2023-10-16,09:37:00,2023-11-13,0.1,0.1,0.1,0.1,0,0,1
FINNIFTY13NOV2321000CE.NFO,2023-10-16,09:38:00,2023-11-13,0.1,0.1,0.1,0.1,0,0,1
FINNIFTY13NOV2321000CE.NFO,2023-10-16,09:39:00,2023-11-13,0.1,0.1,0.1,0.1,0,0,1
FINNIFTY13NOV2321000CE.NFO,2023-10-16,09:40:00,2023-11-13,0.1,0.1,0.1,0.1,0,0,1
FINNIFTY13NOV2321000CE.NFO,2023-10-16,09:41:00,2023-11-13,0.1,0.1,0.1,0.1,0,0,1
FINNIFTY13NOV2321000CE.NFO,2023-10-16,09:42:00,2023-11-13,0.1,0.1,0.1,0.1,0,0,1
FINNIFTY13NOV2321000CE.NFO,2023-10-16,09:43:00,2023-11-13,0.1,0.1,0.1,0.1,0,0,1
FINNIFTY13NOV2321000CE.NFO,2023-10-16,09:44:00,2023-11-13,0.1,0.1,0.1,0.1,0,0,1
FINNIFTY13NOV2321000CE.NFO,2023-10-16,09:45:00,2023-11-13,0.1,0.1,0.1,0.1,0,0,1
FINNIFTY13NOV2321000CE.NFO,2023-10-16,09:46:00,2023-11-13,0.1,0.1,0.1,0.1,0,0,1
FINNIFTY13NOV2321000CE.NFO,2023-10-16,09:47:00,2023-11-13,0.1,0.1,0.1,0.1,0,0,1
FINNIFTY13NOV2321000CE.NFO,2023-10-16,09:48:00,2023-11-13,0.1,0.1,0.1,0.1,0,0,1
FINNIFTY13NOV2321000CE.NFO,2023-10-16,09:49:00,2023-11-13,0.1,0.1,0.1,0.1,0,0,1
FINNIFTY13NOV2321000CE.NFO,2023-10-16,09:50:00,2023-11-13,0.1,0.1,0.1,0.1,0,0,1
FINNIFTY13NOV2321000CE.NFO,2023-10-16,09:51:00,2023-11-13,0.1,0.1,0.1,0.1,0,0,1
FINNIFTY13NOV2321000CE.NFO,2023-10-16,09:52:00,2023-11-13,0.1,0.1,0.1,0.1,0,0,1
FINNIFTY13NOV2321000CE.NFO,2023-10-16,09:53:00,2023-11-13,0.1,0.1,0.1,0.1,0,0,1
FINNIFTY13NOV2321000CE.NFO,2023-10-16,09:54:00,2023-11-13,0.1,0.1,0.1,0.1,0,0,1
FINNIFTY13NOV2321000CE.NFO,2023-10-16,09:55:00,2023-11-13,0.1,0.1,0.1,0.1,0,0,1
FINNIFTY13NOV2321000CE.NFO,2023-10-16,09:56:00,2023-11-13,0.1,0.1,0.1,0.1,0,0,1
FINNIFTY13NOV2321000CE.NFO,2023-10-16,09:57:00,2023-11-13,0.1,0.1,0.1,0.1,0,0,1
FINNIFTY13NOV2321000CE.NFO,2023-10-16,09:58:00,2023-11-13,0.1,0.1,0.1,0.1,0,0,1
FINNIFTY13NOV2321000CE.NFO,2023-10-16,09:59:00,2023-11-13,0.1,0.1,0.1,0.1,0,0,1
FINNIFTY13NOV2321000CE.NFO,2023-10-16,10:00:00,2023-11-13,0.1,0.1,0.1,0.1,0,0,1
FINNIFTY13NOV2321000CE.NFO,2023-10-16,10:01:00,2023-11-13,0.1,0.1,0.1,0.1,0,0,1
FINNIFTY13NOV2321000CE.NFO,2023-10-16,10:02:00,2023-11-13,0.1,0.1,0.1,0.1,0,0,1
FINNIFTY13NOV2321000CE.NFO,2023-10-16,10:03:00,2023-11-13,0.1,0.1,0.1,0.1,0,0,1
FINNIFTY13NOV2321000CE.NFO,2023-10-16,10:04:00,2023-11-13,0.1,0.1,0.1,0.1,0,0,1
FINNIFTY13NOV2321000CE.NFO,2023-10-16,10:05:00,2023-11-13,0.1,0.1,0.1,0.1,0,0,1
FINNIFTY13NOV2321000CE.NFO,2023-10-16,10:06:00,2023-11-13,0.1,0.1,0.1,0.1,0,0,1
FINNIFTY13NOV2321000CE.NFO,2023-10-16,10:07:00,2023-11-13,0.1,0.1,0.1,0.1,0,0,1
FINNIFTY13NOV2321000CE.NFO,2023-10-16,10:08:00,2023-11-13,0.1,0.1,0.1,0.1,0,0,1
FINNIFTY13NOV2321000CE.NFO,2023-10-16,10:09:00,2023-11-13,0.1,0.1,0.1,0.1,0,0,1
FINNIFTY13NOV2321000CE.NFO,2023-10-16,10:10:00,2023-11-13,0.1,0.1,0.1,0.1,0,0,1
FINNIFTY13NOV2321000CE.NFO,2023-10-16,10:11:00,2023-11-13,0.1,0.1,0.1,0.1,0,0,1
FINNIFTY13NOV2321000CE.NFO,2023-10-16,10:12:00,2023-11-13,0.1,0.1,0.1,0.1,0,0,1
FINNIFTY13NOV2321000CE.NFO,2023-10-16,10:13:00,2023-11-13,0.1,0.1,0.1,0.1,0,0,1
FINNIFTY13NOV2321000CE.NFO,2023-10-16,10:14:00,2023-11-13,0.1,0.1,0.1,0.1,0,0,1
FINNIFTY13NOV2321000CE.NFO,2023-10-16,10:15:00,2023-11-13,0.1,0.1,0.1,0.1,0,0,1
FINNIFTY13NOV2321000CE.NFO,2023-10-16,10:16:00,2023-11-13,0.1,0.1,0.1,0.1,0,0,1
FINNIFTY13NOV2321000CE.NFO,2023-10-16,10:17:00,2023-11-13,0.1,0.1,0.1,0.1,0,0,1
FINNIFTY13NOV2321000CE.NFO,2023-10-16,10:18:00,2023-11-13,0.1,0.1,0.1,0.1,0,0,1
FINNIFTY13NOV2321000CE.NFO,2023-10-16,10:19:00,2023-11-13,0.1,0.1,0.1,0.1,0,0,1
FINNIFTY13NOV2321000CE.NFO,2023-10-16,10:20:00,2023-11-13,0.1,0.1,0.1,0.1,0,0,1
FINNIFTY13NOV2321000CE.NFO,2023-10-16,10:21:00,2023-11-13,0.1,0.1,0.1,0.1,0,0,1
FINNIFTY13NOV2321000CE.NFO,2023-10-16,10:22:00,2023-11-13,0.1,0.1,0.1,0.1,0,0,1
FINNIFTY13NOV2321000CE.NFO,2023-10-16,10:23:00,2023-11-13,0.1,0.1,0.1,0.1,0,0,1
FINNIFTY13NOV2321000CE.NFO,2023-10-16,10:24:00,2023-11-13,0.1,0.1,0.1,0.1,0,0,1
FINNIFTY13NOV2321000CE.NFO,2023-10-16,10:25:00,2023-11-13,0.1,0.1,0.1,0.1,0,0,1
FINNIFTY13NOV2321000CE.NFO,2023-10-16,10:26:00,2023-11-13,0.1,0.1,0.1,0.1,0,0,1
FINNIFTY13NOV2321000CE.NFO,2023-10-16,10:27:00,2023-11-13,0.1,0.1,0.1,0.1,0,0,1
FINNIFTY13NOV2321000CE.NFO,2023-10-16,10:28:00,2023-11-13,0.1,0.1,0.1,0.1,0,0,1
FINNIFTY13NOV2321000CE.NFO,2023-10-16,10:29:00,2023-11-13,0.1,0.1,0.1,0.1,0,0,1
FINNIFTY13NOV2321000CE.NFO,2023-10-16,10:30:00,2023-11-13,0.1,0.1,0.1,0.1,0,0,1
FINNIFTY13NOV2321000CE.NFO,2023-10-16,10:31:00,2023-11-13,0.1,0.1,0.1,0.1,0,0,1
FINNIFTY13NOV2321000CE.NFO,2023-10-16,10:32:00,2023-11-13,0.1,0.1,0.1,0.1,0,0,1
FINNIFTY13NOV2321000CE.NFO,2023-10-16,10:33:00,2023-11-13,0.1,0.1,0.1,0.1,0,0,1
FINNIFTY13NOV2321000CE.NFO,2023-10-16,10:34:00,2023-11-13,0.1,0.1,0.1,0.1,0,0,1
FINNIFTY13NOV2321000CE.NFO,2023-10-16,10:35:00,2023-11-13,0.1,0.1,0.1,0.1,0,0,1
FINNIFTY13NOV2321000CE.NFO,2023-10-16,10:36:00,2023-11-13,0.1,0.1,0.1,0.1,0,0,1
FINNIFTY13NOV2321000CE.NFO,2023-10-16,10:37:00,2023-11-13,0.1,0.1,0.1,0.1,0,0,1
FINNIFTY13NOV2321000CE.NFO,2023-10-16,10:38:00,2023-11-13,0.1,0.1,0.1,0.1,0,0,1
FINNIFTY13NOV2321000CE.NFO,2023-10-16,10:39:00,2023-11-13,0.1,0.1,0.1,0.1,0,0,1
FINNIFTY13NOV2321000CE.NFO,2023-10-16,10:40:00,2023-11-13,0.1,0.1,0.1,0.1,0,0,1
FINNIFTY13NOV2321000CE.NFO,2023-10-16,10:41:00,2023-11-13,0.1,0.1,0.1,0.1,0,0,1
FINNIFTY13NOV2321000CE.NFO,2023-10-16,10:42:00,2023-11-13,0.1,0.1,0.1,0.1,0,0,1
FINNIFTY13NOV2321000CE.NFO,2023-10-16,10:43:00,2023-11-13,0.1,0.1,0.1,0.1,0,0,1
FINNIFTY13NOV2321000CE.NFO,2023-10-16,10:44:00,2023-11-13,0.1,0.1,0.1,0.1,0,0,1
FINNIFTY13NOV2321000CE.NFO,2023-10-16,10:45:00,2023-11-13,0.1,0.1,0.1,0.1,0,0,1
FINNIFTY13NOV2321000CE.NFO,2023-10-16,10:46:00,2023-11-13,0.1,0.1,0.1,0.1,0,0,1
FINNIFTY13NOV2321000CE.NFO,2023-10-16,10:47:00,2023-11-13,0.1,0.1,0.1,0.1,0,0,1
FINNIFTY13NOV2321000CE.NFO,2023-10-16,10:48:00,2023-11-13,0.1,0.1,0.1,0.1,0,0,1
FINNIFTY13NOV2321000CE.NFO,2023-10-16,10:49:00,2023-11-13,0.1,0.1,0.1,0.1,0,0,1
FINNIFTY13NOV2321000CE.NFO,2023-10-16,10:50:00,2023-11-13,0.1,0.1,0.1,0.1,0,0,1
FINNIFTY13NOV2321000CE.NFO,2023-10-16,10:51:00,2023-11-13,0.1,0.1,0.1,0.1,0,0,1
FINNIFTY13NOV2321000CE.NFO,2023-10-16,10:52:00,2023-11-13,0.1,0.1,0.1,0.1,0,0,1
FINNIFTY13NOV2321000CE.NFO,2023-10-16,10:53:00,2023-11-13,0.1,0.1,0.1,0.1,0,0,1
FINNIFTY13NOV2321000CE.NFO,2023-10-16,10:54:00,2023-11-13,0.1,0.1,0.1,0.1,0,0,1
FINNIFTY13NOV2321000CE.NFO,2023-10-16,10:55:00,2023-11-13,0.1,0.1,0.1,0.1,0,0,1
FINNIFTY13NOV2321000CE.NFO,2023-10-16,10:56:00,2023-11-13,0.1,0.1,0.1,0.1,0,0,1
FINNIFTY13NOV2321000CE.NFO,2023-10-16,10:57:00,2023-11-13,0.1,0.1,0.1,0.1,0,0,1
FINNIFTY13NOV2321000CE.NFO,2023-10-16,10:58:00,2023-11-13,0.1,0.1,0.1,0.1,0,0,1
FINNIFTY13NOV2321000CE.NFO,2023-10-16,10:59:00,2023-11-13,0.1,0.1,0.1,0.1,0,0,1
FINNIFTY13NOV2321000CE.NFO,2023-10-16,11:00:00,2023-11-13,0.1,0.1,0.1,0.1,0,0,1
FINNIFTY13NOV2321000CE.NFO,2023-10-16,11:01:00,2023-11-13,0.1,0.1,0.1,0.1,0,0,1
FINNIFTY13NOV2321000CE.NFO,2023-10-16,11:02:00,2023-11-13,0.1,0.1,0.1,0.1,0,0,1
FINNIFTY13NOV2321000CE.NFO,2023-10-16,11:03:00,2023-11-13,0.1,0.1,0.1,0.1,0,0,1
FINNIFTY13NOV2321000CE.NFO,2023-10-16,11:04:00,2023-11-13,0.1,0.1,0.1,0.1,0,0,1
FINNIFTY13NOV2321000CE.NFO,2023-10-16,11:05:00,2023-11-13,0.1,0.1,0.1,0.1,0,0,1
FINNIFTY13NOV2321000CE.NFO,2023-10-16,11:06:00,2023-11-13,0.1,0.1,0.1,0.1,0,0,1
FINNIFTY13NOV2321000CE.NFO,2023-10-16,11:07:00,2023-11-13,0.1,0.1,0.1,0.1,0,0,1
FINNIFTY13NOV2321000CE.NFO,2023-10-16,11:08:00,2023-11-13,0.1,0.1,0.1,0.1,0,0,1
FINNIFTY13NOV2321000CE.NFO,2023-10-16,11:09:00,2023-11-13,0.1,0.1,0.1,0.1,0,0,1
FINNIFTY13NOV2321000CE.NFO,2023-10-16,11:10:00,2023-11-13,0.1,0.1,0.1,0.1,0,0,1
FINNIFTY13NOV2321000CE.NFO,2023-10-16,11:11:00,2023-11-13,0.1,0.1,0.1,0.1,0,0,1
FINNIFTY13NOV2321000CE.NFO,2023-10-16,11:12:00,2023-11-13,0.1,0.1,0.1,0.1,0,0,1
FINNIFTY13NOV2321000CE.NFO,2023-10-16,11:13:00,2023-11-13,0.1,0.1,0.1,0.1,0,0,1
FINNIFTY13NOV2321000CE.NFO,2023-10-16,11:14:00,2023-11-13,0.1,0.1,0.1,0.1,0,0,1
FINNIFTY13NOV2321000CE.NFO,2023-10-16,11:15:00,2023-11-13,0.1,0.1,0.1,0.1,0,0,1
FINNIFTY13NOV2321000CE.NFO,2023-10-16,11:16:00,2023-11-13,0.1,0.1,0.1,0.1,0,0,1
FINNIFTY13NOV2321000CE.NFO,2023-10-16,11:17:00,2023-11-13,0.1,0.1,0.1,0.1,0,0,1
FINNIFTY13NOV2321000CE.NFO,2023-10-16,11:18:00,2023-11-13,0.1,0.1,0.1,0.1,0,0,1
FINNIFTY13NOV2321000CE.NFO,2023-10-16,11:19:00,2023-11-13,0.1,0.1,0.1,0.1,0,0,1
FINNIFTY13NOV2321000CE.NFO,2023-10-16,11:20:00,2023-11-13,0.1,0.1,0.1,0.1,0,0,1
FINNIFTY13NOV2321000CE.NFO,2023-10-16,11:21:00,2023-11-13,0.1,0.1,0.1,0.1,0,0,1
FINNIFTY13NOV2321000CE.NFO,2023-10-16,11:22:00,2023-11-13,0.1,0.1,0.1,0.1,0,0,1
FINNIFTY13NOV2321000CE.NFO,2023-10-16,11:23:00,2023-11-13,0.1,0.1,0.1,0.1,0,0,1
FINNIFTY13NOV2321000CE.NFO,2023-10-16,11:24:00,2023-11-13,0.1,0.1,0.1,0.1,0,0,1
FINNIFTY13NOV2321000CE.NFO,2023-10-16,11:25:00,2023-11-13,0.1,0.1,0.1,0.1,0,0,1
FINNIFTY13NOV2321000CE.NFO,2023-10-16,11:26:00,2023-11-13,0.1,0.1,0.1,0.1,0,0,1
FINNIFTY13NOV2321000CE.NFO,2023-10-16,11:27:00,2023-11-13,0.1,0.1,0.1,0.1,0,0,1
FINNIFTY13NOV2321000CE.NFO,2023-10-16,11:28:00,2023-11-13,0.1,0.1,0.1,0.1,0,0,1
FINNIFTY13NOV2321000CE.NFO,2023-10-16,11:29:00,2023-11-13,0.1,0.1,0.1,0.1,0,0,1
FINNIFTY13NOV2321000CE.NFO,2023-10-16,11:30:00,2023-11-13,0.1,0.1,0.1,0.1,0,0,1
FINNIFTY13NOV2321000CE.NFO,2023-10-16,11:31:00,2023-11-13,0.1,0.1,0.1,0.1,0,0,1
FINNIFTY13NOV2321000CE.NFO,2023-10-16,11:32:00,2023-11-13,0.1,0.1,0.1,0.1,0,0,1
FINNIFTY13NOV2321000CE.NFO,2023-10-16,11:33:00,2023-11-13,0.1,0.1,0.1,0.1,0,0,1
FINNIFTY13NOV2321000CE.NFO,2023-10-16,11:34:00,2023-11-13,0.1,0.1,0.1,0.1,0,0,1
FINNIFTY13NOV2321000CE.NFO,2023-10-16,11:35:00,2023-11-13,0.1,0.1,0.1,0.1,0,0,1
FINNIFTY13NOV2321000CE.NFO,2023-10-16,11:36:00,2023-11-13,0.1,0.1,0.1,0.1,0,0,1
FINNIFTY13NOV2321000CE.NFO,2023-10-16,11:37:00,2023-11-13,0.1,0.1,0.1,0.1,0,0,1
FINNIFTY13NOV2321000CE.NFO,2023-10-16,11:38:00,2023-11-13,0.1,0.1,0.1,0.1,0,0,1
FINNIFTY13NOV2321000CE.NFO,2023-10-16,11:39:00,2023-11-13,0.1,0.1,0.1,0.1,0,0,1
FINNIFTY13NOV2321000CE.NFO,2023-10-16,11:40:00,2023-11-13,0.1,0.1,0.1,0.1,0,0,1
FINNIFTY13NOV2321000CE.NFO,2023-10-16,11:41:00,2023-11-13,0.1,0.1,0.1,0.1,0,0,1
FINNIFTY13NOV2321000CE.NFO,2023-10-16,11:42:00,2023-11-13,0.1,0.1,0.1,0.1,0,0,1
FINNIFTY13NOV2321000CE.NFO,2023-10-16,11:43:00,2023-11-13,0.1,0.1,0.1,0.1,0,0,1
FINNIFTY13NOV2321000CE.NFO,2023-10-16,11:44:00,2023-11-13,0.1,0.1,0.1,0.1,0,0,1
FINNIFTY13NOV2321000CE.NFO,2023-10-16,11:45:00,2023-11-13,0.1,0.1,0.1,0.1,0,0,1
FINNIFTY13NOV2321000CE.NFO,2023-10-16,11:46:00,2023-11-13,0.1,0.1,0.1,0.1,0,0,1
FINNIFTY13NOV2321000CE.NFO,2023-10-16,11:47:00,2023-11-13,0.1,0.1,0.1,0.1,0,0,1
FINNIFTY13NOV2321000CE.NFO,2023-10-16,11:48:00,2023-11-13,0.1,0.1,0.1,0.1,0,0,1
FINNIFTY13NOV2321000CE.NFO,2023-10-16,11:49:00,2023-11-13,0.1,0.1,0.1,0.1,0,0,1
FINNIFTY13NOV2321000CE.NFO,2023-10-16,11:50:00,2023-11-13,0.1,0.1,0.1,0.1,0,0,1
FINNIFTY13NOV2321000CE.NFO,2023-10-16,11:51:00,2023-11-13,0.1,0.1,0.1,0.1,0,0,1
FINNIFTY13NOV2321000CE.NFO,2023-10-16,11:52:00,2023-11-13,0.1,0.1,0.1,0.1,0,0,1
FINNIFTY13NOV2321000CE.NFO,2023-10-16,11:53:00,2023-11-13,0.1,0.1,0.1,0.1,0,0,1
FINNIFTY13NOV2321000CE.NFO,2023-10-16,11:54:00,2023-11-13,0.1,0.1,0.1,0.1,0,0,1
FINNIFTY13NOV2321000CE.NFO,2023-10-16,11:55:00,2023-11-13,0.1,0.1,0.1,0.1,0,0,1
FINNIFTY13NOV2321000CE.NFO,2023-10-16,11:56:00,2023-11-13,0.1,0.1,0.1,0.1,0,0,1
FINNIFTY13NOV2321000CE.NFO,2023-10-16,11:57:00,2023-11-13,0.1,0.1,0.1,0.1,0,0,1
FINNIFTY13NOV2321000CE.NFO,2023-10-16,11:58:00,2023-11-13,0.1,0.1,0.1,0.1,0,0,1
FINNIFTY13NOV2321000CE.NFO,2023-10-16,11:59:00,2023-11-13,0.1,0.1,0.1,0.1,0,0,1
FINNIFTY13NOV2321000CE.NFO,2023-10-16,12:00:00,2023-11-13,0.1,0.1,0.1,0.1,0,0,1
FINNIFTY13NOV2321000CE.NFO,2023-10-16,12:01:00,2023-11-13,0.1,0.1,0.1,0.1,0,0,1
FINNIFTY13NOV2321000CE.NFO,2023-10-16,12:02:00,2023-11-13,0.1,0.1,0.1,0.1,0,0,1
FINNIFTY13NOV2321000CE.NFO,2023-10-16,12:03:00,2023-11-13,0.1,0.1,0.1,0.1,0,0,1
FINNIFTY13NOV2321000CE.NFO,2023-10-16,12:04:00,2023-11-13,0.1,0.1,0.1,0.1,0,0,1
FINNIFTY13NOV2321000CE.NFO,2023-10-16,12:05:00,2023-11-13,0.1,0.1,0.1,0.1,0,0,1
FINNIFTY13NOV2321000CE.NFO,2023-10-16,12:06:00,2023-11-13,0.1,0.1,0.1,0.1,0,0,1
FINNIFTY13NOV2321000CE.NFO,2023-10-16,12:07:00,2023-11-13,0.1,0.1,0.1,0.1,0,0,1
FINNIFTY13NOV2321000CE.NFO,2023-10-16,12:08:00,2023-11-13,0.1,0.1,0.1,0.1,0,0,1
FINNIFTY13NOV2321000CE.NFO,2023-10-16,12:09:00,2023-11-13,0.1,0.1,0.1,0.1,0,0,1
FINNIFTY13NOV2321000CE.NFO,2023-10-16,12:10:00,2023-11-13,0.1,0.1,0.1,0.1,0,0,1
FINNIFTY13NOV2321000CE.NFO,2023-10-16,12:11:00,2023-11-13,0.1,0.1,0.1,0.1,0,0,1
FINNIFTY13NOV2321000CE.NFO,2023-10-16,12:12:00,2023-11-13,0.1,0.1,0.1,0.1,0,0,1
FINNIFTY13NOV2321000CE.NFO,2023-10-16,12:13:00,2023-11-13,0.1,0.1,0.1,0.1,0,0,1
FINNIFTY13NOV2321000CE.NFO,2023-10-16,12:14:00,2023-11-13,0.1,0.1,0.1,0.1,0,0,1
FINNIFTY13NOV2321000CE.NFO,2023-10-16,12:15:00,2023-11-13,0.1,0.1,0.1,0.1,0,0,1
FINNIFTY13NOV2321000CE.NFO,2023-10-16,12:16:00,2023-11-13,0.1,0.1,0.1,0.1,0,0,1
FINNIFTY13NOV2321000CE.NFO,2023-10-16,12:17:00,2023-11-13,0.1,0.1,0.1,0.1,0,0,1
FINNIFTY13NOV2321000CE.NFO,2023-10-16,12:18:00,2023-11-13,0.1,0.1,0.1,0.1,0,0,1
FINNIFTY13NOV2321000CE.NFO,2023-10-16,12:19:00,2023-11-13,0.1,0.1,0.1,0.1,0,0,1
FINNIFTY13NOV2321000CE.NFO,2023-10-16,12:20:00,2023-11-13,0.1,0.1,0.1,0.1,0,0,1
FINNIFTY13NOV2321000CE.NFO,2023-10-16,12:21:00,2023-11-13,0.1,0.1,0.1,0.1,0,0,1
FINNIFTY13NOV2321000CE.NFO,2023-10-16,12:22:00,2023-11-13,0.1,0.1,0.1,0.1,0,0,1
FINNIFTY13NOV2321000CE.NFO,2023-10-16,12:23:00,2023-11-13,0.1,0.1,0.1,0.1,0,0,1
FINNIFTY13NOV2321000CE.NFO,2023-10-16,12:24:00,2023-11-13,0.1,0.1,0.1,0.1,0,0,1
FINNIFTY13NOV2321000CE.NFO,2023-10-16,12:25:00,2023-11-13,0.1,0.1,0.1,0.1,0,0,1
FINNIFTY13NOV2321000CE.NFO,2023-10-16,12:26:00,2023-11-13,0.1,0.1,0.1,0.1,0,0,1
FINNIFTY13NOV2321000CE.NFO,2023-10-16,12:27:00,2023-11-13,0.1,0.1,0.1,0.1,0,0,1
FINNIFTY13NOV2321000CE.NFO,2023-10-16,12:28:00,2023-11-13,0.1,0.1,0.1,0.1,0,0,1
FINNIFTY13NOV2321000CE.NFO,2023-10-16,12:29:00,2023-11-13,0.1,0.1,0.1,0.1,0,0,1
FINNIFTY13NOV2321000CE.NFO,2023-10-16,12:30:00,2023-11-13,0.1,0.1,0.1,0.1,0,0,1
FINNIFTY13NOV2321000CE.NFO,2023-10-16,12:31:00,2023-11-13,0.1,0.1,0.1,0.1,0,0,1
FINNIFTY13NOV2321000CE.NFO,2023-10-16,12:32:00,2023-11-13,0.1,0.1,0.1,0.1,0,0,1
FINNIFTY13NOV2321000CE.NFO,2023-10-16,12:33:00,2023-11-13,0.1,0.1,0.1,0.1,0,0,1
FINNIFTY13NOV2321000CE.NFO,2023-10-16,12:34:00,2023-11-13,0.1,0.1,0.1,0.1,0,0,1
FINNIFTY13NOV2321000CE.NFO,2023-10-16,12:35:00,2023-11-13,0.1,0.1,0.1,0.1,0,0,1
FINNIFTY13NOV2321000CE.NFO,2023-10-16,12:36:00,2023-11-13,0.1,0.1,0.1,0.1,0,0,1
FINNIFTY13NOV2321000CE.NFO,2023-10-16,12:37:00,2023-11-13,0.1,0.1,0.1,0.1,0,0,1
FINNIFTY13NOV2321000CE.NFO,2023-10-16,12:38:00,2023-11-13,0.1,0.1,0.1,0.1,0,0,1
FINNIFTY13NOV2321000CE.NFO,2023-10-16,12:39:00,2023-11-13,0.1,0.1,0.1,0.1,0,0,1
FINNIFTY13NOV2321000CE.NFO,2023-10-16,12:40:00,2023-11-13,0.1,0.1,0.1,0.1,0,0,1
FINNIFTY13NOV2321000CE.NFO,2023-10-16,12:41:00,2023-11-13,0.1,0.1,0.1,0.1,0,0,1
FINNIFTY13NOV2321000CE.NFO,2023-10-16,12:42:00,2023-11-13,0.1,0.1,0.1,0.1,0,0,1
FINNIFTY13NOV2321000CE.NFO,2023-10-16,12:43:00,2023-11-13,0.1,0.1,0.1,0.1,0,0,1
FINNIFTY13NOV2321000CE.NFO,2023-10-16,12:44:00,2023-11-13,0.1,0.1,0.1,0.1,0,0,1
FINNIFTY13NOV2321000CE.NFO,2023-10-16,12:45:00,2023-11-13,0.1,0.1,0.1,0.1,0,0,1
FINNIFTY13NOV2321000CE.NFO,2023-10-16,12:46:00,2023-11-13,0.1,0.1,0.1,0.1,0,0,1
FINNIFTY13NOV2321000CE.NFO,2023-10-16,12:47:00,2023-11-13,0.1,0.1,0.1,0.1,0,0,1
FINNIFTY13NOV2321000CE.NFO,2023-10-16,12:48:00,2023-11-13,0.1,0.1,0.1,0.1,0,0,1
FINNIFTY13NOV2321000CE.NFO,2023-10-16,12:49:00,2023-11-13,0.1,0.1,0.1,0.1,0,0,1
FINNIFTY13NOV2321000CE.NFO,2023-10-16,12:50:00,2023-11-13,0.1,0.1,0.1,0.1,0,0,1
FINNIFTY13NOV2321000CE.NFO,2023-10-16,12:51:00,2023-11-13,0.1,0.1,0.1,0.1,0,0,1
FINNIFTY13NOV2321000CE.NFO,2023-10-16,12:52:00,2023-11-13,0.1,0.1,0.1,0.1,0,0,1
FINNIFTY13NOV2321000CE.NFO,2023-10-16,12:53:00,2023-11-13,0.1,0.1,0.1,0.1,0,0,1
FINNIFTY13NOV2321000CE.NFO,2023-10-16,12:54:00,2023-11-13,0.1,0.1,0.1,0.1,0,0,1
FINNIFTY13NOV2321000CE.NFO,2023-10-16,12:55:00,2023-11-13,0.1,0.1,0.1,0.1,0,0,1
FINNIFTY13NOV2321000CE.NFO,2023-10-16,12:56:00,2023-11-13,0.1,0.1,0.1,0.1,0,0,1
FINNIFTY13NOV2321000CE.NFO,2023-10-16,12:57:00,2023-11-13,0.1,0.1,0.1,0.1,0,0,1
FINNIFTY13NOV2321000CE.NFO,2023-10-16,12:58:00,2023-11-13,0.1,0.1,0.1,0.1,0,0,1
FINNIFTY13NOV2321000CE.NFO,2023-10-16,12:59:00,2023-11-13,0.1,0.1,0.1,0.1,0,0,1
FINNIFTY13NOV2321000CE.NFO,2023-10-16,13:00:00,2023-11-13,0.1,0.1,0.1,0.1,0,0,1
FINNIFTY13NOV2321000CE.NFO,2023-10-16,13:01:00,2023-11-13,0.1,0.1,0.1,0.1,0,0,1
FINNIFTY13NOV2321000CE.NFO,2023-10-16,13:02:00,2023-11-13,0.1,0.1,0.1,0.1,0,0,1
FINNIFTY13NOV2321000CE.NFO,2023-10-16,13:03:00,2023-11-13,0.1,0.1,0.1,0.1,0,0,1
FINNIFTY13NOV2321000CE.NFO,2023-10-16,13:04:00,2023-11-13,0.1,0.1,0.1,0.1,0,0,1
FINNIFTY13NOV2321000CE.NFO,2023-10-16,13:05:00,2023-11-13,0.1,0.1,0.1,0.1,0,0,1
FINNIFTY13NOV2321000CE.NFO,2023-10-16,13:06:00,2023-11-13,0.1,0.1,0.1,0.1,0,0,1
FINNIFTY13NOV2321000CE.NFO,2023-10-16,13:07:00,2023-11-13,0.1,0.1,0.1,0.1,0,0,1
FINNIFTY13NOV2321000CE.NFO,2023-10-16,13:08:00,2023-11-13,0.1,0.1,0.1,0.1,0,0,1
FINNIFTY13NOV2321000CE.NFO,2023-10-16,13:09:00,2023-11-13,0.1,0.1,0.1,0.1,0,0,1
FINNIFTY13NOV2321000CE.NFO,2023-10-16,13:10:00,2023-11-13,0.1,0.1,0.1,0.1,0,0,1
FINNIFTY13NOV2321000CE.NFO,2023-10-16,13:11:00,2023-11-13,0.1,0.1,0.1,0.1,0,0,1
FINNIFTY13NOV2321000CE.NFO,2023-10-16,13:12:00,2023-11-13,0.1,0.1,0.1,0.1,0,0,1
FINNIFTY13NOV2321000CE.NFO,2023-10-16,13:13:00,2023-11-13,0.1,0.1,0.1,0.1,0,0,1
FINNIFTY13NOV2321000CE.NFO,2023-10-16,13:14:00,2023-11-13,0.1,0.1,0.1,0.1,0,0,1
FINNIFTY13NOV2321000CE.NFO,2023-10-16,13:15:00,2023-11-13,0.1,0.1,0.1,0.1,0,0,1
FINNIFTY13NOV2321000CE.NFO,2023-10-16,13:16:00,2023-11-13,0.1,0.1,0.1,0.1,0,0,1
FINNIFTY13NOV2321000CE.NFO,2023-10-16,13:17:00,2023-11-13,0.1,0.1,0.1,0.1,0,0,1
FINNIFTY13NOV2321000CE.NFO,2023-10-16,13:18:00,2023-11-13,0.1,0.1,0.1,0.1,0,0,1
FINNIFTY13NOV2321000CE.NFO,2023-10-16,13:19:00,2023-11-13,0.1,0.1,0.1,0.1,0,0,1
FINNIFTY13NOV2321000CE.NFO,2023-10-16,13:20:00,2023-11-13,0.1,0.1,0.1,0.1,0,0,1
FINNIFTY13NOV2321000CE.NFO,2023-10-16,13:21:00,2023-11-13,0.1,0.1,0.1,0.1,0,0,1
FINNIFTY13NOV2321000CE.NFO,2023-10-16,13:22:00,2023-11-13,0.1,0.1,0.1,0.1,0,0,1
FINNIFTY13NOV2321000CE.NFO,2023-10-16,13:23:00,2023-11-13,0.1,0.1,0.1,0.1,0,0,1
FINNIFTY13NOV2321000CE.NFO,2023-10-16,13:24:00,2023-11-13,0.1,0.1,0.1,0.1,0,0,1
FINNIFTY13NOV2321000CE.NFO,2023-10-16,13:25:00,2023-11-13,0.1,0.1,0.1,0.1,0,0,1
FINNIFTY13NOV2321000CE.NFO,2023-10-16,13:26:00,2023-11-13,0.1,0.1,0.1,0.1,0,0,1
FINNIFTY13NOV2321000CE.NFO,2023-10-16,13:27:00,2023-11-13,0.1,0.1,0.1,0.1,0,0,1
FINNIFTY13NOV2321000CE.NFO,2023-10-16,13:28:00,2023-11-13,0.1,0.1,0.1,0.1,0,0,1
FINNIFTY13NOV2321000CE.NFO,2023-10-16,13:29:00,2023-11-13,0.1,0.1,0.1,0.1,0,0,1
FINNIFTY13NOV2321000CE.NFO,2023-10-16,13:30:00,2023-11-13,0.1,0.1,0.1,0.1,0,0,1
FINNIFTY13NOV2321000CE.NFO,2023-10-16,13:31:00,2023-11-13,0.1,0.1,0.1,0.1,0,0,1
FINNIFTY13NOV2321000CE.NFO,2023-10-16,13:32:00,2023-11-13,0.1,0.1,0.1,0.1,0,0,1
FINNIFTY13NOV2321000CE.NFO,2023-10-16,13:33:00,2023-11-13,0.1,0.1,0.1,0.1,0,0,1
FINNIFTY13NOV2321000CE.NFO,2023-10-16,13:34:00,2023-11-13,0.1,0.1,0.1,0.1,0,0,1
FINNIFTY13NOV2321000CE.NFO,2023-10-16,13:35:00,2023-11-13,0.1,0.1,0.1,0.1,0,0,1
FINNIFTY13NOV2321000CE.NFO,2023-10-16,13:36:00,2023-11-13,0.1,0.1,0.1,0.1,0,0,1
FINNIFTY13NOV2321000CE.NFO,2023-10-16,13:37:00,2023-11-13,0.1,0.1,0.1,0.1,0,0,1
FINNIFTY13NOV2321000CE.NFO,2023-10-16,13:38:00,2023-11-13,0.1,0.1,0.1,0.1,0,0,1
FINNIFTY13NOV2321000CE.NFO,2023-10-16,13:39:00,2023-11-13,0.1,0.1,0.1,0.1,0,0,1
FINNIFTY13NOV2321000CE.NFO,2023-10-16,13:40:00,2023-11-13,0.1,0.1,0.1,0.1,0,0,1
FINNIFTY13NOV2321000CE.NFO,2023-10-16,13:41:00,2023-11-13,0.1,0.1,0.1,0.1,0,0,1
FINNIFTY13NOV2321000CE.NFO,2023-10-16,13:42:00,2023-11-13,0.1,0.1,0.1,0.1,0,0,1
FINNIFTY13NOV2321000CE.NFO,2023-10-16,13:43:00,2023-11-13,0.1,0.1,0.1,0.1,0,0,1
FINNIFTY13NOV2321000CE.NFO,2023-10-16,13:44:00,2023-11-13,0.1,0.1,0.1,0.1,0,0,1
FINNIFTY13NOV2321000CE.NFO,2023-10-16,13:45:00,2023-11-13,0.1,0.1,0.1,0.1,0,0,1
FINNIFTY13NOV2321000CE.NFO,2023-10-16,13:46:00,2023-11-13,0.1,0.1,0.1,0.1,0,0,1
FINNIFTY13NOV2321000CE.NFO,2023-10-16,13:47:00,2023-11-13,0.1,0.1,0.1,0.1,0,0,1
FINNIFTY13NOV2321000CE.NFO,2023-10-16,13:48:00,2023-11-13,0.1,0.1,0.1,0.1,0,0,1
FINNIFTY13NOV2321000CE.NFO,2023-10-16,13:49:00,2023-11-13,0.1,0.1,0.1,0.1,0,0,1
FINNIFTY13NOV2321000CE.NFO,2023-10-16,13:50:00,2023-11-13,0.1,0.1,0.1,0.1,0,0,1
FINNIFTY13NOV2321000CE.NFO,2023-10-16,13:51:00,2023-11-13,0.1,0.1,0.1,0.1,0,0,1
FINNIFTY13NOV2321000CE.NFO,2023-10-16,13:52:00,2023-11-13,0.1,0.1,0.1,0.1,0,0,1
FINNIFTY13NOV2321000CE.NFO,2023-10-16,13:53:00,2023-11-13,0.1,0.1,0.1,0.1,0,0,1
FINNIFTY13NOV2321000CE.NFO,2023-10-16,13:54:00,2023-11-13,0.1,0.1,0.1,0.1,0,0,1
FINNIFTY13NOV2321000CE.NFO,2023-10-16,13:55:00,2023-11-13,0.1,0.1,0.1,0.1,0,0,1
FINNIFTY13NOV2321000CE.NFO,2023-10-16,13:56:00,2023-11-13,0.1,0.1,0.1,0.1,0,0,1
FINNIFTY13NOV2321000CE.NFO,2023-10-16,13:57:00,2023-11-13,0.1,0.1,0.1,0.1,0,0,1
FINNIFTY13NOV2321000CE.NFO,2023-10-16,13:58:00,2023-11-13,0.1,0.1,0.1,0.1,0,0,1
FINNIFTY13NOV2321000CE.NFO,2023-10-16,13:59:00,2023-11-13,0.1,0.1,0.1,0.1,0,0,1
FINNIFTY13NOV2321000CE.NFO,2023-10-16,14:00:00,2023-11-13,0.1,0.1,0.1,0.1,0,0,1
FINNIFTY13NOV2321000CE.NFO,2023-10-16,14:01:00,2023-11-13,0.1,0.1,0.1,0.1,0,0,1
FINNIFTY13NOV2321000CE.NFO,2023-10-16,14:02:00,2023-11-13,0.1,0.1,0.1,0.1,0,0,1
FINNIFTY13NOV2321000CE.NFO,2023-10-16,14:03:00,2023-11-13,0.1,0.1,0.1,0.1,0,0,1
FINNIFTY13NOV2321000CE.NFO,2023-10-16,14:04:00,2023-11-13,0.1,0.1,0.1,0.1,0,0,1
FINNIFTY13NOV2321000CE.NFO,2023-10-16,14:05:00,2023-11-13,0.1,0.1,0.1,0.1,0,0,1
FINNIFTY13NOV2321000CE.NFO,2023-10-16,14:06:00,2023-11-13,0.1,0.1,0.1,0.1,0,0,1
FINNIFTY13NOV2321000CE.NFO,2023-10-16,14:07:00,2023-11-13,0.1,0.1,0.1,0.1,0,0,1
FINNIFTY13NOV2321000CE.NFO,2023-10-16,14:08:00,2023-11-13,0.1,0.1,0.1,0.1,0,0,1
FINNIFTY13NOV2321000CE.NFO,2023-10-16,14:09:00,2023-11-13,0.1,0.1,0.1,0.1,0,0,1
FINNIFTY13NOV2321000CE.NFO,2023-10-16,14:10:00,2023-11-13,0.1,0.1,0.1,0.1,0,0,1
FINNIFTY13NOV2321000CE.NFO,2023-10-16,14:11:00,2023-11-13,0.1,0.1,0.1,0.1,0,0,1
FINNIFTY13NOV2321000CE.NFO,2023-10-16,14:12:00,2023-11-13,0.1,0.1,0.1,0.1,0,0,1
FINNIFTY13NOV2321000CE.NFO,2023-10-16,14:13:00,2023-11-13,0.1,0.1,0.1,0.1,0,0,1
FINNIFTY13NOV2321000CE.NFO,2023-10-16,14:14:00,2023-11-13,0.1,0.1,0.1,0.1,0,0,1
FINNIFTY13NOV2321000CE.NFO,2023-10-16,14:15:00,2023-11-13,0.1,0.1,0.1,0.1,0,0,1
FINNIFTY13NOV2321000CE.NFO,2023-10-16,14:16:00,2023-11-13,0.1,0.1,0.1,0.1,0,0,1
FINNIFTY13NOV2321000CE.NFO,2023-10-16,14:17:00,2023-11-13,0.1,0.1,0.1,0.1,0,0,1
FINNIFTY13NOV2321000CE.NFO,2023-10-16,14:18:00,2023-11-13,0.1,0.1,0.1,0.1,0,0,1
FINNIFTY13NOV2321000CE.NFO,2023-10-16,14:19:00,2023-11-13,0.1,0.1,0.1,0.1,0,0,1
FINNIFTY13NOV2321000CE.NFO,2023-10-16,14:20:00,2023-11-13,0.1,0.1,0.1,0.1,0,0,1
FINNIFTY13NOV2321000CE.NFO,2023-10-16,14:21:00,2023-11-13,0.1,0.1,0.1,0.1,0,0,1
FINNIFTY13NOV2321000CE.NFO,2023-10-16,14:22:00,2023-11-13,0.1,0.1,0.1,0.1,0,0,1
FINNIFTY13NOV2321000CE.NFO,2023-10-16,14:23:00,2023-11-13,0.1,0.1,0.1,0.1,0,0,1
FINNIFTY13NOV2321000CE.NFO,2023-10-16,14:24:00,2023-11-13,0.1,0.1,0.1,0.1,0,0,1
FINNIFTY13NOV2321000CE.NFO,2023-10-16,14:25:00,2023-11-13,0.1,0.1,0.1,0.1,0,0,1
FINNIFTY13NOV2321000CE.NFO,2023-10-16,14:26:00,2023-11-13,0.1,0.1,0.1,0.1,0,0,1
FINNIFTY13NOV2321000CE.NFO,2023-10-16,14:27:00,2023-11-13,0.1,0.1,0.1,0.1,0,0,1
FINNIFTY13NOV2321000CE.NFO,2023-10-16,14:28:00,2023-11-13,0.1,0.1,0.1,0.1,0,0,1
FINNIFTY13NOV2321000CE.NFO,2023-10-16,14:29:00,2023-11-13,0.1,0.1,0.1,0.1,0,0,1
FINNIFTY13NOV2321000CE.NFO,2023-10-16,14:30:00,2023-11-13,0.1,0.1,0.1,0.1,0,0,1
FINNIFTY13NOV2321000CE.NFO,2023-10-16,14:31:00,2023-11-13,0.1,0.1,0.1,0.1,0,0,1
FINNIFTY13NOV2321000CE.NFO,2023-10-16,14:32:00,2023-11-13,0.1,0.1,0.1,0.1,0,0,1
FINNIFTY13NOV2321000CE.NFO,2023-10-16,14:33:00,2023-11-13,0.1,0.1,0.1,0.1,0,0,1
FINNIFTY13NOV2321000CE.NFO,2023-10-16,14:34:00,2023-11-13,0.1,0.1,0.1,0.1,0,0,1
FINNIFTY13NOV2321000CE.NFO,2023-10-16,14:35:00,2023-11-13,0.1,0.1,0.1,0.1,0,0,1
FINNIFTY13NOV2321000CE.NFO,2023-10-16,14:36:00,2023-11-13,0.1,0.1,0.1,0.1,0,0,1
FINNIFTY13NOV2321000CE.NFO,2023-10-16,14:37:00,2023-11-13,0.1,0.1,0.1,0.1,0,0,1
FINNIFTY13NOV2321000CE.NFO,2023-10-16,14:38:00,2023-11-13,0.1,0.1,0.1,0.1,0,0,1
FINNIFTY13NOV2321000CE.NFO,2023-10-16,14:39:00,2023-11-13,0.1,0.1,0.1,0.1,0,0,1
FINNIFTY13NOV2321000CE.NFO,2023-10-16,14:40:00,2023-11-13,0.1,0.1,0.1,0.1,0,0,1
FINNIFTY13NOV2321000CE.NFO,2023-10-16,14:41:00,2023-11-13,0.1,0.1,0.1,0.1,0,0,1
FINNIFTY13NOV2321000CE.NFO,2023-10-16,14:42:00,2023-11-13,0.1,0.1,0.1,0.1,0,0,1
FINNIFTY13NOV2321000CE.NFO,2023-10-16,14:43:00,2023-11-13,0.1,0.1,0.1,0.1,0,0,1
FINNIFTY13NOV2321000CE.NFO,2023-10-16,14:44:00,2023-11-13,0.1,0.1,0.1,0.1,0,0,1
FINNIFTY13NOV2321000CE.NFO,2023-10-16,14:45:00,2023-11-13,0.1,0.1,0.1,0.1,0,0,1
FINNIFTY13NOV2321000CE.NFO,2023-10-16,14:46:00,2023-11-13,0.1,0.1,0.1,0.1,0,0,1
FINNIFTY13NOV2321000CE.NFO,2023-10-16,14:47:00,2023-11-13,0.1,0.1,0.1,0.1,0,0,1
FINNIFTY13NOV2321000CE.NFO,2023-10-16,14:48:00,2023-11-13,0.1,0.1,0.1,0.1,0,0,1
FINNIFTY13NOV2321000CE.NFO,2023-10-16,14:49:00,2023-11-13,0.1,0.1,0.1,0.1,0,0,1
FINNIFTY13NOV2321000CE.NFO,2023-10-16,14:50:00,2023-11-13,0.1,0.1,0.1,0.1,0,0,1
FINNIFTY13NOV2321000CE.NFO,2023-10-16,14:51:00,2023-11-13,0.1,0.1,0.1,0.1,0,0,1
FINNIFTY13NOV2321000CE.NFO,2023-10-16,14:52:00,2023-11-13,0.1,0.1,0.1,0.1,0,0,1
FINNIFTY13NOV2321000CE.NFO,2023-10-16,14:53:00,2023-11-13,0.1,0.1,0.1,0.1,0,0,1
FINNIFTY13NOV2321000CE.NFO,2023-10-16,14:54:00,2023-11-13,0.1,0.1,0.1,0.1,0,0,1
FINNIFTY13NOV2321000CE.NFO,2023-10-16,14:55:00,2023-11-13,0.1,0.1,0.1,0.1,0,0,1
FINNIFTY13NOV2321000CE.NFO,2023-10-16,14:56:00,2023-11-13,0.1,0.1,0.1,0.1,0,0,1
FINNIFTY13NOV2321000CE.NFO,2023-10-16,14:57:00,2023-11-13,0.1,0.1,0.1,0.1,0,0,1
FINNIFTY13NOV2321000CE.NFO,2023-10-16,14:58:00,2023-11-13,0.1,0.1,0.1,0.1,0,0,1
FINNIFTY13NOV2321000CE.NFO,2023-10-16,14:59:00,2023-11-13,0.1,0.1,0.1,0.1,0,0,1
FINNIFTY13NOV2321000CE.NFO,2023-10-16,15:00:00,2023-11-13,0.1,0.1,0.1,0.1,0,0,1
FINNIFTY13NOV2321000CE.NFO,2023-10-16,15:01:00,2023-11-13,0.1,0.1,0.1,0.1,0,0,1
FINNIFTY13NOV2321000CE.NFO,2023-10-16,15:02:00,2023-11-13,0.1,0.1,0.1,0.1,0,0,1
FINNIFTY13NOV2321000CE.NFO,2023-10-16,15:03:00,2023-11-13,0.1,0.1,0.1,0.1,0,0,1
FINNIFTY13NOV2321000CE.NFO,2023-10-16,15:04:00,2023-11-13,0.1,0.1,0.1,0.1,0,0,1
FINNIFTY13NOV2321000CE.NFO,2023-10-16,15:05:00,2023-11-13,0.1,0.1,0.1,0.1,0,0,1
FINNIFTY13NOV2321000CE.NFO,2023-10-16,15:06:00,2023-11-13,0.1,0.1,0.1,0.1,0,0,1
FINNIFTY13NOV2321000CE.NFO,2023-10-16,15:07:00,2023-11-13,0.1,0.1,0.1,0.1,0,0,1
FINNIFTY13NOV2321000CE.NFO,2023-10-16,15:08:00,2023-11-13,0.1,0.1,0.1,0.1,0,0,1
FINNIFTY13NOV2321000CE.NFO,2023-10-16,15:09:00,2023-11-13,0.1,0.1,0.1,0.1,0,0,1
FINNIFTY13NOV2321000CE.NFO,2023-10-16,15:10:00,2023-11-13,0.1,0.1,0.1,0.1,0,0,1
FINNIFTY13NOV2321000CE.NFO,2023-10-16,15:11:00,2023-11-13,0.1,0.1,0.1,0.1,0,0,1
FINNIFTY13NOV2321000CE.NFO,2023-10-16,15:12:00,2023-11-13,0.1,0.1,0.1,0.1,0,0,1
FINNIFTY13NOV2321000CE.NFO,2023-10-16,15:13:00,2023-11-13,0.1,0.1,0.1,0.1,0,0,1
FINNIFTY13NOV2321000CE.NFO,2023-10-16,15:14:00,2023-11-13,0.1,0.1,0.1,0.1,0,0,1
FINNIFTY13NOV2321000CE.NFO,2023-10-16,15:15:00,2023-11-13,0.1,0.1,0.1,0.1,0,0,1
FINNIFTY13NOV2321000CE.NFO,2023-10-16,15:16:00,2023-11-13,0.1,0.1,0.1,0.1,0,0,1
FINNIFTY13NOV2321000CE.NFO,2023-10-16,15:17:00,2023-11-13,0.1,0.1,0.1,0.1,0,0,1
FINNIFTY13NOV2321000CE.NFO,2023-10-16,15:18:00,2023-11-13,0.1,0.1,0.1,0.1,0,0,1
FINNIFTY13NOV2321000CE.NFO,2023-10-16,15:19:00,2023-11-13,0.1,0.1,0.1,0.1,0,0,1
FINNIFTY13NOV2321000CE.NFO,2023-10-16,15:20:00,2023-11-13,0.1,0.1,0.1,0.1,0,0,1
FINNIFTY13NOV2321000CE.NFO,2023-10-16,15:21:00,2023-11-13,0.1,0.1,0.1,0.1,0,0,1
FINNIFTY13NOV2321000CE.NFO,2023-10-16,15:22:00,2023-11-13,0.1,0.1,0.1,0.1,0,0,1
FINNIFTY13NOV2321000CE.NFO,2023-10-16,15:23:00,2023-11-13,0.1,0.1,0.1,0.1,0,0,1
FINNIFTY13NOV2321000CE.NFO,2023-10-16,15:24:00,2023-11-13,0.1,0.1,0.1,0.1,0,0,1
FINNIFTY13NOV2321000CE.NFO,2023-10-16,15:25:00,2023-11-13,0.1,0.1,0.1,0.1,0,0,1
FINNIFTY13NOV2321000CE.NFO,2023-10-16,15:26:00,2023-11-13,0.1,0.1,0.1,0.1,0,0,1
FINNIFTY13NOV2321000CE.NFO,2023-10-16,15:27:00,2023-11-13,0.1,0.1,0.1,0.1,0,0,1
FINNIFTY13NOV2321000CE.NFO,2023-10-16,15:28:00,2023-11-13,0.1,0.1,0.1,0.1,0,0,1
FINNIFTY13NOV2321000CE.NFO,2023-10-16,15:29:00,2023-11-13,0.1,0.1,0.1,0.1,0,0,1
FINNIFTY13NOV2321000CE.NFO,2023-10-16,15:30:00,2023-11-13,0.1,0.1,0.1,0.1,0,0,1
FINNIFTY13NOV2321000CE.NFO,2023-10-17,09:15:00,2023-11-13,0.1,0.1,0.1,0.1,0,0,0
FINNIFTY13NOV2321000CE.NFO,2023-10-17,09:16:00,2023-11-13,0.1,0.1,0.1,0.1,0,0,1
FINNIFTY13NOV2321000CE.NFO,2023-10-17,09:17:00,2023-11-13,0.1,0.1,0.1,0.1,0,0,1
FINNIFTY13NOV2321000CE.NFO,2023-10-17,09:18:00,2023-11-13,0.1,0.1,0.1,0.1,0,0,1
FINNIFTY13NOV2321000CE.NFO,2023-10-17,09:19:00,2023-11-13,0.1,0.1,0.1,0.1,0,0,1
FINNIFTY13NOV2321000CE.NFO,2023-10-17,09:20:00,2023-11-13,0.1,0.1,0.1,0.1,0,0,1
FINNIFTY13NOV2321000CE.NFO,2023-10-17,09:21:00,2023-11-13,0.1,0.1,0.1,0.1,0,0,1
FINNIFTY13NOV2321000CE.NFO,2023-10-17,09:22:00,2023-11-13,0.1,0.1,0.1,0.1,0,0,1
FINNIFTY13NOV2321000CE.NFO,2023-10-17,09:23:00,2023-11-13,0.1,0.1,0.1,0.1,0,0,1
FINNIFTY13NOV2321000CE.NFO,2023-10-17,09:24:00,2023-11-13,0.1,0.1,0.1,0.1,0,0,1
FINNIFTY13NOV2321000CE.NFO,2023-10-17,09:25:00,2023-11-13,0.1,0.1,0.1,0.1,0,0,1
FINNIFTY13NOV2321000CE.NFO,2023-10-17,09:26:00,2023-11-13,0.1,0.1,0.1,0.1,0,0,1
FINNIFTY13NOV2321000CE.NFO,2023-10-17,09:27:00,2023-11-13,0.1,0.1,0.1,0.1,0,0,1
FINNIFTY13NOV2321000CE.NFO,2023-10-17,09:28:00,2023-11-13,0.1,0.1,0.1,0.1,0,0,1
FINNIFTY13NOV2321000CE.NFO,2023-10-17,09:29:00,2023-11-13,0.1,0.1,0.1,0.1,0,0,1
FINNIFTY13NOV2321000CE.NFO,2023-10-17,09:30:00,2023-11-13,0.1,0.1,0.1,0.1,0,0,1
FINNIFTY13NOV2321000CE.NFO,2023-10-17,09:31:00,2023-11-13,0.1,0.1,0.1,0.1,0,0,1
FINNIFTY13NOV2321000CE.NFO,2023-10-17,09:32:00,2023-11-13,0.1,0.1,0.1,0.1,0,0,1
FINNIFTY13NOV2321000CE.NFO,2023-10-17,09:33:00,2023-11-13,0.1,0.1,0.1,0.1,0,0,1
FINNIFTY13NOV2321000CE.NFO,2023-10-17,09:34:00,2023-11-13,0.1,0.1,0.1,0.1,0,0,1
FINNIFTY13NOV2321000CE.NFO,2023-10-17,09:35:00,2023-11-13,0.1,0.1,0.1,0.1,0,0,1
FINNIFTY13NOV2321000CE.NFO,2023-10-17,09:36:00,2023-11-13,0.1,0.1,0.1,0.1,0,0,1
FINNIFTY13NOV2321000CE.NFO,2023-10-17,09:37:00,2023-11-13,0.1,0.1,0.1,0.1,0,0,1
FINNIFTY13NOV2321000CE.NFO,2023-10-17,09:38:00,2023-11-13,0.1,0.1,0.1,0.1,0,0,1
FINNIFTY13NOV2321000CE.NFO,2023-10-17,09:39:00,2023-11-13,0.1,0.1,0.1,0.1,0,0,1
FINNIFTY13NOV2321000CE.NFO,2023-10-17,09:40:00,2023-11-13,0.1,0.1,0.1,0.1,0,0,1
FINNIFTY13NOV2321000CE.NFO,2023-10-17,09:41:00,2023-11-13,0.1,0.1,0.1,0.1,0,0,1
FINNIFTY13NOV2321000CE.NFO,2023-10-17,09:42:00,2023-11-13,0.1,0.1,0.1,0.1,0,0,1
FINNIFTY13NOV2321000CE.NFO,2023-10-17,09:43:00,2023-11-13,0.1,0.1,0.1,0.1,0,0,1
FINNIFTY13NOV2321000CE.NFO,2023-10-17,09:44:00,2023-11-13,0.1,0.1,0.1,0.1,0,0,1
FINNIFTY13NOV2321000CE.NFO,2023-10-17,09:45:00,2023-11-13,0.1,0.1,0.1,0.1,0,0,1
FINNIFTY13NOV2321000CE.NFO,2023-10-17,09:46:00,2023-11-13,0.1,0.1,0.1,0.1,0,0,1
FINNIFTY13NOV2321000CE.NFO,2023-10-17,09:47:00,2023-11-13,0.1,0.1,0.1,0.1,0,0,1
FINNIFTY13NOV2321000CE.NFO,2023-10-17,09:48:00,2023-11-13,0.1,0.1,0.1,0.1,0,0,1
FINNIFTY13NOV2321000CE.NFO,2023-10-17,09:49:00,2023-11-13,0.1,0.1,0.1,0.1,0,0,1
FINNIFTY13NOV2321000CE.NFO,2023-10-17,09:50:00,2023-11-13,0.1,0.1,0.1,0.1,0,0,1
FINNIFTY13NOV2321000CE.NFO,2023-10-17,09:51:00,2023-11-13,0.1,0.1,0.1,0.1,0,0,1
FINNIFTY13NOV2321000CE.NFO,2023-10-17,09:52:00,2023-11-13,0.1,0.1,0.1,0.1,0,0,1
FINNIFTY13NOV2321000CE.NFO,2023-10-17,09:53:00,2023-11-13,0.1,0.1,0.1,0.1,0,0,1
FINNIFTY13NOV2321000CE.NFO,2023-10-17,09:54:00,2023-11-13,0.1,0.1,0.1,0.1,0,0,1
FINNIFTY13NOV2321000CE.NFO,2023-10-17,09:55:00,2023-11-13,0.1,0.1,0.1,0.1,0,0,1
FINNIFTY13NOV2321000CE.NFO,2023-10-17,09:56:00,2023-11-13,0.1,0.1,0.1,0.1,0,0,1
FINNIFTY13NOV2321000CE.NFO,2023-10-17,09:57:00,2023-11-13,0.1,0.1,0.1,0.1,0,0,1
FINNIFTY13NOV2321000CE.NFO,2023-10-17,09:58:00,2023-11-13,0.1,0.1,0.1,0.1,0,0,1
FINNIFTY13NOV2321000CE.NFO,2023-10-17,09:59:00,2023-11-13,0.1,0.1,0.1,0.1,0,0,1
FINNIFTY13NOV2321000CE.NFO,2023-10-17,10:00:00,2023-11-13,0.1,0.1,0.1,0.1,0,0,1
FINNIFTY13NOV2321000CE.NFO,2023-10-17,10:01:00,2023-11-13,0.1,0.1,0.1,0.1,0,0,1
FINNIFTY13NOV2321000CE.NFO,2023-10-17,10:02:00,2023-11-13,0.1,0.1,0.1,0.1,0,0,1
FINNIFTY13NOV2321000CE.NFO,2023-10-17,10:03:00,2023-11-13,0.1,0.1,0.1,0.1,0,0,1
FINNIFTY13NOV2321000CE.NFO,2023-10-17,10:04:00,2023-11-13,0.1,0.1,0.1,0.1,0,0,1
FINNIFTY13NOV2321000CE.NFO,2023-10-17,10:05:00,2023-11-13,0.1,0.1,0.1,0.1,0,0,1
FINNIFTY13NOV2321000CE.NFO,2023-10-17,10:06:00,2023-11-13,0.1,0.1,0.1,0.1,0,0,1
FINNIFTY13NOV2321000CE.NFO,2023-10-17,10:07:00,2023-11-13,0.1,0.1,0.1,0.1,0,0,1
FINNIFTY13NOV2321000CE.NFO,2023-10-17,10:08:00,2023-11-13,0.1,0.1,0.1,0.1,0,0,1
FINNIFTY13NOV2321000CE.NFO,2023-10-17,10:09:00,2023-11-13,0.1,0.1,0.1,0.1,0,0,1
FINNIFTY13NOV2321000CE.NFO,2023-10-17,10:10:00,2023-11-13,0.1,0.1,0.1,0.1,0,0,1
FINNIFTY13NOV2321000CE.NFO,2023-10-17,10:11:00,2023-11-13,0.1,0.1,0.1,0.1,0,0,1
FINNIFTY13NOV2321000CE.NFO,2023-10-17,10:12:00,2023-11-13,0.1,0.1,0.1,0.1,0,0,1
FINNIFTY13NOV2321000CE.NFO,2023-10-17,10:13:00,2023-11-13,0.1,0.1,0.1,0.1,0,0,1
FINNIFTY13NOV2321000CE.NFO,2023-10-17,10:14:00,2023-11-13,0.1,0.1,0.1,0.1,0,0,1
FINNIFTY13NOV2321000CE.NFO,2023-10-17,10:15:00,2023-11-13,0.1,0.1,0.1,0.1,0,0,1
FINNIFTY13NOV2321000CE.NFO,2023-10-17,10:16:00,2023-11-13,0.1,0.1,0.1,0.1,0,0,1
FINNIFTY13NOV2321000CE.NFO,2023-10-17,10:17:00,2023-11-13,0.1,0.1,0.1,0.1,0,0,1
FINNIFTY13NOV2321000CE.NFO,2023-10-17,10:18:00,2023-11-13,0.1,0.1,0.1,0.1,0,0,1
FINNIFTY13NOV2321000CE.NFO,2023-10-17,10:19:00,2023-11-13,0.1,0.1,0.1,0.1,0,0,1
FINNIFTY13NOV2321000CE.NFO,2023-10-17,10:20:00,2023-11-13,0.1,0.1,0.1,0.1,0,0,1
FINNIFTY13NOV2321000CE.NFO,2023-10-17,10:21:00,2023-11-13,0.1,0.1,0.1,0.1,0,0,1
FINNIFTY13NOV2321000CE.NFO,2023-10-17,10:22:00,2023-11-13,0.1,0.1,0.1,0.1,0,0,1
FINNIFTY13NOV2321000CE.NFO,2023-10-17,10:23:00,2023-11-13,0.1,0.1,0.1,0.1,0,0,1
FINNIFTY13NOV2321000CE.NFO,2023-10-17,10:24:00,2023-11-13,0.1,0.1,0.1,0.1,0,0,1
FINNIFTY13NOV2321000CE.NFO,2023-10-17,10:25:00,2023-11-13,0.1,0.1,0.1,0.1,0,0,1
FINNIFTY13NOV2321000CE.NFO,2023-10-17,10:26:00,2023-11-13,0.1,0.1,0.1,0.1,0,0,1
FINNIFTY13NOV2321000CE.NFO,2023-10-17,10:27:00,2023-11-13,0.1,0.1,0.1,0.1,0,0,1
FINNIFTY13NOV2321000CE.NFO,2023-10-17,10:28:00,2023-11-13,0.1,0.1,0.1,0.1,0,0,1
FINNIFTY13NOV2321000CE.NFO,2023-10-17,10:29:00,2023-11-13,0.1,0.1,0.1,0.1,0,0,1
FINNIFTY13NOV2321000CE.NFO,2023-10-17,10:30:00,2023-11-13,0.1,0.1,0.1,0.1,0,0,1
FINNIFTY13NOV2321000CE.NFO,2023-10-17,10:31:00,2023-11-13,0.1,0.1,0.1,0.1,0,0,1
FINNIFTY13NOV2321000CE.NFO,2023-10-17,10:32:00,2023-11-13,0.1,0.1,0.1,0.1,0,0,1
FINNIFTY13NOV2321000CE.NFO,2023-10-17,10:33:00,2023-11-13,0.1,0.1,0.1,0.1,0,0,1
FINNIFTY13NOV2321000CE.NFO,2023-10-17,10:34:00,2023-11-13,0.1,0.1,0.1,0.1,0,0,1
FINNIFTY13NOV2321000CE.NFO,2023-10-17,10:35:00,2023-11-13,0.1,0.1,0.1,0.1,0,0,1
FINNIFTY13NOV2321000CE.NFO,2023-10-17,10:36:00,2023-11-13,0.1,0.1,0.1,0.1,0,0,1
FINNIFTY13NOV2321000CE.NFO,2023-10-17,10:37:00,2023-11-13,0.1,0.1,0.1,0.1,0,0,1
FINNIFTY13NOV2321000CE.NFO,2023-10-17,10:38:00,2023-11-13,0.1,0.1,0.1,0.1,0,0,1
FINNIFTY13NOV2321000CE.NFO,2023-10-17,10:39:00,2023-11-13,0.1,0.1,0.1,0.1,0,0,1
FINNIFTY13NOV2321000CE.NFO,2023-10-17,10:40:00,2023-11-13,0.1,0.1,0.1,0.1,0,0,1
FINNIFTY13NOV2321000CE.NFO,2023-10-17,10:41:00,2023-11-13,0.1,0.1,0.1,0.1,0,0,1
FINNIFTY13NOV2321000CE.NFO,2023-10-17,10:42:00,2023-11-13,0.1,0.1,0.1,0.1,0,0,1
FINNIFTY13NOV2321000CE.NFO,2023-10-17,10:43:00,2023-11-13,0.1,0.1,0.1,0.1,0,0,1
FINNIFTY13NOV2321000CE.NFO,2023-10-17,10:44:00,2023-11-13,0.1,0.1,0.1,0.1,0,0,1
FINNIFTY13NOV2321000CE.NFO,2023-10-17,10:45:00,2023-11-13,0.1,0.1,0.1,0.1,0,0,1
FINNIFTY13NOV2321000CE.NFO,2023-10-17,10:46:00,2023-11-13,0.1,0.1,0.1,0.1,0,0,1
FINNIFTY13NOV2321000CE.NFO,2023-10-17,10:47:00,2023-11-13,0.1,0.1,0.1,0.1,0,0,1
FINNIFTY13NOV2321000CE.NFO,2023-10-17,10:48:00,2023-11-13,0.1,0.1,0.1,0.1,0,0,1
FINNIFTY13NOV2321000CE.NFO,2023-10-17,10:49:00,2023-11-13,0.1,0.1,0.1,0.1,0,0,1
FINNIFTY13NOV2321000CE.NFO,2023-10-17,10:50:00,2023-11-13,0.1,0.1,0.1,0.1,0,0,1
FINNIFTY13NOV2321000CE.NFO,2023-10-17,10:51:00,2023-11-13,0.1,0.1,0.1,0.1,0,0,1
FINNIFTY13NOV2321000CE.NFO,2023-10-17,10:52:00,2023-11-13,0.1,0.1,0.1,0.1,0,0,1
FINNIFTY13NOV2321000CE.NFO,2023-10-17,10:53:00,2023-11-13,0.1,0.1,0.1,0.1,0,0,1
FINNIFTY13NOV2321000CE.NFO,2023-10-17,10:54:00,2023-11-13,0.1,0.1,0.1,0.1,0,0,1
FINNIFTY13NOV2321000CE.NFO,2023-10-17,10:55:00,2023-11-13,0.1,0.1,0.1,0.1,0,0,1
FINNIFTY13NOV2321000CE.NFO,2023-10-17,10:56:00,2023-11-13,0.1,0.1,0.1,0.1,0,0,1
FINNIFTY13NOV2321000CE.NFO,2023-10-17,10:57:00,2023-11-13,0.1,0.1,0.1,0.1,0,0,1
FINNIFTY13NOV2321000CE.NFO,2023-10-17,10:58:00,2023-11-13,0.1,0.1,0.1,0.1,0,0,1
FINNIFTY13NOV2321000CE.NFO,2023-10-17,10:59:00,2023-11-13,0.1,0.1,0.1,0.1,0,0,1
FINNIFTY13NOV2321000CE.NFO,2023-10-17,11:00:00,2023-11-13,0.1,0.1,0.1,0.1,0,0,1
FINNIFTY13NOV2321000CE.NFO,2023-10-17,11:01:00,2023-11-13,0.1,0.1,0.1,0.1,0,0,1
FINNIFTY13NOV2321000CE.NFO,2023-10-17,11:02:00,2023-11-13,0.1,0.1,0.1,0.1,0,0,1
FINNIFTY13NOV2321000CE.NFO,2023-10-17,11:03:00,2023-11-13,0.1,0.1,0.1,0.1,0,0,1
FINNIFTY13NOV2321000CE.NFO,2023-10-17,11:04:00,2023-11-13,0.1,0.1,0.1,0.1,0,0,1
FINNIFTY13NOV2321000CE.NFO,2023-10-17,11:05:00,2023-11-13,0.1,0.1,0.1,0.1,0,0,1
FINNIFTY13NOV2321000CE.NFO,2023-10-17,11:06:00,2023-11-13,0.1,0.1,0.1,0.1,0,0,1
FINNIFTY13NOV2321000CE.NFO,2023-10-17,11:07:00,2023-11-13,0.1,0.1,0.1,0.1,0,0,1
FINNIFTY13NOV2321000CE.NFO,2023-10-17,11:08:00,2023-11-13,0.1,0.1,0.1,0.1,0,0,1
FINNIFTY13NOV2321000CE.NFO,2023-10-17,11:09:00,2023-11-13,0.1,0.1,0.1,0.1,0,0,1
FINNIFTY13NOV2321000CE.NFO,2023-10-17,11:10:00,2023-11-13,0.1,0.1,0.1,0.1,0,0,1
FINNIFTY13NOV2321000CE.NFO,2023-10-17,11:11:00,2023-11-13,0.1,0.1,0.1,0.1,0,0,1
FINNIFTY13NOV2321000CE.NFO,2023-10-17,11:12:00,2023-11-13,0.1,0.1,0.1,0.1,0,0,1
FINNIFTY13NOV2321000CE.NFO,2023-10-17,11:13:00,2023-11-13,0.1,0.1,0.1,0.1,0,0,1
FINNIFTY13NOV2321000CE.NFO,2023-10-17,11:14:00,2023-11-13,0.1,0.1,0.1,0.1,0,0,1
FINNIFTY13NOV2321000CE.NFO,2023-10-17,11:15:00,2023-11-13,0.1,0.1,0.1,0.1,0,0,1
FINNIFTY13NOV2321000CE.NFO,2023-10-17,11:16:00,2023-11-13,0.1,0.1,0.1,0.1,0,0,1
FINNIFTY13NOV2321000CE.NFO,2023-10-17,11:17:00,2023-11-13,0.1,0.1,0.1,0.1,0,0,1
FINNIFTY13NOV2321000CE.NFO,2023-10-17,11:18:00,2023-11-13,0.1,0.1,0.1,0.1,0,0,1
FINNIFTY13NOV2321000CE.NFO,2023-10-17,11:19:00,2023-11-13,0.1,0.1,0.1,0.1,0,0,1
FINNIFTY13NOV2321000CE.NFO,2023-10-17,11:20:00,2023-11-13,0.1,0.1,0.1,0.1,0,0,1
FINNIFTY13NOV2321000CE.NFO,2023-10-17,11:21:00,2023-11-13,0.1,0.1,0.1,0.1,0,0,1
FINNIFTY13NOV2321000CE.NFO,2023-10-17,11:22:00,2023-11-13,0.1,0.1,0.1,0.1,0,0,1
FINNIFTY13NOV2321000CE.NFO,2023-10-17,11:23:00,2023-11-13,0.1,0.1,0.1,0.1,0,0,1
FINNIFTY13NOV2321000CE.NFO,2023-10-17,11:24:00,2023-11-13,0.1,0.1,0.1,0.1,0,0,1
FINNIFTY13NOV2321000CE.NFO,2023-10-17,11:25:00,2023-11-13,0.1,0.1,0.1,0.1,0,0,1
FINNIFTY13NOV2321000CE.NFO,2023-10-17,11:26:00,2023-11-13,0.1,0.1,0.1,0.1,0,0,1
FINNIFTY13NOV2321000CE.NFO,2023-10-17,11:27:00,2023-11-13,0.1,0.1,0.1,0.1,0,0,1
FINNIFTY13NOV2321000CE.NFO,2023-10-17,11:28:00,2023-11-13,0.1,0.1,0.1,0.1,0,0,1
FINNIFTY13NOV2321000CE.NFO,2023-10-17,11:29:00,2023-11-13,0.1,0.1,0.1,0.1,0,0,1
FINNIFTY13NOV2321000CE.NFO,2023-10-17,11:30:00,2023-11-13,0.1,0.1,0.1,0.1,0,0,1
FINNIFTY13NOV2321000CE.NFO,2023-10-17,11:31:00,2023-11-13,0.1,0.1,0.1,0.1,0,0,1
FINNIFTY13NOV2321000CE.NFO,2023-10-17,11:32:00,2023-11-13,0.1,0.1,0.1,0.1,0,0,1
FINNIFTY13NOV2321000CE.NFO,2023-10-17,11:33:00,2023-11-13,0.1,0.1,0.1,0.1,0,0,1
FINNIFTY13NOV2321000CE.NFO,2023-10-17,11:34:00,2023-11-13,0.1,0.1,0.1,0.1,0,0,1
FINNIFTY13NOV2321000CE.NFO,2023-10-17,11:35:00,2023-11-13,0.1,0.1,0.1,0.1,0,0,1
FINNIFTY13NOV2321000CE.NFO,2023-10-17,11:36:00,2023-11-13,0.1,0.1,0.1,0.1,0,0,1
FINNIFTY13NOV2321000CE.NFO,2023-10-17,11:37:00,2023-11-13,0.1,0.1,0.1,0.1,0,0,1
FINNIFTY13NOV2321000CE.NFO,2023-10-17,11:38:00,2023-11-13,0.1,0.1,0.1,0.1,0,0,1
FINNIFTY13NOV2321000CE.NFO,2023-10-17,11:39:00,2023-11-13,0.1,0.1,0.1,0.1,0,0,1
FINNIFTY13NOV2321000CE.NFO,2023-10-17,11:40:00,2023-11-13,0.1,0.1,0.1,0.1,0,0,1
FINNIFTY13NOV2321000CE.NFO,2023-10-17,11:41:00,2023-11-13,0.1,0.1,0.1,0.1,0,0,1
FINNIFTY13NOV2321000CE.NFO,2023-10-17,11:42:00,2023-11-13,0.1,0.1,0.1,0.1,0,0,1
FINNIFTY13NOV2321000CE.NFO,2023-10-17,11:43:00,2023-11-13,0.1,0.1,0.1,0.1,0,0,1
FINNIFTY13NOV2321000CE.NFO,2023-10-17,11:44:00,2023-11-13,0.1,0.1,0.1,0.1,0,0,1
FINNIFTY13NOV2321000CE.NFO,2023-10-17,11:45:00,2023-11-13,0.1,0.1,0.1,0.1,0,0,1
FINNIFTY13NOV2321000CE.NFO,2023-10-17,11:46:00,2023-11-13,0.1,0.1,0.1,0.1,0,0,1
FINNIFTY13NOV2321000CE.NFO,2023-10-17,11:47:00,2023-11-13,0.1,0.1,0.1,0.1,0,0,1
FINNIFTY13NOV2321000CE.NFO,2023-10-17,11:48:00,2023-11-13,0.1,0.1,0.1,0.1,0,0,1
FINNIFTY13NOV2321000CE.NFO,2023-10-17,11:49:00,2023-11-13,0.1,0.1,0.1,0.1,0,0,1
FINNIFTY13NOV2321000CE.NFO,2023-10-17,11:50:00,2023-11-13,0.1,0.1,0.1,0.1,0,0,1
FINNIFTY13NOV2321000CE.NFO,2023-10-17,11:51:00,2023-11-13,0.1,0.1,0.1,0.1,0,0,1
FINNIFTY13NOV2321000CE.NFO,2023-10-17,11:52:00,2023-11-13,0.1,0.1,0.1,0.1,0,0,1
FINNIFTY13NOV2321000CE.NFO,2023-10-17,11:53:00,2023-11-13,0.1,0.1,0.1,0.1,0,0,1
FINNIFTY13NOV2321000CE.NFO,2023-10-17,11:54:00,2023-11-13,0.1,0.1,0.1,0.1,0,0,1
FINNIFTY13NOV2321000CE.NFO,2023-10-17,11:55:00,2023-11-13,0.1,0.1,0.1,0.1,0,0,1
FINNIFTY13NOV2321000CE.NFO,2023-10-17,11:56:00,2023-11-13,0.1,0.1,0.1,0.1,0,0,1
FINNIFTY13NOV2321000CE.NFO,2023-10-17,11:57:00,2023-11-13,0.1,0.1,0.1,0.1,0,0,1
FINNIFTY13NOV2321000CE.NFO,2023-10-17,11:58:00,2023-11-13,0.1,0.1,0.1,0.1,0,0,1
FINNIFTY13NOV2321000CE.NFO,2023-10-17,11:59:00,2023-11-13,0.1,0.1,0.1,0.1,0,0,1
FINNIFTY13NOV2321000CE.NFO,2023-10-17,12:00:00,2023-11-13,0.1,0.1,0.1,0.1,0,0,1
FINNIFTY13NOV2321000CE.NFO,2023-10-17,12:01:00,2023-11-13,0.1,0.1,0.1,0.1,0,0,1
FINNIFTY13NOV2321000CE.NFO,2023-10-17,12:02:00,2023-11-13,0.1,0.1,0.1,0.1,0,0,1
FINNIFTY13NOV2321000CE.NFO,2023-10-17,12:03:00,2023-11-13,0.1,0.1,0.1,0.1,0,0,1
FINNIFTY13NOV2321000CE.NFO,2023-10-17,12:04:00,2023-11-13,0.1,0.1,0.1,0.1,0,0,1
FINNIFTY13NOV2321000CE.NFO,2023-10-17,12:05:00,2023-11-13,0.1,0.1,0.1,0.1,0,0,1
FINNIFTY13NOV2321000CE.NFO,2023-10-17,12:06:00,2023-11-13,0.1,0.1,0.1,0.1,0,0,1
FINNIFTY13NOV2321000CE.NFO,2023-10-17,12:07:00,2023-11-13,0.1,0.1,0.1,0.1,0,0,1
FINNIFTY13NOV2321000CE.NFO,2023-10-17,12:08:00,2023-11-13,0.1,0.1,0.1,0.1,0,0,1
FINNIFTY13NOV2321000CE.NFO,2023-10-17,12:09:00,2023-11-13,0.1,0.1,0.1,0.1,0,0,1
FINNIFTY13NOV2321000CE.NFO,2023-10-17,12:10:00,2023-11-13,0.1,0.1,0.1,0.1,0,0,1
FINNIFTY13NOV2321000CE.NFO,2023-10-17,12:11:00,2023-11-13,0.1,0.1,0.1,0.1,0,0,1
FINNIFTY13NOV2321000CE.NFO,2023-10-17,12:12:00,2023-11-13,0.1,0.1,0.1,0.1,0,0,1
FINNIFTY13NOV2321000CE.NFO,2023-10-17,12:13:00,2023-11-13,0.1,0.1,0.1,0.1,0,0,1
FINNIFTY13NOV2321000CE.NFO,2023-10-17,12:14:00,2023-11-13,0.1,0.1,0.1,0.1,0,0,1
FINNIFTY13NOV2321000CE.NFO,2023-10-17,12:15:00,2023-11-13,0.1,0.1,0.1,0.1,0,0,1
FINNIFTY13NOV2321000CE.NFO,2023-10-17,12:16:00,2023-11-13,0.1,0.1,0.1,0.1,0,0,1
FINNIFTY13NOV2321000CE.NFO,2023-10-17,12:17:00,2023-11-13,0.1,0.1,0.1,0.1,0,0,1
FINNIFTY13NOV2321000CE.NFO,2023-10-17,12:18:00,2023-11-13,0.1,0.1,0.1,0.1,0,0,1
FINNIFTY13NOV2321000CE.NFO,2023-10-17,12:19:00,2023-11-13,0.1,0.1,0.1,0.1,0,0,1
FINNIFTY13NOV2321000CE.NFO,2023-10-17,12:20:00,2023-11-13,0.1,0.1,0.1,0.1,0,0,1
FINNIFTY13NOV2321000CE.NFO,2023-10-17,12:21:00,2023-11-13,0.1,0.1,0.1,0.1,0,0,1
FINNIFTY13NOV2321000CE.NFO,2023-10-17,12:22:00,2023-11-13,0.1,0.1,0.1,0.1,0,0,1
FINNIFTY13NOV2321000CE.NFO,2023-10-17,12:23:00,2023-11-13,0.1,0.1,0.1,0.1,0,0,1
FINNIFTY13NOV2321000CE.NFO,2023-10-17,12:24:00,2023-11-13,0.1,0.1,0.1,0.1,0,0,1
FINNIFTY13NOV2321000CE.NFO,2023-10-17,12:25:00,2023-11-13,0.1,0.1,0.1,0.1,0,0,1
FINNIFTY13NOV2321000CE.NFO,2023-10-17,12:26:00,2023-11-13,0.1,0.1,0.1,0.1,0,0,1
FINNIFTY13NOV2321000CE.NFO,2023-10-17,12:27:00,2023-11-13,0.1,0.1,0.1,0.1,0,0,1
FINNIFTY13NOV2321000CE.NFO,2023-10-17,12:28:00,2023-11-13,0.1,0.1,0.1,0.1,0,0,1
FINNIFTY13NOV2321000CE.NFO,2023-10-17,12:29:00,2023-11-13,0.1,0.1,0.1,0.1,0,0,1
FINNIFTY13NOV2321000CE.NFO,2023-10-17,12:30:00,2023-11-13,0.1,0.1,0.1,0.1,0,0,1
FINNIFTY13NOV2321000CE.NFO,2023-10-17,12:31:00,2023-11-13,0.1,0.1,0.1,0.1,0,0,1
FINNIFTY13NOV2321000CE.NFO,2023-10-17,12:32:00,2023-11-13,0.1,0.1,0.1,0.1,0,0,1
FINNIFTY13NOV2321000CE.NFO,2023-10-17,12:33:00,2023-11-13,0.1,0.1,0.1,0.1,0,0,1
FINNIFTY13NOV2321000CE.NFO,2023-10-17,12:34:00,2023-11-13,0.1,0.1,0.1,0.1,0,0,1
FINNIFTY13NOV2321000CE.NFO,2023-10-17,12:35:00,2023-11-13,0.1,0.1,0.1,0.1,0,0,1
FINNIFTY13NOV2321000CE.NFO,2023-10-17,12:36:00,2023-11-13,0.1,0.1,0.1,0.1,0,0,1
FINNIFTY13NOV2321000CE.NFO,2023-10-17,12:37:00,2023-11-13,0.1,0.1,0.1,0.1,0,0,1
FINNIFTY13NOV2321000CE.NFO,2023-10-17,12:38:00,2023-11-13,0.1,0.1,0.1,0.1,0,0,1
FINNIFTY13NOV2321000CE.NFO,2023-10-17,12:39:00,2023-11-13,0.1,0.1,0.1,0.1,0,0,1
FINNIFTY13NOV2321000CE.NFO,2023-10-17,12:40:00,2023-11-13,0.1,0.1,0.1,0.1,0,0,1
FINNIFTY13NOV2321000CE.NFO,2023-10-17,12:41:00,2023-11-13,0.1,0.1,0.1,0.1,0,0,1
FINNIFTY13NOV2321000CE.NFO,2023-10-17,12:42:00,2023-11-13,0.1,0.1,0.1,0.1,0,0,1
FINNIFTY13NOV2321000CE.NFO,2023-10-17,12:43:00,2023-11-13,0.1,0.1,0.1,0.1,0,0,1
FINNIFTY13NOV2321000CE.NFO,2023-10-17,12:44:00,2023-11-13,0.1,0.1,0.1,0.1,0,0,1
FINNIFTY13NOV2321000CE.NFO,2023-10-17,12:45:00,2023-11-13,0.1,0.1,0.1,0.1,0,0,1
FINNIFTY13NOV2321000CE.NFO,2023-10-17,12:46:00,2023-11-13,0.1,0.1,0.1,0.1,0,0,1
FINNIFTY13NOV2321000CE.NFO,2023-10-17,12:47:00,2023-11-13,0.1,0.1,0.1,0.1,0,0,1
FINNIFTY13NOV2321000CE.NFO,2023-10-17,12:48:00,2023-11-13,0.1,0.1,0.1,0.1,0,0,1
FINNIFTY13NOV2321000CE.NFO,2023-10-17,12:49:00,2023-11-13,0.1,0.1,0.1,0.1,0,0,1
FINNIFTY13NOV2321000CE.NFO,2023-10-17,12:50:00,2023-11-13,0.1,0.1,0.1,0.1,0,0,1
FINNIFTY13NOV2321000CE.NFO,2023-10-17,12:51:00,2023-11-13,0.1,0.1,0.1,0.1,0,0,1
FINNIFTY13NOV2321000CE.NFO,2023-10-17,12:52:00,2023-11-13,0.1,0.1,0.1,0.1,0,0,1
FINNIFTY13NOV2321000CE.NFO,2023-10-17,12:53:00,2023-11-13,0.1,0.1,0.1,0.1,0,0,1
FINNIFTY13NOV2321000CE.NFO,2023-10-17,12:54:00,2023-11-13,0.1,0.1,0.1,0.1,0,0,1
FINNIFTY13NOV2321000CE.NFO,2023-10-17,12:55:00,2023-11-13,0.1,0.1,0.1,0.1,0,0,1
FINNIFTY13NOV2321000CE.NFO,2023-10-17,12:56:00,2023-11-13,0.1,0.1,0.1,0.1,0,0,1
FINNIFTY13NOV2321000CE.NFO,2023-10-17,12:57:00,2023-11-13,0.1,0.1,0.1,0.1,0,0,1
FINNIFTY13NOV2321000CE.NFO,2023-10-17,12:58:00,2023-11-13,0.1,0.1,0.1,0.1,0,0,1
FINNIFTY13NOV2321000CE.NFO,2023-10-17,12:59:00,2023-11-13,0.1,0.1,0.1,0.1,0,0,1
FINNIFTY13NOV2321000CE.NFO,2023-10-17,13:00:00,2023-11-13,0.1,0.1,0.1,0.1,0,0,1
FINNIFTY13NOV2321000CE.NFO,2023-10-17,13:01:00,2023-11-13,0.1,0.1,0.1,0.1,0,0,1
FINNIFTY13NOV2321000CE.NFO,2023-10-17,13:02:00,2023-11-13,0.1,0.1,0.1,0.1,0,0,1
FINNIFTY13NOV2321000CE.NFO,2023-10-17,13:03:00,2023-11-13,0.1,0.1,0.1,0.1,0,0,1
FINNIFTY13NOV2321000CE.NFO,2023-10-17,13:04:00,2023-11-13,0.1,0.1,0.1,0.1,0,0,1
FINNIFTY13NOV2321000CE.NFO,2023-10-17,13:05:00,2023-11-13,0.1,0.1,0.1,0.1,0,0,1
FINNIFTY13NOV2321000CE.NFO,2023-10-17,13:06:00,2023-11-13,0.1,0.1,0.1,0.1,0,0,1
FINNIFTY13NOV2321000CE.NFO,2023-10-17,13:07:00,2023-11-13,0.1,0.1,0.1,0.1,0,0,1
FINNIFTY13NOV2321000CE.NFO,2023-10-17,13:08:00,2023-11-13,0.1,0.1,0.1,0.1,0,0,1
FINNIFTY13NOV2321000CE.NFO,2023-10-17,13:09:00,2023-11-13,0.1,0.1,0.1,0.1,0,0,1
FINNIFTY13NOV2321000CE.NFO,2023-10-17,13:10:00,2023-11-13,0.1,0.1,0.1,0.1,0,0,1
FINNIFTY13NOV2321000CE.NFO,2023-10-17,13:11:00,2023-11-13,0.1,0.1,0.1,0.1,0,0,1
FINNIFTY13NOV2321000CE.NFO,2023-10-17,13:12:00,2023-11-13,0.1,0.1,0.1,0.1,0,0,1
FINNIFTY13NOV2321000CE.NFO,2023-10-17,13:13:00,2023-11-13,0.1,0.1,0.1,0.1,0,0,1
FINNIFTY13NOV2321000CE.NFO,2023-10-17,13:14:00,2023-11-13,0.1,0.1,0.1,0.1,0,0,1
FINNIFTY13NOV2321000CE.NFO,2023-10-17,13:15:00,2023-11-13,0.1,0.1,0.1,0.1,0,0,1
FINNIFTY13NOV2321000CE.NFO,2023-10-17,13:16:00,2023-11-13,0.1,0.1,0.1,0.1,0,0,1
FINNIFTY13NOV2321000CE.NFO,2023-10-17,13:17:00,2023-11-13,0.1,0.1,0.1,0.1,0,0,1
FINNIFTY13NOV2321000CE.NFO,2023-10-17,13:18:00,2023-11-13,0.1,0.1,0.1,0.1,0,0,1
FINNIFTY13NOV2321000CE.NFO,2023-10-17,13:19:00,2023-11-13,0.1,0.1,0.1,0.1,0,0,1
FINNIFTY13NOV2321000CE.NFO,2023-10-17,13:20:00,2023-11-13,0.1,0.1,0.1,0.1,0,0,1
FINNIFTY13NOV2321000CE.NFO,2023-10-17,13:21:00,2023-11-13,0.1,0.1,0.1,0.1,0,0,1
FINNIFTY13NOV2321000CE.NFO,2023-10-17,13:22:00,2023-11-13,0.1,0.1,0.1,0.1,0,0,1
FINNIFTY13NOV2321000CE.NFO,2023-10-17,13:23:00,2023-11-13,0.1,0.1,0.1,0.1,0,0,1
FINNIFTY13NOV2321000CE.NFO,2023-10-17,13:24:00,2023-11-13,0.1,0.1,0.1,0.1,0,0,1
FINNIFTY13NOV2321000CE.NFO,2023-10-17,13:25:00,2023-11-13,0.1,0.1,0.1,0.1,0,0,1
FINNIFTY13NOV2321000CE.NFO,2023-10-17,13:26:00,2023-11-13,0.1,0.1,0.1,0.1,0,0,1
FINNIFTY13NOV2321000CE.NFO,2023-10-17,13:27:00,2023-11-13,0.1,0.1,0.1,0.1,0,0,1
FINNIFTY13NOV2321000CE.NFO,2023-10-17,13:28:00,2023-11-13,0.1,0.1,0.1,0.1,0,0,1
FINNIFTY13NOV2321000CE.NFO,2023-10-17,13:29:00,2023-11-13,0.1,0.1,0.1,0.1,0,0,1
FINNIFTY13NOV2321000CE.NFO,2023-10-17,13:30:00,2023-11-13,0.1,0.1,0.1,0.1,0,0,1
FINNIFTY13NOV2321000CE.NFO,2023-10-17,13:31:00,2023-11-13,0.1,0.1,0.1,0.1,0,0,1
FINNIFTY13NOV2321000CE.NFO,2023-10-17,13:32:00,2023-11-13,0.1,0.1,0.1,0.1,0,0,1
FINNIFTY13NOV2321000CE.NFO,2023-10-17,13:33:00,2023-11-13,0.1,0.1,0.1,0.1,0,0,1
FINNIFTY13NOV2321000CE.NFO,2023-10-17,13:34:00,2023-11-13,0.1,0.1,0.1,0.1,0,0,1
FINNIFTY13NOV2321000CE.NFO,2023-10-17,13:35:00,2023-11-13,0.1,0.1,0.1,0.1,0,0,1
FINNIFTY13NOV2321000CE.NFO,2023-10-17,13:36:00,2023-11-13,0.1,0.1,0.1,0.1,0,0,1
FINNIFTY13NOV2321000CE.NFO,2023-10-17,13:37:00,2023-11-13,0.1,0.1,0.1,0.1,0,0,1
FINNIFTY13NOV2321000CE.NFO,2023-10-17,13:38:00,2023-11-13,0.1,0.1,0.1,0.1,0,0,1
FINNIFTY13NOV2321000CE.NFO,2023-10-17,13:39:00,2023-11-13,0.1,0.1,0.1,0.1,0,0,1
FINNIFTY13NOV2321000CE.NFO,2023-10-17,13:40:00,2023-11-13,0.1,0.1,0.1,0.1,0,0,1
FINNIFTY13NOV2321000CE.NFO,2023-10-17,13:41:00,2023-11-13,0.1,0.1,0.1,0.1,0,0,1
FINNIFTY13NOV2321000CE.NFO,2023-10-17,13:42:00,2023-11-13,0.1,0.1,0.1,0.1,0,0,1
FINNIFTY13NOV2321000CE.NFO,2023-10-17,13:43:00,2023-11-13,0.1,0.1,0.1,0.1,0,0,1
FINNIFTY13NOV2321000CE.NFO,2023-10-17,13:44:00,2023-11-13,0.1,0.1,0.1,0.1,0,0,1
FINNIFTY13NOV2321000CE.NFO,2023-10-17,13:45:00,2023-11-13,0.1,0.1,0.1,0.1,0,0,1
FINNIFTY13NOV2321000CE.NFO,2023-10-17,13:46:00,2023-11-13,0.1,0.1,0.1,0.1,0,0,1
FINNIFTY13NOV2321000CE.NFO,2023-10-17,13:47:00,2023-11-13,0.1,0.1,0.1,0.1,0,0,1
FINNIFTY13NOV2321000CE.NFO,2023-10-17,13:48:00,2023-11-13,0.1,0.1,0.1,0.1,0,0,1
FINNIFTY13NOV2321000CE.NFO,2023-10-17,13:49:00,2023-11-13,0.1,0.1,0.1,0.1,0,0,1
FINNIFTY13NOV2321000CE.NFO,2023-10-17,13:50:00,2023-11-13,0.1,0.1,0.1,0.1,0,0,1
FINNIFTY13NOV2321000CE.NFO,2023-10-17,13:51:00,2023-11-13,0.1,0.1,0.1,0.1,0,0,1
FINNIFTY13NOV2321000CE.NFO,2023-10-17,13:52:00,2023-11-13,0.1,0.1,0.1,0.1,0,0,1
FINNIFTY13NOV2321000CE.NFO,2023-10-17,13:53:00,2023-11-13,0.1,0.1,0.1,0.1,0,0,1
FINNIFTY13NOV2321000CE.NFO,2023-10-17,13:54:00,2023-11-13,0.1,0.1,0.1,0.1,0,0,1
FINNIFTY13NOV2321000CE.NFO,2023-10-17,13:55:00,2023-11-13,0.1,0.1,0.1,0.1,0,0,1
FINNIFTY13NOV2321000CE.NFO,2023-10-17,13:56:00,2023-11-13,0.1,0.1,0.1,0.1,0,0,1
FINNIFTY13NOV2321000CE.NFO,2023-10-17,13:57:00,2023-11-13,0.1,0.1,0.1,0.1,0,0,1
FINNIFTY13NOV2321000CE.NFO,2023-10-17,13:58:00,2023-11-13,0.1,0.1,0.1,0.1,0,0,1
FINNIFTY13NOV2321000CE.NFO,2023-10-17,13:59:00,2023-11-13,0.1,0.1,0.1,0.1,0,0,1
FINNIFTY13NOV2321000CE.NFO,2023-10-17,14:00:00,2023-11-13,0.1,0.1,0.1,0.1,0,0,1
FINNIFTY13NOV2321000CE.NFO,2023-10-17,14:01:00,2023-11-13,0.1,0.1,0.1,0.1,0,0,1
FINNIFTY13NOV2321000CE.NFO,2023-10-17,14:02:00,2023-11-13,0.1,0.1,0.1,0.1,0,0,1
FINNIFTY13NOV2321000CE.NFO,2023-10-17,14:03:00,2023-11-13,0.1,0.1,0.1,0.1,0,0,1
FINNIFTY13NOV2321000CE.NFO,2023-10-17,14:04:00,2023-11-13,0.1,0.1,0.1,0.1,0,0,1
FINNIFTY13NOV2321000CE.NFO,2023-10-17,14:05:00,2023-11-13,0.1,0.1,0.1,0.1,0,0,1
FINNIFTY13NOV2321000CE.NFO,2023-10-17,14:06:00,2023-11-13,0.1,0.1,0.1,0.1,0,0,1
FINNIFTY13NOV2321000CE.NFO,2023-10-17,14:07:00,2023-11-13,0.1,0.1,0.1,0.1,0,0,1
FINNIFTY13NOV2321000CE.NFO,2023-10-17,14:08:00,2023-11-13,0.1,0.1,0.1,0.1,0,0,1
FINNIFTY13NOV2321000CE.NFO,2023-10-17,14:09:00,2023-11-13,0.1,0.1,0.1,0.1,0,0,1
FINNIFTY13NOV2321000CE.NFO,2023-10-17,14:10:00,2023-11-13,0.1,0.1,0.1,0.1,0,0,1
FINNIFTY13NOV2321000CE.NFO,2023-10-17,14:11:00,2023-11-13,0.1,0.1,0.1,0.1,0,0,1
FINNIFTY13NOV2321000CE.NFO,2023-10-17,14:12:00,2023-11-13,0.1,0.1,0.1,0.1,0,0,1
FINNIFTY13NOV2321000CE.NFO,2023-10-17,14:13:00,2023-11-13,0.1,0.1,0.1,0.1,0,0,1
FINNIFTY13NOV2321000CE.NFO,2023-10-17,14:14:00,2023-11-13,0.1,0.1,0.1,0.1,0,0,1
FINNIFTY13NOV2321000CE.NFO,2023-10-17,14:15:00,2023-11-13,0.1,0.1,0.1,0.1,0,0,1
FINNIFTY13NOV2321000CE.NFO,2023-10-17,14:16:00,2023-11-13,0.1,0.1,0.1,0.1,0,0,1
FINNIFTY13NOV2321000CE.NFO,2023-10-17,14:17:00,2023-11-13,0.1,0.1,0.1,0.1,0,0,1
FINNIFTY13NOV2321000CE.NFO,2023-10-17,14:18:00,2023-11-13,0.1,0.1,0.1,0.1,0,0,1
FINNIFTY13NOV2321000CE.NFO,2023-10-17,14:19:00,2023-11-13,0.1,0.1,0.1,0.1,0,0,1
FINNIFTY13NOV2321000CE.NFO,2023-10-17,14:20:00,2023-11-13,0.1,0.1,0.1,0.1,0,0,1
FINNIFTY13NOV2321000CE.NFO,2023-10-17,14:21:00,2023-11-13,0.1,0.1,0.1,0.1,0,0,1
FINNIFTY13NOV2321000CE.NFO,2023-10-17,14:22:00,2023-11-13,0.1,0.1,0.1,0.1,0,0,1
FINNIFTY13NOV2321000CE.NFO,2023-10-17,14:23:00,2023-11-13,0.1,0.1,0.1,0.1,0,0,1
FINNIFTY13NOV2321000CE.NFO,2023-10-17,14:24:00,2023-11-13,0.1,0.1,0.1,0.1,0,0,1
FINNIFTY13NOV2321000CE.NFO,2023-10-17,14:25:00,2023-11-13,0.1,0.1,0.1,0.1,0,0,1
FINNIFTY13NOV2321000CE.NFO,2023-10-17,14:26:00,2023-11-13,0.1,0.1,0.1,0.1,0,0,1
FINNIFTY13NOV2321000CE.NFO,2023-10-17,14:27:00,2023-11-13,0.1,0.1,0.1,0.1,0,0,1
FINNIFTY13NOV2321000CE.NFO,2023-10-17,14:28:00,2023-11-13,0.1,0.1,0.1,0.1,0,0,1
FINNIFTY13NOV2321000CE.NFO,2023-10-17,14:29:00,2023-11-13,0.1,0.1,0.1,0.1,0,0,1
FINNIFTY13NOV2321000CE.NFO,2023-10-17,14:30:00,2023-11-13,0.1,0.1,0.1,0.1,0,0,1
FINNIFTY13NOV2321000CE.NFO,2023-10-17,14:31:00,2023-11-13,0.1,0.1,0.1,0.1,0,0,1
FINNIFTY13NOV2321000CE.NFO,2023-10-17,14:32:00,2023-11-13,0.1,0.1,0.1,0.1,0,0,1
FINNIFTY13NOV2321000CE.NFO,2023-10-17,14:33:00,2023-11-13,0.1,0.1,0.1,0.1,0,0,1
FINNIFTY13NOV2321000CE.NFO,2023-10-17,14:34:00,2023-11-13,0.1,0.1,0.1,0.1,0,0,1
FINNIFTY13NOV2321000CE.NFO,2023-10-17,14:35:00,2023-11-13,0.1,0.1,0.1,0.1,0,0,1
FINNIFTY13NOV2321000CE.NFO,2023-10-17,14:36:00,2023-11-13,0.1,0.1,0.1,0.1,0,0,1
FINNIFTY13NOV2321000CE.NFO,2023-10-17,14:37:00,2023-11-13,0.1,0.1,0.1,0.1,0,0,1
FINNIFTY13NOV2321000CE.NFO,2023-10-17,14:38:00,2023-11-13,0.1,0.1,0.1,0.1,0,0,1
FINNIFTY13NOV2321000CE.NFO,2023-10-17,14:39:00,2023-11-13,0.1,0.1,0.1,0.1,0,0,1
FINNIFTY13NOV2321000CE.NFO,2023-10-17,14:40:00,2023-11-13,0.1,0.1,0.1,0.1,0,0,1
FINNIFTY13NOV2321000CE.NFO,2023-10-17,14:41:00,2023-11-13,0.1,0.1,0.1,0.1,0,0,1
FINNIFTY13NOV2321000CE.NFO,2023-10-17,14:42:00,2023-11-13,0.1,0.1,0.1,0.1,0,0,1
FINNIFTY13NOV2321000CE.NFO,2023-10-17,14:43:00,2023-11-13,0.1,0.1,0.1,0.1,0,0,1
FINNIFTY13NOV2321000CE.NFO,2023-10-17,14:44:00,2023-11-13,0.1,0.1,0.1,0.1,0,0,1
FINNIFTY13NOV2321000CE.NFO,2023-10-17,14:45:00,2023-11-13,0.1,0.1,0.1,0.1,0,0,1
FINNIFTY13NOV2321000CE.NFO,2023-10-17,14:46:00,2023-11-13,0.1,0.1,0.1,0.1,0,0,1
FINNIFTY13NOV2321000CE.NFO,2023-10-17,14:47:00,2023-11-13,0.1,0.1,0.1,0.1,0,0,1
FINNIFTY13NOV2321000CE.NFO,2023-10-17,14:48:00,2023-11-13,0.1,0.1,0.1,0.1,0,0,1
FINNIFTY13NOV2321000CE.NFO,2023-10-17,14:49:00,2023-11-13,0.1,0.1,0.1,0.1,0,0,1
FINNIFTY13NOV2321000CE.NFO,2023-10-17,14:50:00,2023-11-13,0.1,0.1,0.1,0.1,0,0,1
FINNIFTY13NOV2321000CE.NFO,2023-10-17,14:51:00,2023-11-13,0.1,0.1,0.1,0.1,0,0,1
FINNIFTY13NOV2321000CE.NFO,2023-10-17,14:52:00,2023-11-13,0.1,0.1,0.1,0.1,0,0,1
FINNIFTY13NOV2321000CE.NFO,2023-10-17,14:53:00,2023-11-13,0.1,0.1,0.1,0.1,0,0,1
FINNIFTY13NOV2321000CE.NFO,2023-10-17,14:54:00,2023-11-13,0.1,0.1,0.1,0.1,0,0,1
FINNIFTY13NOV2321000CE.NFO,2023-10-17,14:55:00,2023-11-13,0.1,0.1,0.1,0.1,0,0,1
FINNIFTY13NOV2321000CE.NFO,2023-10-17,14:56:00,2023-11-13,0.1,0.1,0.1,0.1,0,0,1
FINNIFTY13NOV2321000CE.NFO,2023-10-17,14:57:00,2023-11-13,0.1,0.1,0.1,0.1,0,0,1
FINNIFTY13NOV2321000CE.NFO,2023-10-17,14:58:00,2023-11-13,0.1,0.1,0.1,0.1,0,0,1
FINNIFTY13NOV2321000CE.NFO,2023-10-17,14:59:00,2023-11-13,0.1,0.1,0.1,0.1,0,0,1
FINNIFTY13NOV2321000CE.NFO,2023-10-17,15:00:00,2023-11-13,0.1,0.1,0.1,0.1,0,0,1
FINNIFTY13NOV2321000CE.NFO,2023-10-17,15:01:00,2023-11-13,0.1,0.1,0.1,0.1,0,0,1
FINNIFTY13NOV2321000CE.NFO,2023-10-17,15:02:00,2023-11-13,0.1,0.1,0.1,0.1,0,0,1
FINNIFTY13NOV2321000CE.NFO,2023-10-17,15:03:00,2023-11-13,0.1,0.1,0.1,0.1,0,0,1
FINNIFTY13NOV2321000CE.NFO,2023-10-17,15:04:00,2023-11-13,0.1,0.1,0.1,0.1,0,0,1
FINNIFTY13NOV2321000CE.NFO,2023-10-17,15:05:00,2023-11-13,0.1,0.1,0.1,0.1,0,0,1
FINNIFTY13NOV2321000CE.NFO,2023-10-17,15:06:00,2023-11-13,0.1,0.1,0.1,0.1,0,0,1
FINNIFTY13NOV2321000CE.NFO,2023-10-17,15:07:00,2023-11-13,0.1,0.1,0.1,0.1,0,0,1
FINNIFTY13NOV2321000CE.NFO,2023-10-17,15:08:00,2023-11-13,0.1,0.1,0.1,0.1,0,0,1
FINNIFTY13NOV2321000CE.NFO,2023-10-17,15:09:00,2023-11-13,0.1,0.1,0.1,0.1,0,0,1
FINNIFTY13NOV2321000CE.NFO,2023-10-17,15:10:00,2023-11-13,0.1,0.1,0.1,0.1,0,0,1
FINNIFTY13NOV2321000CE.NFO,2023-10-17,15:11:00,2023-11-13,0.1,0.1,0.1,0.1,0,0,1
FINNIFTY13NOV2321000CE.NFO,2023-10-17,15:12:00,2023-11-13,0.1,0.1,0.1,0.1,0,0,1
FINNIFTY13NOV2321000CE.NFO,2023-10-17,15:13:00,2023-11-13,0.1,0.1,0.1,0.1,0,0,1
FINNIFTY13NOV2321000CE.NFO,2023-10-17,15:14:00,2023-11-13,0.1,0.1,0.1,0.1,0,0,1
FINNIFTY13NOV2321000CE.NFO,2023-10-17,15:15:00,2023-11-13,0.1,0.1,0.1,0.1,0,0,1
FINNIFTY13NOV2321000CE.NFO,2023-10-17,15:16:00,2023-11-13,0.1,0.1,0.1,0.1,0,0,1
FINNIFTY13NOV2321000CE.NFO,2023-10-17,15:17:00,2023-11-13,0.1,0.1,0.1,0.1,0,0,1
FINNIFTY13NOV2321000CE.NFO,2023-10-17,15:18:00,2023-11-13,0.1,0.1,0.1,0.1,0,0,1
FINNIFTY13NOV2321000CE.NFO,2023-10-17,15:19:00,2023-11-13,0.1,0.1,0.1,0.1,0,0,1
FINNIFTY13NOV2321000CE.NFO,2023-10-17,15:20:00,2023-11-13,0.1,0.1,0.1,0.1,0,0,1
FINNIFTY13NOV2321000CE.NFO,2023-10-17,15:21:00,2023-11-13,0.1,0.1,0.1,0.1,0,0,1
FINNIFTY13NOV2321000CE.NFO,2023-10-17,15:22:00,2023-11-13,0.1,0.1,0.1,0.1,0,0,1
FINNIFTY13NOV2321000CE.NFO,2023-10-17,15:23:00,2023-11-13,0.1,0.1,0.1,0.1,0,0,1
FINNIFTY13NOV2321000CE.NFO,2023-10-17,15:24:00,2023-11-13,0.1,0.1,0.1,0.1,0,0,1
FINNIFTY13NOV2321000CE.NFO,2023-10-17,15:25:00,2023-11-13,0.1,0.1,0.1,0.1,0,0,1
FINNIFTY13NOV2321000CE.NFO,2023-10-17,15:26:00,2023-11-13,0.1,0.1,0.1,0.1,0,0,1
FINNIFTY13NOV2321000CE.NFO,2023-10-17,15:27:00,2023-11-13,0.1,0.1,0.1,0.1,0,0,1
FINNIFTY13NOV2321000CE.NFO,2023-10-17,15:28:00,2023-11-13,0.1,0.1,0.1,0.1,0,0,1
FINNIFTY13NOV2321000CE.NFO,2023-10-17,15:29:00,2023-11-13,0.1,0.1,0.1,0.1,0,0,1
FINNIFTY13NOV2321000CE.NFO,2023-10-17,15:30:00,2023-11-13,0.1,0.1,0.1,0.1,0,0,1
FINNIFTY13NOV2321000CE.NFO,2023-10-18,09:15:00,2023-11-13,0.1,0.1,0.1,0.1,0,0,0
FINNIFTY13NOV2321000CE.NFO,2023-10-18,09:16:00,2023-11-13,0.1,0.1,0.1,0.1,0,0,1
FINNIFTY13NOV2321000CE.NFO,2023-10-18,09:17:00,2023-11-13,0.1,0.1,0.1,0.1,0,0,1
FINNIFTY13NOV2321000CE.NFO,2023-10-18,09:18:00,2023-11-13,0.1,0.1,0.1,0.1,0,0,1
FINNIFTY13NOV2321000CE.NFO,2023-10-18,09:19:00,2023-11-13,0.1,0.1,0.1,0.1,0,0,1
FINNIFTY13NOV2321000CE.NFO,2023-10-18,09:20:00,2023-11-13,0.1,0.1,0.1,0.1,0,0,1
FINNIFTY13NOV2321000CE.NFO,2023-10-18,09:21:00,2023-11-13,0.1,0.1,0.1,0.1,0,0,1
FINNIFTY13NOV2321000CE.NFO,2023-10-18,09:22:00,2023-11-13,0.1,0.1,0.1,0.1,0,0,1
FINNIFTY13NOV2321000CE.NFO,2023-10-18,09:23:00,2023-11-13,0.1,0.1,0.1,0.1,0,0,1
FINNIFTY13NOV2321000CE.NFO,2023-10-18,09:24:00,2023-11-13,0.1,0.1,0.1,0.1,0,0,1
FINNIFTY13NOV2321000CE.NFO,2023-10-18,09:25:00,2023-11-13,0.1,0.1,0.1,0.1,0,0,1
FINNIFTY13NOV2321000CE.NFO,2023-10-18,09:26:00,2023-11-13,0.1,0.1,0.1,0.1,0,0,1
FINNIFTY13NOV2321000CE.NFO,2023-10-18,09:27:00,2023-11-13,0.1,0.1,0.1,0.1,0,0,1
FINNIFTY13NOV2321000CE.NFO,2023-10-18,09:28:00,2023-11-13,0.1,0.1,0.1,0.1,0,0,1
FINNIFTY13NOV2321000CE.NFO,2023-10-18,09:29:00,2023-11-13,0.1,0.1,0.1,0.1,0,0,1
FINNIFTY13NOV2321000CE.NFO,2023-10-18,09:30:00,2023-11-13,0.1,0.1,0.1,0.1,0,0,1
FINNIFTY13NOV2321000CE.NFO,2023-10-18,09:31:00,2023-11-13,0.1,0.1,0.1,0.1,0,0,1
FINNIFTY13NOV2321000CE.NFO,2023-10-18,09:32:00,2023-11-13,0.1,0.1,0.1,0.1,0,0,1
FINNIFTY13NOV2321000CE.NFO,2023-10-18,09:33:00,2023-11-13,0.1,0.1,0.1,0.1,0,0,1
FINNIFTY13NOV2321000CE.NFO,2023-10-18,09:34:00,2023-11-13,0.1,0.1,0.1,0.1,0,0,1
FINNIFTY13NOV2321000CE.NFO,2023-10-18,09:35:00,2023-11-13,0.1,0.1,0.1,0.1,0,0,1
FINNIFTY13NOV2321000CE.NFO,2023-10-18,09:36:00,2023-11-13,0.1,0.1,0.1,0.1,0,0,1
FINNIFTY13NOV2321000CE.NFO,2023-10-18,09:37:00,2023-11-13,0.1,0.1,0.1,0.1,0,0,1
FINNIFTY13NOV2321000CE.NFO,2023-10-18,09:38:00,2023-11-13,0.1,0.1,0.1,0.1,0,0,1
FINNIFTY13NOV2321000CE.NFO,2023-10-18,09:39:00,2023-11-13,0.1,0.1,0.1,0.1,0,0,1
FINNIFTY13NOV2321000CE.NFO,2023-10-18,09:40:00,2023-11-13,0.1,0.1,0.1,0.1,0,0,1
FINNIFTY13NOV2321000CE.NFO,2023-10-18,09:41:00,2023-11-13,0.1,0.1,0.1,0.1,0,0,1
FINNIFTY13NOV2321000CE.NFO,2023-10-18,09:42:00,2023-11-13,0.1,0.1,0.1,0.1,0,0,1
FINNIFTY13NOV2321000CE.NFO,2023-10-18,09:43:00,2023-11-13,0.1,0.1,0.1,0.1,0,0,1
FINNIFTY13NOV2321000CE.NFO,2023-10-18,09:44:00,2023-11-13,0.1,0.1,0.1,0.1,0,0,1
FINNIFTY13NOV2321000CE.NFO,2023-10-18,09:45:00,2023-11-13,0.1,0.1,0.1,0.1,0,0,1
FINNIFTY13NOV2321000CE.NFO,2023-10-18,09:46:00,2023-11-13,0.1,0.1,0.1,0.1,0,0,1
FINNIFTY13NOV2321000CE.NFO,2023-10-18,09:47:00,2023-11-13,0.1,0.1,0.1,0.1,0,0,1
FINNIFTY13NOV2321000CE.NFO,2023-10-18,09:48:00,2023-11-13,0.1,0.1,0.1,0.1,0,0,1
FINNIFTY13NOV2321000CE.NFO,2023-10-18,09:49:00,2023-11-13,0.1,0.1,0.1,0.1,0,0,1
FINNIFTY13NOV2321000CE.NFO,2023-10-18,09:50:00,2023-11-13,0.1,0.1,0.1,0.1,0,0,1
FINNIFTY13NOV2321000CE.NFO,2023-10-18,09:51:00,2023-11-13,0.1,0.1,0.1,0.1,0,0,1
FINNIFTY13NOV2321000CE.NFO,2023-10-18,09:52:00,2023-11-13,0.1,0.1,0.1,0.1,0,0,1
FINNIFTY13NOV2321000CE.NFO,2023-10-18,09:53:00,2023-11-13,0.1,0.1,0.1,0.1,0,0,1
FINNIFTY13NOV2321000CE.NFO,2023-10-18,09:54:00,2023-11-13,0.1,0.1,0.1,0.1,0,0,1
FINNIFTY13NOV2321000CE.NFO,2023-10-18,09:55:00,2023-11-13,0.1,0.1,0.1,0.1,0,0,1
FINNIFTY13NOV2321000CE.NFO,2023-10-18,09:56:00,2023-11-13,0.1,0.1,0.1,0.1,0,0,1
FINNIFTY13NOV2321000CE.NFO,2023-10-18,09:57:00,2023-11-13,0.1,0.1,0.1,0.1,0,0,1
FINNIFTY13NOV2321000CE.NFO,2023-10-18,09:58:00,2023-11-13,0.1,0.1,0.1,0.1,0,0,1
FINNIFTY13NOV2321000CE.NFO,2023-10-18,09:59:00,2023-11-13,0.1,0.1,0.1,0.1,0,0,1
FINNIFTY13NOV2321000CE.NFO,2023-10-18,10:00:00,2023-11-13,0.1,0.1,0.1,0.1,0,0,1
FINNIFTY13NOV2321000CE.NFO,2023-10-18,10:01:00,2023-11-13,0.1,0.1,0.1,0.1,0,0,1
FINNIFTY13NOV2321000CE.NFO,2023-10-18,10:02:00,2023-11-13,0.1,0.1,0.1,0.1,0,0,1
FINNIFTY13NOV2321000CE.NFO,2023-10-18,10:03:00,2023-11-13,0.1,0.1,0.1,0.1,0,0,1
FINNIFTY13NOV2321000CE.NFO,2023-10-18,10:04:00,2023-11-13,0.1,0.1,0.1,0.1,0,0,1
FINNIFTY13NOV2321000CE.NFO,2023-10-18,10:05:00,2023-11-13,0.1,0.1,0.1,0.1,0,0,1
FINNIFTY13NOV2321000CE.NFO,2023-10-18,10:06:00,2023-11-13,0.1,0.1,0.1,0.1,0,0,1
FINNIFTY13NOV2321000CE.NFO,2023-10-18,10:07:00,2023-11-13,0.1,0.1,0.1,0.1,0,0,1
FINNIFTY13NOV2321000CE.NFO,2023-10-18,10:08:00,2023-11-13,0.1,0.1,0.1,0.1,0,0,1
FINNIFTY13NOV2321000CE.NFO,2023-10-18,10:09:00,2023-11-13,0.1,0.1,0.1,0.1,0,0,1
FINNIFTY13NOV2321000CE.NFO,2023-10-18,10:10:00,2023-11-13,0.1,0.1,0.1,0.1,0,0,1
FINNIFTY13NOV2321000CE.NFO,2023-10-18,10:11:00,2023-11-13,0.1,0.1,0.1,0.1,0,0,1
FINNIFTY13NOV2321000CE.NFO,2023-10-18,10:12:00,2023-11-13,0.1,0.1,0.1,0.1,0,0,1
FINNIFTY13NOV2321000CE.NFO,2023-10-18,10:13:00,2023-11-13,0.1,0.1,0.1,0.1,0,0,1
FINNIFTY13NOV2321000CE.NFO,2023-10-18,10:14:00,2023-11-13,0.1,0.1,0.1,0.1,0,0,1
FINNIFTY13NOV2321000CE.NFO,2023-10-18,10:15:00,2023-11-13,0.1,0.1,0.1,0.1,0,0,1
FINNIFTY13NOV2321000CE.NFO,2023-10-18,10:16:00,2023-11-13,0.1,0.1,0.1,0.1,0,0,1
FINNIFTY13NOV2321000CE.NFO,2023-10-18,10:17:00,2023-11-13,0.1,0.1,0.1,0.1,0,0,1
FINNIFTY13NOV2321000CE.NFO,2023-10-18,10:18:00,2023-11-13,0.1,0.1,0.1,0.1,0,0,1
FINNIFTY13NOV2321000CE.NFO,2023-10-18,10:19:00,2023-11-13,0.1,0.1,0.1,0.1,0,0,1
FINNIFTY13NOV2321000CE.NFO,2023-10-18,10:20:00,2023-11-13,0.1,0.1,0.1,0.1,0,0,1
FINNIFTY13NOV2321000CE.NFO,2023-10-18,10:21:00,2023-11-13,0.1,0.1,0.1,0.1,0,0,1
FINNIFTY13NOV2321000CE.NFO,2023-10-18,10:22:00,2023-11-13,0.1,0.1,0.1,0.1,0,0,1
FINNIFTY13NOV2321000CE.NFO,2023-10-18,10:23:00,2023-11-13,0.1,0.1,0.1,0.1,0,0,1
FINNIFTY13NOV2321000CE.NFO,2023-10-18,10:24:00,2023-11-13,0.1,0.1,0.1,0.1,0,0,1
FINNIFTY13NOV2321000CE.NFO,2023-10-18,10:25:00,2023-11-13,0.1,0.1,0.1,0.1,0,0,1
FINNIFTY13NOV2321000CE.NFO,2023-10-18,10:26:00,2023-11-13,0.1,0.1,0.1,0.1,0,0,1
FINNIFTY13NOV2321000CE.NFO,2023-10-18,10:27:00,2023-11-13,0.1,0.1,0.1,0.1,0,0,1
FINNIFTY13NOV2321000CE.NFO,2023-10-18,10:28:00,2023-11-13,0.1,0.1,0.1,0.1,0,0,1
FINNIFTY13NOV2321000CE.NFO,2023-10-18,10:29:00,2023-11-13,0.1,0.1,0.1,0.1,0,0,1
FINNIFTY13NOV2321000CE.NFO,2023-10-18,10:30:00,2023-11-13,0.1,0.1,0.1,0.1,0,0,1
FINNIFTY13NOV2321000CE.NFO,2023-10-18,10:31:00,2023-11-13,0.1,0.1,0.1,0.1,0,0,1
FINNIFTY13NOV2321000CE.NFO,2023-10-18,10:32:00,2023-11-13,0.1,0.1,0.1,0.1,0,0,1
FINNIFTY13NOV2321000CE.NFO,2023-10-18,10:33:00,2023-11-13,0.1,0.1,0.1,0.1,0,0,1
FINNIFTY13NOV2321000CE.NFO,2023-10-18,10:34:00,2023-11-13,0.1,0.1,0.1,0.1,0,0,1
FINNIFTY13NOV2321000CE.NFO,2023-10-18,10:35:00,2023-11-13,0.1,0.1,0.1,0.1,0,0,1
FINNIFTY13NOV2321000CE.NFO,2023-10-18,10:36:00,2023-11-13,0.1,0.1,0.1,0.1,0,0,1
FINNIFTY13NOV2321000CE.NFO,2023-10-18,10:37:00,2023-11-13,0.1,0.1,0.1,0.1,0,0,1
FINNIFTY13NOV2321000CE.NFO,2023-10-18,10:38:00,2023-11-13,0.1,0.1,0.1,0.1,0,0,1
FINNIFTY13NOV2321000CE.NFO,2023-10-18,10:39:00,2023-11-13,0.1,0.1,0.1,0.1,0,0,1
FINNIFTY13NOV2321000CE.NFO,2023-10-18,10:40:00,2023-11-13,0.1,0.1,0.1,0.1,0,0,1
FINNIFTY13NOV2321000CE.NFO,2023-10-18,10:41:00,2023-11-13,0.1,0.1,0.1,0.1,0,0,1
FINNIFTY13NOV2321000CE.NFO,2023-10-18,10:42:00,2023-11-13,0.1,0.1,0.1,0.1,0,0,1
FINNIFTY13NOV2321000CE.NFO,2023-10-18,10:43:00,2023-11-13,0.1,0.1,0.1,0.1,0,0,1
FINNIFTY13NOV2321000CE.NFO,2023-10-18,10:44:00,2023-11-13,0.1,0.1,0.1,0.1,0,0,1
FINNIFTY13NOV2321000CE.NFO,2023-10-18,10:45:00,2023-11-13,0.1,0.1,0.1,0.1,0,0,1
FINNIFTY13NOV2321000CE.NFO,2023-10-18,10:46:00,2023-11-13,0.1,0.1,0.1,0.1,0,0,1
FINNIFTY13NOV2321000CE.NFO,2023-10-18,10:47:00,2023-11-13,0.1,0.1,0.1,0.1,0,0,1
FINNIFTY13NOV2321000CE.NFO,2023-10-18,10:48:00,2023-11-13,0.1,0.1,0.1,0.1,0,0,1
FINNIFTY13NOV2321000CE.NFO,2023-10-18,10:49:00,2023-11-13,0.1,0.1,0.1,0.1,0,0,1
FINNIFTY13NOV2321000CE.NFO,2023-10-18,10:50:00,2023-11-13,0.1,0.1,0.1,0.1,0,0,1
FINNIFTY13NOV2321000CE.NFO,2023-10-18,10:51:00,2023-11-13,0.1,0.1,0.1,0.1,0,0,1
FINNIFTY13NOV2321000CE.NFO,2023-10-18,10:52:00,2023-11-13,0.1,0.1,0.1,0.1,0,0,1
FINNIFTY13NOV2321000CE.NFO,2023-10-18,10:53:00,2023-11-13,0.1,0.1,0.1,0.1,0,0,1
FINNIFTY13NOV2321000CE.NFO,2023-10-18,10:54:00,2023-11-13,0.1,0.1,0.1,0.1,0,0,1
FINNIFTY13NOV2321000CE.NFO,2023-10-18,10:55:00,2023-11-13,0.1,0.1,0.1,0.1,0,0,1
FINNIFTY13NOV2321000CE.NFO,2023-10-18,10:56:00,2023-11-13,0.1,0.1,0.1,0.1,0,0,1
FINNIFTY13NOV2321000CE.NFO,2023-10-18,10:57:00,2023-11-13,0.1,0.1,0.1,0.1,0,0,1
FINNIFTY13NOV2321000CE.NFO,2023-10-18,10:58:00,2023-11-13,0.1,0.1,0.1,0.1,0,0,1
FINNIFTY13NOV2321000CE.NFO,2023-10-18,10:59:00,2023-11-13,0.1,0.1,0.1,0.1,0,0,1
FINNIFTY13NOV2321000CE.NFO,2023-10-18,11:00:00,2023-11-13,0.1,0.1,0.1,0.1,0,0,1
FINNIFTY13NOV2321000CE.NFO,2023-10-18,11:01:00,2023-11-13,0.1,0.1,0.1,0.1,0,0,1
FINNIFTY13NOV2321000CE.NFO,2023-10-18,11:02:00,2023-11-13,0.1,0.1,0.1,0.1,0,0,1
FINNIFTY13NOV2321000CE.NFO,2023-10-18,11:03:00,2023-11-13,0.1,0.1,0.1,0.1,0,0,1
FINNIFTY13NOV2321000CE.NFO,2023-10-18,11:04:00,2023-11-13,0.1,0.1,0.1,0.1,0,0,1
FINNIFTY13NOV2321000CE.NFO,2023-10-18,11:05:00,2023-11-13,0.1,0.1,0.1,0.1,0,0,1
FINNIFTY13NOV2321000CE.NFO,2023-10-18,11:06:00,2023-11-13,0.1,0.1,0.1,0.1,0,0,1
FINNIFTY13NOV2321000CE.NFO,2023-10-18,11:07:00,2023-11-13,0.1,0.1,0.1,0.1,0,0,1
FINNIFTY13NOV2321000CE.NFO,2023-10-18,11:08:00,2023-11-13,0.1,0.1,0.1,0.1,0,0,1
FINNIFTY13NOV2321000CE.NFO,2023-10-18,11:09:00,2023-11-13,0.1,0.1,0.1,0.1,0,0,1
FINNIFTY13NOV2321000CE.NFO,2023-10-18,11:10:00,2023-11-13,0.1,0.1,0.1,0.1,0,0,1
FINNIFTY13NOV2321000CE.NFO,2023-10-18,11:11:00,2023-11-13,0.1,0.1,0.1,0.1,0,0,1
FINNIFTY13NOV2321000CE.NFO,2023-10-18,11:12:00,2023-11-13,0.1,0.1,0.1,0.1,0,0,1
FINNIFTY13NOV2321000CE.NFO,2023-10-18,11:13:00,2023-11-13,0.1,0.1,0.1,0.1,0,0,1
FINNIFTY13NOV2321000CE.NFO,2023-10-18,11:14:00,2023-11-13,0.1,0.1,0.1,0.1,0,0,1
FINNIFTY13NOV2321000CE.NFO,2023-10-18,11:15:00,2023-11-13,0.1,0.1,0.1,0.1,0,0,1
FINNIFTY13NOV2321000CE.NFO,2023-10-18,11:16:00,2023-11-13,0.1,0.1,0.1,0.1,0,0,1
FINNIFTY13NOV2321000CE.NFO,2023-10-18,11:17:00,2023-11-13,0.1,0.1,0.1,0.1,0,0,1
FINNIFTY13NOV2321000CE.NFO,2023-10-18,11:18:00,2023-11-13,0.1,0.1,0.1,0.1,0,0,1
FINNIFTY13NOV2321000CE.NFO,2023-10-18,11:19:00,2023-11-13,0.1,0.1,0.1,0.1,0,0,1
FINNIFTY13NOV2321000CE.NFO,2023-10-18,11:20:00,2023-11-13,0.1,0.1,0.1,0.1,0,0,1
FINNIFTY13NOV2321000CE.NFO,2023-10-18,11:21:00,2023-11-13,0.1,0.1,0.1,0.1,0,0,1
FINNIFTY13NOV2321000CE.NFO,2023-10-18,11:22:00,2023-11-13,0.1,0.1,0.1,0.1,0,0,1
FINNIFTY13NOV2321000CE.NFO,2023-10-18,11:23:00,2023-11-13,0.1,0.1,0.1,0.1,0,0,1
FINNIFTY13NOV2321000CE.NFO,2023-10-18,11:24:00,2023-11-13,0.1,0.1,0.1,0.1,0,0,1
FINNIFTY13NOV2321000CE.NFO,2023-10-18,11:25:00,2023-11-13,0.1,0.1,0.1,0.1,0,0,1
FINNIFTY13NOV2321000CE.NFO,2023-10-18,11:26:00,2023-11-13,0.1,0.1,0.1,0.1,0,0,1
FINNIFTY13NOV2321000CE.NFO,2023-10-18,11:27:00,2023-11-13,0.1,0.1,0.1,0.1,0,0,1
FINNIFTY13NOV2321000CE.NFO,2023-10-18,11:28:00,2023-11-13,0.1,0.1,0.1,0.1,0,0,1
FINNIFTY13NOV2321000CE.NFO,2023-10-18,11:29:00,2023-11-13,0.1,0.1,0.1,0.1,0,0,1
FINNIFTY13NOV2321000CE.NFO,2023-10-18,11:30:00,2023-11-13,0.1,0.1,0.1,0.1,0,0,1
FINNIFTY13NOV2321000CE.NFO,2023-10-18,11:31:00,2023-11-13,0.1,0.1,0.1,0.1,0,0,1
FINNIFTY13NOV2321000CE.NFO,2023-10-18,11:32:00,2023-11-13,0.1,0.1,0.1,0.1,0,0,1
FINNIFTY13NOV2321000CE.NFO,2023-10-18,11:33:00,2023-11-13,0.1,0.1,0.1,0.1,0,0,1
FINNIFTY13NOV2321000CE.NFO,2023-10-18,11:34:00,2023-11-13,0.1,0.1,0.1,0.1,0,0,1
FINNIFTY13NOV2321000CE.NFO,2023-10-18,11:35:00,2023-11-13,0.1,0.1,0.1,0.1,0,0,1
FINNIFTY13NOV2321000CE.NFO,2023-10-18,11:36:00,2023-11-13,0.1,0.1,0.1,0.1,0,0,1
FINNIFTY13NOV2321000CE.NFO,2023-10-18,11:37:00,2023-11-13,0.1,0.1,0.1,0.1,0,0,1
FINNIFTY13NOV2321000CE.NFO,2023-10-18,11:38:00,2023-11-13,0.1,0.1,0.1,0.1,0,0,1
FINNIFTY13NOV2321000CE.NFO,2023-10-18,11:39:00,2023-11-13,0.1,0.1,0.1,0.1,0,0,1
FINNIFTY13NOV2321000CE.NFO,2023-10-18,11:40:00,2023-11-13,0.1,0.1,0.1,0.1,0,0,1
FINNIFTY13NOV2321000CE.NFO,2023-10-18,11:41:00,2023-11-13,0.1,0.1,0.1,0.1,0,0,1
FINNIFTY13NOV2321000CE.NFO,2023-10-18,11:42:00,2023-11-13,0.1,0.1,0.1,0.1,0,0,1
FINNIFTY13NOV2321000CE.NFO,2023-10-18,11:43:00,2023-11-13,0.1,0.1,0.1,0.1,0,0,1
FINNIFTY13NOV2321000CE.NFO,2023-10-18,11:44:00,2023-11-13,0.1,0.1,0.1,0.1,0,0,1
FINNIFTY13NOV2321000CE.NFO,2023-10-18,11:45:00,2023-11-13,0.1,0.1,0.1,0.1,0,0,1
FINNIFTY13NOV2321000CE.NFO,2023-10-18,11:46:00,2023-11-13,0.1,0.1,0.1,0.1,0,0,1
FINNIFTY13NOV2321000CE.NFO,2023-10-18,11:47:00,2023-11-13,0.1,0.1,0.1,0.1,0,0,1
FINNIFTY13NOV2321000CE.NFO,2023-10-18,11:48:00,2023-11-13,0.1,0.1,0.1,0.1,0,0,1
FINNIFTY13NOV2321000CE.NFO,2023-10-18,11:49:00,2023-11-13,0.1,0.1,0.1,0.1,0,0,1
FINNIFTY13NOV2321000CE.NFO,2023-10-18,11:50:00,2023-11-13,0.1,0.1,0.1,0.1,0,0,1
FINNIFTY13NOV2321000CE.NFO,2023-10-18,11:51:00,2023-11-13,0.1,0.1,0.1,0.1,0,0,1
FINNIFTY13NOV2321000CE.NFO,2023-10-18,11:52:00,2023-11-13,0.1,0.1,0.1,0.1,0,0,1
FINNIFTY13NOV2321000CE.NFO,2023-10-18,11:53:00,2023-11-13,0.1,0.1,0.1,0.1,0,0,1
FINNIFTY13NOV2321000CE.NFO,2023-10-18,11:54:00,2023-11-13,0.1,0.1,0.1,0.1,0,0,1
FINNIFTY13NOV2321000CE.NFO,2023-10-18,11:55:00,2023-11-13,0.1,0.1,0.1,0.1,0,0,1
FINNIFTY13NOV2321000CE.NFO,2023-10-18,11:56:00,2023-11-13,0.1,0.1,0.1,0.1,0,0,1
FINNIFTY13NOV2321000CE.NFO,2023-10-18,11:57:00,2023-11-13,0.1,0.1,0.1,0.1,0,0,1
FINNIFTY13NOV2321000CE.NFO,2023-10-18,11:58:00,2023-11-13,0.1,0.1,0.1,0.1,0,0,1
FINNIFTY13NOV2321000CE.NFO,2023-10-18,11:59:00,2023-11-13,0.1,0.1,0.1,0.1,0,0,1
FINNIFTY13NOV2321000CE.NFO,2023-10-18,12:00:00,2023-11-13,0.1,0.1,0.1,0.1,0,0,1
FINNIFTY13NOV2321000CE.NFO,2023-10-18,12:01:00,2023-11-13,0.1,0.1,0.1,0.1,0,0,1
FINNIFTY13NOV2321000CE.NFO,2023-10-18,12:02:00,2023-11-13,0.1,0.1,0.1,0.1,0,0,1
FINNIFTY13NOV2321000CE.NFO,2023-10-18,12:03:00,2023-11-13,0.1,0.1,0.1,0.1,0,0,1
FINNIFTY13NOV2321000CE.NFO,2023-10-18,12:04:00,2023-11-13,0.1,0.1,0.1,0.1,0,0,1
FINNIFTY13NOV2321000CE.NFO,2023-10-18,12:05:00,2023-11-13,0.1,0.1,0.1,0.1,0,0,1
FINNIFTY13NOV2321000CE.NFO,2023-10-18,12:06:00,2023-11-13,0.1,0.1,0.1,0.1,0,0,1
FINNIFTY13NOV2321000CE.NFO,2023-10-18,12:07:00,2023-11-13,0.1,0.1,0.1,0.1,0,0,1
FINNIFTY13NOV2321000CE.NFO,2023-10-18,12:08:00,2023-11-13,0.1,0.1,0.1,0.1,0,0,1
FINNIFTY13NOV2321000CE.NFO,2023-10-18,12:09:00,2023-11-13,0.1,0.1,0.1,0.1,0,0,1
FINNIFTY13NOV2321000CE.NFO,2023-10-18,12:10:00,2023-11-13,0.1,0.1,0.1,0.1,0,0,1
FINNIFTY13NOV2321000CE.NFO,2023-10-18,12:11:00,2023-11-13,0.1,0.1,0.1,0.1,0,0,1
FINNIFTY13NOV2321000CE.NFO,2023-10-18,12:12:00,2023-11-13,0.1,0.1,0.1,0.1,0,0,1
FINNIFTY13NOV2321000CE.NFO,2023-10-18,12:13:00,2023-11-13,0.1,0.1,0.1,0.1,0,0,1
FINNIFTY13NOV2321000CE.NFO,2023-10-18,12:14:00,2023-11-13,0.1,0.1,0.1,0.1,0,0,1
FINNIFTY13NOV2321000CE.NFO,2023-10-18,12:15:00,2023-11-13,0.1,0.1,0.1,0.1,0,0,1
FINNIFTY13NOV2321000CE.NFO,2023-10-18,12:16:00,2023-11-13,0.1,0.1,0.1,0.1,0,0,1
FINNIFTY13NOV2321000CE.NFO,2023-10-18,12:17:00,2023-11-13,0.1,0.1,0.1,0.1,0,0,1
FINNIFTY13NOV2321000CE.NFO,2023-10-18,12:18:00,2023-11-13,0.1,0.1,0.1,0.1,0,0,1
FINNIFTY13NOV2321000CE.NFO,2023-10-18,12:19:00,2023-11-13,0.1,0.1,0.1,0.1,0,0,1
FINNIFTY13NOV2321000CE.NFO,2023-10-18,12:20:00,2023-11-13,0.1,0.1,0.1,0.1,0,0,1
FINNIFTY13NOV2321000CE.NFO,2023-10-18,12:21:00,2023-11-13,0.1,0.1,0.1,0.1,0,0,1
FINNIFTY13NOV2321000CE.NFO,2023-10-18,12:22:00,2023-11-13,0.1,0.1,0.1,0.1,0,0,1
FINNIFTY13NOV2321000CE.NFO,2023-10-18,12:23:00,2023-11-13,0.1,0.1,0.1,0.1,0,0,1
FINNIFTY13NOV2321000CE.NFO,2023-10-18,12:24:00,2023-11-13,0.1,0.1,0.1,0.1,0,0,1
FINNIFTY13NOV2321000CE.NFO,2023-10-18,12:25:00,2023-11-13,0.1,0.1,0.1,0.1,0,0,1
FINNIFTY13NOV2321000CE.NFO,2023-10-18,12:26:00,2023-11-13,0.1,0.1,0.1,0.1,0,0,1
FINNIFTY13NOV2321000CE.NFO,2023-10-18,12:27:00,2023-11-13,0.1,0.1,0.1,0.1,0,0,1
FINNIFTY13NOV2321000CE.NFO,2023-10-18,12:28:00,2023-11-13,0.1,0.1,0.1,0.1,0,0,1
FINNIFTY13NOV2321000CE.NFO,2023-10-18,12:29:00,2023-11-13,0.1,0.1,0.1,0.1,0,0,1
FINNIFTY13NOV2321000CE.NFO,2023-10-18,12:30:00,2023-11-13,0.1,0.1,0.1,0.1,0,0,1
FINNIFTY13NOV2321000CE.NFO,2023-10-18,12:31:00,2023-11-13,0.1,0.1,0.1,0.1,0,0,1
FINNIFTY13NOV2321000CE.NFO,2023-10-18,12:32:00,2023-11-13,0.1,0.1,0.1,0.1,0,0,1
FINNIFTY13NOV2321000CE.NFO,2023-10-18,12:33:00,2023-11-13,0.1,0.1,0.1,0.1,0,0,1
FINNIFTY13NOV2321000CE.NFO,2023-10-18,12:34:00,2023-11-13,0.1,0.1,0.1,0.1,0,0,1
FINNIFTY13NOV2321000CE.NFO,2023-10-18,12:35:00,2023-11-13,0.1,0.1,0.1,0.1,0,0,1
FINNIFTY13NOV2321000CE.NFO,2023-10-18,12:36:00,2023-11-13,0.1,0.1,0.1,0.1,0,0,1
FINNIFTY13NOV2321000CE.NFO,2023-10-18,12:37:00,2023-11-13,0.1,0.1,0.1,0.1,0,0,1
FINNIFTY13NOV2321000CE.NFO,2023-10-18,12:38:00,2023-11-13,0.1,0.1,0.1,0.1,0,0,1
FINNIFTY13NOV2321000CE.NFO,2023-10-18,12:39:00,2023-11-13,0.1,0.1,0.1,0.1,0,0,1
FINNIFTY13NOV2321000CE.NFO,2023-10-18,12:40:00,2023-11-13,0.1,0.1,0.1,0.1,0,0,1
FINNIFTY13NOV2321000CE.NFO,2023-10-18,12:41:00,2023-11-13,0.1,0.1,0.1,0.1,0,0,1
FINNIFTY13NOV2321000CE.NFO,2023-10-18,12:42:00,2023-11-13,0.1,0.1,0.1,0.1,0,0,1
FINNIFTY13NOV2321000CE.NFO,2023-10-18,12:43:00,2023-11-13,0.1,0.1,0.1,0.1,0,0,1
FINNIFTY13NOV2321000CE.NFO,2023-10-18,12:44:00,2023-11-13,0.1,0.1,0.1,0.1,0,0,1
FINNIFTY13NOV2321000CE.NFO,2023-10-18,12:45:00,2023-11-13,0.1,0.1,0.1,0.1,0,0,1
FINNIFTY13NOV2321000CE.NFO,2023-10-18,12:46:00,2023-11-13,0.1,0.1,0.1,0.1,0,0,1
FINNIFTY13NOV2321000CE.NFO,2023-10-18,12:47:00,2023-11-13,0.1,0.1,0.1,0.1,0,0,1
FINNIFTY13NOV2321000CE.NFO,2023-10-18,12:48:00,2023-11-13,0.1,0.1,0.1,0.1,0,0,1
FINNIFTY13NOV2321000CE.NFO,2023-10-18,12:49:00,2023-11-13,0.1,0.1,0.1,0.1,0,0,1
FINNIFTY13NOV2321000CE.NFO,2023-10-18,12:50:00,2023-11-13,0.1,0.1,0.1,0.1,0,0,1
FINNIFTY13NOV2321000CE.NFO,2023-10-18,12:51:00,2023-11-13,0.1,0.1,0.1,0.1,0,0,1
FINNIFTY13NOV2321000CE.NFO,2023-10-18,12:52:00,2023-11-13,0.1,0.1,0.1,0.1,0,0,1
FINNIFTY13NOV2321000CE.NFO,2023-10-18,12:53:00,2023-11-13,0.1,0.1,0.1,0.1,0,0,1
FINNIFTY13NOV2321000CE.NFO,2023-10-18,12:54:00,2023-11-13,0.1,0.1,0.1,0.1,0,0,1
FINNIFTY13NOV2321000CE.NFO,2023-10-18,12:55:00,2023-11-13,0.1,0.1,0.1,0.1,0,0,1
FINNIFTY13NOV2321000CE.NFO,2023-10-18,12:56:00,2023-11-13,0.1,0.1,0.1,0.1,0,0,1
FINNIFTY13NOV2321000CE.NFO,2023-10-18,12:57:00,2023-11-13,0.1,0.1,0.1,0.1,0,0,1
FINNIFTY13NOV2321000CE.NFO,2023-10-18,12:58:00,2023-11-13,0.1,0.1,0.1,0.1,0,0,1
FINNIFTY13NOV2321000CE.NFO,2023-10-18,12:59:00,2023-11-13,0.1,0.1,0.1,0.1,0,0,1
FINNIFTY13NOV2321000CE.NFO,2023-10-18,13:00:00,2023-11-13,0.1,0.1,0.1,0.1,0,0,1
FINNIFTY13NOV2321000CE.NFO,2023-10-18,13:01:00,2023-11-13,0.1,0.1,0.1,0.1,0,0,1
FINNIFTY13NOV2321000CE.NFO,2023-10-18,13:02:00,2023-11-13,0.1,0.1,0.1,0.1,0,0,1
FINNIFTY13NOV2321000CE.NFO,2023-10-18,13:03:00,2023-11-13,0.1,0.1,0.1,0.1,0,0,1
FINNIFTY13NOV2321000CE.NFO,2023-10-18,13:04:00,2023-11-13,0.1,0.1,0.1,0.1,0,0,1
FINNIFTY13NOV2321000CE.NFO,2023-10-18,13:05:00,2023-11-13,0.1,0.1,0.1,0.1,0,0,1
FINNIFTY13NOV2321000CE.NFO,2023-10-18,13:06:00,2023-11-13,0.1,0.1,0.1,0.1,0,0,1
FINNIFTY13NOV2321000CE.NFO,2023-10-18,13:07:00,2023-11-13,0.1,0.1,0.1,0.1,0,0,1
FINNIFTY13NOV2321000CE.NFO,2023-10-18,13:08:00,2023-11-13,0.1,0.1,0.1,0.1,0,0,1
FINNIFTY13NOV2321000CE.NFO,2023-10-18,13:09:00,2023-11-13,0.1,0.1,0.1,0.1,0,0,1
FINNIFTY13NOV2321000CE.NFO,2023-10-18,13:10:00,2023-11-13,0.1,0.1,0.1,0.1,0,0,1
FINNIFTY13NOV2321000CE.NFO,2023-10-18,13:11:00,2023-11-13,0.1,0.1,0.1,0.1,0,0,1
FINNIFTY13NOV2321000CE.NFO,2023-10-18,13:12:00,2023-11-13,0.1,0.1,0.1,0.1,0,0,1
FINNIFTY13NOV2321000CE.NFO,2023-10-18,13:13:00,2023-11-13,0.1,0.1,0.1,0.1,0,0,1
FINNIFTY13NOV2321000CE.NFO,2023-10-18,13:14:00,2023-11-13,0.1,0.1,0.1,0.1,0,0,1
FINNIFTY13NOV2321000CE.NFO,2023-10-18,13:15:00,2023-11-13,0.1,0.1,0.1,0.1,0,0,1
FINNIFTY13NOV2321000CE.NFO,2023-10-18,13:16:00,2023-11-13,0.1,0.1,0.1,0.1,0,0,1
FINNIFTY13NOV2321000CE.NFO,2023-10-18,13:17:00,2023-11-13,0.1,0.1,0.1,0.1,0,0,1
FINNIFTY13NOV2321000CE.NFO,2023-10-18,13:18:00,2023-11-13,0.1,0.1,0.1,0.1,0,0,1
FINNIFTY13NOV2321000CE.NFO,2023-10-18,13:19:00,2023-11-13,0.1,0.1,0.1,0.1,0,0,1
FINNIFTY13NOV2321000CE.NFO,2023-10-18,13:20:00,2023-11-13,0.1,0.1,0.1,0.1,0,0,1
FINNIFTY13NOV2321000CE.NFO,2023-10-18,13:21:00,2023-11-13,0.1,0.1,0.1,0.1,0,0,1
FINNIFTY13NOV2321000CE.NFO,2023-10-18,13:22:00,2023-11-13,0.1,0.1,0.1,0.1,0,0,1
FINNIFTY13NOV2321000CE.NFO,2023-10-18,13:23:00,2023-11-13,0.1,0.1,0.1,0.1,0,0,1
FINNIFTY13NOV2321000CE.NFO,2023-10-18,13:24:00,2023-11-13,0.1,0.1,0.1,0.1,0,0,1
FINNIFTY13NOV2321000CE.NFO,2023-10-18,13:25:00,2023-11-13,0.1,0.1,0.1,0.1,0,0,1
FINNIFTY13NOV2321000CE.NFO,2023-10-18,13:26:00,2023-11-13,0.1,0.1,0.1,0.1,0,0,1
FINNIFTY13NOV2321000CE.NFO,2023-10-18,13:27:00,2023-11-13,0.1,0.1,0.1,0.1,0,0,1
FINNIFTY13NOV2321000CE.NFO,2023-10-18,13:28:00,2023-11-13,0.1,0.1,0.1,0.1,0,0,1
FINNIFTY13NOV2321000CE.NFO,2023-10-18,13:29:00,2023-11-13,0.1,0.1,0.1,0.1,0,0,1
FINNIFTY13NOV2321000CE.NFO,2023-10-18,13:30:00,2023-11-13,0.1,0.1,0.1,0.1,0,0,1
FINNIFTY13NOV2321000CE.NFO,2023-10-18,13:31:00,2023-11-13,0.1,0.1,0.1,0.1,0,0,1
FINNIFTY13NOV2321000CE.NFO,2023-10-18,13:32:00,2023-11-13,0.1,0.1,0.1,0.1,0,0,1
FINNIFTY13NOV2321000CE.NFO,2023-10-18,13:33:00,2023-11-13,0.1,0.1,0.1,0.1,0,0,1
FINNIFTY13NOV2321000CE.NFO,2023-10-18,13:34:00,2023-11-13,0.1,0.1,0.1,0.1,0,0,1
FINNIFTY13NOV2321000CE.NFO,2023-10-18,13:35:00,2023-11-13,0.1,0.1,0.1,0.1,0,0,1
FINNIFTY13NOV2321000CE.NFO,2023-10-18,13:36:00,2023-11-13,0.1,0.1,0.1,0.1,0,0,1
FINNIFTY13NOV2321000CE.NFO,2023-10-18,13:37:00,2023-11-13,0.1,0.1,0.1,0.1,0,0,1
FINNIFTY13NOV2321000CE.NFO,2023-10-18,13:38:00,2023-11-13,0.1,0.1,0.1,0.1,0,0,1
FINNIFTY13NOV2321000CE.NFO,2023-10-18,13:39:00,2023-11-13,0.1,0.1,0.1,0.1,0,0,1
FINNIFTY13NOV2321000CE.NFO,2023-10-18,13:40:00,2023-11-13,0.1,0.1,0.1,0.1,0,0,1
FINNIFTY13NOV2321000CE.NFO,2023-10-18,13:41:00,2023-11-13,0.1,0.1,0.1,0.1,0,0,1
FINNIFTY13NOV2321000CE.NFO,2023-10-18,13:42:00,2023-11-13,0.1,0.1,0.1,0.1,0,0,1
FINNIFTY13NOV2321000CE.NFO,2023-10-18,13:43:00,2023-11-13,0.1,0.1,0.1,0.1,0,0,1
FINNIFTY13NOV2321000CE.NFO,2023-10-18,13:44:00,2023-11-13,0.1,0.1,0.1,0.1,0,0,1
FINNIFTY13NOV2321000CE.NFO,2023-10-18,13:45:00,2023-11-13,0.1,0.1,0.1,0.1,0,0,1
FINNIFTY13NOV2321000CE.NFO,2023-10-18,13:46:00,2023-11-13,0.1,0.1,0.1,0.1,0,0,1
FINNIFTY13NOV2321000CE.NFO,2023-10-18,13:47:00,2023-11-13,0.1,0.1,0.1,0.1,0,0,1
FINNIFTY13NOV2321000CE.NFO,2023-10-18,13:48:00,2023-11-13,0.1,0.1,0.1,0.1,0,0,1
FINNIFTY13NOV2321000CE.NFO,2023-10-18,13:49:00,2023-11-13,0.1,0.1,0.1,0.1,0,0,1
FINNIFTY13NOV2321000CE.NFO,2023-10-18,13:50:00,2023-11-13,0.1,0.1,0.1,0.1,0,0,1
FINNIFTY13NOV2321000CE.NFO,2023-10-18,13:51:00,2023-11-13,0.1,0.1,0.1,0.1,0,0,1
FINNIFTY13NOV2321000CE.NFO,2023-10-18,13:52:00,2023-11-13,0.1,0.1,0.1,0.1,0,0,1
FINNIFTY13NOV2321000CE.NFO,2023-10-18,13:53:00,2023-11-13,0.1,0.1,0.1,0.1,0,0,1
FINNIFTY13NOV2321000CE.NFO,2023-10-18,13:54:00,2023-11-13,0.1,0.1,0.1,0.1,0,0,1
FINNIFTY13NOV2321000CE.NFO,2023-10-18,13:55:00,2023-11-13,0.1,0.1,0.1,0.1,0,0,1
FINNIFTY13NOV2321000CE.NFO,2023-10-18,13:56:00,2023-11-13,0.1,0.1,0.1,0.1,0,0,1
FINNIFTY13NOV2321000CE.NFO,2023-10-18,13:57:00,2023-11-13,0.1,0.1,0.1,0.1,0,0,1
FINNIFTY13NOV2321000CE.NFO,2023-10-18,13:58:00,2023-11-13,0.1,0.1,0.1,0.1,0,0,1
FINNIFTY13NOV2321000CE.NFO,2023-10-18,13:59:00,2023-11-13,0.1,0.1,0.1,0.1,0,0,1
FINNIFTY13NOV2321000CE.NFO,2023-10-18,14:00:00,2023-11-13,0.1,0.1,0.1,0.1,0,0,1
FINNIFTY13NOV2321000CE.NFO,2023-10-18,14:01:00,2023-11-13,0.1,0.1,0.1,0.1,0,0,1
FINNIFTY13NOV2321000CE.NFO,2023-10-18,14:02:00,2023-11-13,0.1,0.1,0.1,0.1,0,0,1
FINNIFTY13NOV2321000CE.NFO,2023-10-18,14:03:00,2023-11-13,0.1,0.1,0.1,0.1,0,0,1
FINNIFTY13NOV2321000CE.NFO,2023-10-18,14:04:00,2023-11-13,0.1,0.1,0.1,0.1,0,0,1
FINNIFTY13NOV2321000CE.NFO,2023-10-18,14:05:00,2023-11-13,0.1,0.1,0.1,0.1,0,0,1
FINNIFTY13NOV2321000CE.NFO,2023-10-18,14:06:00,2023-11-13,0.1,0.1,0.1,0.1,0,0,1
FINNIFTY13NOV2321000CE.NFO,2023-10-18,14:07:00,2023-11-13,0.1,0.1,0.1,0.1,0,0,1
FINNIFTY13NOV2321000CE.NFO,2023-10-18,14:08:00,2023-11-13,0.1,0.1,0.1,0.1,0,0,1
FINNIFTY13NOV2321000CE.NFO,2023-10-18,14:09:00,2023-11-13,0.1,0.1,0.1,0.1,0,0,1
FINNIFTY13NOV2321000CE.NFO,2023-10-18,14:10:00,2023-11-13,0.1,0.1,0.1,0.1,0,0,1
FINNIFTY13NOV2321000CE.NFO,2023-10-18,14:11:00,2023-11-13,0.1,0.1,0.1,0.1,0,0,1
FINNIFTY13NOV2321000CE.NFO,2023-10-18,14:12:00,2023-11-13,0.1,0.1,0.1,0.1,0,0,1
FINNIFTY13NOV2321000CE.NFO,2023-10-18,14:13:00,2023-11-13,0.1,0.1,0.1,0.1,0,0,1
FINNIFTY13NOV2321000CE.NFO,2023-10-18,14:14:00,2023-11-13,0.1,0.1,0.1,0.1,0,0,1
FINNIFTY13NOV2321000CE.NFO,2023-10-18,14:15:00,2023-11-13,0.1,0.1,0.1,0.1,0,0,1
FINNIFTY13NOV2321000CE.NFO,2023-10-18,14:16:00,2023-11-13,0.1,0.1,0.1,0.1,0,0,1
FINNIFTY13NOV2321000CE.NFO,2023-10-18,14:17:00,2023-11-13,0.1,0.1,0.1,0.1,0,0,1
FINNIFTY13NOV2321000CE.NFO,2023-10-18,14:18:00,2023-11-13,0.1,0.1,0.1,0.1,0,0,1
FINNIFTY13NOV2321000CE.NFO,2023-10-18,14:19:00,2023-11-13,0.1,0.1,0.1,0.1,0,0,1
FINNIFTY13NOV2321000CE.NFO,2023-10-18,14:20:00,2023-11-13,0.1,0.1,0.1,0.1,0,0,1
FINNIFTY13NOV2321000CE.NFO,2023-10-18,14:21:00,2023-11-13,0.1,0.1,0.1,0.1,0,0,1
FINNIFTY13NOV2321000CE.NFO,2023-10-18,14:22:00,2023-11-13,0.1,0.1,0.1,0.1,0,0,1
FINNIFTY13NOV2321000CE.NFO,2023-10-18,14:23:00,2023-11-13,0.1,0.1,0.1,0.1,0,0,1
FINNIFTY13NOV2321000CE.NFO,2023-10-18,14:24:00,2023-11-13,0.1,0.1,0.1,0.1,0,0,1
FINNIFTY13NOV2321000CE.NFO,2023-10-18,14:25:00,2023-11-13,0.1,0.1,0.1,0.1,0,0,1
FINNIFTY13NOV2321000CE.NFO,2023-10-18,14:26:00,2023-11-13,0.1,0.1,0.1,0.1,0,0,1
FINNIFTY13NOV2321000CE.NFO,2023-10-18,14:27:00,2023-11-13,0.1,0.1,0.1,0.1,0,0,1
FINNIFTY13NOV2321000CE.NFO,2023-10-18,14:28:00,2023-11-13,0.1,0.1,0.1,0.1,0,0,1
FINNIFTY13NOV2321000CE.NFO,2023-10-18,14:29:00,2023-11-13,0.1,0.1,0.1,0.1,0,0,1
FINNIFTY13NOV2321000CE.NFO,2023-10-18,14:30:00,2023-11-13,0.1,0.1,0.1,0.1,0,0,1
FINNIFTY13NOV2321000CE.NFO,2023-10-18,14:31:00,2023-11-13,0.1,0.1,0.1,0.1,0,0,1
FINNIFTY13NOV2321000CE.NFO,2023-10-18,14:32:00,2023-11-13,0.1,0.1,0.1,0.1,0,0,1
FINNIFTY13NOV2321000CE.NFO,2023-10-18,14:33:00,2023-11-13,0.1,0.1,0.1,0.1,0,0,1
FINNIFTY13NOV2321000CE.NFO,2023-10-18,14:34:00,2023-11-13,0.1,0.1,0.1,0.1,0,0,1
FINNIFTY13NOV2321000CE.NFO,2023-10-18,14:35:00,2023-11-13,0.1,0.1,0.1,0.1,0,0,1
FINNIFTY13NOV2321000CE.NFO,2023-10-18,14:36:00,2023-11-13,0.1,0.1,0.1,0.1,0,0,1
FINNIFTY13NOV2321000CE.NFO,2023-10-18,14:37:00,2023-11-13,0.1,0.1,0.1,0.1,0,0,1
FINNIFTY13NOV2321000CE.NFO,2023-10-18,14:38:00,2023-11-13,0.1,0.1,0.1,0.1,0,0,1
FINNIFTY13NOV2321000CE.NFO,2023-10-18,14:39:00,2023-11-13,0.1,0.1,0.1,0.1,0,0,1
FINNIFTY13NOV2321000CE.NFO,2023-10-18,14:40:00,2023-11-13,0.1,0.1,0.1,0.1,0,0,1
FINNIFTY13NOV2321000CE.NFO,2023-10-18,14:41:00,2023-11-13,0.1,0.1,0.1,0.1,0,0,1
FINNIFTY13NOV2321000CE.NFO,2023-10-18,14:42:00,2023-11-13,0.1,0.1,0.1,0.1,0,0,1
FINNIFTY13NOV2321000CE.NFO,2023-10-18,14:43:00,2023-11-13,0.1,0.1,0.1,0.1,0,0,1
FINNIFTY13NOV2321000CE.NFO,2023-10-18,14:44:00,2023-11-13,0.1,0.1,0.1,0.1,0,0,1
FINNIFTY13NOV2321000CE.NFO,2023-10-18,14:45:00,2023-11-13,0.1,0.1,0.1,0.1,0,0,1
FINNIFTY13NOV2321000CE.NFO,2023-10-18,14:46:00,2023-11-13,0.1,0.1,0.1,0.1,0,0,1
FINNIFTY13NOV2321000CE.NFO,2023-10-18,14:47:00,2023-11-13,0.1,0.1,0.1,0.1,0,0,1
FINNIFTY13NOV2321000CE.NFO,2023-10-18,14:48:00,2023-11-13,0.1,0.1,0.1,0.1,0,0,1
FINNIFTY13NOV2321000CE.NFO,2023-10-18,14:49:00,2023-11-13,0.1,0.1,0.1,0.1,0,0,1
FINNIFTY13NOV2321000CE.NFO,2023-10-18,14:50:00,2023-11-13,0.1,0.1,0.1,0.1,0,0,1
FINNIFTY13NOV2321000CE.NFO,2023-10-18,14:51:00,2023-11-13,0.1,0.1,0.1,0.1,0,0,1
FINNIFTY13NOV2321000CE.NFO,2023-10-18,14:52:00,2023-11-13,0.1,0.1,0.1,0.1,0,0,1
FINNIFTY13NOV2321000CE.NFO,2023-10-18,14:53:00,2023-11-13,0.1,0.1,0.1,0.1,0,0,1
FINNIFTY13NOV2321000CE.NFO,2023-10-18,14:54:00,2023-11-13,0.1,0.1,0.1,0.1,0,0,1
FINNIFTY13NOV2321000CE.NFO,2023-10-18,14:55:00,2023-11-13,0.1,0.1,0.1,0.1,0,0,1
FINNIFTY13NOV2321000CE.NFO,2023-10-18,14:56:00,2023-11-13,0.1,0.1,0.1,0.1,0,0,1
FINNIFTY13NOV2321000CE.NFO,2023-10-18,14:57:00,2023-11-13,0.1,0.1,0.1,0.1,0,0,1
FINNIFTY13NOV2321000CE.NFO,2023-10-18,14:58:00,2023-11-13,0.1,0.1,0.1,0.1,0,0,1
FINNIFTY13NOV2321000CE.NFO,2023-10-18,14:59:00,2023-11-13,0.1,0.1,0.1,0.1,0,0,1
FINNIFTY13NOV2321000CE.NFO,2023-10-18,15:00:00,2023-11-13,0.1,0.1,0.1,0.1,0,0,1
FINNIFTY13NOV2321000CE.NFO,2023-10-18,15:01:00,2023-11-13,0.1,0.1,0.1,0.1,0,0,1
FINNIFTY13NOV2321000CE.NFO,2023-10-18,15:02:00,2023-11-13,0.1,0.1,0.1,0.1,0,0,1
FINNIFTY13NOV2321000CE.NFO,2023-10-18,15:03:00,2023-11-13,0.1,0.1,0.1,0.1,0,0,1
FINNIFTY13NOV2321000CE.NFO,2023-10-18,15:04:00,2023-11-13,0.1,0.1,0.1,0.1,0,0,1
FINNIFTY13NOV2321000CE.NFO,2023-10-18,15:05:00,2023-11-13,0.1,0.1,0.1,0.1,0,0,1
FINNIFTY13NOV2321000CE.NFO,2023-10-18,15:06:00,2023-11-13,0.1,0.1,0.1,0.1,0,0,1
FINNIFTY13NOV2321000CE.NFO,2023-10-18,15:07:00,2023-11-13,0.1,0.1,0.1,0.1,0,0,1
FINNIFTY13NOV2321000CE.NFO,2023-10-18,15:08:00,2023-11-13,0.1,0.1,0.1,0.1,0,0,1
FINNIFTY13NOV2321000CE.NFO,2023-10-18,15:09:00,2023-11-13,0.1,0.1,0.1,0.1,0,0,1
FINNIFTY13NOV2321000CE.NFO,2023-10-18,15:10:00,2023-11-13,0.1,0.1,0.1,0.1,0,0,1
FINNIFTY13NOV2321000CE.NFO,2023-10-18,15:11:00,2023-11-13,0.1,0.1,0.1,0.1,0,0,1
FINNIFTY13NOV2321000CE.NFO,2023-10-18,15:12:00,2023-11-13,0.1,0.1,0.1,0.1,0,0,1
FINNIFTY13NOV2321000CE.NFO,2023-10-18,15:13:00,2023-11-13,0.1,0.1,0.1,0.1,0,0,1
FINNIFTY13NOV2321000CE.NFO,2023-10-18,15:14:00,2023-11-13,0.1,0.1,0.1,0.1,0,0,1
FINNIFTY13NOV2321000CE.NFO,2023-10-18,15:15:00,2023-11-13,0.1,0.1,0.1,0.1,0,0,1
FINNIFTY13NOV2321000CE.NFO,2023-10-18,15:16:00,2023-11-13,0.1,0.1,0.1,0.1,0,0,1
FINNIFTY13NOV2321000CE.NFO,2023-10-18,15:17:00,2023-11-13,0.1,0.1,0.1,0.1,0,0,1
FINNIFTY13NOV2321000CE.NFO,2023-10-18,15:18:00,2023-11-13,0.1,0.1,0.1,0.1,0,0,1
FINNIFTY13NOV2321000CE.NFO,2023-10-18,15:19:00,2023-11-13,0.1,0.1,0.1,0.1,0,0,1
FINNIFTY13NOV2321000CE.NFO,2023-10-18,15:20:00,2023-11-13,0.1,0.1,0.1,0.1,0,0,1
FINNIFTY13NOV2321000CE.NFO,2023-10-18,15:21:00,2023-11-13,0.1,0.1,0.1,0.1,0,0,1
FINNIFTY13NOV2321000CE.NFO,2023-10-18,15:22:00,2023-11-13,0.1,0.1,0.1,0.1,0,0,1
FINNIFTY13NOV2321000CE.NFO,2023-10-18,15:23:00,2023-11-13,0.1,0.1,0.1,0.1,0,0,1
FINNIFTY13NOV2321000CE.NFO,2023-10-18,15:24:00,2023-11-13,0.1,0.1,0.1,0.1,0,0,1
FINNIFTY13NOV2321000CE.NFO,2023-10-18,15:25:00,2023-11-13,0.1,0.1,0.1,0.1,0,0,1
FINNIFTY13NOV2321000CE.NFO,2023-10-18,15:26:00,2023-11-13,0.1,0.1,0.1,0.1,0,0,1
FINNIFTY13NOV2321000CE.NFO,2023-10-18,15:27:00,2023-11-13,0.1,0.1,0.1,0.1,0,0,1
FINNIFTY13NOV2321000CE.NFO,2023-10-18,15:28:00,2023-11-13,0.1,0.1,0.1,0.1,0,0,1
FINNIFTY13NOV2321000CE.NFO,2023-10-18,15:29:00,2023-11-13,0.1,0.1,0.1,0.1,0,0,1
FINNIFTY13NOV2321000CE.NFO,2023-10-18,15:30:00,2023-11-13,0.1,0.1,0.1,0.1,0,0,1
FINNIFTY13NOV2321000CE.NFO,2023-10-19,09:15:00,2023-11-13,0.1,0.1,0.1,0.1,0,0,0
FINNIFTY13NOV2321000CE.NFO,2023-10-19,09:16:00,2023-11-13,0.1,0.1,0.1,0.1,0,0,1
FINNIFTY13NOV2321000CE.NFO,2023-10-19,09:17:00,2023-11-13,0.1,0.1,0.1,0.1,0,0,1
FINNIFTY13NOV2321000CE.NFO,2023-10-19,09:18:00,2023-11-13,0.1,0.1,0.1,0.1,0,0,1
FINNIFTY13NOV2321000CE.NFO,2023-10-19,09:19:00,2023-11-13,0.1,0.1,0.1,0.1,0,0,1
FINNIFTY13NOV2321000CE.NFO,2023-10-19,09:20:00,2023-11-13,0.1,0.1,0.1,0.1,0,0,1
FINNIFTY13NOV2321000CE.NFO,2023-10-19,09:21:00,2023-11-13,0.1,0.1,0.1,0.1,0,0,1
FINNIFTY13NOV2321000CE.NFO,2023-10-19,09:22:00,2023-11-13,0.1,0.1,0.1,0.1,0,0,1
FINNIFTY13NOV2321000CE.NFO,2023-10-19,09:23:00,2023-11-13,0.1,0.1,0.1,0.1,0,0,1
FINNIFTY13NOV2321000CE.NFO,2023-10-19,09:24:00,2023-11-13,0.1,0.1,0.1,0.1,0,0,1
FINNIFTY13NOV2321000CE.NFO,2023-10-19,09:25:00,2023-11-13,0.1,0.1,0.1,0.1,0,0,1
FINNIFTY13NOV2321000CE.NFO,2023-10-19,09:26:00,2023-11-13,0.1,0.1,0.1,0.1,0,0,1
FINNIFTY13NOV2321000CE.NFO,2023-10-19,09:27:00,2023-11-13,0.1,0.1,0.1,0.1,0,0,1
FINNIFTY13NOV2321000CE.NFO,2023-10-19,09:28:00,2023-11-13,0.1,0.1,0.1,0.1,0,0,1
FINNIFTY13NOV2321000CE.NFO,2023-10-19,09:29:00,2023-11-13,0.1,0.1,0.1,0.1,0,0,1
FINNIFTY13NOV2321000CE.NFO,2023-10-19,09:30:00,2023-11-13,0.1,0.1,0.1,0.1,0,0,1
FINNIFTY13NOV2321000CE.NFO,2023-10-19,09:31:00,2023-11-13,0.1,0.1,0.1,0.1,0,0,1
FINNIFTY13NOV2321000CE.NFO,2023-10-19,09:32:00,2023-11-13,0.1,0.1,0.1,0.1,0,0,1
FINNIFTY13NOV2321000CE.NFO,2023-10-19,09:33:00,2023-11-13,0.1,0.1,0.1,0.1,0,0,1
FINNIFTY13NOV2321000CE.NFO,2023-10-19,09:34:00,2023-11-13,0.1,0.1,0.1,0.1,0,0,1
FINNIFTY13NOV2321000CE.NFO,2023-10-19,09:35:00,2023-11-13,0.1,0.1,0.1,0.1,0,0,1
FINNIFTY13NOV2321000CE.NFO,2023-10-19,09:36:00,2023-11-13,0.1,0.1,0.1,0.1,0,0,1
FINNIFTY13NOV2321000CE.NFO,2023-10-19,09:37:00,2023-11-13,0.1,0.1,0.1,0.1,0,0,1
FINNIFTY13NOV2321000CE.NFO,2023-10-19,09:38:00,2023-11-13,0.1,0.1,0.1,0.1,0,0,1
FINNIFTY13NOV2321000CE.NFO,2023-10-19,09:39:00,2023-11-13,0.1,0.1,0.1,0.1,0,0,1
FINNIFTY13NOV2321000CE.NFO,2023-10-19,09:40:00,2023-11-13,0.1,0.1,0.1,0.1,0,0,1
FINNIFTY13NOV2321000CE.NFO,2023-10-19,09:41:00,2023-11-13,0.1,0.1,0.1,0.1,0,0,1
FINNIFTY13NOV2321000CE.NFO,2023-10-19,09:42:00,2023-11-13,0.1,0.1,0.1,0.1,0,0,1
FINNIFTY13NOV2321000CE.NFO,2023-10-19,09:43:00,2023-11-13,0.1,0.1,0.1,0.1,0,0,1
FINNIFTY13NOV2321000CE.NFO,2023-10-19,09:44:00,2023-11-13,0.1,0.1,0.1,0.1,0,0,1
FINNIFTY13NOV2321000CE.NFO,2023-10-19,09:45:00,2023-11-13,0.1,0.1,0.1,0.1,0,0,1
FINNIFTY13NOV2321000CE.NFO,2023-10-19,09:46:00,2023-11-13,0.1,0.1,0.1,0.1,0,0,1
FINNIFTY13NOV2321000CE.NFO,2023-10-19,09:47:00,2023-11-13,0.1,0.1,0.1,0.1,0,0,1
FINNIFTY13NOV2321000CE.NFO,2023-10-19,09:48:00,2023-11-13,0.1,0.1,0.1,0.1,0,0,1
FINNIFTY13NOV2321000CE.NFO,2023-10-19,09:49:00,2023-11-13,0.1,0.1,0.1,0.1,0,0,1
FINNIFTY13NOV2321000CE.NFO,2023-10-19,09:50:00,2023-11-13,0.1,0.1,0.1,0.1,0,0,1
FINNIFTY13NOV2321000CE.NFO,2023-10-19,09:51:00,2023-11-13,0.1,0.1,0.1,0.1,0,0,1
FINNIFTY13NOV2321000CE.NFO,2023-10-19,09:52:00,2023-11-13,0.1,0.1,0.1,0.1,0,0,1
FINNIFTY13NOV2321000CE.NFO,2023-10-19,09:53:00,2023-11-13,0.1,0.1,0.1,0.1,0,0,1
FINNIFTY13NOV2321000CE.NFO,2023-10-19,09:54:00,2023-11-13,0.1,0.1,0.1,0.1,0,0,1
FINNIFTY13NOV2321000CE.NFO,2023-10-19,09:55:00,2023-11-13,0.1,0.1,0.1,0.1,0,0,1
FINNIFTY13NOV2321000CE.NFO,2023-10-19,09:56:00,2023-11-13,0.1,0.1,0.1,0.1,0,0,1
FINNIFTY13NOV2321000CE.NFO,2023-10-19,09:57:00,2023-11-13,0.1,0.1,0.1,0.1,0,0,1
FINNIFTY13NOV2321000CE.NFO,2023-10-19,09:58:00,2023-11-13,0.1,0.1,0.1,0.1,0,0,1
FINNIFTY13NOV2321000CE.NFO,2023-10-19,09:59:00,2023-11-13,0.1,0.1,0.1,0.1,0,0,1
FINNIFTY13NOV2321000CE.NFO,2023-10-19,10:00:00,2023-11-13,0.1,0.1,0.1,0.1,0,0,1
FINNIFTY13NOV2321000CE.NFO,2023-10-19,10:01:00,2023-11-13,0.1,0.1,0.1,0.1,0,0,1
FINNIFTY13NOV2321000CE.NFO,2023-10-19,10:02:00,2023-11-13,0.1,0.1,0.1,0.1,0,0,1
FINNIFTY13NOV2321000CE.NFO,2023-10-19,10:03:00,2023-11-13,0.1,0.1,0.1,0.1,0,0,1
FINNIFTY13NOV2321000CE.NFO,2023-10-19,10:04:00,2023-11-13,0.1,0.1,0.1,0.1,0,0,1
FINNIFTY13NOV2321000CE.NFO,2023-10-19,10:05:00,2023-11-13,0.1,0.1,0.1,0.1,0,0,1
FINNIFTY13NOV2321000CE.NFO,2023-10-19,10:06:00,2023-11-13,0.1,0.1,0.1,0.1,0,0,1
FINNIFTY13NOV2321000CE.NFO,2023-10-19,10:07:00,2023-11-13,0.1,0.1,0.1,0.1,0,0,1
FINNIFTY13NOV2321000CE.NFO,2023-10-19,10:08:00,2023-11-13,0.1,0.1,0.1,0.1,0,0,1
FINNIFTY13NOV2321000CE.NFO,2023-10-19,10:09:00,2023-11-13,0.1,0.1,0.1,0.1,0,0,1
FINNIFTY13NOV2321000CE.NFO,2023-10-19,10:10:00,2023-11-13,0.1,0.1,0.1,0.1,0,0,1
FINNIFTY13NOV2321000CE.NFO,2023-10-19,10:11:00,2023-11-13,0.1,0.1,0.1,0.1,0,0,1
FINNIFTY13NOV2321000CE.NFO,2023-10-19,10:12:00,2023-11-13,0.1,0.1,0.1,0.1,0,0,1
FINNIFTY13NOV2321000CE.NFO,2023-10-19,10:13:00,2023-11-13,0.1,0.1,0.1,0.1,0,0,1
FINNIFTY13NOV2321000CE.NFO,2023-10-19,10:14:00,2023-11-13,0.1,0.1,0.1,0.1,0,0,1
FINNIFTY13NOV2321000CE.NFO,2023-10-19,10:15:00,2023-11-13,0.1,0.1,0.1,0.1,0,0,1
FINNIFTY13NOV2321000CE.NFO,2023-10-19,10:16:00,2023-11-13,0.1,0.1,0.1,0.1,0,0,1
FINNIFTY13NOV2321000CE.NFO,2023-10-19,10:17:00,2023-11-13,0.1,0.1,0.1,0.1,0,0,1
FINNIFTY13NOV2321000CE.NFO,2023-10-19,10:18:00,2023-11-13,0.1,0.1,0.1,0.1,0,0,1
FINNIFTY13NOV2321000CE.NFO,2023-10-19,10:19:00,2023-11-13,0.1,0.1,0.1,0.1,0,0,1
FINNIFTY13NOV2321000CE.NFO,2023-10-19,10:20:00,2023-11-13,0.1,0.1,0.1,0.1,0,0,1
FINNIFTY13NOV2321000CE.NFO,2023-10-19,10:21:00,2023-11-13,0.1,0.1,0.1,0.1,0,0,1
FINNIFTY13NOV2321000CE.NFO,2023-10-19,10:22:00,2023-11-13,0.1,0.1,0.1,0.1,0,0,1
FINNIFTY13NOV2321000CE.NFO,2023-10-19,10:23:00,2023-11-13,0.1,0.1,0.1,0.1,0,0,1
FINNIFTY13NOV2321000CE.NFO,2023-10-19,10:24:00,2023-11-13,0.1,0.1,0.1,0.1,0,0,1
FINNIFTY13NOV2321000CE.NFO,2023-10-19,10:25:00,2023-11-13,0.1,0.1,0.1,0.1,0,0,1
FINNIFTY13NOV2321000CE.NFO,2023-10-19,10:26:00,2023-11-13,0.1,0.1,0.1,0.1,0,0,1
FINNIFTY13NOV2321000CE.NFO,2023-10-19,10:27:00,2023-11-13,0.1,0.1,0.1,0.1,0,0,1
FINNIFTY13NOV2321000CE.NFO,2023-10-19,10:28:00,2023-11-13,0.1,0.1,0.1,0.1,0,0,1
FINNIFTY13NOV2321000CE.NFO,2023-10-19,10:29:00,2023-11-13,0.1,0.1,0.1,0.1,0,0,1
FINNIFTY13NOV2321000CE.NFO,2023-10-19,10:30:00,2023-11-13,0.1,0.1,0.1,0.1,0,0,1
FINNIFTY13NOV2321000CE.NFO,2023-10-19,10:31:00,2023-11-13,0.1,0.1,0.1,0.1,0,0,1
FINNIFTY13NOV2321000CE.NFO,2023-10-19,10:32:00,2023-11-13,0.1,0.1,0.1,0.1,0,0,1
FINNIFTY13NOV2321000CE.NFO,2023-10-19,10:33:00,2023-11-13,0.1,0.1,0.1,0.1,0,0,1
FINNIFTY13NOV2321000CE.NFO,2023-10-19,10:34:00,2023-11-13,0.1,0.1,0.1,0.1,0,0,1
FINNIFTY13NOV2321000CE.NFO,2023-10-19,10:35:00,2023-11-13,0.1,0.1,0.1,0.1,0,0,1
FINNIFTY13NOV2321000CE.NFO,2023-10-19,10:36:00,2023-11-13,0.1,0.1,0.1,0.1,0,0,1
FINNIFTY13NOV2321000CE.NFO,2023-10-19,10:37:00,2023-11-13,0.1,0.1,0.1,0.1,0,0,1
FINNIFTY13NOV2321000CE.NFO,2023-10-19,10:38:00,2023-11-13,0.1,0.1,0.1,0.1,0,0,1
FINNIFTY13NOV2321000CE.NFO,2023-10-19,10:39:00,2023-11-13,0.1,0.1,0.1,0.1,0,0,1
FINNIFTY13NOV2321000CE.NFO,2023-10-19,10:40:00,2023-11-13,0.1,0.1,0.1,0.1,0,0,1
FINNIFTY13NOV2321000CE.NFO,2023-10-19,10:41:00,2023-11-13,0.1,0.1,0.1,0.1,0,0,1
FINNIFTY13NOV2321000CE.NFO,2023-10-19,10:42:00,2023-11-13,0.1,0.1,0.1,0.1,0,0,1
FINNIFTY13NOV2321000CE.NFO,2023-10-19,10:43:00,2023-11-13,0.1,0.1,0.1,0.1,0,0,1
FINNIFTY13NOV2321000CE.NFO,2023-10-19,10:44:00,2023-11-13,0.1,0.1,0.1,0.1,0,0,1
FINNIFTY13NOV2321000CE.NFO,2023-10-19,10:45:00,2023-11-13,0.1,0.1,0.1,0.1,0,0,1
FINNIFTY13NOV2321000CE.NFO,2023-10-19,10:46:00,2023-11-13,0.1,0.1,0.1,0.1,0,0,1
FINNIFTY13NOV2321000CE.NFO,2023-10-19,10:47:00,2023-11-13,0.1,0.1,0.1,0.1,0,0,1
FINNIFTY13NOV2321000CE.NFO,2023-10-19,10:48:00,2023-11-13,0.1,0.1,0.1,0.1,0,0,1
FINNIFTY13NOV2321000CE.NFO,2023-10-19,10:49:00,2023-11-13,0.1,0.1,0.1,0.1,0,0,1
FINNIFTY13NOV2321000CE.NFO,2023-10-19,10:50:00,2023-11-13,0.1,0.1,0.1,0.1,0,0,1
FINNIFTY13NOV2321000CE.NFO,2023-10-19,10:51:00,2023-11-13,0.1,0.1,0.1,0.1,0,0,1
FINNIFTY13NOV2321000CE.NFO,2023-10-19,10:52:00,2023-11-13,0.1,0.1,0.1,0.1,0,0,1
FINNIFTY13NOV2321000CE.NFO,2023-10-19,10:53:00,2023-11-13,0.1,0.1,0.1,0.1,0,0,1
FINNIFTY13NOV2321000CE.NFO,2023-10-19,10:54:00,2023-11-13,0.1,0.1,0.1,0.1,0,0,1
FINNIFTY13NOV2321000CE.NFO,2023-10-19,10:55:00,2023-11-13,0.1,0.1,0.1,0.1,0,0,1
FINNIFTY13NOV2321000CE.NFO,2023-10-19,10:56:00,2023-11-13,0.1,0.1,0.1,0.1,0,0,1
FINNIFTY13NOV2321000CE.NFO,2023-10-19,10:57:00,2023-11-13,0.1,0.1,0.1,0.1,0,0,1
FINNIFTY13NOV2321000CE.NFO,2023-10-19,10:58:00,2023-11-13,0.1,0.1,0.1,0.1,0,0,1
FINNIFTY13NOV2321000CE.NFO,2023-10-19,10:59:00,2023-11-13,0.1,0.1,0.1,0.1,0,0,1
FINNIFTY13NOV2321000CE.NFO,2023-10-19,11:00:00,2023-11-13,0.1,0.1,0.1,0.1,0,0,1
FINNIFTY13NOV2321000CE.NFO,2023-10-19,11:01:00,2023-11-13,0.1,0.1,0.1,0.1,0,0,1
FINNIFTY13NOV2321000CE.NFO,2023-10-19,11:02:00,2023-11-13,0.1,0.1,0.1,0.1,0,0,1
FINNIFTY13NOV2321000CE.NFO,2023-10-19,11:03:00,2023-11-13,0.1,0.1,0.1,0.1,0,0,1
FINNIFTY13NOV2321000CE.NFO,2023-10-19,11:04:00,2023-11-13,0.1,0.1,0.1,0.1,0,0,1
FINNIFTY13NOV2321000CE.NFO,2023-10-19,11:05:00,2023-11-13,0.1,0.1,0.1,0.1,0,0,1
FINNIFTY13NOV2321000CE.NFO,2023-10-19,11:06:00,2023-11-13,0.1,0.1,0.1,0.1,0,0,1
FINNIFTY13NOV2321000CE.NFO,2023-10-19,11:07:00,2023-11-13,0.1,0.1,0.1,0.1,0,0,1
FINNIFTY13NOV2321000CE.NFO,2023-10-19,11:08:00,2023-11-13,0.1,0.1,0.1,0.1,0,0,1
FINNIFTY13NOV2321000CE.NFO,2023-10-19,11:09:00,2023-11-13,0.1,0.1,0.1,0.1,0,0,1
FINNIFTY13NOV2321000CE.NFO,2023-10-19,11:10:00,2023-11-13,0.1,0.1,0.1,0.1,0,0,1
FINNIFTY13NOV2321000CE.NFO,2023-10-19,11:11:00,2023-11-13,0.1,0.1,0.1,0.1,0,0,1
FINNIFTY13NOV2321000CE.NFO,2023-10-19,11:12:00,2023-11-13,0.1,0.1,0.1,0.1,0,0,1
FINNIFTY13NOV2321000CE.NFO,2023-10-19,11:13:00,2023-11-13,0.1,0.1,0.1,0.1,0,0,1
FINNIFTY13NOV2321000CE.NFO,2023-10-19,11:14:00,2023-11-13,0.1,0.1,0.1,0.1,0,0,1
FINNIFTY13NOV2321000CE.NFO,2023-10-19,11:15:00,2023-11-13,0.1,0.1,0.1,0.1,0,0,1
FINNIFTY13NOV2321000CE.NFO,2023-10-19,11:16:00,2023-11-13,0.1,0.1,0.1,0.1,0,0,1
FINNIFTY13NOV2321000CE.NFO,2023-10-19,11:17:00,2023-11-13,0.1,0.1,0.1,0.1,0,0,1
FINNIFTY13NOV2321000CE.NFO,2023-10-19,11:18:00,2023-11-13,0.1,0.1,0.1,0.1,0,0,1
FINNIFTY13NOV2321000CE.NFO,2023-10-19,11:19:00,2023-11-13,0.1,0.1,0.1,0.1,0,0,1
FINNIFTY13NOV2321000CE.NFO,2023-10-19,11:20:00,2023-11-13,0.1,0.1,0.1,0.1,0,0,1
FINNIFTY13NOV2321000CE.NFO,2023-10-19,11:21:00,2023-11-13,0.1,0.1,0.1,0.1,0,0,1
FINNIFTY13NOV2321000CE.NFO,2023-10-19,11:22:00,2023-11-13,0.1,0.1,0.1,0.1,0,0,1
FINNIFTY13NOV2321000CE.NFO,2023-10-19,11:23:00,2023-11-13,0.1,0.1,0.1,0.1,0,0,1
FINNIFTY13NOV2321000CE.NFO,2023-10-19,11:24:00,2023-11-13,0.1,0.1,0.1,0.1,0,0,1
FINNIFTY13NOV2321000CE.NFO,2023-10-19,11:25:00,2023-11-13,0.1,0.1,0.1,0.1,0,0,1
FINNIFTY13NOV2321000CE.NFO,2023-10-19,11:26:00,2023-11-13,0.1,0.1,0.1,0.1,0,0,1
FINNIFTY13NOV2321000CE.NFO,2023-10-19,11:27:00,2023-11-13,0.1,0.1,0.1,0.1,0,0,1
FINNIFTY13NOV2321000CE.NFO,2023-10-19,11:28:00,2023-11-13,0.1,0.1,0.1,0.1,0,0,1
FINNIFTY13NOV2321000CE.NFO,2023-10-19,11:29:00,2023-11-13,0.1,0.1,0.1,0.1,0,0,1
FINNIFTY13NOV2321000CE.NFO,2023-10-19,11:30:00,2023-11-13,0.1,0.1,0.1,0.1,0,0,1
FINNIFTY13NOV2321000CE.NFO,2023-10-19,11:31:00,2023-11-13,0.1,0.1,0.1,0.1,0,0,1
FINNIFTY13NOV2321000CE.NFO,2023-10-19,11:32:00,2023-11-13,0.1,0.1,0.1,0.1,0,0,1
FINNIFTY13NOV2321000CE.NFO,2023-10-19,11:33:00,2023-11-13,0.1,0.1,0.1,0.1,0,0,1
FINNIFTY13NOV2321000CE.NFO,2023-10-19,11:34:00,2023-11-13,0.1,0.1,0.1,0.1,0,0,1
FINNIFTY13NOV2321000CE.NFO,2023-10-19,11:35:00,2023-11-13,0.1,0.1,0.1,0.1,0,0,1
FINNIFTY13NOV2321000CE.NFO,2023-10-19,11:36:00,2023-11-13,0.1,0.1,0.1,0.1,0,0,1
FINNIFTY13NOV2321000CE.NFO,2023-10-19,11:37:00,2023-11-13,0.1,0.1,0.1,0.1,0,0,1
FINNIFTY13NOV2321000CE.NFO,2023-10-19,11:38:00,2023-11-13,0.1,0.1,0.1,0.1,0,0,1
FINNIFTY13NOV2321000CE.NFO,2023-10-19,11:39:00,2023-11-13,0.1,0.1,0.1,0.1,0,0,1
FINNIFTY13NOV2321000CE.NFO,2023-10-19,11:40:00,2023-11-13,0.1,0.1,0.1,0.1,0,0,1
FINNIFTY13NOV2321000CE.NFO,2023-10-19,11:41:00,2023-11-13,0.1,0.1,0.1,0.1,0,0,1
FINNIFTY13NOV2321000CE.NFO,2023-10-19,11:42:00,2023-11-13,0.1,0.1,0.1,0.1,0,0,1
FINNIFTY13NOV2321000CE.NFO,2023-10-19,11:43:00,2023-11-13,0.1,0.1,0.1,0.1,0,0,1
FINNIFTY13NOV2321000CE.NFO,2023-10-19,11:44:00,2023-11-13,0.1,0.1,0.1,0.1,0,0,1
FINNIFTY13NOV2321000CE.NFO,2023-10-19,11:45:00,2023-11-13,0.1,0.1,0.1,0.1,0,0,1
FINNIFTY13NOV2321000CE.NFO,2023-10-19,11:46:00,2023-11-13,0.1,0.1,0.1,0.1,0,0,1
FINNIFTY13NOV2321000CE.NFO,2023-10-19,11:47:00,2023-11-13,0.1,0.1,0.1,0.1,0,0,1
FINNIFTY13NOV2321000CE.NFO,2023-10-19,11:48:00,2023-11-13,0.1,0.1,0.1,0.1,0,0,1
FINNIFTY13NOV2321000CE.NFO,2023-10-19,11:49:00,2023-11-13,0.1,0.1,0.1,0.1,0,0,1
FINNIFTY13NOV2321000CE.NFO,2023-10-19,11:50:00,2023-11-13,0.1,0.1,0.1,0.1,0,0,1
FINNIFTY13NOV2321000CE.NFO,2023-10-19,11:51:00,2023-11-13,0.1,0.1,0.1,0.1,0,0,1
FINNIFTY13NOV2321000CE.NFO,2023-10-19,11:52:00,2023-11-13,0.1,0.1,0.1,0.1,0,0,1
FINNIFTY13NOV2321000CE.NFO,2023-10-19,11:53:00,2023-11-13,0.1,0.1,0.1,0.1,0,0,1
FINNIFTY13NOV2321000CE.NFO,2023-10-19,11:54:00,2023-11-13,0.1,0.1,0.1,0.1,0,0,1
FINNIFTY13NOV2321000CE.NFO,2023-10-19,11:55:00,2023-11-13,0.1,0.1,0.1,0.1,0,0,1
FINNIFTY13NOV2321000CE.NFO,2023-10-19,11:56:00,2023-11-13,0.1,0.1,0.1,0.1,0,0,1
FINNIFTY13NOV2321000CE.NFO,2023-10-19,11:57:00,2023-11-13,0.1,0.1,0.1,0.1,0,0,1
FINNIFTY13NOV2321000CE.NFO,2023-10-19,11:58:00,2023-11-13,0.1,0.1,0.1,0.1,0,0,1
FINNIFTY13NOV2321000CE.NFO,2023-10-19,11:59:00,2023-11-13,0.1,0.1,0.1,0.1,0,0,1
FINNIFTY13NOV2321000CE.NFO,2023-10-19,12:00:00,2023-11-13,0.1,0.1,0.1,0.1,0,0,1
FINNIFTY13NOV2321000CE.NFO,2023-10-19,12:01:00,2023-11-13,0.1,0.1,0.1,0.1,0,0,1
FINNIFTY13NOV2321000CE.NFO,2023-10-19,12:02:00,2023-11-13,0.1,0.1,0.1,0.1,0,0,1
FINNIFTY13NOV2321000CE.NFO,2023-10-19,12:03:00,2023-11-13,0.1,0.1,0.1,0.1,0,0,1
FINNIFTY13NOV2321000CE.NFO,2023-10-19,12:04:00,2023-11-13,0.1,0.1,0.1,0.1,0,0,1
FINNIFTY13NOV2321000CE.NFO,2023-10-19,12:05:00,2023-11-13,0.1,0.1,0.1,0.1,0,0,1
FINNIFTY13NOV2321000CE.NFO,2023-10-19,12:06:00,2023-11-13,0.1,0.1,0.1,0.1,0,0,1
FINNIFTY13NOV2321000CE.NFO,2023-10-19,12:07:00,2023-11-13,0.1,0.1,0.1,0.1,0,0,1
FINNIFTY13NOV2321000CE.NFO,2023-10-19,12:08:00,2023-11-13,0.1,0.1,0.1,0.1,0,0,1
FINNIFTY13NOV2321000CE.NFO,2023-10-19,12:09:00,2023-11-13,0.1,0.1,0.1,0.1,0,0,1
FINNIFTY13NOV2321000CE.NFO,2023-10-19,12:10:00,2023-11-13,0.1,0.1,0.1,0.1,0,0,1
FINNIFTY13NOV2321000CE.NFO,2023-10-19,12:11:00,2023-11-13,0.1,0.1,0.1,0.1,0,0,1
FINNIFTY13NOV2321000CE.NFO,2023-10-19,12:12:00,2023-11-13,0.1,0.1,0.1,0.1,0,0,1
FINNIFTY13NOV2321000CE.NFO,2023-10-19,12:13:00,2023-11-13,0.1,0.1,0.1,0.1,0,0,1
FINNIFTY13NOV2321000CE.NFO,2023-10-19,12:14:00,2023-11-13,0.1,0.1,0.1,0.1,0,0,1
FINNIFTY13NOV2321000CE.NFO,2023-10-19,12:15:00,2023-11-13,0.1,0.1,0.1,0.1,0,0,1
FINNIFTY13NOV2321000CE.NFO,2023-10-19,12:16:00,2023-11-13,0.1,0.1,0.1,0.1,0,0,1
FINNIFTY13NOV2321000CE.NFO,2023-10-19,12:17:00,2023-11-13,0.1,0.1,0.1,0.1,0,0,1
FINNIFTY13NOV2321000CE.NFO,2023-10-19,12:18:00,2023-11-13,0.1,0.1,0.1,0.1,0,0,1
FINNIFTY13NOV2321000CE.NFO,2023-10-19,12:19:00,2023-11-13,0.1,0.1,0.1,0.1,0,0,1
FINNIFTY13NOV2321000CE.NFO,2023-10-19,12:20:00,2023-11-13,0.1,0.1,0.1,0.1,0,0,1
FINNIFTY13NOV2321000CE.NFO,2023-10-19,12:21:00,2023-11-13,0.1,0.1,0.1,0.1,0,0,1
FINNIFTY13NOV2321000CE.NFO,2023-10-19,12:22:00,2023-11-13,0.1,0.1,0.1,0.1,0,0,1
FINNIFTY13NOV2321000CE.NFO,2023-10-19,12:23:00,2023-11-13,0.1,0.1,0.1,0.1,0,0,1
FINNIFTY13NOV2321000CE.NFO,2023-10-19,12:24:00,2023-11-13,0.1,0.1,0.1,0.1,0,0,1
FINNIFTY13NOV2321000CE.NFO,2023-10-19,12:25:00,2023-11-13,0.1,0.1,0.1,0.1,0,0,1
FINNIFTY13NOV2321000CE.NFO,2023-10-19,12:26:00,2023-11-13,0.1,0.1,0.1,0.1,0,0,1
FINNIFTY13NOV2321000CE.NFO,2023-10-19,12:27:00,2023-11-13,0.1,0.1,0.1,0.1,0,0,1
FINNIFTY13NOV2321000CE.NFO,2023-10-19,12:28:00,2023-11-13,0.1,0.1,0.1,0.1,0,0,1
FINNIFTY13NOV2321000CE.NFO,2023-10-19,12:29:00,2023-11-13,0.1,0.1,0.1,0.1,0,0,1
FINNIFTY13NOV2321000CE.NFO,2023-10-19,12:30:00,2023-11-13,0.1,0.1,0.1,0.1,0,0,1
FINNIFTY13NOV2321000CE.NFO,2023-10-19,12:31:00,2023-11-13,0.1,0.1,0.1,0.1,0,0,1
FINNIFTY13NOV2321000CE.NFO,2023-10-19,12:32:00,2023-11-13,0.1,0.1,0.1,0.1,0,0,1
FINNIFTY13NOV2321000CE.NFO,2023-10-19,12:33:00,2023-11-13,0.1,0.1,0.1,0.1,0,0,1
FINNIFTY13NOV2321000CE.NFO,2023-10-19,12:34:00,2023-11-13,0.1,0.1,0.1,0.1,0,0,1
FINNIFTY13NOV2321000CE.NFO,2023-10-19,12:35:00,2023-11-13,0.1,0.1,0.1,0.1,0,0,1
FINNIFTY13NOV2321000CE.NFO,2023-10-19,12:36:00,2023-11-13,0.1,0.1,0.1,0.1,0,0,1
FINNIFTY13NOV2321000CE.NFO,2023-10-19,12:37:00,2023-11-13,0.1,0.1,0.1,0.1,0,0,1
FINNIFTY13NOV2321000CE.NFO,2023-10-19,12:38:00,2023-11-13,0.1,0.1,0.1,0.1,0,0,1
FINNIFTY13NOV2321000CE.NFO,2023-10-19,12:39:00,2023-11-13,0.1,0.1,0.1,0.1,0,0,1
FINNIFTY13NOV2321000CE.NFO,2023-10-19,12:40:00,2023-11-13,0.1,0.1,0.1,0.1,0,0,1
FINNIFTY13NOV2321000CE.NFO,2023-10-19,12:41:00,2023-11-13,0.1,0.1,0.1,0.1,0,0,1
FINNIFTY13NOV2321000CE.NFO,2023-10-19,12:42:00,2023-11-13,0.1,0.1,0.1,0.1,0,0,1
FINNIFTY13NOV2321000CE.NFO,2023-10-19,12:43:00,2023-11-13,0.1,0.1,0.1,0.1,0,0,1
FINNIFTY13NOV2321000CE.NFO,2023-10-19,12:44:00,2023-11-13,0.1,0.1,0.1,0.1,0,0,1
FINNIFTY13NOV2321000CE.NFO,2023-10-19,12:45:00,2023-11-13,0.1,0.1,0.1,0.1,0,0,1
FINNIFTY13NOV2321000CE.NFO,2023-10-19,12:46:00,2023-11-13,0.1,0.1,0.1,0.1,0,0,1
FINNIFTY13NOV2321000CE.NFO,2023-10-19,12:47:00,2023-11-13,0.1,0.1,0.1,0.1,0,0,1
FINNIFTY13NOV2321000CE.NFO,2023-10-19,12:48:00,2023-11-13,0.1,0.1,0.1,0.1,0,0,1
FINNIFTY13NOV2321000CE.NFO,2023-10-19,12:49:00,2023-11-13,0.1,0.1,0.1,0.1,0,0,1
FINNIFTY13NOV2321000CE.NFO,2023-10-19,12:50:00,2023-11-13,0.1,0.1,0.1,0.1,0,0,1
FINNIFTY13NOV2321000CE.NFO,2023-10-19,12:51:00,2023-11-13,0.1,0.1,0.1,0.1,0,0,1
FINNIFTY13NOV2321000CE.NFO,2023-10-19,12:52:00,2023-11-13,0.1,0.1,0.1,0.1,0,0,1
FINNIFTY13NOV2321000CE.NFO,2023-10-19,12:53:00,2023-11-13,0.1,0.1,0.1,0.1,0,0,1
FINNIFTY13NOV2321000CE.NFO,2023-10-19,12:54:00,2023-11-13,0.1,0.1,0.1,0.1,0,0,1
FINNIFTY13NOV2321000CE.NFO,2023-10-19,12:55:00,2023-11-13,0.1,0.1,0.1,0.1,0,0,1
FINNIFTY13NOV2321000CE.NFO,2023-10-19,12:56:00,2023-11-13,0.1,0.1,0.1,0.1,0,0,1
FINNIFTY13NOV2321000CE.NFO,2023-10-19,12:57:00,2023-11-13,0.1,0.1,0.1,0.1,0,0,1
FINNIFTY13NOV2321000CE.NFO,2023-10-19,12:58:00,2023-11-13,0.1,0.1,0.1,0.1,0,0,1
FINNIFTY13NOV2321000CE.NFO,2023-10-19,12:59:00,2023-11-13,0.1,0.1,0.1,0.1,0,0,1
FINNIFTY13NOV2321000CE.NFO,2023-10-19,13:00:00,2023-11-13,0.1,0.1,0.1,0.1,0,0,1
FINNIFTY13NOV2321000CE.NFO,2023-10-19,13:01:00,2023-11-13,0.1,0.1,0.1,0.1,0,0,1
FINNIFTY13NOV2321000CE.NFO,2023-10-19,13:02:00,2023-11-13,0.1,0.1,0.1,0.1,0,0,1
FINNIFTY13NOV2321000CE.NFO,2023-10-19,13:03:00,2023-11-13,0.1,0.1,0.1,0.1,0,0,1
FINNIFTY13NOV2321000CE.NFO,2023-10-19,13:04:00,2023-11-13,0.1,0.1,0.1,0.1,0,0,1
FINNIFTY13NOV2321000CE.NFO,2023-10-19,13:05:00,2023-11-13,0.1,0.1,0.1,0.1,0,0,1
FINNIFTY13NOV2321000CE.NFO,2023-10-19,13:06:00,2023-11-13,0.1,0.1,0.1,0.1,0,0,1
FINNIFTY13NOV2321000CE.NFO,2023-10-19,13:07:00,2023-11-13,0.1,0.1,0.1,0.1,0,0,1
FINNIFTY13NOV2321000CE.NFO,2023-10-19,13:08:00,2023-11-13,0.1,0.1,0.1,0.1,0,0,1
FINNIFTY13NOV2321000CE.NFO,2023-10-19,13:09:00,2023-11-13,0.1,0.1,0.1,0.1,0,0,1
FINNIFTY13NOV2321000CE.NFO,2023-10-19,13:10:00,2023-11-13,0.1,0.1,0.1,0.1,0,0,1
FINNIFTY13NOV2321000CE.NFO,2023-10-19,13:11:00,2023-11-13,0.1,0.1,0.1,0.1,0,0,1
FINNIFTY13NOV2321000CE.NFO,2023-10-19,13:12:00,2023-11-13,0.1,0.1,0.1,0.1,0,0,1
FINNIFTY13NOV2321000CE.NFO,2023-10-19,13:13:00,2023-11-13,0.1,0.1,0.1,0.1,0,0,1
FINNIFTY13NOV2321000CE.NFO,2023-10-19,13:14:00,2023-11-13,0.1,0.1,0.1,0.1,0,0,1
FINNIFTY13NOV2321000CE.NFO,2023-10-19,13:15:00,2023-11-13,0.1,0.1,0.1,0.1,0,0,1
FINNIFTY13NOV2321000CE.NFO,2023-10-19,13:16:00,2023-11-13,0.1,0.1,0.1,0.1,0,0,1
FINNIFTY13NOV2321000CE.NFO,2023-10-19,13:17:00,2023-11-13,0.1,0.1,0.1,0.1,0,0,1
FINNIFTY13NOV2321000CE.NFO,2023-10-19,13:18:00,2023-11-13,0.1,0.1,0.1,0.1,0,0,1
FINNIFTY13NOV2321000CE.NFO,2023-10-19,13:19:00,2023-11-13,0.1,0.1,0.1,0.1,0,0,1
FINNIFTY13NOV2321000CE.NFO,2023-10-19,13:20:00,2023-11-13,0.1,0.1,0.1,0.1,0,0,1
FINNIFTY13NOV2321000CE.NFO,2023-10-19,13:21:00,2023-11-13,0.1,0.1,0.1,0.1,0,0,1
FINNIFTY13NOV2321000CE.NFO,2023-10-19,13:22:00,2023-11-13,0.1,0.1,0.1,0.1,0,0,1
FINNIFTY13NOV2321000CE.NFO,2023-10-19,13:23:00,2023-11-13,0.1,0.1,0.1,0.1,0,0,1
FINNIFTY13NOV2321000CE.NFO,2023-10-19,13:24:00,2023-11-13,0.1,0.1,0.1,0.1,0,0,1
FINNIFTY13NOV2321000CE.NFO,2023-10-19,13:25:00,2023-11-13,0.1,0.1,0.1,0.1,0,0,1
FINNIFTY13NOV2321000CE.NFO,2023-10-19,13:26:00,2023-11-13,0.1,0.1,0.1,0.1,0,0,1
FINNIFTY13NOV2321000CE.NFO,2023-10-19,13:27:00,2023-11-13,0.1,0.1,0.1,0.1,0,0,1
FINNIFTY13NOV2321000CE.NFO,2023-10-19,13:28:00,2023-11-13,0.1,0.1,0.1,0.1,0,0,1
FINNIFTY13NOV2321000CE.NFO,2023-10-19,13:29:00,2023-11-13,0.1,0.1,0.1,0.1,0,0,1
FINNIFTY13NOV2321000CE.NFO,2023-10-19,13:30:00,2023-11-13,0.1,0.1,0.1,0.1,0,0,1
FINNIFTY13NOV2321000CE.NFO,2023-10-19,13:31:00,2023-11-13,0.1,0.1,0.1,0.1,0,0,1
FINNIFTY13NOV2321000CE.NFO,2023-10-19,13:32:00,2023-11-13,0.1,0.1,0.1,0.1,0,0,1
FINNIFTY13NOV2321000CE.NFO,2023-10-19,13:33:00,2023-11-13,0.1,0.1,0.1,0.1,0,0,1
FINNIFTY13NOV2321000CE.NFO,2023-10-19,13:34:00,2023-11-13,0.1,0.1,0.1,0.1,0,0,1
FINNIFTY13NOV2321000CE.NFO,2023-10-19,13:35:00,2023-11-13,0.1,0.1,0.1,0.1,0,0,1
FINNIFTY13NOV2321000CE.NFO,2023-10-19,13:36:00,2023-11-13,0.1,0.1,0.1,0.1,0,0,1
FINNIFTY13NOV2321000CE.NFO,2023-10-19,13:37:00,2023-11-13,0.1,0.1,0.1,0.1,0,0,1
FINNIFTY13NOV2321000CE.NFO,2023-10-19,13:38:00,2023-11-13,0.1,0.1,0.1,0.1,0,0,1
FINNIFTY13NOV2321000CE.NFO,2023-10-19,13:39:00,2023-11-13,0.1,0.1,0.1,0.1,0,0,1
FINNIFTY13NOV2321000CE.NFO,2023-10-19,13:40:00,2023-11-13,0.1,0.1,0.1,0.1,0,0,1
FINNIFTY13NOV2321000CE.NFO,2023-10-19,13:41:00,2023-11-13,0.1,0.1,0.1,0.1,0,0,1
FINNIFTY13NOV2321000CE.NFO,2023-10-19,13:42:00,2023-11-13,0.1,0.1,0.1,0.1,0,0,1
FINNIFTY13NOV2321000CE.NFO,2023-10-19,13:43:00,2023-11-13,0.1,0.1,0.1,0.1,0,0,1
FINNIFTY13NOV2321000CE.NFO,2023-10-19,13:44:00,2023-11-13,0.1,0.1,0.1,0.1,0,0,1
FINNIFTY13NOV2321000CE.NFO,2023-10-19,13:45:00,2023-11-13,0.1,0.1,0.1,0.1,0,0,1
FINNIFTY13NOV2321000CE.NFO,2023-10-19,13:46:00,2023-11-13,0.1,0.1,0.1,0.1,0,0,1
FINNIFTY13NOV2321000CE.NFO,2023-10-19,13:47:00,2023-11-13,0.1,0.1,0.1,0.1,0,0,1
FINNIFTY13NOV2321000CE.NFO,2023-10-19,13:48:00,2023-11-13,0.1,0.1,0.1,0.1,0,0,1
FINNIFTY13NOV2321000CE.NFO,2023-10-19,13:49:00,2023-11-13,0.1,0.1,0.1,0.1,0,0,1
FINNIFTY13NOV2321000CE.NFO,2023-10-19,13:50:00,2023-11-13,0.1,0.1,0.1,0.1,0,0,1
FINNIFTY13NOV2321000CE.NFO,2023-10-19,13:51:00,2023-11-13,0.1,0.1,0.1,0.1,0,0,1
FINNIFTY13NOV2321000CE.NFO,2023-10-19,13:52:00,2023-11-13,0.1,0.1,0.1,0.1,0,0,1
FINNIFTY13NOV2321000CE.NFO,2023-10-19,13:53:00,2023-11-13,0.1,0.1,0.1,0.1,0,0,1
FINNIFTY13NOV2321000CE.NFO,2023-10-19,13:54:00,2023-11-13,0.1,0.1,0.1,0.1,0,0,1
FINNIFTY13NOV2321000CE.NFO,2023-10-19,13:55:00,2023-11-13,0.1,0.1,0.1,0.1,0,0,1
FINNIFTY13NOV2321000CE.NFO,2023-10-19,13:56:00,2023-11-13,0.1,0.1,0.1,0.1,0,0,1
FINNIFTY13NOV2321000CE.NFO,2023-10-19,13:57:00,2023-11-13,0.1,0.1,0.1,0.1,0,0,1
FINNIFTY13NOV2321000CE.NFO,2023-10-19,13:58:00,2023-11-13,0.1,0.1,0.1,0.1,0,0,1
FINNIFTY13NOV2321000CE.NFO,2023-10-19,13:59:00,2023-11-13,0.1,0.1,0.1,0.1,0,0,1
FINNIFTY13NOV2321000CE.NFO,2023-10-19,14:00:00,2023-11-13,0.1,0.1,0.1,0.1,0,0,1
FINNIFTY13NOV2321000CE.NFO,2023-10-19,14:01:00,2023-11-13,0.1,0.1,0.1,0.1,0,0,1
FINNIFTY13NOV2321000CE.NFO,2023-10-19,14:02:00,2023-11-13,0.1,0.1,0.1,0.1,0,0,1
FINNIFTY13NOV2321000CE.NFO,2023-10-19,14:03:00,2023-11-13,0.1,0.1,0.1,0.1,0,0,1
FINNIFTY13NOV2321000CE.NFO,2023-10-19,14:04:00,2023-11-13,0.1,0.1,0.1,0.1,0,0,1
FINNIFTY13NOV2321000CE.NFO,2023-10-19,14:05:00,2023-11-13,0.1,0.1,0.1,0.1,0,0,1
FINNIFTY13NOV2321000CE.NFO,2023-10-19,14:06:00,2023-11-13,0.1,0.1,0.1,0.1,0,0,1
FINNIFTY13NOV2321000CE.NFO,2023-10-19,14:07:00,2023-11-13,0.1,0.1,0.1,0.1,0,0,1
FINNIFTY13NOV2321000CE.NFO,2023-10-19,14:08:00,2023-11-13,0.1,0.1,0.1,0.1,0,0,1
FINNIFTY13NOV2321000CE.NFO,2023-10-19,14:09:00,2023-11-13,0.1,0.1,0.1,0.1,0,0,1
FINNIFTY13NOV2321000CE.NFO,2023-10-19,14:10:00,2023-11-13,0.1,0.1,0.1,0.1,0,0,1
FINNIFTY13NOV2321000CE.NFO,2023-10-19,14:11:00,2023-11-13,0.1,0.1,0.1,0.1,0,0,1
FINNIFTY13NOV2321000CE.NFO,2023-10-19,14:12:00,2023-11-13,0.1,0.1,0.1,0.1,0,0,1
FINNIFTY13NOV2321000CE.NFO,2023-10-19,14:13:00,2023-11-13,0.1,0.1,0.1,0.1,0,0,1
FINNIFTY13NOV2321000CE.NFO,2023-10-19,14:14:00,2023-11-13,0.1,0.1,0.1,0.1,0,0,1
FINNIFTY13NOV2321000CE.NFO,2023-10-19,14:15:00,2023-11-13,0.1,0.1,0.1,0.1,0,0,1
FINNIFTY13NOV2321000CE.NFO,2023-10-19,14:16:00,2023-11-13,0.1,0.1,0.1,0.1,0,0,1
FINNIFTY13NOV2321000CE.NFO,2023-10-19,14:17:00,2023-11-13,0.1,0.1,0.1,0.1,0,0,1
FINNIFTY13NOV2321000CE.NFO,2023-10-19,14:18:00,2023-11-13,0.1,0.1,0.1,0.1,0,0,1
FINNIFTY13NOV2321000CE.NFO,2023-10-19,14:19:00,2023-11-13,0.1,0.1,0.1,0.1,0,0,1
FINNIFTY13NOV2321000CE.NFO,2023-10-19,14:20:00,2023-11-13,0.1,0.1,0.1,0.1,0,0,1
FINNIFTY13NOV2321000CE.NFO,2023-10-19,14:21:00,2023-11-13,0.1,0.1,0.1,0.1,0,0,1
FINNIFTY13NOV2321000CE.NFO,2023-10-19,14:22:00,2023-11-13,0.1,0.1,0.1,0.1,0,0,1
FINNIFTY13NOV2321000CE.NFO,2023-10-19,14:23:00,2023-11-13,0.1,0.1,0.1,0.1,0,0,1
FINNIFTY13NOV2321000CE.NFO,2023-10-19,14:24:00,2023-11-13,0.1,0.1,0.1,0.1,0,0,1
FINNIFTY13NOV2321000CE.NFO,2023-10-19,14:25:00,2023-11-13,0.1,0.1,0.1,0.1,0,0,1
FINNIFTY13NOV2321000CE.NFO,2023-10-19,14:26:00,2023-11-13,0.1,0.1,0.1,0.1,0,0,1
FINNIFTY13NOV2321000CE.NFO,2023-10-19,14:27:00,2023-11-13,0.1,0.1,0.1,0.1,0,0,1
FINNIFTY13NOV2321000CE.NFO,2023-10-19,14:28:00,2023-11-13,0.1,0.1,0.1,0.1,0,0,1
FINNIFTY13NOV2321000CE.NFO,2023-10-19,14:29:00,2023-11-13,0.1,0.1,0.1,0.1,0,0,1
FINNIFTY13NOV2321000CE.NFO,2023-10-19,14:30:00,2023-11-13,0.1,0.1,0.1,0.1,0,0,1
FINNIFTY13NOV2321000CE.NFO,2023-10-19,14:31:00,2023-11-13,0.1,0.1,0.1,0.1,0,0,1
FINNIFTY13NOV2321000CE.NFO,2023-10-19,14:32:00,2023-11-13,0.1,0.1,0.1,0.1,0,0,1
FINNIFTY13NOV2321000CE.NFO,2023-10-19,14:33:00,2023-11-13,0.1,0.1,0.1,0.1,0,0,1
FINNIFTY13NOV2321000CE.NFO,2023-10-19,14:34:00,2023-11-13,0.1,0.1,0.1,0.1,0,0,1
FINNIFTY13NOV2321000CE.NFO,2023-10-19,14:35:00,2023-11-13,0.1,0.1,0.1,0.1,0,0,1
FINNIFTY13NOV2321000CE.NFO,2023-10-19,14:36:00,2023-11-13,0.1,0.1,0.1,0.1,0,0,1
FINNIFTY13NOV2321000CE.NFO,2023-10-19,14:37:00,2023-11-13,0.1,0.1,0.1,0.1,0,0,1
FINNIFTY13NOV2321000CE.NFO,2023-10-19,14:38:00,2023-11-13,0.1,0.1,0.1,0.1,0,0,1
FINNIFTY13NOV2321000CE.NFO,2023-10-19,14:39:00,2023-11-13,0.1,0.1,0.1,0.1,0,0,1
FINNIFTY13NOV2321000CE.NFO,2023-10-19,14:40:00,2023-11-13,0.1,0.1,0.1,0.1,0,0,1
FINNIFTY13NOV2321000CE.NFO,2023-10-19,14:41:00,2023-11-13,0.1,0.1,0.1,0.1,0,0,1
FINNIFTY13NOV2321000CE.NFO,2023-10-19,14:42:00,2023-11-13,0.1,0.1,0.1,0.1,0,0,1
FINNIFTY13NOV2321000CE.NFO,2023-10-19,14:43:00,2023-11-13,0.1,0.1,0.1,0.1,0,0,1
FINNIFTY13NOV2321000CE.NFO,2023-10-19,14:44:00,2023-11-13,0.1,0.1,0.1,0.1,0,0,1
FINNIFTY13NOV2321000CE.NFO,2023-10-19,14:45:00,2023-11-13,0.1,0.1,0.1,0.1,0,0,1
FINNIFTY13NOV2321000CE.NFO,2023-10-19,14:46:00,2023-11-13,0.1,0.1,0.1,0.1,0,0,1
FINNIFTY13NOV2321000CE.NFO,2023-10-19,14:47:00,2023-11-13,0.1,0.1,0.1,0.1,0,0,1
FINNIFTY13NOV2321000CE.NFO,2023-10-19,14:48:00,2023-11-13,0.1,0.1,0.1,0.1,0,0,1
FINNIFTY13NOV2321000CE.NFO,2023-10-19,14:49:00,2023-11-13,0.1,0.1,0.1,0.1,0,0,1
FINNIFTY13NOV2321000CE.NFO,2023-10-19,14:50:00,2023-11-13,0.1,0.1,0.1,0.1,0,0,1
FINNIFTY13NOV2321000CE.NFO,2023-10-19,14:51:00,2023-11-13,0.1,0.1,0.1,0.1,0,0,1
FINNIFTY13NOV2321000CE.NFO,2023-10-19,14:52:00,2023-11-13,0.1,0.1,0.1,0.1,0,0,1
FINNIFTY13NOV2321000CE.NFO,2023-10-19,14:53:00,2023-11-13,0.1,0.1,0.1,0.1,0,0,1
FINNIFTY13NOV2321000CE.NFO,2023-10-19,14:54:00,2023-11-13,0.1,0.1,0.1,0.1,0,0,1
FINNIFTY13NOV2321000CE.NFO,2023-10-19,14:55:00,2023-11-13,0.1,0.1,0.1,0.1,0,0,1
FINNIFTY13NOV2321000CE.NFO,2023-10-19,14:56:00,2023-11-13,0.1,0.1,0.1,0.1,0,0,1
FINNIFTY13NOV2321000CE.NFO,2023-10-19,14:57:00,2023-11-13,0.1,0.1,0.1,0.1,0,0,1
FINNIFTY13NOV2321000CE.NFO,2023-10-19,14:58:00,2023-11-13,0.1,0.1,0.1,0.1,0,0,1
FINNIFTY13NOV2321000CE.NFO,2023-10-19,14:59:00,2023-11-13,0.1,0.1,0.1,0.1,0,0,1
FINNIFTY13NOV2321000CE.NFO,2023-10-19,15:00:00,2023-11-13,0.1,0.1,0.1,0.1,0,0,1
FINNIFTY13NOV2321000CE.NFO,2023-10-19,15:01:00,2023-11-13,0.1,0.1,0.1,0.1,0,0,1
FINNIFTY13NOV2321000CE.NFO,2023-10-19,15:02:00,2023-11-13,0.1,0.1,0.1,0.1,0,0,1
FINNIFTY13NOV2321000CE.NFO,2023-10-19,15:03:00,2023-11-13,0.1,0.1,0.1,0.1,0,0,1
FINNIFTY13NOV2321000CE.NFO,2023-10-19,15:04:00,2023-11-13,0.1,0.1,0.1,0.1,0,0,1
FINNIFTY13NOV2321000CE.NFO,2023-10-19,15:05:00,2023-11-13,0.1,0.1,0.1,0.1,0,0,1
FINNIFTY13NOV2321000CE.NFO,2023-10-19,15:06:00,2023-11-13,0.1,0.1,0.1,0.1,0,0,1
FINNIFTY13NOV2321000CE.NFO,2023-10-19,15:07:00,2023-11-13,0.1,0.1,0.1,0.1,0,0,1
FINNIFTY13NOV2321000CE.NFO,2023-10-19,15:08:00,2023-11-13,0.1,0.1,0.1,0.1,0,0,1
FINNIFTY13NOV2321000CE.NFO,2023-10-19,15:09:00,2023-11-13,0.1,0.1,0.1,0.1,0,0,1
FINNIFTY13NOV2321000CE.NFO,2023-10-19,15:10:00,2023-11-13,0.1,0.1,0.1,0.1,0,0,1
FINNIFTY13NOV2321000CE.NFO,2023-10-19,15:11:00,2023-11-13,0.1,0.1,0.1,0.1,0,0,1
FINNIFTY13NOV2321000CE.NFO,2023-10-19,15:12:00,2023-11-13,0.1,0.1,0.1,0.1,0,0,1
FINNIFTY13NOV2321000CE.NFO,2023-10-19,15:13:00,2023-11-13,0.1,0.1,0.1,0.1,0,0,1
FINNIFTY13NOV2321000CE.NFO,2023-10-19,15:14:00,2023-11-13,0.1,0.1,0.1,0.1,0,0,1
FINNIFTY13NOV2321000CE.NFO,2023-10-19,15:15:00,2023-11-13,0.1,0.1,0.1,0.1,0,0,1
FINNIFTY13NOV2321000CE.NFO,2023-10-19,15:16:00,2023-11-13,0.1,0.1,0.1,0.1,0,0,1
FINNIFTY13NOV2321000CE.NFO,2023-10-19,15:17:00,2023-11-13,0.1,0.1,0.1,0.1,0,0,1
FINNIFTY13NOV2321000CE.NFO,2023-10-19,15:18:00,2023-11-13,0.1,0.1,0.1,0.1,0,0,1
FINNIFTY13NOV2321000CE.NFO,2023-10-19,15:19:00,2023-11-13,0.1,0.1,0.1,0.1,0,0,1
FINNIFTY13NOV2321000CE.NFO,2023-10-19,15:20:00,2023-11-13,0.1,0.1,0.1,0.1,0,0,1
FINNIFTY13NOV2321000CE.NFO,2023-10-19,15:21:00,2023-11-13,0.1,0.1,0.1,0.1,0,0,1
FINNIFTY13NOV2321000CE.NFO,2023-10-19,15:22:00,2023-11-13,0.1,0.1,0.1,0.1,0,0,1
FINNIFTY13NOV2321000CE.NFO,2023-10-19,15:23:00,2023-11-13,0.1,0.1,0.1,0.1,0,0,1
FINNIFTY13NOV2321000CE.NFO,2023-10-19,15:24:00,2023-11-13,0.1,0.1,0.1,0.1,0,0,1
FINNIFTY13NOV2321000CE.NFO,2023-10-19,15:25:00,2023-11-13,0.1,0.1,0.1,0.1,0,0,1
FINNIFTY13NOV2321000CE.NFO,2023-10-19,15:26:00,2023-11-13,0.1,0.1,0.1,0.1,0,0,1
FINNIFTY13NOV2321000CE.NFO,2023-10-19,15:27:00,2023-11-13,0.1,0.1,0.1,0.1,0,0,1
FINNIFTY13NOV2321000CE.NFO,2023-10-19,15:28:00,2023-11-13,0.1,0.1,0.1,0.1,0,0,1
FINNIFTY13NOV2321000CE.NFO,2023-10-19,15:29:00,2023-11-13,0.1,0.1,0.1,0.1,0,0,1
FINNIFTY13NOV2321000CE.NFO,2023-10-19,15:30:00,2023-11-13,0.1,0.1,0.1,0.1,0,0,1
FINNIFTY13NOV2321000CE.NFO,2023-10-20,09:15:00,2023-11-13,0.1,0.1,0.1,0.1,0,0,0
FINNIFTY13NOV2321000CE.NFO,2023-10-20,09:16:00,2023-11-13,0.1,0.1,0.1,0.1,0,0,1
FINNIFTY13NOV2321000CE.NFO,2023-10-20,09:17:00,2023-11-13,0.1,0.1,0.1,0.1,0,0,1
FINNIFTY13NOV2321000CE.NFO,2023-10-20,09:18:00,2023-11-13,0.1,0.1,0.1,0.1,0,0,1
FINNIFTY13NOV2321000CE.NFO,2023-10-20,09:19:00,2023-11-13,0.1,0.1,0.1,0.1,0,0,1
FINNIFTY13NOV2321000CE.NFO,2023-10-20,09:20:00,2023-11-13,0.1,0.1,0.1,0.1,0,0,1
FINNIFTY13NOV2321000CE.NFO,2023-10-20,09:21:00,2023-11-13,0.1,0.1,0.1,0.1,0,0,1
FINNIFTY13NOV2321000CE.NFO,2023-10-20,09:22:00,2023-11-13,0.1,0.1,0.1,0.1,0,0,1
FINNIFTY13NOV2321000CE.NFO,2023-10-20,09:23:00,2023-11-13,0.1,0.1,0.1,0.1,0,0,1
FINNIFTY13NOV2321000CE.NFO,2023-10-20,09:24:00,2023-11-13,0.1,0.1,0.1,0.1,0,0,1
FINNIFTY13NOV2321000CE.NFO,2023-10-20,09:25:00,2023-11-13,0.1,0.1,0.1,0.1,0,0,1
FINNIFTY13NOV2321000CE.NFO,2023-10-20,09:26:00,2023-11-13,0.1,0.1,0.1,0.1,0,0,1
FINNIFTY13NOV2321000CE.NFO,2023-10-20,09:27:00,2023-11-13,0.1,0.1,0.1,0.1,0,0,1
FINNIFTY13NOV2321000CE.NFO,2023-10-20,09:28:00,2023-11-13,0.1,0.1,0.1,0.1,0,0,1
FINNIFTY13NOV2321000CE.NFO,2023-10-20,09:29:00,2023-11-13,0.1,0.1,0.1,0.1,0,0,1
FINNIFTY13NOV2321000CE.NFO,2023-10-20,09:30:00,2023-11-13,0.1,0.1,0.1,0.1,0,0,1
FINNIFTY13NOV2321000CE.NFO,2023-10-20,09:31:00,2023-11-13,0.1,0.1,0.1,0.1,0,0,1
FINNIFTY13NOV2321000CE.NFO,2023-10-20,09:32:00,2023-11-13,0.1,0.1,0.1,0.1,0,0,1
FINNIFTY13NOV2321000CE.NFO,2023-10-20,09:33:00,2023-11-13,0.1,0.1,0.1,0.1,0,0,1
FINNIFTY13NOV2321000CE.NFO,2023-10-20,09:34:00,2023-11-13,0.1,0.1,0.1,0.1,0,0,1
FINNIFTY13NOV2321000CE.NFO,2023-10-20,09:35:00,2023-11-13,0.1,0.1,0.1,0.1,0,0,1
FINNIFTY13NOV2321000CE.NFO,2023-10-20,09:36:00,2023-11-13,0.1,0.1,0.1,0.1,0,0,1
FINNIFTY13NOV2321000CE.NFO,2023-10-20,09:37:00,2023-11-13,0.1,0.1,0.1,0.1,0,0,1
FINNIFTY13NOV2321000CE.NFO,2023-10-20,09:38:00,2023-11-13,0.1,0.1,0.1,0.1,0,0,1
FINNIFTY13NOV2321000CE.NFO,2023-10-20,09:39:00,2023-11-13,0.1,0.1,0.1,0.1,0,0,1
FINNIFTY13NOV2321000CE.NFO,2023-10-20,09:40:00,2023-11-13,0.1,0.1,0.1,0.1,0,0,1
FINNIFTY13NOV2321000CE.NFO,2023-10-20,09:41:00,2023-11-13,0.1,0.1,0.1,0.1,0,0,1
FINNIFTY13NOV2321000CE.NFO,2023-10-20,09:42:00,2023-11-13,0.1,0.1,0.1,0.1,0,0,1
FINNIFTY13NOV2321000CE.NFO,2023-10-20,09:43:00,2023-11-13,0.1,0.1,0.1,0.1,0,0,1
FINNIFTY13NOV2321000CE.NFO,2023-10-20,09:44:00,2023-11-13,0.1,0.1,0.1,0.1,0,0,1
FINNIFTY13NOV2321000CE.NFO,2023-10-20,09:45:00,2023-11-13,0.1,0.1,0.1,0.1,0,0,1
FINNIFTY13NOV2321000CE.NFO,2023-10-20,09:46:00,2023-11-13,0.1,0.1,0.1,0.1,0,0,1
FINNIFTY13NOV2321000CE.NFO,2023-10-20,09:47:00,2023-11-13,0.1,0.1,0.1,0.1,0,0,1
FINNIFTY13NOV2321000CE.NFO,2023-10-20,09:48:00,2023-11-13,0.1,0.1,0.1,0.1,0,0,1
FINNIFTY13NOV2321000CE.NFO,2023-10-20,09:49:00,2023-11-13,0.1,0.1,0.1,0.1,0,0,1
FINNIFTY13NOV2321000CE.NFO,2023-10-20,09:50:00,2023-11-13,0.1,0.1,0.1,0.1,0,0,1
FINNIFTY13NOV2321000CE.NFO,2023-10-20,09:51:00,2023-11-13,0.1,0.1,0.1,0.1,0,0,1
FINNIFTY13NOV2321000CE.NFO,2023-10-20,09:52:00,2023-11-13,0.1,0.1,0.1,0.1,0,0,1
FINNIFTY13NOV2321000CE.NFO,2023-10-20,09:53:00,2023-11-13,0.1,0.1,0.1,0.1,0,0,1
FINNIFTY13NOV2321000CE.NFO,2023-10-20,09:54:00,2023-11-13,0.1,0.1,0.1,0.1,0,0,1
FINNIFTY13NOV2321000CE.NFO,2023-10-20,09:55:00,2023-11-13,0.1,0.1,0.1,0.1,0,0,1
FINNIFTY13NOV2321000CE.NFO,2023-10-20,09:56:00,2023-11-13,0.1,0.1,0.1,0.1,0,0,1
FINNIFTY13NOV2321000CE.NFO,2023-10-20,09:57:00,2023-11-13,0.1,0.1,0.1,0.1,0,0,1
FINNIFTY13NOV2321000CE.NFO,2023-10-20,09:58:00,2023-11-13,0.1,0.1,0.1,0.1,0,0,1
FINNIFTY13NOV2321000CE.NFO,2023-10-20,09:59:00,2023-11-13,0.1,0.1,0.1,0.1,0,0,1
FINNIFTY13NOV2321000CE.NFO,2023-10-20,10:00:00,2023-11-13,0.1,0.1,0.1,0.1,0,0,1
FINNIFTY13NOV2321000CE.NFO,2023-10-20,10:01:00,2023-11-13,0.1,0.1,0.1,0.1,0,0,1
FINNIFTY13NOV2321000CE.NFO,2023-10-20,10:02:00,2023-11-13,0.1,0.1,0.1,0.1,0,0,1
FINNIFTY13NOV2321000CE.NFO,2023-10-20,10:03:00,2023-11-13,0.1,0.1,0.1,0.1,0,0,1
FINNIFTY13NOV2321000CE.NFO,2023-10-20,10:04:00,2023-11-13,0.1,0.1,0.1,0.1,0,0,1
FINNIFTY13NOV2321000CE.NFO,2023-10-20,10:05:00,2023-11-13,0.1,0.1,0.1,0.1,0,0,1
FINNIFTY13NOV2321000CE.NFO,2023-10-20,10:06:00,2023-11-13,0.1,0.1,0.1,0.1,0,0,1
FINNIFTY13NOV2321000CE.NFO,2023-10-20,10:07:00,2023-11-13,0.1,0.1,0.1,0.1,0,0,1
FINNIFTY13NOV2321000CE.NFO,2023-10-20,10:08:00,2023-11-13,0.1,0.1,0.1,0.1,0,0,1
FINNIFTY13NOV2321000CE.NFO,2023-10-20,10:09:00,2023-11-13,0.1,0.1,0.1,0.1,0,0,1
FINNIFTY13NOV2321000CE.NFO,2023-10-20,10:10:00,2023-11-13,0.1,0.1,0.1,0.1,0,0,1
FINNIFTY13NOV2321000CE.NFO,2023-10-20,10:11:00,2023-11-13,0.1,0.1,0.1,0.1,0,0,1
FINNIFTY13NOV2321000CE.NFO,2023-10-20,10:12:00,2023-11-13,0.1,0.1,0.1,0.1,0,0,1
FINNIFTY13NOV2321000CE.NFO,2023-10-20,10:13:00,2023-11-13,0.1,0.1,0.1,0.1,0,0,1
FINNIFTY13NOV2321000CE.NFO,2023-10-20,10:14:00,2023-11-13,0.1,0.1,0.1,0.1,0,0,1
FINNIFTY13NOV2321000CE.NFO,2023-10-20,10:15:00,2023-11-13,0.1,0.1,0.1,0.1,0,0,1
FINNIFTY13NOV2321000CE.NFO,2023-10-20,10:16:00,2023-11-13,0.1,0.1,0.1,0.1,0,0,1
FINNIFTY13NOV2321000CE.NFO,2023-10-20,10:17:00,2023-11-13,0.1,0.1,0.1,0.1,0,0,1
FINNIFTY13NOV2321000CE.NFO,2023-10-20,10:18:00,2023-11-13,0.1,0.1,0.1,0.1,0,0,1
FINNIFTY13NOV2321000CE.NFO,2023-10-20,10:19:00,2023-11-13,0.1,0.1,0.1,0.1,0,0,1
FINNIFTY13NOV2321000CE.NFO,2023-10-20,10:20:00,2023-11-13,0.1,0.1,0.1,0.1,0,0,1
FINNIFTY13NOV2321000CE.NFO,2023-10-20,10:21:00,2023-11-13,0.1,0.1,0.1,0.1,0,0,1
FINNIFTY13NOV2321000CE.NFO,2023-10-20,10:22:00,2023-11-13,0.1,0.1,0.1,0.1,0,0,1
FINNIFTY13NOV2321000CE.NFO,2023-10-20,10:23:00,2023-11-13,0.1,0.1,0.1,0.1,0,0,1
FINNIFTY13NOV2321000CE.NFO,2023-10-20,10:24:00,2023-11-13,0.1,0.1,0.1,0.1,0,0,1
FINNIFTY13NOV2321000CE.NFO,2023-10-20,10:25:00,2023-11-13,0.1,0.1,0.1,0.1,0,0,1
FINNIFTY13NOV2321000CE.NFO,2023-10-20,10:26:00,2023-11-13,0.1,0.1,0.1,0.1,0,0,1
FINNIFTY13NOV2321000CE.NFO,2023-10-20,10:27:00,2023-11-13,0.1,0.1,0.1,0.1,0,0,1
FINNIFTY13NOV2321000CE.NFO,2023-10-20,10:28:00,2023-11-13,0.1,0.1,0.1,0.1,0,0,1
FINNIFTY13NOV2321000CE.NFO,2023-10-20,10:29:00,2023-11-13,0.1,0.1,0.1,0.1,0,0,1
FINNIFTY13NOV2321000CE.NFO,2023-10-20,10:30:00,2023-11-13,0.1,0.1,0.1,0.1,0,0,1
FINNIFTY13NOV2321000CE.NFO,2023-10-20,10:31:00,2023-11-13,0.1,0.1,0.1,0.1,0,0,1
FINNIFTY13NOV2321000CE.NFO,2023-10-20,10:32:00,2023-11-13,0.1,0.1,0.1,0.1,0,0,1
FINNIFTY13NOV2321000CE.NFO,2023-10-20,10:33:00,2023-11-13,0.1,0.1,0.1,0.1,0,0,1
FINNIFTY13NOV2321000CE.NFO,2023-10-20,10:34:00,2023-11-13,0.1,0.1,0.1,0.1,0,0,1
FINNIFTY13NOV2321000CE.NFO,2023-10-20,10:35:00,2023-11-13,0.1,0.1,0.1,0.1,0,0,1
FINNIFTY13NOV2321000CE.NFO,2023-10-20,10:36:00,2023-11-13,0.1,0.1,0.1,0.1,0,0,1
FINNIFTY13NOV2321000CE.NFO,2023-10-20,10:37:00,2023-11-13,0.1,0.1,0.1,0.1,0,0,1
FINNIFTY13NOV2321000CE.NFO,2023-10-20,10:38:00,2023-11-13,0.1,0.1,0.1,0.1,0,0,1
FINNIFTY13NOV2321000CE.NFO,2023-10-20,10:39:00,2023-11-13,0.1,0.1,0.1,0.1,0,0,1
FINNIFTY13NOV2321000CE.NFO,2023-10-20,10:40:00,2023-11-13,0.1,0.1,0.1,0.1,0,0,1
FINNIFTY13NOV2321000CE.NFO,2023-10-20,10:41:00,2023-11-13,0.1,0.1,0.1,0.1,0,0,1
FINNIFTY13NOV2321000CE.NFO,2023-10-20,10:42:00,2023-11-13,0.1,0.1,0.1,0.1,0,0,1
FINNIFTY13NOV2321000CE.NFO,2023-10-20,10:43:00,2023-11-13,0.1,0.1,0.1,0.1,0,0,1
FINNIFTY13NOV2321000CE.NFO,2023-10-20,10:44:00,2023-11-13,0.1,0.1,0.1,0.1,0,0,1
FINNIFTY13NOV2321000CE.NFO,2023-10-20,10:45:00,2023-11-13,0.1,0.1,0.1,0.1,0,0,1
FINNIFTY13NOV2321000CE.NFO,2023-10-20,10:46:00,2023-11-13,0.1,0.1,0.1,0.1,0,0,1
FINNIFTY13NOV2321000CE.NFO,2023-10-20,10:47:00,2023-11-13,0.1,0.1,0.1,0.1,0,0,1
FINNIFTY13NOV2321000CE.NFO,2023-10-20,10:48:00,2023-11-13,0.1,0.1,0.1,0.1,0,0,1
FINNIFTY13NOV2321000CE.NFO,2023-10-20,10:49:00,2023-11-13,0.1,0.1,0.1,0.1,0,0,1
FINNIFTY13NOV2321000CE.NFO,2023-10-20,10:50:00,2023-11-13,0.1,0.1,0.1,0.1,0,0,1
FINNIFTY13NOV2321000CE.NFO,2023-10-20,10:51:00,2023-11-13,0.1,0.1,0.1,0.1,0,0,1
FINNIFTY13NOV2321000CE.NFO,2023-10-20,10:52:00,2023-11-13,0.1,0.1,0.1,0.1,0,0,1
FINNIFTY13NOV2321000CE.NFO,2023-10-20,10:53:00,2023-11-13,0.1,0.1,0.1,0.1,0,0,1
FINNIFTY13NOV2321000CE.NFO,2023-10-20,10:54:00,2023-11-13,0.1,0.1,0.1,0.1,0,0,1
FINNIFTY13NOV2321000CE.NFO,2023-10-20,10:55:00,2023-11-13,0.1,0.1,0.1,0.1,0,0,1
FINNIFTY13NOV2321000CE.NFO,2023-10-20,10:56:00,2023-11-13,0.1,0.1,0.1,0.1,0,0,1
FINNIFTY13NOV2321000CE.NFO,2023-10-20,10:57:00,2023-11-13,0.1,0.1,0.1,0.1,0,0,1
FINNIFTY13NOV2321000CE.NFO,2023-10-20,10:58:00,2023-11-13,0.1,0.1,0.1,0.1,0,0,1
FINNIFTY13NOV2321000CE.NFO,2023-10-20,10:59:00,2023-11-13,0.1,0.1,0.1,0.1,0,0,1
FINNIFTY13NOV2321000CE.NFO,2023-10-20,11:00:00,2023-11-13,0.1,0.1,0.1,0.1,0,0,1
FINNIFTY13NOV2321000CE.NFO,2023-10-20,11:01:00,2023-11-13,0.1,0.1,0.1,0.1,0,0,1
FINNIFTY13NOV2321000CE.NFO,2023-10-20,11:02:00,2023-11-13,0.1,0.1,0.1,0.1,0,0,1
FINNIFTY13NOV2321000CE.NFO,2023-10-20,11:03:00,2023-11-13,0.1,0.1,0.1,0.1,0,0,1
FINNIFTY13NOV2321000CE.NFO,2023-10-20,11:04:00,2023-11-13,0.1,0.1,0.1,0.1,0,0,1
FINNIFTY13NOV2321000CE.NFO,2023-10-20,11:05:00,2023-11-13,0.1,0.1,0.1,0.1,0,0,1
FINNIFTY13NOV2321000CE.NFO,2023-10-20,11:06:00,2023-11-13,0.1,0.1,0.1,0.1,0,0,1
FINNIFTY13NOV2321000CE.NFO,2023-10-20,11:07:00,2023-11-13,0.1,0.1,0.1,0.1,0,0,1
FINNIFTY13NOV2321000CE.NFO,2023-10-20,11:08:00,2023-11-13,0.1,0.1,0.1,0.1,0,0,1
FINNIFTY13NOV2321000CE.NFO,2023-10-20,11:09:00,2023-11-13,0.1,0.1,0.1,0.1,0,0,1
FINNIFTY13NOV2321000CE.NFO,2023-10-20,11:10:00,2023-11-13,0.1,0.1,0.1,0.1,0,0,1
FINNIFTY13NOV2321000CE.NFO,2023-10-20,11:11:00,2023-11-13,0.1,0.1,0.1,0.1,0,0,1
FINNIFTY13NOV2321000CE.NFO,2023-10-20,11:12:00,2023-11-13,0.1,0.1,0.1,0.1,0,0,1
FINNIFTY13NOV2321000CE.NFO,2023-10-20,11:13:00,2023-11-13,0.1,0.1,0.1,0.1,0,0,1
FINNIFTY13NOV2321000CE.NFO,2023-10-20,11:14:00,2023-11-13,0.1,0.1,0.1,0.1,0,0,1
FINNIFTY13NOV2321000CE.NFO,2023-10-20,11:15:00,2023-11-13,0.1,0.1,0.1,0.1,0,0,1
FINNIFTY13NOV2321000CE.NFO,2023-10-20,11:16:00,2023-11-13,0.1,0.1,0.1,0.1,0,0,1
FINNIFTY13NOV2321000CE.NFO,2023-10-20,11:17:00,2023-11-13,0.1,0.1,0.1,0.1,0,0,1
FINNIFTY13NOV2321000CE.NFO,2023-10-20,11:18:00,2023-11-13,0.1,0.1,0.1,0.1,0,0,1
FINNIFTY13NOV2321000CE.NFO,2023-10-20,11:19:00,2023-11-13,0.1,0.1,0.1,0.1,0,0,1
FINNIFTY13NOV2321000CE.NFO,2023-10-20,11:20:00,2023-11-13,0.1,0.1,0.1,0.1,0,0,1
FINNIFTY13NOV2321000CE.NFO,2023-10-20,11:21:00,2023-11-13,0.1,0.1,0.1,0.1,0,0,1
FINNIFTY13NOV2321000CE.NFO,2023-10-20,11:22:00,2023-11-13,0.1,0.1,0.1,0.1,0,0,1
FINNIFTY13NOV2321000CE.NFO,2023-10-20,11:23:00,2023-11-13,0.1,0.1,0.1,0.1,0,0,1
FINNIFTY13NOV2321000CE.NFO,2023-10-20,11:24:00,2023-11-13,0.1,0.1,0.1,0.1,0,0,1
FINNIFTY13NOV2321000CE.NFO,2023-10-20,11:25:00,2023-11-13,0.1,0.1,0.1,0.1,0,0,1
FINNIFTY13NOV2321000CE.NFO,2023-10-20,11:26:00,2023-11-13,0.1,0.1,0.1,0.1,0,0,1
FINNIFTY13NOV2321000CE.NFO,2023-10-20,11:27:00,2023-11-13,0.1,0.1,0.1,0.1,0,0,1
FINNIFTY13NOV2321000CE.NFO,2023-10-20,11:28:00,2023-11-13,0.1,0.1,0.1,0.1,0,0,1
FINNIFTY13NOV2321000CE.NFO,2023-10-20,11:29:00,2023-11-13,0.1,0.1,0.1,0.1,0,0,1
FINNIFTY13NOV2321000CE.NFO,2023-10-20,11:30:00,2023-11-13,0.1,0.1,0.1,0.1,0,0,1
FINNIFTY13NOV2321000CE.NFO,2023-10-20,11:31:00,2023-11-13,0.1,0.1,0.1,0.1,0,0,1
FINNIFTY13NOV2321000CE.NFO,2023-10-20,11:32:00,2023-11-13,0.1,0.1,0.1,0.1,0,0,1
FINNIFTY13NOV2321000CE.NFO,2023-10-20,11:33:00,2023-11-13,0.1,0.1,0.1,0.1,0,0,1
FINNIFTY13NOV2321000CE.NFO,2023-10-20,11:34:00,2023-11-13,0.1,0.1,0.1,0.1,0,0,1
FINNIFTY13NOV2321000CE.NFO,2023-10-20,11:35:00,2023-11-13,0.1,0.1,0.1,0.1,0,0,1
FINNIFTY13NOV2321000CE.NFO,2023-10-20,11:36:00,2023-11-13,0.1,0.1,0.1,0.1,0,0,1
FINNIFTY13NOV2321000CE.NFO,2023-10-20,11:37:00,2023-11-13,0.1,0.1,0.1,0.1,0,0,1
FINNIFTY13NOV2321000CE.NFO,2023-10-20,11:38:00,2023-11-13,0.1,0.1,0.1,0.1,0,0,1
FINNIFTY13NOV2321000CE.NFO,2023-10-20,11:39:00,2023-11-13,0.1,0.1,0.1,0.1,0,0,1
FINNIFTY13NOV2321000CE.NFO,2023-10-20,11:40:00,2023-11-13,0.1,0.1,0.1,0.1,0,0,1
FINNIFTY13NOV2321000CE.NFO,2023-10-20,11:41:00,2023-11-13,0.1,0.1,0.1,0.1,0,0,1
FINNIFTY13NOV2321000CE.NFO,2023-10-20,11:42:00,2023-11-13,0.1,0.1,0.1,0.1,0,0,1
FINNIFTY13NOV2321000CE.NFO,2023-10-20,11:43:00,2023-11-13,0.1,0.1,0.1,0.1,0,0,1
FINNIFTY13NOV2321000CE.NFO,2023-10-20,11:44:00,2023-11-13,0.1,0.1,0.1,0.1,0,0,1
FINNIFTY13NOV2321000CE.NFO,2023-10-20,11:45:00,2023-11-13,0.1,0.1,0.1,0.1,0,0,1
FINNIFTY13NOV2321000CE.NFO,2023-10-20,11:46:00,2023-11-13,0.1,0.1,0.1,0.1,0,0,1
FINNIFTY13NOV2321000CE.NFO,2023-10-20,11:47:00,2023-11-13,0.1,0.1,0.1,0.1,0,0,1
FINNIFTY13NOV2321000CE.NFO,2023-10-20,11:48:00,2023-11-13,0.1,0.1,0.1,0.1,0,0,1
FINNIFTY13NOV2321000CE.NFO,2023-10-20,11:49:00,2023-11-13,0.1,0.1,0.1,0.1,0,0,1
FINNIFTY13NOV2321000CE.NFO,2023-10-20,11:50:00,2023-11-13,0.1,0.1,0.1,0.1,0,0,1
FINNIFTY13NOV2321000CE.NFO,2023-10-20,11:51:00,2023-11-13,0.1,0.1,0.1,0.1,0,0,1
FINNIFTY13NOV2321000CE.NFO,2023-10-20,11:52:00,2023-11-13,0.1,0.1,0.1,0.1,0,0,1
FINNIFTY13NOV2321000CE.NFO,2023-10-20,11:53:00,2023-11-13,0.1,0.1,0.1,0.1,0,0,1
FINNIFTY13NOV2321000CE.NFO,2023-10-20,11:54:00,2023-11-13,0.1,0.1,0.1,0.1,0,0,1
FINNIFTY13NOV2321000CE.NFO,2023-10-20,11:55:00,2023-11-13,0.1,0.1,0.1,0.1,0,0,1
FINNIFTY13NOV2321000CE.NFO,2023-10-20,11:56:00,2023-11-13,0.1,0.1,0.1,0.1,0,0,1
FINNIFTY13NOV2321000CE.NFO,2023-10-20,11:57:00,2023-11-13,0.1,0.1,0.1,0.1,0,0,1
FINNIFTY13NOV2321000CE.NFO,2023-10-20,11:58:00,2023-11-13,0.1,0.1,0.1,0.1,0,0,1
FINNIFTY13NOV2321000CE.NFO,2023-10-20,11:59:00,2023-11-13,0.1,0.1,0.1,0.1,0,0,1
FINNIFTY13NOV2321000CE.NFO,2023-10-20,12:00:00,2023-11-13,0.1,0.1,0.1,0.1,0,0,1
FINNIFTY13NOV2321000CE.NFO,2023-10-20,12:01:00,2023-11-13,0.1,0.1,0.1,0.1,0,0,1
FINNIFTY13NOV2321000CE.NFO,2023-10-20,12:02:00,2023-11-13,0.1,0.1,0.1,0.1,0,0,1
FINNIFTY13NOV2321000CE.NFO,2023-10-20,12:03:00,2023-11-13,0.1,0.1,0.1,0.1,0,0,1
FINNIFTY13NOV2321000CE.NFO,2023-10-20,12:04:00,2023-11-13,0.1,0.1,0.1,0.1,0,0,1
FINNIFTY13NOV2321000CE.NFO,2023-10-20,12:05:00,2023-11-13,0.1,0.1,0.1,0.1,0,0,1
FINNIFTY13NOV2321000CE.NFO,2023-10-20,12:06:00,2023-11-13,0.1,0.1,0.1,0.1,0,0,1
FINNIFTY13NOV2321000CE.NFO,2023-10-20,12:07:00,2023-11-13,0.1,0.1,0.1,0.1,0,0,1
FINNIFTY13NOV2321000CE.NFO,2023-10-20,12:08:00,2023-11-13,0.1,0.1,0.1,0.1,0,0,1
FINNIFTY13NOV2321000CE.NFO,2023-10-20,12:09:00,2023-11-13,0.1,0.1,0.1,0.1,0,0,1
FINNIFTY13NOV2321000CE.NFO,2023-10-20,12:10:00,2023-11-13,0.1,0.1,0.1,0.1,0,0,1
FINNIFTY13NOV2321000CE.NFO,2023-10-20,12:11:00,2023-11-13,0.1,0.1,0.1,0.1,0,0,1
FINNIFTY13NOV2321000CE.NFO,2023-10-20,12:12:00,2023-11-13,0.1,0.1,0.1,0.1,0,0,1
FINNIFTY13NOV2321000CE.NFO,2023-10-20,12:13:00,2023-11-13,0.1,0.1,0.1,0.1,0,0,1
FINNIFTY13NOV2321000CE.NFO,2023-10-20,12:14:00,2023-11-13,0.1,0.1,0.1,0.1,0,0,1
FINNIFTY13NOV2321000CE.NFO,2023-10-20,12:15:00,2023-11-13,0.1,0.1,0.1,0.1,0,0,1
FINNIFTY13NOV2321000CE.NFO,2023-10-20,12:16:00,2023-11-13,0.1,0.1,0.1,0.1,0,0,1
FINNIFTY13NOV2321000CE.NFO,2023-10-20,12:17:00,2023-11-13,0.1,0.1,0.1,0.1,0,0,1
FINNIFTY13NOV2321000CE.NFO,2023-10-20,12:18:00,2023-11-13,0.1,0.1,0.1,0.1,0,0,1
FINNIFTY13NOV2321000CE.NFO,2023-10-20,12:19:00,2023-11-13,0.1,0.1,0.1,0.1,0,0,1
FINNIFTY13NOV2321000CE.NFO,2023-10-20,12:20:00,2023-11-13,0.1,0.1,0.1,0.1,0,0,1
FINNIFTY13NOV2321000CE.NFO,2023-10-20,12:21:00,2023-11-13,0.1,0.1,0.1,0.1,0,0,1
FINNIFTY13NOV2321000CE.NFO,2023-10-20,12:22:00,2023-11-13,0.1,0.1,0.1,0.1,0,0,1
FINNIFTY13NOV2321000CE.NFO,2023-10-20,12:23:00,2023-11-13,0.1,0.1,0.1,0.1,0,0,1
FINNIFTY13NOV2321000CE.NFO,2023-10-20,12:24:00,2023-11-13,0.1,0.1,0.1,0.1,0,0,1
FINNIFTY13NOV2321000CE.NFO,2023-10-20,12:25:00,2023-11-13,0.1,0.1,0.1,0.1,0,0,1
FINNIFTY13NOV2321000CE.NFO,2023-10-20,12:26:00,2023-11-13,0.1,0.1,0.1,0.1,0,0,1
FINNIFTY13NOV2321000CE.NFO,2023-10-20,12:27:00,2023-11-13,0.1,0.1,0.1,0.1,0,0,1
FINNIFTY13NOV2321000CE.NFO,2023-10-20,12:28:00,2023-11-13,0.1,0.1,0.1,0.1,0,0,1
FINNIFTY13NOV2321000CE.NFO,2023-10-20,12:29:00,2023-11-13,0.1,0.1,0.1,0.1,0,0,1
FINNIFTY13NOV2321000CE.NFO,2023-10-20,12:30:00,2023-11-13,0.1,0.1,0.1,0.1,0,0,1
FINNIFTY13NOV2321000CE.NFO,2023-10-20,12:31:00,2023-11-13,0.1,0.1,0.1,0.1,0,0,1
FINNIFTY13NOV2321000CE.NFO,2023-10-20,12:32:00,2023-11-13,0.1,0.1,0.1,0.1,0,0,1
FINNIFTY13NOV2321000CE.NFO,2023-10-20,12:33:00,2023-11-13,0.1,0.1,0.1,0.1,0,0,1
FINNIFTY13NOV2321000CE.NFO,2023-10-20,12:34:00,2023-11-13,0.1,0.1,0.1,0.1,0,0,1
FINNIFTY13NOV2321000CE.NFO,2023-10-20,12:35:00,2023-11-13,0.1,0.1,0.1,0.1,0,0,1
FINNIFTY13NOV2321000CE.NFO,2023-10-20,12:36:00,2023-11-13,0.1,0.1,0.1,0.1,0,0,1
FINNIFTY13NOV2321000CE.NFO,2023-10-20,12:37:00,2023-11-13,0.1,0.1,0.1,0.1,0,0,1
FINNIFTY13NOV2321000CE.NFO,2023-10-20,12:38:00,2023-11-13,0.1,0.1,0.1,0.1,0,0,1
FINNIFTY13NOV2321000CE.NFO,2023-10-20,12:39:00,2023-11-13,0.1,0.1,0.1,0.1,0,0,1
FINNIFTY13NOV2321000CE.NFO,2023-10-20,12:40:00,2023-11-13,0.1,0.1,0.1,0.1,0,0,1
FINNIFTY13NOV2321000CE.NFO,2023-10-20,12:41:00,2023-11-13,0.1,0.1,0.1,0.1,0,0,1
FINNIFTY13NOV2321000CE.NFO,2023-10-20,12:42:00,2023-11-13,0.1,0.1,0.1,0.1,0,0,1
FINNIFTY13NOV2321000CE.NFO,2023-10-20,12:43:00,2023-11-13,0.1,0.1,0.1,0.1,0,0,1
FINNIFTY13NOV2321000CE.NFO,2023-10-20,12:44:00,2023-11-13,0.1,0.1,0.1,0.1,0,0,1
FINNIFTY13NOV2321000CE.NFO,2023-10-20,12:45:00,2023-11-13,0.1,0.1,0.1,0.1,0,0,1
FINNIFTY13NOV2321000CE.NFO,2023-10-20,12:46:00,2023-11-13,0.1,0.1,0.1,0.1,0,0,1
FINNIFTY13NOV2321000CE.NFO,2023-10-20,12:47:00,2023-11-13,0.1,0.1,0.1,0.1,0,0,1
FINNIFTY13NOV2321000CE.NFO,2023-10-20,12:48:00,2023-11-13,0.1,0.1,0.1,0.1,0,0,1
FINNIFTY13NOV2321000CE.NFO,2023-10-20,12:49:00,2023-11-13,0.1,0.1,0.1,0.1,0,0,1
FINNIFTY13NOV2321000CE.NFO,2023-10-20,12:50:00,2023-11-13,0.1,0.1,0.1,0.1,0,0,1
FINNIFTY13NOV2321000CE.NFO,2023-10-20,12:51:00,2023-11-13,0.1,0.1,0.1,0.1,0,0,1
FINNIFTY13NOV2321000CE.NFO,2023-10-20,12:52:00,2023-11-13,0.1,0.1,0.1,0.1,0,0,1
FINNIFTY13NOV2321000CE.NFO,2023-10-20,12:53:00,2023-11-13,0.1,0.1,0.1,0.1,0,0,1
FINNIFTY13NOV2321000CE.NFO,2023-10-20,12:54:00,2023-11-13,0.1,0.1,0.1,0.1,0,0,1
FINNIFTY13NOV2321000CE.NFO,2023-10-20,12:55:00,2023-11-13,0.1,0.1,0.1,0.1,0,0,1
FINNIFTY13NOV2321000CE.NFO,2023-10-20,12:56:00,2023-11-13,0.1,0.1,0.1,0.1,0,0,1
FINNIFTY13NOV2321000CE.NFO,2023-10-20,12:57:00,2023-11-13,0.1,0.1,0.1,0.1,0,0,1
FINNIFTY13NOV2321000CE.NFO,2023-10-20,12:58:00,2023-11-13,0.1,0.1,0.1,0.1,0,0,1
FINNIFTY13NOV2321000CE.NFO,2023-10-20,12:59:00,2023-11-13,0.1,0.1,0.1,0.1,0,0,1
FINNIFTY13NOV2321000CE.NFO,2023-10-20,13:00:00,2023-11-13,0.1,0.1,0.1,0.1,0,0,1
FINNIFTY13NOV2321000CE.NFO,2023-10-20,13:01:00,2023-11-13,0.1,0.1,0.1,0.1,0,0,1
FINNIFTY13NOV2321000CE.NFO,2023-10-20,13:02:00,2023-11-13,0.1,0.1,0.1,0.1,0,0,1
FINNIFTY13NOV2321000CE.NFO,2023-10-20,13:03:00,2023-11-13,0.1,0.1,0.1,0.1,0,0,1
FINNIFTY13NOV2321000CE.NFO,2023-10-20,13:04:00,2023-11-13,0.1,0.1,0.1,0.1,0,0,1
FINNIFTY13NOV2321000CE.NFO,2023-10-20,13:05:00,2023-11-13,0.1,0.1,0.1,0.1,0,0,1
FINNIFTY13NOV2321000CE.NFO,2023-10-20,13:06:00,2023-11-13,0.1,0.1,0.1,0.1,0,0,1
FINNIFTY13NOV2321000CE.NFO,2023-10-20,13:07:00,2023-11-13,0.1,0.1,0.1,0.1,0,0,1
FINNIFTY13NOV2321000CE.NFO,2023-10-20,13:08:00,2023-11-13,0.1,0.1,0.1,0.1,0,0,1
FINNIFTY13NOV2321000CE.NFO,2023-10-20,13:09:00,2023-11-13,0.1,0.1,0.1,0.1,0,0,1
FINNIFTY13NOV2321000CE.NFO,2023-10-20,13:10:00,2023-11-13,0.1,0.1,0.1,0.1,0,0,1
FINNIFTY13NOV2321000CE.NFO,2023-10-20,13:11:00,2023-11-13,0.1,0.1,0.1,0.1,0,0,1
FINNIFTY13NOV2321000CE.NFO,2023-10-20,13:12:00,2023-11-13,0.1,0.1,0.1,0.1,0,0,1
FINNIFTY13NOV2321000CE.NFO,2023-10-20,13:13:00,2023-11-13,0.1,0.1,0.1,0.1,0,0,1
FINNIFTY13NOV2321000CE.NFO,2023-10-20,13:14:00,2023-11-13,0.1,0.1,0.1,0.1,0,0,1
FINNIFTY13NOV2321000CE.NFO,2023-10-20,13:15:00,2023-11-13,0.1,0.1,0.1,0.1,0,0,1
FINNIFTY13NOV2321000CE.NFO,2023-10-20,13:16:00,2023-11-13,0.1,0.1,0.1,0.1,0,0,1
FINNIFTY13NOV2321000CE.NFO,2023-10-20,13:17:00,2023-11-13,0.1,0.1,0.1,0.1,0,0,1
FINNIFTY13NOV2321000CE.NFO,2023-10-20,13:18:00,2023-11-13,0.1,0.1,0.1,0.1,0,0,1
FINNIFTY13NOV2321000CE.NFO,2023-10-20,13:19:00,2023-11-13,0.1,0.1,0.1,0.1,0,0,1
FINNIFTY13NOV2321000CE.NFO,2023-10-20,13:20:00,2023-11-13,0.1,0.1,0.1,0.1,0,0,1
FINNIFTY13NOV2321000CE.NFO,2023-10-20,13:21:00,2023-11-13,0.1,0.1,0.1,0.1,0,0,1
FINNIFTY13NOV2321000CE.NFO,2023-10-20,13:22:00,2023-11-13,0.1,0.1,0.1,0.1,0,0,1
FINNIFTY13NOV2321000CE.NFO,2023-10-20,13:23:00,2023-11-13,0.1,0.1,0.1,0.1,0,0,1
FINNIFTY13NOV2321000CE.NFO,2023-10-20,13:24:00,2023-11-13,0.1,0.1,0.1,0.1,0,0,1
FINNIFTY13NOV2321000CE.NFO,2023-10-20,13:25:00,2023-11-13,0.1,0.1,0.1,0.1,0,0,1
FINNIFTY13NOV2321000CE.NFO,2023-10-20,13:26:00,2023-11-13,0.1,0.1,0.1,0.1,0,0,1
FINNIFTY13NOV2321000CE.NFO,2023-10-20,13:27:00,2023-11-13,0.1,0.1,0.1,0.1,0,0,1
FINNIFTY13NOV2321000CE.NFO,2023-10-20,13:28:00,2023-11-13,0.1,0.1,0.1,0.1,0,0,1
FINNIFTY13NOV2321000CE.NFO,2023-10-20,13:29:00,2023-11-13,0.1,0.1,0.1,0.1,0,0,1
FINNIFTY13NOV2321000CE.NFO,2023-10-20,13:30:00,2023-11-13,0.1,0.1,0.1,0.1,0,0,1
FINNIFTY13NOV2321000CE.NFO,2023-10-20,13:31:00,2023-11-13,0.1,0.1,0.1,0.1,0,0,1
FINNIFTY13NOV2321000CE.NFO,2023-10-20,13:32:00,2023-11-13,0.1,0.1,0.1,0.1,0,0,1
FINNIFTY13NOV2321000CE.NFO,2023-10-20,13:33:00,2023-11-13,0.1,0.1,0.1,0.1,0,0,1
FINNIFTY13NOV2321000CE.NFO,2023-10-20,13:34:00,2023-11-13,0.1,0.1,0.1,0.1,0,0,1
FINNIFTY13NOV2321000CE.NFO,2023-10-20,13:35:00,2023-11-13,0.1,0.1,0.1,0.1,0,0,1
FINNIFTY13NOV2321000CE.NFO,2023-10-20,13:36:00,2023-11-13,0.1,0.1,0.1,0.1,0,0,1
FINNIFTY13NOV2321000CE.NFO,2023-10-20,13:37:00,2023-11-13,0.1,0.1,0.1,0.1,0,0,1
FINNIFTY13NOV2321000CE.NFO,2023-10-20,13:38:00,2023-11-13,0.1,0.1,0.1,0.1,0,0,1
FINNIFTY13NOV2321000CE.NFO,2023-10-20,13:39:00,2023-11-13,0.1,0.1,0.1,0.1,0,0,1
FINNIFTY13NOV2321000CE.NFO,2023-10-20,13:40:00,2023-11-13,0.1,0.1,0.1,0.1,0,0,1
FINNIFTY13NOV2321000CE.NFO,2023-10-20,13:41:00,2023-11-13,0.1,0.1,0.1,0.1,0,0,1
FINNIFTY13NOV2321000CE.NFO,2023-10-20,13:42:00,2023-11-13,0.1,0.1,0.1,0.1,0,0,1
FINNIFTY13NOV2321000CE.NFO,2023-10-20,13:43:00,2023-11-13,0.1,0.1,0.1,0.1,0,0,1
FINNIFTY13NOV2321000CE.NFO,2023-10-20,13:44:00,2023-11-13,0.1,0.1,0.1,0.1,0,0,1
FINNIFTY13NOV2321000CE.NFO,2023-10-20,13:45:00,2023-11-13,0.1,0.1,0.1,0.1,0,0,1
FINNIFTY13NOV2321000CE.NFO,2023-10-20,13:46:00,2023-11-13,0.1,0.1,0.1,0.1,0,0,1
FINNIFTY13NOV2321000CE.NFO,2023-10-20,13:47:00,2023-11-13,0.1,0.1,0.1,0.1,0,0,1
FINNIFTY13NOV2321000CE.NFO,2023-10-20,13:48:00,2023-11-13,0.1,0.1,0.1,0.1,0,0,1
FINNIFTY13NOV2321000CE.NFO,2023-10-20,13:49:00,2023-11-13,0.1,0.1,0.1,0.1,0,0,1
FINNIFTY13NOV2321000CE.NFO,2023-10-20,13:50:00,2023-11-13,0.1,0.1,0.1,0.1,0,0,1
FINNIFTY13NOV2321000CE.NFO,2023-10-20,13:51:00,2023-11-13,0.1,0.1,0.1,0.1,0,0,1
FINNIFTY13NOV2321000CE.NFO,2023-10-20,13:52:00,2023-11-13,0.1,0.1,0.1,0.1,0,0,1
FINNIFTY13NOV2321000CE.NFO,2023-10-20,13:53:00,2023-11-13,0.1,0.1,0.1,0.1,0,0,1
FINNIFTY13NOV2321000CE.NFO,2023-10-20,13:54:00,2023-11-13,0.1,0.1,0.1,0.1,0,0,1
FINNIFTY13NOV2321000CE.NFO,2023-10-20,13:55:00,2023-11-13,0.1,0.1,0.1,0.1,0,0,1
FINNIFTY13NOV2321000CE.NFO,2023-10-20,13:56:00,2023-11-13,0.1,0.1,0.1,0.1,0,0,1
FINNIFTY13NOV2321000CE.NFO,2023-10-20,13:57:00,2023-11-13,0.1,0.1,0.1,0.1,0,0,1
FINNIFTY13NOV2321000CE.NFO,2023-10-20,13:58:00,2023-11-13,0.1,0.1,0.1,0.1,0,0,1
FINNIFTY13NOV2321000CE.NFO,2023-10-20,13:59:00,2023-11-13,0.1,0.1,0.1,0.1,0,0,1
FINNIFTY13NOV2321000CE.NFO,2023-10-20,14:00:00,2023-11-13,0.1,0.1,0.1,0.1,0,0,1
FINNIFTY13NOV2321000CE.NFO,2023-10-20,14:01:00,2023-11-13,0.1,0.1,0.1,0.1,0,0,1
FINNIFTY13NOV2321000CE.NFO,2023-10-20,14:02:00,2023-11-13,0.1,0.1,0.1,0.1,0,0,1
FINNIFTY13NOV2321000CE.NFO,2023-10-20,14:03:00,2023-11-13,0.1,0.1,0.1,0.1,0,0,1
FINNIFTY13NOV2321000CE.NFO,2023-10-20,14:04:00,2023-11-13,0.1,0.1,0.1,0.1,0,0,1
FINNIFTY13NOV2321000CE.NFO,2023-10-20,14:05:00,2023-11-13,0.1,0.1,0.1,0.1,0,0,1
FINNIFTY13NOV2321000CE.NFO,2023-10-20,14:06:00,2023-11-13,0.1,0.1,0.1,0.1,0,0,1
FINNIFTY13NOV2321000CE.NFO,2023-10-20,14:07:00,2023-11-13,0.1,0.1,0.1,0.1,0,0,1
FINNIFTY13NOV2321000CE.NFO,2023-10-20,14:08:00,2023-11-13,0.1,0.1,0.1,0.1,0,0,1
FINNIFTY13NOV2321000CE.NFO,2023-10-20,14:09:00,2023-11-13,0.1,0.1,0.1,0.1,0,0,1
FINNIFTY13NOV2321000CE.NFO,2023-10-20,14:10:00,2023-11-13,0.1,0.1,0.1,0.1,0,0,1
FINNIFTY13NOV2321000CE.NFO,2023-10-20,14:11:00,2023-11-13,0.1,0.1,0.1,0.1,0,0,1
FINNIFTY13NOV2321000CE.NFO,2023-10-20,14:12:00,2023-11-13,0.1,0.1,0.1,0.1,0,0,1
FINNIFTY13NOV2321000CE.NFO,2023-10-20,14:13:00,2023-11-13,0.1,0.1,0.1,0.1,0,0,1
FINNIFTY13NOV2321000CE.NFO,2023-10-20,14:14:00,2023-11-13,0.1,0.1,0.1,0.1,0,0,1
FINNIFTY13NOV2321000CE.NFO,2023-10-20,14:15:00,2023-11-13,0.1,0.1,0.1,0.1,0,0,1
FINNIFTY13NOV2321000CE.NFO,2023-10-20,14:16:00,2023-11-13,0.1,0.1,0.1,0.1,0,0,1
FINNIFTY13NOV2321000CE.NFO,2023-10-20,14:17:00,2023-11-13,0.1,0.1,0.1,0.1,0,0,1
FINNIFTY13NOV2321000CE.NFO,2023-10-20,14:18:00,2023-11-13,0.1,0.1,0.1,0.1,0,0,1
FINNIFTY13NOV2321000CE.NFO,2023-10-20,14:19:00,2023-11-13,0.1,0.1,0.1,0.1,0,0,1
FINNIFTY13NOV2321000CE.NFO,2023-10-20,14:20:00,2023-11-13,0.1,0.1,0.1,0.1,0,0,1
FINNIFTY13NOV2321000CE.NFO,2023-10-20,14:21:00,2023-11-13,0.1,0.1,0.1,0.1,0,0,1
FINNIFTY13NOV2321000CE.NFO,2023-10-20,14:22:00,2023-11-13,0.1,0.1,0.1,0.1,0,0,1
FINNIFTY13NOV2321000CE.NFO,2023-10-20,14:23:00,2023-11-13,0.1,0.1,0.1,0.1,0,0,1
FINNIFTY13NOV2321000CE.NFO,2023-10-20,14:24:00,2023-11-13,0.1,0.1,0.1,0.1,0,0,1
FINNIFTY13NOV2321000CE.NFO,2023-10-20,14:25:00,2023-11-13,0.1,0.1,0.1,0.1,0,0,1
FINNIFTY13NOV2321000CE.NFO,2023-10-20,14:26:00,2023-11-13,0.1,0.1,0.1,0.1,0,0,1
FINNIFTY13NOV2321000CE.NFO,2023-10-20,14:27:00,2023-11-13,0.1,0.1,0.1,0.1,0,0,1
FINNIFTY13NOV2321000CE.NFO,2023-10-20,14:28:00,2023-11-13,0.1,0.1,0.1,0.1,0,0,1
FINNIFTY13NOV2321000CE.NFO,2023-10-20,14:29:00,2023-11-13,0.1,0.1,0.1,0.1,0,0,1
FINNIFTY13NOV2321000CE.NFO,2023-10-20,14:30:00,2023-11-13,0.1,0.1,0.1,0.1,0,0,1
FINNIFTY13NOV2321000CE.NFO,2023-10-20,14:31:00,2023-11-13,0.1,0.1,0.1,0.1,0,0,1
FINNIFTY13NOV2321000CE.NFO,2023-10-20,14:32:00,2023-11-13,0.1,0.1,0.1,0.1,0,0,1
FINNIFTY13NOV2321000CE.NFO,2023-10-20,14:33:00,2023-11-13,0.1,0.1,0.1,0.1,0,0,1
FINNIFTY13NOV2321000CE.NFO,2023-10-20,14:34:00,2023-11-13,0.1,0.1,0.1,0.1,0,0,1
FINNIFTY13NOV2321000CE.NFO,2023-10-20,14:35:00,2023-11-13,0.1,0.1,0.1,0.1,0,0,1
FINNIFTY13NOV2321000CE.NFO,2023-10-20,14:36:00,2023-11-13,0.1,0.1,0.1,0.1,0,0,1
FINNIFTY13NOV2321000CE.NFO,2023-10-20,14:37:00,2023-11-13,0.1,0.1,0.1,0.1,0,0,1
FINNIFTY13NOV2321000CE.NFO,2023-10-20,14:38:00,2023-11-13,0.1,0.1,0.1,0.1,0,0,1
FINNIFTY13NOV2321000CE.NFO,2023-10-20,14:39:00,2023-11-13,0.1,0.1,0.1,0.1,0,0,1
FINNIFTY13NOV2321000CE.NFO,2023-10-20,14:40:00,2023-11-13,0.1,0.1,0.1,0.1,0,0,1
FINNIFTY13NOV2321000CE.NFO,2023-10-20,14:41:00,2023-11-13,0.1,0.1,0.1,0.1,0,0,1
FINNIFTY13NOV2321000CE.NFO,2023-10-20,14:42:00,2023-11-13,0.1,0.1,0.1,0.1,0,0,1
FINNIFTY13NOV2321000CE.NFO,2023-10-20,14:43:00,2023-11-13,0.1,0.1,0.1,0.1,0,0,1
FINNIFTY13NOV2321000CE.NFO,2023-10-20,14:44:00,2023-11-13,0.1,0.1,0.1,0.1,0,0,1
FINNIFTY13NOV2321000CE.NFO,2023-10-20,14:45:00,2023-11-13,0.1,0.1,0.1,0.1,0,0,1
FINNIFTY13NOV2321000CE.NFO,2023-10-20,14:46:00,2023-11-13,0.1,0.1,0.1,0.1,0,0,1
FINNIFTY13NOV2321000CE.NFO,2023-10-20,14:47:00,2023-11-13,0.1,0.1,0.1,0.1,0,0,1
FINNIFTY13NOV2321000CE.NFO,2023-10-20,14:48:00,2023-11-13,0.1,0.1,0.1,0.1,0,0,1
FINNIFTY13NOV2321000CE.NFO,2023-10-20,14:49:00,2023-11-13,0.1,0.1,0.1,0.1,0,0,1
FINNIFTY13NOV2321000CE.NFO,2023-10-20,14:50:00,2023-11-13,0.1,0.1,0.1,0.1,0,0,1
FINNIFTY13NOV2321000CE.NFO,2023-10-20,14:51:00,2023-11-13,0.1,0.1,0.1,0.1,0,0,1
FINNIFTY13NOV2321000CE.NFO,2023-10-20,14:52:00,2023-11-13,0.1,0.1,0.1,0.1,0,0,1
FINNIFTY13NOV2321000CE.NFO,2023-10-20,14:53:00,2023-11-13,0.1,0.1,0.1,0.1,0,0,1
FINNIFTY13NOV2321000CE.NFO,2023-10-20,14:54:00,2023-11-13,0.1,0.1,0.1,0.1,0,0,1
FINNIFTY13NOV2321000CE.NFO,2023-10-20,14:55:00,2023-11-13,0.1,0.1,0.1,0.1,0,0,1
FINNIFTY13NOV2321000CE.NFO,2023-10-20,14:56:00,2023-11-13,0.1,0.1,0.1,0.1,0,0,1
FINNIFTY13NOV2321000CE.NFO,2023-10-20,14:57:00,2023-11-13,0.1,0.1,0.1,0.1,0,0,1
FINNIFTY13NOV2321000CE.NFO,2023-10-20,14:58:00,2023-11-13,0.1,0.1,0.1,0.1,0,0,1
FINNIFTY13NOV2321000CE.NFO,2023-10-20,14:59:00,2023-11-13,0.1,0.1,0.1,0.1,0,0,1
FINNIFTY13NOV2321000CE.NFO,2023-10-20,15:00:00,2023-11-13,0.1,0.1,0.1,0.1,0,0,1
FINNIFTY13NOV2321000CE.NFO,2023-10-20,15:01:00,2023-11-13,0.1,0.1,0.1,0.1,0,0,1
FINNIFTY13NOV2321000CE.NFO,2023-10-20,15:02:00,2023-11-13,0.1,0.1,0.1,0.1,0,0,1
FINNIFTY13NOV2321000CE.NFO,2023-10-20,15:03:00,2023-11-13,0.1,0.1,0.1,0.1,0,0,1
FINNIFTY13NOV2321000CE.NFO,2023-10-20,15:04:00,2023-11-13,0.1,0.1,0.1,0.1,0,0,1
FINNIFTY13NOV2321000CE.NFO,2023-10-20,15:05:00,2023-11-13,0.1,0.1,0.1,0.1,0,0,1
FINNIFTY13NOV2321000CE.NFO,2023-10-20,15:06:00,2023-11-13,0.1,0.1,0.1,0.1,0,0,1
FINNIFTY13NOV2321000CE.NFO,2023-10-20,15:07:00,2023-11-13,0.1,0.1,0.1,0.1,0,0,1
FINNIFTY13NOV2321000CE.NFO,2023-10-20,15:08:00,2023-11-13,0.1,0.1,0.1,0.1,0,0,1
FINNIFTY13NOV2321000CE.NFO,2023-10-20,15:09:00,2023-11-13,0.1,0.1,0.1,0.1,0,0,1
FINNIFTY13NOV2321000CE.NFO,2023-10-20,15:10:00,2023-11-13,0.1,0.1,0.1,0.1,0,0,1
FINNIFTY13NOV2321000CE.NFO,2023-10-20,15:11:00,2023-11-13,0.1,0.1,0.1,0.1,0,0,1
FINNIFTY13NOV2321000CE.NFO,2023-10-20,15:12:00,2023-11-13,0.1,0.1,0.1,0.1,0,0,1
FINNIFTY13NOV2321000CE.NFO,2023-10-20,15:13:00,2023-11-13,0.1,0.1,0.1,0.1,0,0,1
FINNIFTY13NOV2321000CE.NFO,2023-10-20,15:14:00,2023-11-13,0.1,0.1,0.1,0.1,0,0,1
FINNIFTY13NOV2321000CE.NFO,2023-10-20,15:15:00,2023-11-13,0.1,0.1,0.1,0.1,0,0,1
FINNIFTY13NOV2321000CE.NFO,2023-10-20,15:16:00,2023-11-13,0.1,0.1,0.1,0.1,0,0,1
FINNIFTY13NOV2321000CE.NFO,2023-10-20,15:17:00,2023-11-13,0.1,0.1,0.1,0.1,0,0,1
FINNIFTY13NOV2321000CE.NFO,2023-10-20,15:18:00,2023-11-13,0.1,0.1,0.1,0.1,0,0,1
FINNIFTY13NOV2321000CE.NFO,2023-10-20,15:19:00,2023-11-13,0.1,0.1,0.1,0.1,0,0,1
FINNIFTY13NOV2321000CE.NFO,2023-10-20,15:20:00,2023-11-13,0.1,0.1,0.1,0.1,0,0,1
FINNIFTY13NOV2321000CE.NFO,2023-10-20,15:21:00,2023-11-13,0.1,0.1,0.1,0.1,0,0,1
FINNIFTY13NOV2321000CE.NFO,2023-10-20,15:22:00,2023-11-13,0.1,0.1,0.1,0.1,0,0,1
FINNIFTY13NOV2321000CE.NFO,2023-10-20,15:23:00,2023-11-13,0.1,0.1,0.1,0.1,0,0,1
FINNIFTY13NOV2321000CE.NFO,2023-10-20,15:24:00,2023-11-13,0.1,0.1,0.1,0.1,0,0,1
FINNIFTY13NOV2321000CE.NFO,2023-10-20,15:25:00,2023-11-13,0.1,0.1,0.1,0.1,0,0,1
FINNIFTY13NOV2321000CE.NFO,2023-10-20,15:26:00,2023-11-13,0.1,0.1,0.1,0.1,0,0,1
FINNIFTY13NOV2321000CE.NFO,2023-10-20,15:27:00,2023-11-13,0.1,0.1,0.1,0.1,0,0,1
FINNIFTY13NOV2321000CE.NFO,2023-10-20,15:28:00,2023-11-13,0.1,0.1,0.1,0.1,0,0,1
FINNIFTY13NOV2321000CE.NFO,2023-10-20,15:29:00,2023-11-13,0.1,0.1,0.1,0.1,0,0,1
FINNIFTY13NOV2321000CE.NFO,2023-10-20,15:30:00,2023-11-13,0.1,0.1,0.1,0.1,0,0,1
FINNIFTY13NOV2321000CE.NFO,2023-10-23,09:15:00,2023-11-13,0.1,0.1,0.1,0.1,0,0,0
FINNIFTY13NOV2321000CE.NFO,2023-10-23,09:16:00,2023-11-13,0.1,0.1,0.1,0.1,0,0,1
FINNIFTY13NOV2321000CE.NFO,2023-10-23,09:17:00,2023-11-13,0.1,0.1,0.1,0.1,0,0,1
FINNIFTY13NOV2321000CE.NFO,2023-10-23,09:18:00,2023-11-13,0.1,0.1,0.1,0.1,0,0,1
FINNIFTY13NOV2321000CE.NFO,2023-10-23,09:19:00,2023-11-13,0.1,0.1,0.1,0.1,0,0,1
FINNIFTY13NOV2321000CE.NFO,2023-10-23,09:20:00,2023-11-13,0.1,0.1,0.1,0.1,0,0,1
FINNIFTY13NOV2321000CE.NFO,2023-10-23,09:21:00,2023-11-13,0.1,0.1,0.1,0.1,0,0,1
FINNIFTY13NOV2321000CE.NFO,2023-10-23,09:22:00,2023-11-13,0.1,0.1,0.1,0.1,0,0,1
FINNIFTY13NOV2321000CE.NFO,2023-10-23,09:23:00,2023-11-13,0.1,0.1,0.1,0.1,0,0,1
FINNIFTY13NOV2321000CE.NFO,2023-10-23,09:24:00,2023-11-13,0.1,0.1,0.1,0.1,0,0,1
FINNIFTY13NOV2321000CE.NFO,2023-10-23,09:25:00,2023-11-13,0.1,0.1,0.1,0.1,0,0,1
FINNIFTY13NOV2321000CE.NFO,2023-10-23,09:26:00,2023-11-13,0.1,0.1,0.1,0.1,0,0,1
FINNIFTY13NOV2321000CE.NFO,2023-10-23,09:27:00,2023-11-13,0.1,0.1,0.1,0.1,0,0,1
FINNIFTY13NOV2321000CE.NFO,2023-10-23,09:28:00,2023-11-13,0.1,0.1,0.1,0.1,0,0,1
FINNIFTY13NOV2321000CE.NFO,2023-10-23,09:29:00,2023-11-13,0.1,0.1,0.1,0.1,0,0,1
FINNIFTY13NOV2321000CE.NFO,2023-10-23,09:30:00,2023-11-13,0.1,0.1,0.1,0.1,0,0,1
FINNIFTY13NOV2321000CE.NFO,2023-10-23,09:31:00,2023-11-13,0.1,0.1,0.1,0.1,0,0,1
FINNIFTY13NOV2321000CE.NFO,2023-10-23,09:32:00,2023-11-13,0.1,0.1,0.1,0.1,0,0,1
FINNIFTY13NOV2321000CE.NFO,2023-10-23,09:33:00,2023-11-13,0.1,0.1,0.1,0.1,0,0,1
FINNIFTY13NOV2321000CE.NFO,2023-10-23,09:34:00,2023-11-13,0.1,0.1,0.1,0.1,0,0,1
FINNIFTY13NOV2321000CE.NFO,2023-10-23,09:35:00,2023-11-13,0.1,0.1,0.1,0.1,0,0,1
FINNIFTY13NOV2321000CE.NFO,2023-10-23,09:36:00,2023-11-13,0.1,0.1,0.1,0.1,0,0,1
FINNIFTY13NOV2321000CE.NFO,2023-10-23,09:37:00,2023-11-13,0.1,0.1,0.1,0.1,0,0,1
FINNIFTY13NOV2321000CE.NFO,2023-10-23,09:38:00,2023-11-13,0.1,0.1,0.1,0.1,0,0,1
FINNIFTY13NOV2321000CE.NFO,2023-10-23,09:39:00,2023-11-13,0.1,0.1,0.1,0.1,0,0,1
FINNIFTY13NOV2321000CE.NFO,2023-10-23,09:40:00,2023-11-13,0.1,0.1,0.1,0.1,0,0,1
FINNIFTY13NOV2321000CE.NFO,2023-10-23,09:41:00,2023-11-13,0.1,0.1,0.1,0.1,0,0,1
FINNIFTY13NOV2321000CE.NFO,2023-10-23,09:42:00,2023-11-13,0.1,0.1,0.1,0.1,0,0,1
FINNIFTY13NOV2321000CE.NFO,2023-10-23,09:43:00,2023-11-13,0.1,0.1,0.1,0.1,0,0,1
FINNIFTY13NOV2321000CE.NFO,2023-10-23,09:44:00,2023-11-13,0.1,0.1,0.1,0.1,0,0,1
FINNIFTY13NOV2321000CE.NFO,2023-10-23,09:45:00,2023-11-13,0.1,0.1,0.1,0.1,0,0,1
FINNIFTY13NOV2321000CE.NFO,2023-10-23,09:46:00,2023-11-13,0.1,0.1,0.1,0.1,0,0,1
FINNIFTY13NOV2321000CE.NFO,2023-10-23,09:47:00,2023-11-13,0.1,0.1,0.1,0.1,0,0,1
FINNIFTY13NOV2321000CE.NFO,2023-10-23,09:48:00,2023-11-13,0.1,0.1,0.1,0.1,0,0,1
FINNIFTY13NOV2321000CE.NFO,2023-10-23,09:49:00,2023-11-13,0.1,0.1,0.1,0.1,0,0,1
FINNIFTY13NOV2321000CE.NFO,2023-10-23,09:50:00,2023-11-13,0.1,0.1,0.1,0.1,0,0,1
FINNIFTY13NOV2321000CE.NFO,2023-10-23,09:51:00,2023-11-13,0.1,0.1,0.1,0.1,0,0,1
FINNIFTY13NOV2321000CE.NFO,2023-10-23,09:52:00,2023-11-13,0.1,0.1,0.1,0.1,0,0,1
FINNIFTY13NOV2321000CE.NFO,2023-10-23,09:53:00,2023-11-13,0.1,0.1,0.1,0.1,0,0,1
FINNIFTY13NOV2321000CE.NFO,2023-10-23,09:54:00,2023-11-13,0.1,0.1,0.1,0.1,0,0,1
FINNIFTY13NOV2321000CE.NFO,2023-10-23,09:55:00,2023-11-13,0.1,0.1,0.1,0.1,0,0,1
FINNIFTY13NOV2321000CE.NFO,2023-10-23,09:56:00,2023-11-13,0.1,0.1,0.1,0.1,0,0,1
FINNIFTY13NOV2321000CE.NFO,2023-10-23,09:57:00,2023-11-13,0.1,0.1,0.1,0.1,0,0,1
FINNIFTY13NOV2321000CE.NFO,2023-10-23,09:58:00,2023-11-13,0.1,0.1,0.1,0.1,0,0,1
FINNIFTY13NOV2321000CE.NFO,2023-10-23,09:59:00,2023-11-13,0.1,0.1,0.1,0.1,0,0,1
FINNIFTY13NOV2321000CE.NFO,2023-10-23,10:00:00,2023-11-13,0.1,0.1,0.1,0.1,0,0,1
FINNIFTY13NOV2321000CE.NFO,2023-10-23,10:01:00,2023-11-13,0.1,0.1,0.1,0.1,0,0,1
FINNIFTY13NOV2321000CE.NFO,2023-10-23,10:02:00,2023-11-13,0.1,0.1,0.1,0.1,0,0,1
FINNIFTY13NOV2321000CE.NFO,2023-10-23,10:03:00,2023-11-13,0.1,0.1,0.1,0.1,0,0,1
FINNIFTY13NOV2321000CE.NFO,2023-10-23,10:04:00,2023-11-13,0.1,0.1,0.1,0.1,0,0,1
FINNIFTY13NOV2321000CE.NFO,2023-10-23,10:05:00,2023-11-13,0.1,0.1,0.1,0.1,0,0,1
FINNIFTY13NOV2321000CE.NFO,2023-10-23,10:06:00,2023-11-13,0.1,0.1,0.1,0.1,0,0,1
FINNIFTY13NOV2321000CE.NFO,2023-10-23,10:07:00,2023-11-13,0.1,0.1,0.1,0.1,0,0,1
FINNIFTY13NOV2321000CE.NFO,2023-10-23,10:08:00,2023-11-13,0.1,0.1,0.1,0.1,0,0,1
FINNIFTY13NOV2321000CE.NFO,2023-10-23,10:09:00,2023-11-13,0.1,0.1,0.1,0.1,0,0,1
FINNIFTY13NOV2321000CE.NFO,2023-10-23,10:10:00,2023-11-13,0.1,0.1,0.1,0.1,0,0,1
FINNIFTY13NOV2321000CE.NFO,2023-10-23,10:11:00,2023-11-13,0.1,0.1,0.1,0.1,0,0,1
FINNIFTY13NOV2321000CE.NFO,2023-10-23,10:12:00,2023-11-13,0.1,0.1,0.1,0.1,0,0,1
FINNIFTY13NOV2321000CE.NFO,2023-10-23,10:13:00,2023-11-13,0.1,0.1,0.1,0.1,0,0,1
FINNIFTY13NOV2321000CE.NFO,2023-10-23,10:14:00,2023-11-13,0.1,0.1,0.1,0.1,0,0,1
FINNIFTY13NOV2321000CE.NFO,2023-10-23,10:15:00,2023-11-13,0.1,0.1,0.1,0.1,0,0,1
FINNIFTY13NOV2321000CE.NFO,2023-10-23,10:16:00,2023-11-13,0.1,0.1,0.1,0.1,0,0,1
FINNIFTY13NOV2321000CE.NFO,2023-10-23,10:17:00,2023-11-13,0.1,0.1,0.1,0.1,0,0,1
FINNIFTY13NOV2321000CE.NFO,2023-10-23,10:18:00,2023-11-13,0.1,0.1,0.1,0.1,0,0,1
FINNIFTY13NOV2321000CE.NFO,2023-10-23,10:19:00,2023-11-13,0.1,0.1,0.1,0.1,0,0,1
FINNIFTY13NOV2321000CE.NFO,2023-10-23,10:20:00,2023-11-13,0.1,0.1,0.1,0.1,0,0,1
FINNIFTY13NOV2321000CE.NFO,2023-10-23,10:21:00,2023-11-13,0.1,0.1,0.1,0.1,0,0,1
FINNIFTY13NOV2321000CE.NFO,2023-10-23,10:22:00,2023-11-13,0.1,0.1,0.1,0.1,0,0,1
FINNIFTY13NOV2321000CE.NFO,2023-10-23,10:23:00,2023-11-13,0.1,0.1,0.1,0.1,0,0,1
FINNIFTY13NOV2321000CE.NFO,2023-10-23,10:24:00,2023-11-13,0.1,0.1,0.1,0.1,0,0,1
FINNIFTY13NOV2321000CE.NFO,2023-10-23,10:25:00,2023-11-13,0.1,0.1,0.1,0.1,0,0,1
FINNIFTY13NOV2321000CE.NFO,2023-10-23,10:26:00,2023-11-13,0.1,0.1,0.1,0.1,0,0,1
FINNIFTY13NOV2321000CE.NFO,2023-10-23,10:27:00,2023-11-13,0.1,0.1,0.1,0.1,0,0,1
FINNIFTY13NOV2321000CE.NFO,2023-10-23,10:28:00,2023-11-13,0.1,0.1,0.1,0.1,0,0,1
FINNIFTY13NOV2321000CE.NFO,2023-10-23,10:29:00,2023-11-13,0.1,0.1,0.1,0.1,0,0,1
FINNIFTY13NOV2321000CE.NFO,2023-10-23,10:30:00,2023-11-13,0.1,0.1,0.1,0.1,0,0,1
FINNIFTY13NOV2321000CE.NFO,2023-10-23,10:31:00,2023-11-13,0.1,0.1,0.1,0.1,0,0,1
FINNIFTY13NOV2321000CE.NFO,2023-10-23,10:32:00,2023-11-13,0.1,0.1,0.1,0.1,0,0,1
FINNIFTY13NOV2321000CE.NFO,2023-10-23,10:33:00,2023-11-13,0.1,0.1,0.1,0.1,0,0,1
FINNIFTY13NOV2321000CE.NFO,2023-10-23,10:34:00,2023-11-13,0.1,0.1,0.1,0.1,0,0,1
FINNIFTY13NOV2321000CE.NFO,2023-10-23,10:35:00,2023-11-13,0.1,0.1,0.1,0.1,0,0,1
FINNIFTY13NOV2321000CE.NFO,2023-10-23,10:36:00,2023-11-13,0.1,0.1,0.1,0.1,0,0,1
FINNIFTY13NOV2321000CE.NFO,2023-10-23,10:37:00,2023-11-13,0.1,0.1,0.1,0.1,0,0,1
FINNIFTY13NOV2321000CE.NFO,2023-10-23,10:38:00,2023-11-13,0.1,0.1,0.1,0.1,0,0,1
FINNIFTY13NOV2321000CE.NFO,2023-10-23,10:39:00,2023-11-13,0.1,0.1,0.1,0.1,0,0,1
FINNIFTY13NOV2321000CE.NFO,2023-10-23,10:40:00,2023-11-13,0.1,0.1,0.1,0.1,0,0,1
FINNIFTY13NOV2321000CE.NFO,2023-10-23,10:41:00,2023-11-13,0.1,0.1,0.1,0.1,0,0,1
FINNIFTY13NOV2321000CE.NFO,2023-10-23,10:42:00,2023-11-13,0.1,0.1,0.1,0.1,0,0,1
FINNIFTY13NOV2321000CE.NFO,2023-10-23,10:43:00,2023-11-13,0.1,0.1,0.1,0.1,0,0,1
FINNIFTY13NOV2321000CE.NFO,2023-10-23,10:44:00,2023-11-13,0.1,0.1,0.1,0.1,0,0,1
FINNIFTY13NOV2321000CE.NFO,2023-10-23,10:45:00,2023-11-13,0.1,0.1,0.1,0.1,0,0,1
FINNIFTY13NOV2321000CE.NFO,2023-10-23,10:46:00,2023-11-13,0.1,0.1,0.1,0.1,0,0,1
FINNIFTY13NOV2321000CE.NFO,2023-10-23,10:47:00,2023-11-13,0.1,0.1,0.1,0.1,0,0,1
FINNIFTY13NOV2321000CE.NFO,2023-10-23,10:48:00,2023-11-13,0.1,0.1,0.1,0.1,0,0,1
FINNIFTY13NOV2321000CE.NFO,2023-10-23,10:49:00,2023-11-13,0.1,0.1,0.1,0.1,0,0,1
FINNIFTY13NOV2321000CE.NFO,2023-10-23,10:50:00,2023-11-13,0.1,0.1,0.1,0.1,0,0,1
FINNIFTY13NOV2321000CE.NFO,2023-10-23,10:51:00,2023-11-13,0.1,0.1,0.1,0.1,0,0,1
FINNIFTY13NOV2321000CE.NFO,2023-10-23,10:52:00,2023-11-13,0.1,0.1,0.1,0.1,0,0,1
FINNIFTY13NOV2321000CE.NFO,2023-10-23,10:53:00,2023-11-13,0.1,0.1,0.1,0.1,0,0,1
FINNIFTY13NOV2321000CE.NFO,2023-10-23,10:54:00,2023-11-13,0.1,0.1,0.1,0.1,0,0,1
FINNIFTY13NOV2321000CE.NFO,2023-10-23,10:55:00,2023-11-13,0.1,0.1,0.1,0.1,0,0,1
FINNIFTY13NOV2321000CE.NFO,2023-10-23,10:56:00,2023-11-13,0.1,0.1,0.1,0.1,0,0,1
FINNIFTY13NOV2321000CE.NFO,2023-10-23,10:57:00,2023-11-13,0.1,0.1,0.1,0.1,0,0,1
FINNIFTY13NOV2321000CE.NFO,2023-10-23,10:58:00,2023-11-13,0.1,0.1,0.1,0.1,0,0,1
FINNIFTY13NOV2321000CE.NFO,2023-10-23,10:59:00,2023-11-13,0.1,0.1,0.1,0.1,0,0,1
FINNIFTY13NOV2321000CE.NFO,2023-10-23,11:00:00,2023-11-13,0.1,0.1,0.1,0.1,0,0,1
FINNIFTY13NOV2321000CE.NFO,2023-10-23,11:01:00,2023-11-13,0.1,0.1,0.1,0.1,0,0,1
FINNIFTY13NOV2321000CE.NFO,2023-10-23,11:02:00,2023-11-13,0.1,0.1,0.1,0.1,0,0,1
FINNIFTY13NOV2321000CE.NFO,2023-10-23,11:03:00,2023-11-13,0.1,0.1,0.1,0.1,0,0,1
FINNIFTY13NOV2321000CE.NFO,2023-10-23,11:04:00,2023-11-13,0.1,0.1,0.1,0.1,0,0,1
FINNIFTY13NOV2321000CE.NFO,2023-10-23,11:05:00,2023-11-13,0.1,0.1,0.1,0.1,0,0,1
FINNIFTY13NOV2321000CE.NFO,2023-10-23,11:06:00,2023-11-13,0.1,0.1,0.1,0.1,0,0,1
FINNIFTY13NOV2321000CE.NFO,2023-10-23,11:07:00,2023-11-13,0.1,0.1,0.1,0.1,0,0,1
FINNIFTY13NOV2321000CE.NFO,2023-10-23,11:08:00,2023-11-13,0.1,0.1,0.1,0.1,0,0,1
FINNIFTY13NOV2321000CE.NFO,2023-10-23,11:09:00,2023-11-13,0.1,0.1,0.1,0.1,0,0,1
FINNIFTY13NOV2321000CE.NFO,2023-10-23,11:10:00,2023-11-13,0.1,0.1,0.1,0.1,0,0,1
FINNIFTY13NOV2321000CE.NFO,2023-10-23,11:11:00,2023-11-13,0.1,0.1,0.1,0.1,0,0,1
FINNIFTY13NOV2321000CE.NFO,2023-10-23,11:12:00,2023-11-13,0.1,0.1,0.1,0.1,0,0,1
FINNIFTY13NOV2321000CE.NFO,2023-10-23,11:13:00,2023-11-13,0.1,0.1,0.1,0.1,0,0,1
FINNIFTY13NOV2321000CE.NFO,2023-10-23,11:14:00,2023-11-13,0.1,0.1,0.1,0.1,0,0,1
FINNIFTY13NOV2321000CE.NFO,2023-10-23,11:15:00,2023-11-13,0.1,0.1,0.1,0.1,0,0,1
FINNIFTY13NOV2321000CE.NFO,2023-10-23,11:16:00,2023-11-13,0.1,0.1,0.1,0.1,0,0,1
FINNIFTY13NOV2321000CE.NFO,2023-10-23,11:17:00,2023-11-13,0.1,0.1,0.1,0.1,0,0,1
FINNIFTY13NOV2321000CE.NFO,2023-10-23,11:18:00,2023-11-13,0.1,0.1,0.1,0.1,0,0,1
FINNIFTY13NOV2321000CE.NFO,2023-10-23,11:19:00,2023-11-13,0.1,0.1,0.1,0.1,0,0,1
FINNIFTY13NOV2321000CE.NFO,2023-10-23,11:20:00,2023-11-13,0.1,0.1,0.1,0.1,0,0,1
FINNIFTY13NOV2321000CE.NFO,2023-10-23,11:21:00,2023-11-13,0.1,0.1,0.1,0.1,0,0,1
FINNIFTY13NOV2321000CE.NFO,2023-10-23,11:22:00,2023-11-13,0.1,0.1,0.1,0.1,0,0,1
FINNIFTY13NOV2321000CE.NFO,2023-10-23,11:23:00,2023-11-13,0.1,0.1,0.1,0.1,0,0,1
FINNIFTY13NOV2321000CE.NFO,2023-10-23,11:24:00,2023-11-13,0.1,0.1,0.1,0.1,0,0,1
FINNIFTY13NOV2321000CE.NFO,2023-10-23,11:25:00,2023-11-13,0.1,0.1,0.1,0.1,0,0,1
FINNIFTY13NOV2321000CE.NFO,2023-10-23,11:26:00,2023-11-13,0.1,0.1,0.1,0.1,0,0,1
FINNIFTY13NOV2321000CE.NFO,2023-10-23,11:27:00,2023-11-13,0.1,0.1,0.1,0.1,0,0,1
FINNIFTY13NOV2321000CE.NFO,2023-10-23,11:28:00,2023-11-13,0.1,0.1,0.1,0.1,0,0,1
FINNIFTY13NOV2321000CE.NFO,2023-10-23,11:29:00,2023-11-13,0.1,0.1,0.1,0.1,0,0,1
FINNIFTY13NOV2321000CE.NFO,2023-10-23,11:30:00,2023-11-13,0.1,0.1,0.1,0.1,0,0,1
FINNIFTY13NOV2321000CE.NFO,2023-10-23,11:31:00,2023-11-13,0.1,0.1,0.1,0.1,0,0,1
FINNIFTY13NOV2321000CE.NFO,2023-10-23,11:32:00,2023-11-13,0.1,0.1,0.1,0.1,0,0,1
FINNIFTY13NOV2321000CE.NFO,2023-10-23,11:33:00,2023-11-13,0.1,0.1,0.1,0.1,0,0,1
FINNIFTY13NOV2321000CE.NFO,2023-10-23,11:34:00,2023-11-13,0.1,0.1,0.1,0.1,0,0,1
FINNIFTY13NOV2321000CE.NFO,2023-10-23,11:35:00,2023-11-13,0.1,0.1,0.1,0.1,0,0,1
FINNIFTY13NOV2321000CE.NFO,2023-10-23,11:36:00,2023-11-13,0.1,0.1,0.1,0.1,0,0,1
FINNIFTY13NOV2321000CE.NFO,2023-10-23,11:37:00,2023-11-13,0.1,0.1,0.1,0.1,0,0,1
FINNIFTY13NOV2321000CE.NFO,2023-10-23,11:38:00,2023-11-13,0.1,0.1,0.1,0.1,0,0,1
FINNIFTY13NOV2321000CE.NFO,2023-10-23,11:39:00,2023-11-13,0.1,0.1,0.1,0.1,0,0,1
FINNIFTY13NOV2321000CE.NFO,2023-10-23,11:40:00,2023-11-13,0.1,0.1,0.1,0.1,0,0,1
FINNIFTY13NOV2321000CE.NFO,2023-10-23,11:41:00,2023-11-13,0.1,0.1,0.1,0.1,0,0,1
FINNIFTY13NOV2321000CE.NFO,2023-10-23,11:42:00,2023-11-13,0.1,0.1,0.1,0.1,0,0,1
FINNIFTY13NOV2321000CE.NFO,2023-10-23,11:43:00,2023-11-13,0.1,0.1,0.1,0.1,0,0,1
FINNIFTY13NOV2321000CE.NFO,2023-10-23,11:44:00,2023-11-13,0.1,0.1,0.1,0.1,0,0,1
FINNIFTY13NOV2321000CE.NFO,2023-10-23,11:45:00,2023-11-13,0.1,0.1,0.1,0.1,0,0,1
FINNIFTY13NOV2321000CE.NFO,2023-10-23,11:46:00,2023-11-13,0.1,0.1,0.1,0.1,0,0,1
FINNIFTY13NOV2321000CE.NFO,2023-10-23,11:47:00,2023-11-13,0.1,0.1,0.1,0.1,0,0,1
FINNIFTY13NOV2321000CE.NFO,2023-10-23,11:48:00,2023-11-13,0.1,0.1,0.1,0.1,0,0,1
FINNIFTY13NOV2321000CE.NFO,2023-10-23,11:49:00,2023-11-13,0.1,0.1,0.1,0.1,0,0,1
FINNIFTY13NOV2321000CE.NFO,2023-10-23,11:50:00,2023-11-13,0.1,0.1,0.1,0.1,0,0,1
FINNIFTY13NOV2321000CE.NFO,2023-10-23,11:51:00,2023-11-13,0.1,0.1,0.1,0.1,0,0,1
FINNIFTY13NOV2321000CE.NFO,2023-10-23,11:52:00,2023-11-13,0.1,0.1,0.1,0.1,0,0,1
FINNIFTY13NOV2321000CE.NFO,2023-10-23,11:53:00,2023-11-13,0.1,0.1,0.1,0.1,0,0,1
FINNIFTY13NOV2321000CE.NFO,2023-10-23,11:54:00,2023-11-13,0.1,0.1,0.1,0.1,0,0,1
FINNIFTY13NOV2321000CE.NFO,2023-10-23,11:55:00,2023-11-13,0.1,0.1,0.1,0.1,0,0,1
FINNIFTY13NOV2321000CE.NFO,2023-10-23,11:56:00,2023-11-13,0.1,0.1,0.1,0.1,0,0,1
FINNIFTY13NOV2321000CE.NFO,2023-10-23,11:57:00,2023-11-13,0.1,0.1,0.1,0.1,0,0,1
FINNIFTY13NOV2321000CE.NFO,2023-10-23,11:58:00,2023-11-13,0.1,0.1,0.1,0.1,0,0,1
FINNIFTY13NOV2321000CE.NFO,2023-10-23,11:59:00,2023-11-13,0.1,0.1,0.1,0.1,0,0,1
FINNIFTY13NOV2321000CE.NFO,2023-10-23,12:00:00,2023-11-13,0.1,0.1,0.1,0.1,0,0,1
FINNIFTY13NOV2321000CE.NFO,2023-10-23,12:01:00,2023-11-13,0.1,0.1,0.1,0.1,0,0,1
FINNIFTY13NOV2321000CE.NFO,2023-10-23,12:02:00,2023-11-13,0.1,0.1,0.1,0.1,0,0,1
FINNIFTY13NOV2321000CE.NFO,2023-10-23,12:03:00,2023-11-13,0.1,0.1,0.1,0.1,0,0,1
FINNIFTY13NOV2321000CE.NFO,2023-10-23,12:04:00,2023-11-13,0.1,0.1,0.1,0.1,0,0,1
FINNIFTY13NOV2321000CE.NFO,2023-10-23,12:05:00,2023-11-13,0.1,0.1,0.1,0.1,0,0,1
FINNIFTY13NOV2321000CE.NFO,2023-10-23,12:06:00,2023-11-13,0.1,0.1,0.1,0.1,0,0,1
FINNIFTY13NOV2321000CE.NFO,2023-10-23,12:07:00,2023-11-13,0.1,0.1,0.1,0.1,0,0,1
FINNIFTY13NOV2321000CE.NFO,2023-10-23,12:08:00,2023-11-13,0.1,0.1,0.1,0.1,0,0,1
FINNIFTY13NOV2321000CE.NFO,2023-10-23,12:09:00,2023-11-13,0.1,0.1,0.1,0.1,0,0,1
FINNIFTY13NOV2321000CE.NFO,2023-10-23,12:10:00,2023-11-13,0.1,0.1,0.1,0.1,0,0,1
FINNIFTY13NOV2321000CE.NFO,2023-10-23,12:11:00,2023-11-13,0.1,0.1,0.1,0.1,0,0,1
FINNIFTY13NOV2321000CE.NFO,2023-10-23,12:12:00,2023-11-13,0.1,0.1,0.1,0.1,0,0,1
FINNIFTY13NOV2321000CE.NFO,2023-10-23,12:13:00,2023-11-13,0.1,0.1,0.1,0.1,0,0,1
FINNIFTY13NOV2321000CE.NFO,2023-10-23,12:14:00,2023-11-13,0.1,0.1,0.1,0.1,0,0,1
FINNIFTY13NOV2321000CE.NFO,2023-10-23,12:15:00,2023-11-13,0.1,0.1,0.1,0.1,0,0,1
FINNIFTY13NOV2321000CE.NFO,2023-10-23,12:16:00,2023-11-13,0.1,0.1,0.1,0.1,0,0,1
FINNIFTY13NOV2321000CE.NFO,2023-10-23,12:17:00,2023-11-13,0.1,0.1,0.1,0.1,0,0,1
FINNIFTY13NOV2321000CE.NFO,2023-10-23,12:18:00,2023-11-13,0.1,0.1,0.1,0.1,0,0,1
FINNIFTY13NOV2321000CE.NFO,2023-10-23,12:19:00,2023-11-13,0.1,0.1,0.1,0.1,0,0,1
FINNIFTY13NOV2321000CE.NFO,2023-10-23,12:20:00,2023-11-13,0.1,0.1,0.1,0.1,0,0,1
FINNIFTY13NOV2321000CE.NFO,2023-10-23,12:21:00,2023-11-13,0.1,0.1,0.1,0.1,0,0,1
FINNIFTY13NOV2321000CE.NFO,2023-10-23,12:22:00,2023-11-13,0.1,0.1,0.1,0.1,0,0,1
FINNIFTY13NOV2321000CE.NFO,2023-10-23,12:23:00,2023-11-13,0.1,0.1,0.1,0.1,0,0,1
FINNIFTY13NOV2321000CE.NFO,2023-10-23,12:24:00,2023-11-13,0.1,0.1,0.1,0.1,0,0,1
FINNIFTY13NOV2321000CE.NFO,2023-10-23,12:25:00,2023-11-13,0.1,0.1,0.1,0.1,0,0,1
FINNIFTY13NOV2321000CE.NFO,2023-10-23,12:26:00,2023-11-13,0.1,0.1,0.1,0.1,0,0,1
FINNIFTY13NOV2321000CE.NFO,2023-10-23,12:27:00,2023-11-13,0.1,0.1,0.1,0.1,0,0,1
FINNIFTY13NOV2321000CE.NFO,2023-10-23,12:28:00,2023-11-13,0.1,0.1,0.1,0.1,0,0,1
FINNIFTY13NOV2321000CE.NFO,2023-10-23,12:29:00,2023-11-13,0.1,0.1,0.1,0.1,0,0,1
FINNIFTY13NOV2321000CE.NFO,2023-10-23,12:30:00,2023-11-13,0.1,0.1,0.1,0.1,0,0,1
FINNIFTY13NOV2321000CE.NFO,2023-10-23,12:31:00,2023-11-13,0.1,0.1,0.1,0.1,0,0,1
FINNIFTY13NOV2321000CE.NFO,2023-10-23,12:32:00,2023-11-13,0.1,0.1,0.1,0.1,0,0,1
FINNIFTY13NOV2321000CE.NFO,2023-10-23,12:33:00,2023-11-13,0.1,0.1,0.1,0.1,0,0,1
FINNIFTY13NOV2321000CE.NFO,2023-10-23,12:34:00,2023-11-13,0.1,0.1,0.1,0.1,0,0,1
FINNIFTY13NOV2321000CE.NFO,2023-10-23,12:35:00,2023-11-13,0.1,0.1,0.1,0.1,0,0,1
FINNIFTY13NOV2321000CE.NFO,2023-10-23,12:36:00,2023-11-13,0.1,0.1,0.1,0.1,0,0,1
FINNIFTY13NOV2321000CE.NFO,2023-10-23,12:37:00,2023-11-13,0.1,0.1,0.1,0.1,0,0,1
FINNIFTY13NOV2321000CE.NFO,2023-10-23,12:38:00,2023-11-13,0.1,0.1,0.1,0.1,0,0,1
FINNIFTY13NOV2321000CE.NFO,2023-10-23,12:39:00,2023-11-13,0.1,0.1,0.1,0.1,0,0,1
FINNIFTY13NOV2321000CE.NFO,2023-10-23,12:40:00,2023-11-13,0.1,0.1,0.1,0.1,0,0,1
FINNIFTY13NOV2321000CE.NFO,2023-10-23,12:41:00,2023-11-13,0.1,0.1,0.1,0.1,0,0,1
FINNIFTY13NOV2321000CE.NFO,2023-10-23,12:42:00,2023-11-13,0.1,0.1,0.1,0.1,0,0,1
FINNIFTY13NOV2321000CE.NFO,2023-10-23,12:43:00,2023-11-13,0.1,0.1,0.1,0.1,0,0,1
FINNIFTY13NOV2321000CE.NFO,2023-10-23,12:44:00,2023-11-13,0.1,0.1,0.1,0.1,0,0,1
FINNIFTY13NOV2321000CE.NFO,2023-10-23,12:45:00,2023-11-13,0.1,0.1,0.1,0.1,0,0,1
FINNIFTY13NOV2321000CE.NFO,2023-10-23,12:46:00,2023-11-13,0.1,0.1,0.1,0.1,0,0,1
FINNIFTY13NOV2321000CE.NFO,2023-10-23,12:47:00,2023-11-13,0.1,0.1,0.1,0.1,0,0,1
FINNIFTY13NOV2321000CE.NFO,2023-10-23,12:48:00,2023-11-13,0.1,0.1,0.1,0.1,0,0,1
FINNIFTY13NOV2321000CE.NFO,2023-10-23,12:49:00,2023-11-13,0.1,0.1,0.1,0.1,0,0,1
FINNIFTY13NOV2321000CE.NFO,2023-10-23,12:50:00,2023-11-13,0.1,0.1,0.1,0.1,0,0,1
FINNIFTY13NOV2321000CE.NFO,2023-10-23,12:51:00,2023-11-13,0.1,0.1,0.1,0.1,0,0,1
FINNIFTY13NOV2321000CE.NFO,2023-10-23,12:52:00,2023-11-13,0.1,0.1,0.1,0.1,0,0,1
FINNIFTY13NOV2321000CE.NFO,2023-10-23,12:53:00,2023-11-13,0.1,0.1,0.1,0.1,0,0,1
FINNIFTY13NOV2321000CE.NFO,2023-10-23,12:54:00,2023-11-13,0.1,0.1,0.1,0.1,0,0,1
FINNIFTY13NOV2321000CE.NFO,2023-10-23,12:55:00,2023-11-13,0.1,0.1,0.1,0.1,0,0,1
FINNIFTY13NOV2321000CE.NFO,2023-10-23,12:56:00,2023-11-13,0.1,0.1,0.1,0.1,0,0,1
FINNIFTY13NOV2321000CE.NFO,2023-10-23,12:57:00,2023-11-13,0.1,0.1,0.1,0.1,0,0,1
FINNIFTY13NOV2321000CE.NFO,2023-10-23,12:58:00,2023-11-13,0.1,0.1,0.1,0.1,0,0,1
FINNIFTY13NOV2321000CE.NFO,2023-10-23,12:59:00,2023-11-13,0.1,0.1,0.1,0.1,0,0,1
FINNIFTY13NOV2321000CE.NFO,2023-10-23,13:00:00,2023-11-13,0.1,0.1,0.1,0.1,0,0,1
FINNIFTY13NOV2321000CE.NFO,2023-10-23,13:01:00,2023-11-13,0.1,0.1,0.1,0.1,0,0,1
FINNIFTY13NOV2321000CE.NFO,2023-10-23,13:02:00,2023-11-13,0.1,0.1,0.1,0.1,0,0,1
FINNIFTY13NOV2321000CE.NFO,2023-10-23,13:03:00,2023-11-13,0.1,0.1,0.1,0.1,0,0,1
FINNIFTY13NOV2321000CE.NFO,2023-10-23,13:04:00,2023-11-13,0.1,0.1,0.1,0.1,0,0,1
FINNIFTY13NOV2321000CE.NFO,2023-10-23,13:05:00,2023-11-13,0.1,0.1,0.1,0.1,0,0,1
FINNIFTY13NOV2321000CE.NFO,2023-10-23,13:06:00,2023-11-13,0.1,0.1,0.1,0.1,0,0,1
FINNIFTY13NOV2321000CE.NFO,2023-10-23,13:07:00,2023-11-13,0.1,0.1,0.1,0.1,0,0,1
FINNIFTY13NOV2321000CE.NFO,2023-10-23,13:08:00,2023-11-13,0.1,0.1,0.1,0.1,0,0,1
FINNIFTY13NOV2321000CE.NFO,2023-10-23,13:09:00,2023-11-13,0.1,0.1,0.1,0.1,0,0,1
FINNIFTY13NOV2321000CE.NFO,2023-10-23,13:10:00,2023-11-13,0.1,0.1,0.1,0.1,0,0,1
FINNIFTY13NOV2321000CE.NFO,2023-10-23,13:11:00,2023-11-13,0.1,0.1,0.1,0.1,0,0,1
FINNIFTY13NOV2321000CE.NFO,2023-10-23,13:12:00,2023-11-13,0.1,0.1,0.1,0.1,0,0,1
FINNIFTY13NOV2321000CE.NFO,2023-10-23,13:13:00,2023-11-13,0.1,0.1,0.1,0.1,0,0,1
FINNIFTY13NOV2321000CE.NFO,2023-10-23,13:14:00,2023-11-13,0.1,0.1,0.1,0.1,0,0,1
FINNIFTY13NOV2321000CE.NFO,2023-10-23,13:15:00,2023-11-13,0.1,0.1,0.1,0.1,0,0,1
FINNIFTY13NOV2321000CE.NFO,2023-10-23,13:16:00,2023-11-13,0.1,0.1,0.1,0.1,0,0,1
FINNIFTY13NOV2321000CE.NFO,2023-10-23,13:17:00,2023-11-13,0.1,0.1,0.1,0.1,0,0,1
FINNIFTY13NOV2321000CE.NFO,2023-10-23,13:18:00,2023-11-13,0.1,0.1,0.1,0.1,0,0,1
FINNIFTY13NOV2321000CE.NFO,2023-10-23,13:19:00,2023-11-13,0.1,0.1,0.1,0.1,0,0,1
FINNIFTY13NOV2321000CE.NFO,2023-10-23,13:20:00,2023-11-13,0.1,0.1,0.1,0.1,0,0,1
FINNIFTY13NOV2321000CE.NFO,2023-10-23,13:21:00,2023-11-13,0.1,0.1,0.1,0.1,0,0,1
FINNIFTY13NOV2321000CE.NFO,2023-10-23,13:22:00,2023-11-13,0.1,0.1,0.1,0.1,0,0,1
FINNIFTY13NOV2321000CE.NFO,2023-10-23,13:23:00,2023-11-13,0.1,0.1,0.1,0.1,0,0,1
FINNIFTY13NOV2321000CE.NFO,2023-10-23,13:24:00,2023-11-13,0.1,0.1,0.1,0.1,0,0,1
FINNIFTY13NOV2321000CE.NFO,2023-10-23,13:25:00,2023-11-13,0.1,0.1,0.1,0.1,0,0,1
FINNIFTY13NOV2321000CE.NFO,2023-10-23,13:26:00,2023-11-13,0.1,0.1,0.1,0.1,0,0,1
FINNIFTY13NOV2321000CE.NFO,2023-10-23,13:27:00,2023-11-13,0.1,0.1,0.1,0.1,0,0,1
FINNIFTY13NOV2321000CE.NFO,2023-10-23,13:28:00,2023-11-13,0.1,0.1,0.1,0.1,0,0,1
FINNIFTY13NOV2321000CE.NFO,2023-10-23,13:29:00,2023-11-13,0.1,0.1,0.1,0.1,0,0,1
FINNIFTY13NOV2321000CE.NFO,2023-10-23,13:30:00,2023-11-13,0.1,0.1,0.1,0.1,0,0,1
FINNIFTY13NOV2321000CE.NFO,2023-10-23,13:31:00,2023-11-13,0.1,0.1,0.1,0.1,0,0,1
FINNIFTY13NOV2321000CE.NFO,2023-10-23,13:32:00,2023-11-13,0.1,0.1,0.1,0.1,0,0,1
FINNIFTY13NOV2321000CE.NFO,2023-10-23,13:33:00,2023-11-13,0.1,0.1,0.1,0.1,0,0,1
FINNIFTY13NOV2321000CE.NFO,2023-10-23,13:34:00,2023-11-13,0.1,0.1,0.1,0.1,0,0,1
FINNIFTY13NOV2321000CE.NFO,2023-10-23,13:35:00,2023-11-13,0.1,0.1,0.1,0.1,0,0,1
FINNIFTY13NOV2321000CE.NFO,2023-10-23,13:36:00,2023-11-13,0.1,0.1,0.1,0.1,0,0,1
FINNIFTY13NOV2321000CE.NFO,2023-10-23,13:37:00,2023-11-13,0.1,0.1,0.1,0.1,0,0,1
FINNIFTY13NOV2321000CE.NFO,2023-10-23,13:38:00,2023-11-13,0.1,0.1,0.1,0.1,0,0,1
FINNIFTY13NOV2321000CE.NFO,2023-10-23,13:39:00,2023-11-13,0.1,0.1,0.1,0.1,0,0,1
FINNIFTY13NOV2321000CE.NFO,2023-10-23,13:40:00,2023-11-13,0.1,0.1,0.1,0.1,0,0,1
FINNIFTY13NOV2321000CE.NFO,2023-10-23,13:41:00,2023-11-13,0.1,0.1,0.1,0.1,0,0,1
FINNIFTY13NOV2321000CE.NFO,2023-10-23,13:42:00,2023-11-13,0.1,0.1,0.1,0.1,0,0,1
FINNIFTY13NOV2321000CE.NFO,2023-10-23,13:43:00,2023-11-13,0.1,0.1,0.1,0.1,0,0,1
FINNIFTY13NOV2321000CE.NFO,2023-10-23,13:44:00,2023-11-13,0.1,0.1,0.1,0.1,0,0,1
FINNIFTY13NOV2321000CE.NFO,2023-10-23,13:45:00,2023-11-13,0.1,0.1,0.1,0.1,0,0,1
FINNIFTY13NOV2321000CE.NFO,2023-10-23,13:46:00,2023-11-13,0.1,0.1,0.1,0.1,0,0,1
FINNIFTY13NOV2321000CE.NFO,2023-10-23,13:47:00,2023-11-13,0.1,0.1,0.1,0.1,0,0,1
FINNIFTY13NOV2321000CE.NFO,2023-10-23,13:48:00,2023-11-13,0.1,0.1,0.1,0.1,0,0,1
FINNIFTY13NOV2321000CE.NFO,2023-10-23,13:49:00,2023-11-13,0.1,0.1,0.1,0.1,0,0,1
FINNIFTY13NOV2321000CE.NFO,2023-10-23,13:50:00,2023-11-13,0.1,0.1,0.1,0.1,0,0,1
FINNIFTY13NOV2321000CE.NFO,2023-10-23,13:51:00,2023-11-13,0.1,0.1,0.1,0.1,0,0,1
FINNIFTY13NOV2321000CE.NFO,2023-10-23,13:52:00,2023-11-13,0.1,0.1,0.1,0.1,0,0,1
FINNIFTY13NOV2321000CE.NFO,2023-10-23,13:53:00,2023-11-13,0.1,0.1,0.1,0.1,0,0,1
FINNIFTY13NOV2321000CE.NFO,2023-10-23,13:54:00,2023-11-13,0.1,0.1,0.1,0.1,0,0,1
FINNIFTY13NOV2321000CE.NFO,2023-10-23,13:55:00,2023-11-13,0.1,0.1,0.1,0.1,0,0,1
FINNIFTY13NOV2321000CE.NFO,2023-10-23,13:56:00,2023-11-13,0.1,0.1,0.1,0.1,0,0,1
FINNIFTY13NOV2321000CE.NFO,2023-10-23,13:57:00,2023-11-13,0.1,0.1,0.1,0.1,0,0,1
FINNIFTY13NOV2321000CE.NFO,2023-10-23,13:58:00,2023-11-13,0.1,0.1,0.1,0.1,0,0,1
FINNIFTY13NOV2321000CE.NFO,2023-10-23,13:59:00,2023-11-13,0.1,0.1,0.1,0.1,0,0,1
FINNIFTY13NOV2321000CE.NFO,2023-10-23,14:00:00,2023-11-13,0.1,0.1,0.1,0.1,0,0,1
FINNIFTY13NOV2321000CE.NFO,2023-10-23,14:01:00,2023-11-13,0.1,0.1,0.1,0.1,0,0,1
FINNIFTY13NOV2321000CE.NFO,2023-10-23,14:02:00,2023-11-13,0.1,0.1,0.1,0.1,0,0,1
FINNIFTY13NOV2321000CE.NFO,2023-10-23,14:03:00,2023-11-13,0.1,0.1,0.1,0.1,0,0,1
FINNIFTY13NOV2321000CE.NFO,2023-10-23,14:04:00,2023-11-13,0.1,0.1,0.1,0.1,0,0,1
FINNIFTY13NOV2321000CE.NFO,2023-10-23,14:05:00,2023-11-13,0.1,0.1,0.1,0.1,0,0,1
FINNIFTY13NOV2321000CE.NFO,2023-10-23,14:06:00,2023-11-13,0.1,0.1,0.1,0.1,0,0,1
FINNIFTY13NOV2321000CE.NFO,2023-10-23,14:07:00,2023-11-13,0.1,0.1,0.1,0.1,0,0,1
FINNIFTY13NOV2321000CE.NFO,2023-10-23,14:08:00,2023-11-13,0.1,0.1,0.1,0.1,0,0,1
FINNIFTY13NOV2321000CE.NFO,2023-10-23,14:09:00,2023-11-13,0.1,0.1,0.1,0.1,0,0,1
FINNIFTY13NOV2321000CE.NFO,2023-10-23,14:10:00,2023-11-13,0.1,0.1,0.1,0.1,0,0,1
FINNIFTY13NOV2321000CE.NFO,2023-10-23,14:11:00,2023-11-13,0.1,0.1,0.1,0.1,0,0,1
FINNIFTY13NOV2321000CE.NFO,2023-10-23,14:12:00,2023-11-13,0.1,0.1,0.1,0.1,0,0,1
FINNIFTY13NOV2321000CE.NFO,2023-10-23,14:13:00,2023-11-13,0.1,0.1,0.1,0.1,0,0,1
FINNIFTY13NOV2321000CE.NFO,2023-10-23,14:14:00,2023-11-13,0.1,0.1,0.1,0.1,0,0,1
FINNIFTY13NOV2321000CE.NFO,2023-10-23,14:15:00,2023-11-13,0.1,0.1,0.1,0.1,0,0,1
FINNIFTY13NOV2321000CE.NFO,2023-10-23,14:16:00,2023-11-13,0.1,0.1,0.1,0.1,0,0,1
FINNIFTY13NOV2321000CE.NFO,2023-10-23,14:17:00,2023-11-13,0.1,0.1,0.1,0.1,0,0,1
FINNIFTY13NOV2321000CE.NFO,2023-10-23,14:18:00,2023-11-13,0.1,0.1,0.1,0.1,0,0,1
FINNIFTY13NOV2321000CE.NFO,2023-10-23,14:19:00,2023-11-13,0.1,0.1,0.1,0.1,0,0,1
FINNIFTY13NOV2321000CE.NFO,2023-10-23,14:20:00,2023-11-13,0.1,0.1,0.1,0.1,0,0,1
FINNIFTY13NOV2321000CE.NFO,2023-10-23,14:21:00,2023-11-13,0.1,0.1,0.1,0.1,0,0,1
FINNIFTY13NOV2321000CE.NFO,2023-10-23,14:22:00,2023-11-13,0.1,0.1,0.1,0.1,0,0,1
FINNIFTY13NOV2321000CE.NFO,2023-10-23,14:23:00,2023-11-13,0.1,0.1,0.1,0.1,0,0,1
FINNIFTY13NOV2321000CE.NFO,2023-10-23,14:24:00,2023-11-13,0.1,0.1,0.1,0.1,0,0,1
FINNIFTY13NOV2321000CE.NFO,2023-10-23,14:25:00,2023-11-13,0.1,0.1,0.1,0.1,0,0,1
FINNIFTY13NOV2321000CE.NFO,2023-10-23,14:26:00,2023-11-13,0.1,0.1,0.1,0.1,0,0,1
FINNIFTY13NOV2321000CE.NFO,2023-10-23,14:27:00,2023-11-13,0.1,0.1,0.1,0.1,0,0,1
FINNIFTY13NOV2321000CE.NFO,2023-10-23,14:28:00,2023-11-13,0.1,0.1,0.1,0.1,0,0,1
FINNIFTY13NOV2321000CE.NFO,2023-10-23,14:29:00,2023-11-13,0.1,0.1,0.1,0.1,0,0,1
FINNIFTY13NOV2321000CE.NFO,2023-10-23,14:30:00,2023-11-13,0.1,0.1,0.1,0.1,0,0,1
FINNIFTY13NOV2321000CE.NFO,2023-10-23,14:31:00,2023-11-13,0.1,0.1,0.1,0.1,0,0,1
FINNIFTY13NOV2321000CE.NFO,2023-10-23,14:32:00,2023-11-13,0.1,0.1,0.1,0.1,0,0,1
FINNIFTY13NOV2321000CE.NFO,2023-10-23,14:33:00,2023-11-13,0.1,0.1,0.1,0.1,0,0,1
FINNIFTY13NOV2321000CE.NFO,2023-10-23,14:34:00,2023-11-13,0.1,0.1,0.1,0.1,0,0,1
FINNIFTY13NOV2321000CE.NFO,2023-10-23,14:35:00,2023-11-13,0.1,0.1,0.1,0.1,0,0,1
FINNIFTY13NOV2321000CE.NFO,2023-10-23,14:36:00,2023-11-13,0.1,0.1,0.1,0.1,0,0,1
FINNIFTY13NOV2321000CE.NFO,2023-10-23,14:37:00,2023-11-13,0.1,0.1,0.1,0.1,0,0,1
FINNIFTY13NOV2321000CE.NFO,2023-10-23,14:38:00,2023-11-13,0.1,0.1,0.1,0.1,0,0,1
FINNIFTY13NOV2321000CE.NFO,2023-10-23,14:39:00,2023-11-13,0.1,0.1,0.1,0.1,0,0,1
FINNIFTY13NOV2321000CE.NFO,2023-10-23,14:40:00,2023-11-13,0.1,0.1,0.1,0.1,0,0,1
FINNIFTY13NOV2321000CE.NFO,2023-10-23,14:41:00,2023-11-13,0.1,0.1,0.1,0.1,0,0,1
FINNIFTY13NOV2321000CE.NFO,2023-10-23,14:42:00,2023-11-13,0.1,0.1,0.1,0.1,0,0,1
FINNIFTY13NOV2321000CE.NFO,2023-10-23,14:43:00,2023-11-13,0.1,0.1,0.1,0.1,0,0,1
FINNIFTY13NOV2321000CE.NFO,2023-10-23,14:44:00,2023-11-13,0.1,0.1,0.1,0.1,0,0,1
FINNIFTY13NOV2321000CE.NFO,2023-10-23,14:45:00,2023-11-13,0.1,0.1,0.1,0.1,0,0,1
FINNIFTY13NOV2321000CE.NFO,2023-10-23,14:46:00,2023-11-13,0.1,0.1,0.1,0.1,0,0,1
FINNIFTY13NOV2321000CE.NFO,2023-10-23,14:47:00,2023-11-13,0.1,0.1,0.1,0.1,0,0,1
FINNIFTY13NOV2321000CE.NFO,2023-10-23,14:48:00,2023-11-13,0.1,0.1,0.1,0.1,0,0,1
FINNIFTY13NOV2321000CE.NFO,2023-10-23,14:49:00,2023-11-13,0.1,0.1,0.1,0.1,0,0,1
FINNIFTY13NOV2321000CE.NFO,2023-10-23,14:50:00,2023-11-13,0.1,0.1,0.1,0.1,0,0,1
FINNIFTY13NOV2321000CE.NFO,2023-10-23,14:51:00,2023-11-13,0.1,0.1,0.1,0.1,0,0,1
FINNIFTY13NOV2321000CE.NFO,2023-10-23,14:52:00,2023-11-13,0.1,0.1,0.1,0.1,0,0,1
FINNIFTY13NOV2321000CE.NFO,2023-10-23,14:53:00,2023-11-13,0.1,0.1,0.1,0.1,0,0,1
FINNIFTY13NOV2321000CE.NFO,2023-10-23,14:54:00,2023-11-13,0.1,0.1,0.1,0.1,0,0,1
FINNIFTY13NOV2321000CE.NFO,2023-10-23,14:55:00,2023-11-13,0.1,0.1,0.1,0.1,0,0,1
FINNIFTY13NOV2321000CE.NFO,2023-10-23,14:56:00,2023-11-13,0.1,0.1,0.1,0.1,0,0,1
FINNIFTY13NOV2321000CE.NFO,2023-10-23,14:57:00,2023-11-13,0.1,0.1,0.1,0.1,0,0,1
FINNIFTY13NOV2321000CE.NFO,2023-10-23,14:58:00,2023-11-13,0.1,0.1,0.1,0.1,0,0,1
FINNIFTY13NOV2321000CE.NFO,2023-10-23,14:59:00,2023-11-13,0.1,0.1,0.1,0.1,0,0,1
FINNIFTY13NOV2321000CE.NFO,2023-10-23,15:00:00,2023-11-13,0.1,0.1,0.1,0.1,0,0,1
FINNIFTY13NOV2321000CE.NFO,2023-10-23,15:01:00,2023-11-13,0.1,0.1,0.1,0.1,0,0,1
FINNIFTY13NOV2321000CE.NFO,2023-10-23,15:02:00,2023-11-13,0.1,0.1,0.1,0.1,0,0,1
FINNIFTY13NOV2321000CE.NFO,2023-10-23,15:03:00,2023-11-13,0.1,0.1,0.1,0.1,0,0,1
FINNIFTY13NOV2321000CE.NFO,2023-10-23,15:04:00,2023-11-13,0.1,0.1,0.1,0.1,0,0,1
FINNIFTY13NOV2321000CE.NFO,2023-10-23,15:05:00,2023-11-13,0.1,0.1,0.1,0.1,0,0,1
FINNIFTY13NOV2321000CE.NFO,2023-10-23,15:06:00,2023-11-13,0.1,0.1,0.1,0.1,0,0,1
FINNIFTY13NOV2321000CE.NFO,2023-10-23,15:07:00,2023-11-13,0.1,0.1,0.1,0.1,0,0,1
FINNIFTY13NOV2321000CE.NFO,2023-10-23,15:08:00,2023-11-13,0.1,0.1,0.1,0.1,0,0,1
FINNIFTY13NOV2321000CE.NFO,2023-10-23,15:09:00,2023-11-13,0.1,0.1,0.1,0.1,0,0,1
FINNIFTY13NOV2321000CE.NFO,2023-10-23,15:10:00,2023-11-13,0.1,0.1,0.1,0.1,0,0,1
FINNIFTY13NOV2321000CE.NFO,2023-10-23,15:11:00,2023-11-13,0.1,0.1,0.1,0.1,0,0,1
FINNIFTY13NOV2321000CE.NFO,2023-10-23,15:12:00,2023-11-13,0.1,0.1,0.1,0.1,0,0,1
FINNIFTY13NOV2321000CE.NFO,2023-10-23,15:13:00,2023-11-13,0.1,0.1,0.1,0.1,0,0,1
FINNIFTY13NOV2321000CE.NFO,2023-10-23,15:14:00,2023-11-13,0.1,0.1,0.1,0.1,0,0,1
FINNIFTY13NOV2321000CE.NFO,2023-10-23,15:15:00,2023-11-13,0.1,0.1,0.1,0.1,0,0,1
FINNIFTY13NOV2321000CE.NFO,2023-10-23,15:16:00,2023-11-13,0.1,0.1,0.1,0.1,0,0,1
FINNIFTY13NOV2321000CE.NFO,2023-10-23,15:17:00,2023-11-13,0.1,0.1,0.1,0.1,0,0,1
FINNIFTY13NOV2321000CE.NFO,2023-10-23,15:18:00,2023-11-13,0.1,0.1,0.1,0.1,0,0,1
FINNIFTY13NOV2321000CE.NFO,2023-10-23,15:19:00,2023-11-13,0.1,0.1,0.1,0.1,0,0,1
FINNIFTY13NOV2321000CE.NFO,2023-10-23,15:20:00,2023-11-13,0.1,0.1,0.1,0.1,0,0,1
FINNIFTY13NOV2321000CE.NFO,2023-10-23,15:21:00,2023-11-13,0.1,0.1,0.1,0.1,0,0,1
FINNIFTY13NOV2321000CE.NFO,2023-10-23,15:22:00,2023-11-13,0.1,0.1,0.1,0.1,0,0,1
FINNIFTY13NOV2321000CE.NFO,2023-10-23,15:23:00,2023-11-13,0.1,0.1,0.1,0.1,0,0,1
FINNIFTY13NOV2321000CE.NFO,2023-10-23,15:24:00,2023-11-13,0.1,0.1,0.1,0.1,0,0,1
FINNIFTY13NOV2321000CE.NFO,2023-10-23,15:25:00,2023-11-13,0.1,0.1,0.1,0.1,0,0,1
FINNIFTY13NOV2321000CE.NFO,2023-10-23,15:26:00,2023-11-13,0.1,0.1,0.1,0.1,0,0,1
FINNIFTY13NOV2321000CE.NFO,2023-10-23,15:27:00,2023-11-13,0.1,0.1,0.1,0.1,0,0,1
FINNIFTY13NOV2321000CE.NFO,2023-10-23,15:28:00,2023-11-13,0.1,0.1,0.1,0.1,0,0,1
FINNIFTY13NOV2321000CE.NFO,2023-10-23,15:29:00,2023-11-13,0.1,0.1,0.1,0.1,0,0,1
FINNIFTY13NOV2321000CE.NFO,2023-10-23,15:30:00,2023-11-13,0.1,0.1,0.1,0.1,0,0,1
FINNIFTY13NOV2321000CE.NFO,2023-10-27,09:15:00,2023-11-13,6.45,6.45,6.45,6.45,1200,0,1
FINNIFTY13NOV2321000CE.NFO,2023-10-27,09:16:00,2023-11-13,6.45,6.45,6.45,6.45,1200,0,1
FINNIFTY13NOV2321000CE.NFO,2023-10-27,09:17:00,2023-11-13,6.45,6.45,6.45,6.45,1200,0,1
FINNIFTY13NOV2321000CE.NFO,2023-10-27,09:18:00,2023-11-13,6.45,6.45,6.45,6.45,1200,0,1
FINNIFTY13NOV2321000CE.NFO,2023-10-27,09:19:00,2023-11-13,6.45,6.45,6.45,6.45,1200,0,1
FINNIFTY13NOV2321000CE.NFO,2023-10-27,09:20:00,2023-11-13,6.45,6.45,6.45,6.45,1200,0,1
FINNIFTY13NOV2321000CE.NFO,2023-10-27,09:21:00,2023-11-13,6.45,6.45,6.45,6.45,1200,0,1
FINNIFTY13NOV2321000CE.NFO,2023-10-27,09:22:00,2023-11-13,6.45,6.45,6.45,6.45,1200,0,1
FINNIFTY13NOV2321000CE.NFO,2023-10-27,09:23:00,2023-11-13,6.45,6.45,6.45,6.45,1200,0,1
FINNIFTY13NOV2321000CE.NFO,2023-10-27,09:24:00,2023-11-13,6.45,6.45,6.45,6.45,1200,0,1
FINNIFTY13NOV2321000CE.NFO,2023-10-27,09:25:00,2023-11-13,6.45,6.45,6.45,6.45,1200,0,1
FINNIFTY13NOV2321000CE.NFO,2023-10-27,09:26:00,2023-11-13,6.45,6.45,6.45,6.45,1200,0,1
FINNIFTY13NOV2321000CE.NFO,2023-10-27,09:27:00,2023-11-13,6.45,6.45,6.45,6.45,1200,0,1
FINNIFTY13NOV2321000CE.NFO,2023-10-27,09:28:00,2023-11-13,6.45,6.45,6.45,6.45,1200,0,1
FINNIFTY13NOV2321000CE.NFO,2023-10-27,09:29:00,2023-11-13,6.45,6.45,6.45,6.45,1200,0,1
FINNIFTY13NOV2321000CE.NFO,2023-10-27,09:30:00,2023-11-13,6.45,6.45,6.45,6.45,1200,0,1
FINNIFTY13NOV2321000CE.NFO,2023-10-27,09:31:00,2023-11-13,6.45,6.45,6.45,6.45,1200,0,1
FINNIFTY13NOV2321000CE.NFO,2023-10-27,09:32:00,2023-11-13,6.45,6.45,6.45,6.45,1200,0,1
FINNIFTY13NOV2321000CE.NFO,2023-10-27,09:33:00,2023-11-13,6.45,6.45,6.45,6.45,1200,0,1
FINNIFTY13NOV2321000CE.NFO,2023-10-27,09:34:00,2023-11-13,6.45,6.45,6.45,6.45,1200,0,1
FINNIFTY13NOV2321000CE.NFO,2023-10-27,09:35:00,2023-11-13,6.45,6.45,6.45,6.45,1200,0,1
FINNIFTY13NOV2321000CE.NFO,2023-10-27,09:36:00,2023-11-13,6.45,6.45,6.45,6.45,1200,0,1
FINNIFTY13NOV2321000CE.NFO,2023-10-27,09:37:00,2023-11-13,6.45,6.45,6.45,6.45,1200,0,1
FINNIFTY13NOV2321000CE.NFO,2023-10-27,09:38:00,2023-11-13,6.45,6.45,6.45,6.45,1200,0,1
FINNIFTY13NOV2321000CE.NFO,2023-10-27,09:39:00,2023-11-13,6.45,6.45,6.45,6.45,1200,0,1
FINNIFTY13NOV2321000CE.NFO,2023-10-27,09:40:00,2023-11-13,6.45,6.45,6.45,6.45,1200,0,1
FINNIFTY13NOV2321000CE.NFO,2023-10-27,09:41:00,2023-11-13,6.45,6.45,6.45,6.45,1200,0,1
FINNIFTY13NOV2321000CE.NFO,2023-10-27,09:42:00,2023-11-13,6.45,6.45,6.45,6.45,1200,0,1
FINNIFTY13NOV2321000CE.NFO,2023-10-27,09:43:00,2023-11-13,6.45,6.45,6.45,6.45,1200,0,1
FINNIFTY13NOV2321000CE.NFO,2023-10-27,09:44:00,2023-11-13,6.45,6.45,6.45,6.45,1200,0,1
FINNIFTY13NOV2321000CE.NFO,2023-10-27,09:45:00,2023-11-13,6.45,6.45,6.45,6.45,1200,0,1
FINNIFTY13NOV2321000CE.NFO,2023-10-27,09:46:00,2023-11-13,6.45,6.45,6.45,6.45,1200,0,1
FINNIFTY13NOV2321000CE.NFO,2023-10-27,09:47:00,2023-11-13,6.45,6.45,6.45,6.45,1200,0,1
FINNIFTY13NOV2321000CE.NFO,2023-10-27,09:48:00,2023-11-13,6.45,6.45,6.45,6.45,1200,0,1
FINNIFTY13NOV2321000CE.NFO,2023-10-27,09:49:00,2023-11-13,6.45,6.45,6.45,6.45,1200,0,1
FINNIFTY13NOV2321000CE.NFO,2023-10-27,09:50:00,2023-11-13,6.45,6.45,6.45,6.45,1200,0,1
FINNIFTY13NOV2321000CE.NFO,2023-10-27,09:51:00,2023-11-13,6.45,6.45,6.45,6.45,1200,0,1
FINNIFTY13NOV2321000CE.NFO,2023-10-27,09:52:00,2023-11-13,6.45,6.45,6.45,6.45,1200,0,1
FINNIFTY13NOV2321000CE.NFO,2023-10-27,09:53:00,2023-11-13,6.45,6.45,6.45,6.45,1200,0,1
FINNIFTY13NOV2321000CE.NFO,2023-10-27,09:54:00,2023-11-13,6.45,6.45,6.45,6.45,1200,0,1
FINNIFTY13NOV2321000CE.NFO,2023-10-27,09:55:00,2023-11-13,6.45,6.45,6.45,6.45,1200,0,1
FINNIFTY13NOV2321000CE.NFO,2023-10-27,09:56:00,2023-11-13,6.45,6.45,6.45,6.45,1200,0,1
FINNIFTY13NOV2321000CE.NFO,2023-10-27,09:57:00,2023-11-13,6.45,6.45,6.45,6.45,1200,0,1
FINNIFTY13NOV2321000CE.NFO,2023-10-27,09:58:00,2023-11-13,6.45,6.45,6.45,6.45,1200,0,1
FINNIFTY13NOV2321000CE.NFO,2023-10-27,09:59:00,2023-11-13,6.45,6.45,6.45,6.45,1200,0,1
FINNIFTY13NOV2321000CE.NFO,2023-10-27,10:00:00,2023-11-13,6.45,6.45,6.45,6.45,1200,0,1
FINNIFTY13NOV2321000CE.NFO,2023-10-27,10:01:00,2023-11-13,6.45,6.45,6.45,6.45,1200,0,1
FINNIFTY13NOV2321000CE.NFO,2023-10-27,10:02:00,2023-11-13,6.45,6.45,6.45,6.45,1200,0,1
FINNIFTY13NOV2321000CE.NFO,2023-10-27,10:03:00,2023-11-13,6.45,6.45,6.45,6.45,1200,0,1
FINNIFTY13NOV2321000CE.NFO,2023-10-27,10:04:00,2023-11-13,6.45,6.45,6.45,6.45,1200,0,1
FINNIFTY13NOV2321000CE.NFO,2023-10-27,10:05:00,2023-11-13,6.45,6.45,6.45,6.45,1200,0,1
FINNIFTY13NOV2321000CE.NFO,2023-10-27,10:06:00,2023-11-13,6.45,6.45,6.45,6.45,1200,0,1
FINNIFTY13NOV2321000CE.NFO,2023-10-27,10:07:00,2023-11-13,7.0,7.0,6.45,6.45,1200,0,0
FINNIFTY13NOV2321000CE.NFO,2023-10-27,10:08:00,2023-11-13,6.45,6.45,5.6,5.6,2160,1840,0
FINNIFTY13NOV2321000CE.NFO,2023-10-27,10:09:00,2023-11-13,5.6,5.9,5.6,5.9,200,1840,0
FINNIFTY13NOV2321000CE.NFO,2023-10-27,10:10:00,2023-11-13,5.9,5.9,5.9,5.9,0,1840,0
FINNIFTY13NOV2321000CE.NFO,2023-10-27,10:11:00,2023-11-13,5.9,6.05,5.9,6.05,80,3080,0
FINNIFTY13NOV2321000CE.NFO,2023-10-27,10:12:00,2023-11-13,6.05,6.05,6.05,6.05,0,3080,0
FINNIFTY13NOV2321000CE.NFO,2023-10-27,10:13:00,2023-11-13,6.05,6.05,6.05,6.05,80,3080,0
FINNIFTY13NOV2321000CE.NFO,2023-10-27,10:14:00,2023-11-13,6.05,6.1,6.05,6.1,80,2920,0
FINNIFTY13NOV2321000CE.NFO,2023-10-27,10:15:00,2023-11-13,6.1,6.1,6.1,6.1,40,2920,0
FINNIFTY13NOV2321000CE.NFO,2023-10-27,10:16:00,2023-11-13,6.1,6.1,6.1,6.1,40,2920,0
FINNIFTY13NOV2321000CE.NFO,2023-10-27,10:17:00,2023-11-13,6.1,6.1,6.1,6.1,40,2920,1
FINNIFTY13NOV2321000CE.NFO,2023-10-27,10:18:00,2023-11-13,6.1,6.1,6.1,6.1,0,2920,0
FINNIFTY13NOV2321000CE.NFO,2023-10-27,10:19:00,2023-11-13,6.1,6.1,6.1,6.1,0,2920,1
FINNIFTY13NOV2321000CE.NFO,2023-10-27,10:20:00,2023-11-13,6.1,6.1,6.1,6.1,80,2720,0
FINNIFTY13NOV2321000CE.NFO,2023-10-27,10:21:00,2023-11-13,6.1,6.1,6.1,6.1,0,2720,0
FINNIFTY13NOV2321000CE.NFO,2023-10-27,10:22:00,2023-11-13,6.1,6.1,6.1,6.1,0,2720,1
FINNIFTY13NOV2321000CE.NFO,2023-10-27,10:23:00,2023-11-13,6.1,6.1,6.1,6.1,0,2720,0
FINNIFTY13NOV2321000CE.NFO,2023-10-27,10:24:00,2023-11-13,6.1,6.1,6.1,6.1,0,2720,0
FINNIFTY13NOV2321000CE.NFO,2023-10-27,10:25:00,2023-11-13,6.1,6.1,6.0,6.0,80,2680,0
FINNIFTY13NOV2321000CE.NFO,2023-10-27,10:26:00,2023-11-13,6.0,6.0,6.0,6.0,40,2680,0
FINNIFTY13NOV2321000CE.NFO,2023-10-27,10:27:00,2023-11-13,6.0,6.0,6.0,6.0,40,2680,1
FINNIFTY13NOV2321000CE.NFO,2023-10-27,10:28:00,2023-11-13,6.0,6.0,6.0,6.0,0,2680,0
FINNIFTY13NOV2321000CE.NFO,2023-10-27,10:29:00,2023-11-13,6.0,6.0,6.0,6.0,0,2680,0
FINNIFTY13NOV2321000CE.NFO,2023-10-27,10:30:00,2023-11-13,6.0,6.0,6.0,6.0,0,2680,1
FINNIFTY13NOV2321000CE.NFO,2023-10-27,10:31:00,2023-11-13,6.0,6.0,6.0,6.0,0,2680,1
FINNIFTY13NOV2321000CE.NFO,2023-10-27,10:32:00,2023-11-13,6.0,6.0,6.0,6.0,0,2680,1
FINNIFTY13NOV2321000CE.NFO,2023-10-27,10:33:00,2023-11-13,6.0,6.0,6.0,6.0,0,2680,1
FINNIFTY13NOV2321000CE.NFO,2023-10-27,10:34:00,2023-11-13,6.0,6.0,6.0,6.0,0,2680,0
FINNIFTY13NOV2321000CE.NFO,2023-10-27,10:35:00,2023-11-13,6.0,6.0,6.0,6.0,0,2680,1
FINNIFTY13NOV2321000CE.NFO,2023-10-27,10:36:00,2023-11-13,6.0,6.0,6.0,6.0,0,2680,1
FINNIFTY13NOV2321000CE.NFO,2023-10-27,10:37:00,2023-11-13,6.0,6.0,6.0,6.0,0,2680,1
FINNIFTY13NOV2321000CE.NFO,2023-10-27,10:38:00,2023-11-13,6.0,6.0,6.0,6.0,0,2680,1
FINNIFTY13NOV2321000CE.NFO,2023-10-27,10:39:00,2023-11-13,6.0,6.0,6.0,6.0,0,2680,1
FINNIFTY13NOV2321000CE.NFO,2023-10-27,10:40:00,2023-11-13,6.0,6.0,6.0,6.0,0,2680,1
FINNIFTY13NOV2321000CE.NFO,2023-10-27,10:41:00,2023-11-13,6.0,6.0,6.0,6.0,0,2680,0
FINNIFTY13NOV2321000CE.NFO,2023-10-27,10:42:00,2023-11-13,6.0,6.0,6.0,6.0,0,2680,1
FINNIFTY13NOV2321000CE.NFO,2023-10-27,10:43:00,2023-11-13,6.0,6.0,6.0,6.0,0,2680,1
FINNIFTY13NOV2321000CE.NFO,2023-10-27,10:44:00,2023-11-13,6.0,6.0,6.0,6.0,0,2680,1
FINNIFTY13NOV2321000CE.NFO,2023-10-27,10:45:00,2023-11-13,6.0,6.0,6.0,6.0,0,2680,0
FINNIFTY13NOV2321000CE.NFO,2023-10-27,10:46:00,2023-11-13,6.0,6.0,6.0,6.0,0,2680,0
FINNIFTY13NOV2321000CE.NFO,2023-10-27,10:47:00,2023-11-13,6.0,6.0,6.0,6.0,0,2680,0
FINNIFTY13NOV2321000CE.NFO,2023-10-27,10:48:00,2023-11-13,6.0,6.0,6.0,6.0,0,2680,0
FINNIFTY13NOV2321000CE.NFO,2023-10-27,10:49:00,2023-11-13,6.0,6.0,6.0,6.0,0,2680,1
FINNIFTY13NOV2321000CE.NFO,2023-10-27,10:50:00,2023-11-13,6.0,6.0,6.0,6.0,0,2680,1
FINNIFTY13NOV2321000CE.NFO,2023-10-27,10:51:00,2023-11-13,6.0,6.0,6.0,6.0,0,2680,1
FINNIFTY13NOV2321000CE.NFO,2023-10-27,10:52:00,2023-11-13,6.0,6.0,6.0,6.0,0,2680,1
FINNIFTY13NOV2321000CE.NFO,2023-10-27,10:53:00,2023-11-13,6.0,6.0,6.0,6.0,0,2680,1
FINNIFTY13NOV2321000CE.NFO,2023-10-27,10:54:00,2023-11-13,6.0,6.0,6.0,6.0,0,2680,0
FINNIFTY13NOV2321000CE.NFO,2023-10-27,10:55:00,2023-11-13,6.0,6.0,6.0,6.0,0,2680,1
FINNIFTY13NOV2321000CE.NFO,2023-10-27,10:56:00,2023-11-13,6.0,6.0,6.0,6.0,0,2680,0
FINNIFTY13NOV2321000CE.NFO,2023-10-27,10:57:00,2023-11-13,6.0,6.0,6.0,6.0,0,2680,1
FINNIFTY13NOV2321000CE.NFO,2023-10-27,10:58:00,2023-11-13,6.0,6.0,6.0,6.0,0,2680,1
FINNIFTY13NOV2321000CE.NFO,2023-10-27,10:59:00,2023-11-13,6.0,6.0,6.0,6.0,0,2680,1
FINNIFTY13NOV2321000CE.NFO,2023-10-27,11:00:00,2023-11-13,6.0,6.0,6.0,6.0,0,2680,0
FINNIFTY13NOV2321000CE.NFO,2023-10-27,11:01:00,2023-11-13,6.0,6.0,6.0,6.0,0,2680,0
FINNIFTY13NOV2321000CE.NFO,2023-10-27,11:02:00,2023-11-13,6.0,6.0,6.0,6.0,0,2680,1
FINNIFTY13NOV2321000CE.NFO,2023-10-27,11:03:00,2023-11-13,6.0,6.0,6.0,6.0,0,2680,0
FINNIFTY13NOV2321000CE.NFO,2023-10-27,11:04:00,2023-11-13,6.0,6.0,6.0,6.0,0,2680,0
FINNIFTY13NOV2321000CE.NFO,2023-10-27,11:05:00,2023-11-13,6.0,6.0,6.0,6.0,0,2680,0
FINNIFTY13NOV2321000CE.NFO,2023-10-27,11:06:00,2023-11-13,6.0,6.0,6.0,6.0,0,2680,0
FINNIFTY13NOV2321000CE.NFO,2023-10-27,11:07:00,2023-11-13,6.0,6.0,6.0,6.0,0,2680,0
FINNIFTY13NOV2321000CE.NFO,2023-10-27,11:08:00,2023-11-13,6.0,6.0,6.0,6.0,0,2680,0
FINNIFTY13NOV2321000CE.NFO,2023-10-27,11:09:00,2023-11-13,6.0,6.0,6.0,6.0,0,2680,1
FINNIFTY13NOV2321000CE.NFO,2023-10-27,11:10:00,2023-11-13,6.0,6.0,6.0,6.0,0,2680,1
FINNIFTY13NOV2321000CE.NFO,2023-10-27,11:11:00,2023-11-13,6.0,6.0,6.0,6.0,0,2680,0
FINNIFTY13NOV2321000CE.NFO,2023-10-27,11:12:00,2023-11-13,6.0,6.0,6.0,6.0,0,2680,1
FINNIFTY13NOV2321000CE.NFO,2023-10-27,11:13:00,2023-11-13,6.0,6.0,6.0,6.0,0,2680,1
FINNIFTY13NOV2321000CE.NFO,2023-10-27,11:14:00,2023-11-13,6.0,6.0,6.0,6.0,0,2680,1
FINNIFTY13NOV2321000CE.NFO,2023-10-27,11:15:00,2023-11-13,6.0,6.0,6.0,6.0,0,2680,1
FINNIFTY13NOV2321000CE.NFO,2023-10-27,11:16:00,2023-11-13,6.0,6.0,6.0,6.0,0,2680,1
FINNIFTY13NOV2321000CE.NFO,2023-10-27,11:17:00,2023-11-13,6.0,6.0,6.0,6.0,0,2680,1
FINNIFTY13NOV2321000CE.NFO,2023-10-27,11:18:00,2023-11-13,6.0,6.0,6.0,6.0,0,2680,1
FINNIFTY13NOV2321000CE.NFO,2023-10-27,11:19:00,2023-11-13,6.0,6.0,6.0,6.0,0,2680,1
FINNIFTY13NOV2321000CE.NFO,2023-10-27,11:20:00,2023-11-13,6.0,6.0,6.0,6.0,0,2680,1
FINNIFTY13NOV2321000CE.NFO,2023-10-27,11:21:00,2023-11-13,6.0,6.0,6.0,6.0,0,2680,1
FINNIFTY13NOV2321000CE.NFO,2023-10-27,11:22:00,2023-11-13,6.0,6.0,6.0,6.0,0,2680,0
FINNIFTY13NOV2321000CE.NFO,2023-10-27,11:23:00,2023-11-13,6.0,6.0,6.0,6.0,0,2680,0
FINNIFTY13NOV2321000CE.NFO,2023-10-27,11:24:00,2023-11-13,6.0,6.0,6.0,6.0,0,2680,0
FINNIFTY13NOV2321000CE.NFO,2023-10-27,11:25:00,2023-11-13,6.0,6.0,6.0,6.0,0,2680,0
FINNIFTY13NOV2321000CE.NFO,2023-10-27,11:26:00,2023-11-13,6.0,6.0,6.0,6.0,0,2680,0
FINNIFTY13NOV2321000CE.NFO,2023-10-27,11:27:00,2023-11-13,6.0,6.0,6.0,6.0,0,2680,0
FINNIFTY13NOV2321000CE.NFO,2023-10-27,11:28:00,2023-11-13,6.0,6.0,6.0,6.0,0,2680,0
FINNIFTY13NOV2321000CE.NFO,2023-10-27,11:29:00,2023-11-13,6.0,6.0,6.0,6.0,0,2680,1
FINNIFTY13NOV2321000CE.NFO,2023-10-27,11:30:00,2023-11-13,6.0,6.0,6.0,6.0,0,2680,1
FINNIFTY13NOV2321000CE.NFO,2023-10-27,11:31:00,2023-11-13,6.0,6.0,6.0,6.0,0,2680,0
FINNIFTY13NOV2321000CE.NFO,2023-10-27,11:32:00,2023-11-13,6.0,6.0,6.0,6.0,0,2680,0
FINNIFTY13NOV2321000CE.NFO,2023-10-27,11:33:00,2023-11-13,6.0,6.0,6.0,6.0,0,2680,1
FINNIFTY13NOV2321000CE.NFO,2023-10-27,11:34:00,2023-11-13,6.0,6.0,6.0,6.0,0,2680,1
FINNIFTY13NOV2321000CE.NFO,2023-10-27,11:35:00,2023-11-13,6.0,6.0,6.0,6.0,0,2680,1
FINNIFTY13NOV2321000CE.NFO,2023-10-27,11:36:00,2023-11-13,6.0,6.0,6.0,6.0,0,2680,1
FINNIFTY13NOV2321000CE.NFO,2023-10-27,11:37:00,2023-11-13,6.0,6.0,6.0,6.0,0,2680,1
FINNIFTY13NOV2321000CE.NFO,2023-10-27,11:38:00,2023-11-13,6.0,6.0,6.0,6.0,0,2680,1
FINNIFTY13NOV2321000CE.NFO,2023-10-27,11:39:00,2023-11-13,6.0,6.0,6.0,6.0,0,2680,1
FINNIFTY13NOV2321000CE.NFO,2023-10-27,11:40:00,2023-11-13,6.0,6.0,6.0,6.0,0,2680,1
FINNIFTY13NOV2321000CE.NFO,2023-10-27,11:41:00,2023-11-13,6.0,6.0,6.0,6.0,0,2680,0
FINNIFTY13NOV2321000CE.NFO,2023-10-27,11:42:00,2023-11-13,6.0,6.0,6.0,6.0,0,2680,1
FINNIFTY13NOV2321000CE.NFO,2023-10-27,11:43:00,2023-11-13,6.0,6.0,6.0,6.0,0,2680,1
FINNIFTY13NOV2321000CE.NFO,2023-10-27,11:44:00,2023-11-13,6.0,6.0,6.0,6.0,0,2680,1
FINNIFTY13NOV2321000CE.NFO,2023-10-27,11:45:00,2023-11-13,6.0,6.0,6.0,6.0,0,2680,1
FINNIFTY13NOV2321000CE.NFO,2023-10-27,11:46:00,2023-11-13,6.0,6.0,6.0,6.0,0,2680,1
FINNIFTY13NOV2321000CE.NFO,2023-10-27,11:47:00,2023-11-13,6.0,6.0,6.0,6.0,0,2680,1
FINNIFTY13NOV2321000CE.NFO,2023-10-27,11:48:00,2023-11-13,6.0,6.0,6.0,6.0,0,2680,1
FINNIFTY13NOV2321000CE.NFO,2023-10-27,11:49:00,2023-11-13,6.0,6.0,6.0,6.0,0,2680,1
FINNIFTY13NOV2321000CE.NFO,2023-10-27,11:50:00,2023-11-13,6.0,6.0,6.0,6.0,0,2680,1
FINNIFTY13NOV2321000CE.NFO,2023-10-27,11:51:00,2023-11-13,6.0,6.0,6.0,6.0,0,2680,1
FINNIFTY13NOV2321000CE.NFO,2023-10-27,11:52:00,2023-11-13,6.0,6.0,6.0,6.0,0,2680,0
FINNIFTY13NOV2321000CE.NFO,2023-10-27,11:53:00,2023-11-13,6.0,6.0,6.0,6.0,0,2680,0
FINNIFTY13NOV2321000CE.NFO,2023-10-27,11:54:00,2023-11-13,6.0,6.0,6.0,6.0,0,2680,0
FINNIFTY13NOV2321000CE.NFO,2023-10-27,11:55:00,2023-11-13,6.0,6.0,6.0,6.0,0,2680,1
FINNIFTY13NOV2321000CE.NFO,2023-10-27,11:56:00,2023-11-13,6.0,6.0,6.0,6.0,0,2680,0
FINNIFTY13NOV2321000CE.NFO,2023-10-27,11:57:00,2023-11-13,6.0,6.0,6.0,6.0,0,2680,0
FINNIFTY13NOV2321000CE.NFO,2023-10-27,11:58:00,2023-11-13,6.0,6.0,6.0,6.0,0,2680,1
FINNIFTY13NOV2321000CE.NFO,2023-10-27,11:59:00,2023-11-13,6.0,6.0,6.0,6.0,0,2680,1
FINNIFTY13NOV2321000CE.NFO,2023-10-27,12:00:00,2023-11-13,6.0,6.0,6.0,6.0,0,2680,1
FINNIFTY13NOV2321000CE.NFO,2023-10-27,12:01:00,2023-11-13,6.0,6.0,6.0,6.0,0,2680,1
FINNIFTY13NOV2321000CE.NFO,2023-10-27,12:02:00,2023-11-13,6.0,6.0,6.0,6.0,0,2680,0
FINNIFTY13NOV2321000CE.NFO,2023-10-27,12:03:00,2023-11-13,6.0,6.0,6.0,6.0,0,2680,1
FINNIFTY13NOV2321000CE.NFO,2023-10-27,12:04:00,2023-11-13,6.0,6.0,6.0,6.0,0,2680,1
FINNIFTY13NOV2321000CE.NFO,2023-10-27,12:05:00,2023-11-13,6.0,6.0,6.0,6.0,0,2680,1
FINNIFTY13NOV2321000CE.NFO,2023-10-27,12:06:00,2023-11-13,6.0,6.0,6.0,6.0,0,2680,1
FINNIFTY13NOV2321000CE.NFO,2023-10-27,12:07:00,2023-11-13,6.0,6.0,6.0,6.0,0,2680,1
FINNIFTY13NOV2321000CE.NFO,2023-10-27,12:08:00,2023-11-13,6.0,6.0,6.0,6.0,0,2680,1
FINNIFTY13NOV2321000CE.NFO,2023-10-27,12:09:00,2023-11-13,6.0,6.0,6.0,6.0,0,2680,1
FINNIFTY13NOV2321000CE.NFO,2023-10-27,12:10:00,2023-11-13,6.0,6.0,6.0,6.0,0,2680,1
FINNIFTY13NOV2321000CE.NFO,2023-10-27,12:11:00,2023-11-13,6.0,6.0,6.0,6.0,0,2680,0
FINNIFTY13NOV2321000CE.NFO,2023-10-27,12:12:00,2023-11-13,6.0,6.0,6.0,6.0,0,2680,1
FINNIFTY13NOV2321000CE.NFO,2023-10-27,12:13:00,2023-11-13,6.0,6.0,6.0,6.0,0,2680,1
FINNIFTY13NOV2321000CE.NFO,2023-10-27,12:14:00,2023-11-13,6.0,6.0,6.0,6.0,0,2680,0
FINNIFTY13NOV2321000CE.NFO,2023-10-27,12:15:00,2023-11-13,6.0,6.0,6.0,6.0,0,2680,1
FINNIFTY13NOV2321000CE.NFO,2023-10-27,12:16:00,2023-11-13,6.0,6.0,6.0,6.0,0,2680,1
FINNIFTY13NOV2321000CE.NFO,2023-10-27,12:17:00,2023-11-13,6.0,6.0,6.0,6.0,0,2680,1
FINNIFTY13NOV2321000CE.NFO,2023-10-27,12:18:00,2023-11-13,6.0,6.0,6.0,6.0,0,2680,1
FINNIFTY13NOV2321000CE.NFO,2023-10-27,12:19:00,2023-11-13,6.0,6.0,6.0,6.0,0,2680,1
FINNIFTY13NOV2321000CE.NFO,2023-10-27,12:20:00,2023-11-13,6.0,6.0,6.0,6.0,0,2680,1
FINNIFTY13NOV2321000CE.NFO,2023-10-27,12:21:00,2023-11-13,6.0,6.0,6.0,6.0,0,2680,0
FINNIFTY13NOV2321000CE.NFO,2023-10-27,12:22:00,2023-11-13,6.0,6.0,6.0,6.0,0,2680,1
FINNIFTY13NOV2321000CE.NFO,2023-10-27,12:23:00,2023-11-13,6.0,6.0,6.0,6.0,0,2680,1
FINNIFTY13NOV2321000CE.NFO,2023-10-27,12:24:00,2023-11-13,6.0,6.0,6.0,6.0,0,2680,1
FINNIFTY13NOV2321000CE.NFO,2023-10-27,12:25:00,2023-11-13,6.0,6.0,6.0,6.0,0,2680,1
FINNIFTY13NOV2321000CE.NFO,2023-10-27,12:26:00,2023-11-13,6.0,6.0,6.0,6.0,0,2680,0
FINNIFTY13NOV2321000CE.NFO,2023-10-27,12:27:00,2023-11-13,6.0,6.0,6.0,6.0,0,2680,1
FINNIFTY13NOV2321000CE.NFO,2023-10-27,12:28:00,2023-11-13,6.0,6.0,6.0,6.0,0,2680,1
FINNIFTY13NOV2321000CE.NFO,2023-10-27,12:29:00,2023-11-13,6.0,6.0,6.0,6.0,0,2680,1
FINNIFTY13NOV2321000CE.NFO,2023-10-27,12:30:00,2023-11-13,6.0,6.0,6.0,6.0,0,2680,0
FINNIFTY13NOV2321000CE.NFO,2023-10-27,12:31:00,2023-11-13,6.0,6.0,6.0,6.0,0,2680,1
FINNIFTY13NOV2321000CE.NFO,2023-10-27,12:32:00,2023-11-13,6.0,6.0,6.0,6.0,0,2680,1
FINNIFTY13NOV2321000CE.NFO,2023-10-27,12:33:00,2023-11-13,6.0,6.0,6.0,6.0,0,2680,1
FINNIFTY13NOV2321000CE.NFO,2023-10-27,12:34:00,2023-11-13,6.0,6.0,6.0,6.0,0,2680,0
FINNIFTY13NOV2321000CE.NFO,2023-10-27,12:35:00,2023-11-13,6.0,6.0,6.0,6.0,0,2680,1
FINNIFTY13NOV2321000CE.NFO,2023-10-27,12:36:00,2023-11-13,6.0,6.0,6.0,6.0,0,2680,1
FINNIFTY13NOV2321000CE.NFO,2023-10-27,12:37:00,2023-11-13,6.0,6.0,6.0,6.0,0,2680,1
FINNIFTY13NOV2321000CE.NFO,2023-10-27,12:38:00,2023-11-13,6.0,6.0,6.0,6.0,0,2680,1
FINNIFTY13NOV2321000CE.NFO,2023-10-27,12:39:00,2023-11-13,6.0,6.0,6.0,6.0,0,2680,1
FINNIFTY13NOV2321000CE.NFO,2023-10-27,12:40:00,2023-11-13,6.0,6.0,6.0,6.0,0,2680,1
FINNIFTY13NOV2321000CE.NFO,2023-10-27,12:41:00,2023-11-13,6.0,6.0,6.0,6.0,0,2680,0
FINNIFTY13NOV2321000CE.NFO,2023-10-27,12:42:00,2023-11-13,6.0,6.0,6.0,6.0,0,2680,0
FINNIFTY13NOV2321000CE.NFO,2023-10-27,12:43:00,2023-11-13,6.0,6.0,6.0,6.0,0,2680,1
FINNIFTY13NOV2321000CE.NFO,2023-10-27,12:44:00,2023-11-13,6.0,6.0,6.0,6.0,0,2680,0
FINNIFTY13NOV2321000CE.NFO,2023-10-27,12:45:00,2023-11-13,6.0,6.0,6.0,6.0,0,2680,1
FINNIFTY13NOV2321000CE.NFO,2023-10-27,12:46:00,2023-11-13,6.0,6.0,6.0,6.0,0,2680,1
FINNIFTY13NOV2321000CE.NFO,2023-10-27,12:47:00,2023-11-13,6.0,6.0,6.0,6.0,0,2680,1
FINNIFTY13NOV2321000CE.NFO,2023-10-27,12:48:00,2023-11-13,6.0,6.0,6.0,6.0,0,2680,1
FINNIFTY13NOV2321000CE.NFO,2023-10-27,12:49:00,2023-11-13,6.0,6.0,6.0,6.0,0,2680,1
FINNIFTY13NOV2321000CE.NFO,2023-10-27,12:50:00,2023-11-13,6.0,6.0,6.0,6.0,0,2680,1
FINNIFTY13NOV2321000CE.NFO,2023-10-27,12:51:00,2023-11-13,6.0,6.0,6.0,6.0,0,2680,1
FINNIFTY13NOV2321000CE.NFO,2023-10-27,12:52:00,2023-11-13,6.0,6.0,6.0,6.0,0,2680,1
FINNIFTY13NOV2321000CE.NFO,2023-10-27,12:53:00,2023-11-13,6.0,6.0,6.0,6.0,0,2680,1
FINNIFTY13NOV2321000CE.NFO,2023-10-27,12:54:00,2023-11-13,6.0,6.0,6.0,6.0,0,2680,1
FINNIFTY13NOV2321000CE.NFO,2023-10-27,12:55:00,2023-11-13,6.0,6.0,6.0,6.0,0,2680,1
FINNIFTY13NOV2321000CE.NFO,2023-10-27,12:56:00,2023-11-13,6.0,6.0,6.0,6.0,0,2680,0
FINNIFTY13NOV2321000CE.NFO,2023-10-27,12:57:00,2023-11-13,6.0,6.0,6.0,6.0,0,2680,1
FINNIFTY13NOV2321000CE.NFO,2023-10-27,12:58:00,2023-11-13,6.0,6.0,6.0,6.0,0,2680,1
FINNIFTY13NOV2321000CE.NFO,2023-10-27,12:59:00,2023-11-13,6.0,6.0,6.0,6.0,0,2680,1
FINNIFTY13NOV2321000CE.NFO,2023-10-27,13:00:00,2023-11-13,6.0,6.0,6.0,6.0,0,2680,1
FINNIFTY13NOV2321000CE.NFO,2023-10-27,13:01:00,2023-11-13,6.0,6.0,6.0,6.0,0,2680,1
FINNIFTY13NOV2321000CE.NFO,2023-10-27,13:02:00,2023-11-13,6.0,6.0,6.0,6.0,0,2680,1
FINNIFTY13NOV2321000CE.NFO,2023-10-27,13:03:00,2023-11-13,6.0,6.0,6.0,6.0,0,2680,1
FINNIFTY13NOV2321000CE.NFO,2023-10-27,13:04:00,2023-11-13,6.0,6.0,6.0,6.0,0,2680,1
FINNIFTY13NOV2321000CE.NFO,2023-10-27,13:05:00,2023-11-13,6.0,6.0,6.0,6.0,0,2680,1
FINNIFTY13NOV2321000CE.NFO,2023-10-27,13:06:00,2023-11-13,6.0,6.0,6.0,6.0,0,2680,1
FINNIFTY13NOV2321000CE.NFO,2023-10-27,13:07:00,2023-11-13,6.0,6.0,6.0,6.0,0,2680,0
FINNIFTY13NOV2321000CE.NFO,2023-10-27,13:08:00,2023-11-13,6.0,6.0,6.0,6.0,0,2680,1
FINNIFTY13NOV2321000CE.NFO,2023-10-27,13:09:00,2023-11-13,6.0,6.0,6.0,6.0,0,2680,1
FINNIFTY13NOV2321000CE.NFO,2023-10-27,13:10:00,2023-11-13,6.0,6.0,6.0,6.0,0,2680,0
FINNIFTY13NOV2321000CE.NFO,2023-10-27,13:11:00,2023-11-13,6.0,6.0,6.0,6.0,0,2680,0
FINNIFTY13NOV2321000CE.NFO,2023-10-27,13:12:00,2023-11-13,6.0,6.0,6.0,6.0,0,2680,1
FINNIFTY13NOV2321000CE.NFO,2023-10-27,13:13:00,2023-11-13,6.0,6.0,6.0,6.0,0,2680,0
FINNIFTY13NOV2321000CE.NFO,2023-10-27,13:14:00,2023-11-13,6.0,6.0,6.0,6.0,0,2680,0
FINNIFTY13NOV2321000CE.NFO,2023-10-27,13:15:00,2023-11-13,6.0,6.0,6.0,6.0,0,2680,1
FINNIFTY13NOV2321000CE.NFO,2023-10-27,13:16:00,2023-11-13,6.0,6.0,6.0,6.0,0,2680,1
FINNIFTY13NOV2321000CE.NFO,2023-10-27,13:17:00,2023-11-13,6.0,6.0,6.0,6.0,0,2680,1
FINNIFTY13NOV2321000CE.NFO,2023-10-27,13:18:00,2023-11-13,6.0,6.0,6.0,6.0,0,2680,1
FINNIFTY13NOV2321000CE.NFO,2023-10-27,13:19:00,2023-11-13,6.0,6.0,6.0,6.0,0,2680,1
FINNIFTY13NOV2321000CE.NFO,2023-10-27,13:20:00,2023-11-13,6.0,6.0,6.0,6.0,0,2680,0
FINNIFTY13NOV2321000CE.NFO,2023-10-27,13:21:00,2023-11-13,6.0,6.0,6.0,6.0,0,2680,1
FINNIFTY13NOV2321000CE.NFO,2023-10-27,13:22:00,2023-11-13,6.0,6.0,6.0,6.0,0,2680,1
FINNIFTY13NOV2321000CE.NFO,2023-10-27,13:23:00,2023-11-13,6.0,6.0,6.0,6.0,0,2680,1
FINNIFTY13NOV2321000CE.NFO,2023-10-27,13:24:00,2023-11-13,6.0,6.0,6.0,6.0,0,2680,1
FINNIFTY13NOV2321000CE.NFO,2023-10-27,13:25:00,2023-11-13,6.0,6.0,6.0,6.0,0,2680,1
FINNIFTY13NOV2321000CE.NFO,2023-10-27,13:26:00,2023-11-13,6.0,6.0,6.0,6.0,0,2680,0
FINNIFTY13NOV2321000CE.NFO,2023-10-27,13:27:00,2023-11-13,6.0,6.0,6.0,6.0,0,2680,1
FINNIFTY13NOV2321000CE.NFO,2023-10-27,13:28:00,2023-11-13,6.0,6.0,6.0,6.0,0,2680,1
FINNIFTY13NOV2321000CE.NFO,2023-10-27,13:29:00,2023-11-13,6.0,6.0,6.0,6.0,0,2680,1
FINNIFTY13NOV2321000CE.NFO,2023-10-27,13:30:00,2023-11-13,6.0,6.0,6.0,6.0,0,2680,0
FINNIFTY13NOV2321000CE.NFO,2023-10-27,13:31:00,2023-11-13,6.0,6.0,6.0,6.0,0,2680,1
FINNIFTY13NOV2321000CE.NFO,2023-10-27,13:32:00,2023-11-13,6.0,6.0,6.0,6.0,0,2680,1
FINNIFTY13NOV2321000CE.NFO,2023-10-27,13:33:00,2023-11-13,6.0,6.0,6.0,6.0,0,2680,0
FINNIFTY13NOV2321000CE.NFO,2023-10-27,13:34:00,2023-11-13,6.0,6.0,6.0,6.0,0,2680,1
FINNIFTY13NOV2321000CE.NFO,2023-10-27,13:35:00,2023-11-13,6.0,6.0,6.0,6.0,0,2680,1
FINNIFTY13NOV2321000CE.NFO,2023-10-27,13:36:00,2023-11-13,6.0,6.0,6.0,6.0,0,2680,1
FINNIFTY13NOV2321000CE.NFO,2023-10-27,13:37:00,2023-11-13,6.0,6.0,6.0,6.0,0,2680,1
FINNIFTY13NOV2321000CE.NFO,2023-10-27,13:38:00,2023-11-13,6.0,6.0,6.0,6.0,0,2680,1
FINNIFTY13NOV2321000CE.NFO,2023-10-27,13:39:00,2023-11-13,6.0,6.0,6.0,6.0,0,2680,1
FINNIFTY13NOV2321000CE.NFO,2023-10-27,13:40:00,2023-11-13,6.0,6.0,6.0,6.0,0,2680,1
FINNIFTY13NOV2321000CE.NFO,2023-10-27,13:41:00,2023-11-13,6.0,6.0,6.0,6.0,0,2680,0
FINNIFTY13NOV2321000CE.NFO,2023-10-27,13:42:00,2023-11-13,6.0,6.0,6.0,6.0,0,2680,1
FINNIFTY13NOV2321000CE.NFO,2023-10-27,13:43:00,2023-11-13,6.0,6.0,6.0,6.0,0,2680,1
FINNIFTY13NOV2321000CE.NFO,2023-10-27,13:44:00,2023-11-13,6.0,6.0,6.0,6.0,0,2680,1
FINNIFTY13NOV2321000CE.NFO,2023-10-27,13:45:00,2023-11-13,6.0,6.0,6.0,6.0,0,2680,1
FINNIFTY13NOV2321000CE.NFO,2023-10-27,13:46:00,2023-11-13,6.0,6.0,6.0,6.0,0,2680,1
FINNIFTY13NOV2321000CE.NFO,2023-10-27,13:47:00,2023-11-13,6.0,6.0,6.0,6.0,0,2680,1
FINNIFTY13NOV2321000CE.NFO,2023-10-27,13:48:00,2023-11-13,6.0,6.0,6.0,6.0,0,2680,1
FINNIFTY13NOV2321000CE.NFO,2023-10-27,13:49:00,2023-11-13,6.0,6.0,6.0,6.0,0,2680,1
FINNIFTY13NOV2321000CE.NFO,2023-10-27,13:50:00,2023-11-13,6.0,6.0,6.0,6.0,0,2680,1
FINNIFTY13NOV2321000CE.NFO,2023-10-27,13:51:00,2023-11-13,6.0,6.0,6.0,6.0,0,2680,1
FINNIFTY13NOV2321000CE.NFO,2023-10-27,13:52:00,2023-11-13,6.0,6.0,6.0,6.0,0,2680,1
FINNIFTY13NOV2321000CE.NFO,2023-10-27,13:53:00,2023-11-13,6.0,6.0,6.0,6.0,0,2680,1
FINNIFTY13NOV2321000CE.NFO,2023-10-27,13:54:00,2023-11-13,6.0,6.0,6.0,6.0,0,2680,1
FINNIFTY13NOV2321000CE.NFO,2023-10-27,13:55:00,2023-11-13,6.0,6.0,6.0,6.0,0,2680,1
FINNIFTY13NOV2321000CE.NFO,2023-10-27,13:56:00,2023-11-13,6.0,6.0,6.0,6.0,0,2680,0
FINNIFTY13NOV2321000CE.NFO,2023-10-27,13:57:00,2023-11-13,6.0,6.0,6.0,6.0,0,2680,0
FINNIFTY13NOV2321000CE.NFO,2023-10-27,13:58:00,2023-11-13,6.0,6.0,6.0,6.0,0,2680,0
FINNIFTY13NOV2321000CE.NFO,2023-10-27,13:59:00,2023-11-13,6.0,6.0,6.0,6.0,0,2680,1
FINNIFTY13NOV2321000CE.NFO,2023-10-27,14:00:00,2023-11-13,6.0,6.0,6.0,6.0,0,2680,1
FINNIFTY13NOV2321000CE.NFO,2023-10-27,14:01:00,2023-11-13,6.0,6.0,6.0,6.0,0,2680,1
FINNIFTY13NOV2321000CE.NFO,2023-10-27,14:02:00,2023-11-13,6.0,6.0,6.0,6.0,0,2680,1
FINNIFTY13NOV2321000CE.NFO,2023-10-27,14:03:00,2023-11-13,6.0,6.0,6.0,6.0,0,2680,1
FINNIFTY13NOV2321000CE.NFO,2023-10-27,14:04:00,2023-11-13,6.0,6.0,6.0,6.0,0,2680,1
FINNIFTY13NOV2321000CE.NFO,2023-10-27,14:05:00,2023-11-13,6.0,6.0,6.0,6.0,0,2680,1
FINNIFTY13NOV2321000CE.NFO,2023-10-27,14:06:00,2023-11-13,6.0,6.0,6.0,6.0,0,2680,1
FINNIFTY13NOV2321000CE.NFO,2023-10-27,14:07:00,2023-11-13,6.0,6.0,6.0,6.0,0,2680,1
FINNIFTY13NOV2321000CE.NFO,2023-10-27,14:08:00,2023-11-13,6.0,6.0,6.0,6.0,0,2680,1
FINNIFTY13NOV2321000CE.NFO,2023-10-27,14:09:00,2023-11-13,6.0,6.0,6.0,6.0,0,2680,1
FINNIFTY13NOV2321000CE.NFO,2023-10-27,14:10:00,2023-11-13,6.0,6.0,6.0,6.0,0,2680,1
FINNIFTY13NOV2321000CE.NFO,2023-10-27,14:11:00,2023-11-13,6.0,6.0,6.0,6.0,0,2680,0
FINNIFTY13NOV2321000CE.NFO,2023-10-27,14:12:00,2023-11-13,6.0,6.0,6.0,6.0,0,2680,1
FINNIFTY13NOV2321000CE.NFO,2023-10-27,14:13:00,2023-11-13,6.0,6.0,6.0,6.0,0,2680,1
FINNIFTY13NOV2321000CE.NFO,2023-10-27,14:14:00,2023-11-13,6.0,6.0,6.0,6.0,0,2680,1
FINNIFTY13NOV2321000CE.NFO,2023-10-27,14:15:00,2023-11-13,6.0,6.0,6.0,6.0,0,2680,1
FINNIFTY13NOV2321000CE.NFO,2023-10-27,14:16:00,2023-11-13,6.0,6.0,6.0,6.0,0,2680,1
FINNIFTY13NOV2321000CE.NFO,2023-10-27,14:17:00,2023-11-13,6.0,6.0,6.0,6.0,0,2680,1
FINNIFTY13NOV2321000CE.NFO,2023-10-27,14:18:00,2023-11-13,6.0,6.0,6.0,6.0,0,2680,1
FINNIFTY13NOV2321000CE.NFO,2023-10-27,14:19:00,2023-11-13,6.0,6.0,6.0,6.0,0,2680,1
FINNIFTY13NOV2321000CE.NFO,2023-10-27,14:20:00,2023-11-13,6.0,6.0,6.0,6.0,0,2680,1
FINNIFTY13NOV2321000CE.NFO,2023-10-27,14:21:00,2023-11-13,6.0,6.0,6.0,6.0,0,2680,1
FINNIFTY13NOV2321000CE.NFO,2023-10-27,14:22:00,2023-11-13,6.0,6.0,6.0,6.0,0,2680,0
FINNIFTY13NOV2321000CE.NFO,2023-10-27,14:23:00,2023-11-13,6.0,6.0,6.0,6.0,0,2680,0
FINNIFTY13NOV2321000CE.NFO,2023-10-27,14:24:00,2023-11-13,6.0,6.0,6.0,6.0,0,2680,1
FINNIFTY13NOV2321000CE.NFO,2023-10-27,14:25:00,2023-11-13,6.0,6.0,6.0,6.0,0,2680,1
FINNIFTY13NOV2321000CE.NFO,2023-10-27,14:26:00,2023-11-13,6.0,6.0,6.0,6.0,0,2680,0
FINNIFTY13NOV2321000CE.NFO,2023-10-27,14:27:00,2023-11-13,6.0,6.0,6.0,6.0,0,2680,1
FINNIFTY13NOV2321000CE.NFO,2023-10-27,14:28:00,2023-11-13,6.0,6.0,6.0,6.0,0,2680,1
FINNIFTY13NOV2321000CE.NFO,2023-10-27,14:29:00,2023-11-13,6.0,6.0,6.0,6.0,0,2680,1
FINNIFTY13NOV2321000CE.NFO,2023-10-27,14:30:00,2023-11-13,6.0,6.0,6.0,6.0,0,2680,0
FINNIFTY13NOV2321000CE.NFO,2023-10-27,14:31:00,2023-11-13,6.0,6.0,6.0,6.0,0,2680,0
FINNIFTY13NOV2321000CE.NFO,2023-10-27,14:32:00,2023-11-13,6.0,6.0,6.0,6.0,0,2680,1
FINNIFTY13NOV2321000CE.NFO,2023-10-27,14:33:00,2023-11-13,6.0,6.0,6.0,6.0,0,2680,1
FINNIFTY13NOV2321000CE.NFO,2023-10-27,14:34:00,2023-11-13,6.0,6.0,6.0,6.0,0,2680,0
FINNIFTY13NOV2321000CE.NFO,2023-10-27,14:35:00,2023-11-13,6.0,6.0,6.0,6.0,0,2680,0
FINNIFTY13NOV2321000CE.NFO,2023-10-27,14:36:00,2023-11-13,6.0,6.0,6.0,6.0,0,2680,1
FINNIFTY13NOV2321000CE.NFO,2023-10-27,14:37:00,2023-11-13,6.0,6.0,6.0,6.0,0,2680,1
FINNIFTY13NOV2321000CE.NFO,2023-10-27,14:38:00,2023-11-13,6.0,6.0,6.0,6.0,0,2680,1
FINNIFTY13NOV2321000CE.NFO,2023-10-27,14:39:00,2023-11-13,6.0,6.0,6.0,6.0,0,2680,1
FINNIFTY13NOV2321000CE.NFO,2023-10-27,14:40:00,2023-11-13,6.0,6.0,6.0,6.0,0,2680,1
FINNIFTY13NOV2321000CE.NFO,2023-10-27,14:41:00,2023-11-13,6.0,6.0,6.0,6.0,0,2680,0
FINNIFTY13NOV2321000CE.NFO,2023-10-27,14:42:00,2023-11-13,6.0,6.0,6.0,6.0,0,2680,1
FINNIFTY13NOV2321000CE.NFO,2023-10-27,14:43:00,2023-11-13,6.0,6.0,6.0,6.0,0,2680,1
FINNIFTY13NOV2321000CE.NFO,2023-10-27,14:44:00,2023-11-13,6.0,6.0,6.0,6.0,0,2680,1
FINNIFTY13NOV2321000CE.NFO,2023-10-27,14:45:00,2023-11-13,6.0,6.0,6.0,6.0,0,2680,1
FINNIFTY13NOV2321000CE.NFO,2023-10-27,14:46:00,2023-11-13,6.0,6.0,6.0,6.0,0,2680,1
FINNIFTY13NOV2321000CE.NFO,2023-10-27,14:47:00,2023-11-13,6.0,6.0,6.0,6.0,0,2680,1
FINNIFTY13NOV2321000CE.NFO,2023-10-27,14:48:00,2023-11-13,6.0,6.0,6.0,6.0,0,2680,1
FINNIFTY13NOV2321000CE.NFO,2023-10-27,14:49:00,2023-11-13,6.0,6.0,6.0,6.0,0,2680,1
FINNIFTY13NOV2321000CE.NFO,2023-10-27,14:50:00,2023-11-13,6.0,6.0,6.0,6.0,0,2680,1
FINNIFTY13NOV2321000CE.NFO,2023-10-27,14:51:00,2023-11-13,6.0,6.0,6.0,6.0,0,2680,1
FINNIFTY13NOV2321000CE.NFO,2023-10-27,14:52:00,2023-11-13,6.0,6.0,6.0,6.0,0,2680,1
FINNIFTY13NOV2321000CE.NFO,2023-10-27,14:53:00,2023-11-13,6.0,6.0,6.0,6.0,0,2680,1
FINNIFTY13NOV2321000CE.NFO,2023-10-27,14:54:00,2023-11-13,6.0,6.0,6.0,6.0,0,2680,1
FINNIFTY13NOV2321000CE.NFO,2023-10-27,14:55:00,2023-11-13,6.0,6.0,6.0,6.0,0,2680,1
FINNIFTY13NOV2321000CE.NFO,2023-10-27,14:56:00,2023-11-13,6.0,6.0,6.0,6.0,0,2680,0
FINNIFTY13NOV2321000CE.NFO,2023-10-27,14:57:00,2023-11-13,6.0,6.0,6.0,6.0,0,2680,1
FINNIFTY13NOV2321000CE.NFO,2023-10-27,14:58:00,2023-11-13,6.0,6.0,6.0,6.0,0,2680,1
FINNIFTY13NOV2321000CE.NFO,2023-10-27,14:59:00,2023-11-13,5.0,5.0,5.0,5.0,40,2680,0
FINNIFTY13NOV2321000CE.NFO,2023-10-27,15:00:00,2023-11-13,5.0,5.0,5.0,5.0,0,2680,0
FINNIFTY13NOV2321000CE.NFO,2023-10-27,15:01:00,2023-11-13,5.8,5.8,5.8,5.8,40,2680,0
FINNIFTY13NOV2321000CE.NFO,2023-10-27,15:02:00,2023-11-13,5.8,5.8,5.6,5.6,1080,2680,0
FINNIFTY13NOV2321000CE.NFO,2023-10-27,15:03:00,2023-11-13,5.6,5.6,5.6,5.6,0,2680,0
FINNIFTY13NOV2321000CE.NFO,2023-10-27,15:04:00,2023-11-13,5.6,5.6,5.6,5.6,0,2680,0
FINNIFTY13NOV2321000CE.NFO,2023-10-27,15:05:00,2023-11-13,5.6,5.6,5.6,5.6,0,2680,1
FINNIFTY13NOV2321000CE.NFO,2023-10-27,15:06:00,2023-11-13,5.6,5.6,5.6,5.6,0,2680,1
FINNIFTY13NOV2321000CE.NFO,2023-10-27,15:07:00,2023-11-13,5.6,5.6,5.6,5.6,0,2680,0
FINNIFTY13NOV2321000CE.NFO,2023-10-27,15:08:00,2023-11-13,5.6,5.6,5.6,5.6,0,2680,0
FINNIFTY13NOV2321000CE.NFO,2023-10-27,15:09:00,2023-11-13,5.6,5.6,5.6,5.6,0,2680,0
FINNIFTY13NOV2321000CE.NFO,2023-10-27,15:10:00,2023-11-13,5.6,5.6,5.6,5.6,0,2680,1
FINNIFTY13NOV2321000CE.NFO,2023-10-27,15:11:00,2023-11-13,5.6,5.6,5.6,5.6,0,2680,0
FINNIFTY13NOV2321000CE.NFO,2023-10-27,15:12:00,2023-11-13,5.6,5.6,5.6,5.6,0,2680,0
FINNIFTY13NOV2321000CE.NFO,2023-10-27,15:13:00,2023-11-13,5.6,5.6,5.6,5.6,0,2680,1
FINNIFTY13NOV2321000CE.NFO,2023-10-27,15:14:00,2023-11-13,5.6,5.6,5.6,5.6,0,2680,1
FINNIFTY13NOV2321000CE.NFO,2023-10-27,15:15:00,2023-11-13,5.6,5.6,5.6,5.6,0,2680,1
FINNIFTY13NOV2321000CE.NFO,2023-10-27,15:16:00,2023-11-13,5.6,5.6,5.6,5.6,0,2680,0
FINNIFTY13NOV2321000CE.NFO,2023-10-27,15:17:00,2023-11-13,5.6,5.6,5.6,5.6,0,2680,0
FINNIFTY13NOV2321000CE.NFO,2023-10-27,15:18:00,2023-11-13,5.6,5.6,5.6,5.6,0,2680,1
FINNIFTY13NOV2321000CE.NFO,2023-10-27,15:19:00,2023-11-13,5.6,5.6,5.6,5.6,0,2680,1
FINNIFTY13NOV2321000CE.NFO,2023-10-27,15:20:00,2023-11-13,5.6,5.6,5.6,5.6,0,2680,1
FINNIFTY13NOV2321000CE.NFO,2023-10-27,15:21:00,2023-11-13,5.6,5.6,5.6,5.6,0,2680,1
FINNIFTY13NOV2321000CE.NFO,2023-10-27,15:22:00,2023-11-13,5.6,5.6,5.6,5.6,0,2680,1
FINNIFTY13NOV2321000CE.NFO,2023-10-27,15:23:00,2023-11-13,9.0,9.0,9.0,9.0,0,3800,0
FINNIFTY13NOV2321000CE.NFO,2023-10-27,15:24:00,2023-11-13,9.0,9.0,5.65,5.65,40,3840,0
FINNIFTY13NOV2321000CE.NFO,2023-10-27,15:25:00,2023-11-13,5.65,5.65,5.65,5.65,0,3840,0
FINNIFTY13NOV2321000CE.NFO,2023-10-27,15:26:00,2023-11-13,5.65,5.65,5.65,5.65,0,3840,0
FINNIFTY13NOV2321000CE.NFO,2023-10-27,15:27:00,2023-11-13,5.65,5.65,5.65,5.65,0,3840,0
FINNIFTY13NOV2321000CE.NFO,2023-10-27,15:28:00,2023-11-13,5.65,5.65,5.65,5.65,0,3840,0
FINNIFTY13NOV2321000CE.NFO,2023-10-27,15:29:00,2023-11-13,5.65,5.65,5.65,5.65,0,3840,0
FINNIFTY13NOV2321000CE.NFO,2023-10-27,15:30:00,2023-11-13,5.65,5.65,5.65,5.65,0,3840,1
FINNIFTY13NOV2321000CE.NFO,2023-10-31,09:15:00,2023-11-13,5.3,5.3,5.3,5.3,0,3800,1
FINNIFTY13NOV2321000CE.NFO,2023-10-31,09:16:00,2023-11-13,5.3,5.3,5.3,5.3,0,3800,1
FINNIFTY13NOV2321000CE.NFO,2023-10-31,09:17:00,2023-11-13,5.3,5.3,5.3,5.3,0,3800,1
FINNIFTY13NOV2321000CE.NFO,2023-10-31,09:18:00,2023-11-13,5.3,5.3,5.3,5.3,0,3800,1
FINNIFTY13NOV2321000CE.NFO,2023-10-31,09:19:00,2023-11-13,5.3,5.3,5.3,5.3,0,3800,1
FINNIFTY13NOV2321000CE.NFO,2023-10-31,09:20:00,2023-11-13,5.3,5.3,5.3,5.3,0,3800,1
FINNIFTY13NOV2321000CE.NFO,2023-10-31,09:21:00,2023-11-13,5.3,5.3,5.3,5.3,0,3800,1
FINNIFTY13NOV2321000CE.NFO,2023-10-31,09:22:00,2023-11-13,5.3,5.3,5.3,5.3,0,3800,1
FINNIFTY13NOV2321000CE.NFO,2023-10-31,09:23:00,2023-11-13,5.3,5.3,5.3,5.3,0,3800,1
FINNIFTY13NOV2321000CE.NFO,2023-10-31,09:24:00,2023-11-13,5.3,5.3,5.3,5.3,0,3800,1
FINNIFTY13NOV2321000CE.NFO,2023-10-31,09:25:00,2023-11-13,5.3,5.3,5.3,5.3,0,3800,1
FINNIFTY13NOV2321000CE.NFO,2023-10-31,09:26:00,2023-11-13,5.3,5.3,5.3,5.3,0,3800,1
FINNIFTY13NOV2321000CE.NFO,2023-10-31,09:27:00,2023-11-13,5.3,5.3,5.3,5.3,0,3800,1
FINNIFTY13NOV2321000CE.NFO,2023-10-31,09:28:00,2023-11-13,5.3,5.3,5.3,5.3,0,3800,1
FINNIFTY13NOV2321000CE.NFO,2023-10-31,09:29:00,2023-11-13,5.3,5.3,5.3,5.3,0,3800,1
FINNIFTY13NOV2321000CE.NFO,2023-10-31,09:30:00,2023-11-13,5.3,5.3,5.3,5.3,0,3800,1
FINNIFTY13NOV2321000CE.NFO,2023-10-31,09:31:00,2023-11-13,5.3,5.3,5.3,5.3,0,3800,1
FINNIFTY13NOV2321000CE.NFO,2023-10-31,09:32:00,2023-11-13,5.3,5.3,5.3,5.3,0,3800,1
FINNIFTY13NOV2321000CE.NFO,2023-10-31,09:33:00,2023-11-13,5.3,5.3,5.3,5.3,0,3800,1
FINNIFTY13NOV2321000CE.NFO,2023-10-31,09:34:00,2023-11-13,5.3,5.3,5.3,5.3,0,3800,1
FINNIFTY13NOV2321000CE.NFO,2023-10-31,09:35:00,2023-11-13,5.3,5.3,5.3,5.3,0,3800,1
FINNIFTY13NOV2321000CE.NFO,2023-10-31,09:36:00,2023-11-13,5.3,5.3,5.3,5.3,0,3800,1
FINNIFTY13NOV2321000CE.NFO,2023-10-31,09:37:00,2023-11-13,5.3,5.3,5.3,5.3,0,3800,1
FINNIFTY13NOV2321000CE.NFO,2023-10-31,09:38:00,2023-11-13,5.3,5.3,5.3,5.3,0,3800,1
FINNIFTY13NOV2321000CE.NFO,2023-10-31,09:39:00,2023-11-13,5.3,5.3,5.3,5.3,0,3800,1
FINNIFTY13NOV2321000CE.NFO,2023-10-31,09:40:00,2023-11-13,5.3,5.3,5.3,5.3,0,3800,1
FINNIFTY13NOV2321000CE.NFO,2023-10-31,09:41:00,2023-11-13,5.3,5.3,5.3,5.3,0,3800,1
FINNIFTY13NOV2321000CE.NFO,2023-10-31,09:42:00,2023-11-13,5.3,5.3,5.3,5.3,0,3800,1
FINNIFTY13NOV2321000CE.NFO,2023-10-31,09:43:00,2023-11-13,5.3,5.3,5.3,5.3,0,3800,1
FINNIFTY13NOV2321000CE.NFO,2023-10-31,09:44:00,2023-11-13,5.3,5.3,5.3,5.3,0,3800,1
FINNIFTY13NOV2321000CE.NFO,2023-10-31,09:45:00,2023-11-13,5.3,5.3,5.3,5.3,0,3800,1
FINNIFTY13NOV2321000CE.NFO,2023-10-31,09:46:00,2023-11-13,5.3,5.3,5.3,5.3,0,3800,1
FINNIFTY13NOV2321000CE.NFO,2023-10-31,09:47:00,2023-11-13,5.3,5.3,5.3,5.3,0,3800,1
FINNIFTY13NOV2321000CE.NFO,2023-10-31,09:48:00,2023-11-13,5.3,5.3,5.3,5.3,0,3800,1
FINNIFTY13NOV2321000CE.NFO,2023-10-31,09:49:00,2023-11-13,5.3,5.3,5.3,5.3,0,3800,1
FINNIFTY13NOV2321000CE.NFO,2023-10-31,09:50:00,2023-11-13,5.3,5.3,5.3,5.3,0,3800,1
FINNIFTY13NOV2321000CE.NFO,2023-10-31,09:51:00,2023-11-13,5.3,5.3,5.3,5.3,0,3800,1
FINNIFTY13NOV2321000CE.NFO,2023-10-31,09:52:00,2023-11-13,5.3,5.3,5.3,5.3,0,3800,1
FINNIFTY13NOV2321000CE.NFO,2023-10-31,09:53:00,2023-11-13,5.3,5.3,5.3,5.3,0,3800,1
FINNIFTY13NOV2321000CE.NFO,2023-10-31,09:54:00,2023-11-13,5.3,5.3,5.3,5.3,0,3800,1
FINNIFTY13NOV2321000CE.NFO,2023-10-31,09:55:00,2023-11-13,5.3,5.3,5.3,5.3,0,3800,1
FINNIFTY13NOV2321000CE.NFO,2023-10-31,09:56:00,2023-11-13,5.3,5.3,5.3,5.3,0,3800,1
FINNIFTY13NOV2321000CE.NFO,2023-10-31,09:57:00,2023-11-13,5.3,5.3,5.3,5.3,0,3800,1
FINNIFTY13NOV2321000CE.NFO,2023-10-31,09:58:00,2023-11-13,5.3,5.3,5.3,5.3,0,3800,0
FINNIFTY13NOV2321000CE.NFO,2023-10-31,09:59:00,2023-11-13,5.3,5.3,5.3,5.3,0,3800,1
FINNIFTY13NOV2321000CE.NFO,2023-10-31,10:00:00,2023-11-13,5.3,5.3,5.3,5.3,0,3800,0
FINNIFTY13NOV2321000CE.NFO,2023-10-31,10:01:00,2023-11-13,5.3,5.3,5.3,5.3,0,3800,0
FINNIFTY13NOV2321000CE.NFO,2023-10-31,10:02:00,2023-11-13,5.3,5.3,5.3,5.3,0,3800,0
FINNIFTY13NOV2321000CE.NFO,2023-10-31,10:03:00,2023-11-13,5.3,5.3,5.3,5.3,0,3800,0
FINNIFTY13NOV2321000CE.NFO,2023-10-31,10:04:00,2023-11-13,5.3,5.3,5.3,5.3,0,3800,1
FINNIFTY13NOV2321000CE.NFO,2023-10-31,10:05:00,2023-11-13,5.3,5.3,5.3,5.3,0,3800,1
FINNIFTY13NOV2321000CE.NFO,2023-10-31,10:06:00,2023-11-13,5.3,5.3,5.3,5.3,0,3800,1
FINNIFTY13NOV2321000CE.NFO,2023-10-31,10:07:00,2023-11-13,5.3,5.3,5.3,5.3,0,3800,1
FINNIFTY13NOV2321000CE.NFO,2023-10-31,10:08:00,2023-11-13,5.3,5.3,5.3,5.3,0,3800,0
FINNIFTY13NOV2321000CE.NFO,2023-10-31,10:09:00,2023-11-13,5.3,5.3,5.3,5.3,0,3800,1
FINNIFTY13NOV2321000CE.NFO,2023-10-31,10:10:00,2023-11-13,5.3,5.3,5.3,5.3,0,3800,0
FINNIFTY13NOV2321000CE.NFO,2023-10-31,10:11:00,2023-11-13,5.3,5.3,5.3,5.3,0,3800,0
FINNIFTY13NOV2321000CE.NFO,2023-10-31,10:12:00,2023-11-13,5.3,5.3,5.3,5.3,0,3800,0
FINNIFTY13NOV2321000CE.NFO,2023-10-31,10:13:00,2023-11-13,5.3,5.3,5.3,5.3,0,3800,0
FINNIFTY13NOV2321000CE.NFO,2023-10-31,10:14:00,2023-11-13,5.3,5.3,5.3,5.3,0,3800,0
FINNIFTY13NOV2321000CE.NFO,2023-10-31,10:15:00,2023-11-13,5.3,5.3,5.3,5.3,0,3800,1
FINNIFTY13NOV2321000CE.NFO,2023-10-31,10:16:00,2023-11-13,5.3,5.3,5.3,5.3,0,3800,1
FINNIFTY13NOV2321000CE.NFO,2023-10-31,10:17:00,2023-11-13,5.3,5.3,5.3,5.3,0,3800,1
FINNIFTY13NOV2321000CE.NFO,2023-10-31,10:18:00,2023-11-13,5.3,5.3,5.3,5.3,0,3800,1
FINNIFTY13NOV2321000CE.NFO,2023-10-31,10:19:00,2023-11-13,5.3,5.3,5.3,5.3,0,3800,1
FINNIFTY13NOV2321000CE.NFO,2023-10-31,10:20:00,2023-11-13,5.3,5.3,5.3,5.3,0,3800,1
FINNIFTY13NOV2321000CE.NFO,2023-10-31,10:21:00,2023-11-13,5.3,5.3,5.3,5.3,0,3800,1
FINNIFTY13NOV2321000CE.NFO,2023-10-31,10:22:00,2023-11-13,5.3,5.3,5.3,5.3,0,3800,1
FINNIFTY13NOV2321000CE.NFO,2023-10-31,10:23:00,2023-11-13,5.3,5.3,5.3,5.3,0,3800,1
FINNIFTY13NOV2321000CE.NFO,2023-10-31,10:24:00,2023-11-13,5.3,5.3,5.3,5.3,0,3800,0
FINNIFTY13NOV2321000CE.NFO,2023-10-31,10:25:00,2023-11-13,5.3,5.3,5.3,5.3,0,3800,1
FINNIFTY13NOV2321000CE.NFO,2023-10-31,10:26:00,2023-11-13,5.3,5.3,5.3,5.3,0,3800,1
FINNIFTY13NOV2321000CE.NFO,2023-10-31,10:27:00,2023-11-13,5.3,5.3,5.3,5.3,0,3800,1
FINNIFTY13NOV2321000CE.NFO,2023-10-31,10:28:00,2023-11-13,5.3,5.3,5.3,5.3,0,3800,0
FINNIFTY13NOV2321000CE.NFO,2023-10-31,10:29:00,2023-11-13,5.3,5.3,5.3,5.3,0,3800,1
FINNIFTY13NOV2321000CE.NFO,2023-10-31,10:30:00,2023-11-13,5.3,5.3,5.3,5.3,0,3800,0
FINNIFTY13NOV2321000CE.NFO,2023-10-31,10:31:00,2023-11-13,5.3,5.3,5.3,5.3,0,3800,0
FINNIFTY13NOV2321000CE.NFO,2023-10-31,10:32:00,2023-11-13,5.3,5.3,5.3,5.3,0,3800,1
FINNIFTY13NOV2321000CE.NFO,2023-10-31,10:33:00,2023-11-13,5.3,5.3,5.3,5.3,0,3800,1
FINNIFTY13NOV2321000CE.NFO,2023-10-31,10:34:00,2023-11-13,5.3,5.3,5.3,5.3,0,3800,0
FINNIFTY13NOV2321000CE.NFO,2023-10-31,10:35:00,2023-11-13,5.3,5.3,5.3,5.3,0,3800,1
FINNIFTY13NOV2321000CE.NFO,2023-10-31,10:36:00,2023-11-13,5.3,5.3,5.3,5.3,0,3800,1
FINNIFTY13NOV2321000CE.NFO,2023-10-31,10:37:00,2023-11-13,5.3,5.3,5.3,5.3,0,3800,1
FINNIFTY13NOV2321000CE.NFO,2023-10-31,10:38:00,2023-11-13,5.3,5.3,5.3,5.3,0,3800,0
FINNIFTY13NOV2321000CE.NFO,2023-10-31,10:39:00,2023-11-13,5.3,5.3,5.3,5.3,0,3800,1
FINNIFTY13NOV2321000CE.NFO,2023-10-31,10:40:00,2023-11-13,5.3,5.3,5.3,5.3,0,3800,0
FINNIFTY13NOV2321000CE.NFO,2023-10-31,10:41:00,2023-11-13,5.3,5.3,5.3,5.3,0,3800,1
FINNIFTY13NOV2321000CE.NFO,2023-10-31,10:42:00,2023-11-13,5.3,5.3,5.3,5.3,0,3800,0
FINNIFTY13NOV2321000CE.NFO,2023-10-31,10:43:00,2023-11-13,5.3,5.3,5.3,5.3,0,3800,0
FINNIFTY13NOV2321000CE.NFO,2023-10-31,10:44:00,2023-11-13,5.3,5.3,5.3,5.3,0,3800,0
FINNIFTY13NOV2321000CE.NFO,2023-10-31,10:45:00,2023-11-13,5.3,5.3,5.3,5.3,0,3800,0
FINNIFTY13NOV2321000CE.NFO,2023-10-31,10:46:00,2023-11-13,5.3,5.3,5.3,5.3,0,3800,1
FINNIFTY13NOV2321000CE.NFO,2023-10-31,10:47:00,2023-11-13,5.3,5.3,5.3,5.3,0,3800,1
FINNIFTY13NOV2321000CE.NFO,2023-10-31,10:48:00,2023-11-13,5.3,5.3,5.3,5.3,0,3800,1
FINNIFTY13NOV2321000CE.NFO,2023-10-31,10:49:00,2023-11-13,5.3,5.3,5.3,5.3,0,3800,1
FINNIFTY13NOV2321000CE.NFO,2023-10-31,10:50:00,2023-11-13,5.3,5.3,5.3,5.3,0,3800,0
FINNIFTY13NOV2321000CE.NFO,2023-10-31,10:51:00,2023-11-13,5.3,5.3,5.3,5.3,0,3800,1
FINNIFTY13NOV2321000CE.NFO,2023-10-31,10:52:00,2023-11-13,5.3,5.3,5.3,5.3,0,3800,1
FINNIFTY13NOV2321000CE.NFO,2023-10-31,10:53:00,2023-11-13,5.3,5.3,5.3,5.3,0,3800,1
FINNIFTY13NOV2321000CE.NFO,2023-10-31,10:54:00,2023-11-13,5.3,5.3,5.3,5.3,0,3800,1
FINNIFTY13NOV2321000CE.NFO,2023-10-31,10:55:00,2023-11-13,5.3,5.3,5.3,5.3,0,3800,1
FINNIFTY13NOV2321000CE.NFO,2023-10-31,10:56:00,2023-11-13,5.3,5.3,5.3,5.3,0,3800,1
FINNIFTY13NOV2321000CE.NFO,2023-10-31,10:57:00,2023-11-13,5.3,5.3,5.3,5.3,0,3800,1
FINNIFTY13NOV2321000CE.NFO,2023-10-31,10:58:00,2023-11-13,5.3,5.3,5.3,5.3,0,3800,0
FINNIFTY13NOV2321000CE.NFO,2023-10-31,10:59:00,2023-11-13,5.3,5.3,5.3,5.3,0,3800,1
FINNIFTY13NOV2321000CE.NFO,2023-10-31,11:00:00,2023-11-13,5.3,5.3,5.3,5.3,0,3800,1
FINNIFTY13NOV2321000CE.NFO,2023-10-31,11:01:00,2023-11-13,5.3,5.3,5.3,5.3,0,3800,1
FINNIFTY13NOV2321000CE.NFO,2023-10-31,11:02:00,2023-11-13,5.3,5.3,5.3,5.3,0,3800,1
FINNIFTY13NOV2321000CE.NFO,2023-10-31,11:03:00,2023-11-13,5.3,5.3,5.3,5.3,0,3800,1
FINNIFTY13NOV2321000CE.NFO,2023-10-31,11:04:00,2023-11-13,5.3,5.3,5.3,5.3,0,3800,1
FINNIFTY13NOV2321000CE.NFO,2023-10-31,11:05:00,2023-11-13,5.3,5.3,5.3,5.3,0,3800,1
FINNIFTY13NOV2321000CE.NFO,2023-10-31,11:06:00,2023-11-13,5.3,5.3,5.3,5.3,0,3800,1
FINNIFTY13NOV2321000CE.NFO,2023-10-31,11:07:00,2023-11-13,5.3,5.3,5.3,5.3,0,3800,1
FINNIFTY13NOV2321000CE.NFO,2023-10-31,11:08:00,2023-11-13,5.3,5.3,5.3,5.3,0,3800,1
FINNIFTY13NOV2321000CE.NFO,2023-10-31,11:09:00,2023-11-13,5.3,5.3,5.3,5.3,0,3800,1
FINNIFTY13NOV2321000CE.NFO,2023-10-31,11:10:00,2023-11-13,5.3,5.3,5.3,5.3,0,3800,1
FINNIFTY13NOV2321000CE.NFO,2023-10-31,11:11:00,2023-11-13,5.3,5.3,5.3,5.3,0,3800,1
FINNIFTY13NOV2321000CE.NFO,2023-10-31,11:12:00,2023-11-13,5.3,5.3,5.3,5.3,0,3800,1
FINNIFTY13NOV2321000CE.NFO,2023-10-31,11:13:00,2023-11-13,5.3,5.3,5.3,5.3,0,3800,0
FINNIFTY13NOV2321000CE.NFO,2023-10-31,11:14:00,2023-11-13,5.3,5.3,5.3,5.3,0,3800,1
FINNIFTY13NOV2321000CE.NFO,2023-10-31,11:15:00,2023-11-13,5.3,5.3,5.3,5.3,0,3800,1
FINNIFTY13NOV2321000CE.NFO,2023-10-31,11:16:00,2023-11-13,5.3,5.3,5.3,5.3,0,3800,0
FINNIFTY13NOV2321000CE.NFO,2023-10-31,11:17:00,2023-11-13,5.3,5.3,5.3,5.3,0,3800,1
FINNIFTY13NOV2321000CE.NFO,2023-10-31,11:18:00,2023-11-13,5.3,5.3,5.3,5.3,0,3800,1
FINNIFTY13NOV2321000CE.NFO,2023-10-31,11:19:00,2023-11-13,5.3,5.3,5.3,5.3,0,3800,1
FINNIFTY13NOV2321000CE.NFO,2023-10-31,11:20:00,2023-11-13,5.3,5.3,5.3,5.3,0,3800,1
FINNIFTY13NOV2321000CE.NFO,2023-10-31,11:21:00,2023-11-13,5.3,5.3,5.3,5.3,0,3800,1
FINNIFTY13NOV2321000CE.NFO,2023-10-31,11:22:00,2023-11-13,5.3,5.3,5.3,5.3,0,3800,1
FINNIFTY13NOV2321000CE.NFO,2023-10-31,11:23:00,2023-11-13,5.3,5.3,5.3,5.3,0,3800,1
FINNIFTY13NOV2321000CE.NFO,2023-10-31,11:24:00,2023-11-13,5.3,5.3,5.3,5.3,0,3800,1
FINNIFTY13NOV2321000CE.NFO,2023-10-31,11:25:00,2023-11-13,5.3,5.3,5.3,5.3,0,3800,1
FINNIFTY13NOV2321000CE.NFO,2023-10-31,11:26:00,2023-11-13,5.3,5.3,5.3,5.3,0,3800,1
FINNIFTY13NOV2321000CE.NFO,2023-10-31,11:27:00,2023-11-13,5.3,5.3,5.3,5.3,0,3800,1
FINNIFTY13NOV2321000CE.NFO,2023-10-31,11:28:00,2023-11-13,5.3,5.3,5.3,5.3,0,3800,0
FINNIFTY13NOV2321000CE.NFO,2023-10-31,11:29:00,2023-11-13,5.3,5.3,5.3,5.3,0,3800,1
FINNIFTY13NOV2321000CE.NFO,2023-10-31,11:30:00,2023-11-13,5.3,5.3,5.3,5.3,0,3800,1
FINNIFTY13NOV2321000CE.NFO,2023-10-31,11:31:00,2023-11-13,5.3,5.3,5.3,5.3,0,3800,1
FINNIFTY13NOV2321000CE.NFO,2023-10-31,11:32:00,2023-11-13,5.3,5.3,5.3,5.3,0,3800,1
FINNIFTY13NOV2321000CE.NFO,2023-10-31,11:33:00,2023-11-13,5.3,5.3,5.3,5.3,0,3800,1
FINNIFTY13NOV2321000CE.NFO,2023-10-31,11:34:00,2023-11-13,5.3,5.3,5.3,5.3,0,3800,1
FINNIFTY13NOV2321000CE.NFO,2023-10-31,11:35:00,2023-11-13,5.3,5.3,5.3,5.3,0,3800,1
FINNIFTY13NOV2321000CE.NFO,2023-10-31,11:36:00,2023-11-13,5.3,5.3,5.3,5.3,0,3800,1
FINNIFTY13NOV2321000CE.NFO,2023-10-31,11:37:00,2023-11-13,5.3,5.3,5.3,5.3,0,3800,1
FINNIFTY13NOV2321000CE.NFO,2023-10-31,11:38:00,2023-11-13,5.3,5.3,5.3,5.3,0,3800,1
FINNIFTY13NOV2321000CE.NFO,2023-10-31,11:39:00,2023-11-13,5.3,5.3,5.3,5.3,0,3800,1
FINNIFTY13NOV2321000CE.NFO,2023-10-31,11:40:00,2023-11-13,5.3,5.3,5.3,5.3,0,3800,1
FINNIFTY13NOV2321000CE.NFO,2023-10-31,11:41:00,2023-11-13,5.3,5.3,5.3,5.3,0,3800,1
FINNIFTY13NOV2321000CE.NFO,2023-10-31,11:42:00,2023-11-13,5.3,5.3,5.3,5.3,0,3800,0
FINNIFTY13NOV2321000CE.NFO,2023-10-31,11:43:00,2023-11-13,5.3,5.3,5.3,5.3,0,3800,0
FINNIFTY13NOV2321000CE.NFO,2023-10-31,11:44:00,2023-11-13,5.3,5.3,5.3,5.3,0,3800,0
FINNIFTY13NOV2321000CE.NFO,2023-10-31,11:45:00,2023-11-13,5.3,5.3,5.3,5.3,0,3800,0
FINNIFTY13NOV2321000CE.NFO,2023-10-31,11:46:00,2023-11-13,5.3,5.3,5.3,5.3,0,3800,1
FINNIFTY13NOV2321000CE.NFO,2023-10-31,11:47:00,2023-11-13,5.3,5.3,5.3,5.3,0,3800,1
FINNIFTY13NOV2321000CE.NFO,2023-10-31,11:48:00,2023-11-13,5.3,5.3,5.3,5.3,0,3800,0
FINNIFTY13NOV2321000CE.NFO,2023-10-31,11:49:00,2023-11-13,5.3,5.3,5.3,5.3,0,3800,1
FINNIFTY13NOV2321000CE.NFO,2023-10-31,11:50:00,2023-11-13,5.3,5.3,5.3,5.3,0,3800,1
FINNIFTY13NOV2321000CE.NFO,2023-10-31,11:51:00,2023-11-13,5.3,5.3,5.3,5.3,0,3800,1
FINNIFTY13NOV2321000CE.NFO,2023-10-31,11:52:00,2023-11-13,5.3,5.3,5.3,5.3,0,3800,1
FINNIFTY13NOV2321000CE.NFO,2023-10-31,11:53:00,2023-11-13,5.3,5.3,5.3,5.3,0,3800,1
FINNIFTY13NOV2321000CE.NFO,2023-10-31,11:54:00,2023-11-13,5.3,5.3,5.3,5.3,0,3800,1
FINNIFTY13NOV2321000CE.NFO,2023-10-31,11:55:00,2023-11-13,5.3,5.3,5.3,5.3,0,3800,1
FINNIFTY13NOV2321000CE.NFO,2023-10-31,11:56:00,2023-11-13,5.3,5.3,5.3,5.3,0,3800,0
FINNIFTY13NOV2321000CE.NFO,2023-10-31,11:57:00,2023-11-13,5.3,5.3,5.3,5.3,0,3800,1
FINNIFTY13NOV2321000CE.NFO,2023-10-31,11:58:00,2023-11-13,5.3,5.3,5.3,5.3,0,3800,0
FINNIFTY13NOV2321000CE.NFO,2023-10-31,11:59:00,2023-11-13,5.3,5.3,5.3,5.3,0,3800,1
FINNIFTY13NOV2321000CE.NFO,2023-10-31,12:00:00,2023-11-13,5.3,5.3,5.3,5.3,0,3800,1
FINNIFTY13NOV2321000CE.NFO,2023-10-31,12:01:00,2023-11-13,5.3,5.3,5.3,5.3,0,3800,1
FINNIFTY13NOV2321000CE.NFO,2023-10-31,12:02:00,2023-11-13,5.3,5.3,5.3,5.3,0,3800,1
FINNIFTY13NOV2321000CE.NFO,2023-10-31,12:03:00,2023-11-13,5.3,5.3,5.3,5.3,0,3800,0
FINNIFTY13NOV2321000CE.NFO,2023-10-31,12:04:00,2023-11-13,5.3,5.3,5.3,5.3,0,3800,1
FINNIFTY13NOV2321000CE.NFO,2023-10-31,12:05:00,2023-11-13,5.3,5.3,5.3,5.3,0,3800,1
FINNIFTY13NOV2321000CE.NFO,2023-10-31,12:06:00,2023-11-13,5.3,5.3,5.3,5.3,0,3800,1
FINNIFTY13NOV2321000CE.NFO,2023-10-31,12:07:00,2023-11-13,5.3,5.3,5.3,5.3,0,3800,1
FINNIFTY13NOV2321000CE.NFO,2023-10-31,12:08:00,2023-11-13,5.3,5.3,5.3,5.3,0,3800,0
FINNIFTY13NOV2321000CE.NFO,2023-10-31,12:09:00,2023-11-13,5.3,5.3,5.3,5.3,0,3800,1
FINNIFTY13NOV2321000CE.NFO,2023-10-31,12:10:00,2023-11-13,5.3,5.3,5.3,5.3,0,3800,1
FINNIFTY13NOV2321000CE.NFO,2023-10-31,12:11:00,2023-11-13,5.3,5.3,5.3,5.3,0,3800,1
FINNIFTY13NOV2321000CE.NFO,2023-10-31,12:12:00,2023-11-13,5.3,5.3,5.3,5.3,0,3800,1
FINNIFTY13NOV2321000CE.NFO,2023-10-31,12:13:00,2023-11-13,5.3,5.3,5.3,5.3,0,3800,0
FINNIFTY13NOV2321000CE.NFO,2023-10-31,12:14:00,2023-11-13,5.3,5.3,5.3,5.3,0,3800,1
FINNIFTY13NOV2321000CE.NFO,2023-10-31,12:15:00,2023-11-13,5.3,5.3,5.3,5.3,0,3800,1
FINNIFTY13NOV2321000CE.NFO,2023-10-31,12:16:00,2023-11-13,5.3,5.3,5.3,5.3,0,3800,1
FINNIFTY13NOV2321000CE.NFO,2023-10-31,12:17:00,2023-11-13,5.3,5.3,5.3,5.3,0,3800,1
FINNIFTY13NOV2321000CE.NFO,2023-10-31,12:18:00,2023-11-13,5.3,5.3,5.3,5.3,0,3800,0
FINNIFTY13NOV2321000CE.NFO,2023-10-31,12:19:00,2023-11-13,5.3,5.3,5.3,5.3,0,3800,1
FINNIFTY13NOV2321000CE.NFO,2023-10-31,12:20:00,2023-11-13,5.3,5.3,5.3,5.3,0,3800,1
FINNIFTY13NOV2321000CE.NFO,2023-10-31,12:21:00,2023-11-13,5.3,5.3,5.3,5.3,0,3800,1
FINNIFTY13NOV2321000CE.NFO,2023-10-31,12:22:00,2023-11-13,5.3,5.3,5.3,5.3,0,3800,1
FINNIFTY13NOV2321000CE.NFO,2023-10-31,12:23:00,2023-11-13,5.3,5.3,5.3,5.3,0,3800,1
FINNIFTY13NOV2321000CE.NFO,2023-10-31,12:24:00,2023-11-13,5.3,5.3,5.3,5.3,0,3800,1
FINNIFTY13NOV2321000CE.NFO,2023-10-31,12:25:00,2023-11-13,5.3,5.3,5.3,5.3,0,3800,1
FINNIFTY13NOV2321000CE.NFO,2023-10-31,12:26:00,2023-11-13,5.3,5.3,5.3,5.3,0,3800,1
FINNIFTY13NOV2321000CE.NFO,2023-10-31,12:27:00,2023-11-13,5.3,5.3,5.3,5.3,0,3800,1
FINNIFTY13NOV2321000CE.NFO,2023-10-31,12:28:00,2023-11-13,5.3,5.3,5.3,5.3,0,3800,0
FINNIFTY13NOV2321000CE.NFO,2023-10-31,12:29:00,2023-11-13,5.3,5.3,5.3,5.3,0,3800,1
FINNIFTY13NOV2321000CE.NFO,2023-10-31,12:30:00,2023-11-13,5.3,5.3,5.3,5.3,0,3800,1
FINNIFTY13NOV2321000CE.NFO,2023-10-31,12:31:00,2023-11-13,5.3,5.3,5.3,5.3,0,3800,1
FINNIFTY13NOV2321000CE.NFO,2023-10-31,12:32:00,2023-11-13,5.3,5.3,5.3,5.3,0,3800,1
FINNIFTY13NOV2321000CE.NFO,2023-10-31,12:33:00,2023-11-13,5.3,5.3,5.3,5.3,0,3800,1
FINNIFTY13NOV2321000CE.NFO,2023-10-31,12:34:00,2023-11-13,5.3,5.3,5.3,5.3,0,3800,1
FINNIFTY13NOV2321000CE.NFO,2023-10-31,12:35:00,2023-11-13,5.3,5.3,5.3,5.3,0,3800,1
FINNIFTY13NOV2321000CE.NFO,2023-10-31,12:36:00,2023-11-13,5.3,5.3,5.3,5.3,0,3800,1
FINNIFTY13NOV2321000CE.NFO,2023-10-31,12:37:00,2023-11-13,5.3,5.3,5.3,5.3,0,3800,1
FINNIFTY13NOV2321000CE.NFO,2023-10-31,12:38:00,2023-11-13,5.3,5.3,5.3,5.3,0,3800,1
FINNIFTY13NOV2321000CE.NFO,2023-10-31,12:39:00,2023-11-13,5.3,5.3,5.3,5.3,0,3800,1
FINNIFTY13NOV2321000CE.NFO,2023-10-31,12:40:00,2023-11-13,5.3,5.3,5.3,5.3,0,3800,1
FINNIFTY13NOV2321000CE.NFO,2023-10-31,12:41:00,2023-11-13,5.3,5.3,5.3,5.3,0,3800,1
FINNIFTY13NOV2321000CE.NFO,2023-10-31,12:42:00,2023-11-13,5.3,5.3,5.3,5.3,0,3800,1
FINNIFTY13NOV2321000CE.NFO,2023-10-31,12:43:00,2023-11-13,5.3,5.3,5.3,5.3,0,3800,0
FINNIFTY13NOV2321000CE.NFO,2023-10-31,12:44:00,2023-11-13,5.3,5.3,5.3,5.3,0,3800,0
FINNIFTY13NOV2321000CE.NFO,2023-10-31,12:45:00,2023-11-13,5.3,5.3,5.3,5.3,0,3800,1
FINNIFTY13NOV2321000CE.NFO,2023-10-31,12:46:00,2023-11-13,5.3,5.3,5.3,5.3,0,3800,1
FINNIFTY13NOV2321000CE.NFO,2023-10-31,12:47:00,2023-11-13,5.3,5.3,5.3,5.3,0,3800,1
FINNIFTY13NOV2321000CE.NFO,2023-10-31,12:48:00,2023-11-13,5.3,5.3,5.3,5.3,0,3800,1
FINNIFTY13NOV2321000CE.NFO,2023-10-31,12:49:00,2023-11-13,5.3,5.3,5.3,5.3,0,3800,0
FINNIFTY13NOV2321000CE.NFO,2023-10-31,12:50:00,2023-11-13,5.3,5.3,5.3,5.3,0,3800,1
FINNIFTY13NOV2321000CE.NFO,2023-10-31,12:51:00,2023-11-13,5.3,5.3,5.3,5.3,0,3800,1
FINNIFTY13NOV2321000CE.NFO,2023-10-31,12:52:00,2023-11-13,5.3,5.3,5.3,5.3,0,3800,0
FINNIFTY13NOV2321000CE.NFO,2023-10-31,12:53:00,2023-11-13,5.3,5.3,5.3,5.3,0,3800,0
FINNIFTY13NOV2321000CE.NFO,2023-10-31,12:54:00,2023-11-13,5.3,5.3,5.3,5.3,0,3800,0
FINNIFTY13NOV2321000CE.NFO,2023-10-31,12:55:00,2023-11-13,5.3,5.3,5.3,5.3,0,3800,1
FINNIFTY13NOV2321000CE.NFO,2023-10-31,12:56:00,2023-11-13,5.3,5.3,5.3,5.3,0,3800,1
FINNIFTY13NOV2321000CE.NFO,2023-10-31,12:57:00,2023-11-13,5.3,5.3,5.3,5.3,0,3800,1
FINNIFTY13NOV2321000CE.NFO,2023-10-31,12:58:00,2023-11-13,5.3,5.3,5.3,5.3,0,3800,0
FINNIFTY13NOV2321000CE.NFO,2023-10-31,12:59:00,2023-11-13,5.3,5.3,5.3,5.3,0,3800,1
FINNIFTY13NOV2321000CE.NFO,2023-10-31,13:00:00,2023-11-13,5.3,5.3,5.3,5.3,0,3800,1
FINNIFTY13NOV2321000CE.NFO,2023-10-31,13:01:00,2023-11-13,5.3,5.3,5.3,5.3,0,3800,0
FINNIFTY13NOV2321000CE.NFO,2023-10-31,13:02:00,2023-11-13,5.3,5.3,5.3,5.3,0,3800,1
FINNIFTY13NOV2321000CE.NFO,2023-10-31,13:03:00,2023-11-13,5.3,5.3,5.3,5.3,0,3800,1
FINNIFTY13NOV2321000CE.NFO,2023-10-31,13:04:00,2023-11-13,5.3,5.3,5.3,5.3,0,3800,1
FINNIFTY13NOV2321000CE.NFO,2023-10-31,13:05:00,2023-11-13,5.3,5.3,5.3,5.3,0,3800,1
FINNIFTY13NOV2321000CE.NFO,2023-10-31,13:06:00,2023-11-13,5.3,5.3,5.3,5.3,0,3800,1
FINNIFTY13NOV2321000CE.NFO,2023-10-31,13:07:00,2023-11-13,5.3,5.3,5.3,5.3,0,3800,1
FINNIFTY13NOV2321000CE.NFO,2023-10-31,13:08:00,2023-11-13,5.3,5.3,5.3,5.3,0,3800,1
FINNIFTY13NOV2321000CE.NFO,2023-10-31,13:09:00,2023-11-13,5.3,5.3,5.3,5.3,0,3800,1
FINNIFTY13NOV2321000CE.NFO,2023-10-31,13:10:00,2023-11-13,5.3,5.3,5.3,5.3,0,3800,0
FINNIFTY13NOV2321000CE.NFO,2023-10-31,13:11:00,2023-11-13,5.3,5.3,5.3,5.3,0,3800,1
FINNIFTY13NOV2321000CE.NFO,2023-10-31,13:12:00,2023-11-13,5.3,5.3,5.3,5.3,0,3800,1
FINNIFTY13NOV2321000CE.NFO,2023-10-31,13:13:00,2023-11-13,5.3,5.3,5.3,5.3,0,3800,0
FINNIFTY13NOV2321000CE.NFO,2023-10-31,13:14:00,2023-11-13,5.3,5.3,5.3,5.3,0,3800,1
FINNIFTY13NOV2321000CE.NFO,2023-10-31,13:15:00,2023-11-13,5.3,5.3,5.3,5.3,0,3800,1
FINNIFTY13NOV2321000CE.NFO,2023-10-31,13:16:00,2023-11-13,5.3,5.3,5.3,5.3,0,3800,1
FINNIFTY13NOV2321000CE.NFO,2023-10-31,13:17:00,2023-11-13,5.3,5.3,5.3,5.3,0,3800,1
FINNIFTY13NOV2321000CE.NFO,2023-10-31,13:18:00,2023-11-13,5.3,5.3,5.3,5.3,0,3800,1
FINNIFTY13NOV2321000CE.NFO,2023-10-31,13:19:00,2023-11-13,5.3,5.3,5.3,5.3,0,3800,1
FINNIFTY13NOV2321000CE.NFO,2023-10-31,13:20:00,2023-11-13,5.3,5.3,5.3,5.3,0,3800,1
FINNIFTY13NOV2321000CE.NFO,2023-10-31,13:21:00,2023-11-13,5.3,5.3,5.3,5.3,0,3800,1
FINNIFTY13NOV2321000CE.NFO,2023-10-31,13:22:00,2023-11-13,5.3,5.3,5.3,5.3,0,3800,1
FINNIFTY13NOV2321000CE.NFO,2023-10-31,13:23:00,2023-11-13,5.3,5.3,5.3,5.3,0,3800,1
FINNIFTY13NOV2321000CE.NFO,2023-10-31,13:24:00,2023-11-13,5.3,5.3,5.3,5.3,0,3800,1
FINNIFTY13NOV2321000CE.NFO,2023-10-31,13:25:00,2023-11-13,5.3,5.3,5.3,5.3,0,3800,1
FINNIFTY13NOV2321000CE.NFO,2023-10-31,13:26:00,2023-11-13,5.3,5.3,5.3,5.3,0,3800,1
FINNIFTY13NOV2321000CE.NFO,2023-10-31,13:27:00,2023-11-13,5.3,5.3,5.3,5.3,0,3800,1
FINNIFTY13NOV2321000CE.NFO,2023-10-31,13:28:00,2023-11-13,5.3,5.3,5.3,5.3,0,3800,0
FINNIFTY13NOV2321000CE.NFO,2023-10-31,13:29:00,2023-11-13,5.3,5.3,5.3,5.3,0,3800,1
FINNIFTY13NOV2321000CE.NFO,2023-10-31,13:30:00,2023-11-13,5.3,5.3,5.3,5.3,0,3800,1
FINNIFTY13NOV2321000CE.NFO,2023-10-31,13:31:00,2023-11-13,5.3,5.3,5.3,5.3,0,3800,1
FINNIFTY13NOV2321000CE.NFO,2023-10-31,13:32:00,2023-11-13,5.3,5.3,5.3,5.3,0,3800,1
FINNIFTY13NOV2321000CE.NFO,2023-10-31,13:33:00,2023-11-13,5.3,5.3,5.3,5.3,0,3800,1
FINNIFTY13NOV2321000CE.NFO,2023-10-31,13:34:00,2023-11-13,5.3,5.3,5.3,5.3,0,3800,1
FINNIFTY13NOV2321000CE.NFO,2023-10-31,13:35:00,2023-11-13,5.3,5.3,5.3,5.3,0,3800,1
FINNIFTY13NOV2321000CE.NFO,2023-10-31,13:36:00,2023-11-13,5.3,5.3,5.3,5.3,0,3800,1
FINNIFTY13NOV2321000CE.NFO,2023-10-31,13:37:00,2023-11-13,5.3,5.3,5.3,5.3,0,3800,1
FINNIFTY13NOV2321000CE.NFO,2023-10-31,13:38:00,2023-11-13,5.3,5.3,5.3,5.3,0,3800,1
FINNIFTY13NOV2321000CE.NFO,2023-10-31,13:39:00,2023-11-13,5.3,5.3,5.3,5.3,0,3800,0
FINNIFTY13NOV2321000CE.NFO,2023-10-31,13:40:00,2023-11-13,5.3,5.3,5.3,5.3,0,3800,1
FINNIFTY13NOV2321000CE.NFO,2023-10-31,13:41:00,2023-11-13,5.3,5.3,5.3,5.3,0,3800,1
FINNIFTY13NOV2321000CE.NFO,2023-10-31,13:42:00,2023-11-13,5.3,5.3,5.3,5.3,0,3800,1
FINNIFTY13NOV2321000CE.NFO,2023-10-31,13:43:00,2023-11-13,5.3,5.3,5.3,5.3,0,3800,1
FINNIFTY13NOV2321000CE.NFO,2023-10-31,13:44:00,2023-11-13,5.3,5.3,5.3,5.3,0,3800,1
FINNIFTY13NOV2321000CE.NFO,2023-10-31,13:45:00,2023-11-13,5.3,5.3,5.3,5.3,0,3800,1
FINNIFTY13NOV2321000CE.NFO,2023-10-31,13:46:00,2023-11-13,5.3,5.3,5.3,5.3,0,3800,1
FINNIFTY13NOV2321000CE.NFO,2023-10-31,13:47:00,2023-11-13,5.3,5.3,5.3,5.3,0,3800,1
FINNIFTY13NOV2321000CE.NFO,2023-10-31,13:48:00,2023-11-13,5.3,5.3,5.3,5.3,0,3800,1
FINNIFTY13NOV2321000CE.NFO,2023-10-31,13:49:00,2023-11-13,5.3,5.3,5.3,5.3,0,3800,1
FINNIFTY13NOV2321000CE.NFO,2023-10-31,13:50:00,2023-11-13,5.3,5.3,5.3,5.3,0,3800,1
FINNIFTY13NOV2321000CE.NFO,2023-10-31,13:51:00,2023-11-13,5.3,5.3,5.3,5.3,0,3800,1
FINNIFTY13NOV2321000CE.NFO,2023-10-31,13:52:00,2023-11-13,5.3,5.3,5.3,5.3,0,3800,1
FINNIFTY13NOV2321000CE.NFO,2023-10-31,13:53:00,2023-11-13,5.3,5.3,5.3,5.3,0,3800,1
FINNIFTY13NOV2321000CE.NFO,2023-10-31,13:54:00,2023-11-13,5.3,5.3,5.3,5.3,0,3800,1
FINNIFTY13NOV2321000CE.NFO,2023-10-31,13:55:00,2023-11-13,5.3,5.3,5.3,5.3,0,3800,1
FINNIFTY13NOV2321000CE.NFO,2023-10-31,13:56:00,2023-11-13,5.3,5.3,5.3,5.3,0,3800,1
FINNIFTY13NOV2321000CE.NFO,2023-10-31,13:57:00,2023-11-13,5.3,5.3,5.3,5.3,0,3800,1
FINNIFTY13NOV2321000CE.NFO,2023-10-31,13:58:00,2023-11-13,5.3,5.3,5.3,5.3,0,3800,0
FINNIFTY13NOV2321000CE.NFO,2023-10-31,13:59:00,2023-11-13,5.3,5.3,5.3,5.3,0,3800,1
FINNIFTY13NOV2321000CE.NFO,2023-10-31,14:00:00,2023-11-13,5.3,5.3,5.3,5.3,0,3800,1
FINNIFTY13NOV2321000CE.NFO,2023-10-31,14:01:00,2023-11-13,5.3,5.3,5.3,5.3,0,3800,1
FINNIFTY13NOV2321000CE.NFO,2023-10-31,14:02:00,2023-11-13,5.3,5.3,5.3,5.3,0,3800,1
FINNIFTY13NOV2321000CE.NFO,2023-10-31,14:03:00,2023-11-13,5.3,5.3,5.3,5.3,0,3800,1
FINNIFTY13NOV2321000CE.NFO,2023-10-31,14:04:00,2023-11-13,5.3,5.3,5.3,5.3,0,3800,1
FINNIFTY13NOV2321000CE.NFO,2023-10-31,14:05:00,2023-11-13,5.3,5.3,5.3,5.3,0,3800,1
FINNIFTY13NOV2321000CE.NFO,2023-10-31,14:06:00,2023-11-13,5.3,5.3,5.3,5.3,0,3800,1
FINNIFTY13NOV2321000CE.NFO,2023-10-31,14:07:00,2023-11-13,5.3,5.3,5.3,5.3,0,3800,1
FINNIFTY13NOV2321000CE.NFO,2023-10-31,14:08:00,2023-11-13,5.3,5.3,5.3,5.3,0,3800,1
FINNIFTY13NOV2321000CE.NFO,2023-10-31,14:09:00,2023-11-13,5.3,5.3,5.3,5.3,0,3800,1
FINNIFTY13NOV2321000CE.NFO,2023-10-31,14:10:00,2023-11-13,5.3,5.3,5.3,5.3,0,3800,1
FINNIFTY13NOV2321000CE.NFO,2023-10-31,14:11:00,2023-11-13,5.3,5.3,5.3,5.3,0,3800,1
FINNIFTY13NOV2321000CE.NFO,2023-10-31,14:12:00,2023-11-13,5.3,5.3,5.3,5.3,0,3800,1
FINNIFTY13NOV2321000CE.NFO,2023-10-31,14:13:00,2023-11-13,5.3,5.3,5.3,5.3,0,3800,0
FINNIFTY13NOV2321000CE.NFO,2023-10-31,14:14:00,2023-11-13,5.3,5.3,5.3,5.3,0,3800,1
FINNIFTY13NOV2321000CE.NFO,2023-10-31,14:15:00,2023-11-13,5.3,5.3,5.3,5.3,0,3800,1
FINNIFTY13NOV2321000CE.NFO,2023-10-31,14:16:00,2023-11-13,5.3,5.3,5.3,5.3,0,3800,1
FINNIFTY13NOV2321000CE.NFO,2023-10-31,14:17:00,2023-11-13,5.3,5.3,5.3,5.3,0,3800,1
FINNIFTY13NOV2321000CE.NFO,2023-10-31,14:18:00,2023-11-13,5.3,5.3,5.3,5.3,0,3800,1
FINNIFTY13NOV2321000CE.NFO,2023-10-31,14:19:00,2023-11-13,5.3,5.3,5.3,5.3,0,3800,1
FINNIFTY13NOV2321000CE.NFO,2023-10-31,14:20:00,2023-11-13,5.3,5.3,5.3,5.3,0,3800,1
FINNIFTY13NOV2321000CE.NFO,2023-10-31,14:21:00,2023-11-13,5.3,5.3,5.3,5.3,0,3800,1
FINNIFTY13NOV2321000CE.NFO,2023-10-31,14:22:00,2023-11-13,5.3,5.3,5.3,5.3,0,3800,1
FINNIFTY13NOV2321000CE.NFO,2023-10-31,14:23:00,2023-11-13,5.3,5.3,5.3,5.3,0,3800,1
FINNIFTY13NOV2321000CE.NFO,2023-10-31,14:24:00,2023-11-13,5.3,5.3,5.3,5.3,0,3800,0
FINNIFTY13NOV2321000CE.NFO,2023-10-31,14:25:00,2023-11-13,5.3,5.3,5.3,5.3,0,3800,1
FINNIFTY13NOV2321000CE.NFO,2023-10-31,14:26:00,2023-11-13,5.3,5.3,5.3,5.3,0,3800,1
FINNIFTY13NOV2321000CE.NFO,2023-10-31,14:27:00,2023-11-13,5.3,5.3,5.3,5.3,0,3800,0
FINNIFTY13NOV2321000CE.NFO,2023-10-31,14:28:00,2023-11-13,5.3,5.3,5.3,5.3,0,3800,0
FINNIFTY13NOV2321000CE.NFO,2023-10-31,14:29:00,2023-11-13,5.3,5.3,5.3,5.3,0,3800,0
FINNIFTY13NOV2321000CE.NFO,2023-10-31,14:30:00,2023-11-13,5.3,5.3,5.3,5.3,0,3800,1
FINNIFTY13NOV2321000CE.NFO,2023-10-31,14:31:00,2023-11-13,5.3,5.3,5.3,5.3,0,3800,1
FINNIFTY13NOV2321000CE.NFO,2023-10-31,14:32:00,2023-11-13,5.3,5.3,5.3,5.3,0,3800,1
FINNIFTY13NOV2321000CE.NFO,2023-10-31,14:33:00,2023-11-13,5.3,5.3,5.3,5.3,0,3800,0
FINNIFTY13NOV2321000CE.NFO,2023-10-31,14:34:00,2023-11-13,5.3,5.3,5.3,5.3,0,3800,0
FINNIFTY13NOV2321000CE.NFO,2023-10-31,14:35:00,2023-11-13,5.3,5.3,5.3,5.3,0,3800,0
FINNIFTY13NOV2321000CE.NFO,2023-10-31,14:36:00,2023-11-13,5.3,5.3,5.3,5.3,0,3800,0
FINNIFTY13NOV2321000CE.NFO,2023-10-31,14:37:00,2023-11-13,5.3,5.3,5.3,5.3,0,3800,0
FINNIFTY13NOV2321000CE.NFO,2023-10-31,14:38:00,2023-11-13,5.3,5.3,5.3,5.3,0,3800,0
FINNIFTY13NOV2321000CE.NFO,2023-10-31,14:39:00,2023-11-13,5.3,5.3,5.3,5.3,0,3800,0
FINNIFTY13NOV2321000CE.NFO,2023-10-31,14:40:00,2023-11-13,5.3,5.3,5.3,5.3,0,3800,0
FINNIFTY13NOV2321000CE.NFO,2023-10-31,14:41:00,2023-11-13,5.3,5.3,5.3,5.3,0,3800,0
FINNIFTY13NOV2321000CE.NFO,2023-10-31,14:42:00,2023-11-13,5.3,5.3,5.3,5.3,0,3800,0
FINNIFTY13NOV2321000CE.NFO,2023-10-31,14:43:00,2023-11-13,5.3,5.3,5.3,5.3,0,3800,0
FINNIFTY13NOV2321000CE.NFO,2023-10-31,14:44:00,2023-11-13,5.3,5.3,5.3,5.3,0,3800,0
FINNIFTY13NOV2321000CE.NFO,2023-10-31,14:45:00,2023-11-13,5.3,5.3,5.3,5.3,0,3800,0
FINNIFTY13NOV2321000CE.NFO,2023-10-31,14:46:00,2023-11-13,5.3,5.3,5.3,5.3,0,3800,0
FINNIFTY13NOV2321000CE.NFO,2023-10-31,14:47:00,2023-11-13,5.3,5.3,5.3,5.3,0,3800,0
FINNIFTY13NOV2321000CE.NFO,2023-10-31,14:48:00,2023-11-13,5.3,5.3,5.3,5.3,0,3800,0
FINNIFTY13NOV2321000CE.NFO,2023-10-31,14:49:00,2023-11-13,5.3,5.3,5.3,5.3,0,3800,0
FINNIFTY13NOV2321000CE.NFO,2023-10-31,14:50:00,2023-11-13,5.3,5.3,5.3,5.3,0,3800,1
FINNIFTY13NOV2321000CE.NFO,2023-10-31,14:51:00,2023-11-13,5.3,5.3,5.3,5.3,0,3800,1
FINNIFTY13NOV2321000CE.NFO,2023-10-31,14:52:00,2023-11-13,5.3,5.3,5.3,5.3,0,3800,1
FINNIFTY13NOV2321000CE.NFO,2023-10-31,14:53:00,2023-11-13,5.3,5.3,5.3,5.3,0,3800,0
FINNIFTY13NOV2321000CE.NFO,2023-10-31,14:54:00,2023-11-13,5.3,5.3,5.3,5.3,0,3800,0
FINNIFTY13NOV2321000CE.NFO,2023-10-31,14:55:00,2023-11-13,5.3,5.3,5.3,5.3,0,3800,0
FINNIFTY13NOV2321000CE.NFO,2023-10-31,14:56:00,2023-11-13,5.3,5.3,5.3,5.3,0,3800,1
FINNIFTY13NOV2321000CE.NFO,2023-10-31,14:57:00,2023-11-13,5.3,5.3,5.3,5.3,0,3800,0
FINNIFTY13NOV2321000CE.NFO,2023-10-31,14:58:00,2023-11-13,5.3,5.3,5.3,5.3,0,3800,0
FINNIFTY13NOV2321000CE.NFO,2023-10-31,14:59:00,2023-11-13,5.3,5.3,5.3,5.3,0,3800,0
FINNIFTY13NOV2321000CE.NFO,2023-10-31,15:00:00,2023-11-13,5.3,5.3,5.3,5.3,0,3800,1
FINNIFTY13NOV2321000CE.NFO,2023-10-31,15:01:00,2023-11-13,5.3,5.3,5.3,5.3,0,3800,0
FINNIFTY13NOV2321000CE.NFO,2023-10-31,15:02:00,2023-11-13,5.3,5.3,5.3,5.3,0,3800,0
FINNIFTY13NOV2321000CE.NFO,2023-10-31,15:03:00,2023-11-13,5.3,5.3,5.3,5.3,0,3800,0
FINNIFTY13NOV2321000CE.NFO,2023-10-31,15:04:00,2023-11-13,5.3,5.3,5.3,5.3,0,3800,0
FINNIFTY13NOV2321000CE.NFO,2023-10-31,15:05:00,2023-11-13,5.3,5.3,5.3,5.3,0,3800,0
FINNIFTY13NOV2321000CE.NFO,2023-10-31,15:06:00,2023-11-13,5.3,5.3,5.3,5.3,0,3800,1
FINNIFTY13NOV2321000CE.NFO,2023-10-31,15:07:00,2023-11-13,5.3,5.3,5.3,5.3,0,3800,0
FINNIFTY13NOV2321000CE.NFO,2023-10-31,15:08:00,2023-11-13,5.3,5.3,5.3,5.3,0,3800,1
FINNIFTY13NOV2321000CE.NFO,2023-10-31,15:09:00,2023-11-13,5.3,5.3,5.3,5.3,0,3800,1
FINNIFTY13NOV2321000CE.NFO,2023-10-31,15:10:00,2023-11-13,5.3,5.3,5.3,5.3,0,3800,1
FINNIFTY13NOV2321000CE.NFO,2023-10-31,15:11:00,2023-11-13,5.3,5.3,5.3,5.3,0,3800,0
FINNIFTY13NOV2321000CE.NFO,2023-10-31,15:12:00,2023-11-13,5.3,5.3,5.3,5.3,0,3800,1
FINNIFTY13NOV2321000CE.NFO,2023-10-31,15:13:00,2023-11-13,5.3,5.3,5.3,5.3,0,3800,0
FINNIFTY13NOV2321000CE.NFO,2023-10-31,15:14:00,2023-11-13,5.3,5.3,5.3,5.3,0,3800,1
FINNIFTY13NOV2321000CE.NFO,2023-10-31,15:15:00,2023-11-13,5.3,5.3,5.3,5.3,0,3800,1
FINNIFTY13NOV2321000CE.NFO,2023-10-31,15:16:00,2023-11-13,5.3,5.3,5.3,5.3,0,3800,1
FINNIFTY13NOV2321000CE.NFO,2023-10-31,15:17:00,2023-11-13,5.3,5.3,5.3,5.3,0,3800,1
FINNIFTY13NOV2321000CE.NFO,2023-10-31,15:18:00,2023-11-13,5.3,5.3,5.3,5.3,0,3800,1
FINNIFTY13NOV2321000CE.NFO,2023-10-31,15:19:00,2023-11-13,5.3,5.3,5.3,5.3,0,3800,1
FINNIFTY13NOV2321000CE.NFO,2023-10-31,15:20:00,2023-11-13,5.3,5.3,5.3,5.3,0,3800,1
FINNIFTY13NOV2321000CE.NFO,2023-10-31,15:21:00,2023-11-13,5.3,5.3,5.3,5.3,0,3800,0
FINNIFTY13NOV2321000CE.NFO,2023-10-31,15:22:00,2023-11-13,5.3,5.3,5.3,5.3,0,3800,1
FINNIFTY13NOV2321000CE.NFO,2023-10-31,15:23:00,2023-11-13,5.3,5.3,5.3,5.3,0,3800,1
FINNIFTY13NOV2321000CE.NFO,2023-10-31,15:24:00,2023-11-13,5.3,5.3,5.3,5.3,0,3800,1
FINNIFTY13NOV2321000CE.NFO,2023-10-31,15:25:00,2023-11-13,5.3,5.3,5.3,5.3,0,3800,1
FINNIFTY13NOV2321000CE.NFO,2023-10-31,15:26:00,2023-11-13,5.3,5.3,5.3,5.3,0,3800,1
FINNIFTY13NOV2321000CE.NFO,2023-10-31,15:27:00,2023-11-13,5.3,5.3,5.3,5.3,0,3800,1
FINNIFTY13NOV2321000CE.NFO,2023-10-31,15:28:00,2023-11-13,5.3,5.3,5.3,5.3,0,3800,0
FINNIFTY13NOV2321000CE.NFO,2023-10-31,15:29:00,2023-11-13,5.3,5.3,5.3,5.3,0,3800,1
FINNIFTY13NOV2321000CE.NFO,2023-10-31,15:30:00,2023-11-13,5.3,5.3,5.3,5.3,0,3800,1
FINNIFTY13NOV2321000CE.NFO,2023-11-01,09:15:00,2023-11-13,3.25,3.25,3.25,3.25,800,4280,1
FINNIFTY13NOV2321000CE.NFO,2023-11-01,09:16:00,2023-11-13,3.25,3.25,3.25,3.25,800,4280,1
FINNIFTY13NOV2321000CE.NFO,2023-11-01,09:17:00,2023-11-13,3.25,3.25,3.25,3.25,800,4280,1
FINNIFTY13NOV2321000CE.NFO,2023-11-01,09:18:00,2023-11-13,3.25,3.25,3.25,3.25,800,4280,1
FINNIFTY13NOV2321000CE.NFO,2023-11-01,09:19:00,2023-11-13,3.25,3.25,3.25,3.25,800,4280,1
FINNIFTY13NOV2321000CE.NFO,2023-11-01,09:20:00,2023-11-13,3.25,3.25,3.25,3.25,800,4280,1
FINNIFTY13NOV2321000CE.NFO,2023-11-01,09:21:00,2023-11-13,3.25,3.25,3.25,3.25,800,4280,1
FINNIFTY13NOV2321000CE.NFO,2023-11-01,09:22:00,2023-11-13,3.25,3.25,3.25,3.25,800,4280,1
FINNIFTY13NOV2321000CE.NFO,2023-11-01,09:23:00,2023-11-13,3.25,3.25,3.25,3.25,800,4280,1
FINNIFTY13NOV2321000CE.NFO,2023-11-01,09:24:00,2023-11-13,3.25,3.25,3.25,3.25,800,4280,1
FINNIFTY13NOV2321000CE.NFO,2023-11-01,09:25:00,2023-11-13,3.25,3.25,3.25,3.25,800,4280,1
FINNIFTY13NOV2321000CE.NFO,2023-11-01,09:26:00,2023-11-13,3.25,3.25,3.25,3.25,800,4280,1
FINNIFTY13NOV2321000CE.NFO,2023-11-01,09:27:00,2023-11-13,3.25,3.25,3.25,3.25,800,4280,1
FINNIFTY13NOV2321000CE.NFO,2023-11-01,09:28:00,2023-11-13,3.25,3.25,3.25,3.25,800,4280,1
FINNIFTY13NOV2321000CE.NFO,2023-11-01,09:29:00,2023-11-13,3.25,3.25,3.25,3.25,800,4280,1
FINNIFTY13NOV2321000CE.NFO,2023-11-01,09:30:00,2023-11-13,3.25,3.25,3.25,3.25,800,4280,1
FINNIFTY13NOV2321000CE.NFO,2023-11-01,09:31:00,2023-11-13,3.25,3.25,3.25,3.25,800,4280,1
FINNIFTY13NOV2321000CE.NFO,2023-11-01,09:32:00,2023-11-13,3.25,3.25,3.25,3.25,800,4280,1
FINNIFTY13NOV2321000CE.NFO,2023-11-01,09:33:00,2023-11-13,3.25,3.25,3.25,3.25,800,4280,1
FINNIFTY13NOV2321000CE.NFO,2023-11-01,09:34:00,2023-11-13,3.25,3.25,3.25,3.25,800,4280,1
FINNIFTY13NOV2321000CE.NFO,2023-11-01,09:35:00,2023-11-13,3.25,3.25,3.25,3.25,800,4280,1
FINNIFTY13NOV2321000CE.NFO,2023-11-01,09:36:00,2023-11-13,3.25,3.25,3.25,3.25,800,4280,1
FINNIFTY13NOV2321000CE.NFO,2023-11-01,09:37:00,2023-11-13,3.25,3.25,3.25,3.25,800,4280,1
FINNIFTY13NOV2321000CE.NFO,2023-11-01,09:38:00,2023-11-13,3.25,3.25,3.25,3.25,800,4280,1
FINNIFTY13NOV2321000CE.NFO,2023-11-01,09:39:00,2023-11-13,3.25,3.25,3.25,3.25,800,4280,1
FINNIFTY13NOV2321000CE.NFO,2023-11-01,09:40:00,2023-11-13,3.25,3.25,3.25,3.25,800,4280,1
FINNIFTY13NOV2321000CE.NFO,2023-11-01,09:41:00,2023-11-13,3.25,3.25,3.25,3.25,800,4280,1
FINNIFTY13NOV2321000CE.NFO,2023-11-01,09:42:00,2023-11-13,3.25,3.25,3.25,3.25,800,4280,1
FINNIFTY13NOV2321000CE.NFO,2023-11-01,09:43:00,2023-11-13,3.25,3.25,3.25,3.25,800,4280,1
FINNIFTY13NOV2321000CE.NFO,2023-11-01,09:44:00,2023-11-13,3.25,3.25,3.25,3.25,800,4280,1
FINNIFTY13NOV2321000CE.NFO,2023-11-01,09:45:00,2023-11-13,3.25,3.25,3.25,3.25,800,4280,1
FINNIFTY13NOV2321000CE.NFO,2023-11-01,09:46:00,2023-11-13,3.25,3.25,3.25,3.25,800,4280,1
FINNIFTY13NOV2321000CE.NFO,2023-11-01,09:47:00,2023-11-13,3.25,3.25,3.25,3.25,800,4280,1
FINNIFTY13NOV2321000CE.NFO,2023-11-01,09:48:00,2023-11-13,3.25,3.25,3.25,3.25,800,4280,1
FINNIFTY13NOV2321000CE.NFO,2023-11-01,09:49:00,2023-11-13,3.25,3.25,3.25,3.25,800,4280,1
FINNIFTY13NOV2321000CE.NFO,2023-11-01,09:50:00,2023-11-13,3.25,3.25,3.25,3.25,800,4280,1
FINNIFTY13NOV2321000CE.NFO,2023-11-01,09:51:00,2023-11-13,3.25,3.25,3.25,3.25,800,4280,1
FINNIFTY13NOV2321000CE.NFO,2023-11-01,09:52:00,2023-11-13,3.25,3.25,3.25,3.25,800,4280,1
FINNIFTY13NOV2321000CE.NFO,2023-11-01,09:53:00,2023-11-13,3.25,3.25,3.25,3.25,800,4280,1
FINNIFTY13NOV2321000CE.NFO,2023-11-01,09:54:00,2023-11-13,3.25,3.25,3.25,3.25,800,4280,1
FINNIFTY13NOV2321000CE.NFO,2023-11-01,09:55:00,2023-11-13,3.25,3.25,3.25,3.25,800,4280,1
FINNIFTY13NOV2321000CE.NFO,2023-11-01,09:56:00,2023-11-13,3.25,3.25,3.25,3.25,800,4280,1
FINNIFTY13NOV2321000CE.NFO,2023-11-01,09:57:00,2023-11-13,3.25,3.25,3.25,3.25,800,4280,1
FINNIFTY13NOV2321000CE.NFO,2023-11-01,09:58:00,2023-11-13,3.25,3.25,3.25,3.25,800,4280,1
FINNIFTY13NOV2321000CE.NFO,2023-11-01,09:59:00,2023-11-13,3.25,3.25,3.25,3.25,800,4280,1
FINNIFTY13NOV2321000CE.NFO,2023-11-01,10:00:00,2023-11-13,3.25,3.25,3.25,3.25,800,4280,1
FINNIFTY13NOV2321000CE.NFO,2023-11-01,10:01:00,2023-11-13,3.25,3.25,3.25,3.25,800,4280,1
FINNIFTY13NOV2321000CE.NFO,2023-11-01,10:02:00,2023-11-13,3.25,3.25,3.25,3.25,800,4280,1
FINNIFTY13NOV2321000CE.NFO,2023-11-01,10:03:00,2023-11-13,3.25,3.25,3.25,3.25,800,4280,1
FINNIFTY13NOV2321000CE.NFO,2023-11-01,10:04:00,2023-11-13,3.25,3.25,3.25,3.25,800,4280,1
FINNIFTY13NOV2321000CE.NFO,2023-11-01,10:05:00,2023-11-13,3.25,3.25,3.25,3.25,800,4280,1
FINNIFTY13NOV2321000CE.NFO,2023-11-01,10:06:00,2023-11-13,3.25,3.25,3.25,3.25,800,4280,1
FINNIFTY13NOV2321000CE.NFO,2023-11-01,10:07:00,2023-11-13,3.25,3.25,3.25,3.25,800,4280,1
FINNIFTY13NOV2321000CE.NFO,2023-11-01,10:08:00,2023-11-13,3.25,3.25,3.25,3.25,800,4280,1
FINNIFTY13NOV2321000CE.NFO,2023-11-01,10:09:00,2023-11-13,3.25,3.25,3.25,3.25,800,4280,1
FINNIFTY13NOV2321000CE.NFO,2023-11-01,10:10:00,2023-11-13,3.25,3.25,3.25,3.25,800,4280,1
FINNIFTY13NOV2321000CE.NFO,2023-11-01,10:11:00,2023-11-13,3.25,3.25,3.25,3.25,800,4280,1
FINNIFTY13NOV2321000CE.NFO,2023-11-01,10:12:00,2023-11-13,3.25,3.25,3.25,3.25,800,4280,1
FINNIFTY13NOV2321000CE.NFO,2023-11-01,10:13:00,2023-11-13,3.25,3.25,3.25,3.25,800,4280,1
FINNIFTY13NOV2321000CE.NFO,2023-11-01,10:14:00,2023-11-13,3.25,3.25,3.25,3.25,800,4280,1
FINNIFTY13NOV2321000CE.NFO,2023-11-01,10:15:00,2023-11-13,3.25,3.25,3.25,3.25,800,4280,1
FINNIFTY13NOV2321000CE.NFO,2023-11-01,10:16:00,2023-11-13,3.25,3.25,3.25,3.25,800,4280,1
FINNIFTY13NOV2321000CE.NFO,2023-11-01,10:17:00,2023-11-13,3.25,3.25,3.25,3.25,800,4280,1
FINNIFTY13NOV2321000CE.NFO,2023-11-01,10:18:00,2023-11-13,3.25,3.25,3.25,3.25,800,4280,1
FINNIFTY13NOV2321000CE.NFO,2023-11-01,10:19:00,2023-11-13,3.25,3.25,3.25,3.25,800,4280,1
FINNIFTY13NOV2321000CE.NFO,2023-11-01,10:20:00,2023-11-13,3.25,3.25,3.25,3.25,800,4280,1
FINNIFTY13NOV2321000CE.NFO,2023-11-01,10:21:00,2023-11-13,3.25,3.25,3.25,3.25,800,4280,1
FINNIFTY13NOV2321000CE.NFO,2023-11-01,10:22:00,2023-11-13,3.25,3.25,3.25,3.25,800,4280,1
FINNIFTY13NOV2321000CE.NFO,2023-11-01,10:23:00,2023-11-13,3.25,3.25,3.25,3.25,800,4280,1
FINNIFTY13NOV2321000CE.NFO,2023-11-01,10:24:00,2023-11-13,3.25,3.25,3.25,3.25,800,4280,1
FINNIFTY13NOV2321000CE.NFO,2023-11-01,10:25:00,2023-11-13,3.25,3.25,3.25,3.25,800,4280,1
FINNIFTY13NOV2321000CE.NFO,2023-11-01,10:26:00,2023-11-13,3.25,3.25,3.25,3.25,800,4280,1
FINNIFTY13NOV2321000CE.NFO,2023-11-01,10:27:00,2023-11-13,3.25,3.25,3.25,3.25,800,4280,1
FINNIFTY13NOV2321000CE.NFO,2023-11-01,10:28:00,2023-11-13,3.25,3.25,3.25,3.25,800,4280,1
FINNIFTY13NOV2321000CE.NFO,2023-11-01,10:29:00,2023-11-13,3.25,3.25,3.25,3.25,800,4280,1
FINNIFTY13NOV2321000CE.NFO,2023-11-01,10:30:00,2023-11-13,3.25,3.25,3.25,3.25,800,4280,1
FINNIFTY13NOV2321000CE.NFO,2023-11-01,10:31:00,2023-11-13,3.25,3.25,3.25,3.25,800,4280,1
FINNIFTY13NOV2321000CE.NFO,2023-11-01,10:32:00,2023-11-13,3.25,3.25,3.25,3.25,800,4280,1
FINNIFTY13NOV2321000CE.NFO,2023-11-01,10:33:00,2023-11-13,3.25,3.25,3.25,3.25,800,4280,1
FINNIFTY13NOV2321000CE.NFO,2023-11-01,10:34:00,2023-11-13,3.25,3.25,3.25,3.25,800,4280,1
FINNIFTY13NOV2321000CE.NFO,2023-11-01,10:35:00,2023-11-13,3.25,3.25,3.25,3.25,800,4280,1
FINNIFTY13NOV2321000CE.NFO,2023-11-01,10:36:00,2023-11-13,3.25,3.25,3.25,3.25,800,4280,1
FINNIFTY13NOV2321000CE.NFO,2023-11-01,10:37:00,2023-11-13,3.25,3.25,3.25,3.25,800,4280,1
FINNIFTY13NOV2321000CE.NFO,2023-11-01,10:38:00,2023-11-13,3.25,3.25,3.25,3.25,800,4280,1
FINNIFTY13NOV2321000CE.NFO,2023-11-01,10:39:00,2023-11-13,3.25,3.25,3.25,3.25,800,4280,1
FINNIFTY13NOV2321000CE.NFO,2023-11-01,10:40:00,2023-11-13,3.25,3.25,3.25,3.25,800,4280,1
FINNIFTY13NOV2321000CE.NFO,2023-11-01,10:41:00,2023-11-13,3.25,3.25,3.25,3.25,800,4280,1
FINNIFTY13NOV2321000CE.NFO,2023-11-01,10:42:00,2023-11-13,3.25,3.25,3.25,3.25,800,4280,1
FINNIFTY13NOV2321000CE.NFO,2023-11-01,10:43:00,2023-11-13,3.25,3.25,3.25,3.25,800,4280,1
FINNIFTY13NOV2321000CE.NFO,2023-11-01,10:44:00,2023-11-13,3.25,3.25,3.25,3.25,800,4280,1
FINNIFTY13NOV2321000CE.NFO,2023-11-01,10:45:00,2023-11-13,3.25,3.25,3.25,3.25,800,4280,1
FINNIFTY13NOV2321000CE.NFO,2023-11-01,10:46:00,2023-11-13,3.25,3.25,3.25,3.25,800,4280,1
FINNIFTY13NOV2321000CE.NFO,2023-11-01,10:47:00,2023-11-13,3.25,3.25,3.25,3.25,800,4280,1
FINNIFTY13NOV2321000CE.NFO,2023-11-01,10:48:00,2023-11-13,3.25,3.25,3.25,3.25,800,4280,1
FINNIFTY13NOV2321000CE.NFO,2023-11-01,10:49:00,2023-11-13,3.25,3.25,3.25,3.25,800,4280,1
FINNIFTY13NOV2321000CE.NFO,2023-11-01,10:50:00,2023-11-13,3.25,3.25,3.25,3.25,800,4280,1
FINNIFTY13NOV2321000CE.NFO,2023-11-01,10:51:00,2023-11-13,3.25,3.25,3.25,3.25,800,4280,1
FINNIFTY13NOV2321000CE.NFO,2023-11-01,10:52:00,2023-11-13,3.25,3.25,3.25,3.25,800,4280,1
FINNIFTY13NOV2321000CE.NFO,2023-11-01,10:53:00,2023-11-13,3.25,3.25,3.25,3.25,800,4280,1
FINNIFTY13NOV2321000CE.NFO,2023-11-01,10:54:00,2023-11-13,3.25,3.25,3.25,3.25,800,4280,1
FINNIFTY13NOV2321000CE.NFO,2023-11-01,10:55:00,2023-11-13,3.25,3.25,3.25,3.25,800,4280,1
FINNIFTY13NOV2321000CE.NFO,2023-11-01,10:56:00,2023-11-13,3.25,3.25,3.25,3.25,800,4280,1
FINNIFTY13NOV2321000CE.NFO,2023-11-01,10:57:00,2023-11-13,3.25,3.25,3.25,3.25,800,4280,1
FINNIFTY13NOV2321000CE.NFO,2023-11-01,10:58:00,2023-11-13,3.25,3.25,3.25,3.25,800,4280,1
FINNIFTY13NOV2321000CE.NFO,2023-11-01,10:59:00,2023-11-13,3.25,3.25,3.25,3.25,800,4280,1
FINNIFTY13NOV2321000CE.NFO,2023-11-01,11:00:00,2023-11-13,3.25,3.25,3.25,3.25,800,4280,1
FINNIFTY13NOV2321000CE.NFO,2023-11-01,11:01:00,2023-11-13,3.25,3.25,3.25,3.25,800,4280,1
FINNIFTY13NOV2321000CE.NFO,2023-11-01,11:02:00,2023-11-13,3.25,3.25,3.25,3.25,800,4280,1
FINNIFTY13NOV2321000CE.NFO,2023-11-01,11:03:00,2023-11-13,3.25,3.25,3.25,3.25,800,4280,1
FINNIFTY13NOV2321000CE.NFO,2023-11-01,11:04:00,2023-11-13,3.25,3.25,3.25,3.25,800,4280,1
FINNIFTY13NOV2321000CE.NFO,2023-11-01,11:05:00,2023-11-13,3.25,3.25,3.25,3.25,800,4280,1
FINNIFTY13NOV2321000CE.NFO,2023-11-01,11:06:00,2023-11-13,3.25,3.25,3.25,3.25,800,4280,1
FINNIFTY13NOV2321000CE.NFO,2023-11-01,11:07:00,2023-11-13,3.25,3.25,3.25,3.25,800,4280,1
FINNIFTY13NOV2321000CE.NFO,2023-11-01,11:08:00,2023-11-13,3.25,3.25,3.25,3.25,800,4280,1
FINNIFTY13NOV2321000CE.NFO,2023-11-01,11:09:00,2023-11-13,3.25,3.25,3.25,3.25,800,4280,1
FINNIFTY13NOV2321000CE.NFO,2023-11-01,11:10:00,2023-11-13,3.25,3.25,3.25,3.25,800,4280,1
FINNIFTY13NOV2321000CE.NFO,2023-11-01,11:11:00,2023-11-13,3.25,3.25,3.25,3.25,800,4280,1
FINNIFTY13NOV2321000CE.NFO,2023-11-01,11:12:00,2023-11-13,3.25,3.25,3.25,3.25,800,4280,1
FINNIFTY13NOV2321000CE.NFO,2023-11-01,11:13:00,2023-11-13,3.25,3.25,3.25,3.25,800,4280,1
FINNIFTY13NOV2321000CE.NFO,2023-11-01,11:14:00,2023-11-13,3.25,3.25,3.25,3.25,800,4280,1
FINNIFTY13NOV2321000CE.NFO,2023-11-01,11:15:00,2023-11-13,3.25,3.25,3.25,3.25,800,4280,1
FINNIFTY13NOV2321000CE.NFO,2023-11-01,11:16:00,2023-11-13,3.25,3.25,3.25,3.25,800,4280,1
FINNIFTY13NOV2321000CE.NFO,2023-11-01,11:17:00,2023-11-13,3.25,3.25,3.25,3.25,800,4280,1
FINNIFTY13NOV2321000CE.NFO,2023-11-01,11:18:00,2023-11-13,3.25,3.25,3.25,3.25,800,4280,1
FINNIFTY13NOV2321000CE.NFO,2023-11-01,11:19:00,2023-11-13,3.25,3.25,3.25,3.25,800,4280,1
FINNIFTY13NOV2321000CE.NFO,2023-11-01,11:20:00,2023-11-13,3.25,3.25,3.25,3.25,800,4280,1
FINNIFTY13NOV2321000CE.NFO,2023-11-01,11:21:00,2023-11-13,3.25,3.25,3.25,3.25,800,4280,1
FINNIFTY13NOV2321000CE.NFO,2023-11-01,11:22:00,2023-11-13,3.25,3.25,3.25,3.25,800,4280,1
FINNIFTY13NOV2321000CE.NFO,2023-11-01,11:23:00,2023-11-13,3.25,3.25,3.25,3.25,800,4280,1
FINNIFTY13NOV2321000CE.NFO,2023-11-01,11:24:00,2023-11-13,3.25,3.25,3.25,3.25,800,4280,1
FINNIFTY13NOV2321000CE.NFO,2023-11-01,11:25:00,2023-11-13,3.25,3.25,3.25,3.25,800,4280,1
FINNIFTY13NOV2321000CE.NFO,2023-11-01,11:26:00,2023-11-13,3.25,3.25,3.25,3.25,800,4280,1
FINNIFTY13NOV2321000CE.NFO,2023-11-01,11:27:00,2023-11-13,3.25,3.25,3.25,3.25,800,4280,1
FINNIFTY13NOV2321000CE.NFO,2023-11-01,11:28:00,2023-11-13,3.25,3.25,3.25,3.25,800,4280,1
FINNIFTY13NOV2321000CE.NFO,2023-11-01,11:29:00,2023-11-13,3.25,3.25,3.25,3.25,800,4280,1
FINNIFTY13NOV2321000CE.NFO,2023-11-01,11:30:00,2023-11-13,3.25,3.25,3.25,3.25,800,4280,1
FINNIFTY13NOV2321000CE.NFO,2023-11-01,11:31:00,2023-11-13,3.25,3.25,3.25,3.25,800,4280,1
FINNIFTY13NOV2321000CE.NFO,2023-11-01,11:32:00,2023-11-13,3.25,3.25,3.25,3.25,800,4280,1
FINNIFTY13NOV2321000CE.NFO,2023-11-01,11:33:00,2023-11-13,3.25,3.25,3.25,3.25,800,4280,1
FINNIFTY13NOV2321000CE.NFO,2023-11-01,11:34:00,2023-11-13,3.25,3.25,3.25,3.25,800,4280,1
FINNIFTY13NOV2321000CE.NFO,2023-11-01,11:35:00,2023-11-13,3.25,3.25,3.25,3.25,800,4280,1
FINNIFTY13NOV2321000CE.NFO,2023-11-01,11:36:00,2023-11-13,3.25,3.25,3.25,3.25,800,4280,1
FINNIFTY13NOV2321000CE.NFO,2023-11-01,11:37:00,2023-11-13,3.25,3.25,3.25,3.25,800,4280,1
FINNIFTY13NOV2321000CE.NFO,2023-11-01,11:38:00,2023-11-13,3.25,3.25,3.25,3.25,800,4280,1
FINNIFTY13NOV2321000CE.NFO,2023-11-01,11:39:00,2023-11-13,3.25,3.25,3.25,3.25,800,4280,1
FINNIFTY13NOV2321000CE.NFO,2023-11-01,11:40:00,2023-11-13,3.25,3.25,3.25,3.25,800,4280,1
FINNIFTY13NOV2321000CE.NFO,2023-11-01,11:41:00,2023-11-13,3.25,3.25,3.25,3.25,800,4280,1
FINNIFTY13NOV2321000CE.NFO,2023-11-01,11:42:00,2023-11-13,3.25,3.25,3.25,3.25,800,4280,1
FINNIFTY13NOV2321000CE.NFO,2023-11-01,11:43:00,2023-11-13,3.25,3.25,3.25,3.25,800,4280,1
FINNIFTY13NOV2321000CE.NFO,2023-11-01,11:44:00,2023-11-13,3.25,3.25,3.25,3.25,800,4280,1
FINNIFTY13NOV2321000CE.NFO,2023-11-01,11:45:00,2023-11-13,3.25,3.25,3.25,3.25,800,4280,1
FINNIFTY13NOV2321000CE.NFO,2023-11-01,11:46:00,2023-11-13,3.25,3.25,3.25,3.25,800,4280,1
FINNIFTY13NOV2321000CE.NFO,2023-11-01,11:47:00,2023-11-13,3.25,3.25,3.25,3.25,800,4280,1
FINNIFTY13NOV2321000CE.NFO,2023-11-01,11:48:00,2023-11-13,3.25,3.25,3.25,3.25,800,4280,1
FINNIFTY13NOV2321000CE.NFO,2023-11-01,11:49:00,2023-11-13,3.25,3.25,3.25,3.25,800,4280,1
FINNIFTY13NOV2321000CE.NFO,2023-11-01,11:50:00,2023-11-13,3.25,3.25,3.25,3.25,800,4280,1
FINNIFTY13NOV2321000CE.NFO,2023-11-01,11:51:00,2023-11-13,3.25,3.25,3.25,3.25,800,4280,1
FINNIFTY13NOV2321000CE.NFO,2023-11-01,11:52:00,2023-11-13,3.25,3.25,3.25,3.25,800,4280,1
FINNIFTY13NOV2321000CE.NFO,2023-11-01,11:53:00,2023-11-13,3.25,3.25,3.25,3.25,800,4280,1
FINNIFTY13NOV2321000CE.NFO,2023-11-01,11:54:00,2023-11-13,3.25,3.25,3.25,3.25,800,4280,1
FINNIFTY13NOV2321000CE.NFO,2023-11-01,11:55:00,2023-11-13,3.25,3.25,3.25,3.25,800,4280,1
FINNIFTY13NOV2321000CE.NFO,2023-11-01,11:56:00,2023-11-13,3.25,3.25,3.25,3.25,800,4280,1
FINNIFTY13NOV2321000CE.NFO,2023-11-01,11:57:00,2023-11-13,3.25,3.25,3.25,3.25,800,4280,1
FINNIFTY13NOV2321000CE.NFO,2023-11-01,11:58:00,2023-11-13,3.25,3.25,3.25,3.25,800,4280,1
FINNIFTY13NOV2321000CE.NFO,2023-11-01,11:59:00,2023-11-13,3.25,3.25,3.25,3.25,800,4280,1
FINNIFTY13NOV2321000CE.NFO,2023-11-01,12:00:00,2023-11-13,3.25,3.25,3.25,3.25,800,4280,1
FINNIFTY13NOV2321000CE.NFO,2023-11-01,12:01:00,2023-11-13,3.25,3.25,3.25,3.25,800,4280,1
FINNIFTY13NOV2321000CE.NFO,2023-11-01,12:02:00,2023-11-13,3.25,3.25,3.25,3.25,800,4280,1
FINNIFTY13NOV2321000CE.NFO,2023-11-01,12:03:00,2023-11-13,3.25,3.25,3.25,3.25,800,4280,1
FINNIFTY13NOV2321000CE.NFO,2023-11-01,12:04:00,2023-11-13,3.25,3.25,3.25,3.25,800,4280,1
FINNIFTY13NOV2321000CE.NFO,2023-11-01,12:05:00,2023-11-13,3.25,3.25,3.25,3.25,800,4280,1
FINNIFTY13NOV2321000CE.NFO,2023-11-01,12:06:00,2023-11-13,3.25,3.25,3.25,3.25,800,4280,1
FINNIFTY13NOV2321000CE.NFO,2023-11-01,12:07:00,2023-11-13,3.25,3.25,3.25,3.25,800,4280,1
FINNIFTY13NOV2321000CE.NFO,2023-11-01,12:08:00,2023-11-13,3.25,3.25,3.25,3.25,800,4280,1
FINNIFTY13NOV2321000CE.NFO,2023-11-01,12:09:00,2023-11-13,3.25,3.25,3.25,3.25,800,4280,1
FINNIFTY13NOV2321000CE.NFO,2023-11-01,12:10:00,2023-11-13,3.25,3.25,3.25,3.25,800,4280,1
FINNIFTY13NOV2321000CE.NFO,2023-11-01,12:11:00,2023-11-13,3.25,3.25,3.25,3.25,800,4280,1
FINNIFTY13NOV2321000CE.NFO,2023-11-01,12:12:00,2023-11-13,3.25,3.25,3.25,3.25,800,4280,1
FINNIFTY13NOV2321000CE.NFO,2023-11-01,12:13:00,2023-11-13,3.25,3.25,3.25,3.25,800,4280,1
FINNIFTY13NOV2321000CE.NFO,2023-11-01,12:14:00,2023-11-13,3.25,3.25,3.25,3.25,800,4280,1
FINNIFTY13NOV2321000CE.NFO,2023-11-01,12:15:00,2023-11-13,3.25,3.25,3.25,3.25,800,4280,1
FINNIFTY13NOV2321000CE.NFO,2023-11-01,12:16:00,2023-11-13,3.25,3.25,3.25,3.25,800,4280,1
FINNIFTY13NOV2321000CE.NFO,2023-11-01,12:17:00,2023-11-13,3.25,3.25,3.25,3.25,800,4280,1
FINNIFTY13NOV2321000CE.NFO,2023-11-01,12:18:00,2023-11-13,3.25,3.25,3.25,3.25,800,4280,1
FINNIFTY13NOV2321000CE.NFO,2023-11-01,12:19:00,2023-11-13,3.25,3.25,3.25,3.25,800,4280,1
FINNIFTY13NOV2321000CE.NFO,2023-11-01,12:20:00,2023-11-13,3.25,3.25,3.25,3.25,800,4280,1
FINNIFTY13NOV2321000CE.NFO,2023-11-01,12:21:00,2023-11-13,3.25,3.25,3.25,3.25,800,4280,1
FINNIFTY13NOV2321000CE.NFO,2023-11-01,12:22:00,2023-11-13,3.25,3.25,3.25,3.25,800,4280,1
FINNIFTY13NOV2321000CE.NFO,2023-11-01,12:23:00,2023-11-13,3.25,3.25,3.25,3.25,800,4280,1
FINNIFTY13NOV2321000CE.NFO,2023-11-01,12:24:00,2023-11-13,3.25,3.25,3.25,3.25,800,4280,1
FINNIFTY13NOV2321000CE.NFO,2023-11-01,12:25:00,2023-11-13,3.25,3.25,3.25,3.25,800,4280,1
FINNIFTY13NOV2321000CE.NFO,2023-11-01,12:26:00,2023-11-13,3.25,3.25,3.25,3.25,800,4280,1
FINNIFTY13NOV2321000CE.NFO,2023-11-01,12:27:00,2023-11-13,3.25,3.25,3.25,3.25,800,4280,1
FINNIFTY13NOV2321000CE.NFO,2023-11-01,12:28:00,2023-11-13,3.25,3.25,3.25,3.25,800,4280,1
FINNIFTY13NOV2321000CE.NFO,2023-11-01,12:29:00,2023-11-13,3.25,3.25,3.25,3.25,800,4280,1
FINNIFTY13NOV2321000CE.NFO,2023-11-01,12:30:00,2023-11-13,3.25,3.25,3.25,3.25,800,4280,1
FINNIFTY13NOV2321000CE.NFO,2023-11-01,12:31:00,2023-11-13,3.25,3.25,3.25,3.25,800,4280,1
FINNIFTY13NOV2321000CE.NFO,2023-11-01,12:32:00,2023-11-13,3.25,3.25,3.25,3.25,800,4280,1
FINNIFTY13NOV2321000CE.NFO,2023-11-01,12:33:00,2023-11-13,3.25,3.25,3.25,3.25,800,4280,1
FINNIFTY13NOV2321000CE.NFO,2023-11-01,12:34:00,2023-11-13,3.25,3.25,3.25,3.25,800,4280,1
FINNIFTY13NOV2321000CE.NFO,2023-11-01,12:35:00,2023-11-13,3.25,3.25,3.25,3.25,800,4280,1
FINNIFTY13NOV2321000CE.NFO,2023-11-01,12:36:00,2023-11-13,3.25,3.25,3.25,3.25,800,4280,1
FINNIFTY13NOV2321000CE.NFO,2023-11-01,12:37:00,2023-11-13,3.25,3.25,3.25,3.25,800,4280,1
FINNIFTY13NOV2321000CE.NFO,2023-11-01,12:38:00,2023-11-13,3.25,3.25,3.25,3.25,800,4280,1
FINNIFTY13NOV2321000CE.NFO,2023-11-01,12:39:00,2023-11-13,3.25,3.25,3.25,3.25,800,4280,1
FINNIFTY13NOV2321000CE.NFO,2023-11-01,12:40:00,2023-11-13,3.25,3.25,3.25,3.25,800,4280,1
FINNIFTY13NOV2321000CE.NFO,2023-11-01,12:41:00,2023-11-13,3.25,3.25,3.25,3.25,800,4280,1
FINNIFTY13NOV2321000CE.NFO,2023-11-01,12:42:00,2023-11-13,3.25,3.25,3.25,3.25,800,4280,1
FINNIFTY13NOV2321000CE.NFO,2023-11-01,12:43:00,2023-11-13,3.25,3.25,3.25,3.25,800,4280,1
FINNIFTY13NOV2321000CE.NFO,2023-11-01,12:44:00,2023-11-13,3.25,3.25,3.25,3.25,800,4280,1
FINNIFTY13NOV2321000CE.NFO,2023-11-01,12:45:00,2023-11-13,3.25,3.25,3.25,3.25,800,4280,1
FINNIFTY13NOV2321000CE.NFO,2023-11-01,12:46:00,2023-11-13,3.25,3.25,3.25,3.25,800,4280,1
FINNIFTY13NOV2321000CE.NFO,2023-11-01,12:47:00,2023-11-13,3.0,3.25,3.0,3.25,800,4280,0
FINNIFTY13NOV2321000CE.NFO,2023-11-01,12:48:00,2023-11-13,3.25,3.3,3.25,3.3,400,4280,0
FINNIFTY13NOV2321000CE.NFO,2023-11-01,12:49:00,2023-11-13,3.3,3.3,3.3,3.3,0,4280,0
FINNIFTY13NOV2321000CE.NFO,2023-11-01,12:50:00,2023-11-13,3.3,3.3,3.3,3.3,0,4280,0
FINNIFTY13NOV2321000CE.NFO,2023-11-01,12:51:00,2023-11-13,3.3,3.65,3.3,3.65,40,5080,0
FINNIFTY13NOV2321000CE.NFO,2023-11-01,12:52:00,2023-11-13,3.65,3.65,3.65,3.65,0,5080,0
FINNIFTY13NOV2321000CE.NFO,2023-11-01,12:53:00,2023-11-13,3.65,3.65,3.65,3.65,0,5080,1
FINNIFTY13NOV2321000CE.NFO,2023-11-01,12:54:00,2023-11-13,3.65,3.65,3.65,3.65,0,5080,1
FINNIFTY13NOV2321000CE.NFO,2023-11-01,12:55:00,2023-11-13,3.65,3.65,3.65,3.65,0,5080,1
FINNIFTY13NOV2321000CE.NFO,2023-11-01,12:56:00,2023-11-13,3.35,3.35,3.35,3.35,80,5040,0
FINNIFTY13NOV2321000CE.NFO,2023-11-01,12:57:00,2023-11-13,3.35,3.35,3.35,3.35,80,5040,1
FINNIFTY13NOV2321000CE.NFO,2023-11-01,12:58:00,2023-11-13,3.35,3.35,3.35,3.35,0,5040,0
FINNIFTY13NOV2321000CE.NFO,2023-11-01,12:59:00,2023-11-13,3.35,3.35,3.35,3.35,0,5040,0
FINNIFTY13NOV2321000CE.NFO,2023-11-01,13:00:00,2023-11-13,3.35,3.35,3.35,3.35,0,5040,0
FINNIFTY13NOV2321000CE.NFO,2023-11-01,13:01:00,2023-11-13,3.35,3.35,3.3,3.3,1200,5120,0
FINNIFTY13NOV2321000CE.NFO,2023-11-01,13:02:00,2023-11-13,3.3,3.3,3.3,3.3,0,5120,0
FINNIFTY13NOV2321000CE.NFO,2023-11-01,13:03:00,2023-11-13,3.3,3.3,3.3,3.3,0,5120,0
FINNIFTY13NOV2321000CE.NFO,2023-11-01,13:04:00,2023-11-13,3.3,3.3,3.3,3.3,0,5120,1
FINNIFTY13NOV2321000CE.NFO,2023-11-01,13:05:00,2023-11-13,3.35,3.35,3.35,3.35,600,6320,0
FINNIFTY13NOV2321000CE.NFO,2023-11-01,13:06:00,2023-11-13,3.35,3.35,3.35,3.35,0,6320,0
FINNIFTY13NOV2321000CE.NFO,2023-11-01,13:07:00,2023-11-13,3.35,3.35,3.35,3.35,0,6320,0
FINNIFTY13NOV2321000CE.NFO,2023-11-01,13:08:00,2023-11-13,3.35,3.35,3.35,3.35,0,6320,0
FINNIFTY13NOV2321000CE.NFO,2023-11-01,13:09:00,2023-11-13,3.35,3.35,3.35,3.35,0,6320,1
FINNIFTY13NOV2321000CE.NFO,2023-11-01,13:10:00,2023-11-13,3.35,3.35,3.35,3.35,0,6320,1
FINNIFTY13NOV2321000CE.NFO,2023-11-01,13:11:00,2023-11-13,3.35,3.35,3.35,3.35,0,6320,0
FINNIFTY13NOV2321000CE.NFO,2023-11-01,13:12:00,2023-11-13,3.35,3.35,3.35,3.35,0,6320,0
FINNIFTY13NOV2321000CE.NFO,2023-11-01,13:13:00,2023-11-13,3.35,3.35,3.35,3.35,0,6320,0
FINNIFTY13NOV2321000CE.NFO,2023-11-01,13:14:00,2023-11-13,3.35,3.35,3.35,3.35,0,6320,0
FINNIFTY13NOV2321000CE.NFO,2023-11-01,13:15:00,2023-11-13,3.35,3.35,3.35,3.35,0,6320,0
FINNIFTY13NOV2321000CE.NFO,2023-11-01,13:16:00,2023-11-13,3.35,3.35,3.35,3.35,0,6320,0
FINNIFTY13NOV2321000CE.NFO,2023-11-01,13:17:00,2023-11-13,3.35,3.35,3.35,3.35,0,6320,0
FINNIFTY13NOV2321000CE.NFO,2023-11-01,13:18:00,2023-11-13,3.35,3.35,3.35,3.35,0,6320,1
FINNIFTY13NOV2321000CE.NFO,2023-11-01,13:19:00,2023-11-13,3.35,3.35,3.35,3.35,0,6320,1
FINNIFTY13NOV2321000CE.NFO,2023-11-01,13:20:00,2023-11-13,3.35,3.35,3.35,3.35,0,6320,0
FINNIFTY13NOV2321000CE.NFO,2023-11-01,13:21:00,2023-11-13,3.35,3.35,3.35,3.35,0,6320,0
FINNIFTY13NOV2321000CE.NFO,2023-11-01,13:22:00,2023-11-13,3.35,3.35,3.35,3.35,0,6320,1
FINNIFTY13NOV2321000CE.NFO,2023-11-01,13:23:00,2023-11-13,3.35,3.35,3.35,3.35,0,6320,1
FINNIFTY13NOV2321000CE.NFO,2023-11-01,13:24:00,2023-11-13,3.35,3.35,3.35,3.35,0,6320,1
FINNIFTY13NOV2321000CE.NFO,2023-11-01,13:25:00,2023-11-13,3.35,3.35,3.35,3.35,0,6320,1
FINNIFTY13NOV2321000CE.NFO,2023-11-01,13:26:00,2023-11-13,3.35,3.35,3.35,3.35,0,6320,1
FINNIFTY13NOV2321000CE.NFO,2023-11-01,13:27:00,2023-11-13,3.35,3.35,3.35,3.35,0,6320,1
FINNIFTY13NOV2321000CE.NFO,2023-11-01,13:28:00,2023-11-13,3.35,3.35,3.35,3.35,0,6320,1
FINNIFTY13NOV2321000CE.NFO,2023-11-01,13:29:00,2023-11-13,3.35,3.35,3.35,3.35,0,6320,1
FINNIFTY13NOV2321000CE.NFO,2023-11-01,13:30:00,2023-11-13,3.35,3.35,3.35,3.35,0,6320,1
FINNIFTY13NOV2321000CE.NFO,2023-11-01,13:31:00,2023-11-13,3.35,3.35,3.35,3.35,0,6320,1
FINNIFTY13NOV2321000CE.NFO,2023-11-01,13:32:00,2023-11-13,3.35,3.35,3.35,3.35,0,6320,0
FINNIFTY13NOV2321000CE.NFO,2023-11-01,13:33:00,2023-11-13,3.35,3.35,3.35,3.35,0,6320,1
FINNIFTY13NOV2321000CE.NFO,2023-11-01,13:34:00,2023-11-13,3.35,3.35,3.35,3.35,0,6320,1
FINNIFTY13NOV2321000CE.NFO,2023-11-01,13:35:00,2023-11-13,3.35,3.35,3.35,3.35,0,6320,1
FINNIFTY13NOV2321000CE.NFO,2023-11-01,13:36:00,2023-11-13,3.35,3.35,3.35,3.35,0,6320,0
FINNIFTY13NOV2321000CE.NFO,2023-11-01,13:37:00,2023-11-13,3.35,3.35,3.35,3.35,0,6320,1
FINNIFTY13NOV2321000CE.NFO,2023-11-01,13:38:00,2023-11-13,3.35,3.35,3.35,3.35,0,6320,1
FINNIFTY13NOV2321000CE.NFO,2023-11-01,13:39:00,2023-11-13,3.35,3.35,3.35,3.35,0,6320,1
FINNIFTY13NOV2321000CE.NFO,2023-11-01,13:40:00,2023-11-13,3.35,3.35,3.35,3.35,0,6320,1
FINNIFTY13NOV2321000CE.NFO,2023-11-01,13:41:00,2023-11-13,3.35,3.35,3.35,3.35,0,6320,1
FINNIFTY13NOV2321000CE.NFO,2023-11-01,13:42:00,2023-11-13,3.35,3.35,3.35,3.35,0,6320,0
FINNIFTY13NOV2321000CE.NFO,2023-11-01,13:43:00,2023-11-13,3.35,3.35,3.35,3.35,0,6320,1
FINNIFTY13NOV2321000CE.NFO,2023-11-01,13:44:00,2023-11-13,3.35,3.35,3.35,3.35,0,6320,1
FINNIFTY13NOV2321000CE.NFO,2023-11-01,13:45:00,2023-11-13,3.35,3.35,3.35,3.35,0,6320,1
FINNIFTY13NOV2321000CE.NFO,2023-11-01,13:46:00,2023-11-13,3.35,3.35,3.35,3.35,0,6320,1
FINNIFTY13NOV2321000CE.NFO,2023-11-01,13:47:00,2023-11-13,3.35,3.35,3.35,3.35,0,6320,1
FINNIFTY13NOV2321000CE.NFO,2023-11-01,13:48:00,2023-11-13,3.35,3.35,3.35,3.35,0,6320,1
FINNIFTY13NOV2321000CE.NFO,2023-11-01,13:49:00,2023-11-13,3.35,3.35,3.35,3.35,0,6320,1
FINNIFTY13NOV2321000CE.NFO,2023-11-01,13:50:00,2023-11-13,3.35,3.35,3.35,3.35,0,6320,0
FINNIFTY13NOV2321000CE.NFO,2023-11-01,13:51:00,2023-11-13,3.35,3.35,3.35,3.35,0,6320,1
FINNIFTY13NOV2321000CE.NFO,2023-11-01,13:52:00,2023-11-13,3.35,3.35,3.35,3.35,0,6320,1
FINNIFTY13NOV2321000CE.NFO,2023-11-01,13:53:00,2023-11-13,3.35,3.35,3.35,3.35,0,6320,1
FINNIFTY13NOV2321000CE.NFO,2023-11-01,13:54:00,2023-11-13,3.35,3.35,3.35,3.35,0,6320,1
FINNIFTY13NOV2321000CE.NFO,2023-11-01,13:55:00,2023-11-13,3.35,3.35,3.35,3.35,0,6320,1
FINNIFTY13NOV2321000CE.NFO,2023-11-01,13:56:00,2023-11-13,3.35,3.35,3.35,3.35,0,6320,0
FINNIFTY13NOV2321000CE.NFO,2023-11-01,13:57:00,2023-11-13,3.35,3.35,3.35,3.35,0,6320,1
FINNIFTY13NOV2321000CE.NFO,2023-11-01,13:58:00,2023-11-13,3.35,3.35,3.35,3.35,0,6320,1
FINNIFTY13NOV2321000CE.NFO,2023-11-01,13:59:00,2023-11-13,3.35,3.35,3.35,3.35,0,6320,1
FINNIFTY13NOV2321000CE.NFO,2023-11-01,14:00:00,2023-11-13,3.35,3.35,3.35,3.35,0,6320,1
FINNIFTY13NOV2321000CE.NFO,2023-11-01,14:01:00,2023-11-13,3.35,3.35,3.35,3.35,0,6320,1
FINNIFTY13NOV2321000CE.NFO,2023-11-01,14:02:00,2023-11-13,3.35,3.35,3.35,3.35,0,6320,1
FINNIFTY13NOV2321000CE.NFO,2023-11-01,14:03:00,2023-11-13,3.35,3.35,3.35,3.35,0,6320,1
FINNIFTY13NOV2321000CE.NFO,2023-11-01,14:04:00,2023-11-13,3.35,3.35,3.35,3.35,0,6320,1
FINNIFTY13NOV2321000CE.NFO,2023-11-01,14:05:00,2023-11-13,3.35,3.35,3.35,3.35,0,6320,0
FINNIFTY13NOV2321000CE.NFO,2023-11-01,14:06:00,2023-11-13,3.35,3.35,3.35,3.35,0,6320,1
FINNIFTY13NOV2321000CE.NFO,2023-11-01,14:07:00,2023-11-13,3.35,3.35,3.35,3.35,0,6320,1
FINNIFTY13NOV2321000CE.NFO,2023-11-01,14:08:00,2023-11-13,3.35,3.35,3.35,3.35,0,6320,1
FINNIFTY13NOV2321000CE.NFO,2023-11-01,14:09:00,2023-11-13,3.35,3.35,3.35,3.35,0,6320,1
FINNIFTY13NOV2321000CE.NFO,2023-11-01,14:10:00,2023-11-13,3.35,3.35,3.35,3.35,0,6320,0
FINNIFTY13NOV2321000CE.NFO,2023-11-01,14:11:00,2023-11-13,3.35,3.35,3.35,3.35,0,6320,1
FINNIFTY13NOV2321000CE.NFO,2023-11-01,14:12:00,2023-11-13,3.35,3.35,3.35,3.35,0,6320,1
FINNIFTY13NOV2321000CE.NFO,2023-11-01,14:13:00,2023-11-13,3.35,3.35,3.35,3.35,0,6320,1
FINNIFTY13NOV2321000CE.NFO,2023-11-01,14:14:00,2023-11-13,3.35,3.35,3.35,3.35,0,6320,1
FINNIFTY13NOV2321000CE.NFO,2023-11-01,14:15:00,2023-11-13,3.35,3.35,3.35,3.35,0,6320,1
FINNIFTY13NOV2321000CE.NFO,2023-11-01,14:16:00,2023-11-13,3.35,3.35,3.35,3.35,0,6320,1
FINNIFTY13NOV2321000CE.NFO,2023-11-01,14:17:00,2023-11-13,3.35,3.35,3.35,3.35,0,6320,1
FINNIFTY13NOV2321000CE.NFO,2023-11-01,14:18:00,2023-11-13,3.35,3.35,3.35,3.35,0,6320,1
FINNIFTY13NOV2321000CE.NFO,2023-11-01,14:19:00,2023-11-13,3.35,3.35,3.35,3.35,0,6320,1
FINNIFTY13NOV2321000CE.NFO,2023-11-01,14:20:00,2023-11-13,3.35,3.35,3.35,3.35,0,6320,0
FINNIFTY13NOV2321000CE.NFO,2023-11-01,14:21:00,2023-11-13,3.35,3.35,3.35,3.35,0,6320,1
FINNIFTY13NOV2321000CE.NFO,2023-11-01,14:22:00,2023-11-13,3.35,3.35,3.35,3.35,0,6320,1
FINNIFTY13NOV2321000CE.NFO,2023-11-01,14:23:00,2023-11-13,3.35,3.35,3.35,3.35,0,6320,1
FINNIFTY13NOV2321000CE.NFO,2023-11-01,14:24:00,2023-11-13,3.35,3.35,3.35,3.35,0,6320,0
FINNIFTY13NOV2321000CE.NFO,2023-11-01,14:25:00,2023-11-13,3.35,3.35,3.35,3.35,0,6320,1
FINNIFTY13NOV2321000CE.NFO,2023-11-01,14:26:00,2023-11-13,3.35,3.35,3.35,3.35,0,6320,0
FINNIFTY13NOV2321000CE.NFO,2023-11-01,14:27:00,2023-11-13,3.35,3.35,3.35,3.35,0,6320,0
FINNIFTY13NOV2321000CE.NFO,2023-11-01,14:28:00,2023-11-13,3.35,3.35,3.35,3.35,0,6320,1
FINNIFTY13NOV2321000CE.NFO,2023-11-01,14:29:00,2023-11-13,3.35,3.35,3.35,3.35,0,6320,1
FINNIFTY13NOV2321000CE.NFO,2023-11-01,14:30:00,2023-11-13,3.35,3.35,3.35,3.35,0,6320,1
FINNIFTY13NOV2321000CE.NFO,2023-11-01,14:31:00,2023-11-13,3.35,3.35,3.35,3.35,0,6320,1
FINNIFTY13NOV2321000CE.NFO,2023-11-01,14:32:00,2023-11-13,3.35,3.35,3.35,3.35,0,6320,1
FINNIFTY13NOV2321000CE.NFO,2023-11-01,14:33:00,2023-11-13,3.35,3.35,3.35,3.35,0,6320,1
FINNIFTY13NOV2321000CE.NFO,2023-11-01,14:34:00,2023-11-13,3.35,3.35,3.35,3.35,0,6320,1
FINNIFTY13NOV2321000CE.NFO,2023-11-01,14:35:00,2023-11-13,3.35,3.35,3.35,3.35,0,6320,0
FINNIFTY13NOV2321000CE.NFO,2023-11-01,14:36:00,2023-11-13,3.35,3.35,3.35,3.35,0,6320,1
FINNIFTY13NOV2321000CE.NFO,2023-11-01,14:37:00,2023-11-13,3.35,3.35,3.35,3.35,0,6320,1
FINNIFTY13NOV2321000CE.NFO,2023-11-01,14:38:00,2023-11-13,3.35,3.35,3.35,3.35,0,6320,1
FINNIFTY13NOV2321000CE.NFO,2023-11-01,14:39:00,2023-11-13,3.35,3.35,3.35,3.35,0,6320,1
FINNIFTY13NOV2321000CE.NFO,2023-11-01,14:40:00,2023-11-13,3.35,3.35,3.35,3.35,0,6320,1
FINNIFTY13NOV2321000CE.NFO,2023-11-01,14:41:00,2023-11-13,3.35,3.35,3.35,3.35,0,6320,1
FINNIFTY13NOV2321000CE.NFO,2023-11-01,14:42:00,2023-11-13,3.35,3.35,3.35,3.35,0,6320,0
FINNIFTY13NOV2321000CE.NFO,2023-11-01,14:43:00,2023-11-13,3.35,3.35,3.35,3.35,0,6320,0
FINNIFTY13NOV2321000CE.NFO,2023-11-01,14:44:00,2023-11-13,3.35,3.35,3.35,3.35,0,6320,1
FINNIFTY13NOV2321000CE.NFO,2023-11-01,14:45:00,2023-11-13,3.35,3.35,3.35,3.35,0,6320,1
FINNIFTY13NOV2321000CE.NFO,2023-11-01,14:46:00,2023-11-13,3.35,3.35,3.35,3.35,0,6320,0
FINNIFTY13NOV2321000CE.NFO,2023-11-01,14:47:00,2023-11-13,3.35,3.35,3.35,3.35,0,6320,1
FINNIFTY13NOV2321000CE.NFO,2023-11-01,14:48:00,2023-11-13,3.35,3.35,3.35,3.35,0,6320,1
FINNIFTY13NOV2321000CE.NFO,2023-11-01,14:49:00,2023-11-13,3.35,3.35,3.35,3.35,0,6320,1
FINNIFTY13NOV2321000CE.NFO,2023-11-01,14:50:00,2023-11-13,3.35,3.35,3.35,3.35,0,6320,0
FINNIFTY13NOV2321000CE.NFO,2023-11-01,14:51:00,2023-11-13,3.35,3.35,3.35,3.35,0,6320,1
FINNIFTY13NOV2321000CE.NFO,2023-11-01,14:52:00,2023-11-13,3.35,3.35,3.35,3.35,0,6320,1
FINNIFTY13NOV2321000CE.NFO,2023-11-01,14:53:00,2023-11-13,3.35,3.35,3.35,3.35,0,6320,1
FINNIFTY13NOV2321000CE.NFO,2023-11-01,14:54:00,2023-11-13,3.35,3.35,3.35,3.35,0,6320,1
FINNIFTY13NOV2321000CE.NFO,2023-11-01,14:55:00,2023-11-13,3.35,3.35,3.35,3.35,0,6320,1
FINNIFTY13NOV2321000CE.NFO,2023-11-01,14:56:00,2023-11-13,3.35,3.35,3.35,3.35,0,6320,1
FINNIFTY13NOV2321000CE.NFO,2023-11-01,14:57:00,2023-11-13,3.35,3.35,3.35,3.35,0,6320,1
FINNIFTY13NOV2321000CE.NFO,2023-11-01,14:58:00,2023-11-13,3.35,3.35,3.35,3.35,0,6320,1
FINNIFTY13NOV2321000CE.NFO,2023-11-01,14:59:00,2023-11-13,3.35,3.35,3.35,3.35,0,6320,1
FINNIFTY13NOV2321000CE.NFO,2023-11-01,15:00:00,2023-11-13,3.35,3.35,3.35,3.35,0,6320,0
FINNIFTY13NOV2321000CE.NFO,2023-11-01,15:01:00,2023-11-13,3.35,3.35,3.35,3.35,0,6320,0
FINNIFTY13NOV2321000CE.NFO,2023-11-01,15:02:00,2023-11-13,3.35,3.35,3.35,3.35,0,6320,1
FINNIFTY13NOV2321000CE.NFO,2023-11-01,15:03:00,2023-11-13,3.35,3.35,3.35,3.35,0,6320,1
FINNIFTY13NOV2321000CE.NFO,2023-11-01,15:04:00,2023-11-13,3.35,3.35,3.35,3.35,0,6320,1
FINNIFTY13NOV2321000CE.NFO,2023-11-01,15:05:00,2023-11-13,3.35,3.35,3.35,3.35,0,6320,1
FINNIFTY13NOV2321000CE.NFO,2023-11-01,15:06:00,2023-11-13,3.35,3.35,3.35,3.35,0,6320,1
FINNIFTY13NOV2321000CE.NFO,2023-11-01,15:07:00,2023-11-13,3.35,3.35,3.35,3.35,0,6320,1
FINNIFTY13NOV2321000CE.NFO,2023-11-01,15:08:00,2023-11-13,3.35,3.35,3.35,3.35,0,6320,1
FINNIFTY13NOV2321000CE.NFO,2023-11-01,15:09:00,2023-11-13,3.35,3.35,3.35,3.35,0,6320,1
FINNIFTY13NOV2321000CE.NFO,2023-11-01,15:10:00,2023-11-13,3.35,3.35,3.35,3.35,0,6320,1
FINNIFTY13NOV2321000CE.NFO,2023-11-01,15:11:00,2023-11-13,3.35,3.35,3.35,3.35,0,6320,1
FINNIFTY13NOV2321000CE.NFO,2023-11-01,15:12:00,2023-11-13,3.35,3.35,3.35,3.35,0,6320,1
FINNIFTY13NOV2321000CE.NFO,2023-11-01,15:13:00,2023-11-13,3.35,3.35,3.35,3.35,0,6320,1
FINNIFTY13NOV2321000CE.NFO,2023-11-01,15:14:00,2023-11-13,3.35,3.35,3.35,3.35,0,6320,1
FINNIFTY13NOV2321000CE.NFO,2023-11-01,15:15:00,2023-11-13,3.35,3.35,3.35,3.35,0,6320,1
FINNIFTY13NOV2321000CE.NFO,2023-11-01,15:16:00,2023-11-13,3.35,3.35,3.35,3.35,0,6320,1
FINNIFTY13NOV2321000CE.NFO,2023-11-01,15:17:00,2023-11-13,3.35,3.35,3.35,3.35,0,6320,1
FINNIFTY13NOV2321000CE.NFO,2023-11-01,15:18:00,2023-11-13,3.35,3.35,3.35,3.35,0,6320,0
FINNIFTY13NOV2321000CE.NFO,2023-11-01,15:19:00,2023-11-13,3.35,3.35,3.35,3.35,0,6320,0
FINNIFTY13NOV2321000CE.NFO,2023-11-01,15:20:00,2023-11-13,3.35,3.35,3.35,3.35,0,6320,0
FINNIFTY13NOV2321000CE.NFO,2023-11-01,15:21:00,2023-11-13,3.35,3.35,3.35,3.35,0,6320,1
FINNIFTY13NOV2321000CE.NFO,2023-11-01,15:22:00,2023-11-13,3.35,3.35,3.35,3.35,0,6320,1
FINNIFTY13NOV2321000CE.NFO,2023-11-01,15:23:00,2023-11-13,3.35,3.35,3.35,3.35,0,6320,0
FINNIFTY13NOV2321000CE.NFO,2023-11-01,15:24:00,2023-11-13,3.35,3.35,3.35,3.35,0,6320,1
FINNIFTY13NOV2321000CE.NFO,2023-11-01,15:25:00,2023-11-13,3.35,3.35,3.35,3.35,0,6320,1
FINNIFTY13NOV2321000CE.NFO,2023-11-01,15:26:00,2023-11-13,3.35,3.35,3.35,3.35,0,6320,0
FINNIFTY13NOV2321000CE.NFO,2023-11-01,15:27:00,2023-11-13,3.35,3.35,3.35,3.35,0,6320,1
FINNIFTY13NOV2321000CE.NFO,2023-11-01,15:28:00,2023-11-13,3.35,3.35,3.35,3.35,0,6320,1
FINNIFTY13NOV2321000CE.NFO,2023-11-01,15:29:00,2023-11-13,3.35,3.35,3.35,3.35,0,6320,0
FINNIFTY13NOV2321000CE.NFO,2023-11-01,15:30:00,2023-11-13,3.35,3.35,3.35,3.35,0,6320,1
FINNIFTY13NOV2321000CE.NFO,2023-11-02,09:15:00,2023-11-13,2.5,2.5,2.5,2.5,0,6920,1
FINNIFTY13NOV2321000CE.NFO,2023-11-02,09:16:00,2023-11-13,2.5,2.5,2.5,2.5,0,6920,1
FINNIFTY13NOV2321000CE.NFO,2023-11-02,09:17:00,2023-11-13,2.5,2.5,2.5,2.5,0,6920,1
FINNIFTY13NOV2321000CE.NFO,2023-11-02,09:18:00,2023-11-13,2.5,2.5,2.5,2.5,0,6920,1
FINNIFTY13NOV2321000CE.NFO,2023-11-02,09:19:00,2023-11-13,2.5,2.5,2.5,2.5,0,6920,1
FINNIFTY13NOV2321000CE.NFO,2023-11-02,09:20:00,2023-11-13,2.5,2.5,2.5,2.5,0,6920,1
FINNIFTY13NOV2321000CE.NFO,2023-11-02,09:21:00,2023-11-13,2.5,2.5,2.5,2.5,0,6920,1
FINNIFTY13NOV2321000CE.NFO,2023-11-02,09:22:00,2023-11-13,2.5,2.5,2.5,2.5,0,6920,1
FINNIFTY13NOV2321000CE.NFO,2023-11-02,09:23:00,2023-11-13,2.5,2.5,2.5,2.5,0,6920,1
FINNIFTY13NOV2321000CE.NFO,2023-11-02,09:24:00,2023-11-13,2.5,2.5,2.5,2.5,0,6920,1
FINNIFTY13NOV2321000CE.NFO,2023-11-02,09:25:00,2023-11-13,2.5,2.5,2.5,2.5,0,6920,1
FINNIFTY13NOV2321000CE.NFO,2023-11-02,09:26:00,2023-11-13,2.5,2.5,2.5,2.5,0,6920,1
FINNIFTY13NOV2321000CE.NFO,2023-11-02,09:27:00,2023-11-13,2.5,2.5,2.5,2.5,0,6920,1
FINNIFTY13NOV2321000CE.NFO,2023-11-02,09:28:00,2023-11-13,2.5,2.5,2.5,2.5,0,6920,1
FINNIFTY13NOV2321000CE.NFO,2023-11-02,09:29:00,2023-11-13,2.5,2.5,2.5,2.5,0,6920,1
FINNIFTY13NOV2321000CE.NFO,2023-11-02,09:30:00,2023-11-13,2.5,2.5,2.5,2.5,0,6920,1
FINNIFTY13NOV2321000CE.NFO,2023-11-02,09:31:00,2023-11-13,2.5,2.5,2.5,2.5,0,6920,1
FINNIFTY13NOV2321000CE.NFO,2023-11-02,09:32:00,2023-11-13,2.5,2.5,2.5,2.5,0,6920,1
FINNIFTY13NOV2321000CE.NFO,2023-11-02,09:33:00,2023-11-13,2.5,2.5,2.5,2.5,0,6920,1
FINNIFTY13NOV2321000CE.NFO,2023-11-02,09:34:00,2023-11-13,2.5,2.5,2.5,2.5,0,6920,1
FINNIFTY13NOV2321000CE.NFO,2023-11-02,09:35:00,2023-11-13,2.5,2.5,2.5,2.5,0,6920,1
FINNIFTY13NOV2321000CE.NFO,2023-11-02,09:36:00,2023-11-13,2.5,2.5,2.5,2.5,0,6920,1
FINNIFTY13NOV2321000CE.NFO,2023-11-02,09:37:00,2023-11-13,2.5,2.5,2.5,2.5,0,6920,1
FINNIFTY13NOV2321000CE.NFO,2023-11-02,09:38:00,2023-11-13,2.5,2.5,2.5,2.5,0,6920,1
FINNIFTY13NOV2321000CE.NFO,2023-11-02,09:39:00,2023-11-13,2.5,2.5,2.5,2.5,0,6920,1
FINNIFTY13NOV2321000CE.NFO,2023-11-02,09:40:00,2023-11-13,2.5,2.5,2.5,2.5,0,6920,1
FINNIFTY13NOV2321000CE.NFO,2023-11-02,09:41:00,2023-11-13,2.5,2.5,2.5,2.5,0,6920,1
FINNIFTY13NOV2321000CE.NFO,2023-11-02,09:42:00,2023-11-13,2.5,2.5,2.5,2.5,0,6920,1
FINNIFTY13NOV2321000CE.NFO,2023-11-02,09:43:00,2023-11-13,2.5,2.5,2.5,2.5,0,6920,1
FINNIFTY13NOV2321000CE.NFO,2023-11-02,09:44:00,2023-11-13,2.5,2.5,2.5,2.5,0,6920,1
FINNIFTY13NOV2321000CE.NFO,2023-11-02,09:45:00,2023-11-13,2.5,2.5,2.5,2.5,0,6920,1
FINNIFTY13NOV2321000CE.NFO,2023-11-02,09:46:00,2023-11-13,2.5,2.5,2.5,2.5,0,6920,1
FINNIFTY13NOV2321000CE.NFO,2023-11-02,09:47:00,2023-11-13,2.5,2.5,2.5,2.5,0,6920,1
FINNIFTY13NOV2321000CE.NFO,2023-11-02,09:48:00,2023-11-13,2.5,2.5,2.5,2.5,0,6920,1
FINNIFTY13NOV2321000CE.NFO,2023-11-02,09:49:00,2023-11-13,2.5,2.5,2.5,2.5,0,6920,1
FINNIFTY13NOV2321000CE.NFO,2023-11-02,09:50:00,2023-11-13,2.5,2.5,2.5,2.5,0,6920,0
FINNIFTY13NOV2321000CE.NFO,2023-11-02,09:51:00,2023-11-13,2.5,2.5,1.85,1.85,1520,6560,0
FINNIFTY13NOV2321000CE.NFO,2023-11-02,09:52:00,2023-11-13,1.85,1.85,1.85,1.85,560,6560,0
FINNIFTY13NOV2321000CE.NFO,2023-11-02,09:53:00,2023-11-13,1.85,2.0,1.85,2.0,720,6560,0
FINNIFTY13NOV2321000CE.NFO,2023-11-02,09:54:00,2023-11-13,2.0,2.0,2.0,2.0,0,6560,0
FINNIFTY13NOV2321000CE.NFO,2023-11-02,09:55:00,2023-11-13,2.0,2.0,2.0,2.0,0,6560,0
FINNIFTY13NOV2321000CE.NFO,2023-11-02,09:56:00,2023-11-13,2.0,2.1,2.0,2.1,1160,4400,0
FINNIFTY13NOV2321000CE.NFO,2023-11-02,09:57:00,2023-11-13,2.1,2.15,2.1,2.15,320,3600,0
FINNIFTY13NOV2321000CE.NFO,2023-11-02,09:58:00,2023-11-13,2.15,2.15,2.15,2.15,0,3600,0
FINNIFTY13NOV2321000CE.NFO,2023-11-02,09:59:00,2023-11-13,2.15,2.15,2.15,2.15,0,3600,0
FINNIFTY13NOV2321000CE.NFO,2023-11-02,10:00:00,2023-11-13,2.15,2.15,2.15,2.15,40,3520,0
FINNIFTY13NOV2321000CE.NFO,2023-11-02,10:01:00,2023-11-13,2.15,2.15,2.15,2.15,0,3520,0
FINNIFTY13NOV2321000CE.NFO,2023-11-02,10:02:00,2023-11-13,2.15,2.15,2.15,2.15,120,3520,0
FINNIFTY13NOV2321000CE.NFO,2023-11-02,10:03:00,2023-11-13,2.15,2.25,2.15,2.25,80,3520,0
FINNIFTY13NOV2321000CE.NFO,2023-11-02,10:04:00,2023-11-13,2.25,2.25,2.25,2.25,0,3520,0
FINNIFTY13NOV2321000CE.NFO,2023-11-02,10:05:00,2023-11-13,2.25,2.25,2.25,2.25,0,3520,0
FINNIFTY13NOV2321000CE.NFO,2023-11-02,10:06:00,2023-11-13,2.25,2.25,2.25,2.25,0,3520,0
FINNIFTY13NOV2321000CE.NFO,2023-11-02,10:07:00,2023-11-13,2.25,2.25,2.25,2.25,0,3520,0
FINNIFTY13NOV2321000CE.NFO,2023-11-02,10:08:00,2023-11-13,2.25,2.25,2.25,2.25,0,3520,0
FINNIFTY13NOV2321000CE.NFO,2023-11-02,10:09:00,2023-11-13,2.25,2.25,2.25,2.25,0,3520,0
FINNIFTY13NOV2321000CE.NFO,2023-11-02,10:10:00,2023-11-13,2.35,2.4,2.2,2.2,800,3400,0
FINNIFTY13NOV2321000CE.NFO,2023-11-02,10:11:00,2023-11-13,2.2,2.25,2.2,2.25,40,3400,0
FINNIFTY13NOV2321000CE.NFO,2023-11-02,10:12:00,2023-11-13,2.25,2.25,2.25,2.25,0,3400,0
FINNIFTY13NOV2321000CE.NFO,2023-11-02,10:13:00,2023-11-13,2.25,2.25,2.25,2.25,0,3400,0
FINNIFTY13NOV2321000CE.NFO,2023-11-02,10:14:00,2023-11-13,2.25,2.25,2.25,2.25,0,3400,0
FINNIFTY13NOV2321000CE.NFO,2023-11-02,10:15:00,2023-11-13,2.25,2.25,2.25,2.25,0,3400,0
FINNIFTY13NOV2321000CE.NFO,2023-11-02,10:16:00,2023-11-13,2.25,2.25,2.25,2.25,0,3400,0
FINNIFTY13NOV2321000CE.NFO,2023-11-02,10:17:00,2023-11-13,2.25,2.25,2.25,2.25,0,3400,0
FINNIFTY13NOV2321000CE.NFO,2023-11-02,10:18:00,2023-11-13,2.25,2.25,2.25,2.25,0,3400,0
FINNIFTY13NOV2321000CE.NFO,2023-11-02,10:19:00,2023-11-13,2.25,2.25,2.25,2.25,0,3400,0
FINNIFTY13NOV2321000CE.NFO,2023-11-02,10:20:00,2023-11-13,2.25,2.25,2.25,2.25,0,3400,0
FINNIFTY13NOV2321000CE.NFO,2023-11-02,10:21:00,2023-11-13,2.25,2.25,2.25,2.25,0,3400,1
FINNIFTY13NOV2321000CE.NFO,2023-11-02,10:22:00,2023-11-13,2.25,2.25,2.25,2.25,0,3400,1
FINNIFTY13NOV2321000CE.NFO,2023-11-02,10:23:00,2023-11-13,2.25,2.25,2.25,2.25,0,3400,1
FINNIFTY13NOV2321000CE.NFO,2023-11-02,10:24:00,2023-11-13,2.25,2.4,2.25,2.4,400,3320,0
FINNIFTY13NOV2321000CE.NFO,2023-11-02,10:25:00,2023-11-13,2.4,2.4,2.4,2.4,200,3320,0
FINNIFTY13NOV2321000CE.NFO,2023-11-02,10:26:00,2023-11-13,2.4,2.4,2.4,2.4,0,3320,0
FINNIFTY13NOV2321000CE.NFO,2023-11-02,10:27:00,2023-11-13,2.4,2.4,2.4,2.4,120,3320,0
FINNIFTY13NOV2321000CE.NFO,2023-11-02,10:28:00,2023-11-13,2.4,2.4,2.4,2.4,0,3320,0
FINNIFTY13NOV2321000CE.NFO,2023-11-02,10:29:00,2023-11-13,2.4,2.4,2.4,2.4,0,3320,0
FINNIFTY13NOV2321000CE.NFO,2023-11-02,10:30:00,2023-11-13,2.4,2.4,2.4,2.4,0,3320,0
FINNIFTY13NOV2321000CE.NFO,2023-11-02,10:31:00,2023-11-13,2.4,2.4,2.4,2.4,0,3320,1
FINNIFTY13NOV2321000CE.NFO,2023-11-02,10:32:00,2023-11-13,2.4,2.4,2.4,2.4,0,3320,0
FINNIFTY13NOV2321000CE.NFO,2023-11-02,10:33:00,2023-11-13,2.4,2.4,2.4,2.4,0,3320,1
FINNIFTY13NOV2321000CE.NFO,2023-11-02,10:34:00,2023-11-13,2.4,2.4,2.4,2.4,0,3320,1
FINNIFTY13NOV2321000CE.NFO,2023-11-02,10:35:00,2023-11-13,2.4,2.4,2.4,2.4,0,3320,1
FINNIFTY13NOV2321000CE.NFO,2023-11-02,10:36:00,2023-11-13,2.4,2.4,2.4,2.4,0,3320,1
FINNIFTY13NOV2321000CE.NFO,2023-11-02,10:37:00,2023-11-13,2.4,2.4,2.4,2.4,0,3320,1
FINNIFTY13NOV2321000CE.NFO,2023-11-02,10:38:00,2023-11-13,2.4,2.4,2.4,2.4,0,3320,0
FINNIFTY13NOV2321000CE.NFO,2023-11-02,10:39:00,2023-11-13,2.4,2.4,2.4,2.4,40,3360,0
FINNIFTY13NOV2321000CE.NFO,2023-11-02,10:40:00,2023-11-13,2.4,2.4,2.4,2.4,40,3360,1
FINNIFTY13NOV2321000CE.NFO,2023-11-02,10:41:00,2023-11-13,2.4,2.4,2.4,2.4,40,3360,1
FINNIFTY13NOV2321000CE.NFO,2023-11-02,10:42:00,2023-11-13,2.4,2.4,2.4,2.4,40,3360,1
FINNIFTY13NOV2321000CE.NFO,2023-11-02,10:43:00,2023-11-13,2.4,2.4,2.4,2.4,40,3360,1
FINNIFTY13NOV2321000CE.NFO,2023-11-02,10:44:00,2023-11-13,2.4,2.4,2.4,2.4,40,3360,1
FINNIFTY13NOV2321000CE.NFO,2023-11-02,10:45:00,2023-11-13,2.4,2.4,2.4,2.4,40,3360,1
FINNIFTY13NOV2321000CE.NFO,2023-11-02,10:46:00,2023-11-13,2.4,2.4,2.4,2.4,40,3360,1
FINNIFTY13NOV2321000CE.NFO,2023-11-02,10:47:00,2023-11-13,2.4,2.4,2.4,2.4,40,3360,1
FINNIFTY13NOV2321000CE.NFO,2023-11-02,10:48:00,2023-11-13,2.4,2.4,2.4,2.4,40,3360,1
FINNIFTY13NOV2321000CE.NFO,2023-11-02,10:49:00,2023-11-13,2.4,2.4,2.4,2.4,40,3360,1
FINNIFTY13NOV2321000CE.NFO,2023-11-02,10:50:00,2023-11-13,2.4,2.4,2.4,2.4,40,3360,1
FINNIFTY13NOV2321000CE.NFO,2023-11-02,10:51:00,2023-11-13,2.4,2.4,2.4,2.4,0,3360,0
FINNIFTY13NOV2321000CE.NFO,2023-11-02,10:52:00,2023-11-13,2.4,2.4,2.4,2.4,0,3360,0
FINNIFTY13NOV2321000CE.NFO,2023-11-02,10:53:00,2023-11-13,2.4,2.4,2.4,2.4,0,3360,0
FINNIFTY13NOV2321000CE.NFO,2023-11-02,10:54:00,2023-11-13,2.4,2.4,2.4,2.4,40,3400,0
FINNIFTY13NOV2321000CE.NFO,2023-11-02,10:55:00,2023-11-13,2.4,2.45,2.4,2.45,200,3400,0
FINNIFTY13NOV2321000CE.NFO,2023-11-02,10:56:00,2023-11-13,2.45,2.45,2.45,2.45,0,3400,0
FINNIFTY13NOV2321000CE.NFO,2023-11-02,10:57:00,2023-11-13,2.45,2.45,2.45,2.45,80,3520,0
FINNIFTY13NOV2321000CE.NFO,2023-11-02,10:58:00,2023-11-13,2.5,2.5,2.5,2.5,0,3520,0
FINNIFTY13NOV2321000CE.NFO,2023-11-02,10:59:00,2023-11-13,2.5,2.5,2.5,2.5,0,3520,1
FINNIFTY13NOV2321000CE.NFO,2023-11-02,11:00:00,2023-11-13,2.5,2.5,2.5,2.5,120,3520,0
FINNIFTY13NOV2321000CE.NFO,2023-11-02,11:01:00,2023-11-13,2.5,2.5,2.5,2.5,0,3520,0
FINNIFTY13NOV2321000CE.NFO,2023-11-02,11:02:00,2023-11-13,2.5,2.5,2.5,2.5,0,3520,0
FINNIFTY13NOV2321000CE.NFO,2023-11-02,11:03:00,2023-11-13,2.5,2.55,2.5,2.55,120,3520,0
FINNIFTY13NOV2321000CE.NFO,2023-11-02,11:04:00,2023-11-13,2.55,2.55,2.55,2.55,0,3520,0
FINNIFTY13NOV2321000CE.NFO,2023-11-02,11:05:00,2023-11-13,2.55,2.55,2.55,2.55,160,3520,0
FINNIFTY13NOV2321000CE.NFO,2023-11-02,11:06:00,2023-11-13,2.55,2.55,2.55,2.55,160,3520,1
FINNIFTY13NOV2321000CE.NFO,2023-11-02,11:07:00,2023-11-13,2.55,2.6,2.55,2.6,40,3720,0
FINNIFTY13NOV2321000CE.NFO,2023-11-02,11:08:00,2023-11-13,2.6,2.6,2.6,2.6,0,3720,0
FINNIFTY13NOV2321000CE.NFO,2023-11-02,11:09:00,2023-11-13,2.6,2.6,2.6,2.6,0,3720,0
FINNIFTY13NOV2321000CE.NFO,2023-11-02,11:10:00,2023-11-13,2.6,2.6,2.6,2.6,0,3720,1
FINNIFTY13NOV2321000CE.NFO,2023-11-02,11:11:00,2023-11-13,2.6,2.6,2.6,2.6,0,3720,1
FINNIFTY13NOV2321000CE.NFO,2023-11-02,11:12:00,2023-11-13,2.6,2.6,2.6,2.6,120,3680,0
FINNIFTY13NOV2321000CE.NFO,2023-11-02,11:13:00,2023-11-13,2.6,2.6,2.6,2.6,120,3680,1
FINNIFTY13NOV2321000CE.NFO,2023-11-02,11:14:00,2023-11-13,2.6,2.6,2.6,2.6,120,3680,1
FINNIFTY13NOV2321000CE.NFO,2023-11-02,11:15:00,2023-11-13,2.6,2.6,2.6,2.6,0,3680,0
FINNIFTY13NOV2321000CE.NFO,2023-11-02,11:16:00,2023-11-13,2.6,2.7,2.45,2.6,520,3560,0
FINNIFTY13NOV2321000CE.NFO,2023-11-02,11:17:00,2023-11-13,2.6,2.6,2.6,2.6,0,3560,0
FINNIFTY13NOV2321000CE.NFO,2023-11-02,11:18:00,2023-11-13,2.6,2.6,2.6,2.6,40,3640,0
FINNIFTY13NOV2321000CE.NFO,2023-11-02,11:19:00,2023-11-13,2.6,2.6,2.55,2.55,40,3640,0
FINNIFTY13NOV2321000CE.NFO,2023-11-02,11:20:00,2023-11-13,2.55,2.55,2.55,2.55,0,3640,0
FINNIFTY13NOV2321000CE.NFO,2023-11-02,11:21:00,2023-11-13,2.55,2.55,2.55,2.55,0,3640,0
FINNIFTY13NOV2321000CE.NFO,2023-11-02,11:22:00,2023-11-13,2.55,2.55,2.5,2.5,160,3680,0
FINNIFTY13NOV2321000CE.NFO,2023-11-02,11:23:00,2023-11-13,2.5,2.5,2.5,2.5,120,3920,0
FINNIFTY13NOV2321000CE.NFO,2023-11-02,11:24:00,2023-11-13,2.5,2.5,2.45,2.45,1840,3920,0
FINNIFTY13NOV2321000CE.NFO,2023-11-02,11:25:00,2023-11-13,2.45,2.45,2.4,2.4,40,3920,0
FINNIFTY13NOV2321000CE.NFO,2023-11-02,11:26:00,2023-11-13,2.4,2.4,2.4,2.4,0,3920,0
FINNIFTY13NOV2321000CE.NFO,2023-11-02,11:27:00,2023-11-13,2.4,2.5,2.4,2.5,40,5760,0
FINNIFTY13NOV2321000CE.NFO,2023-11-02,11:28:00,2023-11-13,2.5,2.5,2.5,2.5,0,5760,0
FINNIFTY13NOV2321000CE.NFO,2023-11-02,11:29:00,2023-11-13,2.5,2.5,2.5,2.5,0,5760,0
FINNIFTY13NOV2321000CE.NFO,2023-11-02,11:30:00,2023-11-13,2.5,2.5,2.5,2.5,0,5760,0
FINNIFTY13NOV2321000CE.NFO,2023-11-02,11:31:00,2023-11-13,2.5,2.5,2.5,2.5,0,5760,0
FINNIFTY13NOV2321000CE.NFO,2023-11-02,11:32:00,2023-11-13,2.5,2.5,2.5,2.5,0,5760,0
FINNIFTY13NOV2321000CE.NFO,2023-11-02,11:33:00,2023-11-13,2.6,2.6,2.55,2.55,160,5800,0
FINNIFTY13NOV2321000CE.NFO,2023-11-02,11:34:00,2023-11-13,2.5,2.5,2.45,2.45,640,5800,0
FINNIFTY13NOV2321000CE.NFO,2023-11-02,11:35:00,2023-11-13,2.45,2.5,2.45,2.5,560,5800,0
FINNIFTY13NOV2321000CE.NFO,2023-11-02,11:36:00,2023-11-13,2.5,2.5,2.5,2.5,0,5800,0
FINNIFTY13NOV2321000CE.NFO,2023-11-02,11:37:00,2023-11-13,2.5,2.5,2.5,2.5,0,5800,1
FINNIFTY13NOV2321000CE.NFO,2023-11-02,11:38:00,2023-11-13,2.5,2.5,2.45,2.45,40,7040,0
FINNIFTY13NOV2321000CE.NFO,2023-11-02,11:39:00,2023-11-13,2.45,2.45,2.45,2.45,0,7040,0
FINNIFTY13NOV2321000CE.NFO,2023-11-02,11:40:00,2023-11-13,2.45,2.45,2.45,2.45,0,7040,0
FINNIFTY13NOV2321000CE.NFO,2023-11-02,11:41:00,2023-11-13,2.45,2.45,2.45,2.45,0,7040,0
FINNIFTY13NOV2321000CE.NFO,2023-11-02,11:42:00,2023-11-13,2.45,2.45,2.45,2.45,0,7040,0
FINNIFTY13NOV2321000CE.NFO,2023-11-02,11:43:00,2023-11-13,2.45,2.45,2.45,2.45,0,7040,1
FINNIFTY13NOV2321000CE.NFO,2023-11-02,11:44:00,2023-11-13,2.45,2.45,2.45,2.45,0,7040,1
FINNIFTY13NOV2321000CE.NFO,2023-11-02,11:45:00,2023-11-13,2.45,2.45,2.45,2.45,40,7080,0
FINNIFTY13NOV2321000CE.NFO,2023-11-02,11:46:00,2023-11-13,2.45,2.45,2.45,2.45,40,7080,1
FINNIFTY13NOV2321000CE.NFO,2023-11-02,11:47:00,2023-11-13,2.45,2.45,2.45,2.45,40,7080,1
FINNIFTY13NOV2321000CE.NFO,2023-11-02,11:48:00,2023-11-13,2.45,2.45,2.45,2.45,0,7080,0
FINNIFTY13NOV2321000CE.NFO,2023-11-02,11:49:00,2023-11-13,2.45,2.45,2.4,2.4,600,7120,0
FINNIFTY13NOV2321000CE.NFO,2023-11-02,11:50:00,2023-11-13,2.4,2.4,2.4,2.4,0,7120,0
FINNIFTY13NOV2321000CE.NFO,2023-11-02,11:51:00,2023-11-13,2.4,2.4,2.4,2.4,0,7120,1
FINNIFTY13NOV2321000CE.NFO,2023-11-02,11:52:00,2023-11-13,2.4,2.4,2.4,2.4,0,7120,0
FINNIFTY13NOV2321000CE.NFO,2023-11-02,11:53:00,2023-11-13,2.45,2.45,2.45,2.45,960,8360,0
FINNIFTY13NOV2321000CE.NFO,2023-11-02,11:54:00,2023-11-13,2.45,2.5,2.45,2.5,0,8360,0
FINNIFTY13NOV2321000CE.NFO,2023-11-02,11:55:00,2023-11-13,2.5,2.5,2.5,2.5,560,8360,0
FINNIFTY13NOV2321000CE.NFO,2023-11-02,11:56:00,2023-11-13,2.5,2.5,2.5,2.5,560,8360,1
FINNIFTY13NOV2321000CE.NFO,2023-11-02,11:57:00,2023-11-13,2.5,2.5,2.5,2.5,560,8360,1
FINNIFTY13NOV2321000CE.NFO,2023-11-02,11:58:00,2023-11-13,2.5,2.5,2.5,2.5,560,8360,1
FINNIFTY13NOV2321000CE.NFO,2023-11-02,11:59:00,2023-11-13,2.5,2.5,2.5,2.5,560,8360,1
FINNIFTY13NOV2321000CE.NFO,2023-11-02,12:00:00,2023-11-13,2.5,2.5,2.5,2.5,560,8360,1
FINNIFTY13NOV2321000CE.NFO,2023-11-02,12:01:00,2023-11-13,2.5,2.5,2.5,2.5,560,8360,1
FINNIFTY13NOV2321000CE.NFO,2023-11-02,12:02:00,2023-11-13,2.5,2.65,2.5,2.65,200,9240,0
FINNIFTY13NOV2321000CE.NFO,2023-11-02,12:03:00,2023-11-13,2.6,2.6,2.6,2.6,0,10400,0
FINNIFTY13NOV2321000CE.NFO,2023-11-02,12:04:00,2023-11-13,2.6,2.75,2.6,2.75,1840,10400,0
FINNIFTY13NOV2321000CE.NFO,2023-11-02,12:05:00,2023-11-13,2.75,2.75,2.75,2.75,680,11160,0
FINNIFTY13NOV2321000CE.NFO,2023-11-02,12:06:00,2023-11-13,2.75,2.75,2.75,2.75,360,11160,0
FINNIFTY13NOV2321000CE.NFO,2023-11-02,12:07:00,2023-11-13,2.75,2.75,2.75,2.75,0,11160,0
FINNIFTY13NOV2321000CE.NFO,2023-11-02,12:08:00,2023-11-13,2.75,2.75,2.65,2.65,880,11160,0
FINNIFTY13NOV2321000CE.NFO,2023-11-02,12:09:00,2023-11-13,2.6,2.65,2.6,2.65,1440,11840,0
FINNIFTY13NOV2321000CE.NFO,2023-11-02,12:10:00,2023-11-13,2.65,2.65,2.65,2.65,1440,11840,1
FINNIFTY13NOV2321000CE.NFO,2023-11-02,12:11:00,2023-11-13,2.65,2.65,2.5,2.6,480,11880,0
FINNIFTY13NOV2321000CE.NFO,2023-11-02,12:12:00,2023-11-13,2.6,2.7,2.5,2.7,1600,11880,0
FINNIFTY13NOV2321000CE.NFO,2023-11-02,12:13:00,2023-11-13,2.7,2.7,2.65,2.65,680,11880,0
FINNIFTY13NOV2321000CE.NFO,2023-11-02,12:14:00,2023-11-13,2.65,2.65,2.65,2.65,0,11880,0
FINNIFTY13NOV2321000CE.NFO,2023-11-02,12:15:00,2023-11-13,2.65,2.65,2.65,2.65,0,11880,0
FINNIFTY13NOV2321000CE.NFO,2023-11-02,12:16:00,2023-11-13,2.65,2.65,2.65,2.65,0,11880,0
FINNIFTY13NOV2321000CE.NFO,2023-11-02,12:17:00,2023-11-13,2.6,2.6,2.6,2.6,80,13080,0
FINNIFTY13NOV2321000CE.NFO,2023-11-02,12:18:00,2023-11-13,2.6,2.6,2.6,2.6,0,13080,0
FINNIFTY13NOV2321000CE.NFO,2023-11-02,12:19:00,2023-11-13,2.6,2.65,2.6,2.65,80,13120,0
FINNIFTY13NOV2321000CE.NFO,2023-11-02,12:20:00,2023-11-13,2.65,2.7,2.65,2.7,280,13120,0
FINNIFTY13NOV2321000CE.NFO,2023-11-02,12:21:00,2023-11-13,2.7,2.7,2.7,2.7,0,13120,0
FINNIFTY13NOV2321000CE.NFO,2023-11-02,12:22:00,2023-11-13,2.7,2.7,2.7,2.7,0,13120,0
FINNIFTY13NOV2321000CE.NFO,2023-11-02,12:23:00,2023-11-13,2.7,2.7,2.7,2.7,0,13120,0
FINNIFTY13NOV2321000CE.NFO,2023-11-02,12:24:00,2023-11-13,2.7,2.7,2.7,2.7,0,13120,0
FINNIFTY13NOV2321000CE.NFO,2023-11-02,12:25:00,2023-11-13,2.7,2.7,2.7,2.7,0,13120,0
FINNIFTY13NOV2321000CE.NFO,2023-11-02,12:26:00,2023-11-13,2.7,2.7,2.7,2.7,0,13120,1
FINNIFTY13NOV2321000CE.NFO,2023-11-02,12:27:00,2023-11-13,2.7,2.7,2.7,2.7,0,13120,1
FINNIFTY13NOV2321000CE.NFO,2023-11-02,12:28:00,2023-11-13,2.7,2.7,2.7,2.7,0,13120,1
FINNIFTY13NOV2321000CE.NFO,2023-11-02,12:29:00,2023-11-13,2.7,2.7,2.7,2.7,0,13120,1
FINNIFTY13NOV2321000CE.NFO,2023-11-02,12:30:00,2023-11-13,2.7,2.75,2.7,2.75,200,13200,0
FINNIFTY13NOV2321000CE.NFO,2023-11-02,12:31:00,2023-11-13,2.75,2.75,2.75,2.75,120,13200,0
FINNIFTY13NOV2321000CE.NFO,2023-11-02,12:32:00,2023-11-13,2.75,2.75,2.75,2.75,0,13200,0
FINNIFTY13NOV2321000CE.NFO,2023-11-02,12:33:00,2023-11-13,2.75,2.75,2.6,2.6,80,13520,0
FINNIFTY13NOV2321000CE.NFO,2023-11-02,12:34:00,2023-11-13,2.6,2.6,2.6,2.6,0,13520,0
FINNIFTY13NOV2321000CE.NFO,2023-11-02,12:35:00,2023-11-13,2.6,2.6,2.6,2.6,0,13520,1
FINNIFTY13NOV2321000CE.NFO,2023-11-02,12:36:00,2023-11-13,2.6,2.6,2.6,2.6,80,13560,0
FINNIFTY13NOV2321000CE.NFO,2023-11-02,12:37:00,2023-11-13,2.6,2.6,2.6,2.6,80,13560,1
FINNIFTY13NOV2321000CE.NFO,2023-11-02,12:38:00,2023-11-13,2.6,2.6,2.6,2.6,80,13560,1
FINNIFTY13NOV2321000CE.NFO,2023-11-02,12:39:00,2023-11-13,2.6,2.6,2.6,2.6,0,13560,0
FINNIFTY13NOV2321000CE.NFO,2023-11-02,12:40:00,2023-11-13,2.6,2.6,2.6,2.6,0,13560,0
FINNIFTY13NOV2321000CE.NFO,2023-11-02,12:41:00,2023-11-13,2.55,2.65,2.55,2.65,80,13600,0
FINNIFTY13NOV2321000CE.NFO,2023-11-02,12:42:00,2023-11-13,2.65,2.65,2.65,2.65,80,13600,1
FINNIFTY13NOV2321000CE.NFO,2023-11-02,12:43:00,2023-11-13,2.65,2.65,2.65,2.65,80,13600,1
FINNIFTY13NOV2321000CE.NFO,2023-11-02,12:44:00,2023-11-13,2.65,2.65,2.65,2.65,80,13600,1
FINNIFTY13NOV2321000CE.NFO,2023-11-02,12:45:00,2023-11-13,2.65,2.65,2.65,2.65,80,13600,1
FINNIFTY13NOV2321000CE.NFO,2023-11-02,12:46:00,2023-11-13,2.65,2.65,2.65,2.65,80,13600,1
FINNIFTY13NOV2321000CE.NFO,2023-11-02,12:47:00,2023-11-13,2.6,2.6,2.6,2.6,0,13640,0
FINNIFTY13NOV2321000CE.NFO,2023-11-02,12:48:00,2023-11-13,2.6,2.6,2.6,2.6,0,13640,0
FINNIFTY13NOV2321000CE.NFO,2023-11-02,12:49:00,2023-11-13,2.6,2.6,2.6,2.6,0,13640,1
FINNIFTY13NOV2321000CE.NFO,2023-11-02,12:50:00,2023-11-13,2.6,2.6,2.6,2.6,0,13640,1
FINNIFTY13NOV2321000CE.NFO,2023-11-02,12:51:00,2023-11-13,2.6,2.6,2.6,2.6,0,13640,0
FINNIFTY13NOV2321000CE.NFO,2023-11-02,12:52:00,2023-11-13,2.6,2.6,2.6,2.6,40,13680,0
FINNIFTY13NOV2321000CE.NFO,2023-11-02,12:53:00,2023-11-13,2.6,2.65,2.6,2.65,40,13680,0
FINNIFTY13NOV2321000CE.NFO,2023-11-02,12:54:00,2023-11-13,2.65,2.65,2.65,2.65,0,13680,0
FINNIFTY13NOV2321000CE.NFO,2023-11-02,12:55:00,2023-11-13,2.65,2.65,2.65,2.65,0,13680,1
FINNIFTY13NOV2321000CE.NFO,2023-11-02,12:56:00,2023-11-13,2.65,2.65,2.65,2.65,0,13680,0
FINNIFTY13NOV2321000CE.NFO,2023-11-02,12:57:00,2023-11-13,2.65,2.65,2.65,2.65,0,13680,0
FINNIFTY13NOV2321000CE.NFO,2023-11-02,12:58:00,2023-11-13,2.65,2.65,2.65,2.65,0,13680,0
FINNIFTY13NOV2321000CE.NFO,2023-11-02,12:59:00,2023-11-13,2.65,2.65,2.65,2.65,0,13680,0
FINNIFTY13NOV2321000CE.NFO,2023-11-02,13:00:00,2023-11-13,2.65,2.65,2.65,2.65,0,13680,1
FINNIFTY13NOV2321000CE.NFO,2023-11-02,13:01:00,2023-11-13,2.65,2.65,2.55,2.55,80,13680,0
FINNIFTY13NOV2321000CE.NFO,2023-11-02,13:02:00,2023-11-13,2.55,2.55,2.55,2.55,320,13680,0
FINNIFTY13NOV2321000CE.NFO,2023-11-02,13:03:00,2023-11-13,2.55,2.55,2.55,2.55,0,13680,0
FINNIFTY13NOV2321000CE.NFO,2023-11-02,13:04:00,2023-11-13,2.45,2.45,2.45,2.45,80,13640,0
FINNIFTY13NOV2321000CE.NFO,2023-11-02,13:05:00,2023-11-13,2.45,2.45,2.45,2.45,0,13640,0
FINNIFTY13NOV2321000CE.NFO,2023-11-02,13:06:00,2023-11-13,2.45,2.45,2.45,2.45,0,13640,1
FINNIFTY13NOV2321000CE.NFO,2023-11-02,13:07:00,2023-11-13,2.45,2.45,2.45,2.45,0,13640,1
FINNIFTY13NOV2321000CE.NFO,2023-11-02,13:08:00,2023-11-13,2.45,2.45,2.45,2.45,0,13640,1
FINNIFTY13NOV2321000CE.NFO,2023-11-02,13:09:00,2023-11-13,2.45,2.45,2.45,2.45,0,13640,1
FINNIFTY13NOV2321000CE.NFO,2023-11-02,13:10:00,2023-11-13,2.45,2.45,2.45,2.45,0,13640,1
FINNIFTY13NOV2321000CE.NFO,2023-11-02,13:11:00,2023-11-13,2.45,2.45,2.45,2.45,0,13640,0
FINNIFTY13NOV2321000CE.NFO,2023-11-02,13:12:00,2023-11-13,2.45,2.45,2.35,2.35,360,13640,0
FINNIFTY13NOV2321000CE.NFO,2023-11-02,13:13:00,2023-11-13,2.35,2.45,2.35,2.45,80,13640,0
FINNIFTY13NOV2321000CE.NFO,2023-11-02,13:14:00,2023-11-13,2.45,2.5,2.4,2.4,680,13640,0
FINNIFTY13NOV2321000CE.NFO,2023-11-02,13:15:00,2023-11-13,2.4,2.4,2.35,2.35,760,12840,0
FINNIFTY13NOV2321000CE.NFO,2023-11-02,13:16:00,2023-11-13,2.35,2.35,2.35,2.35,80,12840,0
FINNIFTY13NOV2321000CE.NFO,2023-11-02,13:17:00,2023-11-13,2.35,2.45,2.35,2.45,240,12840,0
FINNIFTY13NOV2321000CE.NFO,2023-11-02,13:18:00,2023-11-13,2.45,2.45,2.45,2.45,240,12000,0
FINNIFTY13NOV2321000CE.NFO,2023-11-02,13:19:00,2023-11-13,2.45,2.45,2.45,2.45,40,12000,0
FINNIFTY13NOV2321000CE.NFO,2023-11-02,13:20:00,2023-11-13,2.45,2.45,2.45,2.45,0,12000,0
FINNIFTY13NOV2321000CE.NFO,2023-11-02,13:21:00,2023-11-13,2.45,2.45,2.45,2.45,0,12000,1
FINNIFTY13NOV2321000CE.NFO,2023-11-02,13:22:00,2023-11-13,2.45,2.45,2.45,2.45,0,12000,0
FINNIFTY13NOV2321000CE.NFO,2023-11-02,13:23:00,2023-11-13,2.45,2.45,2.45,2.45,0,12000,0
FINNIFTY13NOV2321000CE.NFO,2023-11-02,13:24:00,2023-11-13,2.45,2.45,2.45,2.45,0,12000,0
FINNIFTY13NOV2321000CE.NFO,2023-11-02,13:25:00,2023-11-13,2.45,2.45,2.45,2.45,0,12000,0
FINNIFTY13NOV2321000CE.NFO,2023-11-02,13:26:00,2023-11-13,2.45,2.45,2.45,2.45,0,12000,0
FINNIFTY13NOV2321000CE.NFO,2023-11-02,13:27:00,2023-11-13,2.45,2.45,2.45,2.45,0,12000,0
FINNIFTY13NOV2321000CE.NFO,2023-11-02,13:28:00,2023-11-13,2.45,2.45,2.45,2.45,0,12000,1
FINNIFTY13NOV2321000CE.NFO,2023-11-02,13:29:00,2023-11-13,2.45,2.45,2.45,2.45,0,12000,1
FINNIFTY13NOV2321000CE.NFO,2023-11-02,13:30:00,2023-11-13,2.45,2.45,2.45,2.45,0,12000,1
FINNIFTY13NOV2321000CE.NFO,2023-11-02,13:31:00,2023-11-13,2.45,2.45,2.45,2.45,0,12000,1
FINNIFTY13NOV2321000CE.NFO,2023-11-02,13:32:00,2023-11-13,2.45,2.45,2.45,2.45,0,12000,1
FINNIFTY13NOV2321000CE.NFO,2023-11-02,13:33:00,2023-11-13,2.45,2.45,2.45,2.45,0,12000,1
FINNIFTY13NOV2321000CE.NFO,2023-11-02,13:34:00,2023-11-13,2.45,2.45,2.45,2.45,0,12000,1
FINNIFTY13NOV2321000CE.NFO,2023-11-02,13:35:00,2023-11-13,2.45,2.45,2.45,2.45,0,12000,0
FINNIFTY13NOV2321000CE.NFO,2023-11-02,13:36:00,2023-11-13,2.45,2.45,2.45,2.45,0,12000,1
FINNIFTY13NOV2321000CE.NFO,2023-11-02,13:37:00,2023-11-13,2.45,2.45,2.45,2.45,0,12000,0
FINNIFTY13NOV2321000CE.NFO,2023-11-02,13:38:00,2023-11-13,2.45,2.45,2.45,2.45,0,12000,1
FINNIFTY13NOV2321000CE.NFO,2023-11-02,13:39:00,2023-11-13,2.45,2.45,2.4,2.4,80,11720,0
FINNIFTY13NOV2321000CE.NFO,2023-11-02,13:40:00,2023-11-13,2.4,2.4,2.4,2.4,0,11720,0
FINNIFTY13NOV2321000CE.NFO,2023-11-02,13:41:00,2023-11-13,2.4,2.5,2.4,2.45,1320,10880,0
FINNIFTY13NOV2321000CE.NFO,2023-11-02,13:42:00,2023-11-13,2.45,2.45,2.45,2.45,1000,10880,0
FINNIFTY13NOV2321000CE.NFO,2023-11-02,13:43:00,2023-11-13,2.45,2.45,2.45,2.45,0,10880,0
FINNIFTY13NOV2321000CE.NFO,2023-11-02,13:44:00,2023-11-13,2.45,2.45,2.45,2.45,0,10880,1
FINNIFTY13NOV2321000CE.NFO,2023-11-02,13:45:00,2023-11-13,2.45,2.45,2.45,2.45,0,10880,1
FINNIFTY13NOV2321000CE.NFO,2023-11-02,13:46:00,2023-11-13,2.45,2.45,2.45,2.45,0,10880,1
FINNIFTY13NOV2321000CE.NFO,2023-11-02,13:47:00,2023-11-13,2.45,2.45,2.45,2.45,0,10880,1
FINNIFTY13NOV2321000CE.NFO,2023-11-02,13:48:00,2023-11-13,2.45,2.45,2.45,2.45,0,10880,1
FINNIFTY13NOV2321000CE.NFO,2023-11-02,13:49:00,2023-11-13,2.45,2.45,2.45,2.45,0,10880,0
FINNIFTY13NOV2321000CE.NFO,2023-11-02,13:50:00,2023-11-13,2.45,2.45,2.4,2.45,840,9520,0
FINNIFTY13NOV2321000CE.NFO,2023-11-02,13:51:00,2023-11-13,2.45,2.45,2.45,2.45,0,9520,0
FINNIFTY13NOV2321000CE.NFO,2023-11-02,13:52:00,2023-11-13,2.45,2.45,2.45,2.45,0,9520,0
FINNIFTY13NOV2321000CE.NFO,2023-11-02,13:53:00,2023-11-13,2.45,2.45,2.45,2.45,0,9520,0
FINNIFTY13NOV2321000CE.NFO,2023-11-02,13:54:00,2023-11-13,2.45,2.45,2.45,2.45,0,9520,1
FINNIFTY13NOV2321000CE.NFO,2023-11-02,13:55:00,2023-11-13,2.45,2.45,2.45,2.45,0,9520,1
FINNIFTY13NOV2321000CE.NFO,2023-11-02,13:56:00,2023-11-13,2.45,2.45,2.45,2.45,0,9520,0
FINNIFTY13NOV2321000CE.NFO,2023-11-02,13:57:00,2023-11-13,2.45,2.45,2.45,2.45,0,9520,1
FINNIFTY13NOV2321000CE.NFO,2023-11-02,13:58:00,2023-11-13,2.45,2.45,2.45,2.45,0,9520,1
FINNIFTY13NOV2321000CE.NFO,2023-11-02,13:59:00,2023-11-13,2.45,2.45,2.45,2.45,0,9520,1
FINNIFTY13NOV2321000CE.NFO,2023-11-02,14:00:00,2023-11-13,2.45,2.45,2.45,2.45,0,9520,1
FINNIFTY13NOV2321000CE.NFO,2023-11-02,14:01:00,2023-11-13,2.45,2.45,2.45,2.45,0,9520,1
FINNIFTY13NOV2321000CE.NFO,2023-11-02,14:02:00,2023-11-13,2.45,2.45,2.45,2.45,0,9520,1
FINNIFTY13NOV2321000CE.NFO,2023-11-02,14:03:00,2023-11-13,2.45,2.45,2.45,2.45,0,9520,1
FINNIFTY13NOV2321000CE.NFO,2023-11-02,14:04:00,2023-11-13,2.45,2.45,2.45,2.45,40,8880,0
FINNIFTY13NOV2321000CE.NFO,2023-11-02,14:05:00,2023-11-13,2.45,2.5,2.45,2.5,600,8880,0
FINNIFTY13NOV2321000CE.NFO,2023-11-02,14:06:00,2023-11-13,2.5,2.5,2.5,2.5,600,8880,1
FINNIFTY13NOV2321000CE.NFO,2023-11-02,14:07:00,2023-11-13,2.5,2.6,2.5,2.6,400,8280,0
FINNIFTY13NOV2321000CE.NFO,2023-11-02,14:08:00,2023-11-13,2.6,2.6,2.6,2.6,0,8280,0
FINNIFTY13NOV2321000CE.NFO,2023-11-02,14:09:00,2023-11-13,2.6,2.6,2.6,2.6,0,8280,0
FINNIFTY13NOV2321000CE.NFO,2023-11-02,14:10:00,2023-11-13,2.6,2.6,2.6,2.6,0,8280,0
FINNIFTY13NOV2321000CE.NFO,2023-11-02,14:11:00,2023-11-13,2.6,2.6,2.6,2.6,0,8280,0
FINNIFTY13NOV2321000CE.NFO,2023-11-02,14:12:00,2023-11-13,2.6,2.6,2.6,2.6,0,8280,0
FINNIFTY13NOV2321000CE.NFO,2023-11-02,14:13:00,2023-11-13,2.6,2.6,2.6,2.6,0,8280,1
FINNIFTY13NOV2321000CE.NFO,2023-11-02,14:14:00,2023-11-13,2.6,2.6,2.6,2.6,0,8280,0
FINNIFTY13NOV2321000CE.NFO,2023-11-02,14:15:00,2023-11-13,2.5,2.5,2.5,2.5,40,8640,0
FINNIFTY13NOV2321000CE.NFO,2023-11-02,14:16:00,2023-11-13,2.5,2.5,2.5,2.5,0,8640,0
FINNIFTY13NOV2321000CE.NFO,2023-11-02,14:17:00,2023-11-13,2.5,2.5,2.5,2.5,0,8640,0
FINNIFTY13NOV2321000CE.NFO,2023-11-02,14:18:00,2023-11-13,2.5,2.5,2.5,2.5,0,8640,0
FINNIFTY13NOV2321000CE.NFO,2023-11-02,14:19:00,2023-11-13,2.5,2.5,2.5,2.5,0,8640,0
FINNIFTY13NOV2321000CE.NFO,2023-11-02,14:20:00,2023-11-13,2.5,2.5,2.5,2.5,0,8640,0
FINNIFTY13NOV2321000CE.NFO,2023-11-02,14:21:00,2023-11-13,2.5,2.5,2.5,2.5,0,8640,0
FINNIFTY13NOV2321000CE.NFO,2023-11-02,14:22:00,2023-11-13,2.5,2.5,2.5,2.5,0,8640,0
FINNIFTY13NOV2321000CE.NFO,2023-11-02,14:23:00,2023-11-13,2.5,2.5,2.5,2.5,0,8640,1
FINNIFTY13NOV2321000CE.NFO,2023-11-02,14:24:00,2023-11-13,2.5,2.5,2.5,2.5,0,8640,1
FINNIFTY13NOV2321000CE.NFO,2023-11-02,14:25:00,2023-11-13,2.5,2.5,2.45,2.45,120,8600,0
FINNIFTY13NOV2321000CE.NFO,2023-11-02,14:26:00,2023-11-13,2.45,2.45,2.45,2.45,0,8600,0
FINNIFTY13NOV2321000CE.NFO,2023-11-02,14:27:00,2023-11-13,2.45,2.45,2.45,2.45,0,8600,0
FINNIFTY13NOV2321000CE.NFO,2023-11-02,14:28:00,2023-11-13,2.45,2.45,2.45,2.45,80,8520,0
FINNIFTY13NOV2321000CE.NFO,2023-11-02,14:29:00,2023-11-13,2.45,2.45,2.45,2.45,40,8520,0
FINNIFTY13NOV2321000CE.NFO,2023-11-02,14:30:00,2023-11-13,2.45,2.45,2.45,2.45,0,8520,0
FINNIFTY13NOV2321000CE.NFO,2023-11-02,14:31:00,2023-11-13,2.45,2.45,2.45,2.45,0,8520,0
FINNIFTY13NOV2321000CE.NFO,2023-11-02,14:32:00,2023-11-13,2.45,2.6,2.45,2.6,80,8480,0
FINNIFTY13NOV2321000CE.NFO,2023-11-02,14:33:00,2023-11-13,2.6,2.6,2.6,2.6,80,8480,1
FINNIFTY13NOV2321000CE.NFO,2023-11-02,14:34:00,2023-11-13,2.6,2.6,2.4,2.4,200,8520,0
FINNIFTY13NOV2321000CE.NFO,2023-11-02,14:35:00,2023-11-13,2.4,2.4,2.4,2.4,0,8520,0
FINNIFTY13NOV2321000CE.NFO,2023-11-02,14:36:00,2023-11-13,2.4,2.6,2.4,2.6,80,8520,0
FINNIFTY13NOV2321000CE.NFO,2023-11-02,14:37:00,2023-11-13,2.6,2.6,2.6,2.6,0,8520,0
FINNIFTY13NOV2321000CE.NFO,2023-11-02,14:38:00,2023-11-13,2.6,2.6,2.6,2.6,0,8520,0
FINNIFTY13NOV2321000CE.NFO,2023-11-02,14:39:00,2023-11-13,2.6,2.6,2.4,2.45,160,8520,0
FINNIFTY13NOV2321000CE.NFO,2023-11-02,14:40:00,2023-11-13,2.45,2.45,2.45,2.45,40,8520,0
FINNIFTY13NOV2321000CE.NFO,2023-11-02,14:41:00,2023-11-13,2.45,2.45,2.45,2.45,40,8520,0
FINNIFTY13NOV2321000CE.NFO,2023-11-02,14:42:00,2023-11-13,2.45,2.45,2.45,2.45,40,8520,1
FINNIFTY13NOV2321000CE.NFO,2023-11-02,14:43:00,2023-11-13,2.45,2.45,2.45,2.45,0,8520,0
FINNIFTY13NOV2321000CE.NFO,2023-11-02,14:44:00,2023-11-13,2.45,2.45,2.45,2.45,80,8480,0
FINNIFTY13NOV2321000CE.NFO,2023-11-02,14:45:00,2023-11-13,2.45,2.45,2.45,2.45,80,8480,1
FINNIFTY13NOV2321000CE.NFO,2023-11-02,14:46:00,2023-11-13,2.45,2.45,2.45,2.45,80,8480,1
FINNIFTY13NOV2321000CE.NFO,2023-11-02,14:47:00,2023-11-13,2.45,2.45,2.45,2.45,80,8480,1
FINNIFTY13NOV2321000CE.NFO,2023-11-02,14:48:00,2023-11-13,2.45,2.45,2.45,2.45,80,8480,1
FINNIFTY13NOV2321000CE.NFO,2023-11-02,14:49:00,2023-11-13,2.55,2.55,2.55,2.55,120,8400,0
FINNIFTY13NOV2321000CE.NFO,2023-11-02,14:50:00,2023-11-13,2.55,2.55,2.55,2.55,0,8400,0
FINNIFTY13NOV2321000CE.NFO,2023-11-02,14:51:00,2023-11-13,2.55,2.55,2.55,2.55,0,8400,0
FINNIFTY13NOV2321000CE.NFO,2023-11-02,14:52:00,2023-11-13,2.55,2.55,2.55,2.55,0,8400,0
FINNIFTY13NOV2321000CE.NFO,2023-11-02,14:53:00,2023-11-13,2.55,2.55,2.55,2.55,0,8400,0
FINNIFTY13NOV2321000CE.NFO,2023-11-02,14:54:00,2023-11-13,2.55,2.55,2.55,2.55,0,8400,0
FINNIFTY13NOV2321000CE.NFO,2023-11-02,14:55:00,2023-11-13,2.55,2.55,2.55,2.55,0,8400,0
FINNIFTY13NOV2321000CE.NFO,2023-11-02,14:56:00,2023-11-13,2.55,2.55,2.55,2.55,200,8400,0
FINNIFTY13NOV2321000CE.NFO,2023-11-02,14:57:00,2023-11-13,2.55,2.55,2.55,2.55,0,8400,0
FINNIFTY13NOV2321000CE.NFO,2023-11-02,14:58:00,2023-11-13,2.55,2.55,2.55,2.55,0,8400,0
FINNIFTY13NOV2321000CE.NFO,2023-11-02,14:59:00,2023-11-13,2.55,2.55,2.55,2.55,0,8400,0
FINNIFTY13NOV2321000CE.NFO,2023-11-02,15:00:00,2023-11-13,2.55,2.55,2.55,2.55,0,8400,0
FINNIFTY13NOV2321000CE.NFO,2023-11-02,15:01:00,2023-11-13,2.55,2.55,2.5,2.5,160,8400,0
FINNIFTY13NOV2321000CE.NFO,2023-11-02,15:02:00,2023-11-13,2.45,2.45,2.45,2.45,480,8400,0
FINNIFTY13NOV2321000CE.NFO,2023-11-02,15:03:00,2023-11-13,2.45,2.45,2.45,2.45,0,8400,0
FINNIFTY13NOV2321000CE.NFO,2023-11-02,15:04:00,2023-11-13,2.45,2.45,2.4,2.4,120,7920,0
FINNIFTY13NOV2321000CE.NFO,2023-11-02,15:05:00,2023-11-13,2.45,2.45,2.45,2.45,80,7920,0
FINNIFTY13NOV2321000CE.NFO,2023-11-02,15:06:00,2023-11-13,2.45,2.45,2.45,2.45,0,7920,0
FINNIFTY13NOV2321000CE.NFO,2023-11-02,15:07:00,2023-11-13,2.4,2.5,2.4,2.5,880,7920,0
FINNIFTY13NOV2321000CE.NFO,2023-11-02,15:08:00,2023-11-13,2.5,2.5,2.5,2.5,0,7920,0
FINNIFTY13NOV2321000CE.NFO,2023-11-02,15:09:00,2023-11-13,2.4,2.4,2.35,2.35,80,7080,0
FINNIFTY13NOV2321000CE.NFO,2023-11-02,15:10:00,2023-11-13,2.35,2.35,2.35,2.35,0,7080,0
FINNIFTY13NOV2321000CE.NFO,2023-11-02,15:11:00,2023-11-13,2.35,2.35,2.35,2.35,0,7080,0
FINNIFTY13NOV2321000CE.NFO,2023-11-02,15:12:00,2023-11-13,2.35,2.4,2.3,2.3,560,7640,0
FINNIFTY13NOV2321000CE.NFO,2023-11-02,15:13:00,2023-11-13,2.3,2.3,2.3,2.3,0,7640,0
FINNIFTY13NOV2321000CE.NFO,2023-11-02,15:14:00,2023-11-13,2.3,2.3,2.3,2.3,0,7640,1
FINNIFTY13NOV2321000CE.NFO,2023-11-02,15:15:00,2023-11-13,2.3,2.3,2.3,2.3,0,7640,0
FINNIFTY13NOV2321000CE.NFO,2023-11-02,15:16:00,2023-11-13,2.3,2.3,2.3,2.3,0,7640,0
FINNIFTY13NOV2321000CE.NFO,2023-11-02,15:17:00,2023-11-13,2.3,2.3,2.3,2.3,0,7640,0
FINNIFTY13NOV2321000CE.NFO,2023-11-02,15:18:00,2023-11-13,2.3,2.3,2.3,2.3,0,7640,0
FINNIFTY13NOV2321000CE.NFO,2023-11-02,15:19:00,2023-11-13,2.3,2.3,2.3,2.3,0,7640,1
FINNIFTY13NOV2321000CE.NFO,2023-11-02,15:20:00,2023-11-13,2.3,2.3,2.3,2.3,600,7640,0
FINNIFTY13NOV2321000CE.NFO,2023-11-02,15:21:00,2023-11-13,2.3,2.35,2.3,2.35,80,7640,0
FINNIFTY13NOV2321000CE.NFO,2023-11-02,15:22:00,2023-11-13,2.35,2.35,2.35,2.35,80,7640,1
FINNIFTY13NOV2321000CE.NFO,2023-11-02,15:23:00,2023-11-13,2.3,2.3,2.3,2.3,520,7640,0
FINNIFTY13NOV2321000CE.NFO,2023-11-02,15:24:00,2023-11-13,2.45,2.45,2.45,2.45,0,8160,0
FINNIFTY13NOV2321000CE.NFO,2023-11-02,15:25:00,2023-11-13,2.45,2.45,2.45,2.45,0,8160,0
FINNIFTY13NOV2321000CE.NFO,2023-11-02,15:26:00,2023-11-13,2.45,2.45,2.45,2.45,0,8160,0
FINNIFTY13NOV2321000CE.NFO,2023-11-02,15:27:00,2023-11-13,2.5,2.5,2.5,2.5,0,8080,0
FINNIFTY13NOV2321000CE.NFO,2023-11-02,15:28:00,2023-11-13,2.5,2.75,2.5,2.75,40,8080,0
FINNIFTY13NOV2321000CE.NFO,2023-11-02,15:29:00,2023-11-13,2.75,2.75,2.75,2.75,0,8080,0
FINNIFTY13NOV2321000CE.NFO,2023-11-02,15:30:00,2023-11-13,2.75,2.75,2.75,2.75,0,8080,1
FINNIFTY13NOV2321000CE.NFO,2023-11-03,09:15:00,2023-11-13,2.1,2.1,2.1,2.1,0,8040,1
FINNIFTY13NOV2321000CE.NFO,2023-11-03,09:16:00,2023-11-13,2.1,2.1,2.1,2.1,0,8040,1
FINNIFTY13NOV2321000CE.NFO,2023-11-03,09:17:00,2023-11-13,2.1,2.1,2.1,2.1,0,8040,1
FINNIFTY13NOV2321000CE.NFO,2023-11-03,09:18:00,2023-11-13,2.1,2.1,2.1,2.1,0,8040,1
FINNIFTY13NOV2321000CE.NFO,2023-11-03,09:19:00,2023-11-13,2.1,2.1,2.1,2.1,0,8040,1
FINNIFTY13NOV2321000CE.NFO,2023-11-03,09:20:00,2023-11-13,2.1,2.1,2.1,2.1,0,8040,1
FINNIFTY13NOV2321000CE.NFO,2023-11-03,09:21:00,2023-11-13,2.1,2.1,2.1,2.1,0,8040,1
FINNIFTY13NOV2321000CE.NFO,2023-11-03,09:22:00,2023-11-13,2.1,2.1,2.1,2.1,0,8040,1
FINNIFTY13NOV2321000CE.NFO,2023-11-03,09:23:00,2023-11-13,2.1,2.1,2.1,2.1,0,8040,1
FINNIFTY13NOV2321000CE.NFO,2023-11-03,09:24:00,2023-11-13,2.1,2.1,2.1,2.1,0,8040,1
FINNIFTY13NOV2321000CE.NFO,2023-11-03,09:25:00,2023-11-13,2.1,2.1,2.1,2.1,0,8040,0
FINNIFTY13NOV2321000CE.NFO,2023-11-03,09:26:00,2023-11-13,2.1,2.1,2.1,2.1,0,8040,0
FINNIFTY13NOV2321000CE.NFO,2023-11-03,09:27:00,2023-11-13,2.1,2.1,2.1,2.1,0,8040,0
FINNIFTY13NOV2321000CE.NFO,2023-11-03,09:28:00,2023-11-13,2.1,2.1,2.1,2.1,0,8040,0
FINNIFTY13NOV2321000CE.NFO,2023-11-03,09:29:00,2023-11-13,2.1,2.1,2.1,2.1,0,8040,0
FINNIFTY13NOV2321000CE.NFO,2023-11-03,09:30:00,2023-11-13,2.1,2.1,2.1,2.1,0,8040,0
FINNIFTY13NOV2321000CE.NFO,2023-11-03,09:31:00,2023-11-13,2.1,2.1,2.1,2.1,0,8040,0
FINNIFTY13NOV2321000CE.NFO,2023-11-03,09:32:00,2023-11-13,2.1,2.1,2.1,2.1,0,8040,0
FINNIFTY13NOV2321000CE.NFO,2023-11-03,09:33:00,2023-11-13,2.1,2.1,2.1,2.1,0,8040,0
FINNIFTY13NOV2321000CE.NFO,2023-11-03,09:34:00,2023-11-13,2.1,2.1,2.1,2.1,0,8040,0
FINNIFTY13NOV2321000CE.NFO,2023-11-03,09:35:00,2023-11-13,2.1,2.1,2.1,2.1,0,8040,0
FINNIFTY13NOV2321000CE.NFO,2023-11-03,09:36:00,2023-11-13,2.1,2.2,2.1,2.2,40,8040,0
FINNIFTY13NOV2321000CE.NFO,2023-11-03,09:37:00,2023-11-13,2.2,2.2,2.2,2.2,0,8040,0
FINNIFTY13NOV2321000CE.NFO,2023-11-03,09:38:00,2023-11-13,2.2,2.2,2.2,2.2,0,8040,1
FINNIFTY13NOV2321000CE.NFO,2023-11-03,09:39:00,2023-11-13,2.2,2.2,2.2,2.2,0,8040,0
FINNIFTY13NOV2321000CE.NFO,2023-11-03,09:40:00,2023-11-13,1.95,1.95,1.95,1.95,200,8040,0
FINNIFTY13NOV2321000CE.NFO,2023-11-03,09:41:00,2023-11-13,1.95,1.95,1.95,1.95,40,8040,0
FINNIFTY13NOV2321000CE.NFO,2023-11-03,09:42:00,2023-11-13,1.95,1.95,1.95,1.95,0,8040,0
FINNIFTY13NOV2321000CE.NFO,2023-11-03,09:43:00,2023-11-13,1.95,1.95,1.95,1.95,0,8040,1
FINNIFTY13NOV2321000CE.NFO,2023-11-03,09:44:00,2023-11-13,1.95,1.95,1.95,1.95,0,8040,0
FINNIFTY13NOV2321000CE.NFO,2023-11-03,09:45:00,2023-11-13,1.95,1.95,1.95,1.95,0,8040,1
FINNIFTY13NOV2321000CE.NFO,2023-11-03,09:46:00,2023-11-13,1.9,1.9,1.8,1.8,2000,8040,0
FINNIFTY13NOV2321000CE.NFO,2023-11-03,09:47:00,2023-11-13,1.8,1.95,1.8,1.95,160,10040,0
FINNIFTY13NOV2321000CE.NFO,2023-11-03,09:48:00,2023-11-13,1.95,1.95,1.95,1.95,0,10040,0
FINNIFTY13NOV2321000CE.NFO,2023-11-03,09:49:00,2023-11-13,1.95,1.95,1.95,1.95,0,10040,0
FINNIFTY13NOV2321000CE.NFO,2023-11-03,09:50:00,2023-11-13,1.95,1.95,1.95,1.95,0,10040,0
FINNIFTY13NOV2321000CE.NFO,2023-11-03,09:51:00,2023-11-13,1.95,1.95,1.95,1.95,0,10040,0
FINNIFTY13NOV2321000CE.NFO,2023-11-03,09:52:00,2023-11-13,1.95,1.95,1.95,1.95,0,10040,0
FINNIFTY13NOV2321000CE.NFO,2023-11-03,09:53:00,2023-11-13,1.95,1.95,1.95,1.95,0,10040,0
FINNIFTY13NOV2321000CE.NFO,2023-11-03,09:54:00,2023-11-13,1.95,1.95,1.95,1.95,0,10040,0
FINNIFTY13NOV2321000CE.NFO,2023-11-03,09:55:00,2023-11-13,1.95,1.95,1.95,1.95,0,10040,0
FINNIFTY13NOV2321000CE.NFO,2023-11-03,09:56:00,2023-11-13,1.95,1.95,1.95,1.95,0,10040,0
FINNIFTY13NOV2321000CE.NFO,2023-11-03,09:57:00,2023-11-13,1.95,1.95,1.95,1.95,0,10040,0
FINNIFTY13NOV2321000CE.NFO,2023-11-03,09:58:00,2023-11-13,1.95,1.95,1.95,1.95,0,10040,0
FINNIFTY13NOV2321000CE.NFO,2023-11-03,09:59:00,2023-11-13,1.95,1.95,1.95,1.95,0,10040,0
FINNIFTY13NOV2321000CE.NFO,2023-11-03,10:00:00,2023-11-13,1.95,1.95,1.95,1.95,0,10040,0
FINNIFTY13NOV2321000CE.NFO,2023-11-03,10:01:00,2023-11-13,1.95,1.95,1.95,1.95,40,10040,0
FINNIFTY13NOV2321000CE.NFO,2023-11-03,10:02:00,2023-11-13,1.95,1.95,1.95,1.95,0,10040,0
FINNIFTY13NOV2321000CE.NFO,2023-11-03,10:03:00,2023-11-13,1.95,1.95,1.95,1.95,0,10040,1
FINNIFTY13NOV2321000CE.NFO,2023-11-03,10:04:00,2023-11-13,1.9,1.9,1.9,1.9,40,10040,0
FINNIFTY13NOV2321000CE.NFO,2023-11-03,10:05:00,2023-11-13,1.9,1.9,1.9,1.9,0,10040,0
FINNIFTY13NOV2321000CE.NFO,2023-11-03,10:06:00,2023-11-13,1.9,1.9,1.9,1.9,0,10040,1
FINNIFTY13NOV2321000CE.NFO,2023-11-03,10:07:00,2023-11-13,1.9,1.9,1.9,1.9,0,10040,1
FINNIFTY13NOV2321000CE.NFO,2023-11-03,10:08:00,2023-11-13,1.9,1.9,1.9,1.9,0,10040,0
FINNIFTY13NOV2321000CE.NFO,2023-11-03,10:09:00,2023-11-13,1.9,1.9,1.9,1.9,0,10040,0
FINNIFTY13NOV2321000CE.NFO,2023-11-03,10:10:00,2023-11-13,1.9,1.9,1.9,1.9,0,10040,0
FINNIFTY13NOV2321000CE.NFO,2023-11-03,10:11:00,2023-11-13,1.9,1.9,1.9,1.9,0,10040,0
FINNIFTY13NOV2321000CE.NFO,2023-11-03,10:12:00,2023-11-13,1.9,1.9,1.9,1.9,0,10040,0
FINNIFTY13NOV2321000CE.NFO,2023-11-03,10:13:00,2023-11-13,1.9,1.9,1.9,1.9,0,10040,0
FINNIFTY13NOV2321000CE.NFO,2023-11-03,10:14:00,2023-11-13,1.9,1.9,1.9,1.9,0,10040,0
FINNIFTY13NOV2321000CE.NFO,2023-11-03,10:15:00,2023-11-13,1.9,1.9,1.9,1.9,0,10040,1
FINNIFTY13NOV2321000CE.NFO,2023-11-03,10:16:00,2023-11-13,1.9,1.9,1.9,1.9,0,10040,0
FINNIFTY13NOV2321000CE.NFO,2023-11-03,10:17:00,2023-11-13,1.9,1.9,1.9,1.9,0,10040,0
FINNIFTY13NOV2321000CE.NFO,2023-11-03,10:18:00,2023-11-13,1.9,1.9,1.9,1.9,0,10040,1
FINNIFTY13NOV2321000CE.NFO,2023-11-03,10:19:00,2023-11-13,1.9,1.9,1.9,1.9,0,10040,1
FINNIFTY13NOV2321000CE.NFO,2023-11-03,10:20:00,2023-11-13,1.9,1.9,1.9,1.9,0,10040,0
FINNIFTY13NOV2321000CE.NFO,2023-11-03,10:21:00,2023-11-13,1.9,1.9,1.9,1.9,0,10040,0
FINNIFTY13NOV2321000CE.NFO,2023-11-03,10:22:00,2023-11-13,1.9,1.9,1.9,1.9,0,10040,0
FINNIFTY13NOV2321000CE.NFO,2023-11-03,10:23:00,2023-11-13,1.9,1.9,1.9,1.9,0,10040,1
FINNIFTY13NOV2321000CE.NFO,2023-11-03,10:24:00,2023-11-13,1.9,1.9,1.9,1.9,0,10040,1
FINNIFTY13NOV2321000CE.NFO,2023-11-03,10:25:00,2023-11-13,1.9,1.9,1.9,1.9,0,10040,1
FINNIFTY13NOV2321000CE.NFO,2023-11-03,10:26:00,2023-11-13,1.9,1.9,1.9,1.9,0,10040,1
FINNIFTY13NOV2321000CE.NFO,2023-11-03,10:27:00,2023-11-13,1.9,1.9,1.9,1.9,0,10040,0
FINNIFTY13NOV2321000CE.NFO,2023-11-03,10:28:00,2023-11-13,1.9,1.9,1.9,1.9,0,10040,1
FINNIFTY13NOV2321000CE.NFO,2023-11-03,10:29:00,2023-11-13,1.9,1.9,1.9,1.9,0,10040,1
FINNIFTY13NOV2321000CE.NFO,2023-11-03,10:30:00,2023-11-13,1.9,1.9,1.9,1.9,0,10040,1
FINNIFTY13NOV2321000CE.NFO,2023-11-03,10:31:00,2023-11-13,1.9,1.9,1.9,1.9,0,10040,1
FINNIFTY13NOV2321000CE.NFO,2023-11-03,10:32:00,2023-11-13,1.9,1.9,1.9,1.9,0,10040,1
FINNIFTY13NOV2321000CE.NFO,2023-11-03,10:33:00,2023-11-13,1.9,1.9,1.9,1.9,0,10040,1
FINNIFTY13NOV2321000CE.NFO,2023-11-03,10:34:00,2023-11-13,1.9,1.9,1.9,1.9,0,10040,0
FINNIFTY13NOV2321000CE.NFO,2023-11-03,10:35:00,2023-11-13,1.9,1.9,1.9,1.9,0,10040,0
FINNIFTY13NOV2321000CE.NFO,2023-11-03,10:36:00,2023-11-13,1.9,1.9,1.9,1.9,0,10040,1
FINNIFTY13NOV2321000CE.NFO,2023-11-03,10:37:00,2023-11-13,1.9,1.9,1.9,1.9,0,10040,1
FINNIFTY13NOV2321000CE.NFO,2023-11-03,10:38:00,2023-11-13,1.9,1.9,1.9,1.9,0,10040,1
FINNIFTY13NOV2321000CE.NFO,2023-11-03,10:39:00,2023-11-13,1.9,1.9,1.9,1.9,0,10040,1
FINNIFTY13NOV2321000CE.NFO,2023-11-03,10:40:00,2023-11-13,1.9,1.9,1.9,1.9,0,10040,1
FINNIFTY13NOV2321000CE.NFO,2023-11-03,10:41:00,2023-11-13,1.9,1.9,1.9,1.9,0,10040,1
FINNIFTY13NOV2321000CE.NFO,2023-11-03,10:42:00,2023-11-13,1.9,1.9,1.9,1.9,0,10040,1
FINNIFTY13NOV2321000CE.NFO,2023-11-03,10:43:00,2023-11-13,1.9,1.9,1.9,1.9,0,10040,1
FINNIFTY13NOV2321000CE.NFO,2023-11-03,10:44:00,2023-11-13,1.9,1.9,1.9,1.9,0,10040,1
FINNIFTY13NOV2321000CE.NFO,2023-11-03,10:45:00,2023-11-13,1.9,1.9,1.9,1.9,0,10040,0
FINNIFTY13NOV2321000CE.NFO,2023-11-03,10:46:00,2023-11-13,1.9,1.9,1.9,1.9,0,10040,0
FINNIFTY13NOV2321000CE.NFO,2023-11-03,10:47:00,2023-11-13,1.9,1.9,1.9,1.9,0,10040,1
FINNIFTY13NOV2321000CE.NFO,2023-11-03,10:48:00,2023-11-13,1.9,1.9,1.9,1.9,0,10040,0
FINNIFTY13NOV2321000CE.NFO,2023-11-03,10:49:00,2023-11-13,1.9,1.9,1.9,1.9,0,10040,1
FINNIFTY13NOV2321000CE.NFO,2023-11-03,10:50:00,2023-11-13,1.9,1.9,1.9,1.9,0,10040,0
FINNIFTY13NOV2321000CE.NFO,2023-11-03,10:51:00,2023-11-13,1.9,1.9,1.9,1.9,0,10040,0
FINNIFTY13NOV2321000CE.NFO,2023-11-03,10:52:00,2023-11-13,1.9,1.9,1.9,1.9,0,10040,0
FINNIFTY13NOV2321000CE.NFO,2023-11-03,10:53:00,2023-11-13,1.9,1.9,1.9,1.9,0,10040,1
FINNIFTY13NOV2321000CE.NFO,2023-11-03,10:54:00,2023-11-13,1.9,1.9,1.9,1.9,0,10040,1
FINNIFTY13NOV2321000CE.NFO,2023-11-03,10:55:00,2023-11-13,1.9,1.9,1.9,1.9,0,10040,1
FINNIFTY13NOV2321000CE.NFO,2023-11-03,10:56:00,2023-11-13,1.9,1.9,1.9,1.9,0,10040,0
FINNIFTY13NOV2321000CE.NFO,2023-11-03,10:57:00,2023-11-13,1.9,1.9,1.9,1.9,0,10040,1
FINNIFTY13NOV2321000CE.NFO,2023-11-03,10:58:00,2023-11-13,1.9,1.9,1.9,1.9,0,10040,0
FINNIFTY13NOV2321000CE.NFO,2023-11-03,10:59:00,2023-11-13,1.9,1.9,1.9,1.9,0,10040,0
FINNIFTY13NOV2321000CE.NFO,2023-11-03,11:00:00,2023-11-13,1.9,1.9,1.9,1.9,0,10040,1
FINNIFTY13NOV2321000CE.NFO,2023-11-03,11:01:00,2023-11-13,1.9,1.9,1.9,1.9,0,10040,0
FINNIFTY13NOV2321000CE.NFO,2023-11-03,11:02:00,2023-11-13,1.9,1.9,1.9,1.9,0,10040,1
FINNIFTY13NOV2321000CE.NFO,2023-11-03,11:03:00,2023-11-13,1.9,1.9,1.9,1.9,0,10040,1
FINNIFTY13NOV2321000CE.NFO,2023-11-03,11:04:00,2023-11-13,1.9,1.9,1.9,1.9,0,10040,1
FINNIFTY13NOV2321000CE.NFO,2023-11-03,11:05:00,2023-11-13,1.9,1.9,1.9,1.9,0,10040,0
FINNIFTY13NOV2321000CE.NFO,2023-11-03,11:06:00,2023-11-13,1.9,1.9,1.9,1.9,0,10040,1
FINNIFTY13NOV2321000CE.NFO,2023-11-03,11:07:00,2023-11-13,2.0,2.0,2.0,2.0,40,10040,0
FINNIFTY13NOV2321000CE.NFO,2023-11-03,11:08:00,2023-11-13,2.0,2.0,2.0,2.0,0,10040,0
FINNIFTY13NOV2321000CE.NFO,2023-11-03,11:09:00,2023-11-13,2.0,2.0,2.0,2.0,0,10040,1
FINNIFTY13NOV2321000CE.NFO,2023-11-03,11:10:00,2023-11-13,2.0,2.0,2.0,2.0,0,10040,0
FINNIFTY13NOV2321000CE.NFO,2023-11-03,11:11:00,2023-11-13,2.0,2.0,2.0,2.0,0,10040,1
FINNIFTY13NOV2321000CE.NFO,2023-11-03,11:12:00,2023-11-13,2.0,2.0,2.0,2.0,0,10040,0
FINNIFTY13NOV2321000CE.NFO,2023-11-03,11:13:00,2023-11-13,2.0,2.0,2.0,2.0,0,10040,1
FINNIFTY13NOV2321000CE.NFO,2023-11-03,11:14:00,2023-11-13,2.0,2.0,2.0,2.0,0,10040,1
FINNIFTY13NOV2321000CE.NFO,2023-11-03,11:15:00,2023-11-13,2.0,2.0,1.85,1.85,80,10080,0
FINNIFTY13NOV2321000CE.NFO,2023-11-03,11:16:00,2023-11-13,1.85,1.85,1.85,1.85,0,10080,0
FINNIFTY13NOV2321000CE.NFO,2023-11-03,11:17:00,2023-11-13,1.85,1.85,1.85,1.85,0,10080,0
FINNIFTY13NOV2321000CE.NFO,2023-11-03,11:18:00,2023-11-13,1.85,1.85,1.85,1.85,0,10080,1
FINNIFTY13NOV2321000CE.NFO,2023-11-03,11:19:00,2023-11-13,1.85,1.85,1.85,1.85,0,10080,1
FINNIFTY13NOV2321000CE.NFO,2023-11-03,11:20:00,2023-11-13,1.85,1.85,1.85,1.85,0,10080,1
FINNIFTY13NOV2321000CE.NFO,2023-11-03,11:21:00,2023-11-13,1.85,1.85,1.85,1.85,0,10080,1
FINNIFTY13NOV2321000CE.NFO,2023-11-03,11:22:00,2023-11-13,1.85,1.85,1.85,1.85,0,10080,1
FINNIFTY13NOV2321000CE.NFO,2023-11-03,11:23:00,2023-11-13,1.85,1.85,1.85,1.85,0,10080,1
FINNIFTY13NOV2321000CE.NFO,2023-11-03,11:24:00,2023-11-13,1.85,1.85,1.85,1.85,0,10080,1
FINNIFTY13NOV2321000CE.NFO,2023-11-03,11:25:00,2023-11-13,1.85,1.85,1.85,1.85,0,10080,1
FINNIFTY13NOV2321000CE.NFO,2023-11-03,11:26:00,2023-11-13,1.85,1.85,1.85,1.85,0,10080,0
FINNIFTY13NOV2321000CE.NFO,2023-11-03,11:27:00,2023-11-13,1.85,1.85,1.85,1.85,0,10080,0
FINNIFTY13NOV2321000CE.NFO,2023-11-03,11:28:00,2023-11-13,1.85,1.85,1.85,1.85,0,10080,1
FINNIFTY13NOV2321000CE.NFO,2023-11-03,11:29:00,2023-11-13,1.85,1.85,1.85,1.85,0,10080,1
FINNIFTY13NOV2321000CE.NFO,2023-11-03,11:30:00,2023-11-13,1.85,1.85,1.85,1.85,0,10080,0
FINNIFTY13NOV2321000CE.NFO,2023-11-03,11:31:00,2023-11-13,1.85,1.85,1.85,1.85,0,10080,0
FINNIFTY13NOV2321000CE.NFO,2023-11-03,11:32:00,2023-11-13,1.85,1.85,1.85,1.85,0,10080,0
FINNIFTY13NOV2321000CE.NFO,2023-11-03,11:33:00,2023-11-13,1.85,1.85,1.85,1.85,0,10080,0
FINNIFTY13NOV2321000CE.NFO,2023-11-03,11:34:00,2023-11-13,1.85,1.85,1.85,1.85,0,10080,0
FINNIFTY13NOV2321000CE.NFO,2023-11-03,11:35:00,2023-11-13,1.85,1.85,1.85,1.85,0,10080,1
FINNIFTY13NOV2321000CE.NFO,2023-11-03,11:36:00,2023-11-13,1.85,1.85,1.85,1.85,0,10080,1
FINNIFTY13NOV2321000CE.NFO,2023-11-03,11:37:00,2023-11-13,1.85,1.85,1.85,1.85,0,10080,0
FINNIFTY13NOV2321000CE.NFO,2023-11-03,11:38:00,2023-11-13,1.85,1.85,1.85,1.85,0,10080,0
FINNIFTY13NOV2321000CE.NFO,2023-11-03,11:39:00,2023-11-13,1.85,1.85,1.85,1.85,0,10080,1
FINNIFTY13NOV2321000CE.NFO,2023-11-03,11:40:00,2023-11-13,1.85,1.85,1.85,1.85,0,10080,1
FINNIFTY13NOV2321000CE.NFO,2023-11-03,11:41:00,2023-11-13,1.85,1.85,1.85,1.85,0,10080,1
FINNIFTY13NOV2321000CE.NFO,2023-11-03,11:42:00,2023-11-13,1.85,1.85,1.85,1.85,0,10080,1
FINNIFTY13NOV2321000CE.NFO,2023-11-03,11:43:00,2023-11-13,1.85,1.85,1.85,1.85,0,10080,1
FINNIFTY13NOV2321000CE.NFO,2023-11-03,11:44:00,2023-11-13,1.85,1.85,1.85,1.85,0,10080,0
FINNIFTY13NOV2321000CE.NFO,2023-11-03,11:45:00,2023-11-13,1.85,1.85,1.85,1.85,0,10080,1
FINNIFTY13NOV2321000CE.NFO,2023-11-03,11:46:00,2023-11-13,1.85,1.85,1.85,1.85,0,10080,1
FINNIFTY13NOV2321000CE.NFO,2023-11-03,11:47:00,2023-11-13,1.85,1.85,1.85,1.85,0,10080,1
FINNIFTY13NOV2321000CE.NFO,2023-11-03,11:48:00,2023-11-13,1.85,1.85,1.85,1.85,0,10080,1
FINNIFTY13NOV2321000CE.NFO,2023-11-03,11:49:00,2023-11-13,1.85,1.85,1.85,1.85,0,10080,1
FINNIFTY13NOV2321000CE.NFO,2023-11-03,11:50:00,2023-11-13,1.85,1.85,1.85,1.85,0,10080,0
FINNIFTY13NOV2321000CE.NFO,2023-11-03,11:51:00,2023-11-13,1.85,1.85,1.85,1.85,0,10080,1
FINNIFTY13NOV2321000CE.NFO,2023-11-03,11:52:00,2023-11-13,1.85,1.85,1.85,1.85,0,10080,0
FINNIFTY13NOV2321000CE.NFO,2023-11-03,11:53:00,2023-11-13,1.85,1.85,1.85,1.85,0,10080,1
FINNIFTY13NOV2321000CE.NFO,2023-11-03,11:54:00,2023-11-13,1.85,1.85,1.85,1.85,0,10080,1
FINNIFTY13NOV2321000CE.NFO,2023-11-03,11:55:00,2023-11-13,1.85,1.85,1.85,1.85,0,10080,1
FINNIFTY13NOV2321000CE.NFO,2023-11-03,11:56:00,2023-11-13,1.85,1.85,1.85,1.85,0,10080,1
FINNIFTY13NOV2321000CE.NFO,2023-11-03,11:57:00,2023-11-13,1.85,1.85,1.85,1.85,0,10080,1
FINNIFTY13NOV2321000CE.NFO,2023-11-03,11:58:00,2023-11-13,1.85,1.85,1.85,1.85,0,10080,1
FINNIFTY13NOV2321000CE.NFO,2023-11-03,11:59:00,2023-11-13,1.85,1.85,1.85,1.85,0,10080,0
FINNIFTY13NOV2321000CE.NFO,2023-11-03,12:00:00,2023-11-13,1.85,1.85,1.85,1.85,0,10080,0
FINNIFTY13NOV2321000CE.NFO,2023-11-03,12:01:00,2023-11-13,1.85,1.85,1.85,1.85,0,10080,0
FINNIFTY13NOV2321000CE.NFO,2023-11-03,12:02:00,2023-11-13,1.85,1.85,1.85,1.85,0,10080,0
FINNIFTY13NOV2321000CE.NFO,2023-11-03,12:03:00,2023-11-13,1.85,1.85,1.85,1.85,0,10080,0
FINNIFTY13NOV2321000CE.NFO,2023-11-03,12:04:00,2023-11-13,2.0,2.0,2.0,2.0,0,10080,0
FINNIFTY13NOV2321000CE.NFO,2023-11-03,12:05:00,2023-11-13,2.0,2.0,2.0,2.0,0,10080,0
FINNIFTY13NOV2321000CE.NFO,2023-11-03,12:06:00,2023-11-13,2.0,2.0,2.0,2.0,0,10080,1
FINNIFTY13NOV2321000CE.NFO,2023-11-03,12:07:00,2023-11-13,2.0,2.0,2.0,2.0,0,10080,1
FINNIFTY13NOV2321000CE.NFO,2023-11-03,12:08:00,2023-11-13,2.0,2.0,2.0,2.0,0,10080,0
FINNIFTY13NOV2321000CE.NFO,2023-11-03,12:09:00,2023-11-13,2.0,2.0,2.0,2.0,0,10080,0
FINNIFTY13NOV2321000CE.NFO,2023-11-03,12:10:00,2023-11-13,2.0,2.0,2.0,2.0,0,10080,1
FINNIFTY13NOV2321000CE.NFO,2023-11-03,12:11:00,2023-11-13,2.0,2.0,2.0,2.0,0,10080,1
FINNIFTY13NOV2321000CE.NFO,2023-11-03,12:12:00,2023-11-13,2.0,2.0,2.0,2.0,0,10080,1
FINNIFTY13NOV2321000CE.NFO,2023-11-03,12:13:00,2023-11-13,2.0,2.0,2.0,2.0,0,10080,0
FINNIFTY13NOV2321000CE.NFO,2023-11-03,12:14:00,2023-11-13,2.0,2.0,2.0,2.0,0,10080,1
FINNIFTY13NOV2321000CE.NFO,2023-11-03,12:15:00,2023-11-13,2.0,2.0,2.0,2.0,0,10080,1
FINNIFTY13NOV2321000CE.NFO,2023-11-03,12:16:00,2023-11-13,2.0,2.0,2.0,2.0,0,10080,1
FINNIFTY13NOV2321000CE.NFO,2023-11-03,12:17:00,2023-11-13,2.0,2.0,2.0,2.0,0,10080,1
FINNIFTY13NOV2321000CE.NFO,2023-11-03,12:18:00,2023-11-13,2.0,2.0,2.0,2.0,0,10080,1
FINNIFTY13NOV2321000CE.NFO,2023-11-03,12:19:00,2023-11-13,2.0,2.0,2.0,2.0,0,10080,1
FINNIFTY13NOV2321000CE.NFO,2023-11-03,12:20:00,2023-11-13,2.0,2.0,2.0,2.0,0,10080,0
FINNIFTY13NOV2321000CE.NFO,2023-11-03,12:21:00,2023-11-13,2.0,2.0,2.0,2.0,0,10120,0
FINNIFTY13NOV2321000CE.NFO,2023-11-03,12:22:00,2023-11-13,2.0,2.0,2.0,2.0,0,10120,1
FINNIFTY13NOV2321000CE.NFO,2023-11-03,12:23:00,2023-11-13,2.0,2.0,2.0,2.0,0,10120,0
FINNIFTY13NOV2321000CE.NFO,2023-11-03,12:24:00,2023-11-13,2.0,2.0,2.0,2.0,0,10120,0
FINNIFTY13NOV2321000CE.NFO,2023-11-03,12:25:00,2023-11-13,2.0,2.0,2.0,2.0,0,10120,0
FINNIFTY13NOV2321000CE.NFO,2023-11-03,12:26:00,2023-11-13,2.0,2.0,2.0,2.0,0,10120,0
FINNIFTY13NOV2321000CE.NFO,2023-11-03,12:27:00,2023-11-13,2.0,2.0,2.0,2.0,0,10120,0
FINNIFTY13NOV2321000CE.NFO,2023-11-03,12:28:00,2023-11-13,2.0,2.0,2.0,2.0,0,10120,0
FINNIFTY13NOV2321000CE.NFO,2023-11-03,12:29:00,2023-11-13,2.0,2.0,2.0,2.0,0,10120,1
FINNIFTY13NOV2321000CE.NFO,2023-11-03,12:30:00,2023-11-13,2.0,2.0,2.0,2.0,0,10120,1
FINNIFTY13NOV2321000CE.NFO,2023-11-03,12:31:00,2023-11-13,2.0,2.0,2.0,2.0,0,10120,1
FINNIFTY13NOV2321000CE.NFO,2023-11-03,12:32:00,2023-11-13,2.0,2.0,2.0,2.0,0,10120,1
FINNIFTY13NOV2321000CE.NFO,2023-11-03,12:33:00,2023-11-13,2.0,2.0,2.0,2.0,0,10120,1
FINNIFTY13NOV2321000CE.NFO,2023-11-03,12:34:00,2023-11-13,2.0,2.0,2.0,2.0,0,10120,0
FINNIFTY13NOV2321000CE.NFO,2023-11-03,12:35:00,2023-11-13,2.0,2.0,2.0,2.0,0,10120,0
FINNIFTY13NOV2321000CE.NFO,2023-11-03,12:36:00,2023-11-13,2.0,2.0,1.95,1.95,40,10200,0
FINNIFTY13NOV2321000CE.NFO,2023-11-03,12:37:00,2023-11-13,1.95,1.95,1.95,1.95,40,10200,1
FINNIFTY13NOV2321000CE.NFO,2023-11-03,12:38:00,2023-11-13,1.95,1.95,1.95,1.95,40,10200,1
FINNIFTY13NOV2321000CE.NFO,2023-11-03,12:39:00,2023-11-13,1.95,1.95,1.95,1.95,40,10200,1
FINNIFTY13NOV2321000CE.NFO,2023-11-03,12:40:00,2023-11-13,1.95,1.95,1.95,1.95,0,10200,0
FINNIFTY13NOV2321000CE.NFO,2023-11-03,12:41:00,2023-11-13,1.95,1.95,1.95,1.95,0,10200,0
FINNIFTY13NOV2321000CE.NFO,2023-11-03,12:42:00,2023-11-13,1.95,1.95,1.95,1.95,0,10200,1
FINNIFTY13NOV2321000CE.NFO,2023-11-03,12:43:00,2023-11-13,1.95,1.95,1.95,1.95,0,10200,0
FINNIFTY13NOV2321000CE.NFO,2023-11-03,12:44:00,2023-11-13,1.95,1.95,1.95,1.95,0,10200,1
FINNIFTY13NOV2321000CE.NFO,2023-11-03,12:45:00,2023-11-13,1.95,1.95,1.95,1.95,0,10200,1
FINNIFTY13NOV2321000CE.NFO,2023-11-03,12:46:00,2023-11-13,1.95,1.95,1.95,1.95,0,10200,0
FINNIFTY13NOV2321000CE.NFO,2023-11-03,12:47:00,2023-11-13,1.95,1.95,1.95,1.95,0,10200,0
FINNIFTY13NOV2321000CE.NFO,2023-11-03,12:48:00,2023-11-13,1.95,1.95,1.95,1.95,0,10200,1
FINNIFTY13NOV2321000CE.NFO,2023-11-03,12:49:00,2023-11-13,1.95,1.95,1.95,1.95,0,10200,1
FINNIFTY13NOV2321000CE.NFO,2023-11-03,12:50:00,2023-11-13,1.95,2.0,1.95,2.0,40,10200,0
FINNIFTY13NOV2321000CE.NFO,2023-11-03,12:51:00,2023-11-13,2.0,2.0,2.0,2.0,160,10200,0
FINNIFTY13NOV2321000CE.NFO,2023-11-03,12:52:00,2023-11-13,2.0,2.0,2.0,2.0,160,10200,1
FINNIFTY13NOV2321000CE.NFO,2023-11-03,12:53:00,2023-11-13,2.0,2.0,2.0,2.0,0,10200,0
FINNIFTY13NOV2321000CE.NFO,2023-11-03,12:54:00,2023-11-13,2.0,2.0,2.0,2.0,0,10200,1
FINNIFTY13NOV2321000CE.NFO,2023-11-03,12:55:00,2023-11-13,2.0,2.0,2.0,2.0,0,10200,1
FINNIFTY13NOV2321000CE.NFO,2023-11-03,12:56:00,2023-11-13,2.0,2.0,2.0,2.0,0,10200,1
FINNIFTY13NOV2321000CE.NFO,2023-11-03,12:57:00,2023-11-13,2.0,2.0,2.0,2.0,0,10200,1
FINNIFTY13NOV2321000CE.NFO,2023-11-03,12:58:00,2023-11-13,2.0,2.0,2.0,2.0,0,10200,1
FINNIFTY13NOV2321000CE.NFO,2023-11-03,12:59:00,2023-11-13,2.0,2.0,2.0,2.0,0,10200,1
FINNIFTY13NOV2321000CE.NFO,2023-11-03,13:00:00,2023-11-13,2.0,2.0,2.0,2.0,0,10200,0
FINNIFTY13NOV2321000CE.NFO,2023-11-03,13:01:00,2023-11-13,2.0,2.0,2.0,2.0,0,10200,0
FINNIFTY13NOV2321000CE.NFO,2023-11-03,13:02:00,2023-11-13,2.0,2.0,2.0,2.0,0,10200,1
FINNIFTY13NOV2321000CE.NFO,2023-11-03,13:03:00,2023-11-13,2.0,2.0,2.0,2.0,0,10200,1
FINNIFTY13NOV2321000CE.NFO,2023-11-03,13:04:00,2023-11-13,2.0,2.0,2.0,2.0,0,10200,1
FINNIFTY13NOV2321000CE.NFO,2023-11-03,13:05:00,2023-11-13,2.0,2.0,2.0,2.0,0,10200,1
FINNIFTY13NOV2321000CE.NFO,2023-11-03,13:06:00,2023-11-13,1.95,1.95,1.95,1.95,40,10400,0
FINNIFTY13NOV2321000CE.NFO,2023-11-03,13:07:00,2023-11-13,1.95,1.95,1.95,1.95,40,10400,1
FINNIFTY13NOV2321000CE.NFO,2023-11-03,13:08:00,2023-11-13,1.95,1.95,1.9,1.9,200,10400,0
FINNIFTY13NOV2321000CE.NFO,2023-11-03,13:09:00,2023-11-13,1.9,1.9,1.9,1.9,0,10400,0
FINNIFTY13NOV2321000CE.NFO,2023-11-03,13:10:00,2023-11-13,1.9,1.9,1.9,1.9,0,10400,0
FINNIFTY13NOV2321000CE.NFO,2023-11-03,13:11:00,2023-11-13,1.9,1.9,1.85,1.9,1200,10400,0
FINNIFTY13NOV2321000CE.NFO,2023-11-03,13:12:00,2023-11-13,1.9,1.9,1.9,1.9,0,10400,0
FINNIFTY13NOV2321000CE.NFO,2023-11-03,13:13:00,2023-11-13,1.9,1.9,1.9,1.9,0,10400,1
FINNIFTY13NOV2321000CE.NFO,2023-11-03,13:14:00,2023-11-13,1.9,1.9,1.9,1.9,0,10400,1
FINNIFTY13NOV2321000CE.NFO,2023-11-03,13:15:00,2023-11-13,1.95,1.95,1.9,1.9,40,11400,0
FINNIFTY13NOV2321000CE.NFO,2023-11-03,13:16:00,2023-11-13,1.9,1.9,1.9,1.9,160,11400,0
FINNIFTY13NOV2321000CE.NFO,2023-11-03,13:17:00,2023-11-13,1.9,1.9,1.9,1.9,0,11400,0
FINNIFTY13NOV2321000CE.NFO,2023-11-03,13:18:00,2023-11-13,1.9,1.95,1.9,1.95,1000,10680,0
FINNIFTY13NOV2321000CE.NFO,2023-11-03,13:19:00,2023-11-13,1.95,1.95,1.95,1.95,0,10680,0
FINNIFTY13NOV2321000CE.NFO,2023-11-03,13:20:00,2023-11-13,1.95,1.95,1.95,1.95,0,10680,0
FINNIFTY13NOV2321000CE.NFO,2023-11-03,13:21:00,2023-11-13,1.95,1.95,1.95,1.95,0,10680,0
FINNIFTY13NOV2321000CE.NFO,2023-11-03,13:22:00,2023-11-13,1.95,1.95,1.95,1.95,0,10680,0
FINNIFTY13NOV2321000CE.NFO,2023-11-03,13:23:00,2023-11-13,1.95,1.95,1.95,1.95,0,10680,0
FINNIFTY13NOV2321000CE.NFO,2023-11-03,13:24:00,2023-11-13,1.95,1.95,1.95,1.95,0,10680,0
FINNIFTY13NOV2321000CE.NFO,2023-11-03,13:25:00,2023-11-13,1.95,1.95,1.95,1.95,0,10680,0
FINNIFTY13NOV2321000CE.NFO,2023-11-03,13:26:00,2023-11-13,1.95,1.95,1.95,1.95,0,10680,0
FINNIFTY13NOV2321000CE.NFO,2023-11-03,13:27:00,2023-11-13,1.85,1.85,1.85,1.85,320,9680,0
FINNIFTY13NOV2321000CE.NFO,2023-11-03,13:28:00,2023-11-13,1.85,1.85,1.85,1.85,40,9680,0
FINNIFTY13NOV2321000CE.NFO,2023-11-03,13:29:00,2023-11-13,1.85,1.85,1.85,1.85,40,9680,0
FINNIFTY13NOV2321000CE.NFO,2023-11-03,13:30:00,2023-11-13,1.85,1.85,1.85,1.85,40,9680,0
FINNIFTY13NOV2321000CE.NFO,2023-11-03,13:31:00,2023-11-13,1.85,1.85,1.85,1.85,0,9680,0
FINNIFTY13NOV2321000CE.NFO,2023-11-03,13:32:00,2023-11-13,1.85,1.85,1.85,1.85,0,9680,0
FINNIFTY13NOV2321000CE.NFO,2023-11-03,13:33:00,2023-11-13,1.85,1.85,1.85,1.85,0,9680,1
FINNIFTY13NOV2321000CE.NFO,2023-11-03,13:34:00,2023-11-13,1.85,1.85,1.85,1.85,0,9680,1
FINNIFTY13NOV2321000CE.NFO,2023-11-03,13:35:00,2023-11-13,1.85,1.85,1.85,1.85,0,9680,0
FINNIFTY13NOV2321000CE.NFO,2023-11-03,13:36:00,2023-11-13,1.85,1.85,1.85,1.85,0,9680,1
FINNIFTY13NOV2321000CE.NFO,2023-11-03,13:37:00,2023-11-13,1.85,1.85,1.85,1.85,0,9680,0
FINNIFTY13NOV2321000CE.NFO,2023-11-03,13:38:00,2023-11-13,1.85,1.85,1.85,1.85,0,9680,0
FINNIFTY13NOV2321000CE.NFO,2023-11-03,13:39:00,2023-11-13,1.85,1.85,1.85,1.85,0,9680,1
FINNIFTY13NOV2321000CE.NFO,2023-11-03,13:40:00,2023-11-13,1.85,1.85,1.85,1.85,0,9680,1
FINNIFTY13NOV2321000CE.NFO,2023-11-03,13:41:00,2023-11-13,1.85,1.85,1.85,1.85,0,9680,0
FINNIFTY13NOV2321000CE.NFO,2023-11-03,13:42:00,2023-11-13,1.85,1.85,1.85,1.85,0,9680,0
FINNIFTY13NOV2321000CE.NFO,2023-11-03,13:43:00,2023-11-13,1.85,1.85,1.85,1.85,0,9680,1
FINNIFTY13NOV2321000CE.NFO,2023-11-03,13:44:00,2023-11-13,1.85,1.85,1.85,1.85,0,9680,0
FINNIFTY13NOV2321000CE.NFO,2023-11-03,13:45:00,2023-11-13,1.85,1.85,1.85,1.85,0,9680,0
FINNIFTY13NOV2321000CE.NFO,2023-11-03,13:46:00,2023-11-13,1.85,1.85,1.85,1.85,0,9680,0
FINNIFTY13NOV2321000CE.NFO,2023-11-03,13:47:00,2023-11-13,1.85,1.85,1.85,1.85,0,9680,0
FINNIFTY13NOV2321000CE.NFO,2023-11-03,13:48:00,2023-11-13,1.85,1.85,1.85,1.85,0,9680,0
FINNIFTY13NOV2321000CE.NFO,2023-11-03,13:49:00,2023-11-13,1.85,1.85,1.85,1.85,0,9680,1
FINNIFTY13NOV2321000CE.NFO,2023-11-03,13:50:00,2023-11-13,1.85,1.85,1.85,1.85,0,9680,0
FINNIFTY13NOV2321000CE.NFO,2023-11-03,13:51:00,2023-11-13,1.85,1.85,1.85,1.85,0,9680,0
FINNIFTY13NOV2321000CE.NFO,2023-11-03,13:52:00,2023-11-13,1.85,1.85,1.85,1.85,0,9680,0
FINNIFTY13NOV2321000CE.NFO,2023-11-03,13:53:00,2023-11-13,1.85,1.85,1.85,1.85,0,9680,0
FINNIFTY13NOV2321000CE.NFO,2023-11-03,13:54:00,2023-11-13,1.85,1.85,1.75,1.8,80,9680,0
FINNIFTY13NOV2321000CE.NFO,2023-11-03,13:55:00,2023-11-13,1.8,1.8,1.8,1.8,0,9680,0
FINNIFTY13NOV2321000CE.NFO,2023-11-03,13:56:00,2023-11-13,1.8,1.8,1.8,1.8,0,9680,0
FINNIFTY13NOV2321000CE.NFO,2023-11-03,13:57:00,2023-11-13,1.8,1.8,1.8,1.8,0,9680,1
FINNIFTY13NOV2321000CE.NFO,2023-11-03,13:58:00,2023-11-13,1.8,1.8,1.8,1.8,0,9680,1
FINNIFTY13NOV2321000CE.NFO,2023-11-03,13:59:00,2023-11-13,1.8,1.8,1.8,1.8,0,9680,1
FINNIFTY13NOV2321000CE.NFO,2023-11-03,14:00:00,2023-11-13,1.8,1.8,1.8,1.8,0,9680,1
FINNIFTY13NOV2321000CE.NFO,2023-11-03,14:01:00,2023-11-13,1.8,1.8,1.8,1.8,0,9680,1
FINNIFTY13NOV2321000CE.NFO,2023-11-03,14:02:00,2023-11-13,1.8,1.8,1.8,1.8,0,9680,1
FINNIFTY13NOV2321000CE.NFO,2023-11-03,14:03:00,2023-11-13,1.8,1.8,1.8,1.8,0,9680,1
FINNIFTY13NOV2321000CE.NFO,2023-11-03,14:04:00,2023-11-13,1.8,1.8,1.8,1.8,0,9680,1
FINNIFTY13NOV2321000CE.NFO,2023-11-03,14:05:00,2023-11-13,1.8,1.8,1.8,1.8,0,9680,1
FINNIFTY13NOV2321000CE.NFO,2023-11-03,14:06:00,2023-11-13,1.8,1.8,1.8,1.8,0,9680,0
FINNIFTY13NOV2321000CE.NFO,2023-11-03,14:07:00,2023-11-13,1.8,1.8,1.8,1.8,0,9680,1
FINNIFTY13NOV2321000CE.NFO,2023-11-03,14:08:00,2023-11-13,1.8,1.8,1.8,1.8,0,9680,0
FINNIFTY13NOV2321000CE.NFO,2023-11-03,14:09:00,2023-11-13,1.8,1.8,1.8,1.8,0,9680,1
FINNIFTY13NOV2321000CE.NFO,2023-11-03,14:10:00,2023-11-13,1.8,1.8,1.75,1.75,80,9680,0
FINNIFTY13NOV2321000CE.NFO,2023-11-03,14:11:00,2023-11-13,1.75,1.75,1.75,1.75,0,9680,0
FINNIFTY13NOV2321000CE.NFO,2023-11-03,14:12:00,2023-11-13,1.75,1.75,1.75,1.75,0,9680,1
FINNIFTY13NOV2321000CE.NFO,2023-11-03,14:13:00,2023-11-13,1.75,1.75,1.75,1.75,40,9680,0
FINNIFTY13NOV2321000CE.NFO,2023-11-03,14:14:00,2023-11-13,1.75,1.75,1.75,1.75,0,9680,0
FINNIFTY13NOV2321000CE.NFO,2023-11-03,14:15:00,2023-11-13,1.75,1.75,1.75,1.75,0,9680,1
FINNIFTY13NOV2321000CE.NFO,2023-11-03,14:16:00,2023-11-13,1.75,1.75,1.75,1.75,0,9680,1
FINNIFTY13NOV2321000CE.NFO,2023-11-03,14:17:00,2023-11-13,1.75,1.75,1.75,1.75,0,9680,1
FINNIFTY13NOV2321000CE.NFO,2023-11-03,14:18:00,2023-11-13,1.75,1.75,1.75,1.75,0,9680,1
FINNIFTY13NOV2321000CE.NFO,2023-11-03,14:19:00,2023-11-13,1.75,1.75,1.75,1.75,0,9680,0
FINNIFTY13NOV2321000CE.NFO,2023-11-03,14:20:00,2023-11-13,1.75,1.75,1.75,1.75,0,9680,1
FINNIFTY13NOV2321000CE.NFO,2023-11-03,14:21:00,2023-11-13,1.75,1.75,1.75,1.75,0,9680,1
FINNIFTY13NOV2321000CE.NFO,2023-11-03,14:22:00,2023-11-13,1.75,1.75,1.75,1.75,0,9680,0
FINNIFTY13NOV2321000CE.NFO,2023-11-03,14:23:00,2023-11-13,1.75,1.75,1.75,1.75,0,9680,0
FINNIFTY13NOV2321000CE.NFO,2023-11-03,14:24:00,2023-11-13,1.75,1.75,1.75,1.75,0,9680,1
FINNIFTY13NOV2321000CE.NFO,2023-11-03,14:25:00,2023-11-13,1.75,1.75,1.75,1.75,0,9680,0
FINNIFTY13NOV2321000CE.NFO,2023-11-03,14:26:00,2023-11-13,1.75,1.75,1.75,1.75,0,9680,1
FINNIFTY13NOV2321000CE.NFO,2023-11-03,14:27:00,2023-11-13,1.75,1.75,1.75,1.75,0,9680,0
FINNIFTY13NOV2321000CE.NFO,2023-11-03,14:28:00,2023-11-13,1.75,1.75,1.75,1.75,0,9680,0
FINNIFTY13NOV2321000CE.NFO,2023-11-03,14:29:00,2023-11-13,1.75,1.75,1.75,1.75,160,9680,0
FINNIFTY13NOV2321000CE.NFO,2023-11-03,14:30:00,2023-11-13,1.75,1.75,1.75,1.75,0,9680,0
FINNIFTY13NOV2321000CE.NFO,2023-11-03,14:31:00,2023-11-13,1.75,1.75,1.75,1.75,0,9680,0
FINNIFTY13NOV2321000CE.NFO,2023-11-03,14:32:00,2023-11-13,1.75,1.75,1.75,1.75,240,9680,0
FINNIFTY13NOV2321000CE.NFO,2023-11-03,14:33:00,2023-11-13,1.75,1.75,1.75,1.75,0,9680,0
FINNIFTY13NOV2321000CE.NFO,2023-11-03,14:34:00,2023-11-13,1.75,1.75,1.75,1.75,0,9680,0
FINNIFTY13NOV2321000CE.NFO,2023-11-03,14:35:00,2023-11-13,1.75,1.75,1.75,1.75,0,9680,0
FINNIFTY13NOV2321000CE.NFO,2023-11-03,14:36:00,2023-11-13,1.75,1.75,1.75,1.75,0,9680,0
FINNIFTY13NOV2321000CE.NFO,2023-11-03,14:37:00,2023-11-13,1.75,1.75,1.75,1.75,0,9680,0
FINNIFTY13NOV2321000CE.NFO,2023-11-03,14:38:00,2023-11-13,1.75,1.75,1.75,1.75,0,9680,0
FINNIFTY13NOV2321000CE.NFO,2023-11-03,14:39:00,2023-11-13,1.75,1.75,1.75,1.75,0,9680,0
FINNIFTY13NOV2321000CE.NFO,2023-11-03,14:40:00,2023-11-13,1.75,1.75,1.75,1.75,0,9680,0
FINNIFTY13NOV2321000CE.NFO,2023-11-03,14:41:00,2023-11-13,1.75,1.75,1.75,1.75,0,9680,1
FINNIFTY13NOV2321000CE.NFO,2023-11-03,14:42:00,2023-11-13,1.75,1.75,1.75,1.75,0,9680,1
FINNIFTY13NOV2321000CE.NFO,2023-11-03,14:43:00,2023-11-13,1.75,1.75,1.75,1.75,0,9680,1
FINNIFTY13NOV2321000CE.NFO,2023-11-03,14:44:00,2023-11-13,1.75,1.75,1.75,1.75,0,9680,0
FINNIFTY13NOV2321000CE.NFO,2023-11-03,14:45:00,2023-11-13,1.75,1.75,1.75,1.75,0,9680,0
FINNIFTY13NOV2321000CE.NFO,2023-11-03,14:46:00,2023-11-13,1.75,1.75,1.75,1.75,0,9680,0
FINNIFTY13NOV2321000CE.NFO,2023-11-03,14:47:00,2023-11-13,1.75,1.75,1.75,1.75,0,9680,0
FINNIFTY13NOV2321000CE.NFO,2023-11-03,14:48:00,2023-11-13,1.75,1.75,1.75,1.75,0,9680,0
FINNIFTY13NOV2321000CE.NFO,2023-11-03,14:49:00,2023-11-13,1.75,1.75,1.75,1.75,0,9680,1
FINNIFTY13NOV2321000CE.NFO,2023-11-03,14:50:00,2023-11-13,1.75,1.75,1.75,1.75,0,9680,1
FINNIFTY13NOV2321000CE.NFO,2023-11-03,14:51:00,2023-11-13,1.9,1.9,1.9,1.9,80,9680,0
FINNIFTY13NOV2321000CE.NFO,2023-11-03,14:52:00,2023-11-13,1.9,1.9,1.9,1.9,80,9680,0
FINNIFTY13NOV2321000CE.NFO,2023-11-03,14:53:00,2023-11-13,1.9,1.9,1.9,1.9,80,9680,1
FINNIFTY13NOV2321000CE.NFO,2023-11-03,14:54:00,2023-11-13,1.9,1.9,1.9,1.9,0,9680,0
FINNIFTY13NOV2321000CE.NFO,2023-11-03,14:55:00,2023-11-13,1.9,1.9,1.9,1.9,0,9680,0
FINNIFTY13NOV2321000CE.NFO,2023-11-03,14:56:00,2023-11-13,1.9,1.9,1.9,1.9,0,9680,0
FINNIFTY13NOV2321000CE.NFO,2023-11-03,14:57:00,2023-11-13,1.9,1.9,1.9,1.9,0,9680,0
FINNIFTY13NOV2321000CE.NFO,2023-11-03,14:58:00,2023-11-13,1.9,1.9,1.9,1.9,0,9680,0
FINNIFTY13NOV2321000CE.NFO,2023-11-03,14:59:00,2023-11-13,1.9,1.9,1.8,1.8,80,9680,0
FINNIFTY13NOV2321000CE.NFO,2023-11-03,15:00:00,2023-11-13,1.8,1.8,1.8,1.8,80,9680,0
FINNIFTY13NOV2321000CE.NFO,2023-11-03,15:01:00,2023-11-13,1.8,1.8,1.8,1.8,0,9680,0
FINNIFTY13NOV2321000CE.NFO,2023-11-03,15:02:00,2023-11-13,1.8,1.8,1.8,1.8,0,9680,0
FINNIFTY13NOV2321000CE.NFO,2023-11-03,15:03:00,2023-11-13,1.8,1.8,1.8,1.8,0,9680,0
FINNIFTY13NOV2321000CE.NFO,2023-11-03,15:04:00,2023-11-13,1.8,1.8,1.8,1.8,0,9680,0
FINNIFTY13NOV2321000CE.NFO,2023-11-03,15:05:00,2023-11-13,1.8,1.8,1.8,1.8,0,9680,1
FINNIFTY13NOV2321000CE.NFO,2023-11-03,15:06:00,2023-11-13,1.8,1.8,1.8,1.8,0,9680,0
FINNIFTY13NOV2321000CE.NFO,2023-11-03,15:07:00,2023-11-13,1.8,1.8,1.8,1.8,0,9680,0
FINNIFTY13NOV2321000CE.NFO,2023-11-03,15:08:00,2023-11-13,1.8,1.8,1.8,1.8,0,9680,0
FINNIFTY13NOV2321000CE.NFO,2023-11-03,15:09:00,2023-11-13,1.8,1.8,1.8,1.8,0,9680,0
FINNIFTY13NOV2321000CE.NFO,2023-11-03,15:10:00,2023-11-13,1.8,1.8,1.8,1.8,0,9680,0
FINNIFTY13NOV2321000CE.NFO,2023-11-03,15:11:00,2023-11-13,1.8,1.8,1.8,1.8,0,9680,0
FINNIFTY13NOV2321000CE.NFO,2023-11-03,15:12:00,2023-11-13,1.8,1.8,1.8,1.8,120,9680,0
FINNIFTY13NOV2321000CE.NFO,2023-11-03,15:13:00,2023-11-13,1.8,1.8,1.8,1.8,0,9680,0
FINNIFTY13NOV2321000CE.NFO,2023-11-03,15:14:00,2023-11-13,1.8,1.8,1.8,1.8,0,9680,1
FINNIFTY13NOV2321000CE.NFO,2023-11-03,15:15:00,2023-11-13,1.8,1.8,1.8,1.8,0,9680,0
FINNIFTY13NOV2321000CE.NFO,2023-11-03,15:16:00,2023-11-13,1.8,1.8,1.8,1.8,0,9680,0
FINNIFTY13NOV2321000CE.NFO,2023-11-03,15:17:00,2023-11-13,1.8,1.8,1.8,1.8,0,9680,0
FINNIFTY13NOV2321000CE.NFO,2023-11-03,15:18:00,2023-11-13,1.75,1.75,1.75,1.75,80,9800,0
FINNIFTY13NOV2321000CE.NFO,2023-11-03,15:19:00,2023-11-13,1.75,1.75,1.75,1.75,0,9800,0
FINNIFTY13NOV2321000CE.NFO,2023-11-03,15:20:00,2023-11-13,1.75,1.75,1.75,1.75,0,9800,0
FINNIFTY13NOV2321000CE.NFO,2023-11-03,15:21:00,2023-11-13,1.75,1.75,1.75,1.75,0,9800,0
FINNIFTY13NOV2321000CE.NFO,2023-11-03,15:22:00,2023-11-13,1.75,1.75,1.75,1.75,0,9800,0
FINNIFTY13NOV2321000CE.NFO,2023-11-03,15:23:00,2023-11-13,1.75,1.75,1.75,1.75,0,9800,0
FINNIFTY13NOV2321000CE.NFO,2023-11-03,15:24:00,2023-11-13,1.75,1.75,1.75,1.75,0,9800,0
FINNIFTY13NOV2321000CE.NFO,2023-11-03,15:25:00,2023-11-13,1.75,1.75,1.75,1.75,0,9800,0
FINNIFTY13NOV2321000CE.NFO,2023-11-03,15:26:00,2023-11-13,1.85,1.95,1.85,1.95,400,9800,0
FINNIFTY13NOV2321000CE.NFO,2023-11-03,15:27:00,2023-11-13,1.95,1.95,1.95,1.95,0,9800,0
FINNIFTY13NOV2321000CE.NFO,2023-11-03,15:28:00,2023-11-13,1.95,1.95,1.95,1.95,0,9800,0
FINNIFTY13NOV2321000CE.NFO,2023-11-03,15:29:00,2023-11-13,1.95,1.95,1.95,1.95,0,9800,0
FINNIFTY13NOV2321000CE.NFO,2023-11-03,15:30:00,2023-11-13,1.95,1.95,1.95,1.95,0,9800,1
FINNIFTY13NOV2321000CE.NFO,2023-11-06,09:15:00,2023-11-13,1.75,1.75,1.75,1.75,0,0,0
FINNIFTY13NOV2321000CE.NFO,2023-11-06,09:16:00,2023-11-13,1.75,1.75,1.75,1.75,0,0,1
FINNIFTY13NOV2321000CE.NFO,2023-11-06,09:17:00,2023-11-13,1.75,1.75,1.75,1.75,0,0,1
FINNIFTY13NOV2321000CE.NFO,2023-11-06,09:18:00,2023-11-13,1.75,1.75,1.75,1.75,0,9400,0
FINNIFTY13NOV2321000CE.NFO,2023-11-06,09:19:00,2023-11-13,1.75,1.75,1.45,1.5,4640,9400,0
FINNIFTY13NOV2321000CE.NFO,2023-11-06,09:20:00,2023-11-13,1.5,1.65,1.5,1.65,280,10280,0
FINNIFTY13NOV2321000CE.NFO,2023-11-06,09:21:00,2023-11-13,1.65,1.65,1.6,1.65,80,10280,0
FINNIFTY13NOV2321000CE.NFO,2023-11-06,09:22:00,2023-11-13,1.65,1.65,1.65,1.65,120,10280,0
FINNIFTY13NOV2321000CE.NFO,2023-11-06,09:23:00,2023-11-13,1.65,1.65,1.65,1.65,0,10280,0
FINNIFTY13NOV2321000CE.NFO,2023-11-06,09:24:00,2023-11-13,1.65,1.65,1.65,1.65,0,10280,0
FINNIFTY13NOV2321000CE.NFO,2023-11-06,09:25:00,2023-11-13,1.6,1.6,1.45,1.45,920,9920,0
FINNIFTY13NOV2321000CE.NFO,2023-11-06,09:26:00,2023-11-13,1.45,1.6,1.45,1.6,120,9520,0
FINNIFTY13NOV2321000CE.NFO,2023-11-06,09:27:00,2023-11-13,1.6,1.65,1.55,1.6,160,9520,0
FINNIFTY13NOV2321000CE.NFO,2023-11-06,09:28:00,2023-11-13,1.6,1.6,1.6,1.6,80,9520,0
FINNIFTY13NOV2321000CE.NFO,2023-11-06,09:29:00,2023-11-13,1.5,1.6,1.5,1.6,80,9160,0
FINNIFTY13NOV2321000CE.NFO,2023-11-06,09:30:00,2023-11-13,1.6,1.6,1.6,1.6,40,9160,0
FINNIFTY13NOV2321000CE.NFO,2023-11-06,09:31:00,2023-11-13,1.6,1.6,1.6,1.6,40,9160,0
FINNIFTY13NOV2321000CE.NFO,2023-11-06,09:32:00,2023-11-13,1.6,1.65,1.6,1.65,40,9160,0
FINNIFTY13NOV2321000CE.NFO,2023-11-06,09:33:00,2023-11-13,1.65,1.65,1.65,1.65,0,9160,0
FINNIFTY13NOV2321000CE.NFO,2023-11-06,09:34:00,2023-11-13,1.65,1.65,1.65,1.65,0,9160,0
FINNIFTY13NOV2321000CE.NFO,2023-11-06,09:35:00,2023-11-13,1.65,1.65,1.4,1.45,240,9000,0
FINNIFTY13NOV2321000CE.NFO,2023-11-06,09:36:00,2023-11-13,1.45,1.45,1.4,1.45,3160,9000,0
FINNIFTY13NOV2321000CE.NFO,2023-11-06,09:37:00,2023-11-13,1.45,1.45,1.45,1.45,80,9000,0
FINNIFTY13NOV2321000CE.NFO,2023-11-06,09:38:00,2023-11-13,1.45,1.45,1.45,1.45,0,9000,0
FINNIFTY13NOV2321000CE.NFO,2023-11-06,09:39:00,2023-11-13,1.45,1.45,1.4,1.4,40,10600,0
FINNIFTY13NOV2321000CE.NFO,2023-11-06,09:40:00,2023-11-13,1.4,1.4,1.4,1.4,40,10600,0
FINNIFTY13NOV2321000CE.NFO,2023-11-06,09:41:00,2023-11-13,1.4,1.45,1.4,1.45,560,10600,0
FINNIFTY13NOV2321000CE.NFO,2023-11-06,09:42:00,2023-11-13,1.45,1.45,1.45,1.45,0,10600,0
FINNIFTY13NOV2321000CE.NFO,2023-11-06,09:43:00,2023-11-13,1.45,1.45,1.45,1.45,0,10600,0
FINNIFTY13NOV2321000CE.NFO,2023-11-06,09:44:00,2023-11-13,1.45,1.45,1.45,1.45,280,11080,0
FINNIFTY13NOV2321000CE.NFO,2023-11-06,09:45:00,2023-11-13,1.45,1.45,1.45,1.45,40,11080,0
FINNIFTY13NOV2321000CE.NFO,2023-11-06,09:46:00,2023-11-13,1.45,1.45,1.45,1.45,0,11080,0
FINNIFTY13NOV2321000CE.NFO,2023-11-06,09:47:00,2023-11-13,1.45,1.45,1.45,1.45,0,11080,0
FINNIFTY13NOV2321000CE.NFO,2023-11-06,09:48:00,2023-11-13,1.5,1.5,1.5,1.5,40,11200,0
FINNIFTY13NOV2321000CE.NFO,2023-11-06,09:49:00,2023-11-13,1.5,1.5,1.5,1.5,120,11200,0
FINNIFTY13NOV2321000CE.NFO,2023-11-06,09:50:00,2023-11-13,1.5,1.55,1.5,1.55,40,11200,0
FINNIFTY13NOV2321000CE.NFO,2023-11-06,09:51:00,2023-11-13,1.55,1.55,1.55,1.55,0,11200,0
FINNIFTY13NOV2321000CE.NFO,2023-11-06,09:52:00,2023-11-13,1.55,1.55,1.55,1.55,0,11200,0
FINNIFTY13NOV2321000CE.NFO,2023-11-06,09:53:00,2023-11-13,1.5,1.5,1.5,1.5,120,11200,0
FINNIFTY13NOV2321000CE.NFO,2023-11-06,09:54:00,2023-11-13,1.5,1.5,1.5,1.5,0,11200,0
FINNIFTY13NOV2321000CE.NFO,2023-11-06,09:55:00,2023-11-13,1.5,1.5,1.5,1.5,0,11200,0
FINNIFTY13NOV2321000CE.NFO,2023-11-06,09:56:00,2023-11-13,1.5,1.5,1.45,1.45,200,11240,0
FINNIFTY13NOV2321000CE.NFO,2023-11-06,09:57:00,2023-11-13,1.5,1.5,1.5,1.5,440,11240,0
FINNIFTY13NOV2321000CE.NFO,2023-11-06,09:58:00,2023-11-13,1.5,1.5,1.5,1.5,0,11240,0
FINNIFTY13NOV2321000CE.NFO,2023-11-06,09:59:00,2023-11-13,1.5,1.5,1.5,1.5,80,11680,0
FINNIFTY13NOV2321000CE.NFO,2023-11-06,10:00:00,2023-11-13,1.5,1.5,1.45,1.45,80,11680,0
FINNIFTY13NOV2321000CE.NFO,2023-11-06,10:01:00,2023-11-13,1.45,1.45,1.45,1.45,80,11680,1
FINNIFTY13NOV2321000CE.NFO,2023-11-06,10:02:00,2023-11-13,1.45,1.45,1.45,1.45,40,11680,0
FINNIFTY13NOV2321000CE.NFO,2023-11-06,10:03:00,2023-11-13,1.45,1.45,1.45,1.45,0,11680,0
FINNIFTY13NOV2321000CE.NFO,2023-11-06,10:04:00,2023-11-13,1.45,1.45,1.45,1.45,0,11680,0
FINNIFTY13NOV2321000CE.NFO,2023-11-06,10:05:00,2023-11-13,1.45,1.45,1.45,1.45,0,11680,0
FINNIFTY13NOV2321000CE.NFO,2023-11-06,10:06:00,2023-11-13,1.45,1.45,1.45,1.45,0,11680,0
FINNIFTY13NOV2321000CE.NFO,2023-11-06,10:07:00,2023-11-13,1.45,1.45,1.45,1.45,0,11680,0
FINNIFTY13NOV2321000CE.NFO,2023-11-06,10:08:00,2023-11-13,1.45,1.5,1.45,1.5,80,11600,0
FINNIFTY13NOV2321000CE.NFO,2023-11-06,10:09:00,2023-11-13,1.5,1.5,1.5,1.5,80,11600,1
FINNIFTY13NOV2321000CE.NFO,2023-11-06,10:10:00,2023-11-13,1.5,1.5,1.5,1.5,0,11600,0
FINNIFTY13NOV2321000CE.NFO,2023-11-06,10:11:00,2023-11-13,1.5,1.5,1.5,1.5,0,11600,0
FINNIFTY13NOV2321000CE.NFO,2023-11-06,10:12:00,2023-11-13,1.5,1.5,1.5,1.5,80,11640,0
FINNIFTY13NOV2321000CE.NFO,2023-11-06,10:13:00,2023-11-13,1.5,1.5,1.5,1.5,0,11640,0
FINNIFTY13NOV2321000CE.NFO,2023-11-06,10:14:00,2023-11-13,1.5,1.55,1.5,1.55,80,11680,0
FINNIFTY13NOV2321000CE.NFO,2023-11-06,10:15:00,2023-11-13,1.55,1.55,1.55,1.55,0,11680,0
FINNIFTY13NOV2321000CE.NFO,2023-11-06,10:16:00,2023-11-13,1.45,1.45,1.45,1.45,80,11680,0
FINNIFTY13NOV2321000CE.NFO,2023-11-06,10:17:00,2023-11-13,1.45,1.45,1.45,1.45,0,11680,0
FINNIFTY13NOV2321000CE.NFO,2023-11-06,10:18:00,2023-11-13,1.45,1.45,1.45,1.45,0,11560,0
FINNIFTY13NOV2321000CE.NFO,2023-11-06,10:19:00,2023-11-13,1.45,1.45,1.45,1.45,0,11560,0
FINNIFTY13NOV2321000CE.NFO,2023-11-06,10:20:00,2023-11-13,1.45,1.45,1.45,1.45,0,11560,0
FINNIFTY13NOV2321000CE.NFO,2023-11-06,10:21:00,2023-11-13,1.45,1.45,1.45,1.45,0,11560,1
FINNIFTY13NOV2321000CE.NFO,2023-11-06,10:22:00,2023-11-13,1.45,1.45,1.45,1.45,0,11560,1
FINNIFTY13NOV2321000CE.NFO,2023-11-06,10:23:00,2023-11-13,1.45,1.45,1.45,1.45,0,11560,1
FINNIFTY13NOV2321000CE.NFO,2023-11-06,10:24:00,2023-11-13,1.45,1.5,1.45,1.5,40,11560,0
FINNIFTY13NOV2321000CE.NFO,2023-11-06,10:25:00,2023-11-13,1.5,1.5,1.5,1.5,0,11560,0
FINNIFTY13NOV2321000CE.NFO,2023-11-06,10:26:00,2023-11-13,1.5,1.5,1.5,1.5,0,11560,1
FINNIFTY13NOV2321000CE.NFO,2023-11-06,10:27:00,2023-11-13,1.5,1.5,1.5,1.5,0,11560,1
FINNIFTY13NOV2321000CE.NFO,2023-11-06,10:28:00,2023-11-13,1.5,1.5,1.5,1.5,0,11560,0
FINNIFTY13NOV2321000CE.NFO,2023-11-06,10:29:00,2023-11-13,1.5,1.5,1.5,1.5,0,11560,0
FINNIFTY13NOV2321000CE.NFO,2023-11-06,10:30:00,2023-11-13,1.5,1.5,1.5,1.5,0,11560,0
FINNIFTY13NOV2321000CE.NFO,2023-11-06,10:31:00,2023-11-13,1.5,1.5,1.5,1.5,0,11560,1
FINNIFTY13NOV2321000CE.NFO,2023-11-06,10:32:00,2023-11-13,1.5,1.5,1.5,1.5,0,11560,1
FINNIFTY13NOV2321000CE.NFO,2023-11-06,10:33:00,2023-11-13,1.5,1.5,1.5,1.5,0,11560,1
FINNIFTY13NOV2321000CE.NFO,2023-11-06,10:34:00,2023-11-13,1.5,1.5,1.5,1.5,0,11560,0
FINNIFTY13NOV2321000CE.NFO,2023-11-06,10:35:00,2023-11-13,1.5,1.5,1.5,1.5,0,11560,0
FINNIFTY13NOV2321000CE.NFO,2023-11-06,10:36:00,2023-11-13,1.5,1.5,1.5,1.5,0,11560,1
FINNIFTY13NOV2321000CE.NFO,2023-11-06,10:37:00,2023-11-13,1.5,1.5,1.5,1.5,0,11560,0
FINNIFTY13NOV2321000CE.NFO,2023-11-06,10:38:00,2023-11-13,1.5,1.5,1.5,1.5,0,11560,1
FINNIFTY13NOV2321000CE.NFO,2023-11-06,10:39:00,2023-11-13,1.45,1.45,1.45,1.45,0,11600,0
FINNIFTY13NOV2321000CE.NFO,2023-11-06,10:40:00,2023-11-13,1.45,1.45,1.45,1.45,0,11600,0
FINNIFTY13NOV2321000CE.NFO,2023-11-06,10:41:00,2023-11-13,1.45,1.45,1.45,1.45,0,11600,1
FINNIFTY13NOV2321000CE.NFO,2023-11-06,10:42:00,2023-11-13,1.45,1.45,1.45,1.45,0,11600,1
FINNIFTY13NOV2321000CE.NFO,2023-11-06,10:43:00,2023-11-13,1.45,1.45,1.45,1.45,0,11600,1
FINNIFTY13NOV2321000CE.NFO,2023-11-06,10:44:00,2023-11-13,1.45,1.45,1.45,1.45,0,11600,0
FINNIFTY13NOV2321000CE.NFO,2023-11-06,10:45:00,2023-11-13,1.45,1.45,1.45,1.45,0,11600,0
FINNIFTY13NOV2321000CE.NFO,2023-11-06,10:46:00,2023-11-13,1.45,1.45,1.45,1.45,0,11600,0
FINNIFTY13NOV2321000CE.NFO,2023-11-06,10:47:00,2023-11-13,1.5,1.5,1.5,1.5,0,11640,0
FINNIFTY13NOV2321000CE.NFO,2023-11-06,10:48:00,2023-11-13,1.5,1.5,1.5,1.5,0,11640,0
FINNIFTY13NOV2321000CE.NFO,2023-11-06,10:49:00,2023-11-13,1.5,1.5,1.5,1.5,0,11640,0
FINNIFTY13NOV2321000CE.NFO,2023-11-06,10:50:00,2023-11-13,1.5,1.5,1.5,1.5,0,11640,0
FINNIFTY13NOV2321000CE.NFO,2023-11-06,10:51:00,2023-11-13,1.5,1.5,1.5,1.5,0,11640,0
FINNIFTY13NOV2321000CE.NFO,2023-11-06,10:52:00,2023-11-13,1.5,1.5,1.5,1.5,0,11640,1
FINNIFTY13NOV2321000CE.NFO,2023-11-06,10:53:00,2023-11-13,1.5,1.5,1.5,1.5,0,11640,1
FINNIFTY13NOV2321000CE.NFO,2023-11-06,10:54:00,2023-11-13,1.5,1.5,1.5,1.5,0,11640,0
FINNIFTY13NOV2321000CE.NFO,2023-11-06,10:55:00,2023-11-13,1.5,1.5,1.5,1.5,40,11680,0
FINNIFTY13NOV2321000CE.NFO,2023-11-06,10:56:00,2023-11-13,1.5,1.5,1.5,1.5,0,11680,0
FINNIFTY13NOV2321000CE.NFO,2023-11-06,10:57:00,2023-11-13,1.5,1.5,1.5,1.5,0,11680,1
FINNIFTY13NOV2321000CE.NFO,2023-11-06,10:58:00,2023-11-13,1.5,1.5,1.5,1.5,0,11680,1
FINNIFTY13NOV2321000CE.NFO,2023-11-06,10:59:00,2023-11-13,1.5,1.5,1.5,1.5,0,11680,1
FINNIFTY13NOV2321000CE.NFO,2023-11-06,11:00:00,2023-11-13,1.5,1.5,1.5,1.5,0,11680,1
FINNIFTY13NOV2321000CE.NFO,2023-11-06,11:01:00,2023-11-13,1.5,1.5,1.5,1.5,0,11680,0
FINNIFTY13NOV2321000CE.NFO,2023-11-06,11:02:00,2023-11-13,1.5,1.6,1.5,1.6,880,11640,0
FINNIFTY13NOV2321000CE.NFO,2023-11-06,11:03:00,2023-11-13,1.6,1.6,1.6,1.6,0,11640,0
FINNIFTY13NOV2321000CE.NFO,2023-11-06,11:04:00,2023-11-13,1.6,1.6,1.6,1.6,0,11640,0
FINNIFTY13NOV2321000CE.NFO,2023-11-06,11:05:00,2023-11-13,1.6,1.6,1.55,1.55,40,11680,0
FINNIFTY13NOV2321000CE.NFO,2023-11-06,11:06:00,2023-11-13,1.55,1.55,1.55,1.55,0,11680,0
FINNIFTY13NOV2321000CE.NFO,2023-11-06,11:07:00,2023-11-13,1.55,1.55,1.55,1.55,0,11680,0
FINNIFTY13NOV2321000CE.NFO,2023-11-06,11:08:00,2023-11-13,1.55,1.6,1.55,1.6,840,11720,0
FINNIFTY13NOV2321000CE.NFO,2023-11-06,11:09:00,2023-11-13,1.6,1.6,1.6,1.6,0,11720,0
FINNIFTY13NOV2321000CE.NFO,2023-11-06,11:10:00,2023-11-13,1.6,1.6,1.6,1.6,0,11720,0
FINNIFTY13NOV2321000CE.NFO,2023-11-06,11:11:00,2023-11-13,1.6,1.6,1.6,1.6,0,11720,1
FINNIFTY13NOV2321000CE.NFO,2023-11-06,11:12:00,2023-11-13,1.6,1.6,1.6,1.6,0,11720,1
FINNIFTY13NOV2321000CE.NFO,2023-11-06,11:13:00,2023-11-13,1.6,1.6,1.6,1.6,0,10880,0
FINNIFTY13NOV2321000CE.NFO,2023-11-06,11:14:00,2023-11-13,1.6,1.6,1.6,1.6,0,10880,0
FINNIFTY13NOV2321000CE.NFO,2023-11-06,11:15:00,2023-11-13,1.6,1.6,1.6,1.6,0,10880,0
FINNIFTY13NOV2321000CE.NFO,2023-11-06,11:16:00,2023-11-13,1.6,1.6,1.6,1.6,0,10880,0
FINNIFTY13NOV2321000CE.NFO,2023-11-06,11:17:00,2023-11-13,1.6,1.6,1.6,1.6,0,10880,0
FINNIFTY13NOV2321000CE.NFO,2023-11-06,11:18:00,2023-11-13,1.6,1.6,1.6,1.6,0,10880,0
FINNIFTY13NOV2321000CE.NFO,2023-11-06,11:19:00,2023-11-13,1.6,1.6,1.6,1.6,0,10880,0
FINNIFTY13NOV2321000CE.NFO,2023-11-06,11:20:00,2023-11-13,1.6,1.6,1.6,1.6,0,10880,0
FINNIFTY13NOV2321000CE.NFO,2023-11-06,11:21:00,2023-11-13,1.6,1.6,1.6,1.6,0,10880,1
FINNIFTY13NOV2321000CE.NFO,2023-11-06,11:22:00,2023-11-13,1.6,1.6,1.6,1.6,0,10880,0
FINNIFTY13NOV2321000CE.NFO,2023-11-06,11:23:00,2023-11-13,1.6,1.6,1.6,1.6,0,10880,0
FINNIFTY13NOV2321000CE.NFO,2023-11-06,11:24:00,2023-11-13,1.6,1.6,1.6,1.6,0,10880,1
FINNIFTY13NOV2321000CE.NFO,2023-11-06,11:25:00,2023-11-13,1.6,1.6,1.6,1.6,0,10880,1
FINNIFTY13NOV2321000CE.NFO,2023-11-06,11:26:00,2023-11-13,1.6,1.6,1.6,1.6,0,10880,0
FINNIFTY13NOV2321000CE.NFO,2023-11-06,11:27:00,2023-11-13,1.6,1.6,1.6,1.6,0,10880,0
FINNIFTY13NOV2321000CE.NFO,2023-11-06,11:28:00,2023-11-13,1.6,1.6,1.6,1.6,520,10360,0
FINNIFTY13NOV2321000CE.NFO,2023-11-06,11:29:00,2023-11-13,1.6,1.6,1.6,1.6,1880,8960,0
FINNIFTY13NOV2321000CE.NFO,2023-11-06,11:30:00,2023-11-13,1.6,1.6,1.6,1.6,0,8960,0
FINNIFTY13NOV2321000CE.NFO,2023-11-06,11:31:00,2023-11-13,1.6,1.6,1.6,1.6,0,8960,0
FINNIFTY13NOV2321000CE.NFO,2023-11-06,11:32:00,2023-11-13,1.6,1.6,1.6,1.6,0,8960,0
FINNIFTY13NOV2321000CE.NFO,2023-11-06,11:33:00,2023-11-13,1.6,1.6,1.6,1.6,0,8960,0
FINNIFTY13NOV2321000CE.NFO,2023-11-06,11:34:00,2023-11-13,1.6,1.6,1.6,1.6,0,8960,0
FINNIFTY13NOV2321000CE.NFO,2023-11-06,11:35:00,2023-11-13,1.6,1.6,1.45,1.5,240,8960,0
FINNIFTY13NOV2321000CE.NFO,2023-11-06,11:36:00,2023-11-13,1.5,1.5,1.45,1.45,40,8960,0
FINNIFTY13NOV2321000CE.NFO,2023-11-06,11:37:00,2023-11-13,1.45,1.45,1.45,1.45,40,8960,1
FINNIFTY13NOV2321000CE.NFO,2023-11-06,11:38:00,2023-11-13,1.45,1.45,1.45,1.45,40,8960,0
FINNIFTY13NOV2321000CE.NFO,2023-11-06,11:39:00,2023-11-13,1.45,1.45,1.45,1.45,40,9000,0
FINNIFTY13NOV2321000CE.NFO,2023-11-06,11:40:00,2023-11-13,1.45,1.45,1.45,1.45,0,9000,0
FINNIFTY13NOV2321000CE.NFO,2023-11-06,11:41:00,2023-11-13,1.45,1.45,1.45,1.45,0,9000,0
FINNIFTY13NOV2321000CE.NFO,2023-11-06,11:42:00,2023-11-13,1.45,1.45,1.45,1.45,0,9000,0
FINNIFTY13NOV2321000CE.NFO,2023-11-06,11:43:00,2023-11-13,1.45,1.45,1.45,1.45,280,9000,0
FINNIFTY13NOV2321000CE.NFO,2023-11-06,11:44:00,2023-11-13,1.45,1.45,1.45,1.45,560,9200,0
FINNIFTY13NOV2321000CE.NFO,2023-11-06,11:45:00,2023-11-13,1.45,1.45,1.4,1.4,640,9200,0
FINNIFTY13NOV2321000CE.NFO,2023-11-06,11:46:00,2023-11-13,1.4,1.45,1.4,1.45,40,9200,0
FINNIFTY13NOV2321000CE.NFO,2023-11-06,11:47:00,2023-11-13,1.45,1.45,1.45,1.45,40,9200,0
FINNIFTY13NOV2321000CE.NFO,2023-11-06,11:48:00,2023-11-13,1.45,1.45,1.45,1.45,0,9200,0
FINNIFTY13NOV2321000CE.NFO,2023-11-06,11:49:00,2023-11-13,1.45,1.45,1.45,1.45,0,9200,0
FINNIFTY13NOV2321000CE.NFO,2023-11-06,11:50:00,2023-11-13,1.45,1.45,1.45,1.45,0,9200,0
FINNIFTY13NOV2321000CE.NFO,2023-11-06,11:51:00,2023-11-13,1.45,1.45,1.45,1.45,0,9200,0
FINNIFTY13NOV2321000CE.NFO,2023-11-06,11:52:00,2023-11-13,1.45,1.45,1.4,1.4,160,9880,0
FINNIFTY13NOV2321000CE.NFO,2023-11-06,11:53:00,2023-11-13,1.4,1.4,1.4,1.4,0,9880,0
FINNIFTY13NOV2321000CE.NFO,2023-11-06,11:54:00,2023-11-13,1.4,1.4,1.4,1.4,0,9880,0
FINNIFTY13NOV2321000CE.NFO,2023-11-06,11:55:00,2023-11-13,1.4,1.45,1.4,1.45,40,9840,0
FINNIFTY13NOV2321000CE.NFO,2023-11-06,11:56:00,2023-11-13,1.45,1.45,1.45,1.45,0,9840,0
FINNIFTY13NOV2321000CE.NFO,2023-11-06,11:57:00,2023-11-13,1.45,1.45,1.4,1.4,40,9800,0
FINNIFTY13NOV2321000CE.NFO,2023-11-06,11:58:00,2023-11-13,1.4,1.4,1.4,1.4,0,9800,0
FINNIFTY13NOV2321000CE.NFO,2023-11-06,11:59:00,2023-11-13,1.4,1.5,1.4,1.5,40,9800,0
FINNIFTY13NOV2321000CE.NFO,2023-11-06,12:00:00,2023-11-13,1.5,1.5,1.5,1.5,80,9840,0
FINNIFTY13NOV2321000CE.NFO,2023-11-06,12:01:00,2023-11-13,1.5,1.5,1.5,1.5,0,9840,0
FINNIFTY13NOV2321000CE.NFO,2023-11-06,12:02:00,2023-11-13,1.5,1.5,1.5,1.5,440,9840,0
FINNIFTY13NOV2321000CE.NFO,2023-11-06,12:03:00,2023-11-13,1.5,1.5,1.5,1.5,0,9840,0
FINNIFTY13NOV2321000CE.NFO,2023-11-06,12:04:00,2023-11-13,1.5,1.5,1.5,1.5,0,9840,0
FINNIFTY13NOV2321000CE.NFO,2023-11-06,12:05:00,2023-11-13,1.5,1.5,1.5,1.5,0,9840,0
FINNIFTY13NOV2321000CE.NFO,2023-11-06,12:06:00,2023-11-13,1.5,1.5,1.5,1.5,0,9840,0
FINNIFTY13NOV2321000CE.NFO,2023-11-06,12:07:00,2023-11-13,1.5,1.5,1.5,1.5,0,9840,0
FINNIFTY13NOV2321000CE.NFO,2023-11-06,12:08:00,2023-11-13,1.5,1.5,1.5,1.5,0,9840,0
FINNIFTY13NOV2321000CE.NFO,2023-11-06,12:09:00,2023-11-13,1.5,1.5,1.5,1.5,0,9840,0
FINNIFTY13NOV2321000CE.NFO,2023-11-06,12:10:00,2023-11-13,1.5,1.5,1.5,1.5,0,9840,0
FINNIFTY13NOV2321000CE.NFO,2023-11-06,12:11:00,2023-11-13,1.5,1.5,1.5,1.5,0,9840,0
FINNIFTY13NOV2321000CE.NFO,2023-11-06,12:12:00,2023-11-13,1.5,1.5,1.5,1.5,0,9840,0
FINNIFTY13NOV2321000CE.NFO,2023-11-06,12:13:00,2023-11-13,1.4,1.4,1.4,1.4,440,10560,0
FINNIFTY13NOV2321000CE.NFO,2023-11-06,12:14:00,2023-11-13,1.4,1.4,1.4,1.4,1880,10560,0
FINNIFTY13NOV2321000CE.NFO,2023-11-06,12:15:00,2023-11-13,1.4,1.4,1.4,1.4,280,12400,0
FINNIFTY13NOV2321000CE.NFO,2023-11-06,12:16:00,2023-11-13,1.4,1.4,1.4,1.4,0,12400,0
FINNIFTY13NOV2321000CE.NFO,2023-11-06,12:17:00,2023-11-13,1.4,1.4,1.4,1.4,0,12400,0
FINNIFTY13NOV2321000CE.NFO,2023-11-06,12:18:00,2023-11-13,1.4,1.4,1.4,1.4,0,12400,0
FINNIFTY13NOV2321000CE.NFO,2023-11-06,12:19:00,2023-11-13,1.4,1.4,1.4,1.4,640,13200,0
FINNIFTY13NOV2321000CE.NFO,2023-11-06,12:20:00,2023-11-13,1.4,1.4,1.4,1.4,0,13200,0
FINNIFTY13NOV2321000CE.NFO,2023-11-06,12:21:00,2023-11-13,1.4,1.4,1.4,1.4,0,13200,1
FINNIFTY13NOV2321000CE.NFO,2023-11-06,12:22:00,2023-11-13,1.4,1.4,1.4,1.4,0,13200,0
FINNIFTY13NOV2321000CE.NFO,2023-11-06,12:23:00,2023-11-13,1.4,1.4,1.4,1.4,0,13200,0
FINNIFTY13NOV2321000CE.NFO,2023-11-06,12:24:00,2023-11-13,1.4,1.4,1.4,1.4,0,13800,0
FINNIFTY13NOV2321000CE.NFO,2023-11-06,12:25:00,2023-11-13,1.4,1.5,1.4,1.5,2160,13800,0
FINNIFTY13NOV2321000CE.NFO,2023-11-06,12:26:00,2023-11-13,1.5,1.5,1.5,1.5,120,13800,0
FINNIFTY13NOV2321000CE.NFO,2023-11-06,12:27:00,2023-11-13,1.5,1.5,1.5,1.5,0,14840,0
FINNIFTY13NOV2321000CE.NFO,2023-11-06,12:28:00,2023-11-13,1.5,1.5,1.5,1.5,0,14840,0
FINNIFTY13NOV2321000CE.NFO,2023-11-06,12:29:00,2023-11-13,1.5,1.5,1.45,1.45,160,14840,0
FINNIFTY13NOV2321000CE.NFO,2023-11-06,12:30:00,2023-11-13,1.45,1.45,1.45,1.45,0,14840,0
FINNIFTY13NOV2321000CE.NFO,2023-11-06,12:31:00,2023-11-13,1.45,1.45,1.45,1.45,40,14680,0
FINNIFTY13NOV2321000CE.NFO,2023-11-06,12:32:00,2023-11-13,1.45,1.45,1.45,1.45,0,14680,0
FINNIFTY13NOV2321000CE.NFO,2023-11-06,12:33:00,2023-11-13,1.45,1.45,1.45,1.45,0,14680,0
FINNIFTY13NOV2321000CE.NFO,2023-11-06,12:34:00,2023-11-13,1.45,1.45,1.45,1.45,0,14680,0
FINNIFTY13NOV2321000CE.NFO,2023-11-06,12:35:00,2023-11-13,1.45,1.45,1.45,1.45,0,14680,0
FINNIFTY13NOV2321000CE.NFO,2023-11-06,12:36:00,2023-11-13,1.45,1.45,1.45,1.45,0,14680,0
FINNIFTY13NOV2321000CE.NFO,2023-11-06,12:37:00,2023-11-13,1.45,1.45,1.45,1.45,80,14640,0
FINNIFTY13NOV2321000CE.NFO,2023-11-06,12:38:00,2023-11-13,1.45,1.45,1.45,1.45,0,14640,0
FINNIFTY13NOV2321000CE.NFO,2023-11-06,12:39:00,2023-11-13,1.45,1.45,1.45,1.45,0,14640,0
FINNIFTY13NOV2321000CE.NFO,2023-11-06,12:40:00,2023-11-13,1.45,1.45,1.45,1.45,0,14640,0
FINNIFTY13NOV2321000CE.NFO,2023-11-06,12:41:00,2023-11-13,1.45,1.45,1.45,1.45,0,14640,0
FINNIFTY13NOV2321000CE.NFO,2023-11-06,12:42:00,2023-11-13,1.45,1.45,1.45,1.45,0,14640,0
FINNIFTY13NOV2321000CE.NFO,2023-11-06,12:43:00,2023-11-13,1.45,1.45,1.45,1.45,0,14640,0
FINNIFTY13NOV2321000CE.NFO,2023-11-06,12:44:00,2023-11-13,1.45,1.45,1.45,1.45,0,14640,0
FINNIFTY13NOV2321000CE.NFO,2023-11-06,12:45:00,2023-11-13,1.45,1.45,1.45,1.45,0,14640,0
FINNIFTY13NOV2321000CE.NFO,2023-11-06,12:46:00,2023-11-13,1.45,1.45,1.45,1.45,0,14640,0
FINNIFTY13NOV2321000CE.NFO,2023-11-06,12:47:00,2023-11-13,1.45,1.45,1.45,1.45,0,14640,0
FINNIFTY13NOV2321000CE.NFO,2023-11-06,12:48:00,2023-11-13,1.45,1.45,1.45,1.45,0,14640,0
FINNIFTY13NOV2321000CE.NFO,2023-11-06,12:49:00,2023-11-13,1.45,1.45,1.45,1.45,0,14640,0
FINNIFTY13NOV2321000CE.NFO,2023-11-06,12:50:00,2023-11-13,1.45,1.45,1.45,1.45,0,14640,0
FINNIFTY13NOV2321000CE.NFO,2023-11-06,12:51:00,2023-11-13,1.45,1.45,1.45,1.45,0,14640,0
FINNIFTY13NOV2321000CE.NFO,2023-11-06,12:52:00,2023-11-13,1.45,1.45,1.45,1.45,0,14640,0
FINNIFTY13NOV2321000CE.NFO,2023-11-06,12:53:00,2023-11-13,1.45,1.45,1.45,1.45,40,14560,0
FINNIFTY13NOV2321000CE.NFO,2023-11-06,12:54:00,2023-11-13,1.4,1.4,1.35,1.35,2200,14560,0
FINNIFTY13NOV2321000CE.NFO,2023-11-06,12:55:00,2023-11-13,1.35,1.35,1.35,1.35,80,14560,0
FINNIFTY13NOV2321000CE.NFO,2023-11-06,12:56:00,2023-11-13,1.35,1.35,1.35,1.35,0,14560,0
FINNIFTY13NOV2321000CE.NFO,2023-11-06,12:57:00,2023-11-13,1.35,1.35,1.35,1.35,0,14560,0
FINNIFTY13NOV2321000CE.NFO,2023-11-06,12:58:00,2023-11-13,1.35,1.35,1.35,1.35,0,14560,0
FINNIFTY13NOV2321000CE.NFO,2023-11-06,12:59:00,2023-11-13,1.35,1.35,1.35,1.35,0,14560,0
FINNIFTY13NOV2321000CE.NFO,2023-11-06,13:00:00,2023-11-13,1.35,1.35,1.35,1.35,0,14560,0
FINNIFTY13NOV2321000CE.NFO,2023-11-06,13:01:00,2023-11-13,1.35,1.35,1.35,1.35,40,16040,0
FINNIFTY13NOV2321000CE.NFO,2023-11-06,13:02:00,2023-11-13,1.35,1.35,1.35,1.35,0,16040,0
FINNIFTY13NOV2321000CE.NFO,2023-11-06,13:03:00,2023-11-13,1.4,1.4,1.4,1.4,0,16000,0
FINNIFTY13NOV2321000CE.NFO,2023-11-06,13:04:00,2023-11-13,1.4,1.4,1.4,1.4,0,16000,0
FINNIFTY13NOV2321000CE.NFO,2023-11-06,13:05:00,2023-11-13,1.4,1.4,1.4,1.4,0,16000,1
FINNIFTY13NOV2321000CE.NFO,2023-11-06,13:06:00,2023-11-13,1.4,1.4,1.4,1.4,0,16000,0
FINNIFTY13NOV2321000CE.NFO,2023-11-06,13:07:00,2023-11-13,1.4,1.4,1.4,1.4,0,16000,0
FINNIFTY13NOV2321000CE.NFO,2023-11-06,13:08:00,2023-11-13,1.4,1.4,1.35,1.35,40,16000,0
FINNIFTY13NOV2321000CE.NFO,2023-11-06,13:09:00,2023-11-13,1.35,1.35,1.35,1.35,80,16000,0
FINNIFTY13NOV2321000CE.NFO,2023-11-06,13:10:00,2023-11-13,1.35,1.35,1.35,1.35,0,16000,0
FINNIFTY13NOV2321000CE.NFO,2023-11-06,13:11:00,2023-11-13,1.35,1.35,1.35,1.35,40,16000,0
FINNIFTY13NOV2321000CE.NFO,2023-11-06,13:12:00,2023-11-13,1.35,1.35,1.35,1.35,0,16000,0
FINNIFTY13NOV2321000CE.NFO,2023-11-06,13:13:00,2023-11-13,1.35,1.35,1.3,1.3,1200,16040,0
FINNIFTY13NOV2321000CE.NFO,2023-11-06,13:14:00,2023-11-13,1.3,1.3,1.3,1.3,0,16040,0
FINNIFTY13NOV2321000CE.NFO,2023-11-06,13:15:00,2023-11-13,1.3,1.3,1.3,1.3,0,16040,0
FINNIFTY13NOV2321000CE.NFO,2023-11-06,13:16:00,2023-11-13,1.3,1.3,1.3,1.3,0,16040,0
FINNIFTY13NOV2321000CE.NFO,2023-11-06,13:17:00,2023-11-13,1.3,1.3,1.3,1.3,0,16040,0
FINNIFTY13NOV2321000CE.NFO,2023-11-06,13:18:00,2023-11-13,1.3,1.3,1.3,1.3,0,16040,0
FINNIFTY13NOV2321000CE.NFO,2023-11-06,13:19:00,2023-11-13,1.3,1.3,1.3,1.3,0,16040,0
FINNIFTY13NOV2321000CE.NFO,2023-11-06,13:20:00,2023-11-13,1.3,1.35,1.3,1.35,80,16040,0
FINNIFTY13NOV2321000CE.NFO,2023-11-06,13:21:00,2023-11-13,1.35,1.35,1.35,1.35,0,16040,0
FINNIFTY13NOV2321000CE.NFO,2023-11-06,13:22:00,2023-11-13,1.35,1.35,1.35,1.35,0,16040,0
FINNIFTY13NOV2321000CE.NFO,2023-11-06,13:23:00,2023-11-13,1.35,1.35,1.35,1.35,0,16040,0
FINNIFTY13NOV2321000CE.NFO,2023-11-06,13:24:00,2023-11-13,1.35,1.35,1.35,1.35,0,16040,0
FINNIFTY13NOV2321000CE.NFO,2023-11-06,13:25:00,2023-11-13,1.35,1.35,1.35,1.35,0,16040,0
FINNIFTY13NOV2321000CE.NFO,2023-11-06,13:26:00,2023-11-13,1.35,1.35,1.35,1.35,0,16040,0
FINNIFTY13NOV2321000CE.NFO,2023-11-06,13:27:00,2023-11-13,1.35,1.35,1.35,1.35,0,16040,0
FINNIFTY13NOV2321000CE.NFO,2023-11-06,13:28:00,2023-11-13,1.35,1.35,1.35,1.35,0,16040,0
FINNIFTY13NOV2321000CE.NFO,2023-11-06,13:29:00,2023-11-13,1.35,1.35,1.35,1.35,40,16040,0
FINNIFTY13NOV2321000CE.NFO,2023-11-06,13:30:00,2023-11-13,1.35,1.35,1.35,1.35,40,16040,1
FINNIFTY13NOV2321000CE.NFO,2023-11-06,13:31:00,2023-11-13,1.35,1.35,1.35,1.35,0,16040,0
FINNIFTY13NOV2321000CE.NFO,2023-11-06,13:32:00,2023-11-13,1.35,1.35,1.35,1.35,0,16040,0
FINNIFTY13NOV2321000CE.NFO,2023-11-06,13:33:00,2023-11-13,1.35,1.35,1.35,1.35,0,16040,0
FINNIFTY13NOV2321000CE.NFO,2023-11-06,13:34:00,2023-11-13,1.35,1.35,1.35,1.35,0,16040,0
FINNIFTY13NOV2321000CE.NFO,2023-11-06,13:35:00,2023-11-13,1.35,1.35,1.35,1.35,0,16040,0
FINNIFTY13NOV2321000CE.NFO,2023-11-06,13:36:00,2023-11-13,1.35,1.35,1.35,1.35,0,16040,0
FINNIFTY13NOV2321000CE.NFO,2023-11-06,13:37:00,2023-11-13,1.35,1.35,1.35,1.35,0,16040,1
FINNIFTY13NOV2321000CE.NFO,2023-11-06,13:38:00,2023-11-13,1.35,1.35,1.35,1.35,0,16040,0
FINNIFTY13NOV2321000CE.NFO,2023-11-06,13:39:00,2023-11-13,1.35,1.35,1.35,1.35,80,16040,0
FINNIFTY13NOV2321000CE.NFO,2023-11-06,13:40:00,2023-11-13,1.35,1.35,1.35,1.35,0,16040,0
FINNIFTY13NOV2321000CE.NFO,2023-11-06,13:41:00,2023-11-13,1.35,1.35,1.35,1.35,0,16040,0
FINNIFTY13NOV2321000CE.NFO,2023-11-06,13:42:00,2023-11-13,1.35,1.35,1.35,1.35,0,16040,0
FINNIFTY13NOV2321000CE.NFO,2023-11-06,13:43:00,2023-11-13,1.35,1.35,1.35,1.35,0,16040,0
FINNIFTY13NOV2321000CE.NFO,2023-11-06,13:44:00,2023-11-13,1.35,1.35,1.35,1.35,0,16040,0
FINNIFTY13NOV2321000CE.NFO,2023-11-06,13:45:00,2023-11-13,1.35,1.35,1.35,1.35,0,16040,0
FINNIFTY13NOV2321000CE.NFO,2023-11-06,13:46:00,2023-11-13,1.35,1.35,1.35,1.35,0,16040,0
FINNIFTY13NOV2321000CE.NFO,2023-11-06,13:47:00,2023-11-13,1.35,1.35,1.35,1.35,0,16040,0
FINNIFTY13NOV2321000CE.NFO,2023-11-06,13:48:00,2023-11-13,1.35,1.35,1.35,1.35,0,16040,0
FINNIFTY13NOV2321000CE.NFO,2023-11-06,13:49:00,2023-11-13,1.35,1.35,1.35,1.35,0,16040,0
FINNIFTY13NOV2321000CE.NFO,2023-11-06,13:50:00,2023-11-13,1.35,1.35,1.35,1.35,0,16040,0
FINNIFTY13NOV2321000CE.NFO,2023-11-06,13:51:00,2023-11-13,1.35,1.35,1.35,1.35,160,16120,0
FINNIFTY13NOV2321000CE.NFO,2023-11-06,13:52:00,2023-11-13,1.35,1.35,1.35,1.35,40,16120,0
FINNIFTY13NOV2321000CE.NFO,2023-11-06,13:53:00,2023-11-13,1.35,1.35,1.35,1.35,0,16120,0
FINNIFTY13NOV2321000CE.NFO,2023-11-06,13:54:00,2023-11-13,1.35,1.4,1.35,1.4,80,16040,0
FINNIFTY13NOV2321000CE.NFO,2023-11-06,13:55:00,2023-11-13,1.4,1.4,1.4,1.4,480,16040,0
FINNIFTY13NOV2321000CE.NFO,2023-11-06,13:56:00,2023-11-13,1.4,1.4,1.4,1.4,0,16040,0
FINNIFTY13NOV2321000CE.NFO,2023-11-06,13:57:00,2023-11-13,1.4,1.4,1.4,1.4,0,16040,0
FINNIFTY13NOV2321000CE.NFO,2023-11-06,13:58:00,2023-11-13,1.4,1.4,1.4,1.4,0,16040,0
FINNIFTY13NOV2321000CE.NFO,2023-11-06,13:59:00,2023-11-13,1.4,1.4,1.4,1.4,0,16040,1
FINNIFTY13NOV2321000CE.NFO,2023-11-06,14:00:00,2023-11-13,1.4,1.4,1.4,1.4,0,16040,1
FINNIFTY13NOV2321000CE.NFO,2023-11-06,14:01:00,2023-11-13,1.4,1.4,1.4,1.4,0,16040,0
FINNIFTY13NOV2321000CE.NFO,2023-11-06,14:02:00,2023-11-13,1.4,1.4,1.4,1.4,0,16040,0
FINNIFTY13NOV2321000CE.NFO,2023-11-06,14:03:00,2023-11-13,1.4,1.4,1.4,1.4,0,16040,0
FINNIFTY13NOV2321000CE.NFO,2023-11-06,14:04:00,2023-11-13,1.4,1.4,1.4,1.4,0,16040,0
FINNIFTY13NOV2321000CE.NFO,2023-11-06,14:05:00,2023-11-13,1.4,1.4,1.4,1.4,0,16040,0
FINNIFTY13NOV2321000CE.NFO,2023-11-06,14:06:00,2023-11-13,1.4,1.4,1.4,1.4,0,16040,1
FINNIFTY13NOV2321000CE.NFO,2023-11-06,14:07:00,2023-11-13,1.4,1.4,1.4,1.4,0,16040,0
FINNIFTY13NOV2321000CE.NFO,2023-11-06,14:08:00,2023-11-13,1.4,1.4,1.4,1.4,0,16040,0
FINNIFTY13NOV2321000CE.NFO,2023-11-06,14:09:00,2023-11-13,1.4,1.4,1.4,1.4,0,16040,1
FINNIFTY13NOV2321000CE.NFO,2023-11-06,14:10:00,2023-11-13,1.4,1.4,1.4,1.4,0,16040,0
FINNIFTY13NOV2321000CE.NFO,2023-11-06,14:11:00,2023-11-13,1.4,1.4,1.4,1.4,0,16040,0
FINNIFTY13NOV2321000CE.NFO,2023-11-06,14:12:00,2023-11-13,1.4,1.4,1.4,1.4,0,16040,1
FINNIFTY13NOV2321000CE.NFO,2023-11-06,14:13:00,2023-11-13,1.4,1.4,1.4,1.4,0,16040,0
FINNIFTY13NOV2321000CE.NFO,2023-11-06,14:14:00,2023-11-13,1.4,1.4,1.35,1.35,40,16080,0
FINNIFTY13NOV2321000CE.NFO,2023-11-06,14:15:00,2023-11-13,1.35,1.35,1.3,1.35,2920,16040,0
FINNIFTY13NOV2321000CE.NFO,2023-11-06,14:16:00,2023-11-13,1.35,1.35,1.35,1.35,80,16040,0
FINNIFTY13NOV2321000CE.NFO,2023-11-06,14:17:00,2023-11-13,1.35,1.35,1.35,1.35,40,16040,0
FINNIFTY13NOV2321000CE.NFO,2023-11-06,14:18:00,2023-11-13,1.35,1.35,1.35,1.35,0,16040,0
FINNIFTY13NOV2321000CE.NFO,2023-11-06,14:19:00,2023-11-13,1.35,1.35,1.35,1.35,40,16800,0
FINNIFTY13NOV2321000CE.NFO,2023-11-06,14:20:00,2023-11-13,1.35,1.35,1.35,1.35,0,16800,0
FINNIFTY13NOV2321000CE.NFO,2023-11-06,14:21:00,2023-11-13,1.35,1.4,1.3,1.3,320,16800,0
FINNIFTY13NOV2321000CE.NFO,2023-11-06,14:22:00,2023-11-13,1.3,1.3,1.3,1.3,0,16800,0
FINNIFTY13NOV2321000CE.NFO,2023-11-06,14:23:00,2023-11-13,1.3,1.3,1.3,1.3,0,16800,0
FINNIFTY13NOV2321000CE.NFO,2023-11-06,14:24:00,2023-11-13,1.3,1.35,1.3,1.35,120,16840,0
FINNIFTY13NOV2321000CE.NFO,2023-11-06,14:25:00,2023-11-13,1.4,1.4,1.4,1.4,0,16840,0
FINNIFTY13NOV2321000CE.NFO,2023-11-06,14:26:00,2023-11-13,1.4,1.4,1.4,1.4,0,16840,0
FINNIFTY13NOV2321000CE.NFO,2023-11-06,14:27:00,2023-11-13,1.4,1.4,1.4,1.4,0,16840,0
FINNIFTY13NOV2321000CE.NFO,2023-11-06,14:28:00,2023-11-13,1.4,1.4,1.4,1.4,0,16840,0
FINNIFTY13NOV2321000CE.NFO,2023-11-06,14:29:00,2023-11-13,1.4,1.4,1.4,1.4,0,16840,0
FINNIFTY13NOV2321000CE.NFO,2023-11-06,14:30:00,2023-11-13,1.4,1.4,1.4,1.4,0,16840,0
FINNIFTY13NOV2321000CE.NFO,2023-11-06,14:31:00,2023-11-13,1.4,1.4,1.35,1.35,80,16920,0
FINNIFTY13NOV2321000CE.NFO,2023-11-06,14:32:00,2023-11-13,1.35,1.35,1.35,1.35,0,16920,0
FINNIFTY13NOV2321000CE.NFO,2023-11-06,14:33:00,2023-11-13,1.35,1.45,1.35,1.45,1560,16880,0
FINNIFTY13NOV2321000CE.NFO,2023-11-06,14:34:00,2023-11-13,1.45,1.45,1.45,1.45,160,16880,0
FINNIFTY13NOV2321000CE.NFO,2023-11-06,14:35:00,2023-11-13,1.45,1.45,1.45,1.45,0,16880,0
FINNIFTY13NOV2321000CE.NFO,2023-11-06,14:36:00,2023-11-13,1.45,1.45,1.45,1.45,0,16880,1
FINNIFTY13NOV2321000CE.NFO,2023-11-06,14:37:00,2023-11-13,1.45,1.45,1.45,1.45,0,16880,1
FINNIFTY13NOV2321000CE.NFO,2023-11-06,14:38:00,2023-11-13,1.45,1.45,1.45,1.45,0,16880,0
FINNIFTY13NOV2321000CE.NFO,2023-11-06,14:39:00,2023-11-13,1.45,1.45,1.45,1.45,0,16880,0
FINNIFTY13NOV2321000CE.NFO,2023-11-06,14:40:00,2023-11-13,1.45,1.45,1.45,1.45,0,16880,0
FINNIFTY13NOV2321000CE.NFO,2023-11-06,14:41:00,2023-11-13,1.45,1.45,1.45,1.45,0,16880,0
FINNIFTY13NOV2321000CE.NFO,2023-11-06,14:42:00,2023-11-13,1.4,1.4,1.4,1.4,80,16080,0
FINNIFTY13NOV2321000CE.NFO,2023-11-06,14:43:00,2023-11-13,1.4,1.4,1.4,1.4,0,16080,0
FINNIFTY13NOV2321000CE.NFO,2023-11-06,14:44:00,2023-11-13,1.4,1.4,1.4,1.4,0,16080,0
FINNIFTY13NOV2321000CE.NFO,2023-11-06,14:45:00,2023-11-13,1.4,1.4,1.4,1.4,0,16080,0
FINNIFTY13NOV2321000CE.NFO,2023-11-06,14:46:00,2023-11-13,1.4,1.4,1.4,1.4,0,16080,0
FINNIFTY13NOV2321000CE.NFO,2023-11-06,14:47:00,2023-11-13,1.4,1.4,1.4,1.4,0,16080,0
FINNIFTY13NOV2321000CE.NFO,2023-11-06,14:48:00,2023-11-13,1.4,1.4,1.4,1.4,0,16080,0
FINNIFTY13NOV2321000CE.NFO,2023-11-06,14:49:00,2023-11-13,1.45,1.45,1.45,1.45,0,16000,0
FINNIFTY13NOV2321000CE.NFO,2023-11-06,14:50:00,2023-11-13,1.45,1.5,1.45,1.5,40,16000,0
FINNIFTY13NOV2321000CE.NFO,2023-11-06,14:51:00,2023-11-13,1.5,1.5,1.45,1.45,80,16040,0
FINNIFTY13NOV2321000CE.NFO,2023-11-06,14:52:00,2023-11-13,1.45,1.45,1.45,1.45,120,16040,0
FINNIFTY13NOV2321000CE.NFO,2023-11-06,14:53:00,2023-11-13,1.45,1.45,1.35,1.35,120,16040,0
FINNIFTY13NOV2321000CE.NFO,2023-11-06,14:54:00,2023-11-13,1.35,1.35,1.35,1.35,0,16040,0
FINNIFTY13NOV2321000CE.NFO,2023-11-06,14:55:00,2023-11-13,1.35,1.35,1.35,1.35,0,16040,0
FINNIFTY13NOV2321000CE.NFO,2023-11-06,14:56:00,2023-11-13,1.35,1.35,1.35,1.35,0,16040,0
FINNIFTY13NOV2321000CE.NFO,2023-11-06,14:57:00,2023-11-13,1.35,1.35,1.35,1.35,0,16040,0
FINNIFTY13NOV2321000CE.NFO,2023-11-06,14:58:00,2023-11-13,1.35,1.35,1.35,1.35,0,16040,0
FINNIFTY13NOV2321000CE.NFO,2023-11-06,14:59:00,2023-11-13,1.35,1.35,1.35,1.35,0,16040,0
FINNIFTY13NOV2321000CE.NFO,2023-11-06,15:00:00,2023-11-13,1.35,1.35,1.35,1.35,0,16040,0
FINNIFTY13NOV2321000CE.NFO,2023-11-06,15:01:00,2023-11-13,1.35,1.35,1.35,1.35,40,15760,0
FINNIFTY13NOV2321000CE.NFO,2023-11-06,15:02:00,2023-11-13,1.35,1.35,1.35,1.35,0,15760,0
FINNIFTY13NOV2321000CE.NFO,2023-11-06,15:03:00,2023-11-13,1.35,1.35,1.35,1.35,0,15760,0
FINNIFTY13NOV2321000CE.NFO,2023-11-06,15:04:00,2023-11-13,1.35,1.35,1.35,1.35,0,15760,0
FINNIFTY13NOV2321000CE.NFO,2023-11-06,15:05:00,2023-11-13,1.35,1.35,1.35,1.35,0,15760,0
FINNIFTY13NOV2321000CE.NFO,2023-11-06,15:06:00,2023-11-13,1.4,1.4,1.4,1.4,600,15760,0
FINNIFTY13NOV2321000CE.NFO,2023-11-06,15:07:00,2023-11-13,1.4,1.4,1.4,1.4,40,15800,0
FINNIFTY13NOV2321000CE.NFO,2023-11-06,15:08:00,2023-11-13,1.4,1.5,1.4,1.5,40,15800,0
FINNIFTY13NOV2321000CE.NFO,2023-11-06,15:09:00,2023-11-13,1.5,1.5,1.5,1.5,0,15800,0
FINNIFTY13NOV2321000CE.NFO,2023-11-06,15:10:00,2023-11-13,1.5,1.5,1.5,1.5,0,15800,0
FINNIFTY13NOV2321000CE.NFO,2023-11-06,15:11:00,2023-11-13,1.5,1.5,1.5,1.5,0,15800,0
FINNIFTY13NOV2321000CE.NFO,2023-11-06,15:12:00,2023-11-13,1.5,1.5,1.5,1.5,160,15800,0
FINNIFTY13NOV2321000CE.NFO,2023-11-06,15:13:00,2023-11-13,1.5,1.5,1.5,1.5,40,15800,0
FINNIFTY13NOV2321000CE.NFO,2023-11-06,15:14:00,2023-11-13,1.5,1.5,1.5,1.5,40,15800,0
FINNIFTY13NOV2321000CE.NFO,2023-11-06,15:15:00,2023-11-13,1.5,1.5,1.5,1.5,0,15800,0
FINNIFTY13NOV2321000CE.NFO,2023-11-06,15:16:00,2023-11-13,1.5,1.5,1.5,1.5,0,15800,0
FINNIFTY13NOV2321000CE.NFO,2023-11-06,15:17:00,2023-11-13,1.45,1.45,1.45,1.45,120,15800,0
FINNIFTY13NOV2321000CE.NFO,2023-11-06,15:18:00,2023-11-13,1.45,1.45,1.45,1.45,40,15760,0
FINNIFTY13NOV2321000CE.NFO,2023-11-06,15:19:00,2023-11-13,1.45,1.45,1.45,1.45,80,15760,0
FINNIFTY13NOV2321000CE.NFO,2023-11-06,15:20:00,2023-11-13,1.45,1.45,1.4,1.4,40,15760,0
FINNIFTY13NOV2321000CE.NFO,2023-11-06,15:21:00,2023-11-13,1.4,1.4,1.4,1.4,40,15760,0
FINNIFTY13NOV2321000CE.NFO,2023-11-06,15:22:00,2023-11-13,1.4,1.4,1.4,1.4,0,15760,0
FINNIFTY13NOV2321000CE.NFO,2023-11-06,15:23:00,2023-11-13,1.4,1.4,1.4,1.4,0,15760,0
FINNIFTY13NOV2321000CE.NFO,2023-11-06,15:24:00,2023-11-13,1.45,1.45,1.4,1.4,120,15800,0
FINNIFTY13NOV2321000CE.NFO,2023-11-06,15:25:00,2023-11-13,1.4,1.45,1.35,1.4,280,15800,0
FINNIFTY13NOV2321000CE.NFO,2023-11-06,15:26:00,2023-11-13,1.4,1.4,1.4,1.4,0,15800,0
FINNIFTY13NOV2321000CE.NFO,2023-11-06,15:27:00,2023-11-13,1.4,1.45,1.4,1.45,600,15800,0
FINNIFTY13NOV2321000CE.NFO,2023-11-06,15:28:00,2023-11-13,1.45,1.45,1.35,1.4,160,15800,0
FINNIFTY13NOV2321000CE.NFO,2023-11-06,15:29:00,2023-11-13,1.4,1.45,1.4,1.45,40,15800,0
FINNIFTY13NOV2321000CE.NFO,2023-11-06,15:30:00,2023-11-13,1.45,1.45,1.45,1.45,40,15800,1
FINNIFTY13NOV2321000CE.NFO,2023-11-07,09:15:00,2023-11-13,1.5,1.5,1.5,1.5,200,15280,0
FINNIFTY13NOV2321000CE.NFO,2023-11-07,09:16:00,2023-11-13,1.5,1.5,1.5,1.5,400,15280,0
FINNIFTY13NOV2321000CE.NFO,2023-11-07,09:17:00,2023-11-13,1.5,1.5,1.2,1.2,120,15280,0
FINNIFTY13NOV2321000CE.NFO,2023-11-07,09:18:00,2023-11-13,1.2,1.3,1.2,1.3,80,15800,0
FINNIFTY13NOV2321000CE.NFO,2023-11-07,09:19:00,2023-11-13,1.3,1.3,1.3,1.3,80,15800,1
FINNIFTY13NOV2321000CE.NFO,2023-11-07,09:20:00,2023-11-13,1.3,1.3,1.3,1.3,0,15800,0
FINNIFTY13NOV2321000CE.NFO,2023-11-07,09:21:00,2023-11-13,1.3,1.5,1.25,1.35,2080,15800,0
FINNIFTY13NOV2321000CE.NFO,2023-11-07,09:22:00,2023-11-13,1.35,1.5,1.25,1.5,840,15800,0
FINNIFTY13NOV2321000CE.NFO,2023-11-07,09:23:00,2023-11-13,1.5,1.5,1.5,1.5,0,15800,0
FINNIFTY13NOV2321000CE.NFO,2023-11-07,09:24:00,2023-11-13,1.5,1.5,1.4,1.45,560,16760,0
FINNIFTY13NOV2321000CE.NFO,2023-11-07,09:25:00,2023-11-13,1.45,1.45,1.45,1.45,0,16760,0
FINNIFTY13NOV2321000CE.NFO,2023-11-07,09:26:00,2023-11-13,1.45,1.45,1.45,1.45,600,17200,0
FINNIFTY13NOV2321000CE.NFO,2023-11-07,09:27:00,2023-11-13,1.45,1.45,1.4,1.4,80,17200,0
FINNIFTY13NOV2321000CE.NFO,2023-11-07,09:28:00,2023-11-13,1.4,1.5,1.4,1.5,200,17200,0
FINNIFTY13NOV2321000CE.NFO,2023-11-07,09:29:00,2023-11-13,1.5,1.5,1.3,1.3,160,17560,0
FINNIFTY13NOV2321000CE.NFO,2023-11-07,09:30:00,2023-11-13,1.3,1.35,1.3,1.35,280,17560,0
FINNIFTY13NOV2321000CE.NFO,2023-11-07,09:31:00,2023-11-13,1.35,1.4,1.35,1.4,120,17560,0
FINNIFTY13NOV2321000CE.NFO,2023-11-07,09:32:00,2023-11-13,1.4,1.4,1.4,1.4,280,17320,0
FINNIFTY13NOV2321000CE.NFO,2023-11-07,09:33:00,2023-11-13,1.4,1.4,1.4,1.4,0,17320,0
FINNIFTY13NOV2321000CE.NFO,2023-11-07,09:34:00,2023-11-13,1.4,1.4,1.4,1.4,40,17320,0
FINNIFTY13NOV2321000CE.NFO,2023-11-07,09:35:00,2023-11-13,1.4,1.45,1.4,1.45,40,17360,0
FINNIFTY13NOV2321000CE.NFO,2023-11-07,09:36:00,2023-11-13,1.45,1.45,1.45,1.45,0,17360,0
FINNIFTY13NOV2321000CE.NFO,2023-11-07,09:37:00,2023-11-13,1.45,1.45,1.45,1.45,0,17360,0
FINNIFTY13NOV2321000CE.NFO,2023-11-07,09:38:00,2023-11-13,1.45,1.45,1.4,1.4,40,17400,0
FINNIFTY13NOV2321000CE.NFO,2023-11-07,09:39:00,2023-11-13,1.4,1.5,1.4,1.5,2960,17400,0
FINNIFTY13NOV2321000CE.NFO,2023-11-07,09:40:00,2023-11-13,1.5,1.75,1.5,1.7,8360,17400,0
FINNIFTY13NOV2321000CE.NFO,2023-11-07,09:41:00,2023-11-13,1.7,1.7,1.6,1.7,1400,19400,0
FINNIFTY13NOV2321000CE.NFO,2023-11-07,09:42:00,2023-11-13,1.7,1.7,1.65,1.65,1200,19400,0
FINNIFTY13NOV2321000CE.NFO,2023-11-07,09:43:00,2023-11-13,1.65,1.7,1.65,1.7,1000,19400,0
FINNIFTY13NOV2321000CE.NFO,2023-11-07,09:44:00,2023-11-13,1.7,1.7,1.65,1.65,80,20040,0
FINNIFTY13NOV2321000CE.NFO,2023-11-07,09:45:00,2023-11-13,1.65,1.7,1.65,1.65,440,20040,0
FINNIFTY13NOV2321000CE.NFO,2023-11-07,09:46:00,2023-11-13,1.65,1.65,1.55,1.55,160,20040,0
FINNIFTY13NOV2321000CE.NFO,2023-11-07,09:47:00,2023-11-13,1.55,1.55,1.55,1.55,240,20040,0
FINNIFTY13NOV2321000CE.NFO,2023-11-07,09:48:00,2023-11-13,1.55,1.6,1.55,1.55,480,20360,0
FINNIFTY13NOV2321000CE.NFO,2023-11-07,09:49:00,2023-11-13,1.55,1.55,1.55,1.55,0,20360,0
FINNIFTY13NOV2321000CE.NFO,2023-11-07,09:50:00,2023-11-13,1.55,1.55,1.55,1.55,2120,19800,0
FINNIFTY13NOV2321000CE.NFO,2023-11-07,09:51:00,2023-11-13,1.55,1.55,1.55,1.55,400,19800,0
FINNIFTY13NOV2321000CE.NFO,2023-11-07,09:52:00,2023-11-13,1.55,1.55,1.5,1.5,200,19800,0
FINNIFTY13NOV2321000CE.NFO,2023-11-07,09:53:00,2023-11-13,1.5,1.5,1.5,1.5,1000,19480,0
FINNIFTY13NOV2321000CE.NFO,2023-11-07,09:54:00,2023-11-13,1.5,1.5,1.5,1.5,0,19480,0
FINNIFTY13NOV2321000CE.NFO,2023-11-07,09:55:00,2023-11-13,1.5,1.5,1.45,1.45,640,19480,0
FINNIFTY13NOV2321000CE.NFO,2023-11-07,09:56:00,2023-11-13,1.45,1.5,1.45,1.5,200,19480,0
FINNIFTY13NOV2321000CE.NFO,2023-11-07,09:57:00,2023-11-13,1.5,1.5,1.5,1.5,200,19480,1
FINNIFTY13NOV2321000CE.NFO,2023-11-07,09:58:00,2023-11-13,1.5,1.5,1.5,1.5,0,19480,0
FINNIFTY13NOV2321000CE.NFO,2023-11-07,09:59:00,2023-11-13,1.5,1.55,1.5,1.55,80,19520,0
FINNIFTY13NOV2321000CE.NFO,2023-11-07,10:00:00,2023-11-13,1.55,1.55,1.55,1.55,0,19520,0
FINNIFTY13NOV2321000CE.NFO,2023-11-07,10:01:00,2023-11-13,1.55,1.6,1.55,1.55,1440,19600,0
FINNIFTY13NOV2321000CE.NFO,2023-11-07,10:02:00,2023-11-13,1.55,1.55,1.55,1.55,720,20920,0
FINNIFTY13NOV2321000CE.NFO,2023-11-07,10:03:00,2023-11-13,1.55,1.6,1.55,1.6,880,20920,0
FINNIFTY13NOV2321000CE.NFO,2023-11-07,10:04:00,2023-11-13,1.6,1.6,1.6,1.6,0,20920,0
FINNIFTY13NOV2321000CE.NFO,2023-11-07,10:05:00,2023-11-13,1.6,1.6,1.6,1.6,120,21480,0
FINNIFTY13NOV2321000CE.NFO,2023-11-07,10:06:00,2023-11-13,1.6,1.6,1.5,1.5,2960,21480,0
FINNIFTY13NOV2321000CE.NFO,2023-11-07,10:07:00,2023-11-13,1.5,1.55,1.5,1.5,2040,21480,0
FINNIFTY13NOV2321000CE.NFO,2023-11-07,10:08:00,2023-11-13,1.5,1.5,1.5,1.5,240,24160,0
FINNIFTY13NOV2321000CE.NFO,2023-11-07,10:09:00,2023-11-13,1.5,1.5,1.5,1.5,1200,24160,0
FINNIFTY13NOV2321000CE.NFO,2023-11-07,10:10:00,2023-11-13,1.5,1.55,1.5,1.55,640,24160,0
FINNIFTY13NOV2321000CE.NFO,2023-11-07,10:11:00,2023-11-13,1.55,1.55,1.55,1.55,0,24160,0
FINNIFTY13NOV2321000CE.NFO,2023-11-07,10:12:00,2023-11-13,1.55,1.55,1.55,1.55,0,24160,0
FINNIFTY13NOV2321000CE.NFO,2023-11-07,10:13:00,2023-11-13,1.55,1.55,1.55,1.55,0,24160,0
FINNIFTY13NOV2321000CE.NFO,2023-11-07,10:14:00,2023-11-13,1.55,1.55,1.55,1.55,0,24160,0
FINNIFTY13NOV2321000CE.NFO,2023-11-07,10:15:00,2023-11-13,1.55,1.55,1.5,1.5,40,24880,0
FINNIFTY13NOV2321000CE.NFO,2023-11-07,10:16:00,2023-11-13,1.45,1.45,1.45,1.45,0,24880,0
FINNIFTY13NOV2321000CE.NFO,2023-11-07,10:17:00,2023-11-13,1.45,1.45,1.45,1.45,0,24880,0
FINNIFTY13NOV2321000CE.NFO,2023-11-07,10:18:00,2023-11-13,1.45,1.45,1.45,1.45,0,24880,0
FINNIFTY13NOV2321000CE.NFO,2023-11-07,10:19:00,2023-11-13,1.45,1.45,1.45,1.45,0,24880,0
FINNIFTY13NOV2321000CE.NFO,2023-11-07,10:20:00,2023-11-13,1.45,1.45,1.45,1.45,0,24880,0
FINNIFTY13NOV2321000CE.NFO,2023-11-07,10:21:00,2023-11-13,1.45,1.45,1.45,1.45,0,24880,0
FINNIFTY13NOV2321000CE.NFO,2023-11-07,10:22:00,2023-11-13,1.45,1.45,1.45,1.45,640,24800,0
FINNIFTY13NOV2321000CE.NFO,2023-11-07,10:23:00,2023-11-13,1.45,1.45,1.45,1.45,0,24800,0
FINNIFTY13NOV2321000CE.NFO,2023-11-07,10:24:00,2023-11-13,1.45,1.45,1.45,1.45,0,24800,0
FINNIFTY13NOV2321000CE.NFO,2023-11-07,10:25:00,2023-11-13,1.45,1.55,1.45,1.55,160,24760,0
FINNIFTY13NOV2321000CE.NFO,2023-11-07,10:26:00,2023-11-13,1.55,1.55,1.55,1.55,1160,24760,0
FINNIFTY13NOV2321000CE.NFO,2023-11-07,10:27:00,2023-11-13,1.55,1.55,1.55,1.55,40,24120,0
FINNIFTY13NOV2321000CE.NFO,2023-11-07,10:28:00,2023-11-13,1.55,1.55,1.55,1.55,0,24120,0
FINNIFTY13NOV2321000CE.NFO,2023-11-07,10:29:00,2023-11-13,1.55,1.55,1.55,1.55,0,24120,0
FINNIFTY13NOV2321000CE.NFO,2023-11-07,10:30:00,2023-11-13,1.55,1.55,1.5,1.5,320,24080,0
FINNIFTY13NOV2321000CE.NFO,2023-11-07,10:31:00,2023-11-13,1.5,1.5,1.5,1.5,0,24080,0
FINNIFTY13NOV2321000CE.NFO,2023-11-07,10:32:00,2023-11-13,1.5,1.5,1.5,1.5,0,24080,0
FINNIFTY13NOV2321000CE.NFO,2023-11-07,10:33:00,2023-11-13,1.5,1.5,1.5,1.5,0,24080,0
FINNIFTY13NOV2321000CE.NFO,2023-11-07,10:34:00,2023-11-13,1.5,1.5,1.5,1.5,0,24080,0
FINNIFTY13NOV2321000CE.NFO,2023-11-07,10:35:00,2023-11-13,1.5,1.5,1.5,1.5,0,24080,0
FINNIFTY13NOV2321000CE.NFO,2023-11-07,10:36:00,2023-11-13,1.5,1.5,1.5,1.5,0,24080,0
FINNIFTY13NOV2321000CE.NFO,2023-11-07,10:37:00,2023-11-13,1.5,1.5,1.5,1.5,0,24080,0
FINNIFTY13NOV2321000CE.NFO,2023-11-07,10:38:00,2023-11-13,1.5,1.5,1.5,1.5,0,24040,0
FINNIFTY13NOV2321000CE.NFO,2023-11-07,10:39:00,2023-11-13,1.5,1.5,1.5,1.5,0,24040,1
FINNIFTY13NOV2321000CE.NFO,2023-11-07,10:40:00,2023-11-13,1.5,1.5,1.5,1.5,640,24760,0
FINNIFTY13NOV2321000CE.NFO,2023-11-07,10:41:00,2023-11-13,1.5,1.5,1.5,1.5,0,24760,0
FINNIFTY13NOV2321000CE.NFO,2023-11-07,10:42:00,2023-11-13,1.5,1.5,1.45,1.45,680,25400,0
FINNIFTY13NOV2321000CE.NFO,2023-11-07,10:43:00,2023-11-13,1.45,1.45,1.45,1.45,0,25400,0
FINNIFTY13NOV2321000CE.NFO,2023-11-07,10:44:00,2023-11-13,1.45,1.45,1.45,1.45,80,25600,0
FINNIFTY13NOV2321000CE.NFO,2023-11-07,10:45:00,2023-11-13,1.45,1.45,1.45,1.45,0,25600,0
FINNIFTY13NOV2321000CE.NFO,2023-11-07,10:46:00,2023-11-13,1.45,1.45,1.45,1.45,0,25600,0
FINNIFTY13NOV2321000CE.NFO,2023-11-07,10:47:00,2023-11-13,1.45,1.45,1.45,1.45,0,25600,0
FINNIFTY13NOV2321000CE.NFO,2023-11-07,10:48:00,2023-11-13,1.45,1.45,1.4,1.4,720,25600,0
FINNIFTY13NOV2321000CE.NFO,2023-11-07,10:49:00,2023-11-13,1.4,1.4,1.4,1.4,0,25600,0
FINNIFTY13NOV2321000CE.NFO,2023-11-07,10:50:00,2023-11-13,1.4,1.4,1.4,1.4,0,25600,0
FINNIFTY13NOV2321000CE.NFO,2023-11-07,10:51:00,2023-11-13,1.4,1.4,1.4,1.4,0,25600,0
FINNIFTY13NOV2321000CE.NFO,2023-11-07,10:52:00,2023-11-13,1.4,1.4,1.4,1.4,0,25600,0
FINNIFTY13NOV2321000CE.NFO,2023-11-07,10:53:00,2023-11-13,1.4,1.4,1.4,1.4,0,25600,0
FINNIFTY13NOV2321000CE.NFO,2023-11-07,10:54:00,2023-11-13,1.4,1.4,1.4,1.4,640,25560,0
FINNIFTY13NOV2321000CE.NFO,2023-11-07,10:55:00,2023-11-13,1.4,1.4,1.4,1.4,0,25560,0
FINNIFTY13NOV2321000CE.NFO,2023-11-07,10:56:00,2023-11-13,1.4,1.4,1.4,1.4,0,25560,0
FINNIFTY13NOV2321000CE.NFO,2023-11-07,10:57:00,2023-11-13,1.4,1.4,1.4,1.4,0,25560,0
FINNIFTY13NOV2321000CE.NFO,2023-11-07,10:58:00,2023-11-13,1.4,1.4,1.4,1.4,0,25560,0
FINNIFTY13NOV2321000CE.NFO,2023-11-07,10:59:00,2023-11-13,1.4,1.5,1.4,1.5,1800,25920,0
FINNIFTY13NOV2321000CE.NFO,2023-11-07,11:00:00,2023-11-13,1.5,1.5,1.5,1.5,40,27720,0
FINNIFTY13NOV2321000CE.NFO,2023-11-07,11:01:00,2023-11-13,1.5,1.5,1.45,1.45,40,27720,0
FINNIFTY13NOV2321000CE.NFO,2023-11-07,11:02:00,2023-11-13,1.45,1.45,1.45,1.45,0,27720,0
FINNIFTY13NOV2321000CE.NFO,2023-11-07,11:03:00,2023-11-13,1.45,1.45,1.45,1.45,200,27640,0
FINNIFTY13NOV2321000CE.NFO,2023-11-07,11:04:00,2023-11-13,1.45,1.45,1.45,1.45,0,27640,0
FINNIFTY13NOV2321000CE.NFO,2023-11-07,11:05:00,2023-11-13,1.45,1.45,1.45,1.45,0,27640,0
FINNIFTY13NOV2321000CE.NFO,2023-11-07,11:06:00,2023-11-13,1.45,1.45,1.45,1.45,0,27640,0
FINNIFTY13NOV2321000CE.NFO,2023-11-07,11:07:00,2023-11-13,1.4,1.45,1.4,1.4,40,27680,0
FINNIFTY13NOV2321000CE.NFO,2023-11-07,11:08:00,2023-11-13,1.4,1.4,1.4,1.4,0,27680,0
FINNIFTY13NOV2321000CE.NFO,2023-11-07,11:09:00,2023-11-13,1.4,1.4,1.4,1.4,400,27680,0
FINNIFTY13NOV2321000CE.NFO,2023-11-07,11:10:00,2023-11-13,1.4,1.4,1.4,1.4,400,27680,1
FINNIFTY13NOV2321000CE.NFO,2023-11-07,11:11:00,2023-11-13,1.4,1.4,1.4,1.4,0,27680,0
FINNIFTY13NOV2321000CE.NFO,2023-11-07,11:12:00,2023-11-13,1.4,1.4,1.4,1.4,0,27680,0
FINNIFTY13NOV2321000CE.NFO,2023-11-07,11:13:00,2023-11-13,1.4,1.5,1.4,1.5,1680,27720,0
FINNIFTY13NOV2321000CE.NFO,2023-11-07,11:14:00,2023-11-13,1.4,1.4,1.4,1.4,120,27720,0
FINNIFTY13NOV2321000CE.NFO,2023-11-07,11:15:00,2023-11-13,1.4,1.4,1.4,1.4,0,27720,0
FINNIFTY13NOV2321000CE.NFO,2023-11-07,11:16:00,2023-11-13,1.4,1.4,1.4,1.4,0,27720,0
FINNIFTY13NOV2321000CE.NFO,2023-11-07,11:17:00,2023-11-13,1.4,1.4,1.4,1.4,0,27720,0
FINNIFTY13NOV2321000CE.NFO,2023-11-07,11:18:00,2023-11-13,1.4,1.4,1.4,1.4,0,27720,0
FINNIFTY13NOV2321000CE.NFO,2023-11-07,11:19:00,2023-11-13,1.4,1.4,1.4,1.4,0,27720,0
FINNIFTY13NOV2321000CE.NFO,2023-11-07,11:20:00,2023-11-13,1.4,1.4,1.35,1.35,80,27480,0
FINNIFTY13NOV2321000CE.NFO,2023-11-07,11:21:00,2023-11-13,1.35,1.35,1.35,1.35,0,27480,0
FINNIFTY13NOV2321000CE.NFO,2023-11-07,11:22:00,2023-11-13,1.35,1.35,1.35,1.35,240,27480,0
FINNIFTY13NOV2321000CE.NFO,2023-11-07,11:23:00,2023-11-13,1.35,1.35,1.35,1.35,0,27480,0
FINNIFTY13NOV2321000CE.NFO,2023-11-07,11:24:00,2023-11-13,1.35,1.35,1.35,1.35,0,27480,1
FINNIFTY13NOV2321000CE.NFO,2023-11-07,11:25:00,2023-11-13,1.35,1.35,1.35,1.35,0,27480,0
FINNIFTY13NOV2321000CE.NFO,2023-11-07,11:26:00,2023-11-13,1.35,1.35,1.35,1.35,0,27480,0
FINNIFTY13NOV2321000CE.NFO,2023-11-07,11:27:00,2023-11-13,1.35,1.35,1.35,1.35,0,27480,1
FINNIFTY13NOV2321000CE.NFO,2023-11-07,11:28:00,2023-11-13,1.35,1.35,1.35,1.35,0,27480,0
FINNIFTY13NOV2321000CE.NFO,2023-11-07,11:29:00,2023-11-13,1.35,1.4,1.35,1.4,560,27480,0
FINNIFTY13NOV2321000CE.NFO,2023-11-07,11:30:00,2023-11-13,1.4,1.4,1.4,1.4,0,27480,0
FINNIFTY13NOV2321000CE.NFO,2023-11-07,11:31:00,2023-11-13,1.4,1.4,1.4,1.4,0,27480,0
FINNIFTY13NOV2321000CE.NFO,2023-11-07,11:32:00,2023-11-13,1.4,1.4,1.4,1.4,0,27480,1
FINNIFTY13NOV2321000CE.NFO,2023-11-07,11:33:00,2023-11-13,1.4,1.4,1.4,1.4,0,27480,1
FINNIFTY13NOV2321000CE.NFO,2023-11-07,11:34:00,2023-11-13,1.4,1.4,1.4,1.4,0,27480,0
FINNIFTY13NOV2321000CE.NFO,2023-11-07,11:35:00,2023-11-13,1.4,1.4,1.4,1.4,0,27480,0
FINNIFTY13NOV2321000CE.NFO,2023-11-07,11:36:00,2023-11-13,1.45,1.45,1.45,1.45,0,27520,0
FINNIFTY13NOV2321000CE.NFO,2023-11-07,11:37:00,2023-11-13,1.4,1.4,1.4,1.4,0,27520,0
FINNIFTY13NOV2321000CE.NFO,2023-11-07,11:38:00,2023-11-13,1.4,1.4,1.4,1.4,0,27520,0
FINNIFTY13NOV2321000CE.NFO,2023-11-07,11:39:00,2023-11-13,1.4,1.4,1.4,1.4,0,27520,0
FINNIFTY13NOV2321000CE.NFO,2023-11-07,11:40:00,2023-11-13,1.4,1.4,1.4,1.4,120,27560,0
FINNIFTY13NOV2321000CE.NFO,2023-11-07,11:41:00,2023-11-13,1.4,1.5,1.4,1.5,560,27560,0
FINNIFTY13NOV2321000CE.NFO,2023-11-07,11:42:00,2023-11-13,1.5,1.5,1.5,1.5,3160,27520,0
FINNIFTY13NOV2321000CE.NFO,2023-11-07,11:43:00,2023-11-13,1.5,1.55,1.5,1.55,1800,27520,0
FINNIFTY13NOV2321000CE.NFO,2023-11-07,11:44:00,2023-11-13,1.55,1.55,1.5,1.5,5360,31080,0
FINNIFTY13NOV2321000CE.NFO,2023-11-07,11:45:00,2023-11-13,1.5,1.6,1.5,1.55,3360,31080,0
FINNIFTY13NOV2321000CE.NFO,2023-11-07,11:46:00,2023-11-13,1.55,1.6,1.55,1.6,2160,31080,0
FINNIFTY13NOV2321000CE.NFO,2023-11-07,11:47:00,2023-11-13,1.6,1.6,1.5,1.5,1800,31080,0
FINNIFTY13NOV2321000CE.NFO,2023-11-07,11:48:00,2023-11-13,1.5,1.6,1.5,1.6,80,30960,0
FINNIFTY13NOV2321000CE.NFO,2023-11-07,11:49:00,2023-11-13,1.6,1.6,1.6,1.6,0,30960,0
FINNIFTY13NOV2321000CE.NFO,2023-11-07,11:50:00,2023-11-13,1.6,1.6,1.6,1.6,0,30960,0
FINNIFTY13NOV2321000CE.NFO,2023-11-07,11:51:00,2023-11-13,1.6,1.6,1.6,1.6,0,30960,0
FINNIFTY13NOV2321000CE.NFO,2023-11-07,11:52:00,2023-11-13,1.6,1.6,1.6,1.6,0,30960,0
FINNIFTY13NOV2321000CE.NFO,2023-11-07,11:53:00,2023-11-13,1.6,1.6,1.6,1.6,0,30960,0
FINNIFTY13NOV2321000CE.NFO,2023-11-07,11:54:00,2023-11-13,1.6,1.6,1.6,1.6,0,30960,0
FINNIFTY13NOV2321000CE.NFO,2023-11-07,11:55:00,2023-11-13,1.6,1.6,1.45,1.45,1400,30960,0
FINNIFTY13NOV2321000CE.NFO,2023-11-07,11:56:00,2023-11-13,1.45,1.5,1.4,1.45,1280,30840,0
FINNIFTY13NOV2321000CE.NFO,2023-11-07,11:57:00,2023-11-13,1.45,1.45,1.4,1.4,200,30840,0
FINNIFTY13NOV2321000CE.NFO,2023-11-07,11:58:00,2023-11-13,1.4,1.4,1.4,1.4,600,30840,0
FINNIFTY13NOV2321000CE.NFO,2023-11-07,11:59:00,2023-11-13,1.4,1.4,1.4,1.4,360,30840,0
FINNIFTY13NOV2321000CE.NFO,2023-11-07,12:00:00,2023-11-13,1.4,1.4,1.4,1.4,240,30840,0
FINNIFTY13NOV2321000CE.NFO,2023-11-07,12:01:00,2023-11-13,1.4,1.4,1.4,1.4,120,30840,0
FINNIFTY13NOV2321000CE.NFO,2023-11-07,12:02:00,2023-11-13,1.4,1.4,1.4,1.4,40,30840,0
FINNIFTY13NOV2321000CE.NFO,2023-11-07,12:03:00,2023-11-13,1.4,1.4,1.4,1.4,0,30840,0
FINNIFTY13NOV2321000CE.NFO,2023-11-07,12:04:00,2023-11-13,1.4,1.4,1.4,1.4,0,30840,0
FINNIFTY13NOV2321000CE.NFO,2023-11-07,12:05:00,2023-11-13,1.4,1.4,1.4,1.4,0,30840,0
FINNIFTY13NOV2321000CE.NFO,2023-11-07,12:06:00,2023-11-13,1.4,1.4,1.4,1.4,0,30840,0
FINNIFTY13NOV2321000CE.NFO,2023-11-07,12:07:00,2023-11-13,1.4,1.4,1.4,1.4,0,30840,1
FINNIFTY13NOV2321000CE.NFO,2023-11-07,12:08:00,2023-11-13,1.4,1.4,1.4,1.4,40,30840,0
FINNIFTY13NOV2321000CE.NFO,2023-11-07,12:09:00,2023-11-13,1.4,1.4,1.4,1.4,0,30840,0
FINNIFTY13NOV2321000CE.NFO,2023-11-07,12:10:00,2023-11-13,1.4,1.45,1.4,1.45,400,30840,0
FINNIFTY13NOV2321000CE.NFO,2023-11-07,12:11:00,2023-11-13,1.45,1.45,1.45,1.45,0,30840,0
FINNIFTY13NOV2321000CE.NFO,2023-11-07,12:12:00,2023-11-13,1.45,1.45,1.45,1.45,0,30840,0
FINNIFTY13NOV2321000CE.NFO,2023-11-07,12:13:00,2023-11-13,1.45,1.45,1.45,1.45,0,30840,1
FINNIFTY13NOV2321000CE.NFO,2023-11-07,12:14:00,2023-11-13,1.45,1.45,1.45,1.45,0,30840,1
FINNIFTY13NOV2321000CE.NFO,2023-11-07,12:15:00,2023-11-13,1.45,1.45,1.45,1.45,0,30840,0
FINNIFTY13NOV2321000CE.NFO,2023-11-07,12:16:00,2023-11-13,1.45,1.45,1.45,1.45,0,30840,0
FINNIFTY13NOV2321000CE.NFO,2023-11-07,12:17:00,2023-11-13,1.45,1.45,1.45,1.45,0,30840,0
FINNIFTY13NOV2321000CE.NFO,2023-11-07,12:18:00,2023-11-13,1.45,1.5,1.45,1.45,1440,30840,0
FINNIFTY13NOV2321000CE.NFO,2023-11-07,12:19:00,2023-11-13,1.45,1.45,1.4,1.4,40,30840,0
FINNIFTY13NOV2321000CE.NFO,2023-11-07,12:20:00,2023-11-13,1.4,1.4,1.4,1.4,0,30840,0
FINNIFTY13NOV2321000CE.NFO,2023-11-07,12:21:00,2023-11-13,1.4,1.45,1.4,1.45,40,30800,0
FINNIFTY13NOV2321000CE.NFO,2023-11-07,12:22:00,2023-11-13,1.45,1.45,1.4,1.4,880,30800,0
FINNIFTY13NOV2321000CE.NFO,2023-11-07,12:23:00,2023-11-13,1.4,1.4,1.4,1.4,0,30800,0
FINNIFTY13NOV2321000CE.NFO,2023-11-07,12:24:00,2023-11-13,1.4,1.4,1.4,1.4,0,30800,0
FINNIFTY13NOV2321000CE.NFO,2023-11-07,12:25:00,2023-11-13,1.4,1.4,1.4,1.4,0,30800,0
FINNIFTY13NOV2321000CE.NFO,2023-11-07,12:26:00,2023-11-13,1.4,1.4,1.4,1.4,0,30800,1
FINNIFTY13NOV2321000CE.NFO,2023-11-07,12:27:00,2023-11-13,1.4,1.4,1.4,1.4,0,30800,0
FINNIFTY13NOV2321000CE.NFO,2023-11-07,12:28:00,2023-11-13,1.4,1.4,1.4,1.4,0,30800,0
FINNIFTY13NOV2321000CE.NFO,2023-11-07,12:29:00,2023-11-13,1.4,1.4,1.4,1.4,0,30800,0
FINNIFTY13NOV2321000CE.NFO,2023-11-07,12:30:00,2023-11-13,1.4,1.5,1.4,1.5,600,30800,0
FINNIFTY13NOV2321000CE.NFO,2023-11-07,12:31:00,2023-11-13,1.5,1.5,1.5,1.5,320,30800,0
FINNIFTY13NOV2321000CE.NFO,2023-11-07,12:32:00,2023-11-13,1.5,1.5,1.45,1.45,120,30800,0
FINNIFTY13NOV2321000CE.NFO,2023-11-07,12:33:00,2023-11-13,1.45,1.45,1.45,1.45,80,30800,0
FINNIFTY13NOV2321000CE.NFO,2023-11-07,12:34:00,2023-11-13,1.5,1.5,1.5,1.5,600,30800,0
FINNIFTY13NOV2321000CE.NFO,2023-11-07,12:35:00,2023-11-13,1.5,1.5,1.45,1.45,120,30800,0
FINNIFTY13NOV2321000CE.NFO,2023-11-07,12:36:00,2023-11-13,1.45,1.45,1.4,1.4,160,30760,0
FINNIFTY13NOV2321000CE.NFO,2023-11-07,12:37:00,2023-11-13,1.4,1.45,1.4,1.4,1560,30760,0
FINNIFTY13NOV2321000CE.NFO,2023-11-07,12:38:00,2023-11-13,1.4,1.4,1.4,1.4,0,30760,0
FINNIFTY13NOV2321000CE.NFO,2023-11-07,12:39:00,2023-11-13,1.4,1.4,1.4,1.4,0,30760,0
FINNIFTY13NOV2321000CE.NFO,2023-11-07,12:40:00,2023-11-13,1.4,1.4,1.4,1.4,240,31840,0
FINNIFTY13NOV2321000CE.NFO,2023-11-07,12:41:00,2023-11-13,1.4,1.45,1.4,1.45,40,31840,0
FINNIFTY13NOV2321000CE.NFO,2023-11-07,12:42:00,2023-11-13,1.45,1.45,1.45,1.45,0,31840,0
FINNIFTY13NOV2321000CE.NFO,2023-11-07,12:43:00,2023-11-13,1.45,1.45,1.45,1.45,0,31840,0
FINNIFTY13NOV2321000CE.NFO,2023-11-07,12:44:00,2023-11-13,1.45,1.45,1.45,1.45,0,31840,0
FINNIFTY13NOV2321000CE.NFO,2023-11-07,12:45:00,2023-11-13,1.45,1.45,1.4,1.4,240,31640,0
FINNIFTY13NOV2321000CE.NFO,2023-11-07,12:46:00,2023-11-13,1.4,1.45,1.35,1.35,640,31640,0
FINNIFTY13NOV2321000CE.NFO,2023-11-07,12:47:00,2023-11-13,1.35,1.35,1.3,1.3,1120,31600,0
FINNIFTY13NOV2321000CE.NFO,2023-11-07,12:48:00,2023-11-13,1.3,1.3,1.25,1.25,3560,31600,0
FINNIFTY13NOV2321000CE.NFO,2023-11-07,12:49:00,2023-11-13,1.25,1.3,1.2,1.2,760,31600,0
FINNIFTY13NOV2321000CE.NFO,2023-11-07,12:50:00,2023-11-13,1.2,1.2,1.2,1.2,480,31600,0
FINNIFTY13NOV2321000CE.NFO,2023-11-07,12:51:00,2023-11-13,1.2,1.2,1.2,1.2,480,31600,0
FINNIFTY13NOV2321000CE.NFO,2023-11-07,12:52:00,2023-11-13,1.2,1.2,1.2,1.2,160,31600,0
FINNIFTY13NOV2321000CE.NFO,2023-11-07,12:53:00,2023-11-13,1.2,1.3,1.2,1.25,2920,31600,0
FINNIFTY13NOV2321000CE.NFO,2023-11-07,12:54:00,2023-11-13,1.25,1.25,1.25,1.25,520,31600,0
FINNIFTY13NOV2321000CE.NFO,2023-11-07,12:55:00,2023-11-13,1.25,1.25,1.25,1.25,800,31600,0
FINNIFTY13NOV2321000CE.NFO,2023-11-07,12:56:00,2023-11-13,1.25,1.25,1.25,1.25,280,31600,0
FINNIFTY13NOV2321000CE.NFO,2023-11-07,12:57:00,2023-11-13,1.25,1.25,1.25,1.25,160,31600,0
FINNIFTY13NOV2321000CE.NFO,2023-11-07,12:58:00,2023-11-13,1.25,1.25,1.25,1.25,440,31600,0
FINNIFTY13NOV2321000CE.NFO,2023-11-07,12:59:00,2023-11-13,1.25,1.25,1.2,1.2,240,31600,0
FINNIFTY13NOV2321000CE.NFO,2023-11-07,13:00:00,2023-11-13,1.2,1.2,1.2,1.2,0,31600,0
FINNIFTY13NOV2321000CE.NFO,2023-11-07,13:01:00,2023-11-13,1.2,1.2,1.2,1.2,40,31800,0
FINNIFTY13NOV2321000CE.NFO,2023-11-07,13:02:00,2023-11-13,1.2,1.2,1.2,1.2,0,31800,0
FINNIFTY13NOV2321000CE.NFO,2023-11-07,13:03:00,2023-11-13,1.2,1.2,1.2,1.2,0,31800,0
FINNIFTY13NOV2321000CE.NFO,2023-11-07,13:04:00,2023-11-13,1.2,1.2,1.2,1.2,0,31800,0
FINNIFTY13NOV2321000CE.NFO,2023-11-07,13:05:00,2023-11-13,1.2,1.2,1.2,1.2,0,31800,1
FINNIFTY13NOV2321000CE.NFO,2023-11-07,13:06:00,2023-11-13,1.2,1.2,1.2,1.2,0,31800,1
FINNIFTY13NOV2321000CE.NFO,2023-11-07,13:07:00,2023-11-13,1.2,1.2,1.2,1.2,0,31800,0
FINNIFTY13NOV2321000CE.NFO,2023-11-07,13:08:00,2023-11-13,1.2,1.2,1.2,1.2,0,31800,1
FINNIFTY13NOV2321000CE.NFO,2023-11-07,13:09:00,2023-11-13,1.2,1.2,1.2,1.2,0,31800,1
FINNIFTY13NOV2321000CE.NFO,2023-11-07,13:10:00,2023-11-13,1.2,1.2,1.2,1.2,0,31800,0
FINNIFTY13NOV2321000CE.NFO,2023-11-07,13:11:00,2023-11-13,1.25,1.25,1.25,1.25,240,31840,0
FINNIFTY13NOV2321000CE.NFO,2023-11-07,13:12:00,2023-11-13,1.25,1.25,1.25,1.25,400,31600,0
FINNIFTY13NOV2321000CE.NFO,2023-11-07,13:13:00,2023-11-13,1.25,1.25,1.25,1.25,200,31600,0
FINNIFTY13NOV2321000CE.NFO,2023-11-07,13:14:00,2023-11-13,1.25,1.25,1.25,1.25,360,31600,0
FINNIFTY13NOV2321000CE.NFO,2023-11-07,13:15:00,2023-11-13,1.25,1.25,1.25,1.25,40,30960,0
FINNIFTY13NOV2321000CE.NFO,2023-11-07,13:16:00,2023-11-13,1.25,1.25,1.25,1.25,0,30960,0
FINNIFTY13NOV2321000CE.NFO,2023-11-07,13:17:00,2023-11-13,1.25,1.25,1.25,1.25,0,30960,1
FINNIFTY13NOV2321000CE.NFO,2023-11-07,13:18:00,2023-11-13,1.25,1.25,1.25,1.25,0,30960,0
FINNIFTY13NOV2321000CE.NFO,2023-11-07,13:19:00,2023-11-13,1.25,1.25,1.25,1.25,0,30960,1
FINNIFTY13NOV2321000CE.NFO,2023-11-07,13:20:00,2023-11-13,1.25,1.25,1.25,1.25,0,30960,0
FINNIFTY13NOV2321000CE.NFO,2023-11-07,13:21:00,2023-11-13,1.25,1.25,1.25,1.25,0,30960,1
FINNIFTY13NOV2321000CE.NFO,2023-11-07,13:22:00,2023-11-13,1.25,1.25,1.25,1.25,0,30960,1
FINNIFTY13NOV2321000CE.NFO,2023-11-07,13:23:00,2023-11-13,1.25,1.25,1.25,1.25,0,30960,1
FINNIFTY13NOV2321000CE.NFO,2023-11-07,13:24:00,2023-11-13,1.25,1.25,1.25,1.25,0,30960,0
FINNIFTY13NOV2321000CE.NFO,2023-11-07,13:25:00,2023-11-13,1.25,1.25,1.25,1.25,0,30960,1
FINNIFTY13NOV2321000CE.NFO,2023-11-07,13:26:00,2023-11-13,1.25,1.25,1.25,1.25,0,30960,0
FINNIFTY13NOV2321000CE.NFO,2023-11-07,13:27:00,2023-11-13,1.2,1.2,1.2,1.2,0,30960,0
FINNIFTY13NOV2321000CE.NFO,2023-11-07,13:28:00,2023-11-13,1.2,1.2,1.2,1.2,0,30960,0
FINNIFTY13NOV2321000CE.NFO,2023-11-07,13:29:00,2023-11-13,1.2,1.2,1.2,1.2,40,30960,0
FINNIFTY13NOV2321000CE.NFO,2023-11-07,13:30:00,2023-11-13,1.2,1.2,1.2,1.2,160,30960,0
FINNIFTY13NOV2321000CE.NFO,2023-11-07,13:31:00,2023-11-13,1.2,1.2,1.2,1.2,0,30960,0
FINNIFTY13NOV2321000CE.NFO,2023-11-07,13:32:00,2023-11-13,1.2,1.2,1.2,1.2,0,30960,0
FINNIFTY13NOV2321000CE.NFO,2023-11-07,13:33:00,2023-11-13,1.2,1.2,1.2,1.2,0,30960,0
FINNIFTY13NOV2321000CE.NFO,2023-11-07,13:34:00,2023-11-13,1.2,1.2,1.1,1.1,3680,30920,0
FINNIFTY13NOV2321000CE.NFO,2023-11-07,13:35:00,2023-11-13,1.1,1.1,1.1,1.1,0,30920,0
FINNIFTY13NOV2321000CE.NFO,2023-11-07,13:36:00,2023-11-13,1.1,1.1,1.1,1.1,1440,30640,0
FINNIFTY13NOV2321000CE.NFO,2023-11-07,13:37:00,2023-11-13,1.1,1.1,1.1,1.1,200,30640,0
FINNIFTY13NOV2321000CE.NFO,2023-11-07,13:38:00,2023-11-13,1.1,1.1,1.1,1.1,400,30640,0
FINNIFTY13NOV2321000CE.NFO,2023-11-07,13:39:00,2023-11-13,1.1,1.15,1.1,1.15,720,30640,0
FINNIFTY13NOV2321000CE.NFO,2023-11-07,13:40:00,2023-11-13,1.15,1.15,1.1,1.15,960,30640,0
FINNIFTY13NOV2321000CE.NFO,2023-11-07,13:41:00,2023-11-13,1.15,1.15,1.1,1.15,760,30640,0
FINNIFTY13NOV2321000CE.NFO,2023-11-07,13:42:00,2023-11-13,1.15,1.15,1.15,1.15,80,30640,0
FINNIFTY13NOV2321000CE.NFO,2023-11-07,13:43:00,2023-11-13,1.15,1.15,1.15,1.15,40,30640,0
FINNIFTY13NOV2321000CE.NFO,2023-11-07,13:44:00,2023-11-13,1.15,1.15,1.15,1.15,0,30640,0
FINNIFTY13NOV2321000CE.NFO,2023-11-07,13:45:00,2023-11-13,1.15,1.15,1.15,1.15,0,30640,0
FINNIFTY13NOV2321000CE.NFO,2023-11-07,13:46:00,2023-11-13,1.1,1.15,1.1,1.15,40,30640,0
FINNIFTY13NOV2321000CE.NFO,2023-11-07,13:47:00,2023-11-13,1.1,1.1,1.1,1.1,240,30640,0
FINNIFTY13NOV2321000CE.NFO,2023-11-07,13:48:00,2023-11-13,1.1,1.1,1.1,1.1,0,30640,0
FINNIFTY13NOV2321000CE.NFO,2023-11-07,13:49:00,2023-11-13,1.1,1.1,1.1,1.1,0,30640,0
FINNIFTY13NOV2321000CE.NFO,2023-11-07,13:50:00,2023-11-13,1.1,1.1,1.1,1.1,160,30640,0
FINNIFTY13NOV2321000CE.NFO,2023-11-07,13:51:00,2023-11-13,1.1,1.1,1.1,1.1,0,30640,0
FINNIFTY13NOV2321000CE.NFO,2023-11-07,13:52:00,2023-11-13,1.1,1.1,1.1,1.1,0,30640,0
FINNIFTY13NOV2321000CE.NFO,2023-11-07,13:53:00,2023-11-13,1.1,1.15,1.1,1.15,760,30640,0
FINNIFTY13NOV2321000CE.NFO,2023-11-07,13:54:00,2023-11-13,1.15,1.15,1.15,1.15,0,30640,0
FINNIFTY13NOV2321000CE.NFO,2023-11-07,13:55:00,2023-11-13,1.15,1.15,1.15,1.15,0,30640,0
FINNIFTY13NOV2321000CE.NFO,2023-11-07,13:56:00,2023-11-13,1.15,1.15,1.05,1.05,240,31240,0
FINNIFTY13NOV2321000CE.NFO,2023-11-07,13:57:00,2023-11-13,1.05,1.05,1.05,1.05,0,31240,0
FINNIFTY13NOV2321000CE.NFO,2023-11-07,13:58:00,2023-11-13,1.05,1.05,1.05,1.05,0,31240,0
FINNIFTY13NOV2321000CE.NFO,2023-11-07,13:59:00,2023-11-13,1.05,1.05,1.05,1.05,0,31240,0
FINNIFTY13NOV2321000CE.NFO,2023-11-07,14:00:00,2023-11-13,1.05,1.1,1.05,1.1,160,31240,0
FINNIFTY13NOV2321000CE.NFO,2023-11-07,14:01:00,2023-11-13,1.1,1.1,1.1,1.1,0,31240,0
FINNIFTY13NOV2321000CE.NFO,2023-11-07,14:02:00,2023-11-13,1.1,1.1,1.1,1.1,0,31240,0
FINNIFTY13NOV2321000CE.NFO,2023-11-07,14:03:00,2023-11-13,1.1,1.1,1.1,1.1,0,31240,1
FINNIFTY13NOV2321000CE.NFO,2023-11-07,14:04:00,2023-11-13,1.1,1.1,1.1,1.1,0,31240,1
FINNIFTY13NOV2321000CE.NFO,2023-11-07,14:05:00,2023-11-13,1.1,1.1,1.1,1.1,0,31240,0
FINNIFTY13NOV2321000CE.NFO,2023-11-07,14:06:00,2023-11-13,1.1,1.1,1.1,1.1,0,31280,0
FINNIFTY13NOV2321000CE.NFO,2023-11-07,14:07:00,2023-11-13,1.05,1.05,1.05,1.05,0,31280,0
FINNIFTY13NOV2321000CE.NFO,2023-11-07,14:08:00,2023-11-13,1.05,1.05,1.05,1.05,0,31280,0
FINNIFTY13NOV2321000CE.NFO,2023-11-07,14:09:00,2023-11-13,1.05,1.1,1.05,1.1,40,31280,0
FINNIFTY13NOV2321000CE.NFO,2023-11-07,14:10:00,2023-11-13,1.1,1.1,1.1,1.1,120,31280,0
FINNIFTY13NOV2321000CE.NFO,2023-11-07,14:11:00,2023-11-13,1.1,1.1,1.1,1.1,0,31280,0
FINNIFTY13NOV2321000CE.NFO,2023-11-07,14:12:00,2023-11-13,1.1,1.1,1.1,1.1,40,31320,0
FINNIFTY13NOV2321000CE.NFO,2023-11-07,14:13:00,2023-11-13,1.15,1.15,1.15,1.15,40,31320,0
FINNIFTY13NOV2321000CE.NFO,2023-11-07,14:14:00,2023-11-13,1.15,1.15,1.15,1.15,0,31320,0
FINNIFTY13NOV2321000CE.NFO,2023-11-07,14:15:00,2023-11-13,1.15,1.15,1.15,1.15,0,31320,0
FINNIFTY13NOV2321000CE.NFO,2023-11-07,14:16:00,2023-11-13,1.1,1.1,1.1,1.1,120,31400,0
FINNIFTY13NOV2321000CE.NFO,2023-11-07,14:17:00,2023-11-13,1.1,1.1,1.1,1.1,0,31400,0
FINNIFTY13NOV2321000CE.NFO,2023-11-07,14:18:00,2023-11-13,1.1,1.1,1.1,1.1,0,31400,1
FINNIFTY13NOV2321000CE.NFO,2023-11-07,14:19:00,2023-11-13,1.1,1.1,1.1,1.1,0,31400,1
FINNIFTY13NOV2321000CE.NFO,2023-11-07,14:20:00,2023-11-13,1.1,1.1,1.1,1.1,0,31400,0
FINNIFTY13NOV2321000CE.NFO,2023-11-07,14:21:00,2023-11-13,1.1,1.1,1.1,1.1,0,31400,1
FINNIFTY13NOV2321000CE.NFO,2023-11-07,14:22:00,2023-11-13,1.1,1.1,1.1,1.1,0,31400,1
FINNIFTY13NOV2321000CE.NFO,2023-11-07,14:23:00,2023-11-13,1.1,1.1,1.1,1.1,0,31400,1
FINNIFTY13NOV2321000CE.NFO,2023-11-07,14:24:00,2023-11-13,1.1,1.1,1.1,1.1,0,31400,0
FINNIFTY13NOV2321000CE.NFO,2023-11-07,14:25:00,2023-11-13,1.1,1.1,1.0,1.0,5120,31280,0
FINNIFTY13NOV2321000CE.NFO,2023-11-07,14:26:00,2023-11-13,1.0,1.05,1.0,1.05,320,31280,0
FINNIFTY13NOV2321000CE.NFO,2023-11-07,14:27:00,2023-11-13,1.05,1.05,1.05,1.05,1560,35240,0
FINNIFTY13NOV2321000CE.NFO,2023-11-07,14:28:00,2023-11-13,1.05,1.05,1.05,1.05,0,35240,0
FINNIFTY13NOV2321000CE.NFO,2023-11-07,14:29:00,2023-11-13,1.05,1.1,1.05,1.1,1840,35240,0
FINNIFTY13NOV2321000CE.NFO,2023-11-07,14:30:00,2023-11-13,1.1,1.1,1.1,1.1,0,35240,0
FINNIFTY13NOV2321000CE.NFO,2023-11-07,14:31:00,2023-11-13,1.1,1.1,1.1,1.1,0,35240,0
FINNIFTY13NOV2321000CE.NFO,2023-11-07,14:32:00,2023-11-13,1.1,1.1,1.1,1.1,0,35240,0
FINNIFTY13NOV2321000CE.NFO,2023-11-07,14:33:00,2023-11-13,1.1,1.1,1.1,1.1,0,35240,0
FINNIFTY13NOV2321000CE.NFO,2023-11-07,14:34:00,2023-11-13,1.1,1.1,1.1,1.1,0,35240,0
FINNIFTY13NOV2321000CE.NFO,2023-11-07,14:35:00,2023-11-13,1.1,1.15,1.1,1.15,80,32720,0
FINNIFTY13NOV2321000CE.NFO,2023-11-07,14:36:00,2023-11-13,1.1,1.1,1.1,1.1,0,32720,0
FINNIFTY13NOV2321000CE.NFO,2023-11-07,14:37:00,2023-11-13,1.1,1.1,1.1,1.1,1840,32640,0
FINNIFTY13NOV2321000CE.NFO,2023-11-07,14:38:00,2023-11-13,1.1,1.1,1.1,1.1,1920,32640,0
FINNIFTY13NOV2321000CE.NFO,2023-11-07,14:39:00,2023-11-13,1.1,1.1,1.1,1.1,80,28960,0
FINNIFTY13NOV2321000CE.NFO,2023-11-07,14:40:00,2023-11-13,1.1,1.1,1.1,1.1,80,28960,1
FINNIFTY13NOV2321000CE.NFO,2023-11-07,14:41:00,2023-11-13,1.1,1.1,1.1,1.1,0,28960,0
FINNIFTY13NOV2321000CE.NFO,2023-11-07,14:42:00,2023-11-13,1.1,1.1,1.1,1.1,0,28960,0
FINNIFTY13NOV2321000CE.NFO,2023-11-07,14:43:00,2023-11-13,1.1,1.1,1.1,1.1,0,28960,0
FINNIFTY13NOV2321000CE.NFO,2023-11-07,14:44:00,2023-11-13,1.1,1.15,1.1,1.15,240,28880,0
FINNIFTY13NOV2321000CE.NFO,2023-11-07,14:45:00,2023-11-13,1.15,1.15,1.15,1.15,160,28880,0
FINNIFTY13NOV2321000CE.NFO,2023-11-07,14:46:00,2023-11-13,1.15,1.15,1.15,1.15,160,28880,1
FINNIFTY13NOV2321000CE.NFO,2023-11-07,14:47:00,2023-11-13,1.15,1.15,1.15,1.15,160,28880,1
FINNIFTY13NOV2321000CE.NFO,2023-11-07,14:48:00,2023-11-13,1.15,1.15,1.15,1.15,1560,28880,0
FINNIFTY13NOV2321000CE.NFO,2023-11-07,14:49:00,2023-11-13,1.15,1.15,1.15,1.15,0,28880,0
FINNIFTY13NOV2321000CE.NFO,2023-11-07,14:50:00,2023-11-13,1.15,1.15,1.15,1.15,80,28880,0
FINNIFTY13NOV2321000CE.NFO,2023-11-07,14:51:00,2023-11-13,1.15,1.15,1.15,1.15,0,28880,0
FINNIFTY13NOV2321000CE.NFO,2023-11-07,14:52:00,2023-11-13,1.15,1.15,1.15,1.15,960,27280,0
FINNIFTY13NOV2321000CE.NFO,2023-11-07,14:53:00,2023-11-13,1.15,1.15,1.15,1.15,960,27280,1
FINNIFTY13NOV2321000CE.NFO,2023-11-07,14:54:00,2023-11-13,1.15,1.2,1.15,1.2,400,27280,0
FINNIFTY13NOV2321000CE.NFO,2023-11-07,14:55:00,2023-11-13,1.2,1.2,1.2,1.2,0,27280,0
FINNIFTY13NOV2321000CE.NFO,2023-11-07,14:56:00,2023-11-13,1.2,1.2,1.2,1.2,0,27280,1
FINNIFTY13NOV2321000CE.NFO,2023-11-07,14:57:00,2023-11-13,1.2,1.2,1.2,1.2,0,27280,1
FINNIFTY13NOV2321000CE.NFO,2023-11-07,14:58:00,2023-11-13,1.15,1.15,1.15,1.15,40,26320,0
FINNIFTY13NOV2321000CE.NFO,2023-11-07,14:59:00,2023-11-13,1.15,1.15,1.15,1.15,0,26320,0
FINNIFTY13NOV2321000CE.NFO,2023-11-07,15:00:00,2023-11-13,1.1,1.1,1.1,1.1,40,25320,0
FINNIFTY13NOV2321000CE.NFO,2023-11-07,15:01:00,2023-11-13,1.1,1.1,1.1,1.1,0,25320,0
FINNIFTY13NOV2321000CE.NFO,2023-11-07,15:02:00,2023-11-13,1.1,1.1,1.1,1.1,0,25320,0
FINNIFTY13NOV2321000CE.NFO,2023-11-07,15:03:00,2023-11-13,1.1,1.1,1.1,1.1,0,25320,0
FINNIFTY13NOV2321000CE.NFO,2023-11-07,15:04:00,2023-11-13,1.1,1.1,1.1,1.1,0,25320,0
FINNIFTY13NOV2321000CE.NFO,2023-11-07,15:05:00,2023-11-13,1.1,1.1,1.1,1.1,0,25320,0
FINNIFTY13NOV2321000CE.NFO,2023-11-07,15:06:00,2023-11-13,1.1,1.1,1.1,1.1,0,25320,0
FINNIFTY13NOV2321000CE.NFO,2023-11-07,15:07:00,2023-11-13,1.1,1.1,1.1,1.1,0,25320,0
FINNIFTY13NOV2321000CE.NFO,2023-11-07,15:08:00,2023-11-13,1.1,1.15,1.1,1.15,800,25280,0
FINNIFTY13NOV2321000CE.NFO,2023-11-07,15:09:00,2023-11-13,1.15,1.2,1.15,1.2,4000,25280,0
FINNIFTY13NOV2321000CE.NFO,2023-11-07,15:10:00,2023-11-13,1.25,1.25,1.25,1.25,1040,25320,0
FINNIFTY13NOV2321000CE.NFO,2023-11-07,15:11:00,2023-11-13,1.25,1.35,1.25,1.35,2720,25320,0
FINNIFTY13NOV2321000CE.NFO,2023-11-07,15:12:00,2023-11-13,1.35,1.35,1.35,1.35,480,24760,0
FINNIFTY13NOV2321000CE.NFO,2023-11-07,15:13:00,2023-11-13,1.35,1.4,1.35,1.4,1320,24760,0
FINNIFTY13NOV2321000CE.NFO,2023-11-07,15:14:00,2023-11-13,1.4,1.5,1.4,1.4,2240,24760,0
FINNIFTY13NOV2321000CE.NFO,2023-11-07,15:15:00,2023-11-13,1.45,1.45,1.25,1.45,3880,23880,0
FINNIFTY13NOV2321000CE.NFO,2023-11-07,15:16:00,2023-11-13,1.45,1.45,1.3,1.35,1240,23880,0
FINNIFTY13NOV2321000CE.NFO,2023-11-07,15:17:00,2023-11-13,1.35,1.35,1.35,1.35,160,23880,0
FINNIFTY13NOV2321000CE.NFO,2023-11-07,15:18:00,2023-11-13,1.35,1.35,1.35,1.35,0,23880,0
FINNIFTY13NOV2321000CE.NFO,2023-11-07,15:19:00,2023-11-13,1.35,1.35,1.25,1.25,680,24320,0
FINNIFTY13NOV2321000CE.NFO,2023-11-07,15:20:00,2023-11-13,1.25,1.25,1.2,1.2,1320,24320,0
FINNIFTY13NOV2321000CE.NFO,2023-11-07,15:21:00,2023-11-13,1.2,1.2,1.1,1.1,1240,24200,0
FINNIFTY13NOV2321000CE.NFO,2023-11-07,15:22:00,2023-11-13,1.1,1.2,1.1,1.15,1040,24200,0
FINNIFTY13NOV2321000CE.NFO,2023-11-07,15:23:00,2023-11-13,1.15,1.15,1.1,1.1,360,24200,0
FINNIFTY13NOV2321000CE.NFO,2023-11-07,15:24:00,2023-11-13,1.1,1.15,1.1,1.15,640,24080,0
FINNIFTY13NOV2321000CE.NFO,2023-11-07,15:25:00,2023-11-13,1.15,1.15,1.15,1.15,2120,24080,0
FINNIFTY13NOV2321000CE.NFO,2023-11-07,15:26:00,2023-11-13,1.15,1.25,1.1,1.2,1000,24080,0
FINNIFTY13NOV2321000CE.NFO,2023-11-07,15:27:00,2023-11-13,1.2,1.3,1.2,1.25,600,24480,0
FINNIFTY13NOV2321000CE.NFO,2023-11-07,15:28:00,2023-11-13,1.25,1.3,1.15,1.15,240,24480,0
FINNIFTY13NOV2321000CE.NFO,2023-11-07,15:29:00,2023-11-13,1.15,1.3,1.15,1.25,1120,24480,0
FINNIFTY13NOV2321000CE.NFO,2023-11-07,15:30:00,2023-11-13,1.25,1.25,1.25,1.25,1120,24480,1
FINNIFTY13NOV2321000CE.NFO,2023-11-08,09:15:00,2023-11-13,1.3,1.5,1.15,1.5,200,24200,0
FINNIFTY13NOV2321000CE.NFO,2023-11-08,09:16:00,2023-11-13,1.5,1.5,1.25,1.25,1440,24200,0
FINNIFTY13NOV2321000CE.NFO,2023-11-08,09:17:00,2023-11-13,1.25,1.45,1.25,1.45,120,24200,0
FINNIFTY13NOV2321000CE.NFO,2023-11-08,09:18:00,2023-11-13,1.45,1.45,1.4,1.4,840,24200,0
FINNIFTY13NOV2321000CE.NFO,2023-11-08,09:19:00,2023-11-13,1.4,1.4,1.35,1.35,1480,24200,0
FINNIFTY13NOV2321000CE.NFO,2023-11-08,09:20:00,2023-11-13,1.45,1.45,1.4,1.4,960,24680,0
FINNIFTY13NOV2321000CE.NFO,2023-11-08,09:21:00,2023-11-13,1.4,1.45,1.4,1.45,520,24680,0
FINNIFTY13NOV2321000CE.NFO,2023-11-08,09:22:00,2023-11-13,1.45,1.45,1.4,1.45,320,24680,0
FINNIFTY13NOV2321000CE.NFO,2023-11-08,09:23:00,2023-11-13,1.45,1.45,1.4,1.4,400,25240,0
FINNIFTY13NOV2321000CE.NFO,2023-11-08,09:24:00,2023-11-13,1.4,1.4,1.4,1.4,0,25240,0
FINNIFTY13NOV2321000CE.NFO,2023-11-08,09:25:00,2023-11-13,1.4,1.4,1.4,1.4,240,25240,0
FINNIFTY13NOV2321000CE.NFO,2023-11-08,09:26:00,2023-11-13,1.4,1.4,1.35,1.35,1120,25320,0
FINNIFTY13NOV2321000CE.NFO,2023-11-08,09:27:00,2023-11-13,1.35,1.35,1.3,1.35,1920,25320,0
FINNIFTY13NOV2321000CE.NFO,2023-11-08,09:28:00,2023-11-13,1.35,1.35,1.3,1.35,2360,25320,0
FINNIFTY13NOV2321000CE.NFO,2023-11-08,09:29:00,2023-11-13,1.35,1.35,1.3,1.35,520,25560,0
FINNIFTY13NOV2321000CE.NFO,2023-11-08,09:30:00,2023-11-13,1.35,1.4,1.3,1.4,1560,25560,0
FINNIFTY13NOV2321000CE.NFO,2023-11-08,09:31:00,2023-11-13,1.4,1.65,1.4,1.65,7400,25560,0
FINNIFTY13NOV2321000CE.NFO,2023-11-08,09:32:00,2023-11-13,1.65,1.8,1.6,1.6,6280,27280,0
FINNIFTY13NOV2321000CE.NFO,2023-11-08,09:33:00,2023-11-13,1.6,1.6,1.6,1.6,160,27280,0
FINNIFTY13NOV2321000CE.NFO,2023-11-08,09:34:00,2023-11-13,1.6,1.65,1.6,1.6,1240,27280,0
FINNIFTY13NOV2321000CE.NFO,2023-11-08,09:35:00,2023-11-13,1.6,1.6,1.55,1.55,360,27280,0
FINNIFTY13NOV2321000CE.NFO,2023-11-08,09:36:00,2023-11-13,1.55,1.6,1.55,1.6,80,28280,0
FINNIFTY13NOV2321000CE.NFO,2023-11-08,09:37:00,2023-11-13,1.6,1.6,1.55,1.55,2160,28280,0
FINNIFTY13NOV2321000CE.NFO,2023-11-08,09:38:00,2023-11-13,1.55,1.55,1.55,1.55,160,29360,0
FINNIFTY13NOV2321000CE.NFO,2023-11-08,09:39:00,2023-11-13,1.55,1.55,1.55,1.55,40,29360,0
FINNIFTY13NOV2321000CE.NFO,2023-11-08,09:40:00,2023-11-13,1.55,1.55,1.55,1.55,200,29360,0
FINNIFTY13NOV2321000CE.NFO,2023-11-08,09:41:00,2023-11-13,1.55,1.55,1.55,1.55,600,29360,0
FINNIFTY13NOV2321000CE.NFO,2023-11-08,09:42:00,2023-11-13,1.55,1.55,1.55,1.55,0,29360,0
FINNIFTY13NOV2321000CE.NFO,2023-11-08,09:43:00,2023-11-13,1.55,1.55,1.55,1.55,0,29360,0
FINNIFTY13NOV2321000CE.NFO,2023-11-08,09:44:00,2023-11-13,1.55,1.6,1.55,1.6,40,29600,0
FINNIFTY13NOV2321000CE.NFO,2023-11-08,09:45:00,2023-11-13,1.6,1.6,1.6,1.6,0,29600,0
FINNIFTY13NOV2321000CE.NFO,2023-11-08,09:46:00,2023-11-13,1.6,1.6,1.6,1.6,0,29600,0
FINNIFTY13NOV2321000CE.NFO,2023-11-08,09:47:00,2023-11-13,1.6,1.6,1.5,1.55,480,29640,0
FINNIFTY13NOV2321000CE.NFO,2023-11-08,09:48:00,2023-11-13,1.55,1.6,1.5,1.6,1920,29640,0
FINNIFTY13NOV2321000CE.NFO,2023-11-08,09:49:00,2023-11-13,1.6,1.6,1.6,1.6,0,29640,0
FINNIFTY13NOV2321000CE.NFO,2023-11-08,09:50:00,2023-11-13,1.6,1.6,1.6,1.6,80,31360,0
FINNIFTY13NOV2321000CE.NFO,2023-11-08,09:51:00,2023-11-13,1.6,1.6,1.6,1.6,0,31360,0
FINNIFTY13NOV2321000CE.NFO,2023-11-08,09:52:00,2023-11-13,1.6,1.6,1.6,1.6,0,31360,0
FINNIFTY13NOV2321000CE.NFO,2023-11-08,09:53:00,2023-11-13,1.6,1.6,1.6,1.6,0,31360,0
FINNIFTY13NOV2321000CE.NFO,2023-11-08,09:54:00,2023-11-13,1.6,1.6,1.6,1.6,0,31360,0
FINNIFTY13NOV2321000CE.NFO,2023-11-08,09:55:00,2023-11-13,1.55,1.55,1.55,1.55,40,31400,0
FINNIFTY13NOV2321000CE.NFO,2023-11-08,09:56:00,2023-11-13,1.55,1.55,1.55,1.55,40,31400,0
FINNIFTY13NOV2321000CE.NFO,2023-11-08,09:57:00,2023-11-13,1.55,1.55,1.55,1.55,480,31360,0
FINNIFTY13NOV2321000CE.NFO,2023-11-08,09:58:00,2023-11-13,1.55,1.55,1.55,1.55,0,31360,0
FINNIFTY13NOV2321000CE.NFO,2023-11-08,09:59:00,2023-11-13,1.55,1.55,1.55,1.55,0,31360,0
FINNIFTY13NOV2321000CE.NFO,2023-11-08,10:00:00,2023-11-13,1.55,1.55,1.55,1.55,40,31640,0
FINNIFTY13NOV2321000CE.NFO,2023-11-08,10:01:00,2023-11-13,1.55,1.6,1.55,1.55,240,31640,0
FINNIFTY13NOV2321000CE.NFO,2023-11-08,10:02:00,2023-11-13,1.55,1.55,1.55,1.55,0,31640,0
FINNIFTY13NOV2321000CE.NFO,2023-11-08,10:03:00,2023-11-13,1.55,1.55,1.55,1.55,0,31640,0
FINNIFTY13NOV2321000CE.NFO,2023-11-08,10:04:00,2023-11-13,1.55,1.6,1.55,1.6,120,31800,0
FINNIFTY13NOV2321000CE.NFO,2023-11-08,10:05:00,2023-11-13,1.6,1.6,1.6,1.6,0,31800,0
FINNIFTY13NOV2321000CE.NFO,2023-11-08,10:06:00,2023-11-13,1.6,1.6,1.6,1.6,0,31800,0
FINNIFTY13NOV2321000CE.NFO,2023-11-08,10:07:00,2023-11-13,1.6,1.6,1.6,1.6,0,31800,0
FINNIFTY13NOV2321000CE.NFO,2023-11-08,10:08:00,2023-11-13,1.6,1.6,1.5,1.5,560,31920,0
FINNIFTY13NOV2321000CE.NFO,2023-11-08,10:09:00,2023-11-13,1.5,1.55,1.5,1.55,560,31920,0
FINNIFTY13NOV2321000CE.NFO,2023-11-08,10:10:00,2023-11-13,1.55,1.55,1.55,1.55,40,31920,0
FINNIFTY13NOV2321000CE.NFO,2023-11-08,10:11:00,2023-11-13,1.55,1.55,1.55,1.55,0,31920,0
FINNIFTY13NOV2321000CE.NFO,2023-11-08,10:12:00,2023-11-13,1.55,1.6,1.55,1.6,1160,31920,0
FINNIFTY13NOV2321000CE.NFO,2023-11-08,10:13:00,2023-11-13,1.6,1.6,1.6,1.6,360,31920,0
FINNIFTY13NOV2321000CE.NFO,2023-11-08,10:14:00,2023-11-13,1.6,1.6,1.55,1.6,1640,32600,0
FINNIFTY13NOV2321000CE.NFO,2023-11-08,10:15:00,2023-11-13,1.6,1.65,1.6,1.65,320,32600,0
FINNIFTY13NOV2321000CE.NFO,2023-11-08,10:16:00,2023-11-13,1.65,1.65,1.65,1.65,200,32600,0
FINNIFTY13NOV2321000CE.NFO,2023-11-08,10:17:00,2023-11-13,1.65,1.65,1.65,1.65,80,32600,0
FINNIFTY13NOV2321000CE.NFO,2023-11-08,10:18:00,2023-11-13,1.65,1.65,1.65,1.65,40,34240,0
FINNIFTY13NOV2321000CE.NFO,2023-11-08,10:19:00,2023-11-13,1.65,1.65,1.65,1.65,360,34240,0
FINNIFTY13NOV2321000CE.NFO,2023-11-08,10:20:00,2023-11-13,1.65,1.65,1.65,1.65,320,34880,0
FINNIFTY13NOV2321000CE.NFO,2023-11-08,10:21:00,2023-11-13,1.65,1.65,1.65,1.65,320,34880,0
FINNIFTY13NOV2321000CE.NFO,2023-11-08,10:22:00,2023-11-13,1.65,1.7,1.65,1.65,1240,34880,0
FINNIFTY13NOV2321000CE.NFO,2023-11-08,10:23:00,2023-11-13,1.65,1.7,1.65,1.65,2320,36160,0
FINNIFTY13NOV2321000CE.NFO,2023-11-08,10:24:00,2023-11-13,1.65,1.65,1.65,1.65,80,36160,0
FINNIFTY13NOV2321000CE.NFO,2023-11-08,10:25:00,2023-11-13,1.65,1.65,1.65,1.65,1520,36160,0
FINNIFTY13NOV2321000CE.NFO,2023-11-08,10:26:00,2023-11-13,1.65,1.65,1.65,1.65,0,36160,0
FINNIFTY13NOV2321000CE.NFO,2023-11-08,10:27:00,2023-11-13,1.65,1.65,1.65,1.65,520,38280,0
FINNIFTY13NOV2321000CE.NFO,2023-11-08,10:28:00,2023-11-13,1.65,1.65,1.65,1.65,560,38280,0
FINNIFTY13NOV2321000CE.NFO,2023-11-08,10:29:00,2023-11-13,1.65,1.65,1.65,1.65,0,38280,0
FINNIFTY13NOV2321000CE.NFO,2023-11-08,10:30:00,2023-11-13,1.65,1.65,1.65,1.65,400,38280,0
FINNIFTY13NOV2321000CE.NFO,2023-11-08,10:31:00,2023-11-13,1.65,1.65,1.65,1.65,40,38280,0
FINNIFTY13NOV2321000CE.NFO,2023-11-08,10:32:00,2023-11-13,1.65,1.65,1.55,1.55,6360,38360,0
FINNIFTY13NOV2321000CE.NFO,2023-11-08,10:33:00,2023-11-13,1.55,1.55,1.5,1.55,760,38360,0
FINNIFTY13NOV2321000CE.NFO,2023-11-08,10:34:00,2023-11-13,1.55,1.6,1.5,1.6,1200,38360,0
FINNIFTY13NOV2321000CE.NFO,2023-11-08,10:35:00,2023-11-13,1.6,1.6,1.45,1.45,1640,34320,0
FINNIFTY13NOV2321000CE.NFO,2023-11-08,10:36:00,2023-11-13,1.45,1.5,1.45,1.5,1640,34320,0
FINNIFTY13NOV2321000CE.NFO,2023-11-08,10:37:00,2023-11-13,1.5,1.5,1.5,1.5,0,34320,0
FINNIFTY13NOV2321000CE.NFO,2023-11-08,10:38:00,2023-11-13,1.5,1.5,1.45,1.45,320,34320,0
FINNIFTY13NOV2321000CE.NFO,2023-11-08,10:39:00,2023-11-13,1.45,1.45,1.45,1.45,720,34400,0
FINNIFTY13NOV2321000CE.NFO,2023-11-08,10:40:00,2023-11-13,1.45,1.45,1.45,1.45,0,34400,0
FINNIFTY13NOV2321000CE.NFO,2023-11-08,10:41:00,2023-11-13,1.45,1.45,1.45,1.45,0,34400,0
FINNIFTY13NOV2321000CE.NFO,2023-11-08,10:42:00,2023-11-13,1.45,1.45,1.45,1.45,0,34400,0
FINNIFTY13NOV2321000CE.NFO,2023-11-08,10:43:00,2023-11-13,1.45,1.45,1.45,1.45,0,34400,0
FINNIFTY13NOV2321000CE.NFO,2023-11-08,10:44:00,2023-11-13,1.45,1.45,1.45,1.45,0,34400,0
FINNIFTY13NOV2321000CE.NFO,2023-11-08,10:45:00,2023-11-13,1.45,1.5,1.45,1.45,840,34400,0
FINNIFTY13NOV2321000CE.NFO,2023-11-08,10:46:00,2023-11-13,1.45,1.45,1.45,1.45,0,34400,0
FINNIFTY13NOV2321000CE.NFO,2023-11-08,10:47:00,2023-11-13,1.45,1.45,1.45,1.45,0,34400,0
FINNIFTY13NOV2321000CE.NFO,2023-11-08,10:48:00,2023-11-13,1.45,1.55,1.45,1.45,480,34240,0
FINNIFTY13NOV2321000CE.NFO,2023-11-08,10:49:00,2023-11-13,1.45,1.55,1.45,1.55,400,34240,0
FINNIFTY13NOV2321000CE.NFO,2023-11-08,10:50:00,2023-11-13,1.55,1.55,1.55,1.55,0,34240,0
FINNIFTY13NOV2321000CE.NFO,2023-11-08,10:51:00,2023-11-13,1.5,1.5,1.5,1.5,160,34280,0
FINNIFTY13NOV2321000CE.NFO,2023-11-08,10:52:00,2023-11-13,1.5,1.5,1.5,1.5,160,34280,0
FINNIFTY13NOV2321000CE.NFO,2023-11-08,10:53:00,2023-11-13,1.5,1.5,1.5,1.5,0,34280,0
FINNIFTY13NOV2321000CE.NFO,2023-11-08,10:54:00,2023-11-13,1.5,1.5,1.5,1.5,160,34360,0
FINNIFTY13NOV2321000CE.NFO,2023-11-08,10:55:00,2023-11-13,1.5,1.6,1.5,1.55,1520,34360,0
FINNIFTY13NOV2321000CE.NFO,2023-11-08,10:56:00,2023-11-13,1.55,1.55,1.5,1.5,40,34360,0
FINNIFTY13NOV2321000CE.NFO,2023-11-08,10:57:00,2023-11-13,1.5,1.5,1.5,1.5,0,34360,0
FINNIFTY13NOV2321000CE.NFO,2023-11-08,10:58:00,2023-11-13,1.5,1.5,1.5,1.5,0,34360,0
FINNIFTY13NOV2321000CE.NFO,2023-11-08,10:59:00,2023-11-13,1.5,1.5,1.5,1.5,0,34360,0
FINNIFTY13NOV2321000CE.NFO,2023-11-08,11:00:00,2023-11-13,1.6,1.6,1.6,1.6,0,34480,0
FINNIFTY13NOV2321000CE.NFO,2023-11-08,11:01:00,2023-11-13,1.6,1.6,1.6,1.6,0,34480,0
FINNIFTY13NOV2321000CE.NFO,2023-11-08,11:02:00,2023-11-13,1.6,1.6,1.55,1.55,800,35160,0
FINNIFTY13NOV2321000CE.NFO,2023-11-08,11:03:00,2023-11-13,1.55,1.6,1.55,1.6,200,35160,0
FINNIFTY13NOV2321000CE.NFO,2023-11-08,11:04:00,2023-11-13,1.6,1.6,1.6,1.6,0,35160,0
FINNIFTY13NOV2321000CE.NFO,2023-11-08,11:05:00,2023-11-13,1.6,1.65,1.6,1.65,120,35160,0
FINNIFTY13NOV2321000CE.NFO,2023-11-08,11:06:00,2023-11-13,1.65,1.65,1.6,1.6,400,35160,0
FINNIFTY13NOV2321000CE.NFO,2023-11-08,11:07:00,2023-11-13,1.6,1.6,1.6,1.6,720,35160,0
FINNIFTY13NOV2321000CE.NFO,2023-11-08,11:08:00,2023-11-13,1.6,1.6,1.6,1.6,0,35160,0
FINNIFTY13NOV2321000CE.NFO,2023-11-08,11:09:00,2023-11-13,1.6,1.6,1.6,1.6,0,35160,0
FINNIFTY13NOV2321000CE.NFO,2023-11-08,11:10:00,2023-11-13,1.6,1.7,1.6,1.7,1240,35360,0
FINNIFTY13NOV2321000CE.NFO,2023-11-08,11:11:00,2023-11-13,1.7,1.7,1.7,1.7,680,35360,0
FINNIFTY13NOV2321000CE.NFO,2023-11-08,11:12:00,2023-11-13,1.7,1.7,1.7,1.7,200,36600,0
FINNIFTY13NOV2321000CE.NFO,2023-11-08,11:13:00,2023-11-13,1.7,1.7,1.65,1.65,240,36600,0
FINNIFTY13NOV2321000CE.NFO,2023-11-08,11:14:00,2023-11-13,1.65,1.75,1.65,1.75,3200,36600,0
FINNIFTY13NOV2321000CE.NFO,2023-11-08,11:15:00,2023-11-13,1.75,1.75,1.6,1.6,1720,37360,0
FINNIFTY13NOV2321000CE.NFO,2023-11-08,11:16:00,2023-11-13,1.6,1.65,1.6,1.6,440,37360,0
FINNIFTY13NOV2321000CE.NFO,2023-11-08,11:17:00,2023-11-13,1.6,1.6,1.6,1.6,320,37360,0
FINNIFTY13NOV2321000CE.NFO,2023-11-08,11:18:00,2023-11-13,1.6,1.6,1.6,1.6,120,37360,0
FINNIFTY13NOV2321000CE.NFO,2023-11-08,11:19:00,2023-11-13,1.6,1.65,1.6,1.65,2800,37360,0
FINNIFTY13NOV2321000CE.NFO,2023-11-08,11:20:00,2023-11-13,1.65,1.7,1.65,1.7,560,37320,0
FINNIFTY13NOV2321000CE.NFO,2023-11-08,11:21:00,2023-11-13,1.7,1.7,1.65,1.65,920,37320,0
FINNIFTY13NOV2321000CE.NFO,2023-11-08,11:22:00,2023-11-13,1.65,1.7,1.65,1.7,160,37320,0
FINNIFTY13NOV2321000CE.NFO,2023-11-08,11:23:00,2023-11-13,1.65,1.65,1.65,1.65,640,37320,0
FINNIFTY13NOV2321000CE.NFO,2023-11-08,11:24:00,2023-11-13,1.65,1.65,1.65,1.65,0,37320,0
FINNIFTY13NOV2321000CE.NFO,2023-11-08,11:25:00,2023-11-13,1.65,1.65,1.65,1.65,0,37320,0
FINNIFTY13NOV2321000CE.NFO,2023-11-08,11:26:00,2023-11-13,1.65,1.7,1.65,1.7,680,37280,0
FINNIFTY13NOV2321000CE.NFO,2023-11-08,11:27:00,2023-11-13,1.7,1.7,1.7,1.7,0,37280,0
FINNIFTY13NOV2321000CE.NFO,2023-11-08,11:28:00,2023-11-13,1.7,1.7,1.65,1.65,80,37280,0
FINNIFTY13NOV2321000CE.NFO,2023-11-08,11:29:00,2023-11-13,1.65,1.65,1.65,1.65,0,37280,0
FINNIFTY13NOV2321000CE.NFO,2023-11-08,11:30:00,2023-11-13,1.65,1.65,1.65,1.65,0,37280,0
FINNIFTY13NOV2321000CE.NFO,2023-11-08,11:31:00,2023-11-13,1.65,1.7,1.6,1.6,80,37360,0
FINNIFTY13NOV2321000CE.NFO,2023-11-08,11:32:00,2023-11-13,1.6,1.6,1.6,1.6,0,37360,0
FINNIFTY13NOV2321000CE.NFO,2023-11-08,11:33:00,2023-11-13,1.6,1.65,1.6,1.65,40,37360,0
FINNIFTY13NOV2321000CE.NFO,2023-11-08,11:34:00,2023-11-13,1.65,1.7,1.65,1.7,320,37360,0
FINNIFTY13NOV2321000CE.NFO,2023-11-08,11:35:00,2023-11-13,1.7,1.7,1.7,1.7,520,37360,0
FINNIFTY13NOV2321000CE.NFO,2023-11-08,11:36:00,2023-11-13,1.7,1.7,1.65,1.65,320,37360,0
FINNIFTY13NOV2321000CE.NFO,2023-11-08,11:37:00,2023-11-13,1.65,1.65,1.65,1.65,0,37360,0
FINNIFTY13NOV2321000CE.NFO,2023-11-08,11:38:00,2023-11-13,1.65,1.65,1.65,1.65,0,37360,0
FINNIFTY13NOV2321000CE.NFO,2023-11-08,11:39:00,2023-11-13,1.65,1.65,1.65,1.65,80,37520,0
FINNIFTY13NOV2321000CE.NFO,2023-11-08,11:40:00,2023-11-13,1.65,1.65,1.65,1.65,80,37520,0
FINNIFTY13NOV2321000CE.NFO,2023-11-08,11:41:00,2023-11-13,1.65,1.65,1.65,1.65,0,37520,0
FINNIFTY13NOV2321000CE.NFO,2023-11-08,11:42:00,2023-11-13,1.6,1.6,1.6,1.6,840,37520,0
FINNIFTY13NOV2321000CE.NFO,2023-11-08,11:43:00,2023-11-13,1.6,1.65,1.6,1.65,280,37520,0
FINNIFTY13NOV2321000CE.NFO,2023-11-08,11:44:00,2023-11-13,1.65,1.65,1.65,1.65,320,37520,0
FINNIFTY13NOV2321000CE.NFO,2023-11-08,11:45:00,2023-11-13,1.65,1.65,1.65,1.65,0,37520,0
FINNIFTY13NOV2321000CE.NFO,2023-11-08,11:46:00,2023-11-13,1.65,1.65,1.65,1.65,0,37520,0
FINNIFTY13NOV2321000CE.NFO,2023-11-08,11:47:00,2023-11-13,1.65,1.65,1.6,1.6,120,37360,0
FINNIFTY13NOV2321000CE.NFO,2023-11-08,11:48:00,2023-11-13,1.6,1.65,1.6,1.65,40,37360,0
FINNIFTY13NOV2321000CE.NFO,2023-11-08,11:49:00,2023-11-13,1.65,1.65,1.65,1.65,0,37360,0
FINNIFTY13NOV2321000CE.NFO,2023-11-08,11:50:00,2023-11-13,1.65,1.65,1.65,1.65,40,37360,0
FINNIFTY13NOV2321000CE.NFO,2023-11-08,11:51:00,2023-11-13,1.65,1.65,1.65,1.65,4800,37360,0
FINNIFTY13NOV2321000CE.NFO,2023-11-08,11:52:00,2023-11-13,1.65,1.7,1.65,1.7,2240,37360,0
FINNIFTY13NOV2321000CE.NFO,2023-11-08,11:53:00,2023-11-13,1.7,1.7,1.65,1.7,920,37360,0
FINNIFTY13NOV2321000CE.NFO,2023-11-08,11:54:00,2023-11-13,1.7,1.7,1.65,1.65,600,37880,0
FINNIFTY13NOV2321000CE.NFO,2023-11-08,11:55:00,2023-11-13,1.65,1.65,1.65,1.65,0,37880,0
FINNIFTY13NOV2321000CE.NFO,2023-11-08,11:56:00,2023-11-13,1.65,1.7,1.65,1.7,2120,38600,0
FINNIFTY13NOV2321000CE.NFO,2023-11-08,11:57:00,2023-11-13,1.7,1.7,1.7,1.7,1640,38600,0
FINNIFTY13NOV2321000CE.NFO,2023-11-08,11:58:00,2023-11-13,1.7,1.7,1.6,1.65,11960,38600,0
FINNIFTY13NOV2321000CE.NFO,2023-11-08,11:59:00,2023-11-13,1.65,1.65,1.55,1.6,3520,47920,0
FINNIFTY13NOV2321000CE.NFO,2023-11-08,12:00:00,2023-11-13,1.6,1.6,1.55,1.55,2040,47920,0
FINNIFTY13NOV2321000CE.NFO,2023-11-08,12:01:00,2023-11-13,1.55,1.55,1.55,1.55,1240,47920,0
FINNIFTY13NOV2321000CE.NFO,2023-11-08,12:02:00,2023-11-13,1.55,1.6,1.55,1.6,120,49640,0
FINNIFTY13NOV2321000CE.NFO,2023-11-08,12:03:00,2023-11-13,1.6,1.6,1.6,1.6,0,49640,0
FINNIFTY13NOV2321000CE.NFO,2023-11-08,12:04:00,2023-11-13,1.6,1.6,1.6,1.6,0,49640,0
FINNIFTY13NOV2321000CE.NFO,2023-11-08,12:05:00,2023-11-13,1.6,1.6,1.6,1.6,0,49640,0
FINNIFTY13NOV2321000CE.NFO,2023-11-08,12:06:00,2023-11-13,1.6,1.6,1.6,1.6,0,49640,0
FINNIFTY13NOV2321000CE.NFO,2023-11-08,12:07:00,2023-11-13,1.6,1.6,1.55,1.6,240,49640,0
FINNIFTY13NOV2321000CE.NFO,2023-11-08,12:08:00,2023-11-13,1.6,1.6,1.6,1.6,0,49640,0
FINNIFTY13NOV2321000CE.NFO,2023-11-08,12:09:00,2023-11-13,1.6,1.6,1.6,1.6,280,49640,0
FINNIFTY13NOV2321000CE.NFO,2023-11-08,12:10:00,2023-11-13,1.6,1.6,1.6,1.6,120,49640,0
FINNIFTY13NOV2321000CE.NFO,2023-11-08,12:11:00,2023-11-13,1.6,1.6,1.6,1.6,520,49640,0
FINNIFTY13NOV2321000CE.NFO,2023-11-08,12:12:00,2023-11-13,1.6,1.6,1.55,1.55,40,49640,0
FINNIFTY13NOV2321000CE.NFO,2023-11-08,12:13:00,2023-11-13,1.55,1.55,1.55,1.55,0,49640,0
FINNIFTY13NOV2321000CE.NFO,2023-11-08,12:14:00,2023-11-13,1.55,1.55,1.55,1.55,0,49640,0
FINNIFTY13NOV2321000CE.NFO,2023-11-08,12:15:00,2023-11-13,1.55,1.65,1.55,1.6,320,49640,0
FINNIFTY13NOV2321000CE.NFO,2023-11-08,12:16:00,2023-11-13,1.6,1.6,1.6,1.6,240,49640,0
FINNIFTY13NOV2321000CE.NFO,2023-11-08,12:17:00,2023-11-13,1.6,1.6,1.6,1.6,0,49640,0
FINNIFTY13NOV2321000CE.NFO,2023-11-08,12:18:00,2023-11-13,1.6,1.6,1.6,1.6,80,49120,0
FINNIFTY13NOV2321000CE.NFO,2023-11-08,12:19:00,2023-11-13,1.6,1.6,1.6,1.6,520,49120,0
FINNIFTY13NOV2321000CE.NFO,2023-11-08,12:20:00,2023-11-13,1.6,1.6,1.6,1.6,680,49120,0
FINNIFTY13NOV2321000CE.NFO,2023-11-08,12:21:00,2023-11-13,1.6,1.6,1.6,1.6,0,49120,0
FINNIFTY13NOV2321000CE.NFO,2023-11-08,12:22:00,2023-11-13,1.6,1.6,1.6,1.6,0,49120,0
FINNIFTY13NOV2321000CE.NFO,2023-11-08,12:23:00,2023-11-13,1.6,1.6,1.55,1.6,320,47840,0
FINNIFTY13NOV2321000CE.NFO,2023-11-08,12:24:00,2023-11-13,1.6,1.6,1.6,1.6,0,47840,0
FINNIFTY13NOV2321000CE.NFO,2023-11-08,12:25:00,2023-11-13,1.6,1.6,1.6,1.6,0,47840,0
FINNIFTY13NOV2321000CE.NFO,2023-11-08,12:26:00,2023-11-13,1.6,1.6,1.5,1.5,240,47840,0
FINNIFTY13NOV2321000CE.NFO,2023-11-08,12:27:00,2023-11-13,1.5,1.5,1.5,1.5,0,47840,0
FINNIFTY13NOV2321000CE.NFO,2023-11-08,12:28:00,2023-11-13,1.5,1.5,1.5,1.5,0,47840,0
FINNIFTY13NOV2321000CE.NFO,2023-11-08,12:29:00,2023-11-13,1.5,1.6,1.5,1.6,40,47960,0
FINNIFTY13NOV2321000CE.NFO,2023-11-08,12:30:00,2023-11-13,1.6,1.6,1.55,1.55,40,47960,0
FINNIFTY13NOV2321000CE.NFO,2023-11-08,12:31:00,2023-11-13,1.55,1.55,1.55,1.55,0,47960,0
FINNIFTY13NOV2321000CE.NFO,2023-11-08,12:32:00,2023-11-13,1.55,1.55,1.55,1.55,0,47960,0
FINNIFTY13NOV2321000CE.NFO,2023-11-08,12:33:00,2023-11-13,1.55,1.55,1.55,1.55,0,47960,0
FINNIFTY13NOV2321000CE.NFO,2023-11-08,12:34:00,2023-11-13,1.55,1.55,1.55,1.55,0,47960,0
FINNIFTY13NOV2321000CE.NFO,2023-11-08,12:35:00,2023-11-13,1.55,1.55,1.55,1.55,0,47960,0
FINNIFTY13NOV2321000CE.NFO,2023-11-08,12:36:00,2023-11-13,1.55,1.55,1.55,1.55,40,47960,0
FINNIFTY13NOV2321000CE.NFO,2023-11-08,12:37:00,2023-11-13,1.55,1.55,1.55,1.55,0,47960,0
FINNIFTY13NOV2321000CE.NFO,2023-11-08,12:38:00,2023-11-13,1.55,1.55,1.55,1.55,0,47960,0
FINNIFTY13NOV2321000CE.NFO,2023-11-08,12:39:00,2023-11-13,1.55,1.55,1.55,1.55,0,47960,0
FINNIFTY13NOV2321000CE.NFO,2023-11-08,12:40:00,2023-11-13,1.55,1.55,1.55,1.55,0,47960,0
FINNIFTY13NOV2321000CE.NFO,2023-11-08,12:41:00,2023-11-13,1.55,1.6,1.55,1.6,240,47960,0
FINNIFTY13NOV2321000CE.NFO,2023-11-08,12:42:00,2023-11-13,1.6,1.6,1.55,1.6,1120,47960,0
FINNIFTY13NOV2321000CE.NFO,2023-11-08,12:43:00,2023-11-13,1.6,1.6,1.55,1.55,1000,47960,0
FINNIFTY13NOV2321000CE.NFO,2023-11-08,12:44:00,2023-11-13,1.55,1.55,1.55,1.55,40,47960,0
FINNIFTY13NOV2321000CE.NFO,2023-11-08,12:45:00,2023-11-13,1.55,1.55,1.55,1.55,80,48440,0
FINNIFTY13NOV2321000CE.NFO,2023-11-08,12:46:00,2023-11-13,1.55,1.55,1.5,1.5,1040,48440,0
FINNIFTY13NOV2321000CE.NFO,2023-11-08,12:47:00,2023-11-13,1.5,1.5,1.5,1.5,0,48440,0
FINNIFTY13NOV2321000CE.NFO,2023-11-08,12:48:00,2023-11-13,1.5,1.5,1.5,1.5,0,48440,0
FINNIFTY13NOV2321000CE.NFO,2023-11-08,12:49:00,2023-11-13,1.5,1.5,1.5,1.5,0,48440,0
FINNIFTY13NOV2321000CE.NFO,2023-11-08,12:50:00,2023-11-13,1.5,1.5,1.5,1.5,600,49560,0
FINNIFTY13NOV2321000CE.NFO,2023-11-08,12:51:00,2023-11-13,1.5,1.5,1.5,1.5,0,49560,0
FINNIFTY13NOV2321000CE.NFO,2023-11-08,12:52:00,2023-11-13,1.5,1.5,1.5,1.5,80,49560,0
FINNIFTY13NOV2321000CE.NFO,2023-11-08,12:53:00,2023-11-13,1.5,1.5,1.5,1.5,80,49560,0
FINNIFTY13NOV2321000CE.NFO,2023-11-08,12:54:00,2023-11-13,1.5,1.5,1.5,1.5,80,49560,0
FINNIFTY13NOV2321000CE.NFO,2023-11-08,12:55:00,2023-11-13,1.5,1.5,1.5,1.5,80,49560,0
FINNIFTY13NOV2321000CE.NFO,2023-11-08,12:56:00,2023-11-13,1.5,1.5,1.5,1.5,40,49560,0
FINNIFTY13NOV2321000CE.NFO,2023-11-08,12:57:00,2023-11-13,1.5,1.5,1.5,1.5,320,49560,0
FINNIFTY13NOV2321000CE.NFO,2023-11-08,12:58:00,2023-11-13,1.5,1.5,1.5,1.5,0,49560,0
FINNIFTY13NOV2321000CE.NFO,2023-11-08,12:59:00,2023-11-13,1.5,1.5,1.5,1.5,200,49560,0
FINNIFTY13NOV2321000CE.NFO,2023-11-08,13:00:00,2023-11-13,1.5,1.5,1.5,1.5,1280,49560,0
FINNIFTY13NOV2321000CE.NFO,2023-11-08,13:01:00,2023-11-13,1.5,1.5,1.5,1.5,120,49560,0
FINNIFTY13NOV2321000CE.NFO,2023-11-08,13:02:00,2023-11-13,1.5,1.5,1.5,1.5,80,49560,0
FINNIFTY13NOV2321000CE.NFO,2023-11-08,13:03:00,2023-11-13,1.5,1.5,1.5,1.5,0,49560,0
FINNIFTY13NOV2321000CE.NFO,2023-11-08,13:04:00,2023-11-13,1.5,1.5,1.45,1.45,5720,51000,0
FINNIFTY13NOV2321000CE.NFO,2023-11-08,13:05:00,2023-11-13,1.45,1.45,1.45,1.45,600,51000,0
FINNIFTY13NOV2321000CE.NFO,2023-11-08,13:06:00,2023-11-13,1.45,1.45,1.45,1.45,40,55840,0
FINNIFTY13NOV2321000CE.NFO,2023-11-08,13:07:00,2023-11-13,1.45,1.45,1.45,1.45,560,55840,0
FINNIFTY13NOV2321000CE.NFO,2023-11-08,13:08:00,2023-11-13,1.45,1.45,1.45,1.45,40,55840,0
FINNIFTY13NOV2321000CE.NFO,2023-11-08,13:09:00,2023-11-13,1.45,1.45,1.45,1.45,1400,56480,0
FINNIFTY13NOV2321000CE.NFO,2023-11-08,13:10:00,2023-11-13,1.45,1.45,1.45,1.45,0,56480,0
FINNIFTY13NOV2321000CE.NFO,2023-11-08,13:11:00,2023-11-13,1.45,1.45,1.45,1.45,2160,56480,0
FINNIFTY13NOV2321000CE.NFO,2023-11-08,13:12:00,2023-11-13,1.45,1.5,1.45,1.5,80,56160,0
FINNIFTY13NOV2321000CE.NFO,2023-11-08,13:13:00,2023-11-13,1.5,1.5,1.5,1.5,0,56160,0
FINNIFTY13NOV2321000CE.NFO,2023-11-08,13:14:00,2023-11-13,1.5,1.5,1.5,1.5,0,56160,0
FINNIFTY13NOV2321000CE.NFO,2023-11-08,13:15:00,2023-11-13,1.5,1.5,1.5,1.5,0,56160,0
FINNIFTY13NOV2321000CE.NFO,2023-11-08,13:16:00,2023-11-13,1.5,1.5,1.5,1.5,0,56160,0
FINNIFTY13NOV2321000CE.NFO,2023-11-08,13:17:00,2023-11-13,1.5,1.55,1.5,1.55,40,56080,0
FINNIFTY13NOV2321000CE.NFO,2023-11-08,13:18:00,2023-11-13,1.55,1.55,1.5,1.5,1240,56080,0
FINNIFTY13NOV2321000CE.NFO,2023-11-08,13:19:00,2023-11-13,1.5,1.5,1.5,1.5,0,56080,0
FINNIFTY13NOV2321000CE.NFO,2023-11-08,13:20:00,2023-11-13,1.5,1.5,1.5,1.5,0,56080,0
FINNIFTY13NOV2321000CE.NFO,2023-11-08,13:21:00,2023-11-13,1.5,1.55,1.5,1.55,3360,56120,0
FINNIFTY13NOV2321000CE.NFO,2023-11-08,13:22:00,2023-11-13,1.55,1.55,1.5,1.5,1400,56120,0
FINNIFTY13NOV2321000CE.NFO,2023-11-08,13:23:00,2023-11-13,1.5,1.55,1.5,1.55,40,56120,0
FINNIFTY13NOV2321000CE.NFO,2023-11-08,13:24:00,2023-11-13,1.55,1.55,1.55,1.55,400,56640,0
FINNIFTY13NOV2321000CE.NFO,2023-11-08,13:25:00,2023-11-13,1.55,1.55,1.55,1.55,0,56640,0
FINNIFTY13NOV2321000CE.NFO,2023-11-08,13:26:00,2023-11-13,1.55,1.55,1.55,1.55,720,56640,0
FINNIFTY13NOV2321000CE.NFO,2023-11-08,13:27:00,2023-11-13,1.55,1.55,1.55,1.55,160,56640,0
FINNIFTY13NOV2321000CE.NFO,2023-11-08,13:28:00,2023-11-13,1.55,1.55,1.45,1.45,520,56640,0
FINNIFTY13NOV2321000CE.NFO,2023-11-08,13:29:00,2023-11-13,1.45,1.45,1.45,1.45,0,56640,0
FINNIFTY13NOV2321000CE.NFO,2023-11-08,13:30:00,2023-11-13,1.45,1.45,1.45,1.45,0,56640,0
FINNIFTY13NOV2321000CE.NFO,2023-11-08,13:31:00,2023-11-13,1.45,1.45,1.45,1.45,0,56640,0
FINNIFTY13NOV2321000CE.NFO,2023-11-08,13:32:00,2023-11-13,1.45,1.45,1.45,1.45,0,56640,0
FINNIFTY13NOV2321000CE.NFO,2023-11-08,13:33:00,2023-11-13,1.5,1.55,1.5,1.55,1560,56800,0
FINNIFTY13NOV2321000CE.NFO,2023-11-08,13:34:00,2023-11-13,1.55,1.55,1.5,1.5,80,56800,0
FINNIFTY13NOV2321000CE.NFO,2023-11-08,13:35:00,2023-11-13,1.5,1.5,1.5,1.5,0,56800,0
FINNIFTY13NOV2321000CE.NFO,2023-11-08,13:36:00,2023-11-13,1.5,1.55,1.5,1.55,40,56640,0
FINNIFTY13NOV2321000CE.NFO,2023-11-08,13:37:00,2023-11-13,1.55,1.55,1.55,1.55,0,56640,0
FINNIFTY13NOV2321000CE.NFO,2023-11-08,13:38:00,2023-11-13,1.55,1.55,1.5,1.5,400,56640,0
FINNIFTY13NOV2321000CE.NFO,2023-11-08,13:39:00,2023-11-13,1.5,1.5,1.5,1.5,80,56640,0
FINNIFTY13NOV2321000CE.NFO,2023-11-08,13:40:00,2023-11-13,1.5,1.5,1.5,1.5,0,56640,0
FINNIFTY13NOV2321000CE.NFO,2023-11-08,13:41:00,2023-11-13,1.5,1.5,1.5,1.5,0,56640,0
FINNIFTY13NOV2321000CE.NFO,2023-11-08,13:42:00,2023-11-13,1.5,1.5,1.5,1.5,520,56640,0
FINNIFTY13NOV2321000CE.NFO,2023-11-08,13:43:00,2023-11-13,1.5,1.5,1.45,1.45,40,56640,0
FINNIFTY13NOV2321000CE.NFO,2023-11-08,13:44:00,2023-11-13,1.45,1.55,1.45,1.55,400,56640,0
FINNIFTY13NOV2321000CE.NFO,2023-11-08,13:45:00,2023-11-13,1.55,1.55,1.55,1.55,0,56640,0
FINNIFTY13NOV2321000CE.NFO,2023-11-08,13:46:00,2023-11-13,1.55,1.55,1.55,1.55,0,56640,0
FINNIFTY13NOV2321000CE.NFO,2023-11-08,13:47:00,2023-11-13,1.55,1.55,1.55,1.55,0,56640,0
FINNIFTY13NOV2321000CE.NFO,2023-11-08,13:48:00,2023-11-13,1.55,1.55,1.55,1.55,0,56640,0
FINNIFTY13NOV2321000CE.NFO,2023-11-08,13:49:00,2023-11-13,1.55,1.55,1.55,1.55,0,56640,0
FINNIFTY13NOV2321000CE.NFO,2023-11-08,13:50:00,2023-11-13,1.55,1.55,1.55,1.55,0,56640,0
FINNIFTY13NOV2321000CE.NFO,2023-11-08,13:51:00,2023-11-13,1.55,1.55,1.55,1.55,40,57040,0
FINNIFTY13NOV2321000CE.NFO,2023-11-08,13:52:00,2023-11-13,1.55,1.55,1.55,1.55,40,57040,0
FINNIFTY13NOV2321000CE.NFO,2023-11-08,13:53:00,2023-11-13,1.55,1.55,1.55,1.55,0,57040,0
FINNIFTY13NOV2321000CE.NFO,2023-11-08,13:54:00,2023-11-13,1.55,1.55,1.55,1.55,0,57040,0
FINNIFTY13NOV2321000CE.NFO,2023-11-08,13:55:00,2023-11-13,1.55,1.55,1.55,1.55,0,57040,0
FINNIFTY13NOV2321000CE.NFO,2023-11-08,13:56:00,2023-11-13,1.55,1.55,1.55,1.55,400,57040,0
FINNIFTY13NOV2321000CE.NFO,2023-11-08,13:57:00,2023-11-13,1.55,1.55,1.55,1.55,0,57040,0
FINNIFTY13NOV2321000CE.NFO,2023-11-08,13:58:00,2023-11-13,1.55,1.55,1.5,1.5,160,57040,0
FINNIFTY13NOV2321000CE.NFO,2023-11-08,13:59:00,2023-11-13,1.5,1.5,1.5,1.5,40,57040,0
FINNIFTY13NOV2321000CE.NFO,2023-11-08,14:00:00,2023-11-13,1.5,1.5,1.5,1.5,200,57040,0
FINNIFTY13NOV2321000CE.NFO,2023-11-08,14:01:00,2023-11-13,1.5,1.5,1.45,1.45,400,57040,0
FINNIFTY13NOV2321000CE.NFO,2023-11-08,14:02:00,2023-11-13,1.45,1.45,1.45,1.45,0,57040,0
FINNIFTY13NOV2321000CE.NFO,2023-11-08,14:03:00,2023-11-13,1.45,1.55,1.45,1.55,160,57040,0
FINNIFTY13NOV2321000CE.NFO,2023-11-08,14:04:00,2023-11-13,1.55,1.55,1.55,1.55,0,57040,0
FINNIFTY13NOV2321000CE.NFO,2023-11-08,14:05:00,2023-11-13,1.55,1.55,1.55,1.55,0,57040,0
FINNIFTY13NOV2321000CE.NFO,2023-11-08,14:06:00,2023-11-13,1.55,1.55,1.55,1.55,0,57040,0
FINNIFTY13NOV2321000CE.NFO,2023-11-08,14:07:00,2023-11-13,1.55,1.55,1.55,1.55,80,57040,0
FINNIFTY13NOV2321000CE.NFO,2023-11-08,14:08:00,2023-11-13,1.55,1.55,1.45,1.45,1640,57040,0
FINNIFTY13NOV2321000CE.NFO,2023-11-08,14:09:00,2023-11-13,1.45,1.5,1.45,1.5,240,56640,0
FINNIFTY13NOV2321000CE.NFO,2023-11-08,14:10:00,2023-11-13,1.5,1.5,1.5,1.5,0,56640,0
FINNIFTY13NOV2321000CE.NFO,2023-11-08,14:11:00,2023-11-13,1.5,1.5,1.5,1.5,0,56640,0
FINNIFTY13NOV2321000CE.NFO,2023-11-08,14:12:00,2023-11-13,1.5,1.5,1.45,1.5,560,56640,0
FINNIFTY13NOV2321000CE.NFO,2023-11-08,14:13:00,2023-11-13,1.5,1.5,1.5,1.5,160,56640,0
FINNIFTY13NOV2321000CE.NFO,2023-11-08,14:14:00,2023-11-13,1.5,1.5,1.5,1.5,480,56640,0
FINNIFTY13NOV2321000CE.NFO,2023-11-08,14:15:00,2023-11-13,1.5,1.5,1.45,1.5,1400,57080,0
FINNIFTY13NOV2321000CE.NFO,2023-11-08,14:16:00,2023-11-13,1.5,1.5,1.45,1.5,440,57080,0
FINNIFTY13NOV2321000CE.NFO,2023-11-08,14:17:00,2023-11-13,1.5,1.5,1.45,1.45,120,57080,0
FINNIFTY13NOV2321000CE.NFO,2023-11-08,14:18:00,2023-11-13,1.45,1.45,1.45,1.45,120,57080,0
FINNIFTY13NOV2321000CE.NFO,2023-11-08,14:19:00,2023-11-13,1.45,1.45,1.45,1.45,0,57080,0
FINNIFTY13NOV2321000CE.NFO,2023-11-08,14:20:00,2023-11-13,1.45,1.45,1.45,1.45,0,57080,0
FINNIFTY13NOV2321000CE.NFO,2023-11-08,14:21:00,2023-11-13,1.45,1.45,1.45,1.45,120,57080,0
FINNIFTY13NOV2321000CE.NFO,2023-11-08,14:22:00,2023-11-13,1.45,1.45,1.45,1.45,0,57080,0
FINNIFTY13NOV2321000CE.NFO,2023-11-08,14:23:00,2023-11-13,1.45,1.45,1.45,1.45,800,57080,0
FINNIFTY13NOV2321000CE.NFO,2023-11-08,14:24:00,2023-11-13,1.45,1.55,1.45,1.5,3720,57080,0
FINNIFTY13NOV2321000CE.NFO,2023-11-08,14:25:00,2023-11-13,1.5,1.5,1.45,1.45,120,57080,0
FINNIFTY13NOV2321000CE.NFO,2023-11-08,14:26:00,2023-11-13,1.45,1.45,1.45,1.45,0,57080,0
FINNIFTY13NOV2321000CE.NFO,2023-11-08,14:27:00,2023-11-13,1.45,1.5,1.35,1.5,1120,57080,0
FINNIFTY13NOV2321000CE.NFO,2023-11-08,14:28:00,2023-11-13,1.5,1.5,1.35,1.35,400,57080,0
FINNIFTY13NOV2321000CE.NFO,2023-11-08,14:29:00,2023-11-13,1.35,1.45,1.35,1.45,360,57080,0
FINNIFTY13NOV2321000CE.NFO,2023-11-08,14:30:00,2023-11-13,1.4,1.45,1.35,1.45,1560,57040,0
FINNIFTY13NOV2321000CE.NFO,2023-11-08,14:31:00,2023-11-13,1.45,1.55,1.45,1.55,2280,57040,0
FINNIFTY13NOV2321000CE.NFO,2023-11-08,14:32:00,2023-11-13,1.55,1.55,1.4,1.45,1240,57040,0
FINNIFTY13NOV2321000CE.NFO,2023-11-08,14:33:00,2023-11-13,1.45,1.45,1.35,1.35,80,57200,0
FINNIFTY13NOV2321000CE.NFO,2023-11-08,14:34:00,2023-11-13,1.35,1.4,1.35,1.4,640,57200,0
FINNIFTY13NOV2321000CE.NFO,2023-11-08,14:35:00,2023-11-13,1.4,1.4,1.4,1.4,0,57200,0
FINNIFTY13NOV2321000CE.NFO,2023-11-08,14:36:00,2023-11-13,1.4,1.4,1.4,1.4,400,57200,0
FINNIFTY13NOV2321000CE.NFO,2023-11-08,14:37:00,2023-11-13,1.4,1.4,1.4,1.4,40,57200,0
FINNIFTY13NOV2321000CE.NFO,2023-11-08,14:38:00,2023-11-13,1.4,1.45,1.4,1.45,960,57200,0
FINNIFTY13NOV2321000CE.NFO,2023-11-08,14:39:00,2023-11-13,1.45,1.5,1.45,1.5,360,57240,0
FINNIFTY13NOV2321000CE.NFO,2023-11-08,14:40:00,2023-11-13,1.5,1.5,1.45,1.5,1760,57240,0
FINNIFTY13NOV2321000CE.NFO,2023-11-08,14:41:00,2023-11-13,1.5,1.5,1.5,1.5,0,57240,0
FINNIFTY13NOV2321000CE.NFO,2023-11-08,14:42:00,2023-11-13,1.5,1.5,1.45,1.45,760,57400,0
FINNIFTY13NOV2321000CE.NFO,2023-11-08,14:43:00,2023-11-13,1.45,1.45,1.4,1.4,3200,57400,0
FINNIFTY13NOV2321000CE.NFO,2023-11-08,14:44:00,2023-11-13,1.4,1.45,1.4,1.45,160,57400,0
FINNIFTY13NOV2321000CE.NFO,2023-11-08,14:45:00,2023-11-13,1.45,1.45,1.45,1.45,1200,57440,0
FINNIFTY13NOV2321000CE.NFO,2023-11-08,14:46:00,2023-11-13,1.45,1.45,1.35,1.4,320,57440,0
FINNIFTY13NOV2321000CE.NFO,2023-11-08,14:47:00,2023-11-13,1.4,1.4,1.35,1.35,1680,57440,0
FINNIFTY13NOV2321000CE.NFO,2023-11-08,14:48:00,2023-11-13,1.35,1.35,1.3,1.3,1160,57400,0
FINNIFTY13NOV2321000CE.NFO,2023-11-08,14:49:00,2023-11-13,1.3,1.35,1.3,1.35,1440,57400,0
FINNIFTY13NOV2321000CE.NFO,2023-11-08,14:50:00,2023-11-13,1.35,1.35,1.35,1.35,400,57400,0
FINNIFTY13NOV2321000CE.NFO,2023-11-08,14:51:00,2023-11-13,1.35,1.4,1.3,1.3,7920,58640,0
FINNIFTY13NOV2321000CE.NFO,2023-11-08,14:52:00,2023-11-13,1.3,1.3,1.3,1.3,960,58640,0
FINNIFTY13NOV2321000CE.NFO,2023-11-08,14:53:00,2023-11-13,1.3,1.3,1.3,1.3,240,58640,0
FINNIFTY13NOV2321000CE.NFO,2023-11-08,14:54:00,2023-11-13,1.3,1.3,1.3,1.3,880,58400,0
FINNIFTY13NOV2321000CE.NFO,2023-11-08,14:55:00,2023-11-13,1.3,1.3,1.3,1.3,320,58400,0
FINNIFTY13NOV2321000CE.NFO,2023-11-08,14:56:00,2023-11-13,1.3,1.4,1.3,1.3,240,58400,0
FINNIFTY13NOV2321000CE.NFO,2023-11-08,14:57:00,2023-11-13,1.3,1.4,1.3,1.4,2800,57960,0
FINNIFTY13NOV2321000CE.NFO,2023-11-08,14:58:00,2023-11-13,1.35,1.4,1.3,1.35,3800,57960,0
FINNIFTY13NOV2321000CE.NFO,2023-11-08,14:59:00,2023-11-13,1.35,1.35,1.3,1.3,1120,57960,0
FINNIFTY13NOV2321000CE.NFO,2023-11-08,15:00:00,2023-11-13,1.3,1.35,1.3,1.35,400,57960,0
FINNIFTY13NOV2321000CE.NFO,2023-11-08,15:01:00,2023-11-13,1.35,1.35,1.3,1.3,3000,58400,0
FINNIFTY13NOV2321000CE.NFO,2023-11-08,15:02:00,2023-11-13,1.3,1.4,1.3,1.4,840,58400,0
FINNIFTY13NOV2321000CE.NFO,2023-11-08,15:03:00,2023-11-13,1.4,1.4,1.4,1.4,0,58400,0
FINNIFTY13NOV2321000CE.NFO,2023-11-08,15:04:00,2023-11-13,1.4,1.4,1.3,1.3,4680,58720,0
FINNIFTY13NOV2321000CE.NFO,2023-11-08,15:05:00,2023-11-13,1.3,1.4,1.3,1.3,9200,58720,0
FINNIFTY13NOV2321000CE.NFO,2023-11-08,15:06:00,2023-11-13,1.3,1.45,1.3,1.4,9520,60800,0
FINNIFTY13NOV2321000CE.NFO,2023-11-08,15:07:00,2023-11-13,1.4,1.45,1.35,1.45,7480,60800,0
FINNIFTY13NOV2321000CE.NFO,2023-11-08,15:08:00,2023-11-13,1.45,1.5,1.35,1.4,13000,60800,0
FINNIFTY13NOV2321000CE.NFO,2023-11-08,15:09:00,2023-11-13,1.4,1.4,1.35,1.35,5600,80240,0
FINNIFTY13NOV2321000CE.NFO,2023-11-08,15:10:00,2023-11-13,1.4,1.4,1.35,1.35,1840,80240,0
FINNIFTY13NOV2321000CE.NFO,2023-11-08,15:11:00,2023-11-13,1.35,1.4,1.35,1.4,4360,80240,0
FINNIFTY13NOV2321000CE.NFO,2023-11-08,15:12:00,2023-11-13,1.4,1.4,1.35,1.35,560,80240,0
FINNIFTY13NOV2321000CE.NFO,2023-11-08,15:13:00,2023-11-13,1.35,1.35,1.35,1.35,0,80240,0
FINNIFTY13NOV2321000CE.NFO,2023-11-08,15:14:00,2023-11-13,1.4,1.4,1.3,1.3,4920,83040,0
FINNIFTY13NOV2321000CE.NFO,2023-11-08,15:15:00,2023-11-13,1.3,1.3,1.15,1.15,13640,88720,0
FINNIFTY13NOV2321000CE.NFO,2023-11-08,15:16:00,2023-11-13,1.15,1.2,1.15,1.2,2360,88720,0
FINNIFTY13NOV2321000CE.NFO,2023-11-08,15:17:00,2023-11-13,1.2,1.2,1.15,1.15,1120,88720,0
FINNIFTY13NOV2321000CE.NFO,2023-11-08,15:18:00,2023-11-13,1.15,1.15,1.15,1.15,1640,88560,0
FINNIFTY13NOV2321000CE.NFO,2023-11-08,15:19:00,2023-11-13,1.15,1.15,1.1,1.1,1240,88560,0
FINNIFTY13NOV2321000CE.NFO,2023-11-08,15:20:00,2023-11-13,1.1,1.2,1.05,1.15,8080,88560,0
FINNIFTY13NOV2321000CE.NFO,2023-11-08,15:21:00,2023-11-13,1.15,1.15,1.15,1.15,80,88560,0
FINNIFTY13NOV2321000CE.NFO,2023-11-08,15:22:00,2023-11-13,1.15,1.15,1.05,1.05,17120,89080,0
FINNIFTY13NOV2321000CE.NFO,2023-11-08,15:23:00,2023-11-13,1.05,1.1,1.05,1.05,3400,89080,0
FINNIFTY13NOV2321000CE.NFO,2023-11-08,15:24:00,2023-11-13,1.05,1.1,1.05,1.1,3760,90800,0
FINNIFTY13NOV2321000CE.NFO,2023-11-08,15:25:00,2023-11-13,1.1,1.1,1.05,1.1,10240,90800,0
FINNIFTY13NOV2321000CE.NFO,2023-11-08,15:26:00,2023-11-13,1.1,1.15,1.05,1.1,7160,90800,0
FINNIFTY13NOV2321000CE.NFO,2023-11-08,15:27:00,2023-11-13,1.1,1.15,1.05,1.1,4160,81400,0
FINNIFTY13NOV2321000CE.NFO,2023-11-08,15:28:00,2023-11-13,1.1,1.15,1.1,1.15,1800,81400,0
FINNIFTY13NOV2321000CE.NFO,2023-11-08,15:29:00,2023-11-13,1.15,1.2,1.05,1.2,14960,81400,0
FINNIFTY13NOV2321000CE.NFO,2023-11-08,15:30:00,2023-11-13,1.2,1.2,1.2,1.2,14960,81400,1
FINNIFTY13NOV2321000CE.NFO,2023-11-09,09:15:00,2023-11-13,1.1,1.3,1.05,1.05,29120,81360,0
FINNIFTY13NOV2321000CE.NFO,2023-11-09,09:16:00,2023-11-13,1.05,1.1,1.0,1.0,7200,81360,0
FINNIFTY13NOV2321000CE.NFO,2023-11-09,09:17:00,2023-11-13,1.0,1.0,0.85,0.9,19600,93440,0
FINNIFTY13NOV2321000CE.NFO,2023-11-09,09:18:00,2023-11-13,0.9,0.9,0.85,0.85,11040,93440,0
FINNIFTY13NOV2321000CE.NFO,2023-11-09,09:19:00,2023-11-13,0.85,0.9,0.85,0.85,1960,93440,0
FINNIFTY13NOV2321000CE.NFO,2023-11-09,09:20:00,2023-11-13,0.85,0.95,0.85,0.95,8200,100440,0
FINNIFTY13NOV2321000CE.NFO,2023-11-09,09:21:00,2023-11-13,0.95,0.95,0.9,0.95,6360,100440,0
FINNIFTY13NOV2321000CE.NFO,2023-11-09,09:22:00,2023-11-13,0.95,0.95,0.95,0.95,3880,100440,0
FINNIFTY13NOV2321000CE.NFO,2023-11-09,09:23:00,2023-11-13,0.95,1.0,0.95,1.0,1960,109880,0
FINNIFTY13NOV2321000CE.NFO,2023-11-09,09:24:00,2023-11-13,1.0,1.0,1.0,1.0,80,109880,0
FINNIFTY13NOV2321000CE.NFO,2023-11-09,09:25:00,2023-11-13,1.0,1.0,0.95,0.95,1880,109880,0
FINNIFTY13NOV2321000CE.NFO,2023-11-09,09:26:00,2023-11-13,0.95,1.0,0.95,0.95,2400,110920,0
FINNIFTY13NOV2321000CE.NFO,2023-11-09,09:27:00,2023-11-13,0.95,1.0,0.95,0.95,920,110920,0
FINNIFTY13NOV2321000CE.NFO,2023-11-09,09:28:00,2023-11-13,0.95,0.95,0.9,0.95,2120,110920,0
FINNIFTY13NOV2321000CE.NFO,2023-11-09,09:29:00,2023-11-13,0.95,0.95,0.95,0.95,160,111280,0
FINNIFTY13NOV2321000CE.NFO,2023-11-09,09:30:00,2023-11-13,0.95,0.95,0.9,0.95,2400,111280,0
FINNIFTY13NOV2321000CE.NFO,2023-11-09,09:31:00,2023-11-13,0.95,0.95,0.9,0.95,4080,111280,0
FINNIFTY13NOV2321000CE.NFO,2023-11-09,09:32:00,2023-11-13,0.95,0.95,0.9,0.9,1240,114680,0
FINNIFTY13NOV2321000CE.NFO,2023-11-09,09:33:00,2023-11-13,0.9,0.95,0.9,0.9,3000,114680,0
FINNIFTY13NOV2321000CE.NFO,2023-11-09,09:34:00,2023-11-13,0.9,0.9,0.85,0.85,320,114680,0
FINNIFTY13NOV2321000CE.NFO,2023-11-09,09:35:00,2023-11-13,0.85,0.9,0.85,0.85,10240,117280,0
FINNIFTY13NOV2321000CE.NFO,2023-11-09,09:36:00,2023-11-13,0.85,0.85,0.85,0.85,0,117280,0
FINNIFTY13NOV2321000CE.NFO,2023-11-09,09:37:00,2023-11-13,0.85,0.85,0.85,0.85,0,117280,0
FINNIFTY13NOV2321000CE.NFO,2023-11-09,09:38:00,2023-11-13,0.85,0.9,0.85,0.85,6640,120480,0
FINNIFTY13NOV2321000CE.NFO,2023-11-09,09:39:00,2023-11-13,0.85,0.85,0.8,0.8,7760,120480,0
FINNIFTY13NOV2321000CE.NFO,2023-11-09,09:40:00,2023-11-13,0.8,0.85,0.8,0.85,20600,120480,0
FINNIFTY13NOV2321000CE.NFO,2023-11-09,09:41:00,2023-11-13,0.85,0.85,0.8,0.8,5560,128200,0
FINNIFTY13NOV2321000CE.NFO,2023-11-09,09:42:00,2023-11-13,0.8,0.8,0.8,0.8,2800,128200,0
FINNIFTY13NOV2321000CE.NFO,2023-11-09,09:43:00,2023-11-13,0.8,0.85,0.8,0.8,11480,128200,0
FINNIFTY13NOV2321000CE.NFO,2023-11-09,09:44:00,2023-11-13,0.8,0.85,0.8,0.85,1360,120360,0
FINNIFTY13NOV2321000CE.NFO,2023-11-09,09:45:00,2023-11-13,0.85,0.85,0.8,0.85,5640,120360,0
FINNIFTY13NOV2321000CE.NFO,2023-11-09,09:46:00,2023-11-13,0.85,0.85,0.75,0.75,3320,120360,0
FINNIFTY13NOV2321000CE.NFO,2023-11-09,09:47:00,2023-11-13,0.75,0.75,0.75,0.75,520,120360,0
FINNIFTY13NOV2321000CE.NFO,2023-11-09,09:48:00,2023-11-13,0.75,0.75,0.75,0.75,0,120360,0
FINNIFTY13NOV2321000CE.NFO,2023-11-09,09:49:00,2023-11-13,0.8,0.8,0.8,0.8,80,116560,0
FINNIFTY13NOV2321000CE.NFO,2023-11-09,09:50:00,2023-11-13,0.8,0.85,0.8,0.85,840,116480,0
FINNIFTY13NOV2321000CE.NFO,2023-11-09,09:51:00,2023-11-13,0.85,0.85,0.85,0.85,80,116480,0
FINNIFTY13NOV2321000CE.NFO,2023-11-09,09:52:00,2023-11-13,0.85,0.85,0.8,0.85,120,116480,0
FINNIFTY13NOV2321000CE.NFO,2023-11-09,09:53:00,2023-11-13,0.85,0.85,0.8,0.8,480,116360,0
FINNIFTY13NOV2321000CE.NFO,2023-11-09,09:54:00,2023-11-13,0.8,0.8,0.8,0.8,600,116360,0
FINNIFTY13NOV2321000CE.NFO,2023-11-09,09:55:00,2023-11-13,0.8,0.85,0.8,0.85,1520,116360,0
FINNIFTY13NOV2321000CE.NFO,2023-11-09,09:56:00,2023-11-13,0.85,0.85,0.8,0.8,40,116360,0
FINNIFTY13NOV2321000CE.NFO,2023-11-09,09:57:00,2023-11-13,0.8,0.8,0.8,0.8,0,116360,0
FINNIFTY13NOV2321000CE.NFO,2023-11-09,09:58:00,2023-11-13,0.8,0.8,0.8,0.8,0,116360,0
FINNIFTY13NOV2321000CE.NFO,2023-11-09,09:59:00,2023-11-13,0.8,0.8,0.8,0.8,0,116360,0
FINNIFTY13NOV2321000CE.NFO,2023-11-09,10:00:00,2023-11-13,0.8,0.85,0.8,0.85,1480,117920,0
FINNIFTY13NOV2321000CE.NFO,2023-11-09,10:01:00,2023-11-13,0.85,0.85,0.85,0.85,80,117920,0
FINNIFTY13NOV2321000CE.NFO,2023-11-09,10:02:00,2023-11-13,0.85,0.9,0.85,0.85,6360,117440,0
FINNIFTY13NOV2321000CE.NFO,2023-11-09,10:03:00,2023-11-13,0.85,0.85,0.85,0.85,160,117440,0
FINNIFTY13NOV2321000CE.NFO,2023-11-09,10:04:00,2023-11-13,0.85,0.9,0.85,0.9,200,117440,0
FINNIFTY13NOV2321000CE.NFO,2023-11-09,10:05:00,2023-11-13,0.9,0.9,0.9,0.9,320,117720,0
FINNIFTY13NOV2321000CE.NFO,2023-11-09,10:06:00,2023-11-13,0.9,0.9,0.9,0.9,1040,117720,0
FINNIFTY13NOV2321000CE.NFO,2023-11-09,10:07:00,2023-11-13,0.9,0.9,0.85,0.9,280,117720,0
FINNIFTY13NOV2321000CE.NFO,2023-11-09,10:08:00,2023-11-13,0.9,0.9,0.85,0.9,640,116960,0
FINNIFTY13NOV2321000CE.NFO,2023-11-09,10:09:00,2023-11-13,0.9,0.9,0.9,0.9,0,116960,0
FINNIFTY13NOV2321000CE.NFO,2023-11-09,10:10:00,2023-11-13,0.9,0.9,0.9,0.9,240,116960,0
FINNIFTY13NOV2321000CE.NFO,2023-11-09,10:11:00,2023-11-13,0.9,0.9,0.9,0.9,0,116960,0
FINNIFTY13NOV2321000CE.NFO,2023-11-09,10:12:00,2023-11-13,0.9,0.9,0.9,0.9,40,116960,0
FINNIFTY13NOV2321000CE.NFO,2023-11-09,10:13:00,2023-11-13,0.85,0.85,0.85,0.85,200,116960,0
FINNIFTY13NOV2321000CE.NFO,2023-11-09,10:14:00,2023-11-13,0.85,0.85,0.85,0.85,280,116960,0
FINNIFTY13NOV2321000CE.NFO,2023-11-09,10:15:00,2023-11-13,0.85,0.9,0.85,0.85,2120,116960,0
FINNIFTY13NOV2321000CE.NFO,2023-11-09,10:16:00,2023-11-13,0.85,0.9,0.85,0.85,2200,116960,0
FINNIFTY13NOV2321000CE.NFO,2023-11-09,10:17:00,2023-11-13,0.85,0.85,0.8,0.8,720,116960,0
FINNIFTY13NOV2321000CE.NFO,2023-11-09,10:18:00,2023-11-13,0.8,0.8,0.8,0.8,0,116960,0
FINNIFTY13NOV2321000CE.NFO,2023-11-09,10:19:00,2023-11-13,0.8,0.8,0.8,0.8,0,116960,1
FINNIFTY13NOV2321000CE.NFO,2023-11-09,10:20:00,2023-11-13,0.8,0.85,0.75,0.85,9640,117320,0
FINNIFTY13NOV2321000CE.NFO,2023-11-09,10:21:00,2023-11-13,0.85,0.85,0.85,0.85,0,117320,0
FINNIFTY13NOV2321000CE.NFO,2023-11-09,10:22:00,2023-11-13,0.85,0.85,0.85,0.85,0,117320,0
FINNIFTY13NOV2321000CE.NFO,2023-11-09,10:23:00,2023-11-13,0.85,0.85,0.85,0.85,120,117320,0
FINNIFTY13NOV2321000CE.NFO,2023-11-09,10:24:00,2023-11-13,0.85,0.85,0.85,0.85,640,117320,0
FINNIFTY13NOV2321000CE.NFO,2023-11-09,10:25:00,2023-11-13,0.85,0.85,0.8,0.8,800,117320,0
FINNIFTY13NOV2321000CE.NFO,2023-11-09,10:26:00,2023-11-13,0.8,0.85,0.8,0.85,840,117320,0
FINNIFTY13NOV2321000CE.NFO,2023-11-09,10:27:00,2023-11-13,0.85,0.85,0.85,0.85,2680,117240,0
FINNIFTY13NOV2321000CE.NFO,2023-11-09,10:28:00,2023-11-13,0.85,0.85,0.85,0.85,680,117240,0
FINNIFTY13NOV2321000CE.NFO,2023-11-09,10:29:00,2023-11-13,0.85,0.85,0.85,0.85,440,117240,0
FINNIFTY13NOV2321000CE.NFO,2023-11-09,10:30:00,2023-11-13,0.85,0.85,0.85,0.85,1600,114720,0
FINNIFTY13NOV2321000CE.NFO,2023-11-09,10:31:00,2023-11-13,0.85,0.85,0.8,0.85,6840,114720,0
FINNIFTY13NOV2321000CE.NFO,2023-11-09,10:32:00,2023-11-13,0.85,0.85,0.85,0.85,0,114720,0
FINNIFTY13NOV2321000CE.NFO,2023-11-09,10:33:00,2023-11-13,0.85,0.9,0.85,0.85,440,111280,0
FINNIFTY13NOV2321000CE.NFO,2023-11-09,10:34:00,2023-11-13,0.85,0.85,0.85,0.85,480,111280,0
FINNIFTY13NOV2321000CE.NFO,2023-11-09,10:35:00,2023-11-13,0.85,0.9,0.85,0.85,1320,111280,0
FINNIFTY13NOV2321000CE.NFO,2023-11-09,10:36:00,2023-11-13,0.85,0.85,0.85,0.85,0,111280,0
FINNIFTY13NOV2321000CE.NFO,2023-11-09,10:37:00,2023-11-13,0.9,0.9,0.9,0.9,7200,111280,0
FINNIFTY13NOV2321000CE.NFO,2023-11-09,10:38:00,2023-11-13,0.9,0.9,0.9,0.9,0,111280,0
FINNIFTY13NOV2321000CE.NFO,2023-11-09,10:39:00,2023-11-13,0.9,0.9,0.9,0.9,0,111280,0
FINNIFTY13NOV2321000CE.NFO,2023-11-09,10:40:00,2023-11-13,0.9,0.9,0.85,0.85,320,116240,0
FINNIFTY13NOV2321000CE.NFO,2023-11-09,10:41:00,2023-11-13,0.85,0.85,0.85,0.85,240,116240,0
FINNIFTY13NOV2321000CE.NFO,2023-11-09,10:42:00,2023-11-13,0.9,0.9,0.85,0.9,2560,116440,0
FINNIFTY13NOV2321000CE.NFO,2023-11-09,10:43:00,2023-11-13,0.9,0.9,0.9,0.9,80,116440,0
FINNIFTY13NOV2321000CE.NFO,2023-11-09,10:44:00,2023-11-13,0.9,0.9,0.9,0.9,0,116440,0
FINNIFTY13NOV2321000CE.NFO,2023-11-09,10:45:00,2023-11-13,0.9,0.9,0.85,0.9,280,116640,0
FINNIFTY13NOV2321000CE.NFO,2023-11-09,10:46:00,2023-11-13,0.9,0.9,0.9,0.9,0,116640,0
FINNIFTY13NOV2321000CE.NFO,2023-11-09,10:47:00,2023-11-13,0.9,0.9,0.9,0.9,0,116640,0
FINNIFTY13NOV2321000CE.NFO,2023-11-09,10:48:00,2023-11-13,0.85,0.85,0.85,0.85,480,116640,0
FINNIFTY13NOV2321000CE.NFO,2023-11-09,10:49:00,2023-11-13,0.85,0.85,0.85,0.85,840,116640,0
FINNIFTY13NOV2321000CE.NFO,2023-11-09,10:50:00,2023-11-13,0.85,0.9,0.85,0.85,560,116640,0
FINNIFTY13NOV2321000CE.NFO,2023-11-09,10:51:00,2023-11-13,0.85,0.85,0.85,0.85,400,116640,0
FINNIFTY13NOV2321000CE.NFO,2023-11-09,10:52:00,2023-11-13,0.85,0.85,0.85,0.85,0,116640,0
FINNIFTY13NOV2321000CE.NFO,2023-11-09,10:53:00,2023-11-13,0.85,0.85,0.85,0.85,0,116640,0
FINNIFTY13NOV2321000CE.NFO,2023-11-09,10:54:00,2023-11-13,0.85,0.85,0.85,0.85,640,116640,0
FINNIFTY13NOV2321000CE.NFO,2023-11-09,10:55:00,2023-11-13,0.9,0.9,0.85,0.9,200,116640,0
FINNIFTY13NOV2321000CE.NFO,2023-11-09,10:56:00,2023-11-13,0.9,0.9,0.9,0.9,1000,116640,0
FINNIFTY13NOV2321000CE.NFO,2023-11-09,10:57:00,2023-11-13,0.9,0.9,0.85,0.85,1000,116640,0
FINNIFTY13NOV2321000CE.NFO,2023-11-09,10:58:00,2023-11-13,0.85,0.85,0.85,0.85,0,116640,0
FINNIFTY13NOV2321000CE.NFO,2023-11-09,10:59:00,2023-11-13,0.85,0.85,0.85,0.85,0,116640,0
FINNIFTY13NOV2321000CE.NFO,2023-11-09,11:00:00,2023-11-13,0.85,0.85,0.85,0.85,280,116640,0
FINNIFTY13NOV2321000CE.NFO,2023-11-09,11:01:00,2023-11-13,0.85,0.85,0.85,0.85,0,116640,0
FINNIFTY13NOV2321000CE.NFO,2023-11-09,11:02:00,2023-11-13,0.85,0.85,0.85,0.85,1800,116720,0
FINNIFTY13NOV2321000CE.NFO,2023-11-09,11:03:00,2023-11-13,0.85,0.85,0.85,0.85,0,116720,0
FINNIFTY13NOV2321000CE.NFO,2023-11-09,11:04:00,2023-11-13,0.85,0.85,0.85,0.85,0,116720,0
FINNIFTY13NOV2321000CE.NFO,2023-11-09,11:05:00,2023-11-13,0.85,0.85,0.85,0.85,240,116720,0
FINNIFTY13NOV2321000CE.NFO,2023-11-09,11:06:00,2023-11-13,0.85,0.85,0.85,0.85,40,114920,0
FINNIFTY13NOV2321000CE.NFO,2023-11-09,11:07:00,2023-11-13,0.85,0.85,0.85,0.85,0,114920,0
FINNIFTY13NOV2321000CE.NFO,2023-11-09,11:08:00,2023-11-13,0.85,0.85,0.8,0.8,160,114920,0
FINNIFTY13NOV2321000CE.NFO,2023-11-09,11:09:00,2023-11-13,0.8,0.8,0.8,0.8,0,114920,0
FINNIFTY13NOV2321000CE.NFO,2023-11-09,11:10:00,2023-11-13,0.8,0.8,0.8,0.8,0,114920,1
FINNIFTY13NOV2321000CE.NFO,2023-11-09,11:11:00,2023-11-13,0.85,0.85,0.85,0.85,0,114920,0
FINNIFTY13NOV2321000CE.NFO,2023-11-09,11:12:00,2023-11-13,0.85,0.85,0.85,0.85,0,114920,0
FINNIFTY13NOV2321000CE.NFO,2023-11-09,11:13:00,2023-11-13,0.85,0.85,0.85,0.85,0,114920,0
FINNIFTY13NOV2321000CE.NFO,2023-11-09,11:14:00,2023-11-13,0.85,0.85,0.85,0.85,0,114920,0
FINNIFTY13NOV2321000CE.NFO,2023-11-09,11:15:00,2023-11-13,0.85,0.85,0.85,0.85,200,114920,0
FINNIFTY13NOV2321000CE.NFO,2023-11-09,11:16:00,2023-11-13,0.85,0.85,0.85,0.85,0,114920,0
FINNIFTY13NOV2321000CE.NFO,2023-11-09,11:17:00,2023-11-13,0.85,0.85,0.8,0.85,1000,115640,0
FINNIFTY13NOV2321000CE.NFO,2023-11-09,11:18:00,2023-11-13,0.85,0.85,0.85,0.85,80,115640,0
FINNIFTY13NOV2321000CE.NFO,2023-11-09,11:19:00,2023-11-13,0.85,0.85,0.85,0.85,120,115640,0
FINNIFTY13NOV2321000CE.NFO,2023-11-09,11:20:00,2023-11-13,0.85,0.85,0.85,0.85,240,115640,0
FINNIFTY13NOV2321000CE.NFO,2023-11-09,11:21:00,2023-11-13,0.85,0.85,0.85,0.85,0,115640,0
FINNIFTY13NOV2321000CE.NFO,2023-11-09,11:22:00,2023-11-13,0.85,0.85,0.85,0.85,40,115640,0
FINNIFTY13NOV2321000CE.NFO,2023-11-09,11:23:00,2023-11-13,0.85,0.85,0.85,0.85,0,115640,0
FINNIFTY13NOV2321000CE.NFO,2023-11-09,11:24:00,2023-11-13,0.85,0.85,0.85,0.85,40,115640,0
FINNIFTY13NOV2321000CE.NFO,2023-11-09,11:25:00,2023-11-13,0.85,0.85,0.8,0.8,7440,115640,0
FINNIFTY13NOV2321000CE.NFO,2023-11-09,11:26:00,2023-11-13,0.8,0.8,0.8,0.8,2480,115640,0
FINNIFTY13NOV2321000CE.NFO,2023-11-09,11:27:00,2023-11-13,0.8,0.8,0.8,0.8,80,115240,0
FINNIFTY13NOV2321000CE.NFO,2023-11-09,11:28:00,2023-11-13,0.8,0.8,0.8,0.8,0,115240,0
FINNIFTY13NOV2321000CE.NFO,2023-11-09,11:29:00,2023-11-13,0.8,0.8,0.8,0.8,0,115240,0
FINNIFTY13NOV2321000CE.NFO,2023-11-09,11:30:00,2023-11-13,0.8,0.85,0.8,0.85,200,115360,0
FINNIFTY13NOV2321000CE.NFO,2023-11-09,11:31:00,2023-11-13,0.85,0.85,0.85,0.85,2160,115360,0
FINNIFTY13NOV2321000CE.NFO,2023-11-09,11:32:00,2023-11-13,0.8,0.8,0.8,0.8,200,115360,0
FINNIFTY13NOV2321000CE.NFO,2023-11-09,11:33:00,2023-11-13,0.8,0.85,0.8,0.85,1000,113200,0
FINNIFTY13NOV2321000CE.NFO,2023-11-09,11:34:00,2023-11-13,0.85,0.85,0.85,0.85,0,113200,0
FINNIFTY13NOV2321000CE.NFO,2023-11-09,11:35:00,2023-11-13,0.85,0.85,0.85,0.85,2000,112200,0
FINNIFTY13NOV2321000CE.NFO,2023-11-09,11:36:00,2023-11-13,0.85,0.85,0.85,0.85,4040,112200,0
FINNIFTY13NOV2321000CE.NFO,2023-11-09,11:37:00,2023-11-13,0.85,0.85,0.85,0.85,0,112200,0
FINNIFTY13NOV2321000CE.NFO,2023-11-09,11:38:00,2023-11-13,0.85,0.85,0.85,0.85,0,112200,0
FINNIFTY13NOV2321000CE.NFO,2023-11-09,11:39:00,2023-11-13,0.85,0.85,0.85,0.85,0,112200,0
FINNIFTY13NOV2321000CE.NFO,2023-11-09,11:40:00,2023-11-13,0.85,0.9,0.85,0.9,200,108320,0
FINNIFTY13NOV2321000CE.NFO,2023-11-09,11:41:00,2023-11-13,0.9,0.9,0.9,0.9,120,108320,0
FINNIFTY13NOV2321000CE.NFO,2023-11-09,11:42:00,2023-11-13,0.9,0.9,0.85,0.9,240,108320,0
FINNIFTY13NOV2321000CE.NFO,2023-11-09,11:43:00,2023-11-13,0.9,0.9,0.9,0.9,40,108320,0
FINNIFTY13NOV2321000CE.NFO,2023-11-09,11:44:00,2023-11-13,0.9,0.9,0.85,0.85,4160,108320,0
FINNIFTY13NOV2321000CE.NFO,2023-11-09,11:45:00,2023-11-13,0.85,0.9,0.8,0.8,4600,110640,0
FINNIFTY13NOV2321000CE.NFO,2023-11-09,11:46:00,2023-11-13,0.8,0.8,0.75,0.8,4480,110640,0
FINNIFTY13NOV2321000CE.NFO,2023-11-09,11:47:00,2023-11-13,0.8,0.8,0.75,0.75,1000,110840,0
FINNIFTY13NOV2321000CE.NFO,2023-11-09,11:48:00,2023-11-13,0.75,0.75,0.7,0.75,2800,110840,0
FINNIFTY13NOV2321000CE.NFO,2023-11-09,11:49:00,2023-11-13,0.75,0.75,0.7,0.75,1120,110840,0
FINNIFTY13NOV2321000CE.NFO,2023-11-09,11:50:00,2023-11-13,0.75,0.75,0.75,0.75,640,110840,0
FINNIFTY13NOV2321000CE.NFO,2023-11-09,11:51:00,2023-11-13,0.75,0.75,0.7,0.7,200,110680,0
FINNIFTY13NOV2321000CE.NFO,2023-11-09,11:52:00,2023-11-13,0.7,0.75,0.6,0.7,16000,110680,0
FINNIFTY13NOV2321000CE.NFO,2023-11-09,11:53:00,2023-11-13,0.7,0.7,0.65,0.65,4240,110680,0
FINNIFTY13NOV2321000CE.NFO,2023-11-09,11:54:00,2023-11-13,0.65,0.65,0.65,0.65,2400,110600,0
FINNIFTY13NOV2321000CE.NFO,2023-11-09,11:55:00,2023-11-13,0.65,0.65,0.6,0.6,840,110600,0
FINNIFTY13NOV2321000CE.NFO,2023-11-09,11:56:00,2023-11-13,0.6,0.6,0.6,0.6,0,110600,0
FINNIFTY13NOV2321000CE.NFO,2023-11-09,11:57:00,2023-11-13,0.6,0.6,0.6,0.6,0,110600,0
FINNIFTY13NOV2321000CE.NFO,2023-11-09,11:58:00,2023-11-13,0.6,0.6,0.6,0.6,0,110600,0
FINNIFTY13NOV2321000CE.NFO,2023-11-09,11:59:00,2023-11-13,0.6,0.6,0.6,0.6,840,110600,0
FINNIFTY13NOV2321000CE.NFO,2023-11-09,12:00:00,2023-11-13,0.6,0.65,0.6,0.65,600,110600,0
FINNIFTY13NOV2321000CE.NFO,2023-11-09,12:01:00,2023-11-13,0.65,0.65,0.6,0.65,280,110600,0
FINNIFTY13NOV2321000CE.NFO,2023-11-09,12:02:00,2023-11-13,0.65,0.65,0.65,0.65,0,110600,0
FINNIFTY13NOV2321000CE.NFO,2023-11-09,12:03:00,2023-11-13,0.65,0.65,0.65,0.65,0,110600,0
FINNIFTY13NOV2321000CE.NFO,2023-11-09,12:04:00,2023-11-13,0.65,0.65,0.6,0.6,400,110600,0
FINNIFTY13NOV2321000CE.NFO,2023-11-09,12:05:00,2023-11-13,0.65,0.65,0.65,0.65,200,110600,0
FINNIFTY13NOV2321000CE.NFO,2023-11-09,12:06:00,2023-11-13,0.65,0.65,0.65,0.65,0,110600,0
FINNIFTY13NOV2321000CE.NFO,2023-11-09,12:07:00,2023-11-13,0.65,0.65,0.65,0.65,520,110600,0
FINNIFTY13NOV2321000CE.NFO,2023-11-09,12:08:00,2023-11-13,0.65,0.65,0.65,0.65,0,110600,0
FINNIFTY13NOV2321000CE.NFO,2023-11-09,12:09:00,2023-11-13,0.65,0.65,0.65,0.65,0,110600,0
FINNIFTY13NOV2321000CE.NFO,2023-11-09,12:10:00,2023-11-13,0.65,0.65,0.65,0.65,200,110600,0
FINNIFTY13NOV2321000CE.NFO,2023-11-09,12:11:00,2023-11-13,0.65,0.65,0.65,0.65,0,110600,0
FINNIFTY13NOV2321000CE.NFO,2023-11-09,12:12:00,2023-11-13,0.65,0.65,0.65,0.65,0,110600,0
FINNIFTY13NOV2321000CE.NFO,2023-11-09,12:13:00,2023-11-13,0.65,0.65,0.6,0.6,600,110600,0
FINNIFTY13NOV2321000CE.NFO,2023-11-09,12:14:00,2023-11-13,0.6,0.6,0.6,0.6,0,110600,0
FINNIFTY13NOV2321000CE.NFO,2023-11-09,12:15:00,2023-11-13,0.6,0.65,0.6,0.65,200,110920,0
FINNIFTY13NOV2321000CE.NFO,2023-11-09,12:16:00,2023-11-13,0.65,0.65,0.65,0.65,0,110920,0
FINNIFTY13NOV2321000CE.NFO,2023-11-09,12:17:00,2023-11-13,0.6,0.6,0.6,0.6,0,110920,0
FINNIFTY13NOV2321000CE.NFO,2023-11-09,12:18:00,2023-11-13,0.6,0.6,0.6,0.6,80,111480,0
FINNIFTY13NOV2321000CE.NFO,2023-11-09,12:19:00,2023-11-13,0.6,0.6,0.6,0.6,0,111480,0
FINNIFTY13NOV2321000CE.NFO,2023-11-09,12:20:00,2023-11-13,0.6,0.65,0.6,0.65,200,111480,0
FINNIFTY13NOV2321000CE.NFO,2023-11-09,12:21:00,2023-11-13,0.65,0.65,0.65,0.65,0,111480,0
FINNIFTY13NOV2321000CE.NFO,2023-11-09,12:22:00,2023-11-13,0.65,0.65,0.65,0.65,0,111480,0
FINNIFTY13NOV2321000CE.NFO,2023-11-09,12:23:00,2023-11-13,0.65,0.65,0.65,0.65,0,111480,0
FINNIFTY13NOV2321000CE.NFO,2023-11-09,12:24:00,2023-11-13,0.65,0.65,0.65,0.65,0,111480,0
FINNIFTY13NOV2321000CE.NFO,2023-11-09,12:25:00,2023-11-13,0.65,0.65,0.65,0.65,200,111400,0
FINNIFTY13NOV2321000CE.NFO,2023-11-09,12:26:00,2023-11-13,0.65,0.65,0.6,0.65,6760,111400,0
FINNIFTY13NOV2321000CE.NFO,2023-11-09,12:27:00,2023-11-13,0.6,0.6,0.6,0.6,200,110480,0
FINNIFTY13NOV2321000CE.NFO,2023-11-09,12:28:00,2023-11-13,0.6,0.65,0.6,0.65,480,110480,0
FINNIFTY13NOV2321000CE.NFO,2023-11-09,12:29:00,2023-11-13,0.65,0.65,0.65,0.65,1000,110480,0
FINNIFTY13NOV2321000CE.NFO,2023-11-09,12:30:00,2023-11-13,0.65,0.65,0.65,0.65,240,110480,0
FINNIFTY13NOV2321000CE.NFO,2023-11-09,12:31:00,2023-11-13,0.65,0.65,0.65,0.65,0,110480,0
FINNIFTY13NOV2321000CE.NFO,2023-11-09,12:32:00,2023-11-13,0.65,0.65,0.65,0.65,0,110480,0
FINNIFTY13NOV2321000CE.NFO,2023-11-09,12:33:00,2023-11-13,0.65,0.65,0.6,0.65,560,110480,0
FINNIFTY13NOV2321000CE.NFO,2023-11-09,12:34:00,2023-11-13,0.65,0.65,0.6,0.6,640,110480,0
FINNIFTY13NOV2321000CE.NFO,2023-11-09,12:35:00,2023-11-13,0.65,0.65,0.65,0.65,280,110480,0
FINNIFTY13NOV2321000CE.NFO,2023-11-09,12:36:00,2023-11-13,0.65,0.65,0.65,0.65,0,110480,0
FINNIFTY13NOV2321000CE.NFO,2023-11-09,12:37:00,2023-11-13,0.65,0.65,0.6,0.6,400,110520,0
FINNIFTY13NOV2321000CE.NFO,2023-11-09,12:38:00,2023-11-13,0.6,0.6,0.6,0.6,400,110520,0
FINNIFTY13NOV2321000CE.NFO,2023-11-09,12:39:00,2023-11-13,0.6,0.6,0.6,0.6,0,110520,0
FINNIFTY13NOV2321000CE.NFO,2023-11-09,12:40:00,2023-11-13,0.6,0.65,0.6,0.65,200,110520,0
FINNIFTY13NOV2321000CE.NFO,2023-11-09,12:41:00,2023-11-13,0.65,0.65,0.65,0.65,0,110520,0
FINNIFTY13NOV2321000CE.NFO,2023-11-09,12:42:00,2023-11-13,0.65,0.65,0.65,0.65,80,110520,0
FINNIFTY13NOV2321000CE.NFO,2023-11-09,12:43:00,2023-11-13,0.65,0.65,0.65,0.65,0,110520,0
FINNIFTY13NOV2321000CE.NFO,2023-11-09,12:44:00,2023-11-13,0.65,0.65,0.65,0.65,1400,110520,0
FINNIFTY13NOV2321000CE.NFO,2023-11-09,12:45:00,2023-11-13,0.65,0.65,0.65,0.65,3840,110520,0
FINNIFTY13NOV2321000CE.NFO,2023-11-09,12:46:00,2023-11-13,0.65,0.7,0.65,0.7,3240,110520,0
FINNIFTY13NOV2321000CE.NFO,2023-11-09,12:47:00,2023-11-13,0.7,0.75,0.7,0.75,5520,111720,0
FINNIFTY13NOV2321000CE.NFO,2023-11-09,12:48:00,2023-11-13,0.7,0.75,0.65,0.7,7000,111720,0
FINNIFTY13NOV2321000CE.NFO,2023-11-09,12:49:00,2023-11-13,0.7,0.7,0.65,0.7,2160,111720,0
FINNIFTY13NOV2321000CE.NFO,2023-11-09,12:50:00,2023-11-13,0.7,0.7,0.7,0.7,600,111720,0
FINNIFTY13NOV2321000CE.NFO,2023-11-09,12:51:00,2023-11-13,0.7,0.7,0.7,0.7,0,111720,0
FINNIFTY13NOV2321000CE.NFO,2023-11-09,12:52:00,2023-11-13,0.7,0.7,0.7,0.7,560,112640,0
FINNIFTY13NOV2321000CE.NFO,2023-11-09,12:53:00,2023-11-13,0.7,0.7,0.7,0.7,0,112640,0
FINNIFTY13NOV2321000CE.NFO,2023-11-09,12:54:00,2023-11-13,0.7,0.7,0.7,0.7,0,112640,0
FINNIFTY13NOV2321000CE.NFO,2023-11-09,12:55:00,2023-11-13,0.65,0.7,0.65,0.65,840,112080,0
FINNIFTY13NOV2321000CE.NFO,2023-11-09,12:56:00,2023-11-13,0.65,0.65,0.65,0.65,200,112080,0
FINNIFTY13NOV2321000CE.NFO,2023-11-09,12:57:00,2023-11-13,0.65,0.65,0.65,0.65,0,112080,0
FINNIFTY13NOV2321000CE.NFO,2023-11-09,12:58:00,2023-11-13,0.65,0.65,0.65,0.65,0,112080,0
FINNIFTY13NOV2321000CE.NFO,2023-11-09,12:59:00,2023-11-13,0.65,0.65,0.65,0.65,0,112080,0
FINNIFTY13NOV2321000CE.NFO,2023-11-09,13:00:00,2023-11-13,0.65,0.7,0.65,0.7,200,112040,0
FINNIFTY13NOV2321000CE.NFO,2023-11-09,13:01:00,2023-11-13,0.7,0.7,0.7,0.7,0,112040,0
FINNIFTY13NOV2321000CE.NFO,2023-11-09,13:02:00,2023-11-13,0.7,0.7,0.7,0.7,200,112040,0
FINNIFTY13NOV2321000CE.NFO,2023-11-09,13:03:00,2023-11-13,0.7,0.7,0.7,0.7,520,112040,0
FINNIFTY13NOV2321000CE.NFO,2023-11-09,13:04:00,2023-11-13,0.7,0.7,0.7,0.7,600,112040,0
FINNIFTY13NOV2321000CE.NFO,2023-11-09,13:05:00,2023-11-13,0.7,0.7,0.7,0.7,1360,112040,0
FINNIFTY13NOV2321000CE.NFO,2023-11-09,13:06:00,2023-11-13,0.7,0.75,0.7,0.75,1240,112040,0
FINNIFTY13NOV2321000CE.NFO,2023-11-09,13:07:00,2023-11-13,0.75,0.75,0.7,0.75,1680,112040,0
FINNIFTY13NOV2321000CE.NFO,2023-11-09,13:08:00,2023-11-13,0.75,0.75,0.75,0.75,80,112040,0
FINNIFTY13NOV2321000CE.NFO,2023-11-09,13:09:00,2023-11-13,0.75,0.75,0.7,0.7,80,112760,0
FINNIFTY13NOV2321000CE.NFO,2023-11-09,13:10:00,2023-11-13,0.7,0.7,0.7,0.7,1320,112760,0
FINNIFTY13NOV2321000CE.NFO,2023-11-09,13:11:00,2023-11-13,0.7,0.7,0.6,0.6,880,112760,0
FINNIFTY13NOV2321000CE.NFO,2023-11-09,13:12:00,2023-11-13,0.6,0.65,0.6,0.65,5600,112880,0
FINNIFTY13NOV2321000CE.NFO,2023-11-09,13:13:00,2023-11-13,0.6,0.65,0.6,0.65,600,112880,0
FINNIFTY13NOV2321000CE.NFO,2023-11-09,13:14:00,2023-11-13,0.65,0.65,0.6,0.65,1600,112360,0
FINNIFTY13NOV2321000CE.NFO,2023-11-09,13:15:00,2023-11-13,0.65,0.7,0.65,0.65,1920,112360,0
FINNIFTY13NOV2321000CE.NFO,2023-11-09,13:16:00,2023-11-13,0.65,0.65,0.6,0.6,3000,112360,0
FINNIFTY13NOV2321000CE.NFO,2023-11-09,13:17:00,2023-11-13,0.6,0.6,0.6,0.6,0,112360,0
FINNIFTY13NOV2321000CE.NFO,2023-11-09,13:18:00,2023-11-13,0.6,0.6,0.6,0.6,0,112360,0
FINNIFTY13NOV2321000CE.NFO,2023-11-09,13:19:00,2023-11-13,0.6,0.65,0.6,0.65,40,116440,0
FINNIFTY13NOV2321000CE.NFO,2023-11-09,13:20:00,2023-11-13,0.65,0.65,0.65,0.65,320,116440,0
FINNIFTY13NOV2321000CE.NFO,2023-11-09,13:21:00,2023-11-13,0.65,0.65,0.65,0.65,0,116440,0
FINNIFTY13NOV2321000CE.NFO,2023-11-09,13:22:00,2023-11-13,0.65,0.65,0.6,0.6,240,116280,0
FINNIFTY13NOV2321000CE.NFO,2023-11-09,13:23:00,2023-11-13,0.6,0.6,0.6,0.6,0,116280,0
FINNIFTY13NOV2321000CE.NFO,2023-11-09,13:24:00,2023-11-13,0.6,0.6,0.6,0.6,0,116280,0
FINNIFTY13NOV2321000CE.NFO,2023-11-09,13:25:00,2023-11-13,0.6,0.65,0.6,0.65,200,116280,0
FINNIFTY13NOV2321000CE.NFO,2023-11-09,13:26:00,2023-11-13,0.65,0.65,0.65,0.65,0,116280,0
FINNIFTY13NOV2321000CE.NFO,2023-11-09,13:27:00,2023-11-13,0.65,0.65,0.65,0.65,160,116280,0
FINNIFTY13NOV2321000CE.NFO,2023-11-09,13:28:00,2023-11-13,0.65,0.65,0.65,0.65,0,116280,0
FINNIFTY13NOV2321000CE.NFO,2023-11-09,13:29:00,2023-11-13,0.65,0.65,0.6,0.65,640,116280,0
FINNIFTY13NOV2321000CE.NFO,2023-11-09,13:30:00,2023-11-13,0.65,0.65,0.65,0.65,240,116280,0
FINNIFTY13NOV2321000CE.NFO,2023-11-09,13:31:00,2023-11-13,0.65,0.65,0.65,0.65,40,116280,0
FINNIFTY13NOV2321000CE.NFO,2023-11-09,13:32:00,2023-11-13,0.65,0.65,0.65,0.65,480,116280,0
FINNIFTY13NOV2321000CE.NFO,2023-11-09,13:33:00,2023-11-13,0.65,0.65,0.65,0.65,480,116280,0
FINNIFTY13NOV2321000CE.NFO,2023-11-09,13:34:00,2023-11-13,0.65,0.65,0.65,0.65,40,116280,0
FINNIFTY13NOV2321000CE.NFO,2023-11-09,13:35:00,2023-11-13,0.65,0.65,0.65,0.65,200,116280,0
FINNIFTY13NOV2321000CE.NFO,2023-11-09,13:36:00,2023-11-13,0.65,0.65,0.65,0.65,0,116280,0
FINNIFTY13NOV2321000CE.NFO,2023-11-09,13:37:00,2023-11-13,0.65,0.65,0.65,0.65,120,116160,0
FINNIFTY13NOV2321000CE.NFO,2023-11-09,13:38:00,2023-11-13,0.65,0.65,0.65,0.65,0,116160,0
FINNIFTY13NOV2321000CE.NFO,2023-11-09,13:39:00,2023-11-13,0.65,0.65,0.65,0.65,0,116160,0
FINNIFTY13NOV2321000CE.NFO,2023-11-09,13:40:00,2023-11-13,0.65,0.65,0.65,0.65,200,116160,0
FINNIFTY13NOV2321000CE.NFO,2023-11-09,13:41:00,2023-11-13,0.65,0.65,0.6,0.65,360,116160,0
FINNIFTY13NOV2321000CE.NFO,2023-11-09,13:42:00,2023-11-13,0.7,0.7,0.7,0.7,840,116160,0
FINNIFTY13NOV2321000CE.NFO,2023-11-09,13:43:00,2023-11-13,0.7,0.7,0.7,0.7,280,116160,0
FINNIFTY13NOV2321000CE.NFO,2023-11-09,13:44:00,2023-11-13,0.7,0.7,0.65,0.7,280,116160,0
FINNIFTY13NOV2321000CE.NFO,2023-11-09,13:45:00,2023-11-13,0.7,0.7,0.7,0.7,840,116280,0
FINNIFTY13NOV2321000CE.NFO,2023-11-09,13:46:00,2023-11-13,0.7,0.75,0.7,0.7,1680,116280,0
FINNIFTY13NOV2321000CE.NFO,2023-11-09,13:47:00,2023-11-13,0.7,0.7,0.7,0.7,360,116280,0
FINNIFTY13NOV2321000CE.NFO,2023-11-09,13:48:00,2023-11-13,0.7,0.7,0.7,0.7,120,116640,0
FINNIFTY13NOV2321000CE.NFO,2023-11-09,13:49:00,2023-11-13,0.7,0.7,0.7,0.7,400,116640,0
FINNIFTY13NOV2321000CE.NFO,2023-11-09,13:50:00,2023-11-13,0.7,0.7,0.7,0.7,200,116640,0
FINNIFTY13NOV2321000CE.NFO,2023-11-09,13:51:00,2023-11-13,0.7,0.7,0.7,0.7,200,116640,0
FINNIFTY13NOV2321000CE.NFO,2023-11-09,13:52:00,2023-11-13,0.7,0.7,0.7,0.7,0,116640,0
FINNIFTY13NOV2321000CE.NFO,2023-11-09,13:53:00,2023-11-13,0.7,0.7,0.7,0.7,1400,116640,0
FINNIFTY13NOV2321000CE.NFO,2023-11-09,13:54:00,2023-11-13,0.7,0.7,0.7,0.7,200,117320,0
FINNIFTY13NOV2321000CE.NFO,2023-11-09,13:55:00,2023-11-13,0.7,0.7,0.7,0.7,0,117320,0
FINNIFTY13NOV2321000CE.NFO,2023-11-09,13:56:00,2023-11-13,0.7,0.7,0.7,0.7,0,117320,0
FINNIFTY13NOV2321000CE.NFO,2023-11-09,13:57:00,2023-11-13,0.7,0.7,0.65,0.65,400,117400,0
FINNIFTY13NOV2321000CE.NFO,2023-11-09,13:58:00,2023-11-13,0.65,0.65,0.65,0.65,400,117400,0
FINNIFTY13NOV2321000CE.NFO,2023-11-09,13:59:00,2023-11-13,0.65,0.65,0.65,0.65,0,117400,0
FINNIFTY13NOV2321000CE.NFO,2023-11-09,14:00:00,2023-11-13,0.65,0.7,0.65,0.7,2000,117400,0
FINNIFTY13NOV2321000CE.NFO,2023-11-09,14:01:00,2023-11-13,0.7,0.7,0.7,0.7,0,117400,0
FINNIFTY13NOV2321000CE.NFO,2023-11-09,14:02:00,2023-11-13,0.7,0.7,0.65,0.65,680,117400,0
FINNIFTY13NOV2321000CE.NFO,2023-11-09,14:03:00,2023-11-13,0.65,0.65,0.65,0.65,0,117400,0
FINNIFTY13NOV2321000CE.NFO,2023-11-09,14:04:00,2023-11-13,0.65,0.65,0.65,0.65,0,117400,0
FINNIFTY13NOV2321000CE.NFO,2023-11-09,14:05:00,2023-11-13,0.65,0.7,0.65,0.65,320,117400,0
FINNIFTY13NOV2321000CE.NFO,2023-11-09,14:06:00,2023-11-13,0.65,0.65,0.65,0.65,0,117400,0
FINNIFTY13NOV2321000CE.NFO,2023-11-09,14:07:00,2023-11-13,0.65,0.65,0.65,0.65,560,117600,0
FINNIFTY13NOV2321000CE.NFO,2023-11-09,14:08:00,2023-11-13,0.65,0.65,0.65,0.65,3720,117600,0
FINNIFTY13NOV2321000CE.NFO,2023-11-09,14:09:00,2023-11-13,0.65,0.65,0.6,0.65,2640,119400,0
FINNIFTY13NOV2321000CE.NFO,2023-11-09,14:10:00,2023-11-13,0.65,0.65,0.65,0.65,200,119400,0
FINNIFTY13NOV2321000CE.NFO,2023-11-09,14:11:00,2023-11-13,0.65,0.65,0.65,0.65,0,119400,0
FINNIFTY13NOV2321000CE.NFO,2023-11-09,14:12:00,2023-11-13,0.65,0.65,0.65,0.65,40,118480,0
FINNIFTY13NOV2321000CE.NFO,2023-11-09,14:13:00,2023-11-13,0.65,0.65,0.65,0.65,0,118480,0
FINNIFTY13NOV2321000CE.NFO,2023-11-09,14:14:00,2023-11-13,0.65,0.65,0.65,0.65,0,118480,0
FINNIFTY13NOV2321000CE.NFO,2023-11-09,14:15:00,2023-11-13,0.65,0.65,0.65,0.65,1240,118480,0
FINNIFTY13NOV2321000CE.NFO,2023-11-09,14:16:00,2023-11-13,0.65,0.65,0.65,0.65,0,118480,0
FINNIFTY13NOV2321000CE.NFO,2023-11-09,14:17:00,2023-11-13,0.65,0.65,0.65,0.65,0,118480,0
FINNIFTY13NOV2321000CE.NFO,2023-11-09,14:18:00,2023-11-13,0.65,0.65,0.65,0.65,1440,118480,0
FINNIFTY13NOV2321000CE.NFO,2023-11-09,14:19:00,2023-11-13,0.65,0.65,0.65,0.65,0,118480,0
FINNIFTY13NOV2321000CE.NFO,2023-11-09,14:20:00,2023-11-13,0.65,0.65,0.6,0.65,680,118480,0
FINNIFTY13NOV2321000CE.NFO,2023-11-09,14:21:00,2023-11-13,0.65,0.65,0.65,0.65,0,118480,0
FINNIFTY13NOV2321000CE.NFO,2023-11-09,14:22:00,2023-11-13,0.65,0.65,0.6,0.6,3600,118560,0
FINNIFTY13NOV2321000CE.NFO,2023-11-09,14:23:00,2023-11-13,0.6,0.65,0.6,0.65,240,118560,0
FINNIFTY13NOV2321000CE.NFO,2023-11-09,14:24:00,2023-11-13,0.65,0.65,0.6,0.6,1040,120040,0
FINNIFTY13NOV2321000CE.NFO,2023-11-09,14:25:00,2023-11-13,0.6,0.65,0.6,0.65,400,120040,0
FINNIFTY13NOV2321000CE.NFO,2023-11-09,14:26:00,2023-11-13,0.65,0.65,0.65,0.65,120,120040,0
FINNIFTY13NOV2321000CE.NFO,2023-11-09,14:27:00,2023-11-13,0.65,0.65,0.6,0.6,240,120040,0
FINNIFTY13NOV2321000CE.NFO,2023-11-09,14:28:00,2023-11-13,0.6,0.65,0.6,0.65,240,120040,0
FINNIFTY13NOV2321000CE.NFO,2023-11-09,14:29:00,2023-11-13,0.65,0.65,0.65,0.65,520,120040,0
FINNIFTY13NOV2321000CE.NFO,2023-11-09,14:30:00,2023-11-13,0.65,0.65,0.65,0.65,1240,119520,0
FINNIFTY13NOV2321000CE.NFO,2023-11-09,14:31:00,2023-11-13,0.65,0.65,0.65,0.65,40,119520,0
FINNIFTY13NOV2321000CE.NFO,2023-11-09,14:32:00,2023-11-13,0.65,0.65,0.6,0.6,40,119520,0
FINNIFTY13NOV2321000CE.NFO,2023-11-09,14:33:00,2023-11-13,0.6,0.65,0.6,0.65,400,120280,0
FINNIFTY13NOV2321000CE.NFO,2023-11-09,14:34:00,2023-11-13,0.65,0.65,0.65,0.65,0,120280,0
FINNIFTY13NOV2321000CE.NFO,2023-11-09,14:35:00,2023-11-13,0.65,0.65,0.65,0.65,2000,120280,0
FINNIFTY13NOV2321000CE.NFO,2023-11-09,14:36:00,2023-11-13,0.6,0.65,0.6,0.65,120,122680,0
FINNIFTY13NOV2321000CE.NFO,2023-11-09,14:37:00,2023-11-13,0.65,0.65,0.65,0.65,600,122680,0
FINNIFTY13NOV2321000CE.NFO,2023-11-09,14:38:00,2023-11-13,0.6,0.6,0.6,0.6,0,122680,0
FINNIFTY13NOV2321000CE.NFO,2023-11-09,14:39:00,2023-11-13,0.6,0.65,0.6,0.65,120,123200,0
FINNIFTY13NOV2321000CE.NFO,2023-11-09,14:40:00,2023-11-13,0.6,0.65,0.6,0.65,800,123200,0
FINNIFTY13NOV2321000CE.NFO,2023-11-09,14:41:00,2023-11-13,0.65,0.65,0.65,0.65,1080,123200,0
FINNIFTY13NOV2321000CE.NFO,2023-11-09,14:42:00,2023-11-13,0.6,0.65,0.6,0.65,3880,123640,0
FINNIFTY13NOV2321000CE.NFO,2023-11-09,14:43:00,2023-11-13,0.6,0.65,0.6,0.65,440,123640,0
FINNIFTY13NOV2321000CE.NFO,2023-11-09,14:44:00,2023-11-13,0.65,0.65,0.65,0.65,0,123640,0
FINNIFTY13NOV2321000CE.NFO,2023-11-09,14:45:00,2023-11-13,0.65,0.65,0.65,0.65,800,123840,0
FINNIFTY13NOV2321000CE.NFO,2023-11-09,14:46:00,2023-11-13,0.6,0.65,0.6,0.65,720,123840,0
FINNIFTY13NOV2321000CE.NFO,2023-11-09,14:47:00,2023-11-13,0.65,0.65,0.65,0.65,0,123840,0
FINNIFTY13NOV2321000CE.NFO,2023-11-09,14:48:00,2023-11-13,0.65,0.65,0.65,0.65,2000,123040,0
FINNIFTY13NOV2321000CE.NFO,2023-11-09,14:49:00,2023-11-13,0.6,0.65,0.6,0.65,280,123040,0
FINNIFTY13NOV2321000CE.NFO,2023-11-09,14:50:00,2023-11-13,0.65,0.65,0.65,0.65,520,123040,0
FINNIFTY13NOV2321000CE.NFO,2023-11-09,14:51:00,2023-11-13,0.65,0.65,0.65,0.65,80,121360,0
FINNIFTY13NOV2321000CE.NFO,2023-11-09,14:52:00,2023-11-13,0.65,0.65,0.65,0.65,0,121360,0
FINNIFTY13NOV2321000CE.NFO,2023-11-09,14:53:00,2023-11-13,0.6,0.6,0.6,0.6,1000,121360,0
FINNIFTY13NOV2321000CE.NFO,2023-11-09,14:54:00,2023-11-13,0.6,0.65,0.6,0.65,80,121280,0
FINNIFTY13NOV2321000CE.NFO,2023-11-09,14:55:00,2023-11-13,0.65,0.65,0.65,0.65,200,121280,0
FINNIFTY13NOV2321000CE.NFO,2023-11-09,14:56:00,2023-11-13,0.65,0.65,0.65,0.65,1320,121280,0
FINNIFTY13NOV2321000CE.NFO,2023-11-09,14:57:00,2023-11-13,0.65,0.65,0.6,0.65,960,121080,0
FINNIFTY13NOV2321000CE.NFO,2023-11-09,14:58:00,2023-11-13,0.65,0.65,0.6,0.65,160,121080,0
FINNIFTY13NOV2321000CE.NFO,2023-11-09,14:59:00,2023-11-13,0.65,0.65,0.65,0.65,240,121080,0
FINNIFTY13NOV2321000CE.NFO,2023-11-09,15:00:00,2023-11-13,0.6,0.65,0.6,0.6,800,121480,0
FINNIFTY13NOV2321000CE.NFO,2023-11-09,15:01:00,2023-11-13,0.6,0.6,0.6,0.6,360,121480,0
FINNIFTY13NOV2321000CE.NFO,2023-11-09,15:02:00,2023-11-13,0.6,0.6,0.6,0.6,360,121480,0
FINNIFTY13NOV2321000CE.NFO,2023-11-09,15:03:00,2023-11-13,0.6,0.6,0.5,0.5,1080,122360,0
FINNIFTY13NOV2321000CE.NFO,2023-11-09,15:04:00,2023-11-13,0.6,0.6,0.55,0.55,4520,122360,0
FINNIFTY13NOV2321000CE.NFO,2023-11-09,15:05:00,2023-11-13,0.55,0.6,0.55,0.6,200,122360,0
FINNIFTY13NOV2321000CE.NFO,2023-11-09,15:06:00,2023-11-13,0.6,0.6,0.55,0.6,3720,122360,0
FINNIFTY13NOV2321000CE.NFO,2023-11-09,15:07:00,2023-11-13,0.6,0.6,0.55,0.55,680,122360,0
FINNIFTY13NOV2321000CE.NFO,2023-11-09,15:08:00,2023-11-13,0.55,0.6,0.55,0.6,80,122360,0
FINNIFTY13NOV2321000CE.NFO,2023-11-09,15:09:00,2023-11-13,0.6,0.6,0.6,0.6,960,119680,0
FINNIFTY13NOV2321000CE.NFO,2023-11-09,15:10:00,2023-11-13,0.6,0.6,0.6,0.6,2880,119680,0
FINNIFTY13NOV2321000CE.NFO,2023-11-09,15:11:00,2023-11-13,0.6,0.6,0.6,0.6,1680,119680,0
FINNIFTY13NOV2321000CE.NFO,2023-11-09,15:12:00,2023-11-13,0.6,0.6,0.6,0.6,4440,119680,0
FINNIFTY13NOV2321000CE.NFO,2023-11-09,15:13:00,2023-11-13,0.6,0.65,0.55,0.65,24560,122440,0
FINNIFTY13NOV2321000CE.NFO,2023-11-09,15:14:00,2023-11-13,0.65,0.65,0.65,0.65,18080,122440,0
FINNIFTY13NOV2321000CE.NFO,2023-11-09,15:15:00,2023-11-13,0.65,0.7,0.6,0.65,151880,147760,0
FINNIFTY13NOV2321000CE.NFO,2023-11-09,15:16:00,2023-11-13,0.65,0.7,0.65,0.65,43240,147760,0
FINNIFTY13NOV2321000CE.NFO,2023-11-09,15:17:00,2023-11-13,0.65,0.7,0.6,0.65,129600,147760,0
FINNIFTY13NOV2321000CE.NFO,2023-11-09,15:18:00,2023-11-13,0.65,0.7,0.65,0.65,50000,417720,0
FINNIFTY13NOV2321000CE.NFO,2023-11-09,15:19:00,2023-11-13,0.65,0.65,0.6,0.6,18600,417720,0
FINNIFTY13NOV2321000CE.NFO,2023-11-09,15:20:00,2023-11-13,0.65,0.7,0.6,0.7,37280,417720,0
FINNIFTY13NOV2321000CE.NFO,2023-11-09,15:21:00,2023-11-13,0.7,0.75,0.7,0.7,84080,501920,0
FINNIFTY13NOV2321000CE.NFO,2023-11-09,15:22:00,2023-11-13,0.7,0.7,0.65,0.7,59880,501920,0
FINNIFTY13NOV2321000CE.NFO,2023-11-09,15:23:00,2023-11-13,0.7,0.7,0.6,0.65,19320,501920,0
FINNIFTY13NOV2321000CE.NFO,2023-11-09,15:24:00,2023-11-13,0.65,0.65,0.65,0.65,12640,612000,0
FINNIFTY13NOV2321000CE.NFO,2023-11-09,15:25:00,2023-11-13,0.65,0.7,0.65,0.65,21000,612000,0
FINNIFTY13NOV2321000CE.NFO,2023-11-09,15:26:00,2023-11-13,0.65,0.65,0.6,0.65,4920,612000,0
FINNIFTY13NOV2321000CE.NFO,2023-11-09,15:27:00,2023-11-13,0.6,0.65,0.6,0.65,1200,628280,0
FINNIFTY13NOV2321000CE.NFO,2023-11-09,15:28:00,2023-11-13,0.65,0.7,0.6,0.7,19400,628280,0
FINNIFTY13NOV2321000CE.NFO,2023-11-09,15:29:00,2023-11-13,0.7,0.7,0.65,0.65,36280,628280,0
FINNIFTY13NOV2321000CE.NFO,2023-11-09,15:30:00,2023-11-13,0.65,0.65,0.65,0.65,36280,628280,1
FINNIFTY13NOV2321000CE.NFO,2023-11-10,09:15:00,2023-11-13,0.6,0.7,0.55,0.6,17040,673720,0
FINNIFTY13NOV2321000CE.NFO,2023-11-10,09:16:00,2023-11-13,0.6,0.65,0.5,0.55,24840,673720,0
FINNIFTY13NOV2321000CE.NFO,2023-11-10,09:17:00,2023-11-13,0.55,0.6,0.5,0.55,22440,669760,0
FINNIFTY13NOV2321000CE.NFO,2023-11-10,09:18:00,2023-11-13,0.55,0.55,0.45,0.5,39280,669760,0
FINNIFTY13NOV2321000CE.NFO,2023-11-10,09:19:00,2023-11-13,0.5,0.5,0.45,0.5,42040,669760,0
FINNIFTY13NOV2321000CE.NFO,2023-11-10,09:20:00,2023-11-13,0.5,0.5,0.45,0.5,13080,681440,0
FINNIFTY13NOV2321000CE.NFO,2023-11-10,09:21:00,2023-11-13,0.5,0.55,0.45,0.55,45240,681440,0
FINNIFTY13NOV2321000CE.NFO,2023-11-10,09:22:00,2023-11-13,0.55,0.55,0.5,0.5,8400,681440,0
FINNIFTY13NOV2321000CE.NFO,2023-11-10,09:23:00,2023-11-13,0.5,0.55,0.5,0.5,40640,691760,0
FINNIFTY13NOV2321000CE.NFO,2023-11-10,09:24:00,2023-11-13,0.5,0.5,0.45,0.5,37560,691760,0
FINNIFTY13NOV2321000CE.NFO,2023-11-10,09:25:00,2023-11-13,0.45,0.5,0.45,0.5,71320,691760,0
FINNIFTY13NOV2321000CE.NFO,2023-11-10,09:26:00,2023-11-13,0.45,0.5,0.45,0.45,4360,744520,0
FINNIFTY13NOV2321000CE.NFO,2023-11-10,09:27:00,2023-11-13,0.45,0.5,0.4,0.4,32440,744520,0
FINNIFTY13NOV2321000CE.NFO,2023-11-10,09:28:00,2023-11-13,0.4,0.4,0.4,0.4,72560,744520,0
FINNIFTY13NOV2321000CE.NFO,2023-11-10,09:29:00,2023-11-13,0.4,0.4,0.35,0.4,12360,747680,0
FINNIFTY13NOV2321000CE.NFO,2023-11-10,09:30:00,2023-11-13,0.4,0.4,0.4,0.4,3200,747680,0
FINNIFTY13NOV2321000CE.NFO,2023-11-10,09:31:00,2023-11-13,0.4,0.4,0.35,0.35,8520,747680,0
FINNIFTY13NOV2321000CE.NFO,2023-11-10,09:32:00,2023-11-13,0.35,0.4,0.35,0.4,3600,735320,0
FINNIFTY13NOV2321000CE.NFO,2023-11-10,09:33:00,2023-11-13,0.4,0.4,0.35,0.4,3640,735320,0
FINNIFTY13NOV2321000CE.NFO,2023-11-10,09:34:00,2023-11-13,0.4,0.4,0.4,0.4,3800,735320,0
FINNIFTY13NOV2321000CE.NFO,2023-11-10,09:35:00,2023-11-13,0.4,0.4,0.4,0.4,3800,737320,0
FINNIFTY13NOV2321000CE.NFO,2023-11-10,09:36:00,2023-11-13,0.4,0.4,0.4,0.4,1720,737320,0
FINNIFTY13NOV2321000CE.NFO,2023-11-10,09:37:00,2023-11-13,0.4,0.4,0.4,0.4,1040,737320,0
FINNIFTY13NOV2321000CE.NFO,2023-11-10,09:38:00,2023-11-13,0.4,0.4,0.35,0.4,6840,739320,0
FINNIFTY13NOV2321000CE.NFO,2023-11-10,09:39:00,2023-11-13,0.4,0.4,0.4,0.4,560,739320,0
FINNIFTY13NOV2321000CE.NFO,2023-11-10,09:40:00,2023-11-13,0.4,0.4,0.4,0.4,9400,739320,0
FINNIFTY13NOV2321000CE.NFO,2023-11-10,09:41:00,2023-11-13,0.4,0.4,0.4,0.4,76120,770720,0
FINNIFTY13NOV2321000CE.NFO,2023-11-10,09:42:00,2023-11-13,0.4,0.4,0.4,0.4,1800,770720,0
FINNIFTY13NOV2321000CE.NFO,2023-11-10,09:43:00,2023-11-13,0.4,0.4,0.4,0.4,480,770720,0
FINNIFTY13NOV2321000CE.NFO,2023-11-10,09:44:00,2023-11-13,0.35,0.35,0.35,0.35,9760,806960,0
FINNIFTY13NOV2321000CE.NFO,2023-11-10,09:45:00,2023-11-13,0.35,0.4,0.35,0.35,31320,806960,0
FINNIFTY13NOV2321000CE.NFO,2023-11-10,09:46:00,2023-11-13,0.35,0.35,0.35,0.35,2520,806960,0
FINNIFTY13NOV2321000CE.NFO,2023-11-10,09:47:00,2023-11-13,0.35,0.35,0.35,0.35,44840,769960,0
FINNIFTY13NOV2321000CE.NFO,2023-11-10,09:48:00,2023-11-13,0.4,0.4,0.4,0.4,0,769960,0
FINNIFTY13NOV2321000CE.NFO,2023-11-10,09:49:00,2023-11-13,0.4,0.4,0.4,0.4,600,769960,0
FINNIFTY13NOV2321000CE.NFO,2023-11-10,09:50:00,2023-11-13,0.35,0.35,0.35,0.35,9000,769960,0
FINNIFTY13NOV2321000CE.NFO,2023-11-10,09:51:00,2023-11-13,0.4,0.4,0.4,0.4,240,760840,0
FINNIFTY13NOV2321000CE.NFO,2023-11-10,09:52:00,2023-11-13,0.4,0.4,0.4,0.4,0,760840,0
FINNIFTY13NOV2321000CE.NFO,2023-11-10,09:53:00,2023-11-13,0.4,0.4,0.4,0.4,0,760840,0
FINNIFTY13NOV2321000CE.NFO,2023-11-10,09:54:00,2023-11-13,0.4,0.4,0.4,0.4,0,760840,1
FINNIFTY13NOV2321000CE.NFO,2023-11-10,09:55:00,2023-11-13,0.4,0.4,0.35,0.35,39880,761280,0
FINNIFTY13NOV2321000CE.NFO,2023-11-10,09:56:00,2023-11-13,0.35,0.4,0.35,0.4,10120,714520,0
FINNIFTY13NOV2321000CE.NFO,2023-11-10,09:57:00,2023-11-13,0.4,0.4,0.35,0.35,320,714520,0
FINNIFTY13NOV2321000CE.NFO,2023-11-10,09:58:00,2023-11-13,0.35,0.35,0.35,0.35,1800,714520,0
FINNIFTY13NOV2321000CE.NFO,2023-11-10,09:59:00,2023-11-13,0.35,0.4,0.35,0.4,560,711400,0
FINNIFTY13NOV2321000CE.NFO,2023-11-10,10:00:00,2023-11-13,0.4,0.4,0.35,0.4,1520,711400,0
FINNIFTY13NOV2321000CE.NFO,2023-11-10,10:01:00,2023-11-13,0.4,0.4,0.4,0.4,80,711400,0
FINNIFTY13NOV2321000CE.NFO,2023-11-10,10:02:00,2023-11-13,0.4,0.4,0.4,0.4,120,711160,0
FINNIFTY13NOV2321000CE.NFO,2023-11-10,10:03:00,2023-11-13,0.4,0.4,0.35,0.35,440,711160,0
FINNIFTY13NOV2321000CE.NFO,2023-11-10,10:04:00,2023-11-13,0.4,0.4,0.4,0.4,800,711160,0
FINNIFTY13NOV2321000CE.NFO,2023-11-10,10:05:00,2023-11-13,0.4,0.4,0.4,0.4,2320,713120,0
FINNIFTY13NOV2321000CE.NFO,2023-11-10,10:06:00,2023-11-13,0.35,0.4,0.35,0.4,3120,713120,0
FINNIFTY13NOV2321000CE.NFO,2023-11-10,10:07:00,2023-11-13,0.4,0.4,0.4,0.4,0,713120,0
FINNIFTY13NOV2321000CE.NFO,2023-11-10,10:08:00,2023-11-13,0.35,0.35,0.35,0.35,480,710880,0
FINNIFTY13NOV2321000CE.NFO,2023-11-10,10:09:00,2023-11-13,0.35,0.35,0.35,0.35,0,710880,0
FINNIFTY13NOV2321000CE.NFO,2023-11-10,10:10:00,2023-11-13,0.35,0.4,0.35,0.4,1600,710880,0
FINNIFTY13NOV2321000CE.NFO,2023-11-10,10:11:00,2023-11-13,0.4,0.4,0.4,0.4,0,710880,0
FINNIFTY13NOV2321000CE.NFO,2023-11-10,10:12:00,2023-11-13,0.4,0.4,0.4,0.4,0,710880,0
FINNIFTY13NOV2321000CE.NFO,2023-11-10,10:13:00,2023-11-13,0.4,0.4,0.4,0.4,0,710880,0
FINNIFTY13NOV2321000CE.NFO,2023-11-10,10:14:00,2023-11-13,0.4,0.4,0.4,0.4,0,710880,1
FINNIFTY13NOV2321000CE.NFO,2023-11-10,10:15:00,2023-11-13,0.4,0.4,0.4,0.4,1160,709400,0
FINNIFTY13NOV2321000CE.NFO,2023-11-10,10:16:00,2023-11-13,0.4,0.4,0.4,0.4,1160,709400,1
FINNIFTY13NOV2321000CE.NFO,2023-11-10,10:17:00,2023-11-13,0.4,0.4,0.4,0.4,0,709400,0
FINNIFTY13NOV2321000CE.NFO,2023-11-10,10:18:00,2023-11-13,0.4,0.4,0.35,0.4,240,709480,0
FINNIFTY13NOV2321000CE.NFO,2023-11-10,10:19:00,2023-11-13,0.4,0.4,0.35,0.35,12560,709480,0
FINNIFTY13NOV2321000CE.NFO,2023-11-10,10:20:00,2023-11-13,0.35,0.35,0.35,0.35,200,709480,0
FINNIFTY13NOV2321000CE.NFO,2023-11-10,10:21:00,2023-11-13,0.35,0.35,0.3,0.35,5640,701120,0
FINNIFTY13NOV2321000CE.NFO,2023-11-10,10:22:00,2023-11-13,0.35,0.35,0.35,0.35,0,701120,0
FINNIFTY13NOV2321000CE.NFO,2023-11-10,10:23:00,2023-11-13,0.35,0.35,0.35,0.35,80,701120,0
FINNIFTY13NOV2321000CE.NFO,2023-11-10,10:24:00,2023-11-13,0.35,0.35,0.35,0.35,12240,701120,0
FINNIFTY13NOV2321000CE.NFO,2023-11-10,10:25:00,2023-11-13,0.35,0.35,0.3,0.3,4040,701120,0
FINNIFTY13NOV2321000CE.NFO,2023-11-10,10:26:00,2023-11-13,0.3,0.3,0.3,0.3,440,694200,0
FINNIFTY13NOV2321000CE.NFO,2023-11-10,10:27:00,2023-11-13,0.3,0.3,0.3,0.3,0,694200,0
FINNIFTY13NOV2321000CE.NFO,2023-11-10,10:28:00,2023-11-13,0.3,0.3,0.3,0.3,0,694200,0
FINNIFTY13NOV2321000CE.NFO,2023-11-10,10:29:00,2023-11-13,0.3,0.3,0.3,0.3,0,694200,0
FINNIFTY13NOV2321000CE.NFO,2023-11-10,10:30:00,2023-11-13,0.3,0.35,0.3,0.35,200,694200,0
FINNIFTY13NOV2321000CE.NFO,2023-11-10,10:31:00,2023-11-13,0.35,0.35,0.35,0.35,0,694200,0
FINNIFTY13NOV2321000CE.NFO,2023-11-10,10:32:00,2023-11-13,0.35,0.35,0.35,0.35,0,694200,0
FINNIFTY13NOV2321000CE.NFO,2023-11-10,10:33:00,2023-11-13,0.35,0.35,0.3,0.3,2680,694200,0
FINNIFTY13NOV2321000CE.NFO,2023-11-10,10:34:00,2023-11-13,0.3,0.35,0.3,0.35,3240,694200,0
FINNIFTY13NOV2321000CE.NFO,2023-11-10,10:35:00,2023-11-13,0.35,0.35,0.35,0.35,240,691040,0
FINNIFTY13NOV2321000CE.NFO,2023-11-10,10:36:00,2023-11-13,0.35,0.35,0.35,0.35,0,691040,0
FINNIFTY13NOV2321000CE.NFO,2023-11-10,10:37:00,2023-11-13,0.35,0.35,0.3,0.35,1960,691040,0
FINNIFTY13NOV2321000CE.NFO,2023-11-10,10:38:00,2023-11-13,0.35,0.35,0.3,0.3,10800,687800,0
FINNIFTY13NOV2321000CE.NFO,2023-11-10,10:39:00,2023-11-13,0.3,0.3,0.3,0.3,0,687800,0
FINNIFTY13NOV2321000CE.NFO,2023-11-10,10:40:00,2023-11-13,0.3,0.35,0.3,0.35,200,687800,0
FINNIFTY13NOV2321000CE.NFO,2023-11-10,10:41:00,2023-11-13,0.35,0.35,0.35,0.35,0,687800,0
FINNIFTY13NOV2321000CE.NFO,2023-11-10,10:42:00,2023-11-13,0.35,0.35,0.35,0.35,0,687800,0
FINNIFTY13NOV2321000CE.NFO,2023-11-10,10:43:00,2023-11-13,0.35,0.35,0.35,0.35,40,678800,0
FINNIFTY13NOV2321000CE.NFO,2023-11-10,10:44:00,2023-11-13,0.35,0.35,0.35,0.35,0,678800,0
FINNIFTY13NOV2321000CE.NFO,2023-11-10,10:45:00,2023-11-13,0.35,0.35,0.35,0.35,0,678800,1
FINNIFTY13NOV2321000CE.NFO,2023-11-10,10:46:00,2023-11-13,0.35,0.35,0.35,0.35,200,678800,0
FINNIFTY13NOV2321000CE.NFO,2023-11-10,10:47:00,2023-11-13,0.35,0.35,0.3,0.3,760,678800,0
FINNIFTY13NOV2321000CE.NFO,2023-11-10,10:48:00,2023-11-13,0.3,0.3,0.3,0.3,0,678800,0
FINNIFTY13NOV2321000CE.NFO,2023-11-10,10:49:00,2023-11-13,0.3,0.3,0.3,0.3,80,678040,0
FINNIFTY13NOV2321000CE.NFO,2023-11-10,10:50:00,2023-11-13,0.3,0.35,0.3,0.35,280,677960,0
FINNIFTY13NOV2321000CE.NFO,2023-11-10,10:51:00,2023-11-13,0.35,0.35,0.3,0.3,920,677960,0
FINNIFTY13NOV2321000CE.NFO,2023-11-10,10:52:00,2023-11-13,0.3,0.3,0.3,0.3,200,677960,0
FINNIFTY13NOV2321000CE.NFO,2023-11-10,10:53:00,2023-11-13,0.3,0.35,0.3,0.35,120,676960,0
FINNIFTY13NOV2321000CE.NFO,2023-11-10,10:54:00,2023-11-13,0.35,0.35,0.3,0.35,320,676960,0
FINNIFTY13NOV2321000CE.NFO,2023-11-10,10:55:00,2023-11-13,0.35,0.35,0.35,0.35,280,676960,0
FINNIFTY13NOV2321000CE.NFO,2023-11-10,10:56:00,2023-11-13,0.35,0.35,0.35,0.35,520,676840,0
FINNIFTY13NOV2321000CE.NFO,2023-11-10,10:57:00,2023-11-13,0.35,0.35,0.35,0.35,1120,676840,0
FINNIFTY13NOV2321000CE.NFO,2023-11-10,10:58:00,2023-11-13,0.35,0.35,0.35,0.35,0,676840,0
FINNIFTY13NOV2321000CE.NFO,2023-11-10,10:59:00,2023-11-13,0.35,0.35,0.35,0.35,560,676840,0
FINNIFTY13NOV2321000CE.NFO,2023-11-10,11:00:00,2023-11-13,0.35,0.35,0.35,0.35,240,676520,0
FINNIFTY13NOV2321000CE.NFO,2023-11-10,11:01:00,2023-11-13,0.35,0.35,0.35,0.35,0,676520,0
FINNIFTY13NOV2321000CE.NFO,2023-11-10,11:02:00,2023-11-13,0.35,0.35,0.35,0.35,2080,676520,0
FINNIFTY13NOV2321000CE.NFO,2023-11-10,11:03:00,2023-11-13,0.35,0.35,0.3,0.3,80,676520,0
FINNIFTY13NOV2321000CE.NFO,2023-11-10,11:04:00,2023-11-13,0.3,0.35,0.3,0.35,1040,676520,0
FINNIFTY13NOV2321000CE.NFO,2023-11-10,11:05:00,2023-11-13,0.35,0.35,0.3,0.35,480,676160,0
FINNIFTY13NOV2321000CE.NFO,2023-11-10,11:06:00,2023-11-13,0.35,0.35,0.35,0.35,0,676160,0
FINNIFTY13NOV2321000CE.NFO,2023-11-10,11:07:00,2023-11-13,0.35,0.35,0.35,0.35,0,676160,0
FINNIFTY13NOV2321000CE.NFO,2023-11-10,11:08:00,2023-11-13,0.35,0.35,0.35,0.35,0,676160,0
FINNIFTY13NOV2321000CE.NFO,2023-11-10,11:09:00,2023-11-13,0.35,0.35,0.35,0.35,0,676160,1
FINNIFTY13NOV2321000CE.NFO,2023-11-10,11:10:00,2023-11-13,0.35,0.35,0.35,0.35,80,676160,0
FINNIFTY13NOV2321000CE.NFO,2023-11-10,11:11:00,2023-11-13,0.35,0.35,0.35,0.35,400,676160,0
FINNIFTY13NOV2321000CE.NFO,2023-11-10,11:12:00,2023-11-13,0.3,0.3,0.3,0.3,0,676000,0
FINNIFTY13NOV2321000CE.NFO,2023-11-10,11:13:00,2023-11-13,0.3,0.3,0.3,0.3,0,676000,0
FINNIFTY13NOV2321000CE.NFO,2023-11-10,11:14:00,2023-11-13,0.3,0.3,0.3,0.3,4160,684600,0
FINNIFTY13NOV2321000CE.NFO,2023-11-10,11:15:00,2023-11-13,0.3,0.3,0.3,0.3,1200,684600,0
FINNIFTY13NOV2321000CE.NFO,2023-11-10,11:16:00,2023-11-13,0.3,0.3,0.25,0.25,120,684600,0
FINNIFTY13NOV2321000CE.NFO,2023-11-10,11:17:00,2023-11-13,0.25,0.3,0.25,0.3,1200,684600,0
FINNIFTY13NOV2321000CE.NFO,2023-11-10,11:18:00,2023-11-13,0.25,0.25,0.25,0.25,680,688720,0
FINNIFTY13NOV2321000CE.NFO,2023-11-10,11:19:00,2023-11-13,0.25,0.3,0.25,0.3,600,688720,0
FINNIFTY13NOV2321000CE.NFO,2023-11-10,11:20:00,2023-11-13,0.3,0.3,0.3,0.3,1880,690000,0
FINNIFTY13NOV2321000CE.NFO,2023-11-10,11:21:00,2023-11-13,0.3,0.3,0.3,0.3,2880,690000,0
FINNIFTY13NOV2321000CE.NFO,2023-11-10,11:22:00,2023-11-13,0.3,0.3,0.3,0.3,0,690000,0
FINNIFTY13NOV2321000CE.NFO,2023-11-10,11:23:00,2023-11-13,0.3,0.3,0.3,0.3,0,690000,0
FINNIFTY13NOV2321000CE.NFO,2023-11-10,11:24:00,2023-11-13,0.3,0.3,0.25,0.25,2200,693760,0
FINNIFTY13NOV2321000CE.NFO,2023-11-10,11:25:00,2023-11-13,0.3,0.3,0.25,0.3,1760,693760,0
FINNIFTY13NOV2321000CE.NFO,2023-11-10,11:26:00,2023-11-13,0.3,0.3,0.25,0.25,200,694120,0
FINNIFTY13NOV2321000CE.NFO,2023-11-10,11:27:00,2023-11-13,0.25,0.25,0.25,0.25,200,694120,0
FINNIFTY13NOV2321000CE.NFO,2023-11-10,11:28:00,2023-11-13,0.25,0.25,0.25,0.25,0,694120,0
FINNIFTY13NOV2321000CE.NFO,2023-11-10,11:29:00,2023-11-13,0.25,0.25,0.25,0.25,0,694120,0
FINNIFTY13NOV2321000CE.NFO,2023-11-10,11:30:00,2023-11-13,0.25,0.3,0.25,0.3,200,694120,0
FINNIFTY13NOV2321000CE.NFO,2023-11-10,11:31:00,2023-11-13,0.3,0.3,0.3,0.3,280,694120,0
FINNIFTY13NOV2321000CE.NFO,2023-11-10,11:32:00,2023-11-13,0.3,0.3,0.3,0.3,4000,696160,0
FINNIFTY13NOV2321000CE.NFO,2023-11-10,11:33:00,2023-11-13,0.3,0.3,0.25,0.3,13400,696160,0
FINNIFTY13NOV2321000CE.NFO,2023-11-10,11:34:00,2023-11-13,0.3,0.3,0.3,0.3,4440,696160,0
FINNIFTY13NOV2321000CE.NFO,2023-11-10,11:35:00,2023-11-13,0.3,0.3,0.3,0.3,8760,715120,0
FINNIFTY13NOV2321000CE.NFO,2023-11-10,11:36:00,2023-11-13,0.3,0.3,0.3,0.3,16320,715120,0
FINNIFTY13NOV2321000CE.NFO,2023-11-10,11:37:00,2023-11-13,0.3,0.3,0.3,0.3,280,715120,0
FINNIFTY13NOV2321000CE.NFO,2023-11-10,11:38:00,2023-11-13,0.3,0.3,0.3,0.3,0,715120,0
FINNIFTY13NOV2321000CE.NFO,2023-11-10,11:39:00,2023-11-13,0.3,0.3,0.3,0.3,0,715120,0
FINNIFTY13NOV2321000CE.NFO,2023-11-10,11:40:00,2023-11-13,0.3,0.3,0.3,0.3,400,713760,0
FINNIFTY13NOV2321000CE.NFO,2023-11-10,11:41:00,2023-11-13,0.3,0.3,0.3,0.3,0,713760,0
FINNIFTY13NOV2321000CE.NFO,2023-11-10,11:42:00,2023-11-13,0.3,0.3,0.3,0.3,600,713960,0
FINNIFTY13NOV2321000CE.NFO,2023-11-10,11:43:00,2023-11-13,0.3,0.3,0.3,0.3,0,713960,0
FINNIFTY13NOV2321000CE.NFO,2023-11-10,11:44:00,2023-11-13,0.3,0.3,0.3,0.3,400,713960,0
FINNIFTY13NOV2321000CE.NFO,2023-11-10,11:45:00,2023-11-13,0.3,0.3,0.3,0.3,2040,713960,0
FINNIFTY13NOV2321000CE.NFO,2023-11-10,11:46:00,2023-11-13,0.3,0.3,0.25,0.25,130800,713960,0
FINNIFTY13NOV2321000CE.NFO,2023-11-10,11:47:00,2023-11-13,0.25,0.3,0.25,0.25,2240,713960,0
FINNIFTY13NOV2321000CE.NFO,2023-11-10,11:48:00,2023-11-13,0.25,0.25,0.25,0.25,3000,702880,0
FINNIFTY13NOV2321000CE.NFO,2023-11-10,11:49:00,2023-11-13,0.25,0.3,0.25,0.3,1800,702880,0
FINNIFTY13NOV2321000CE.NFO,2023-11-10,11:50:00,2023-11-13,0.3,0.3,0.3,0.3,200,702880,0
FINNIFTY13NOV2321000CE.NFO,2023-11-10,11:51:00,2023-11-13,0.3,0.3,0.3,0.3,0,702880,0
FINNIFTY13NOV2321000CE.NFO,2023-11-10,11:52:00,2023-11-13,0.3,0.3,0.3,0.3,2320,702080,0
FINNIFTY13NOV2321000CE.NFO,2023-11-10,11:53:00,2023-11-13,0.3,0.3,0.3,0.3,2320,702080,0
FINNIFTY13NOV2321000CE.NFO,2023-11-10,11:54:00,2023-11-13,0.3,0.3,0.3,0.3,4680,702080,0
FINNIFTY13NOV2321000CE.NFO,2023-11-10,11:55:00,2023-11-13,0.3,0.3,0.3,0.3,200,702080,0
FINNIFTY13NOV2321000CE.NFO,2023-11-10,11:56:00,2023-11-13,0.3,0.3,0.3,0.3,0,702080,0
FINNIFTY13NOV2321000CE.NFO,2023-11-10,11:57:00,2023-11-13,0.3,0.3,0.3,0.3,0,702080,0
FINNIFTY13NOV2321000CE.NFO,2023-11-10,11:58:00,2023-11-13,0.3,0.3,0.3,0.3,0,702080,0
FINNIFTY13NOV2321000CE.NFO,2023-11-10,11:59:00,2023-11-13,0.3,0.3,0.3,0.3,1760,702080,0
FINNIFTY13NOV2321000CE.NFO,2023-11-10,12:00:00,2023-11-13,0.3,0.3,0.3,0.3,200,702080,0
FINNIFTY13NOV2321000CE.NFO,2023-11-10,12:01:00,2023-11-13,0.3,0.3,0.3,0.3,1960,702080,0
FINNIFTY13NOV2321000CE.NFO,2023-11-10,12:02:00,2023-11-13,0.3,0.3,0.3,0.3,2080,702080,0
FINNIFTY13NOV2321000CE.NFO,2023-11-10,12:03:00,2023-11-13,0.3,0.3,0.3,0.3,1040,702080,0
FINNIFTY13NOV2321000CE.NFO,2023-11-10,12:04:00,2023-11-13,0.3,0.3,0.3,0.3,0,702080,0
FINNIFTY13NOV2321000CE.NFO,2023-11-10,12:05:00,2023-11-13,0.3,0.3,0.3,0.3,11760,702200,0
FINNIFTY13NOV2321000CE.NFO,2023-11-10,12:06:00,2023-11-13,0.3,0.3,0.3,0.3,0,702200,0
FINNIFTY13NOV2321000CE.NFO,2023-11-10,12:07:00,2023-11-13,0.3,0.3,0.3,0.3,0,702200,0
FINNIFTY13NOV2321000CE.NFO,2023-11-10,12:08:00,2023-11-13,0.3,0.3,0.3,0.3,4320,702200,0
FINNIFTY13NOV2321000CE.NFO,2023-11-10,12:09:00,2023-11-13,0.3,0.3,0.3,0.3,0,702200,0
FINNIFTY13NOV2321000CE.NFO,2023-11-10,12:10:00,2023-11-13,0.3,0.3,0.3,0.3,360,702200,0
FINNIFTY13NOV2321000CE.NFO,2023-11-10,12:11:00,2023-11-13,0.3,0.3,0.3,0.3,0,702200,0
FINNIFTY13NOV2321000CE.NFO,2023-11-10,12:12:00,2023-11-13,0.3,0.3,0.3,0.3,320,702200,0
FINNIFTY13NOV2321000CE.NFO,2023-11-10,12:13:00,2023-11-13,0.3,0.3,0.3,0.3,0,702200,0
FINNIFTY13NOV2321000CE.NFO,2023-11-10,12:14:00,2023-11-13,0.3,0.3,0.3,0.3,1000,702200,0
FINNIFTY13NOV2321000CE.NFO,2023-11-10,12:15:00,2023-11-13,0.3,0.3,0.3,0.3,200,702200,0
FINNIFTY13NOV2321000CE.NFO,2023-11-10,12:16:00,2023-11-13,0.3,0.3,0.3,0.3,0,702200,0
FINNIFTY13NOV2321000CE.NFO,2023-11-10,12:17:00,2023-11-13,0.3,0.3,0.3,0.3,2320,702200,0
FINNIFTY13NOV2321000CE.NFO,2023-11-10,12:18:00,2023-11-13,0.3,0.3,0.3,0.3,40,701200,0
FINNIFTY13NOV2321000CE.NFO,2023-11-10,12:19:00,2023-11-13,0.3,0.3,0.3,0.3,3920,701200,0
FINNIFTY13NOV2321000CE.NFO,2023-11-10,12:20:00,2023-11-13,0.3,0.3,0.3,0.3,280,701200,0
FINNIFTY13NOV2321000CE.NFO,2023-11-10,12:21:00,2023-11-13,0.3,0.3,0.3,0.3,480,701200,0
FINNIFTY13NOV2321000CE.NFO,2023-11-10,12:22:00,2023-11-13,0.3,0.3,0.3,0.3,0,701200,0
FINNIFTY13NOV2321000CE.NFO,2023-11-10,12:23:00,2023-11-13,0.3,0.3,0.3,0.3,3960,701200,0
FINNIFTY13NOV2321000CE.NFO,2023-11-10,12:24:00,2023-11-13,0.3,0.3,0.3,0.3,0,701200,0
FINNIFTY13NOV2321000CE.NFO,2023-11-10,12:25:00,2023-11-13,0.3,0.3,0.3,0.3,800,701200,0
FINNIFTY13NOV2321000CE.NFO,2023-11-10,12:26:00,2023-11-13,0.3,0.3,0.3,0.3,0,701200,0
FINNIFTY13NOV2321000CE.NFO,2023-11-10,12:27:00,2023-11-13,0.3,0.3,0.3,0.3,80,701200,0
FINNIFTY13NOV2321000CE.NFO,2023-11-10,12:28:00,2023-11-13,0.3,0.3,0.3,0.3,0,701200,0
FINNIFTY13NOV2321000CE.NFO,2023-11-10,12:29:00,2023-11-13,0.3,0.3,0.3,0.3,280,701200,0
FINNIFTY13NOV2321000CE.NFO,2023-11-10,12:30:00,2023-11-13,0.3,0.3,0.3,0.3,1960,701200,0
FINNIFTY13NOV2321000CE.NFO,2023-11-10,12:31:00,2023-11-13,0.3,0.3,0.3,0.3,1240,701200,0
FINNIFTY13NOV2321000CE.NFO,2023-11-10,12:32:00,2023-11-13,0.3,0.3,0.3,0.3,520,701200,0
FINNIFTY13NOV2321000CE.NFO,2023-11-10,12:33:00,2023-11-13,0.3,0.3,0.3,0.3,200,699960,0
FINNIFTY13NOV2321000CE.NFO,2023-11-10,12:34:00,2023-11-13,0.3,0.3,0.25,0.3,680,699960,0
FINNIFTY13NOV2321000CE.NFO,2023-11-10,12:35:00,2023-11-13,0.3,0.3,0.3,0.3,280,699960,0
FINNIFTY13NOV2321000CE.NFO,2023-11-10,12:36:00,2023-11-13,0.3,0.3,0.3,0.3,200,699760,0
FINNIFTY13NOV2321000CE.NFO,2023-11-10,12:37:00,2023-11-13,0.3,0.3,0.25,0.3,5960,699760,0
FINNIFTY13NOV2321000CE.NFO,2023-11-10,12:38:00,2023-11-13,0.3,0.3,0.3,0.3,3280,699840,0
FINNIFTY13NOV2321000CE.NFO,2023-11-10,12:39:00,2023-11-13,0.3,0.3,0.3,0.3,80,699840,0
FINNIFTY13NOV2321000CE.NFO,2023-11-10,12:40:00,2023-11-13,0.3,0.3,0.3,0.3,1840,699840,0
FINNIFTY13NOV2321000CE.NFO,2023-11-10,12:41:00,2023-11-13,0.3,0.3,0.25,0.3,760,698800,0
FINNIFTY13NOV2321000CE.NFO,2023-11-10,12:42:00,2023-11-13,0.3,0.3,0.3,0.3,0,698800,0
FINNIFTY13NOV2321000CE.NFO,2023-11-10,12:43:00,2023-11-13,0.3,0.3,0.25,0.25,400,698800,0
FINNIFTY13NOV2321000CE.NFO,2023-11-10,12:44:00,2023-11-13,0.25,0.3,0.25,0.25,11000,698080,0
FINNIFTY13NOV2321000CE.NFO,2023-11-10,12:45:00,2023-11-13,0.25,0.3,0.25,0.3,11320,698080,0
FINNIFTY13NOV2321000CE.NFO,2023-11-10,12:46:00,2023-11-13,0.3,0.3,0.25,0.25,1560,698080,0
FINNIFTY13NOV2321000CE.NFO,2023-11-10,12:47:00,2023-11-13,0.25,0.3,0.25,0.25,160,698080,0
FINNIFTY13NOV2321000CE.NFO,2023-11-10,12:48:00,2023-11-13,0.25,0.3,0.25,0.25,4640,698080,0
FINNIFTY13NOV2321000CE.NFO,2023-11-10,12:49:00,2023-11-13,0.25,0.3,0.25,0.3,320,698080,0
FINNIFTY13NOV2321000CE.NFO,2023-11-10,12:50:00,2023-11-13,0.3,0.3,0.25,0.25,840,698080,0
FINNIFTY13NOV2321000CE.NFO,2023-11-10,12:51:00,2023-11-13,0.25,0.25,0.25,0.25,320,698080,0
FINNIFTY13NOV2321000CE.NFO,2023-11-10,12:52:00,2023-11-13,0.25,0.3,0.25,0.3,520,698080,0
FINNIFTY13NOV2321000CE.NFO,2023-11-10,12:53:00,2023-11-13,0.3,0.3,0.25,0.25,320,698080,0
FINNIFTY13NOV2321000CE.NFO,2023-11-10,12:54:00,2023-11-13,0.25,0.3,0.25,0.3,1240,698080,0
FINNIFTY13NOV2321000CE.NFO,2023-11-10,12:55:00,2023-11-13,0.3,0.3,0.25,0.3,2040,698080,0
FINNIFTY13NOV2321000CE.NFO,2023-11-10,12:56:00,2023-11-13,0.3,0.3,0.25,0.25,320,698080,0
FINNIFTY13NOV2321000CE.NFO,2023-11-10,12:57:00,2023-11-13,0.25,0.25,0.25,0.25,0,698080,0
FINNIFTY13NOV2321000CE.NFO,2023-11-10,12:58:00,2023-11-13,0.25,0.25,0.25,0.25,200,698080,0
FINNIFTY13NOV2321000CE.NFO,2023-11-10,12:59:00,2023-11-13,0.25,0.25,0.25,0.25,0,698080,0
FINNIFTY13NOV2321000CE.NFO,2023-11-10,13:00:00,2023-11-13,0.25,0.3,0.25,0.25,1120,698080,0
FINNIFTY13NOV2321000CE.NFO,2023-11-10,13:01:00,2023-11-13,0.25,0.3,0.25,0.3,760,698080,0
FINNIFTY13NOV2321000CE.NFO,2023-11-10,13:02:00,2023-11-13,0.3,0.3,0.3,0.3,760,698080,1
FINNIFTY13NOV2321000CE.NFO,2023-11-10,13:03:00,2023-11-13,0.3,0.3,0.3,0.3,560,698080,0
FINNIFTY13NOV2321000CE.NFO,2023-11-10,13:04:00,2023-11-13,0.3,0.3,0.3,0.3,160,698080,0
FINNIFTY13NOV2321000CE.NFO,2023-11-10,13:05:00,2023-11-13,0.3,0.3,0.3,0.3,400,698080,0
FINNIFTY13NOV2321000CE.NFO,2023-11-10,13:06:00,2023-11-13,0.3,0.3,0.3,0.3,1000,698080,0
FINNIFTY13NOV2321000CE.NFO,2023-11-10,13:07:00,2023-11-13,0.3,0.3,0.3,0.3,0,698080,0
FINNIFTY13NOV2321000CE.NFO,2023-11-10,13:08:00,2023-11-13,0.3,0.3,0.3,0.3,600,698080,0
FINNIFTY13NOV2321000CE.NFO,2023-11-10,13:09:00,2023-11-13,0.3,0.3,0.3,0.3,600,698080,1
FINNIFTY13NOV2321000CE.NFO,2023-11-10,13:10:00,2023-11-13,0.3,0.3,0.3,0.3,0,698080,0
FINNIFTY13NOV2321000CE.NFO,2023-11-10,13:11:00,2023-11-13,0.3,0.3,0.3,0.3,80,696760,0
FINNIFTY13NOV2321000CE.NFO,2023-11-10,13:12:00,2023-11-13,0.3,0.3,0.3,0.3,0,696760,0
FINNIFTY13NOV2321000CE.NFO,2023-11-10,13:13:00,2023-11-13,0.3,0.3,0.3,0.3,0,696760,1
FINNIFTY13NOV2321000CE.NFO,2023-11-10,13:14:00,2023-11-13,0.3,0.3,0.3,0.3,400,696760,0
FINNIFTY13NOV2321000CE.NFO,2023-11-10,13:15:00,2023-11-13,0.3,0.3,0.25,0.25,7800,696760,0
FINNIFTY13NOV2321000CE.NFO,2023-11-10,13:16:00,2023-11-13,0.25,0.25,0.25,0.25,0,696760,0
FINNIFTY13NOV2321000CE.NFO,2023-11-10,13:17:00,2023-11-13,0.25,0.25,0.25,0.25,0,696760,0
FINNIFTY13NOV2321000CE.NFO,2023-11-10,13:18:00,2023-11-13,0.25,0.3,0.25,0.25,3640,695880,0
FINNIFTY13NOV2321000CE.NFO,2023-11-10,13:19:00,2023-11-13,0.25,0.25,0.25,0.25,1240,695880,0
FINNIFTY13NOV2321000CE.NFO,2023-11-10,13:20:00,2023-11-13,0.25,0.25,0.25,0.25,1240,695880,1
FINNIFTY13NOV2321000CE.NFO,2023-11-10,13:21:00,2023-11-13,0.25,0.25,0.25,0.25,1320,695880,0
FINNIFTY13NOV2321000CE.NFO,2023-11-10,13:22:00,2023-11-13,0.25,0.25,0.25,0.25,0,695880,0
FINNIFTY13NOV2321000CE.NFO,2023-11-10,13:23:00,2023-11-13,0.25,0.25,0.25,0.25,0,695880,0
FINNIFTY13NOV2321000CE.NFO,2023-11-10,13:24:00,2023-11-13,0.25,0.25,0.25,0.25,0,695880,0
FINNIFTY13NOV2321000CE.NFO,2023-11-10,13:25:00,2023-11-13,0.3,0.3,0.3,0.3,320,695880,0
FINNIFTY13NOV2321000CE.NFO,2023-11-10,13:26:00,2023-11-13,0.3,0.3,0.3,0.3,4240,692680,0
FINNIFTY13NOV2321000CE.NFO,2023-11-10,13:27:00,2023-11-13,0.3,0.3,0.25,0.3,200,692680,0
FINNIFTY13NOV2321000CE.NFO,2023-11-10,13:28:00,2023-11-13,0.3,0.3,0.3,0.3,360,692680,0
FINNIFTY13NOV2321000CE.NFO,2023-11-10,13:29:00,2023-11-13,0.3,0.3,0.3,0.3,200,692680,0
FINNIFTY13NOV2321000CE.NFO,2023-11-10,13:30:00,2023-11-13,0.3,0.3,0.3,0.3,200,692680,0
FINNIFTY13NOV2321000CE.NFO,2023-11-10,13:31:00,2023-11-13,0.3,0.3,0.3,0.3,0,692680,0
FINNIFTY13NOV2321000CE.NFO,2023-11-10,13:32:00,2023-11-13,0.3,0.3,0.3,0.3,160,692680,0
FINNIFTY13NOV2321000CE.NFO,2023-11-10,13:33:00,2023-11-13,0.3,0.3,0.3,0.3,0,692680,0
FINNIFTY13NOV2321000CE.NFO,2023-11-10,13:34:00,2023-11-13,0.3,0.3,0.3,0.3,0,692680,0
FINNIFTY13NOV2321000CE.NFO,2023-11-10,13:35:00,2023-11-13,0.3,0.3,0.3,0.3,0,692680,1
FINNIFTY13NOV2321000CE.NFO,2023-11-10,13:36:00,2023-11-13,0.3,0.3,0.3,0.3,0,692680,1
FINNIFTY13NOV2321000CE.NFO,2023-11-10,13:37:00,2023-11-13,0.3,0.3,0.3,0.3,0,692680,0
FINNIFTY13NOV2321000CE.NFO,2023-11-10,13:38:00,2023-11-13,0.3,0.3,0.3,0.3,0,692680,0
FINNIFTY13NOV2321000CE.NFO,2023-11-10,13:39:00,2023-11-13,0.3,0.3,0.25,0.25,640,692680,0
FINNIFTY13NOV2321000CE.NFO,2023-11-10,13:40:00,2023-11-13,0.25,0.3,0.25,0.3,1000,692680,0
FINNIFTY13NOV2321000CE.NFO,2023-11-10,13:41:00,2023-11-13,0.3,0.3,0.3,0.3,0,692680,0
FINNIFTY13NOV2321000CE.NFO,2023-11-10,13:42:00,2023-11-13,0.3,0.3,0.3,0.3,40,692680,0
FINNIFTY13NOV2321000CE.NFO,2023-11-10,13:43:00,2023-11-13,0.3,0.3,0.3,0.3,40,692680,1
FINNIFTY13NOV2321000CE.NFO,2023-11-10,13:44:00,2023-11-13,0.3,0.3,0.3,0.3,0,692680,0
FINNIFTY13NOV2321000CE.NFO,2023-11-10,13:45:00,2023-11-13,0.3,0.3,0.3,0.3,200,692680,0
FINNIFTY13NOV2321000CE.NFO,2023-11-10,13:46:00,2023-11-13,0.3,0.3,0.25,0.25,40,692680,0
FINNIFTY13NOV2321000CE.NFO,2023-11-10,13:47:00,2023-11-13,0.25,0.25,0.25,0.25,0,692680,0
FINNIFTY13NOV2321000CE.NFO,2023-11-10,13:48:00,2023-11-13,0.3,0.3,0.3,0.3,1680,692680,0
FINNIFTY13NOV2321000CE.NFO,2023-11-10,13:49:00,2023-11-13,0.3,0.3,0.3,0.3,0,692680,0
FINNIFTY13NOV2321000CE.NFO,2023-11-10,13:50:00,2023-11-13,0.3,0.3,0.3,0.3,0,692680,1
FINNIFTY13NOV2321000CE.NFO,2023-11-10,13:51:00,2023-11-13,0.3,0.3,0.3,0.3,0,692680,0
FINNIFTY13NOV2321000CE.NFO,2023-11-10,13:52:00,2023-11-13,0.3,0.3,0.25,0.25,2560,692680,0
FINNIFTY13NOV2321000CE.NFO,2023-11-10,13:53:00,2023-11-13,0.25,0.25,0.25,0.25,240,692680,0
FINNIFTY13NOV2321000CE.NFO,2023-11-10,13:54:00,2023-11-13,0.25,0.25,0.25,0.25,880,692680,0
FINNIFTY13NOV2321000CE.NFO,2023-11-10,13:55:00,2023-11-13,0.25,0.3,0.25,0.3,200,692680,0
FINNIFTY13NOV2321000CE.NFO,2023-11-10,13:56:00,2023-11-13,0.3,0.3,0.3,0.3,3560,692680,0
FINNIFTY13NOV2321000CE.NFO,2023-11-10,13:57:00,2023-11-13,0.25,0.3,0.25,0.3,200,689680,0
FINNIFTY13NOV2321000CE.NFO,2023-11-10,13:58:00,2023-11-13,0.3,0.3,0.25,0.3,2240,689680,0
FINNIFTY13NOV2321000CE.NFO,2023-11-10,13:59:00,2023-11-13,0.3,0.3,0.3,0.3,3840,689680,0
FINNIFTY13NOV2321000CE.NFO,2023-11-10,14:00:00,2023-11-13,0.3,0.3,0.25,0.3,4560,689680,0
FINNIFTY13NOV2321000CE.NFO,2023-11-10,14:01:00,2023-11-13,0.3,0.3,0.25,0.3,5680,689680,0
FINNIFTY13NOV2321000CE.NFO,2023-11-10,14:02:00,2023-11-13,0.3,0.3,0.3,0.3,1960,689680,0
FINNIFTY13NOV2321000CE.NFO,2023-11-10,14:03:00,2023-11-13,0.3,0.3,0.3,0.3,240,689680,0
FINNIFTY13NOV2321000CE.NFO,2023-11-10,14:04:00,2023-11-13,0.3,0.3,0.3,0.3,4680,689680,0
FINNIFTY13NOV2321000CE.NFO,2023-11-10,14:05:00,2023-11-13,0.3,0.3,0.3,0.3,1840,689680,0
FINNIFTY13NOV2321000CE.NFO,2023-11-10,14:06:00,2023-11-13,0.3,0.3,0.25,0.3,10840,688680,0
FINNIFTY13NOV2321000CE.NFO,2023-11-10,14:07:00,2023-11-13,0.3,0.3,0.3,0.3,320,688680,0
FINNIFTY13NOV2321000CE.NFO,2023-11-10,14:08:00,2023-11-13,0.3,0.3,0.3,0.3,320,688680,1
FINNIFTY13NOV2321000CE.NFO,2023-11-10,14:09:00,2023-11-13,0.3,0.3,0.3,0.3,760,688680,0
FINNIFTY13NOV2321000CE.NFO,2023-11-10,14:10:00,2023-11-13,0.3,0.3,0.25,0.25,2080,678680,0
FINNIFTY13NOV2321000CE.NFO,2023-11-10,14:11:00,2023-11-13,0.25,0.3,0.25,0.3,1040,678680,0
FINNIFTY13NOV2321000CE.NFO,2023-11-10,14:12:00,2023-11-13,0.3,0.3,0.3,0.3,120,678680,0
FINNIFTY13NOV2321000CE.NFO,2023-11-10,14:13:00,2023-11-13,0.3,0.3,0.3,0.3,1200,678680,0
FINNIFTY13NOV2321000CE.NFO,2023-11-10,14:14:00,2023-11-13,0.3,0.3,0.3,0.3,1200,678680,1
FINNIFTY13NOV2321000CE.NFO,2023-11-10,14:15:00,2023-11-13,0.3,0.3,0.3,0.3,0,678680,0
FINNIFTY13NOV2321000CE.NFO,2023-11-10,14:16:00,2023-11-13,0.3,0.3,0.3,0.3,680,679680,0
FINNIFTY13NOV2321000CE.NFO,2023-11-10,14:17:00,2023-11-13,0.3,0.3,0.3,0.3,7000,679680,0
FINNIFTY13NOV2321000CE.NFO,2023-11-10,14:18:00,2023-11-13,0.3,0.3,0.3,0.3,10520,681600,0
FINNIFTY13NOV2321000CE.NFO,2023-11-10,14:19:00,2023-11-13,0.3,0.3,0.3,0.3,200,681600,0
FINNIFTY13NOV2321000CE.NFO,2023-11-10,14:20:00,2023-11-13,0.3,0.35,0.3,0.35,200,681600,0
FINNIFTY13NOV2321000CE.NFO,2023-11-10,14:21:00,2023-11-13,0.35,0.35,0.35,0.35,200,682480,0
FINNIFTY13NOV2321000CE.NFO,2023-11-10,14:22:00,2023-11-13,0.35,0.35,0.35,0.35,0,682480,0
FINNIFTY13NOV2321000CE.NFO,2023-11-10,14:23:00,2023-11-13,0.35,0.35,0.3,0.3,80,682480,0
FINNIFTY13NOV2321000CE.NFO,2023-11-10,14:24:00,2023-11-13,0.3,0.3,0.3,0.3,0,682480,0
FINNIFTY13NOV2321000CE.NFO,2023-11-10,14:25:00,2023-11-13,0.3,0.35,0.3,0.35,1080,682680,0
FINNIFTY13NOV2321000CE.NFO,2023-11-10,14:26:00,2023-11-13,0.35,0.35,0.3,0.3,200,682680,0
FINNIFTY13NOV2321000CE.NFO,2023-11-10,14:27:00,2023-11-13,0.3,0.3,0.3,0.3,0,682680,0
FINNIFTY13NOV2321000CE.NFO,2023-11-10,14:28:00,2023-11-13,0.3,0.3,0.3,0.3,18400,683560,0
FINNIFTY13NOV2321000CE.NFO,2023-11-10,14:29:00,2023-11-13,0.3,0.35,0.3,0.35,4240,683560,0
FINNIFTY13NOV2321000CE.NFO,2023-11-10,14:30:00,2023-11-13,0.35,0.35,0.3,0.3,47360,679480,0
FINNIFTY13NOV2321000CE.NFO,2023-11-10,14:31:00,2023-11-13,0.3,0.35,0.3,0.3,6520,679480,0
FINNIFTY13NOV2321000CE.NFO,2023-11-10,14:32:00,2023-11-13,0.3,0.35,0.3,0.3,21280,679480,0
FINNIFTY13NOV2321000CE.NFO,2023-11-10,14:33:00,2023-11-13,0.3,0.3,0.3,0.3,280,679480,0
FINNIFTY13NOV2321000CE.NFO,2023-11-10,14:34:00,2023-11-13,0.3,0.35,0.3,0.35,31480,632200,0
FINNIFTY13NOV2321000CE.NFO,2023-11-10,14:35:00,2023-11-13,0.35,0.4,0.35,0.35,2200,632200,0
FINNIFTY13NOV2321000CE.NFO,2023-11-10,14:36:00,2023-11-13,0.35,0.4,0.35,0.35,4040,603000,0
FINNIFTY13NOV2321000CE.NFO,2023-11-10,14:37:00,2023-11-13,0.35,0.35,0.35,0.35,0,603000,0
FINNIFTY13NOV2321000CE.NFO,2023-11-10,14:38:00,2023-11-13,0.35,0.35,0.35,0.35,880,603000,0
FINNIFTY13NOV2321000CE.NFO,2023-11-10,14:39:00,2023-11-13,0.35,0.35,0.35,0.35,4080,603760,0
FINNIFTY13NOV2321000CE.NFO,2023-11-10,14:40:00,2023-11-13,0.35,0.35,0.35,0.35,480,603760,0
FINNIFTY13NOV2321000CE.NFO,2023-11-10,14:41:00,2023-11-13,0.35,0.4,0.35,0.35,640,603760,0
FINNIFTY13NOV2321000CE.NFO,2023-11-10,14:42:00,2023-11-13,0.35,0.35,0.35,0.35,920,600200,0
FINNIFTY13NOV2321000CE.NFO,2023-11-10,14:43:00,2023-11-13,0.35,0.35,0.35,0.35,0,600200,0
FINNIFTY13NOV2321000CE.NFO,2023-11-10,14:44:00,2023-11-13,0.35,0.35,0.35,0.35,0,600200,0
FINNIFTY13NOV2321000CE.NFO,2023-11-10,14:45:00,2023-11-13,0.35,0.4,0.35,0.4,1000,599800,0
FINNIFTY13NOV2321000CE.NFO,2023-11-10,14:46:00,2023-11-13,0.4,0.4,0.4,0.4,120,599800,0
FINNIFTY13NOV2321000CE.NFO,2023-11-10,14:47:00,2023-11-13,0.4,0.4,0.4,0.4,0,599800,0
FINNIFTY13NOV2321000CE.NFO,2023-11-10,14:48:00,2023-11-13,0.4,0.4,0.35,0.35,4640,599080,0
FINNIFTY13NOV2321000CE.NFO,2023-11-10,14:49:00,2023-11-13,0.35,0.4,0.35,0.35,4480,599080,0
FINNIFTY13NOV2321000CE.NFO,2023-11-10,14:50:00,2023-11-13,0.35,0.35,0.35,0.35,240,599080,0
FINNIFTY13NOV2321000CE.NFO,2023-11-10,14:51:00,2023-11-13,0.35,0.35,0.35,0.35,520,591920,0
FINNIFTY13NOV2321000CE.NFO,2023-11-10,14:52:00,2023-11-13,0.35,0.35,0.35,0.35,4720,591920,0
FINNIFTY13NOV2321000CE.NFO,2023-11-10,14:53:00,2023-11-13,0.35,0.35,0.3,0.3,3080,591920,0
FINNIFTY13NOV2321000CE.NFO,2023-11-10,14:54:00,2023-11-13,0.3,0.3,0.3,0.3,280,591760,0
FINNIFTY13NOV2321000CE.NFO,2023-11-10,14:55:00,2023-11-13,0.3,0.35,0.3,0.35,6120,591760,0
FINNIFTY13NOV2321000CE.NFO,2023-11-10,14:56:00,2023-11-13,0.35,0.35,0.35,0.35,960,591760,0
FINNIFTY13NOV2321000CE.NFO,2023-11-10,14:57:00,2023-11-13,0.35,0.35,0.35,0.35,0,591760,0
FINNIFTY13NOV2321000CE.NFO,2023-11-10,14:58:00,2023-11-13,0.35,0.35,0.35,0.35,0,591760,0
FINNIFTY13NOV2321000CE.NFO,2023-11-10,14:59:00,2023-11-13,0.35,0.35,0.35,0.35,200,589600,0
FINNIFTY13NOV2321000CE.NFO,2023-11-10,15:00:00,2023-11-13,0.35,0.35,0.35,0.35,10000,589600,0
FINNIFTY13NOV2321000CE.NFO,2023-11-10,15:01:00,2023-11-13,0.35,0.35,0.35,0.35,1000,589600,0
FINNIFTY13NOV2321000CE.NFO,2023-11-10,15:02:00,2023-11-13,0.35,0.35,0.35,0.35,680,589600,0
FINNIFTY13NOV2321000CE.NFO,2023-11-10,15:03:00,2023-11-13,0.35,0.35,0.3,0.35,3200,593400,0
FINNIFTY13NOV2321000CE.NFO,2023-11-10,15:04:00,2023-11-13,0.35,0.4,0.3,0.4,17480,593400,0
FINNIFTY13NOV2321000CE.NFO,2023-11-10,15:05:00,2023-11-13,0.35,0.4,0.3,0.35,18840,593400,0
FINNIFTY13NOV2321000CE.NFO,2023-11-10,15:06:00,2023-11-13,0.35,0.35,0.35,0.35,5600,589960,0
FINNIFTY13NOV2321000CE.NFO,2023-11-10,15:07:00,2023-11-13,0.35,0.35,0.35,0.35,0,589960,0
FINNIFTY13NOV2321000CE.NFO,2023-11-10,15:08:00,2023-11-13,0.35,0.35,0.35,0.35,0,589960,0
FINNIFTY13NOV2321000CE.NFO,2023-11-10,15:09:00,2023-11-13,0.35,0.35,0.35,0.35,280,592160,0
FINNIFTY13NOV2321000CE.NFO,2023-11-10,15:10:00,2023-11-13,0.35,0.4,0.35,0.35,1920,592160,0
FINNIFTY13NOV2321000CE.NFO,2023-11-10,15:11:00,2023-11-13,0.35,0.4,0.35,0.4,2200,592160,0
FINNIFTY13NOV2321000CE.NFO,2023-11-10,15:12:00,2023-11-13,0.4,0.4,0.35,0.35,7080,592360,0
FINNIFTY13NOV2321000CE.NFO,2023-11-10,15:13:00,2023-11-13,0.35,0.4,0.35,0.4,5560,592360,0
FINNIFTY13NOV2321000CE.NFO,2023-11-10,15:14:00,2023-11-13,0.4,0.4,0.3,0.3,1880,592360,0
FINNIFTY13NOV2321000CE.NFO,2023-11-10,15:15:00,2023-11-13,0.3,0.3,0.25,0.25,120960,593520,0
FINNIFTY13NOV2321000CE.NFO,2023-11-10,15:16:00,2023-11-13,0.25,0.25,0.25,0.25,9760,593520,0
FINNIFTY13NOV2321000CE.NFO,2023-11-10,15:17:00,2023-11-13,0.25,0.25,0.25,0.25,1160,593520,0
FINNIFTY13NOV2321000CE.NFO,2023-11-10,15:18:00,2023-11-13,0.25,0.25,0.25,0.25,1680,619360,0
FINNIFTY13NOV2321000CE.NFO,2023-11-10,15:19:00,2023-11-13,0.25,0.3,0.25,0.25,7680,619360,0
FINNIFTY13NOV2321000CE.NFO,2023-11-10,15:20:00,2023-11-13,0.25,0.25,0.25,0.25,1320,619360,0
FINNIFTY13NOV2321000CE.NFO,2023-11-10,15:21:00,2023-11-13,0.25,0.25,0.25,0.25,400,620720,0
FINNIFTY13NOV2321000CE.NFO,2023-11-10,15:22:00,2023-11-13,0.25,0.25,0.25,0.25,40,620720,0
FINNIFTY13NOV2321000CE.NFO,2023-11-10,15:23:00,2023-11-13,0.25,0.25,0.25,0.25,1240,620720,0
FINNIFTY13NOV2321000CE.NFO,2023-11-10,15:24:00,2023-11-13,0.25,0.25,0.25,0.25,400,621240,0
FINNIFTY13NOV2321000CE.NFO,2023-11-10,15:25:00,2023-11-13,0.25,0.25,0.25,0.25,880,621240,0
FINNIFTY13NOV2321000CE.NFO,2023-11-10,15:26:00,2023-11-13,0.25,0.3,0.25,0.25,134400,621240,0
FINNIFTY13NOV2321000CE.NFO,2023-11-10,15:27:00,2023-11-13,0.25,0.3,0.25,0.3,23680,503240,0
FINNIFTY13NOV2321000CE.NFO,2023-11-10,15:28:00,2023-11-13,0.3,0.3,0.3,0.3,33240,503240,0
FINNIFTY13NOV2321000CE.NFO,2023-11-10,15:29:00,2023-11-13,0.3,0.35,0.3,0.3,19520,503240,0
FINNIFTY13NOV2321000CE.NFO,2023-11-10,15:30:00,2023-11-13,0.3,0.3,0.3,0.3,19520,503240,1
FINNIFTY13NOV2321000CE.NFO,2023-11-12,09:15:00,2023-11-13,0.15,0.15,0.15,0.15,14720,268000,1
FINNIFTY13NOV2321000CE.NFO,2023-11-12,09:16:00,2023-11-13,0.15,0.15,0.15,0.15,14720,268000,1
FINNIFTY13NOV2321000CE.NFO,2023-11-12,09:17:00,2023-11-13,0.15,0.15,0.15,0.15,14720,268000,1
FINNIFTY13NOV2321000CE.NFO,2023-11-12,09:18:00,2023-11-13,0.15,0.15,0.15,0.15,14720,268000,1
FINNIFTY13NOV2321000CE.NFO,2023-11-12,09:19:00,2023-11-13,0.15,0.15,0.15,0.15,14720,268000,1
FINNIFTY13NOV2321000CE.NFO,2023-11-12,09:20:00,2023-11-13,0.15,0.15,0.15,0.15,14720,268000,1
FINNIFTY13NOV2321000CE.NFO,2023-11-12,09:21:00,2023-11-13,0.15,0.15,0.15,0.15,14720,268000,1
FINNIFTY13NOV2321000CE.NFO,2023-11-12,09:22:00,2023-11-13,0.15,0.15,0.15,0.15,14720,268000,1
FINNIFTY13NOV2321000CE.NFO,2023-11-12,09:23:00,2023-11-13,0.15,0.15,0.15,0.15,14720,268000,1
FINNIFTY13NOV2321000CE.NFO,2023-11-12,09:24:00,2023-11-13,0.15,0.15,0.15,0.15,14720,268000,1
FINNIFTY13NOV2321000CE.NFO,2023-11-12,09:25:00,2023-11-13,0.15,0.15,0.15,0.15,14720,268000,1
FINNIFTY13NOV2321000CE.NFO,2023-11-12,09:26:00,2023-11-13,0.15,0.15,0.15,0.15,14720,268000,1
FINNIFTY13NOV2321000CE.NFO,2023-11-12,09:27:00,2023-11-13,0.15,0.15,0.15,0.15,14720,268000,1
FINNIFTY13NOV2321000CE.NFO,2023-11-12,09:28:00,2023-11-13,0.15,0.15,0.15,0.15,14720,268000,1
FINNIFTY13NOV2321000CE.NFO,2023-11-12,09:29:00,2023-11-13,0.15,0.15,0.15,0.15,14720,268000,1
FINNIFTY13NOV2321000CE.NFO,2023-11-12,09:30:00,2023-11-13,0.15,0.15,0.15,0.15,14720,268000,1
FINNIFTY13NOV2321000CE.NFO,2023-11-12,09:31:00,2023-11-13,0.15,0.15,0.15,0.15,14720,268000,1
FINNIFTY13NOV2321000CE.NFO,2023-11-12,09:32:00,2023-11-13,0.15,0.15,0.15,0.15,14720,268000,1
FINNIFTY13NOV2321000CE.NFO,2023-11-12,09:33:00,2023-11-13,0.15,0.15,0.15,0.15,14720,268000,1
FINNIFTY13NOV2321000CE.NFO,2023-11-12,09:34:00,2023-11-13,0.15,0.15,0.15,0.15,14720,268000,1
FINNIFTY13NOV2321000CE.NFO,2023-11-12,09:35:00,2023-11-13,0.15,0.15,0.15,0.15,14720,268000,1
FINNIFTY13NOV2321000CE.NFO,2023-11-12,09:36:00,2023-11-13,0.15,0.15,0.15,0.15,14720,268000,1
FINNIFTY13NOV2321000CE.NFO,2023-11-12,09:37:00,2023-11-13,0.15,0.15,0.15,0.15,14720,268000,1
FINNIFTY13NOV2321000CE.NFO,2023-11-12,09:38:00,2023-11-13,0.15,0.15,0.15,0.15,14720,268000,1
FINNIFTY13NOV2321000CE.NFO,2023-11-12,09:39:00,2023-11-13,0.15,0.15,0.15,0.15,14720,268000,1
FINNIFTY13NOV2321000CE.NFO,2023-11-12,09:40:00,2023-11-13,0.15,0.15,0.15,0.15,14720,268000,1
FINNIFTY13NOV2321000CE.NFO,2023-11-12,09:41:00,2023-11-13,0.15,0.15,0.15,0.15,14720,268000,1
FINNIFTY13NOV2321000CE.NFO,2023-11-12,09:42:00,2023-11-13,0.15,0.15,0.15,0.15,14720,268000,1
FINNIFTY13NOV2321000CE.NFO,2023-11-12,09:43:00,2023-11-13,0.15,0.15,0.15,0.15,14720,268000,1
FINNIFTY13NOV2321000CE.NFO,2023-11-12,09:44:00,2023-11-13,0.15,0.15,0.15,0.15,14720,268000,1
FINNIFTY13NOV2321000CE.NFO,2023-11-12,09:45:00,2023-11-13,0.15,0.15,0.15,0.15,14720,268000,1
FINNIFTY13NOV2321000CE.NFO,2023-11-12,09:46:00,2023-11-13,0.15,0.15,0.15,0.15,14720,268000,1
FINNIFTY13NOV2321000CE.NFO,2023-11-12,09:47:00,2023-11-13,0.15,0.15,0.15,0.15,14720,268000,1
FINNIFTY13NOV2321000CE.NFO,2023-11-12,09:48:00,2023-11-13,0.15,0.15,0.15,0.15,14720,268000,1
FINNIFTY13NOV2321000CE.NFO,2023-11-12,09:49:00,2023-11-13,0.15,0.15,0.15,0.15,14720,268000,1
FINNIFTY13NOV2321000CE.NFO,2023-11-12,09:50:00,2023-11-13,0.15,0.15,0.15,0.15,14720,268000,1
FINNIFTY13NOV2321000CE.NFO,2023-11-12,09:51:00,2023-11-13,0.15,0.15,0.15,0.15,14720,268000,1
FINNIFTY13NOV2321000CE.NFO,2023-11-12,09:52:00,2023-11-13,0.15,0.15,0.15,0.15,14720,268000,1
FINNIFTY13NOV2321000CE.NFO,2023-11-12,09:53:00,2023-11-13,0.15,0.15,0.15,0.15,14720,268000,1
FINNIFTY13NOV2321000CE.NFO,2023-11-12,09:54:00,2023-11-13,0.15,0.15,0.15,0.15,14720,268000,1
FINNIFTY13NOV2321000CE.NFO,2023-11-12,09:55:00,2023-11-13,0.15,0.15,0.15,0.15,14720,268000,1
FINNIFTY13NOV2321000CE.NFO,2023-11-12,09:56:00,2023-11-13,0.15,0.15,0.15,0.15,14720,268000,1
FINNIFTY13NOV2321000CE.NFO,2023-11-12,09:57:00,2023-11-13,0.15,0.15,0.15,0.15,14720,268000,1
FINNIFTY13NOV2321000CE.NFO,2023-11-12,09:58:00,2023-11-13,0.15,0.15,0.15,0.15,14720,268000,1
FINNIFTY13NOV2321000CE.NFO,2023-11-12,09:59:00,2023-11-13,0.15,0.15,0.15,0.15,14720,268000,1
FINNIFTY13NOV2321000CE.NFO,2023-11-12,10:00:00,2023-11-13,0.15,0.15,0.15,0.15,14720,268000,1
FINNIFTY13NOV2321000CE.NFO,2023-11-12,10:01:00,2023-11-13,0.15,0.15,0.15,0.15,14720,268000,1
FINNIFTY13NOV2321000CE.NFO,2023-11-12,10:02:00,2023-11-13,0.15,0.15,0.15,0.15,14720,268000,1
FINNIFTY13NOV2321000CE.NFO,2023-11-12,10:03:00,2023-11-13,0.15,0.15,0.15,0.15,14720,268000,1
FINNIFTY13NOV2321000CE.NFO,2023-11-12,10:04:00,2023-11-13,0.15,0.15,0.15,0.15,14720,268000,1
FINNIFTY13NOV2321000CE.NFO,2023-11-12,10:05:00,2023-11-13,0.15,0.15,0.15,0.15,14720,268000,1
FINNIFTY13NOV2321000CE.NFO,2023-11-12,10:06:00,2023-11-13,0.15,0.15,0.15,0.15,14720,268000,1
FINNIFTY13NOV2321000CE.NFO,2023-11-12,10:07:00,2023-11-13,0.15,0.15,0.15,0.15,14720,268000,1
FINNIFTY13NOV2321000CE.NFO,2023-11-12,10:08:00,2023-11-13,0.15,0.15,0.15,0.15,14720,268000,1
FINNIFTY13NOV2321000CE.NFO,2023-11-12,10:09:00,2023-11-13,0.15,0.15,0.15,0.15,14720,268000,1
FINNIFTY13NOV2321000CE.NFO,2023-11-12,10:10:00,2023-11-13,0.15,0.15,0.15,0.15,14720,268000,1
FINNIFTY13NOV2321000CE.NFO,2023-11-12,10:11:00,2023-11-13,0.15,0.15,0.15,0.15,14720,268000,1
FINNIFTY13NOV2321000CE.NFO,2023-11-12,10:12:00,2023-11-13,0.15,0.15,0.15,0.15,14720,268000,1
FINNIFTY13NOV2321000CE.NFO,2023-11-12,10:13:00,2023-11-13,0.15,0.15,0.15,0.15,14720,268000,1
FINNIFTY13NOV2321000CE.NFO,2023-11-12,10:14:00,2023-11-13,0.15,0.15,0.15,0.15,14720,268000,1
FINNIFTY13NOV2321000CE.NFO,2023-11-12,10:15:00,2023-11-13,0.15,0.15,0.15,0.15,14720,268000,1
FINNIFTY13NOV2321000CE.NFO,2023-11-12,10:16:00,2023-11-13,0.15,0.15,0.15,0.15,14720,268000,1
FINNIFTY13NOV2321000CE.NFO,2023-11-12,10:17:00,2023-11-13,0.15,0.15,0.15,0.15,14720,268000,1
FINNIFTY13NOV2321000CE.NFO,2023-11-12,10:18:00,2023-11-13,0.15,0.15,0.15,0.15,14720,268000,1
FINNIFTY13NOV2321000CE.NFO,2023-11-12,10:19:00,2023-11-13,0.15,0.15,0.15,0.15,14720,268000,1
FINNIFTY13NOV2321000CE.NFO,2023-11-12,10:20:00,2023-11-13,0.15,0.15,0.15,0.15,14720,268000,1
FINNIFTY13NOV2321000CE.NFO,2023-11-12,10:21:00,2023-11-13,0.15,0.15,0.15,0.15,14720,268000,1
FINNIFTY13NOV2321000CE.NFO,2023-11-12,10:22:00,2023-11-13,0.15,0.15,0.15,0.15,14720,268000,1
FINNIFTY13NOV2321000CE.NFO,2023-11-12,10:23:00,2023-11-13,0.15,0.15,0.15,0.15,14720,268000,1
FINNIFTY13NOV2321000CE.NFO,2023-11-12,10:24:00,2023-11-13,0.15,0.15,0.15,0.15,14720,268000,1
FINNIFTY13NOV2321000CE.NFO,2023-11-12,10:25:00,2023-11-13,0.15,0.15,0.15,0.15,14720,268000,1
FINNIFTY13NOV2321000CE.NFO,2023-11-12,10:26:00,2023-11-13,0.15,0.15,0.15,0.15,14720,268000,1
FINNIFTY13NOV2321000CE.NFO,2023-11-12,10:27:00,2023-11-13,0.15,0.15,0.15,0.15,14720,268000,1
FINNIFTY13NOV2321000CE.NFO,2023-11-12,10:28:00,2023-11-13,0.15,0.15,0.15,0.15,14720,268000,1
FINNIFTY13NOV2321000CE.NFO,2023-11-12,10:29:00,2023-11-13,0.15,0.15,0.15,0.15,14720,268000,1
FINNIFTY13NOV2321000CE.NFO,2023-11-12,10:30:00,2023-11-13,0.15,0.15,0.15,0.15,14720,268000,1
FINNIFTY13NOV2321000CE.NFO,2023-11-12,10:31:00,2023-11-13,0.15,0.15,0.15,0.15,14720,268000,1
FINNIFTY13NOV2321000CE.NFO,2023-11-12,10:32:00,2023-11-13,0.15,0.15,0.15,0.15,14720,268000,1
FINNIFTY13NOV2321000CE.NFO,2023-11-12,10:33:00,2023-11-13,0.15,0.15,0.15,0.15,14720,268000,1
FINNIFTY13NOV2321000CE.NFO,2023-11-12,10:34:00,2023-11-13,0.15,0.15,0.15,0.15,14720,268000,1
FINNIFTY13NOV2321000CE.NFO,2023-11-12,10:35:00,2023-11-13,0.15,0.15,0.15,0.15,14720,268000,1
FINNIFTY13NOV2321000CE.NFO,2023-11-12,10:36:00,2023-11-13,0.15,0.15,0.15,0.15,14720,268000,1
FINNIFTY13NOV2321000CE.NFO,2023-11-12,10:37:00,2023-11-13,0.15,0.15,0.15,0.15,14720,268000,1
FINNIFTY13NOV2321000CE.NFO,2023-11-12,10:38:00,2023-11-13,0.15,0.15,0.15,0.15,14720,268000,1
FINNIFTY13NOV2321000CE.NFO,2023-11-12,10:39:00,2023-11-13,0.15,0.15,0.15,0.15,14720,268000,1
FINNIFTY13NOV2321000CE.NFO,2023-11-12,10:40:00,2023-11-13,0.15,0.15,0.15,0.15,14720,268000,1
FINNIFTY13NOV2321000CE.NFO,2023-11-12,10:41:00,2023-11-13,0.15,0.15,0.15,0.15,14720,268000,1
FINNIFTY13NOV2321000CE.NFO,2023-11-12,10:42:00,2023-11-13,0.15,0.15,0.15,0.15,14720,268000,1
FINNIFTY13NOV2321000CE.NFO,2023-11-12,10:43:00,2023-11-13,0.15,0.15,0.15,0.15,14720,268000,1
FINNIFTY13NOV2321000CE.NFO,2023-11-12,10:44:00,2023-11-13,0.15,0.15,0.15,0.15,14720,268000,1
FINNIFTY13NOV2321000CE.NFO,2023-11-12,10:45:00,2023-11-13,0.15,0.15,0.15,0.15,14720,268000,1
FINNIFTY13NOV2321000CE.NFO,2023-11-12,10:46:00,2023-11-13,0.15,0.15,0.15,0.15,14720,268000,1
FINNIFTY13NOV2321000CE.NFO,2023-11-12,10:47:00,2023-11-13,0.15,0.15,0.15,0.15,14720,268000,1
FINNIFTY13NOV2321000CE.NFO,2023-11-12,10:48:00,2023-11-13,0.15,0.15,0.15,0.15,14720,268000,1
FINNIFTY13NOV2321000CE.NFO,2023-11-12,10:49:00,2023-11-13,0.15,0.15,0.15,0.15,14720,268000,1
FINNIFTY13NOV2321000CE.NFO,2023-11-12,10:50:00,2023-11-13,0.15,0.15,0.15,0.15,14720,268000,1
FINNIFTY13NOV2321000CE.NFO,2023-11-12,10:51:00,2023-11-13,0.15,0.15,0.15,0.15,14720,268000,1
FINNIFTY13NOV2321000CE.NFO,2023-11-12,10:52:00,2023-11-13,0.15,0.15,0.15,0.15,14720,268000,1
FINNIFTY13NOV2321000CE.NFO,2023-11-12,10:53:00,2023-11-13,0.15,0.15,0.15,0.15,14720,268000,1
FINNIFTY13NOV2321000CE.NFO,2023-11-12,10:54:00,2023-11-13,0.15,0.15,0.15,0.15,14720,268000,1
FINNIFTY13NOV2321000CE.NFO,2023-11-12,10:55:00,2023-11-13,0.15,0.15,0.15,0.15,14720,268000,1
FINNIFTY13NOV2321000CE.NFO,2023-11-12,10:56:00,2023-11-13,0.15,0.15,0.15,0.15,14720,268000,1
FINNIFTY13NOV2321000CE.NFO,2023-11-12,10:57:00,2023-11-13,0.15,0.15,0.15,0.15,14720,268000,1
FINNIFTY13NOV2321000CE.NFO,2023-11-12,10:58:00,2023-11-13,0.15,0.15,0.15,0.15,14720,268000,1
FINNIFTY13NOV2321000CE.NFO,2023-11-12,10:59:00,2023-11-13,0.15,0.15,0.15,0.15,14720,268000,1
FINNIFTY13NOV2321000CE.NFO,2023-11-12,11:00:00,2023-11-13,0.15,0.15,0.15,0.15,14720,268000,1
FINNIFTY13NOV2321000CE.NFO,2023-11-12,11:01:00,2023-11-13,0.15,0.15,0.15,0.15,14720,268000,1
FINNIFTY13NOV2321000CE.NFO,2023-11-12,11:02:00,2023-11-13,0.15,0.15,0.15,0.15,14720,268000,1
FINNIFTY13NOV2321000CE.NFO,2023-11-12,11:03:00,2023-11-13,0.15,0.15,0.15,0.15,14720,268000,1
FINNIFTY13NOV2321000CE.NFO,2023-11-12,11:04:00,2023-11-13,0.15,0.15,0.15,0.15,14720,268000,1
FINNIFTY13NOV2321000CE.NFO,2023-11-12,11:05:00,2023-11-13,0.15,0.15,0.15,0.15,14720,268000,1
FINNIFTY13NOV2321000CE.NFO,2023-11-12,11:06:00,2023-11-13,0.15,0.15,0.15,0.15,14720,268000,1
FINNIFTY13NOV2321000CE.NFO,2023-11-12,11:07:00,2023-11-13,0.15,0.15,0.15,0.15,14720,268000,1
FINNIFTY13NOV2321000CE.NFO,2023-11-12,11:08:00,2023-11-13,0.15,0.15,0.15,0.15,14720,268000,1
FINNIFTY13NOV2321000CE.NFO,2023-11-12,11:09:00,2023-11-13,0.15,0.15,0.15,0.15,14720,268000,1
FINNIFTY13NOV2321000CE.NFO,2023-11-12,11:10:00,2023-11-13,0.15,0.15,0.15,0.15,14720,268000,1
FINNIFTY13NOV2321000CE.NFO,2023-11-12,11:11:00,2023-11-13,0.15,0.15,0.15,0.15,14720,268000,1
FINNIFTY13NOV2321000CE.NFO,2023-11-12,11:12:00,2023-11-13,0.15,0.15,0.15,0.15,14720,268000,1
FINNIFTY13NOV2321000CE.NFO,2023-11-12,11:13:00,2023-11-13,0.15,0.15,0.15,0.15,14720,268000,1
FINNIFTY13NOV2321000CE.NFO,2023-11-12,11:14:00,2023-11-13,0.15,0.15,0.15,0.15,14720,268000,1
FINNIFTY13NOV2321000CE.NFO,2023-11-12,11:15:00,2023-11-13,0.15,0.15,0.15,0.15,14720,268000,1
FINNIFTY13NOV2321000CE.NFO,2023-11-12,11:16:00,2023-11-13,0.15,0.15,0.15,0.15,14720,268000,1
FINNIFTY13NOV2321000CE.NFO,2023-11-12,11:17:00,2023-11-13,0.15,0.15,0.15,0.15,14720,268000,1
FINNIFTY13NOV2321000CE.NFO,2023-11-12,11:18:00,2023-11-13,0.15,0.15,0.15,0.15,14720,268000,1
FINNIFTY13NOV2321000CE.NFO,2023-11-12,11:19:00,2023-11-13,0.15,0.15,0.15,0.15,14720,268000,1
FINNIFTY13NOV2321000CE.NFO,2023-11-12,11:20:00,2023-11-13,0.15,0.15,0.15,0.15,14720,268000,1
FINNIFTY13NOV2321000CE.NFO,2023-11-12,11:21:00,2023-11-13,0.15,0.15,0.15,0.15,14720,268000,1
FINNIFTY13NOV2321000CE.NFO,2023-11-12,11:22:00,2023-11-13,0.15,0.15,0.15,0.15,14720,268000,1
FINNIFTY13NOV2321000CE.NFO,2023-11-12,11:23:00,2023-11-13,0.15,0.15,0.15,0.15,14720,268000,1
FINNIFTY13NOV2321000CE.NFO,2023-11-12,11:24:00,2023-11-13,0.15,0.15,0.15,0.15,14720,268000,1
FINNIFTY13NOV2321000CE.NFO,2023-11-12,11:25:00,2023-11-13,0.15,0.15,0.15,0.15,14720,268000,1
FINNIFTY13NOV2321000CE.NFO,2023-11-12,11:26:00,2023-11-13,0.15,0.15,0.15,0.15,14720,268000,1
FINNIFTY13NOV2321000CE.NFO,2023-11-12,11:27:00,2023-11-13,0.15,0.15,0.15,0.15,14720,268000,1
FINNIFTY13NOV2321000CE.NFO,2023-11-12,11:28:00,2023-11-13,0.15,0.15,0.15,0.15,14720,268000,1
FINNIFTY13NOV2321000CE.NFO,2023-11-12,11:29:00,2023-11-13,0.15,0.15,0.15,0.15,14720,268000,1
FINNIFTY13NOV2321000CE.NFO,2023-11-12,11:30:00,2023-11-13,0.15,0.15,0.15,0.15,14720,268000,1
FINNIFTY13NOV2321000CE.NFO,2023-11-12,11:31:00,2023-11-13,0.15,0.15,0.15,0.15,14720,268000,1
FINNIFTY13NOV2321000CE.NFO,2023-11-12,11:32:00,2023-11-13,0.15,0.15,0.15,0.15,14720,268000,1
FINNIFTY13NOV2321000CE.NFO,2023-11-12,11:33:00,2023-11-13,0.15,0.15,0.15,0.15,14720,268000,1
FINNIFTY13NOV2321000CE.NFO,2023-11-12,11:34:00,2023-11-13,0.15,0.15,0.15,0.15,14720,268000,1
FINNIFTY13NOV2321000CE.NFO,2023-11-12,11:35:00,2023-11-13,0.15,0.15,0.15,0.15,14720,268000,1
FINNIFTY13NOV2321000CE.NFO,2023-11-12,11:36:00,2023-11-13,0.15,0.15,0.15,0.15,14720,268000,1
FINNIFTY13NOV2321000CE.NFO,2023-11-12,11:37:00,2023-11-13,0.15,0.15,0.15,0.15,14720,268000,1
FINNIFTY13NOV2321000CE.NFO,2023-11-12,11:38:00,2023-11-13,0.15,0.15,0.15,0.15,14720,268000,1
FINNIFTY13NOV2321000CE.NFO,2023-11-12,11:39:00,2023-11-13,0.15,0.15,0.15,0.15,14720,268000,1
FINNIFTY13NOV2321000CE.NFO,2023-11-12,11:40:00,2023-11-13,0.15,0.15,0.15,0.15,14720,268000,1
FINNIFTY13NOV2321000CE.NFO,2023-11-12,11:41:00,2023-11-13,0.15,0.15,0.15,0.15,14720,268000,1
FINNIFTY13NOV2321000CE.NFO,2023-11-12,11:42:00,2023-11-13,0.15,0.15,0.15,0.15,14720,268000,1
FINNIFTY13NOV2321000CE.NFO,2023-11-12,11:43:00,2023-11-13,0.15,0.15,0.15,0.15,14720,268000,1
FINNIFTY13NOV2321000CE.NFO,2023-11-12,11:44:00,2023-11-13,0.15,0.15,0.15,0.15,14720,268000,1
FINNIFTY13NOV2321000CE.NFO,2023-11-12,11:45:00,2023-11-13,0.15,0.15,0.15,0.15,14720,268000,1
FINNIFTY13NOV2321000CE.NFO,2023-11-12,11:46:00,2023-11-13,0.15,0.15,0.15,0.15,14720,268000,1
FINNIFTY13NOV2321000CE.NFO,2023-11-12,11:47:00,2023-11-13,0.15,0.15,0.15,0.15,14720,268000,1
FINNIFTY13NOV2321000CE.NFO,2023-11-12,11:48:00,2023-11-13,0.15,0.15,0.15,0.15,14720,268000,1
FINNIFTY13NOV2321000CE.NFO,2023-11-12,11:49:00,2023-11-13,0.15,0.15,0.15,0.15,14720,268000,1
FINNIFTY13NOV2321000CE.NFO,2023-11-12,11:50:00,2023-11-13,0.15,0.15,0.15,0.15,14720,268000,1
FINNIFTY13NOV2321000CE.NFO,2023-11-12,11:51:00,2023-11-13,0.15,0.15,0.15,0.15,14720,268000,1
FINNIFTY13NOV2321000CE.NFO,2023-11-12,11:52:00,2023-11-13,0.15,0.15,0.15,0.15,14720,268000,1
FINNIFTY13NOV2321000CE.NFO,2023-11-12,11:53:00,2023-11-13,0.15,0.15,0.15,0.15,14720,268000,1
FINNIFTY13NOV2321000CE.NFO,2023-11-12,11:54:00,2023-11-13,0.15,0.15,0.15,0.15,14720,268000,1
FINNIFTY13NOV2321000CE.NFO,2023-11-12,11:55:00,2023-11-13,0.15,0.15,0.15,0.15,14720,268000,1
FINNIFTY13NOV2321000CE.NFO,2023-11-12,11:56:00,2023-11-13,0.15,0.15,0.15,0.15,14720,268000,1
FINNIFTY13NOV2321000CE.NFO,2023-11-12,11:57:00,2023-11-13,0.15,0.15,0.15,0.15,14720,268000,1
FINNIFTY13NOV2321000CE.NFO,2023-11-12,11:58:00,2023-11-13,0.15,0.15,0.15,0.15,14720,268000,1
FINNIFTY13NOV2321000CE.NFO,2023-11-12,11:59:00,2023-11-13,0.15,0.15,0.15,0.15,14720,268000,1
FINNIFTY13NOV2321000CE.NFO,2023-11-12,12:00:00,2023-11-13,0.15,0.15,0.15,0.15,14720,268000,1
FINNIFTY13NOV2321000CE.NFO,2023-11-12,12:01:00,2023-11-13,0.15,0.15,0.15,0.15,14720,268000,1
FINNIFTY13NOV2321000CE.NFO,2023-11-12,12:02:00,2023-11-13,0.15,0.15,0.15,0.15,14720,268000,1
FINNIFTY13NOV2321000CE.NFO,2023-11-12,12:03:00,2023-11-13,0.15,0.15,0.15,0.15,14720,268000,1
FINNIFTY13NOV2321000CE.NFO,2023-11-12,12:04:00,2023-11-13,0.15,0.15,0.15,0.15,14720,268000,1
FINNIFTY13NOV2321000CE.NFO,2023-11-12,12:05:00,2023-11-13,0.15,0.15,0.15,0.15,14720,268000,1
FINNIFTY13NOV2321000CE.NFO,2023-11-12,12:06:00,2023-11-13,0.15,0.15,0.15,0.15,14720,268000,1
FINNIFTY13NOV2321000CE.NFO,2023-11-12,12:07:00,2023-11-13,0.15,0.15,0.15,0.15,14720,268000,1
FINNIFTY13NOV2321000CE.NFO,2023-11-12,12:08:00,2023-11-13,0.15,0.15,0.15,0.15,14720,268000,1
FINNIFTY13NOV2321000CE.NFO,2023-11-12,12:09:00,2023-11-13,0.15,0.15,0.15,0.15,14720,268000,1
FINNIFTY13NOV2321000CE.NFO,2023-11-12,12:10:00,2023-11-13,0.15,0.15,0.15,0.15,14720,268000,1
FINNIFTY13NOV2321000CE.NFO,2023-11-12,12:11:00,2023-11-13,0.15,0.15,0.15,0.15,14720,268000,1
FINNIFTY13NOV2321000CE.NFO,2023-11-12,12:12:00,2023-11-13,0.15,0.15,0.15,0.15,14720,268000,1
FINNIFTY13NOV2321000CE.NFO,2023-11-12,12:13:00,2023-11-13,0.15,0.15,0.15,0.15,14720,268000,1
FINNIFTY13NOV2321000CE.NFO,2023-11-12,12:14:00,2023-11-13,0.15,0.15,0.15,0.15,14720,268000,1
FINNIFTY13NOV2321000CE.NFO,2023-11-12,12:15:00,2023-11-13,0.15,0.15,0.15,0.15,14720,268000,1
FINNIFTY13NOV2321000CE.NFO,2023-11-12,12:16:00,2023-11-13,0.15,0.15,0.15,0.15,14720,268000,1
FINNIFTY13NOV2321000CE.NFO,2023-11-12,12:17:00,2023-11-13,0.15,0.15,0.15,0.15,14720,268000,1
FINNIFTY13NOV2321000CE.NFO,2023-11-12,12:18:00,2023-11-13,0.15,0.15,0.15,0.15,14720,268000,1
FINNIFTY13NOV2321000CE.NFO,2023-11-12,12:19:00,2023-11-13,0.15,0.15,0.15,0.15,14720,268000,1
FINNIFTY13NOV2321000CE.NFO,2023-11-12,12:20:00,2023-11-13,0.15,0.15,0.15,0.15,14720,268000,1
FINNIFTY13NOV2321000CE.NFO,2023-11-12,12:21:00,2023-11-13,0.15,0.15,0.15,0.15,14720,268000,1
FINNIFTY13NOV2321000CE.NFO,2023-11-12,12:22:00,2023-11-13,0.15,0.15,0.15,0.15,14720,268000,1
FINNIFTY13NOV2321000CE.NFO,2023-11-12,12:23:00,2023-11-13,0.15,0.15,0.15,0.15,14720,268000,1
FINNIFTY13NOV2321000CE.NFO,2023-11-12,12:24:00,2023-11-13,0.15,0.15,0.15,0.15,14720,268000,1
FINNIFTY13NOV2321000CE.NFO,2023-11-12,12:25:00,2023-11-13,0.15,0.15,0.15,0.15,14720,268000,1
FINNIFTY13NOV2321000CE.NFO,2023-11-12,12:26:00,2023-11-13,0.15,0.15,0.15,0.15,14720,268000,1
FINNIFTY13NOV2321000CE.NFO,2023-11-12,12:27:00,2023-11-13,0.15,0.15,0.15,0.15,14720,268000,1
FINNIFTY13NOV2321000CE.NFO,2023-11-12,12:28:00,2023-11-13,0.15,0.15,0.15,0.15,14720,268000,1
FINNIFTY13NOV2321000CE.NFO,2023-11-12,12:29:00,2023-11-13,0.15,0.15,0.15,0.15,14720,268000,1
FINNIFTY13NOV2321000CE.NFO,2023-11-12,12:30:00,2023-11-13,0.15,0.15,0.15,0.15,14720,268000,1
FINNIFTY13NOV2321000CE.NFO,2023-11-12,12:31:00,2023-11-13,0.15,0.15,0.15,0.15,14720,268000,1
FINNIFTY13NOV2321000CE.NFO,2023-11-12,12:32:00,2023-11-13,0.15,0.15,0.15,0.15,14720,268000,1
FINNIFTY13NOV2321000CE.NFO,2023-11-12,12:33:00,2023-11-13,0.15,0.15,0.15,0.15,14720,268000,1
FINNIFTY13NOV2321000CE.NFO,2023-11-12,12:34:00,2023-11-13,0.15,0.15,0.15,0.15,14720,268000,1
FINNIFTY13NOV2321000CE.NFO,2023-11-12,12:35:00,2023-11-13,0.15,0.15,0.15,0.15,14720,268000,1
FINNIFTY13NOV2321000CE.NFO,2023-11-12,12:36:00,2023-11-13,0.15,0.15,0.15,0.15,14720,268000,1
FINNIFTY13NOV2321000CE.NFO,2023-11-12,12:37:00,2023-11-13,0.15,0.15,0.15,0.15,14720,268000,1
FINNIFTY13NOV2321000CE.NFO,2023-11-12,12:38:00,2023-11-13,0.15,0.15,0.15,0.15,14720,268000,1
FINNIFTY13NOV2321000CE.NFO,2023-11-12,12:39:00,2023-11-13,0.15,0.15,0.15,0.15,14720,268000,1
FINNIFTY13NOV2321000CE.NFO,2023-11-12,12:40:00,2023-11-13,0.15,0.15,0.15,0.15,14720,268000,1
FINNIFTY13NOV2321000CE.NFO,2023-11-12,12:41:00,2023-11-13,0.15,0.15,0.15,0.15,14720,268000,1
FINNIFTY13NOV2321000CE.NFO,2023-11-12,12:42:00,2023-11-13,0.15,0.15,0.15,0.15,14720,268000,1
FINNIFTY13NOV2321000CE.NFO,2023-11-12,12:43:00,2023-11-13,0.15,0.15,0.15,0.15,14720,268000,1
FINNIFTY13NOV2321000CE.NFO,2023-11-12,12:44:00,2023-11-13,0.15,0.15,0.15,0.15,14720,268000,1
FINNIFTY13NOV2321000CE.NFO,2023-11-12,12:45:00,2023-11-13,0.15,0.15,0.15,0.15,14720,268000,1
FINNIFTY13NOV2321000CE.NFO,2023-11-12,12:46:00,2023-11-13,0.15,0.15,0.15,0.15,14720,268000,1
FINNIFTY13NOV2321000CE.NFO,2023-11-12,12:47:00,2023-11-13,0.15,0.15,0.15,0.15,14720,268000,1
FINNIFTY13NOV2321000CE.NFO,2023-11-12,12:48:00,2023-11-13,0.15,0.15,0.15,0.15,14720,268000,1
FINNIFTY13NOV2321000CE.NFO,2023-11-12,12:49:00,2023-11-13,0.15,0.15,0.15,0.15,14720,268000,1
FINNIFTY13NOV2321000CE.NFO,2023-11-12,12:50:00,2023-11-13,0.15,0.15,0.15,0.15,14720,268000,1
FINNIFTY13NOV2321000CE.NFO,2023-11-12,12:51:00,2023-11-13,0.15,0.15,0.15,0.15,14720,268000,1
FINNIFTY13NOV2321000CE.NFO,2023-11-12,12:52:00,2023-11-13,0.15,0.15,0.15,0.15,14720,268000,1
FINNIFTY13NOV2321000CE.NFO,2023-11-12,12:53:00,2023-11-13,0.15,0.15,0.15,0.15,14720,268000,1
FINNIFTY13NOV2321000CE.NFO,2023-11-12,12:54:00,2023-11-13,0.15,0.15,0.15,0.15,14720,268000,1
FINNIFTY13NOV2321000CE.NFO,2023-11-12,12:55:00,2023-11-13,0.15,0.15,0.15,0.15,14720,268000,1
FINNIFTY13NOV2321000CE.NFO,2023-11-12,12:56:00,2023-11-13,0.15,0.15,0.15,0.15,14720,268000,1
FINNIFTY13NOV2321000CE.NFO,2023-11-12,12:57:00,2023-11-13,0.15,0.15,0.15,0.15,14720,268000,1
FINNIFTY13NOV2321000CE.NFO,2023-11-12,12:58:00,2023-11-13,0.15,0.15,0.15,0.15,14720,268000,1
FINNIFTY13NOV2321000CE.NFO,2023-11-12,12:59:00,2023-11-13,0.15,0.15,0.15,0.15,14720,268000,1
FINNIFTY13NOV2321000CE.NFO,2023-11-12,13:00:00,2023-11-13,0.15,0.15,0.15,0.15,14720,268000,1
FINNIFTY13NOV2321000CE.NFO,2023-11-12,13:01:00,2023-11-13,0.15,0.15,0.15,0.15,14720,268000,1
FINNIFTY13NOV2321000CE.NFO,2023-11-12,13:02:00,2023-11-13,0.15,0.15,0.15,0.15,14720,268000,1
FINNIFTY13NOV2321000CE.NFO,2023-11-12,13:03:00,2023-11-13,0.15,0.15,0.15,0.15,14720,268000,1
FINNIFTY13NOV2321000CE.NFO,2023-11-12,13:04:00,2023-11-13,0.15,0.15,0.15,0.15,14720,268000,1
FINNIFTY13NOV2321000CE.NFO,2023-11-12,13:05:00,2023-11-13,0.15,0.15,0.15,0.15,14720,268000,1
FINNIFTY13NOV2321000CE.NFO,2023-11-12,13:06:00,2023-11-13,0.15,0.15,0.15,0.15,14720,268000,1
FINNIFTY13NOV2321000CE.NFO,2023-11-12,13:07:00,2023-11-13,0.15,0.15,0.15,0.15,14720,268000,1
FINNIFTY13NOV2321000CE.NFO,2023-11-12,13:08:00,2023-11-13,0.15,0.15,0.15,0.15,14720,268000,1
FINNIFTY13NOV2321000CE.NFO,2023-11-12,13:09:00,2023-11-13,0.15,0.15,0.15,0.15,14720,268000,1
FINNIFTY13NOV2321000CE.NFO,2023-11-12,13:10:00,2023-11-13,0.15,0.15,0.15,0.15,14720,268000,1
FINNIFTY13NOV2321000CE.NFO,2023-11-12,13:11:00,2023-11-13,0.15,0.15,0.15,0.15,14720,268000,1
FINNIFTY13NOV2321000CE.NFO,2023-11-12,13:12:00,2023-11-13,0.15,0.15,0.15,0.15,14720,268000,1
FINNIFTY13NOV2321000CE.NFO,2023-11-12,13:13:00,2023-11-13,0.15,0.15,0.15,0.15,14720,268000,1
FINNIFTY13NOV2321000CE.NFO,2023-11-12,13:14:00,2023-11-13,0.15,0.15,0.15,0.15,14720,268000,1
FINNIFTY13NOV2321000CE.NFO,2023-11-12,13:15:00,2023-11-13,0.15,0.15,0.15,0.15,14720,268000,1
FINNIFTY13NOV2321000CE.NFO,2023-11-12,13:16:00,2023-11-13,0.15,0.15,0.15,0.15,14720,268000,1
FINNIFTY13NOV2321000CE.NFO,2023-11-12,13:17:00,2023-11-13,0.15,0.15,0.15,0.15,14720,268000,1
FINNIFTY13NOV2321000CE.NFO,2023-11-12,13:18:00,2023-11-13,0.15,0.15,0.15,0.15,14720,268000,1
FINNIFTY13NOV2321000CE.NFO,2023-11-12,13:19:00,2023-11-13,0.15,0.15,0.15,0.15,14720,268000,1
FINNIFTY13NOV2321000CE.NFO,2023-11-12,13:20:00,2023-11-13,0.15,0.15,0.15,0.15,14720,268000,1
FINNIFTY13NOV2321000CE.NFO,2023-11-12,13:21:00,2023-11-13,0.15,0.15,0.15,0.15,14720,268000,1
FINNIFTY13NOV2321000CE.NFO,2023-11-12,13:22:00,2023-11-13,0.15,0.15,0.15,0.15,14720,268000,1
FINNIFTY13NOV2321000CE.NFO,2023-11-12,13:23:00,2023-11-13,0.15,0.15,0.15,0.15,14720,268000,1
FINNIFTY13NOV2321000CE.NFO,2023-11-12,13:24:00,2023-11-13,0.15,0.15,0.15,0.15,14720,268000,1
FINNIFTY13NOV2321000CE.NFO,2023-11-12,13:25:00,2023-11-13,0.15,0.15,0.15,0.15,14720,268000,1
FINNIFTY13NOV2321000CE.NFO,2023-11-12,13:26:00,2023-11-13,0.15,0.15,0.15,0.15,14720,268000,1
FINNIFTY13NOV2321000CE.NFO,2023-11-12,13:27:00,2023-11-13,0.15,0.15,0.15,0.15,14720,268000,1
FINNIFTY13NOV2321000CE.NFO,2023-11-12,13:28:00,2023-11-13,0.15,0.15,0.15,0.15,14720,268000,1
FINNIFTY13NOV2321000CE.NFO,2023-11-12,13:29:00,2023-11-13,0.15,0.15,0.15,0.15,14720,268000,1
FINNIFTY13NOV2321000CE.NFO,2023-11-12,13:30:00,2023-11-13,0.15,0.15,0.15,0.15,14720,268000,1
FINNIFTY13NOV2321000CE.NFO,2023-11-12,13:31:00,2023-11-13,0.15,0.15,0.15,0.15,14720,268000,1
FINNIFTY13NOV2321000CE.NFO,2023-11-12,13:32:00,2023-11-13,0.15,0.15,0.15,0.15,14720,268000,1
FINNIFTY13NOV2321000CE.NFO,2023-11-12,13:33:00,2023-11-13,0.15,0.15,0.15,0.15,14720,268000,1
FINNIFTY13NOV2321000CE.NFO,2023-11-12,13:34:00,2023-11-13,0.15,0.15,0.15,0.15,14720,268000,1
FINNIFTY13NOV2321000CE.NFO,2023-11-12,13:35:00,2023-11-13,0.15,0.15,0.15,0.15,14720,268000,1
FINNIFTY13NOV2321000CE.NFO,2023-11-12,13:36:00,2023-11-13,0.15,0.15,0.15,0.15,14720,268000,1
FINNIFTY13NOV2321000CE.NFO,2023-11-12,13:37:00,2023-11-13,0.15,0.15,0.15,0.15,14720,268000,1
FINNIFTY13NOV2321000CE.NFO,2023-11-12,13:38:00,2023-11-13,0.15,0.15,0.15,0.15,14720,268000,1
FINNIFTY13NOV2321000CE.NFO,2023-11-12,13:39:00,2023-11-13,0.15,0.15,0.15,0.15,14720,268000,1
FINNIFTY13NOV2321000CE.NFO,2023-11-12,13:40:00,2023-11-13,0.15,0.15,0.15,0.15,14720,268000,1
FINNIFTY13NOV2321000CE.NFO,2023-11-12,13:41:00,2023-11-13,0.15,0.15,0.15,0.15,14720,268000,1
FINNIFTY13NOV2321000CE.NFO,2023-11-12,13:42:00,2023-11-13,0.15,0.15,0.15,0.15,14720,268000,1
FINNIFTY13NOV2321000CE.NFO,2023-11-12,13:43:00,2023-11-13,0.15,0.15,0.15,0.15,14720,268000,1
FINNIFTY13NOV2321000CE.NFO,2023-11-12,13:44:00,2023-11-13,0.15,0.15,0.15,0.15,14720,268000,1
FINNIFTY13NOV2321000CE.NFO,2023-11-12,13:45:00,2023-11-13,0.15,0.15,0.15,0.15,14720,268000,1
FINNIFTY13NOV2321000CE.NFO,2023-11-12,13:46:00,2023-11-13,0.15,0.15,0.15,0.15,14720,268000,1
FINNIFTY13NOV2321000CE.NFO,2023-11-12,13:47:00,2023-11-13,0.15,0.15,0.15,0.15,14720,268000,1
FINNIFTY13NOV2321000CE.NFO,2023-11-12,13:48:00,2023-11-13,0.15,0.15,0.15,0.15,14720,268000,1
FINNIFTY13NOV2321000CE.NFO,2023-11-12,13:49:00,2023-11-13,0.15,0.15,0.15,0.15,14720,268000,1
FINNIFTY13NOV2321000CE.NFO,2023-11-12,13:50:00,2023-11-13,0.15,0.15,0.15,0.15,14720,268000,1
FINNIFTY13NOV2321000CE.NFO,2023-11-12,13:51:00,2023-11-13,0.15,0.15,0.15,0.15,14720,268000,1
FINNIFTY13NOV2321000CE.NFO,2023-11-12,13:52:00,2023-11-13,0.15,0.15,0.15,0.15,14720,268000,1
FINNIFTY13NOV2321000CE.NFO,2023-11-12,13:53:00,2023-11-13,0.15,0.15,0.15,0.15,14720,268000,1
FINNIFTY13NOV2321000CE.NFO,2023-11-12,13:54:00,2023-11-13,0.15,0.15,0.15,0.15,14720,268000,1
FINNIFTY13NOV2321000CE.NFO,2023-11-12,13:55:00,2023-11-13,0.15,0.15,0.15,0.15,14720,268000,1
FINNIFTY13NOV2321000CE.NFO,2023-11-12,13:56:00,2023-11-13,0.15,0.15,0.15,0.15,14720,268000,1
FINNIFTY13NOV2321000CE.NFO,2023-11-12,13:57:00,2023-11-13,0.15,0.15,0.15,0.15,14720,268000,1
FINNIFTY13NOV2321000CE.NFO,2023-11-12,13:58:00,2023-11-13,0.15,0.15,0.15,0.15,14720,268000,1
FINNIFTY13NOV2321000CE.NFO,2023-11-12,13:59:00,2023-11-13,0.15,0.15,0.15,0.15,14720,268000,1
FINNIFTY13NOV2321000CE.NFO,2023-11-12,14:00:00,2023-11-13,0.15,0.15,0.15,0.15,14720,268000,1
FINNIFTY13NOV2321000CE.NFO,2023-11-12,14:01:00,2023-11-13,0.15,0.15,0.15,0.15,14720,268000,1
FINNIFTY13NOV2321000CE.NFO,2023-11-12,14:02:00,2023-11-13,0.15,0.15,0.15,0.15,14720,268000,1
FINNIFTY13NOV2321000CE.NFO,2023-11-12,14:03:00,2023-11-13,0.15,0.15,0.15,0.15,14720,268000,1
FINNIFTY13NOV2321000CE.NFO,2023-11-12,14:04:00,2023-11-13,0.15,0.15,0.15,0.15,14720,268000,1
FINNIFTY13NOV2321000CE.NFO,2023-11-12,14:05:00,2023-11-13,0.15,0.15,0.15,0.15,14720,268000,1
FINNIFTY13NOV2321000CE.NFO,2023-11-12,14:06:00,2023-11-13,0.15,0.15,0.15,0.15,14720,268000,1
FINNIFTY13NOV2321000CE.NFO,2023-11-12,14:07:00,2023-11-13,0.15,0.15,0.15,0.15,14720,268000,1
FINNIFTY13NOV2321000CE.NFO,2023-11-12,14:08:00,2023-11-13,0.15,0.15,0.15,0.15,14720,268000,1
FINNIFTY13NOV2321000CE.NFO,2023-11-12,14:09:00,2023-11-13,0.15,0.15,0.15,0.15,14720,268000,1
FINNIFTY13NOV2321000CE.NFO,2023-11-12,14:10:00,2023-11-13,0.15,0.15,0.15,0.15,14720,268000,1
FINNIFTY13NOV2321000CE.NFO,2023-11-12,14:11:00,2023-11-13,0.15,0.15,0.15,0.15,14720,268000,1
FINNIFTY13NOV2321000CE.NFO,2023-11-12,14:12:00,2023-11-13,0.15,0.15,0.15,0.15,14720,268000,1
FINNIFTY13NOV2321000CE.NFO,2023-11-12,14:13:00,2023-11-13,0.15,0.15,0.15,0.15,14720,268000,1
FINNIFTY13NOV2321000CE.NFO,2023-11-12,14:14:00,2023-11-13,0.15,0.15,0.15,0.15,14720,268000,1
FINNIFTY13NOV2321000CE.NFO,2023-11-12,14:15:00,2023-11-13,0.15,0.15,0.15,0.15,14720,268000,1
FINNIFTY13NOV2321000CE.NFO,2023-11-12,14:16:00,2023-11-13,0.15,0.15,0.15,0.15,14720,268000,1
FINNIFTY13NOV2321000CE.NFO,2023-11-12,14:17:00,2023-11-13,0.15,0.15,0.15,0.15,14720,268000,1
FINNIFTY13NOV2321000CE.NFO,2023-11-12,14:18:00,2023-11-13,0.15,0.15,0.15,0.15,14720,268000,1
FINNIFTY13NOV2321000CE.NFO,2023-11-12,14:19:00,2023-11-13,0.15,0.15,0.15,0.15,14720,268000,1
FINNIFTY13NOV2321000CE.NFO,2023-11-12,14:20:00,2023-11-13,0.15,0.15,0.15,0.15,14720,268000,1
FINNIFTY13NOV2321000CE.NFO,2023-11-12,14:21:00,2023-11-13,0.15,0.15,0.15,0.15,14720,268000,1
FINNIFTY13NOV2321000CE.NFO,2023-11-12,14:22:00,2023-11-13,0.15,0.15,0.15,0.15,14720,268000,1
FINNIFTY13NOV2321000CE.NFO,2023-11-12,14:23:00,2023-11-13,0.15,0.15,0.15,0.15,14720,268000,1
FINNIFTY13NOV2321000CE.NFO,2023-11-12,14:24:00,2023-11-13,0.15,0.15,0.15,0.15,14720,268000,1
FINNIFTY13NOV2321000CE.NFO,2023-11-12,14:25:00,2023-11-13,0.15,0.15,0.15,0.15,14720,268000,1
FINNIFTY13NOV2321000CE.NFO,2023-11-12,14:26:00,2023-11-13,0.15,0.15,0.15,0.15,14720,268000,1
FINNIFTY13NOV2321000CE.NFO,2023-11-12,14:27:00,2023-11-13,0.15,0.15,0.15,0.15,14720,268000,1
FINNIFTY13NOV2321000CE.NFO,2023-11-12,14:28:00,2023-11-13,0.15,0.15,0.15,0.15,14720,268000,1
FINNIFTY13NOV2321000CE.NFO,2023-11-12,14:29:00,2023-11-13,0.15,0.15,0.15,0.15,14720,268000,1
FINNIFTY13NOV2321000CE.NFO,2023-11-12,14:30:00,2023-11-13,0.15,0.15,0.15,0.15,14720,268000,1
FINNIFTY13NOV2321000CE.NFO,2023-11-12,14:31:00,2023-11-13,0.15,0.15,0.15,0.15,14720,268000,1
FINNIFTY13NOV2321000CE.NFO,2023-11-12,14:32:00,2023-11-13,0.15,0.15,0.15,0.15,14720,268000,1
FINNIFTY13NOV2321000CE.NFO,2023-11-12,14:33:00,2023-11-13,0.15,0.15,0.15,0.15,14720,268000,1
FINNIFTY13NOV2321000CE.NFO,2023-11-12,14:34:00,2023-11-13,0.15,0.15,0.15,0.15,14720,268000,1
FINNIFTY13NOV2321000CE.NFO,2023-11-12,14:35:00,2023-11-13,0.15,0.15,0.15,0.15,14720,268000,1
FINNIFTY13NOV2321000CE.NFO,2023-11-12,14:36:00,2023-11-13,0.15,0.15,0.15,0.15,14720,268000,1
FINNIFTY13NOV2321000CE.NFO,2023-11-12,14:37:00,2023-11-13,0.15,0.15,0.15,0.15,14720,268000,1
FINNIFTY13NOV2321000CE.NFO,2023-11-12,14:38:00,2023-11-13,0.15,0.15,0.15,0.15,14720,268000,1
FINNIFTY13NOV2321000CE.NFO,2023-11-12,14:39:00,2023-11-13,0.15,0.15,0.15,0.15,14720,268000,1
FINNIFTY13NOV2321000CE.NFO,2023-11-12,14:40:00,2023-11-13,0.15,0.15,0.15,0.15,14720,268000,1
FINNIFTY13NOV2321000CE.NFO,2023-11-12,14:41:00,2023-11-13,0.15,0.15,0.15,0.15,14720,268000,1
FINNIFTY13NOV2321000CE.NFO,2023-11-12,14:42:00,2023-11-13,0.15,0.15,0.15,0.15,14720,268000,1
FINNIFTY13NOV2321000CE.NFO,2023-11-12,14:43:00,2023-11-13,0.15,0.15,0.15,0.15,14720,268000,1
FINNIFTY13NOV2321000CE.NFO,2023-11-12,14:44:00,2023-11-13,0.15,0.15,0.15,0.15,14720,268000,1
FINNIFTY13NOV2321000CE.NFO,2023-11-12,14:45:00,2023-11-13,0.15,0.15,0.15,0.15,14720,268000,1
FINNIFTY13NOV2321000CE.NFO,2023-11-12,14:46:00,2023-11-13,0.15,0.15,0.15,0.15,14720,268000,1
FINNIFTY13NOV2321000CE.NFO,2023-11-12,14:47:00,2023-11-13,0.15,0.15,0.15,0.15,14720,268000,1
FINNIFTY13NOV2321000CE.NFO,2023-11-12,14:48:00,2023-11-13,0.15,0.15,0.15,0.15,14720,268000,1
FINNIFTY13NOV2321000CE.NFO,2023-11-12,14:49:00,2023-11-13,0.15,0.15,0.15,0.15,14720,268000,1
FINNIFTY13NOV2321000CE.NFO,2023-11-12,14:50:00,2023-11-13,0.15,0.15,0.15,0.15,14720,268000,1
FINNIFTY13NOV2321000CE.NFO,2023-11-12,14:51:00,2023-11-13,0.15,0.15,0.15,0.15,14720,268000,1
FINNIFTY13NOV2321000CE.NFO,2023-11-12,14:52:00,2023-11-13,0.15,0.15,0.15,0.15,14720,268000,1
FINNIFTY13NOV2321000CE.NFO,2023-11-12,14:53:00,2023-11-13,0.15,0.15,0.15,0.15,14720,268000,1
FINNIFTY13NOV2321000CE.NFO,2023-11-12,14:54:00,2023-11-13,0.15,0.15,0.15,0.15,14720,268000,1
FINNIFTY13NOV2321000CE.NFO,2023-11-12,14:55:00,2023-11-13,0.15,0.15,0.15,0.15,14720,268000,1
FINNIFTY13NOV2321000CE.NFO,2023-11-12,14:56:00,2023-11-13,0.15,0.15,0.15,0.15,14720,268000,1
FINNIFTY13NOV2321000CE.NFO,2023-11-12,14:57:00,2023-11-13,0.15,0.15,0.15,0.15,14720,268000,1
FINNIFTY13NOV2321000CE.NFO,2023-11-12,14:58:00,2023-11-13,0.15,0.15,0.15,0.15,14720,268000,1
FINNIFTY13NOV2321000CE.NFO,2023-11-12,14:59:00,2023-11-13,0.15,0.15,0.15,0.15,14720,268000,1
FINNIFTY13NOV2321000CE.NFO,2023-11-12,15:00:00,2023-11-13,0.15,0.15,0.15,0.15,14720,268000,1
FINNIFTY13NOV2321000CE.NFO,2023-11-12,15:01:00,2023-11-13,0.15,0.15,0.15,0.15,14720,268000,1
FINNIFTY13NOV2321000CE.NFO,2023-11-12,15:02:00,2023-11-13,0.15,0.15,0.15,0.15,14720,268000,1
FINNIFTY13NOV2321000CE.NFO,2023-11-12,15:03:00,2023-11-13,0.15,0.15,0.15,0.15,14720,268000,1
FINNIFTY13NOV2321000CE.NFO,2023-11-12,15:04:00,2023-11-13,0.15,0.15,0.15,0.15,14720,268000,1
FINNIFTY13NOV2321000CE.NFO,2023-11-12,15:05:00,2023-11-13,0.15,0.15,0.15,0.15,14720,268000,1
FINNIFTY13NOV2321000CE.NFO,2023-11-12,15:06:00,2023-11-13,0.15,0.15,0.15,0.15,14720,268000,1
FINNIFTY13NOV2321000CE.NFO,2023-11-12,15:07:00,2023-11-13,0.15,0.15,0.15,0.15,14720,268000,1
FINNIFTY13NOV2321000CE.NFO,2023-11-12,15:08:00,2023-11-13,0.15,0.15,0.15,0.15,14720,268000,1
FINNIFTY13NOV2321000CE.NFO,2023-11-12,15:09:00,2023-11-13,0.15,0.15,0.15,0.15,14720,268000,1
FINNIFTY13NOV2321000CE.NFO,2023-11-12,15:10:00,2023-11-13,0.15,0.15,0.15,0.15,14720,268000,1
FINNIFTY13NOV2321000CE.NFO,2023-11-12,15:11:00,2023-11-13,0.15,0.15,0.15,0.15,14720,268000,1
FINNIFTY13NOV2321000CE.NFO,2023-11-12,15:12:00,2023-11-13,0.15,0.15,0.15,0.15,14720,268000,1
FINNIFTY13NOV2321000CE.NFO,2023-11-12,15:13:00,2023-11-13,0.15,0.15,0.15,0.15,14720,268000,1
FINNIFTY13NOV2321000CE.NFO,2023-11-12,15:14:00,2023-11-13,0.15,0.15,0.15,0.15,14720,268000,1
FINNIFTY13NOV2321000CE.NFO,2023-11-12,15:15:00,2023-11-13,0.15,0.15,0.15,0.15,14720,268000,1
FINNIFTY13NOV2321000CE.NFO,2023-11-12,15:16:00,2023-11-13,0.15,0.15,0.15,0.15,14720,268000,1
FINNIFTY13NOV2321000CE.NFO,2023-11-12,15:17:00,2023-11-13,0.15,0.15,0.15,0.15,14720,268000,1
FINNIFTY13NOV2321000CE.NFO,2023-11-12,15:18:00,2023-11-13,0.15,0.15,0.15,0.15,14720,268000,1
FINNIFTY13NOV2321000CE.NFO,2023-11-12,15:19:00,2023-11-13,0.15,0.15,0.15,0.15,14720,268000,1
FINNIFTY13NOV2321000CE.NFO,2023-11-12,15:20:00,2023-11-13,0.15,0.15,0.15,0.15,14720,268000,1
FINNIFTY13NOV2321000CE.NFO,2023-11-12,15:21:00,2023-11-13,0.15,0.15,0.15,0.15,14720,268000,1
FINNIFTY13NOV2321000CE.NFO,2023-11-12,15:22:00,2023-11-13,0.15,0.15,0.15,0.15,14720,268000,1
FINNIFTY13NOV2321000CE.NFO,2023-11-12,15:23:00,2023-11-13,0.15,0.15,0.15,0.15,14720,268000,1
FINNIFTY13NOV2321000CE.NFO,2023-11-12,15:24:00,2023-11-13,0.15,0.15,0.15,0.15,14720,268000,1
FINNIFTY13NOV2321000CE.NFO,2023-11-12,15:25:00,2023-11-13,0.15,0.15,0.15,0.15,14720,268000,1
FINNIFTY13NOV2321000CE.NFO,2023-11-12,15:26:00,2023-11-13,0.15,0.15,0.15,0.15,14720,268000,1
FINNIFTY13NOV2321000CE.NFO,2023-11-12,15:27:00,2023-11-13,0.15,0.15,0.15,0.15,14720,268000,1
FINNIFTY13NOV2321000CE.NFO,2023-11-12,15:28:00,2023-11-13,0.15,0.15,0.15,0.15,14720,268000,1
FINNIFTY13NOV2321000CE.NFO,2023-11-12,15:29:00,2023-11-13,0.15,0.15,0.15,0.15,14720,268000,1
FINNIFTY13NOV2321000CE.NFO,2023-11-12,15:30:00,2023-11-13,0.15,0.15,0.15,0.15,14720,268000,1
FINNIFTY13NOV2321000CE.NFO,2023-11-13,09:15:00,2023-11-13,0.2,0.2,0.15,0.15,14720,268000,0
FINNIFTY13NOV2321000CE.NFO,2023-11-13,09:16:00,2023-11-13,0.15,0.2,0.15,0.2,7680,268000,0
FINNIFTY13NOV2321000CE.NFO,2023-11-13,09:17:00,2023-11-13,0.2,0.2,0.15,0.2,8600,261040,0
FINNIFTY13NOV2321000CE.NFO,2023-11-13,09:18:00,2023-11-13,0.15,0.2,0.15,0.2,2560,261040,0
FINNIFTY13NOV2321000CE.NFO,2023-11-13,09:19:00,2023-11-13,0.2,0.2,0.15,0.15,6240,261040,0
FINNIFTY13NOV2321000CE.NFO,2023-11-13,09:20:00,2023-11-13,0.15,0.2,0.15,0.2,7000,257800,0
FINNIFTY13NOV2321000CE.NFO,2023-11-13,09:21:00,2023-11-13,0.2,0.2,0.2,0.2,35200,257800,0
FINNIFTY13NOV2321000CE.NFO,2023-11-13,09:22:00,2023-11-13,0.2,0.25,0.2,0.2,35320,257800,0
FINNIFTY13NOV2321000CE.NFO,2023-11-13,09:23:00,2023-11-13,0.2,0.2,0.2,0.2,37800,270000,0
FINNIFTY13NOV2321000CE.NFO,2023-11-13,09:24:00,2023-11-13,0.2,0.25,0.15,0.2,45240,270000,0
FINNIFTY13NOV2321000CE.NFO,2023-11-13,09:25:00,2023-11-13,0.25,0.25,0.2,0.2,12640,270000,0
FINNIFTY13NOV2321000CE.NFO,2023-11-13,09:26:00,2023-11-13,0.2,0.2,0.2,0.2,1800,272720,0
FINNIFTY13NOV2321000CE.NFO,2023-11-13,09:27:00,2023-11-13,0.2,0.25,0.2,0.25,7280,272720,0
FINNIFTY13NOV2321000CE.NFO,2023-11-13,09:28:00,2023-11-13,0.25,0.25,0.2,0.25,3280,272720,0
FINNIFTY13NOV2321000CE.NFO,2023-11-13,09:29:00,2023-11-13,0.25,0.25,0.2,0.25,21200,276360,0
FINNIFTY13NOV2321000CE.NFO,2023-11-13,09:30:00,2023-11-13,0.25,0.25,0.2,0.25,3200,276360,0
FINNIFTY13NOV2321000CE.NFO,2023-11-13,09:31:00,2023-11-13,0.25,0.25,0.2,0.2,8600,276360,0
FINNIFTY13NOV2321000CE.NFO,2023-11-13,09:32:00,2023-11-13,0.2,0.2,0.2,0.2,7440,295160,0
FINNIFTY13NOV2321000CE.NFO,2023-11-13,09:33:00,2023-11-13,0.2,0.2,0.2,0.2,0,295160,0
FINNIFTY13NOV2321000CE.NFO,2023-11-13,09:34:00,2023-11-13,0.25,0.25,0.2,0.2,5480,295160,0
FINNIFTY13NOV2321000CE.NFO,2023-11-13,09:35:00,2023-11-13,0.2,0.2,0.2,0.2,80,295160,0
FINNIFTY13NOV2321000CE.NFO,2023-11-13,09:36:00,2023-11-13,0.2,0.2,0.15,0.15,51040,295160,0
FINNIFTY13NOV2321000CE.NFO,2023-11-13,09:37:00,2023-11-13,0.15,0.2,0.15,0.2,19560,295160,0
FINNIFTY13NOV2321000CE.NFO,2023-11-13,09:38:00,2023-11-13,0.2,0.2,0.15,0.2,32200,286360,0
FINNIFTY13NOV2321000CE.NFO,2023-11-13,09:39:00,2023-11-13,0.2,0.2,0.2,0.2,640,286360,0
FINNIFTY13NOV2321000CE.NFO,2023-11-13,09:40:00,2023-11-13,0.2,0.2,0.2,0.2,2600,286360,0
FINNIFTY13NOV2321000CE.NFO,2023-11-13,09:41:00,2023-11-13,0.2,0.2,0.2,0.2,0,286360,0
FINNIFTY13NOV2321000CE.NFO,2023-11-13,09:42:00,2023-11-13,0.2,0.2,0.2,0.2,2320,285960,0
FINNIFTY13NOV2321000CE.NFO,2023-11-13,09:43:00,2023-11-13,0.2,0.2,0.2,0.2,20480,285960,0
FINNIFTY13NOV2321000CE.NFO,2023-11-13,09:44:00,2023-11-13,0.2,0.2,0.2,0.2,680,285840,0
FINNIFTY13NOV2321000CE.NFO,2023-11-13,09:45:00,2023-11-13,0.2,0.2,0.2,0.2,20160,285840,0
FINNIFTY13NOV2321000CE.NFO,2023-11-13,09:46:00,2023-11-13,0.2,0.2,0.15,0.15,560,285840,0
FINNIFTY13NOV2321000CE.NFO,2023-11-13,09:47:00,2023-11-13,0.15,0.2,0.15,0.2,120,285840,0
FINNIFTY13NOV2321000CE.NFO,2023-11-13,09:48:00,2023-11-13,0.2,0.2,0.2,0.2,360,285840,0
FINNIFTY13NOV2321000CE.NFO,2023-11-13,09:49:00,2023-11-13,0.2,0.2,0.2,0.2,440,285840,0
FINNIFTY13NOV2321000CE.NFO,2023-11-13,09:50:00,2023-11-13,0.2,0.2,0.15,0.2,840,285840,0
FINNIFTY13NOV2321000CE.NFO,2023-11-13,09:51:00,2023-11-13,0.2,0.2,0.2,0.2,1360,285840,0
FINNIFTY13NOV2321000CE.NFO,2023-11-13,09:52:00,2023-11-13,0.2,0.2,0.2,0.2,6040,285840,0
FINNIFTY13NOV2321000CE.NFO,2023-11-13,09:53:00,2023-11-13,0.2,0.2,0.15,0.2,6720,286000,0
FINNIFTY13NOV2321000CE.NFO,2023-11-13,09:54:00,2023-11-13,0.2,0.2,0.2,0.2,1800,286000,0
FINNIFTY13NOV2321000CE.NFO,2023-11-13,09:55:00,2023-11-13,0.2,0.2,0.15,0.2,2560,286000,0
FINNIFTY13NOV2321000CE.NFO,2023-11-13,09:56:00,2023-11-13,0.2,0.2,0.2,0.2,6600,289720,0
FINNIFTY13NOV2321000CE.NFO,2023-11-13,09:57:00,2023-11-13,0.2,0.25,0.2,0.2,5840,289720,0
FINNIFTY13NOV2321000CE.NFO,2023-11-13,09:58:00,2023-11-13,0.2,0.2,0.2,0.2,720,289720,0
FINNIFTY13NOV2321000CE.NFO,2023-11-13,09:59:00,2023-11-13,0.2,0.2,0.2,0.2,80,286120,0
FINNIFTY13NOV2321000CE.NFO,2023-11-13,10:00:00,2023-11-13,0.2,0.2,0.2,0.2,15000,286120,0
FINNIFTY13NOV2321000CE.NFO,2023-11-13,10:01:00,2023-11-13,0.2,0.25,0.2,0.25,2720,286120,0
FINNIFTY13NOV2321000CE.NFO,2023-11-13,10:02:00,2023-11-13,0.25,0.25,0.2,0.2,4560,283400,0
FINNIFTY13NOV2321000CE.NFO,2023-11-13,10:03:00,2023-11-13,0.2,0.2,0.2,0.2,5120,283400,0
FINNIFTY13NOV2321000CE.NFO,2023-11-13,10:04:00,2023-11-13,0.2,0.2,0.2,0.2,0,283400,0
FINNIFTY13NOV2321000CE.NFO,2023-11-13,10:05:00,2023-11-13,0.2,0.25,0.2,0.2,1560,283360,0
FINNIFTY13NOV2321000CE.NFO,2023-11-13,10:06:00,2023-11-13,0.2,0.2,0.2,0.2,3080,283360,0
FINNIFTY13NOV2321000CE.NFO,2023-11-13,10:07:00,2023-11-13,0.2,0.2,0.2,0.2,10320,283360,0
FINNIFTY13NOV2321000CE.NFO,2023-11-13,10:08:00,2023-11-13,0.2,0.2,0.2,0.2,16400,287000,0
FINNIFTY13NOV2321000CE.NFO,2023-11-13,10:09:00,2023-11-13,0.2,0.2,0.15,0.2,5520,287000,0
FINNIFTY13NOV2321000CE.NFO,2023-11-13,10:10:00,2023-11-13,0.2,0.2,0.2,0.2,560,287000,0
FINNIFTY13NOV2321000CE.NFO,2023-11-13,10:11:00,2023-11-13,0.2,0.2,0.15,0.2,280,287000,0
FINNIFTY13NOV2321000CE.NFO,2023-11-13,10:12:00,2023-11-13,0.2,0.2,0.2,0.2,3160,283160,0
FINNIFTY13NOV2321000CE.NFO,2023-11-13,10:13:00,2023-11-13,0.2,0.2,0.2,0.2,3160,283160,0
FINNIFTY13NOV2321000CE.NFO,2023-11-13,10:14:00,2023-11-13,0.2,0.2,0.2,0.2,5040,281760,0
FINNIFTY13NOV2321000CE.NFO,2023-11-13,10:15:00,2023-11-13,0.2,0.25,0.2,0.25,3000,281760,0
FINNIFTY13NOV2321000CE.NFO,2023-11-13,10:16:00,2023-11-13,0.25,0.25,0.2,0.2,7680,281760,0
FINNIFTY13NOV2321000CE.NFO,2023-11-13,10:17:00,2023-11-13,0.2,0.2,0.2,0.2,1080,281760,0
FINNIFTY13NOV2321000CE.NFO,2023-11-13,10:18:00,2023-11-13,0.2,0.25,0.2,0.25,16080,283600,0
FINNIFTY13NOV2321000CE.NFO,2023-11-13,10:19:00,2023-11-13,0.25,0.3,0.25,0.3,1920,283600,0
FINNIFTY13NOV2321000CE.NFO,2023-11-13,10:20:00,2023-11-13,0.3,0.3,0.25,0.25,8600,293480,0
FINNIFTY13NOV2321000CE.NFO,2023-11-13,10:21:00,2023-11-13,0.25,0.25,0.25,0.25,0,293480,0
FINNIFTY13NOV2321000CE.NFO,2023-11-13,10:22:00,2023-11-13,0.25,0.3,0.25,0.3,640,293480,0
FINNIFTY13NOV2321000CE.NFO,2023-11-13,10:23:00,2023-11-13,0.25,0.3,0.25,0.25,13400,295920,0
FINNIFTY13NOV2321000CE.NFO,2023-11-13,10:24:00,2023-11-13,0.25,0.35,0.25,0.35,16360,295920,0
FINNIFTY13NOV2321000CE.NFO,2023-11-13,10:25:00,2023-11-13,0.35,0.35,0.25,0.25,760,295920,0
FINNIFTY13NOV2321000CE.NFO,2023-11-13,10:26:00,2023-11-13,0.25,0.25,0.25,0.25,120,295920,0
FINNIFTY13NOV2321000CE.NFO,2023-11-13,10:27:00,2023-11-13,0.25,0.25,0.25,0.25,3000,303600,0
FINNIFTY13NOV2321000CE.NFO,2023-11-13,10:28:00,2023-11-13,0.3,0.3,0.25,0.3,4080,303600,0
FINNIFTY13NOV2321000CE.NFO,2023-11-13,10:29:00,2023-11-13,0.3,0.35,0.25,0.25,12280,289760,0
FINNIFTY13NOV2321000CE.NFO,2023-11-13,10:30:00,2023-11-13,0.25,0.3,0.25,0.3,2040,289760,0
FINNIFTY13NOV2321000CE.NFO,2023-11-13,10:31:00,2023-11-13,0.3,0.3,0.25,0.25,4520,289760,0
FINNIFTY13NOV2321000CE.NFO,2023-11-13,10:32:00,2023-11-13,0.25,0.25,0.25,0.25,0,289760,0
FINNIFTY13NOV2321000CE.NFO,2023-11-13,10:33:00,2023-11-13,0.25,0.3,0.25,0.25,440,292480,0
FINNIFTY13NOV2321000CE.NFO,2023-11-13,10:34:00,2023-11-13,0.25,0.3,0.25,0.3,80,292480,0
FINNIFTY13NOV2321000CE.NFO,2023-11-13,10:35:00,2023-11-13,0.3,0.3,0.3,0.3,1600,292960,0
FINNIFTY13NOV2321000CE.NFO,2023-11-13,10:36:00,2023-11-13,0.3,0.3,0.3,0.3,400,292960,0
FINNIFTY13NOV2321000CE.NFO,2023-11-13,10:37:00,2023-11-13,0.3,0.3,0.25,0.3,3840,292960,0
FINNIFTY13NOV2321000CE.NFO,2023-11-13,10:38:00,2023-11-13,0.3,0.3,0.3,0.3,2400,294120,0
FINNIFTY13NOV2321000CE.NFO,2023-11-13,10:39:00,2023-11-13,0.3,0.3,0.25,0.3,760,294120,0
FINNIFTY13NOV2321000CE.NFO,2023-11-13,10:40:00,2023-11-13,0.3,0.3,0.3,0.3,2040,294120,0
FINNIFTY13NOV2321000CE.NFO,2023-11-13,10:41:00,2023-11-13,0.3,0.35,0.3,0.3,2760,298320,0
FINNIFTY13NOV2321000CE.NFO,2023-11-13,10:42:00,2023-11-13,0.3,0.3,0.3,0.3,240,298320,0
FINNIFTY13NOV2321000CE.NFO,2023-11-13,10:43:00,2023-11-13,0.3,0.3,0.3,0.3,360,298320,0
FINNIFTY13NOV2321000CE.NFO,2023-11-13,10:44:00,2023-11-13,0.3,0.3,0.25,0.25,1600,300320,0
FINNIFTY13NOV2321000CE.NFO,2023-11-13,10:45:00,2023-11-13,0.25,0.3,0.25,0.3,1280,300320,0
FINNIFTY13NOV2321000CE.NFO,2023-11-13,10:46:00,2023-11-13,0.3,0.3,0.3,0.3,2200,300320,0
FINNIFTY13NOV2321000CE.NFO,2023-11-13,10:47:00,2023-11-13,0.3,0.3,0.3,0.3,80,298720,0
FINNIFTY13NOV2321000CE.NFO,2023-11-13,10:48:00,2023-11-13,0.3,0.35,0.3,0.3,2280,298720,0
FINNIFTY13NOV2321000CE.NFO,2023-11-13,10:49:00,2023-11-13,0.3,0.3,0.3,0.3,4760,298720,0
FINNIFTY13NOV2321000CE.NFO,2023-11-13,10:50:00,2023-11-13,0.3,0.3,0.3,0.3,2080,295560,0
FINNIFTY13NOV2321000CE.NFO,2023-11-13,10:51:00,2023-11-13,0.3,0.3,0.3,0.3,0,295560,0
FINNIFTY13NOV2321000CE.NFO,2023-11-13,10:52:00,2023-11-13,0.3,0.3,0.3,0.3,1280,295560,0
FINNIFTY13NOV2321000CE.NFO,2023-11-13,10:53:00,2023-11-13,0.3,0.3,0.3,0.3,0,295560,0
FINNIFTY13NOV2321000CE.NFO,2023-11-13,10:54:00,2023-11-13,0.3,0.35,0.3,0.3,720,295080,0
FINNIFTY13NOV2321000CE.NFO,2023-11-13,10:55:00,2023-11-13,0.3,0.3,0.25,0.25,16160,295080,0
FINNIFTY13NOV2321000CE.NFO,2023-11-13,10:56:00,2023-11-13,0.25,0.3,0.25,0.3,960,295080,0
FINNIFTY13NOV2321000CE.NFO,2023-11-13,10:57:00,2023-11-13,0.3,0.3,0.3,0.3,1040,306800,0
FINNIFTY13NOV2321000CE.NFO,2023-11-13,10:58:00,2023-11-13,0.3,0.3,0.25,0.25,6680,306800,0
FINNIFTY13NOV2321000CE.NFO,2023-11-13,10:59:00,2023-11-13,0.25,0.3,0.25,0.25,24000,308880,0
FINNIFTY13NOV2321000CE.NFO,2023-11-13,11:00:00,2023-11-13,0.25,0.3,0.25,0.3,640,308880,0
FINNIFTY13NOV2321000CE.NFO,2023-11-13,11:01:00,2023-11-13,0.25,0.25,0.25,0.25,0,308880,0
FINNIFTY13NOV2321000CE.NFO,2023-11-13,11:02:00,2023-11-13,0.25,0.25,0.25,0.25,3040,310680,0
FINNIFTY13NOV2321000CE.NFO,2023-11-13,11:03:00,2023-11-13,0.25,0.25,0.25,0.25,5720,310680,0
FINNIFTY13NOV2321000CE.NFO,2023-11-13,11:04:00,2023-11-13,0.25,0.25,0.2,0.2,2400,310680,0
FINNIFTY13NOV2321000CE.NFO,2023-11-13,11:05:00,2023-11-13,0.2,0.25,0.2,0.2,2240,305840,0
FINNIFTY13NOV2321000CE.NFO,2023-11-13,11:06:00,2023-11-13,0.2,0.2,0.2,0.2,10400,305840,0
FINNIFTY13NOV2321000CE.NFO,2023-11-13,11:07:00,2023-11-13,0.2,0.2,0.2,0.2,8240,305840,0
FINNIFTY13NOV2321000CE.NFO,2023-11-13,11:08:00,2023-11-13,0.2,0.2,0.15,0.15,440,300120,0
FINNIFTY13NOV2321000CE.NFO,2023-11-13,11:09:00,2023-11-13,0.15,0.2,0.15,0.2,200,300120,0
FINNIFTY13NOV2321000CE.NFO,2023-11-13,11:10:00,2023-11-13,0.2,0.2,0.2,0.2,600,300120,0
FINNIFTY13NOV2321000CE.NFO,2023-11-13,11:11:00,2023-11-13,0.2,0.2,0.15,0.2,240,299880,0
FINNIFTY13NOV2321000CE.NFO,2023-11-13,11:12:00,2023-11-13,0.2,0.2,0.15,0.2,3000,299880,0
FINNIFTY13NOV2321000CE.NFO,2023-11-13,11:13:00,2023-11-13,0.2,0.2,0.2,0.2,200,299880,0
FINNIFTY13NOV2321000CE.NFO,2023-11-13,11:14:00,2023-11-13,0.2,0.2,0.2,0.2,3760,298920,0
FINNIFTY13NOV2321000CE.NFO,2023-11-13,11:15:00,2023-11-13,0.2,0.2,0.2,0.2,0,298920,0
FINNIFTY13NOV2321000CE.NFO,2023-11-13,11:16:00,2023-11-13,0.2,0.2,0.2,0.2,0,298920,1
FINNIFTY13NOV2321000CE.NFO,2023-11-13,11:17:00,2023-11-13,0.2,0.2,0.2,0.2,2520,300600,0
FINNIFTY13NOV2321000CE.NFO,2023-11-13,11:18:00,2023-11-13,0.15,0.15,0.15,0.15,3000,300600,0
FINNIFTY13NOV2321000CE.NFO,2023-11-13,11:19:00,2023-11-13,0.15,0.2,0.15,0.15,5840,300600,0
FINNIFTY13NOV2321000CE.NFO,2023-11-13,11:20:00,2023-11-13,0.15,0.2,0.15,0.15,3840,307520,0
FINNIFTY13NOV2321000CE.NFO,2023-11-13,11:21:00,2023-11-13,0.2,0.2,0.15,0.15,520,307520,0
FINNIFTY13NOV2321000CE.NFO,2023-11-13,11:22:00,2023-11-13,0.15,0.15,0.15,0.15,0,307520,0
FINNIFTY13NOV2321000CE.NFO,2023-11-13,11:23:00,2023-11-13,0.15,0.15,0.15,0.15,14440,307200,0
FINNIFTY13NOV2321000CE.NFO,2023-11-13,11:24:00,2023-11-13,0.15,0.15,0.15,0.15,13880,307200,0
FINNIFTY13NOV2321000CE.NFO,2023-11-13,11:25:00,2023-11-13,0.15,0.2,0.15,0.15,45880,307200,0
FINNIFTY13NOV2321000CE.NFO,2023-11-13,11:26:00,2023-11-13,0.15,0.15,0.15,0.15,18320,307200,0
FINNIFTY13NOV2321000CE.NFO,2023-11-13,11:27:00,2023-11-13,0.15,0.15,0.1,0.1,1800,304040,0
FINNIFTY13NOV2321000CE.NFO,2023-11-13,11:28:00,2023-11-13,0.1,0.15,0.1,0.15,1000,304040,0
FINNIFTY13NOV2321000CE.NFO,2023-11-13,11:29:00,2023-11-13,0.15,0.15,0.1,0.1,3600,304040,0
FINNIFTY13NOV2321000CE.NFO,2023-11-13,11:30:00,2023-11-13,0.1,0.1,0.1,0.1,1000,304040,0
FINNIFTY13NOV2321000CE.NFO,2023-11-13,11:31:00,2023-11-13,0.1,0.1,0.1,0.1,0,304040,0
FINNIFTY13NOV2321000CE.NFO,2023-11-13,11:32:00,2023-11-13,0.1,0.1,0.1,0.1,0,304040,0
FINNIFTY13NOV2321000CE.NFO,2023-11-13,11:33:00,2023-11-13,0.15,0.15,0.15,0.15,2800,304080,0
FINNIFTY13NOV2321000CE.NFO,2023-11-13,11:34:00,2023-11-13,0.15,0.15,0.1,0.1,2360,304080,0
FINNIFTY13NOV2321000CE.NFO,2023-11-13,11:35:00,2023-11-13,0.1,0.15,0.1,0.15,3640,304080,0
FINNIFTY13NOV2321000CE.NFO,2023-11-13,11:36:00,2023-11-13,0.15,0.15,0.15,0.15,3240,304080,0
FINNIFTY13NOV2321000CE.NFO,2023-11-13,11:37:00,2023-11-13,0.1,0.1,0.1,0.1,1600,304080,0
FINNIFTY13NOV2321000CE.NFO,2023-11-13,11:38:00,2023-11-13,0.1,0.1,0.1,0.1,2040,304080,0
FINNIFTY13NOV2321000CE.NFO,2023-11-13,11:39:00,2023-11-13,0.1,0.15,0.1,0.1,3240,304080,0
FINNIFTY13NOV2321000CE.NFO,2023-11-13,11:40:00,2023-11-13,0.1,0.15,0.1,0.1,1040,304080,0
FINNIFTY13NOV2321000CE.NFO,2023-11-13,11:41:00,2023-11-13,0.1,0.1,0.1,0.1,1800,304080,0
FINNIFTY13NOV2321000CE.NFO,2023-11-13,11:42:00,2023-11-13,0.1,0.1,0.1,0.1,0,305640,0
FINNIFTY13NOV2321000CE.NFO,2023-11-13,11:43:00,2023-11-13,0.1,0.1,0.1,0.1,40,305640,0
FINNIFTY13NOV2321000CE.NFO,2023-11-13,11:44:00,2023-11-13,0.15,0.15,0.15,0.15,2640,305640,0
FINNIFTY13NOV2321000CE.NFO,2023-11-13,11:45:00,2023-11-13,0.15,0.15,0.1,0.1,640,306320,0
FINNIFTY13NOV2321000CE.NFO,2023-11-13,11:46:00,2023-11-13,0.1,0.1,0.1,0.1,16680,306320,0
FINNIFTY13NOV2321000CE.NFO,2023-11-13,11:47:00,2023-11-13,0.1,0.1,0.1,0.1,0,306320,0
FINNIFTY13NOV2321000CE.NFO,2023-11-13,11:48:00,2023-11-13,0.1,0.1,0.1,0.1,0,306320,0
FINNIFTY13NOV2321000CE.NFO,2023-11-13,11:49:00,2023-11-13,0.1,0.15,0.1,0.1,680,306320,0
FINNIFTY13NOV2321000CE.NFO,2023-11-13,11:50:00,2023-11-13,0.1,0.15,0.1,0.15,1240,306320,0
FINNIFTY13NOV2321000CE.NFO,2023-11-13,11:51:00,2023-11-13,0.1,0.1,0.1,0.1,0,306960,0
FINNIFTY13NOV2321000CE.NFO,2023-11-13,11:52:00,2023-11-13,0.1,0.1,0.1,0.1,0,306960,0
FINNIFTY13NOV2321000CE.NFO,2023-11-13,11:53:00,2023-11-13,0.15,0.15,0.1,0.1,160,307000,0
FINNIFTY13NOV2321000CE.NFO,2023-11-13,11:54:00,2023-11-13,0.1,0.15,0.1,0.15,40,307000,0
FINNIFTY13NOV2321000CE.NFO,2023-11-13,11:55:00,2023-11-13,0.1,0.1,0.1,0.1,2640,307000,0
FINNIFTY13NOV2321000CE.NFO,2023-11-13,11:56:00,2023-11-13,0.1,0.1,0.1,0.1,2040,307000,0
FINNIFTY13NOV2321000CE.NFO,2023-11-13,11:57:00,2023-11-13,0.15,0.15,0.15,0.15,0,307920,0
FINNIFTY13NOV2321000CE.NFO,2023-11-13,11:58:00,2023-11-13,0.15,0.15,0.15,0.15,2400,307920,0
FINNIFTY13NOV2321000CE.NFO,2023-11-13,11:59:00,2023-11-13,0.15,0.15,0.15,0.15,0,307920,0
FINNIFTY13NOV2321000CE.NFO,2023-11-13,12:00:00,2023-11-13,0.15,0.15,0.15,0.15,0,307920,0
FINNIFTY13NOV2321000CE.NFO,2023-11-13,12:01:00,2023-11-13,0.15,0.15,0.1,0.15,1640,307920,0
FINNIFTY13NOV2321000CE.NFO,2023-11-13,12:02:00,2023-11-13,0.15,0.15,0.15,0.15,8680,306880,0
FINNIFTY13NOV2321000CE.NFO,2023-11-13,12:03:00,2023-11-13,0.15,0.15,0.15,0.15,8680,306880,1
FINNIFTY13NOV2321000CE.NFO,2023-11-13,12:04:00,2023-11-13,0.15,0.15,0.15,0.15,8680,306880,1
FINNIFTY13NOV2321000CE.NFO,2023-11-13,12:05:00,2023-11-13,0.15,0.15,0.15,0.15,8680,306880,1
FINNIFTY13NOV2321000CE.NFO,2023-11-13,12:06:00,2023-11-13,0.15,0.15,0.15,0.15,8680,306880,1
FINNIFTY13NOV2321000CE.NFO,2023-11-13,12:07:00,2023-11-13,0.15,0.15,0.15,0.15,0,306880,0
FINNIFTY13NOV2321000CE.NFO,2023-11-13,12:08:00,2023-11-13,0.15,0.15,0.15,0.15,0,306880,0
FINNIFTY13NOV2321000CE.NFO,2023-11-13,12:09:00,2023-11-13,0.15,0.15,0.15,0.15,0,306880,0
FINNIFTY13NOV2321000CE.NFO,2023-11-13,12:10:00,2023-11-13,0.15,0.15,0.15,0.15,2560,306880,0
FINNIFTY13NOV2321000CE.NFO,2023-11-13,12:11:00,2023-11-13,0.1,0.15,0.1,0.15,15200,304800,0
FINNIFTY13NOV2321000CE.NFO,2023-11-13,12:12:00,2023-11-13,0.15,0.15,0.15,0.15,0,304800,0
FINNIFTY13NOV2321000CE.NFO,2023-11-13,12:13:00,2023-11-13,0.15,0.15,0.15,0.15,0,304800,0
FINNIFTY13NOV2321000CE.NFO,2023-11-13,12:14:00,2023-11-13,0.15,0.15,0.15,0.15,0,304800,1
FINNIFTY13NOV2321000CE.NFO,2023-11-13,12:15:00,2023-11-13,0.15,0.15,0.15,0.15,0,304800,0
FINNIFTY13NOV2321000CE.NFO,2023-11-13,12:16:00,2023-11-13,0.15,0.15,0.15,0.15,0,304800,0
FINNIFTY13NOV2321000CE.NFO,2023-11-13,12:17:00,2023-11-13,0.15,0.15,0.15,0.15,0,304800,1
FINNIFTY13NOV2321000CE.NFO,2023-11-13,12:18:00,2023-11-13,0.15,0.15,0.1,0.1,1840,304800,0
FINNIFTY13NOV2321000CE.NFO,2023-11-13,12:19:00,2023-11-13,0.1,0.1,0.1,0.1,0,304800,0
FINNIFTY13NOV2321000CE.NFO,2023-11-13,12:20:00,2023-11-13,0.1,0.1,0.1,0.1,0,304800,0
FINNIFTY13NOV2321000CE.NFO,2023-11-13,12:21:00,2023-11-13,0.1,0.15,0.1,0.15,200,304840,0
FINNIFTY13NOV2321000CE.NFO,2023-11-13,12:22:00,2023-11-13,0.15,0.15,0.15,0.15,0,304840,0
FINNIFTY13NOV2321000CE.NFO,2023-11-13,12:23:00,2023-11-13,0.15,0.15,0.15,0.15,0,304840,0
FINNIFTY13NOV2321000CE.NFO,2023-11-13,12:24:00,2023-11-13,0.1,0.15,0.1,0.15,2400,304840,0
FINNIFTY13NOV2321000CE.NFO,2023-11-13,12:25:00,2023-11-13,0.15,0.15,0.15,0.15,0,304840,0
FINNIFTY13NOV2321000CE.NFO,2023-11-13,12:26:00,2023-11-13,0.1,0.1,0.1,0.1,40,304840,0
FINNIFTY13NOV2321000CE.NFO,2023-11-13,12:27:00,2023-11-13,0.1,0.1,0.1,0.1,2600,304840,0
FINNIFTY13NOV2321000CE.NFO,2023-11-13,12:28:00,2023-11-13,0.1,0.1,0.1,0.1,440,304840,0
FINNIFTY13NOV2321000CE.NFO,2023-11-13,12:29:00,2023-11-13,0.1,0.1,0.1,0.1,0,304840,0
FINNIFTY13NOV2321000CE.NFO,2023-11-13,12:30:00,2023-11-13,0.15,0.15,0.15,0.15,800,304840,0
FINNIFTY13NOV2321000CE.NFO,2023-11-13,12:31:00,2023-11-13,0.15,0.15,0.15,0.15,80,304840,0
FINNIFTY13NOV2321000CE.NFO,2023-11-13,12:32:00,2023-11-13,0.15,0.15,0.15,0.15,40,304840,0
FINNIFTY13NOV2321000CE.NFO,2023-11-13,12:33:00,2023-11-13,0.15,0.15,0.15,0.15,1280,304840,0
FINNIFTY13NOV2321000CE.NFO,2023-11-13,12:34:00,2023-11-13,0.15,0.15,0.15,0.15,0,304840,0
FINNIFTY13NOV2321000CE.NFO,2023-11-13,12:35:00,2023-11-13,0.15,0.15,0.1,0.1,2040,304840,0
FINNIFTY13NOV2321000CE.NFO,2023-11-13,12:36:00,2023-11-13,0.1,0.1,0.1,0.1,0,304840,0
FINNIFTY13NOV2321000CE.NFO,2023-11-13,12:37:00,2023-11-13,0.1,0.1,0.1,0.1,200,304840,0
FINNIFTY13NOV2321000CE.NFO,2023-11-13,12:38:00,2023-11-13,0.1,0.1,0.1,0.1,200,304840,1
FINNIFTY13NOV2321000CE.NFO,2023-11-13,12:39:00,2023-11-13,0.1,0.1,0.1,0.1,560,304840,0
FINNIFTY13NOV2321000CE.NFO,2023-11-13,12:40:00,2023-11-13,0.1,0.1,0.1,0.1,800,304840,0
FINNIFTY13NOV2321000CE.NFO,2023-11-13,12:41:00,2023-11-13,0.1,0.1,0.1,0.1,360,304840,0
FINNIFTY13NOV2321000CE.NFO,2023-11-13,12:42:00,2023-11-13,0.1,0.1,0.1,0.1,1000,304840,0
FINNIFTY13NOV2321000CE.NFO,2023-11-13,12:43:00,2023-11-13,0.1,0.1,0.1,0.1,0,304840,0
FINNIFTY13NOV2321000CE.NFO,2023-11-13,12:44:00,2023-11-13,0.1,0.1,0.1,0.1,40,304840,0
FINNIFTY13NOV2321000CE.NFO,2023-11-13,12:45:00,2023-11-13,0.1,0.1,0.1,0.1,0,304840,0
FINNIFTY13NOV2321000CE.NFO,2023-11-13,12:46:00,2023-11-13,0.1,0.1,0.1,0.1,0,304840,0
FINNIFTY13NOV2321000CE.NFO,2023-11-13,12:47:00,2023-11-13,0.1,0.1,0.1,0.1,0,304840,0
FINNIFTY13NOV2321000CE.NFO,2023-11-13,12:48:00,2023-11-13,0.1,0.1,0.1,0.1,3600,305400,0
FINNIFTY13NOV2321000CE.NFO,2023-11-13,12:49:00,2023-11-13,0.1,0.1,0.1,0.1,1360,305400,0
FINNIFTY13NOV2321000CE.NFO,2023-11-13,12:50:00,2023-11-13,0.1,0.1,0.1,0.1,1360,305400,1
FINNIFTY13NOV2321000CE.NFO,2023-11-13,12:51:00,2023-11-13,0.15,0.15,0.15,0.15,760,308960,0
FINNIFTY13NOV2321000CE.NFO,2023-11-13,12:52:00,2023-11-13,0.15,0.15,0.15,0.15,1040,308960,0
FINNIFTY13NOV2321000CE.NFO,2023-11-13,12:53:00,2023-11-13,0.15,0.15,0.15,0.15,1040,308960,1
FINNIFTY13NOV2321000CE.NFO,2023-11-13,12:54:00,2023-11-13,0.15,0.15,0.15,0.15,1040,308960,1
FINNIFTY13NOV2321000CE.NFO,2023-11-13,12:55:00,2023-11-13,0.15,0.15,0.15,0.15,200,308400,0
FINNIFTY13NOV2321000CE.NFO,2023-11-13,12:56:00,2023-11-13,0.15,0.15,0.15,0.15,3120,308400,0
FINNIFTY13NOV2321000CE.NFO,2023-11-13,12:57:00,2023-11-13,0.15,0.15,0.15,0.15,200,308400,0
FINNIFTY13NOV2321000CE.NFO,2023-11-13,12:58:00,2023-11-13,0.1,0.1,0.1,0.1,6520,308400,0
FINNIFTY13NOV2321000CE.NFO,2023-11-13,12:59:00,2023-11-13,0.1,0.1,0.1,0.1,0,308400,0
FINNIFTY13NOV2321000CE.NFO,2023-11-13,13:00:00,2023-11-13,0.1,0.1,0.1,0.1,0,308400,0
FINNIFTY13NOV2321000CE.NFO,2023-11-13,13:01:00,2023-11-13,0.1,0.1,0.05,0.1,43120,308400,0
FINNIFTY13NOV2321000CE.NFO,2023-11-13,13:02:00,2023-11-13,0.1,0.1,0.1,0.1,8800,303680,0
FINNIFTY13NOV2321000CE.NFO,2023-11-13,13:03:00,2023-11-13,0.1,0.1,0.1,0.1,14360,303680,0
FINNIFTY13NOV2321000CE.NFO,2023-11-13,13:04:00,2023-11-13,0.1,0.1,0.1,0.1,16160,303680,0
FINNIFTY13NOV2321000CE.NFO,2023-11-13,13:05:00,2023-11-13,0.1,0.1,0.05,0.1,1440,303480,0
FINNIFTY13NOV2321000CE.NFO,2023-11-13,13:06:00,2023-11-13,0.1,0.1,0.1,0.1,520,303480,0
FINNIFTY13NOV2321000CE.NFO,2023-11-13,13:07:00,2023-11-13,0.1,0.1,0.1,0.1,0,303480,0
FINNIFTY13NOV2321000CE.NFO,2023-11-13,13:08:00,2023-11-13,0.1,0.1,0.1,0.1,0,303480,0
FINNIFTY13NOV2321000CE.NFO,2023-11-13,13:09:00,2023-11-13,0.1,0.1,0.1,0.1,0,303480,0
FINNIFTY13NOV2321000CE.NFO,2023-11-13,13:10:00,2023-11-13,0.1,0.15,0.05,0.15,9960,303480,0
FINNIFTY13NOV2321000CE.NFO,2023-11-13,13:11:00,2023-11-13,0.15,0.15,0.1,0.1,4560,303480,0
FINNIFTY13NOV2321000CE.NFO,2023-11-13,13:12:00,2023-11-13,0.1,0.1,0.1,0.1,4560,303480,0
FINNIFTY13NOV2321000CE.NFO,2023-11-13,13:13:00,2023-11-13,0.1,0.1,0.1,0.1,2040,303480,0
FINNIFTY13NOV2321000CE.NFO,2023-11-13,13:14:00,2023-11-13,0.1,0.1,0.1,0.1,1800,303480,0
FINNIFTY13NOV2321000CE.NFO,2023-11-13,13:15:00,2023-11-13,0.1,0.1,0.1,0.1,400,305800,0
FINNIFTY13NOV2321000CE.NFO,2023-11-13,13:16:00,2023-11-13,0.1,0.1,0.1,0.1,2880,305800,0
FINNIFTY13NOV2321000CE.NFO,2023-11-13,13:17:00,2023-11-13,0.1,0.15,0.1,0.15,35000,305800,0
FINNIFTY13NOV2321000CE.NFO,2023-11-13,13:18:00,2023-11-13,0.15,0.15,0.1,0.1,2840,305800,0
FINNIFTY13NOV2321000CE.NFO,2023-11-13,13:19:00,2023-11-13,0.1,0.1,0.1,0.1,6200,305800,0
FINNIFTY13NOV2321000CE.NFO,2023-11-13,13:20:00,2023-11-13,0.1,0.15,0.1,0.15,4120,305800,0
FINNIFTY13NOV2321000CE.NFO,2023-11-13,13:21:00,2023-11-13,0.15,0.15,0.15,0.15,0,305800,0
FINNIFTY13NOV2321000CE.NFO,2023-11-13,13:22:00,2023-11-13,0.15,0.15,0.15,0.15,0,305800,0
FINNIFTY13NOV2321000CE.NFO,2023-11-13,13:23:00,2023-11-13,0.15,0.15,0.15,0.15,520,305800,0
FINNIFTY13NOV2321000CE.NFO,2023-11-13,13:24:00,2023-11-13,0.15,0.15,0.1,0.15,2120,305800,0
FINNIFTY13NOV2321000CE.NFO,2023-11-13,13:25:00,2023-11-13,0.15,0.15,0.1,0.1,1080,305800,0
FINNIFTY13NOV2321000CE.NFO,2023-11-13,13:26:00,2023-11-13,0.1,0.1,0.1,0.1,920,305800,0
FINNIFTY13NOV2321000CE.NFO,2023-11-13,13:27:00,2023-11-13,0.1,0.15,0.1,0.1,840,306360,0
FINNIFTY13NOV2321000CE.NFO,2023-11-13,13:28:00,2023-11-13,0.1,0.1,0.1,0.1,0,306360,0
FINNIFTY13NOV2321000CE.NFO,2023-11-13,13:29:00,2023-11-13,0.1,0.15,0.1,0.1,1120,306920,0
FINNIFTY13NOV2321000CE.NFO,2023-11-13,13:30:00,2023-11-13,0.1,0.15,0.1,0.15,320,306920,0
FINNIFTY13NOV2321000CE.NFO,2023-11-13,13:31:00,2023-11-13,0.15,0.15,0.15,0.15,680,306920,0
FINNIFTY13NOV2321000CE.NFO,2023-11-13,13:32:00,2023-11-13,0.15,0.15,0.15,0.15,14800,306920,0
FINNIFTY13NOV2321000CE.NFO,2023-11-13,13:33:00,2023-11-13,0.15,0.15,0.1,0.1,280,312480,0
FINNIFTY13NOV2321000CE.NFO,2023-11-13,13:34:00,2023-11-13,0.1,0.1,0.1,0.1,3080,312480,0
FINNIFTY13NOV2321000CE.NFO,2023-11-13,13:35:00,2023-11-13,0.1,0.15,0.1,0.15,2240,313240,0
FINNIFTY13NOV2321000CE.NFO,2023-11-13,13:36:00,2023-11-13,0.15,0.15,0.15,0.15,520,313240,0
FINNIFTY13NOV2321000CE.NFO,2023-11-13,13:37:00,2023-11-13,0.15,0.15,0.15,0.15,2120,313240,0
FINNIFTY13NOV2321000CE.NFO,2023-11-13,13:38:00,2023-11-13,0.15,0.15,0.15,0.15,560,313240,0
FINNIFTY13NOV2321000CE.NFO,2023-11-13,13:39:00,2023-11-13,0.15,0.15,0.15,0.15,560,313240,1
FINNIFTY13NOV2321000CE.NFO,2023-11-13,13:40:00,2023-11-13,0.15,0.15,0.15,0.15,0,313280,0
FINNIFTY13NOV2321000CE.NFO,2023-11-13,13:41:00,2023-11-13,0.15,0.15,0.15,0.15,640,313280,0
FINNIFTY13NOV2321000CE.NFO,2023-11-13,13:42:00,2023-11-13,0.15,0.15,0.15,0.15,280,315440,0
FINNIFTY13NOV2321000CE.NFO,2023-11-13,13:43:00,2023-11-13,0.15,0.15,0.1,0.1,800,315440,0
FINNIFTY13NOV2321000CE.NFO,2023-11-13,13:44:00,2023-11-13,0.1,0.15,0.1,0.15,6680,315440,0
FINNIFTY13NOV2321000CE.NFO,2023-11-13,13:45:00,2023-11-13,0.15,0.15,0.1,0.1,2800,315200,0
FINNIFTY13NOV2321000CE.NFO,2023-11-13,13:46:00,2023-11-13,0.1,0.1,0.1,0.1,0,315200,0
FINNIFTY13NOV2321000CE.NFO,2023-11-13,13:47:00,2023-11-13,0.1,0.1,0.1,0.1,1760,315200,0
FINNIFTY13NOV2321000CE.NFO,2023-11-13,13:48:00,2023-11-13,0.1,0.1,0.1,0.1,0,315200,0
FINNIFTY13NOV2321000CE.NFO,2023-11-13,13:49:00,2023-11-13,0.1,0.1,0.1,0.1,0,315200,1
FINNIFTY13NOV2321000CE.NFO,2023-11-13,13:50:00,2023-11-13,0.1,0.1,0.1,0.1,0,315200,0
FINNIFTY13NOV2321000CE.NFO,2023-11-13,13:51:00,2023-11-13,0.1,0.1,0.1,0.1,0,315200,0
FINNIFTY13NOV2321000CE.NFO,2023-11-13,13:52:00,2023-11-13,0.1,0.1,0.1,0.1,720,315200,0
FINNIFTY13NOV2321000CE.NFO,2023-11-13,13:53:00,2023-11-13,0.1,0.1,0.1,0.1,7600,315200,0
FINNIFTY13NOV2321000CE.NFO,2023-11-13,13:54:00,2023-11-13,0.1,0.15,0.1,0.15,920,315200,0
FINNIFTY13NOV2321000CE.NFO,2023-11-13,13:55:00,2023-11-13,0.15,0.15,0.15,0.15,0,315200,0
FINNIFTY13NOV2321000CE.NFO,2023-11-13,13:56:00,2023-11-13,0.1,0.15,0.1,0.15,2000,316520,0
FINNIFTY13NOV2321000CE.NFO,2023-11-13,13:57:00,2023-11-13,0.15,0.15,0.15,0.15,1400,316520,0
FINNIFTY13NOV2321000CE.NFO,2023-11-13,13:58:00,2023-11-13,0.1,0.15,0.05,0.15,6560,316520,0
FINNIFTY13NOV2321000CE.NFO,2023-11-13,13:59:00,2023-11-13,0.15,0.15,0.15,0.15,1880,316520,0
FINNIFTY13NOV2321000CE.NFO,2023-11-13,14:00:00,2023-11-13,0.15,0.15,0.15,0.15,560,317360,0
FINNIFTY13NOV2321000CE.NFO,2023-11-13,14:01:00,2023-11-13,0.15,0.15,0.1,0.1,440,317360,0
FINNIFTY13NOV2321000CE.NFO,2023-11-13,14:02:00,2023-11-13,0.1,0.1,0.1,0.1,1800,317360,0
FINNIFTY13NOV2321000CE.NFO,2023-11-13,14:03:00,2023-11-13,0.1,0.1,0.05,0.05,7040,317360,0
FINNIFTY13NOV2321000CE.NFO,2023-11-13,14:04:00,2023-11-13,0.05,0.15,0.05,0.15,3680,317360,0
FINNIFTY13NOV2321000CE.NFO,2023-11-13,14:05:00,2023-11-13,0.15,0.15,0.1,0.1,1200,315960,0
FINNIFTY13NOV2321000CE.NFO,2023-11-13,14:06:00,2023-11-13,0.1,0.1,0.1,0.1,0,315960,0
FINNIFTY13NOV2321000CE.NFO,2023-11-13,14:07:00,2023-11-13,0.1,0.1,0.1,0.1,0,315960,0
FINNIFTY13NOV2321000CE.NFO,2023-11-13,14:08:00,2023-11-13,0.1,0.1,0.1,0.1,1640,315960,0
FINNIFTY13NOV2321000CE.NFO,2023-11-13,14:09:00,2023-11-13,0.1,0.1,0.1,0.1,1640,315960,1
FINNIFTY13NOV2321000CE.NFO,2023-11-13,14:10:00,2023-11-13,0.1,0.1,0.1,0.1,0,315960,0
FINNIFTY13NOV2321000CE.NFO,2023-11-13,14:11:00,2023-11-13,0.1,0.1,0.1,0.1,0,315960,0
FINNIFTY13NOV2321000CE.NFO,2023-11-13,14:12:00,2023-11-13,0.1,0.1,0.1,0.1,6520,314640,0
FINNIFTY13NOV2321000CE.NFO,2023-11-13,14:13:00,2023-11-13,0.1,0.1,0.1,0.1,0,314640,0
FINNIFTY13NOV2321000CE.NFO,2023-11-13,14:14:00,2023-11-13,0.1,0.1,0.1,0.1,4480,314640,0
FINNIFTY13NOV2321000CE.NFO,2023-11-13,14:15:00,2023-11-13,0.05,0.05,0.05,0.05,7360,306560,0
FINNIFTY13NOV2321000CE.NFO,2023-11-13,14:16:00,2023-11-13,0.05,0.05,0.05,0.05,0,306560,0
FINNIFTY13NOV2321000CE.NFO,2023-11-13,14:17:00,2023-11-13,0.05,0.1,0.05,0.05,7240,306560,0
FINNIFTY13NOV2321000CE.NFO,2023-11-13,14:18:00,2023-11-13,0.05,0.1,0.05,0.1,920,306560,0
FINNIFTY13NOV2321000CE.NFO,2023-11-13,14:19:00,2023-11-13,0.1,0.1,0.05,0.1,2680,306560,0
FINNIFTY13NOV2321000CE.NFO,2023-11-13,14:20:00,2023-11-13,0.1,0.1,0.1,0.1,1120,306560,0
FINNIFTY13NOV2321000CE.NFO,2023-11-13,14:21:00,2023-11-13,0.1,0.1,0.1,0.1,160,306560,0
FINNIFTY13NOV2321000CE.NFO,2023-11-13,14:22:00,2023-11-13,0.1,0.1,0.1,0.1,80,306560,0
FINNIFTY13NOV2321000CE.NFO,2023-11-13,14:23:00,2023-11-13,0.1,0.1,0.1,0.1,920,306560,0
FINNIFTY13NOV2321000CE.NFO,2023-11-13,14:24:00,2023-11-13,0.1,0.1,0.1,0.1,280,306280,0
FINNIFTY13NOV2321000CE.NFO,2023-11-13,14:25:00,2023-11-13,0.1,0.1,0.1,0.1,280,306280,1
FINNIFTY13NOV2321000CE.NFO,2023-11-13,14:26:00,2023-11-13,0.1,0.1,0.1,0.1,560,306280,0
FINNIFTY13NOV2321000CE.NFO,2023-11-13,14:27:00,2023-11-13,0.1,0.1,0.1,0.1,0,306280,0
FINNIFTY13NOV2321000CE.NFO,2023-11-13,14:28:00,2023-11-13,0.1,0.1,0.05,0.05,2720,306280,0
FINNIFTY13NOV2321000CE.NFO,2023-11-13,14:29:00,2023-11-13,0.05,0.1,0.05,0.1,5240,306280,0
FINNIFTY13NOV2321000CE.NFO,2023-11-13,14:30:00,2023-11-13,0.1,0.1,0.1,0.1,760,305680,0
FINNIFTY13NOV2321000CE.NFO,2023-11-13,14:31:00,2023-11-13,0.1,0.1,0.1,0.1,2120,305680,0
FINNIFTY13NOV2321000CE.NFO,2023-11-13,14:32:00,2023-11-13,0.1,0.1,0.1,0.1,0,305680,0
FINNIFTY13NOV2321000CE.NFO,2023-11-13,14:33:00,2023-11-13,0.1,0.1,0.05,0.1,1400,305680,0
FINNIFTY13NOV2321000CE.NFO,2023-11-13,14:34:00,2023-11-13,0.1,0.1,0.05,0.05,560,305680,0
FINNIFTY13NOV2321000CE.NFO,2023-11-13,14:35:00,2023-11-13,0.05,0.1,0.05,0.1,18280,305680,0
FINNIFTY13NOV2321000CE.NFO,2023-11-13,14:36:00,2023-11-13,0.1,0.15,0.1,0.15,120,309080,0
FINNIFTY13NOV2321000CE.NFO,2023-11-13,14:37:00,2023-11-13,0.15,0.15,0.15,0.15,0,309080,0
FINNIFTY13NOV2321000CE.NFO,2023-11-13,14:38:00,2023-11-13,0.15,0.15,0.1,0.1,5040,309080,0
FINNIFTY13NOV2321000CE.NFO,2023-11-13,14:39:00,2023-11-13,0.1,0.15,0.1,0.15,3040,311040,0
FINNIFTY13NOV2321000CE.NFO,2023-11-13,14:40:00,2023-11-13,0.15,0.15,0.1,0.1,5680,311040,0
FINNIFTY13NOV2321000CE.NFO,2023-11-13,14:41:00,2023-11-13,0.1,0.1,0.05,0.1,5000,311040,0
FINNIFTY13NOV2321000CE.NFO,2023-11-13,14:42:00,2023-11-13,0.1,0.15,0.1,0.1,2240,312360,0
FINNIFTY13NOV2321000CE.NFO,2023-11-13,14:43:00,2023-11-13,0.1,0.1,0.1,0.1,1080,312360,0
FINNIFTY13NOV2321000CE.NFO,2023-11-13,14:44:00,2023-11-13,0.1,0.15,0.1,0.15,80,312360,0
FINNIFTY13NOV2321000CE.NFO,2023-11-13,14:45:00,2023-11-13,0.15,0.15,0.1,0.15,5640,311360,0
FINNIFTY13NOV2321000CE.NFO,2023-11-13,14:46:00,2023-11-13,0.15,0.15,0.15,0.15,0,311360,0
FINNIFTY13NOV2321000CE.NFO,2023-11-13,14:47:00,2023-11-13,0.15,0.15,0.15,0.15,0,311360,0
FINNIFTY13NOV2321000CE.NFO,2023-11-13,14:48:00,2023-11-13,0.15,0.15,0.15,0.15,0,311360,0
FINNIFTY13NOV2321000CE.NFO,2023-11-13,14:49:00,2023-11-13,0.15,0.15,0.1,0.15,2680,312320,0
FINNIFTY13NOV2321000CE.NFO,2023-11-13,14:50:00,2023-11-13,0.15,0.15,0.05,0.05,6400,312320,0
FINNIFTY13NOV2321000CE.NFO,2023-11-13,14:51:00,2023-11-13,0.05,0.1,0.05,0.1,480,313840,0
FINNIFTY13NOV2321000CE.NFO,2023-11-13,14:52:00,2023-11-13,0.1,0.1,0.1,0.1,0,313840,0
FINNIFTY13NOV2321000CE.NFO,2023-11-13,14:53:00,2023-11-13,0.1,0.1,0.1,0.1,120,313840,0
FINNIFTY13NOV2321000CE.NFO,2023-11-13,14:54:00,2023-11-13,0.1,0.1,0.1,0.1,0,313840,0
FINNIFTY13NOV2321000CE.NFO,2023-11-13,14:55:00,2023-11-13,0.1,0.1,0.1,0.1,120,314160,0
FINNIFTY13NOV2321000CE.NFO,2023-11-13,14:56:00,2023-11-13,0.1,0.1,0.1,0.1,120,314160,1
FINNIFTY13NOV2321000CE.NFO,2023-11-13,14:57:00,2023-11-13,0.1,0.1,0.1,0.1,2960,314160,0
FINNIFTY13NOV2321000CE.NFO,2023-11-13,14:58:00,2023-11-13,0.1,0.1,0.1,0.1,8960,312120,0
FINNIFTY13NOV2321000CE.NFO,2023-11-13,14:59:00,2023-11-13,0.1,0.1,0.05,0.1,6440,312120,0
FINNIFTY13NOV2321000CE.NFO,2023-11-13,15:00:00,2023-11-13,0.1,0.1,0.05,0.05,4680,305840,0
FINNIFTY13NOV2321000CE.NFO,2023-11-13,15:01:00,2023-11-13,0.05,0.15,0.05,0.05,2720,305840,0
FINNIFTY13NOV2321000CE.NFO,2023-11-13,15:02:00,2023-11-13,0.1,0.15,0.05,0.05,31000,305840,0
FINNIFTY13NOV2321000CE.NFO,2023-11-13,15:03:00,2023-11-13,0.05,0.1,0.05,0.1,2600,310920,0
FINNIFTY13NOV2321000CE.NFO,2023-11-13,15:04:00,2023-11-13,0.05,0.1,0.05,0.05,12400,310920,0
FINNIFTY13NOV2321000CE.NFO,2023-11-13,15:05:00,2023-11-13,0.05,0.1,0.05,0.1,1240,310920,0
FINNIFTY13NOV2321000CE.NFO,2023-11-13,15:06:00,2023-11-13,0.1,0.1,0.05,0.05,5320,307920,0
FINNIFTY13NOV2321000CE.NFO,2023-11-13,15:07:00,2023-11-13,0.05,0.05,0.05,0.05,12000,307920,0
FINNIFTY13NOV2321000CE.NFO,2023-11-13,15:08:00,2023-11-13,0.05,0.1,0.05,0.05,11320,307920,0
FINNIFTY13NOV2321000CE.NFO,2023-11-13,15:09:00,2023-11-13,0.05,0.1,0.05,0.1,840,307920,0
FINNIFTY13NOV2321000CE.NFO,2023-11-13,15:10:00,2023-11-13,0.1,0.1,0.05,0.1,480,307920,0
FINNIFTY13NOV2321000CE.NFO,2023-11-13,15:11:00,2023-11-13,0.1,0.1,0.05,0.05,3200,307920,0
FINNIFTY13NOV2321000CE.NFO,2023-11-13,15:12:00,2023-11-13,0.05,0.1,0.05,0.1,1480,307920,0
FINNIFTY13NOV2321000CE.NFO,2023-11-13,15:13:00,2023-11-13,0.1,0.1,0.05,0.05,5480,307920,0
FINNIFTY13NOV2321000CE.NFO,2023-11-13,15:14:00,2023-11-13,0.05,0.1,0.05,0.05,32440,307920,0
FINNIFTY13NOV2321000CE.NFO,2023-11-13,15:15:00,2023-11-13,0.05,0.05,0.05,0.05,0,307920,0
FINNIFTY13NOV2321000CE.NFO,2023-11-13,15:16:00,2023-11-13,0.05,0.05,0.05,0.05,1720,303440,0
FINNIFTY13NOV2321000CE.NFO,2023-11-13,15:17:00,2023-11-13,0.05,0.05,0.05,0.05,0,303440,0
FINNIFTY13NOV2321000CE.NFO,2023-11-13,15:18:00,2023-11-13,0.05,0.05,0.05,0.05,0,303440,0
FINNIFTY13NOV2321000CE.NFO,2023-11-13,15:19:00,2023-11-13,0.05,0.05,0.05,0.05,0,303440,0
FINNIFTY13NOV2321000CE.NFO,2023-11-13,15:20:00,2023-11-13,0.05,0.05,0.05,0.05,0,303440,0
FINNIFTY13NOV2321000CE.NFO,2023-11-13,15:21:00,2023-11-13,0.05,0.05,0.05,0.05,0,303440,0
FINNIFTY13NOV2321000CE.NFO,2023-11-13,15:22:00,2023-11-13,0.05,0.05,0.05,0.05,0,303440,1
FINNIFTY13NOV2321000CE.NFO,2023-11-13,15:23:00,2023-11-13,0.05,0.05,0.05,0.05,0,303440,1
FINNIFTY13NOV2321000CE.NFO,2023-11-13,15:24:00,2023-11-13,0.05,0.05,0.05,0.05,0,303440,0
FINNIFTY13NOV2321000CE.NFO,2023-11-13,15:25:00,2023-11-13,0.05,0.05,0.05,0.05,0,303440,0
FINNIFTY13NOV2321000CE.NFO,2023-11-13,15:26:00,2023-11-13,0.05,0.05,0.05,0.05,0,303440,0
FINNIFTY13NOV2321000CE.NFO,2023-11-13,15:27:00,2023-11-13,0.05,0.05,0.05,0.05,1800,303440,0
FINNIFTY13NOV2321000CE.NFO,2023-11-13,15:28:00,2023-11-13,0.05,0.05,0.05,0.05,0,303440,0
FINNIFTY13NOV2321000CE.NFO,2023-11-13,15:29:00,2023-11-13,0.05,0.05,0.05,0.05,0,303440,0
FINNIFTY13NOV2321000CE.NFO,2023-11-13,15:30:00,2023-11-13,0.05,0.05,0.05,0.05,0,303440,1
