Ticker,Date,Time,Expiry Date,Open,High,Low,Close,Volume,Open Interest,Padding Flag
FINNIFTY21MAY2420650CE.NFO,2024-04-18,09:15:00,2024-05-21,120.0,120.0,120.0,120.0,0,0,0
FINNIFTY21MAY2420650CE.NFO,2024-04-18,09:16:00,2024-05-21,120.0,120.0,120.0,120.0,0,0,1
FINNIFTY21MAY2420650CE.NFO,2024-04-18,09:17:00,2024-05-21,120.0,120.0,120.0,120.0,0,0,1
FINNIFTY21MAY2420650CE.NFO,2024-04-18,09:18:00,2024-05-21,120.0,120.0,120.0,120.0,0,0,1
FINNIFTY21MAY2420650CE.NFO,2024-04-18,09:19:00,2024-05-21,120.0,120.0,120.0,120.0,0,0,1
FINNIFTY21MAY2420650CE.NFO,2024-04-18,09:20:00,2024-05-21,120.0,120.0,120.0,120.0,0,0,1
FINNIFTY21MAY2420650CE.NFO,2024-04-18,09:21:00,2024-05-21,120.0,120.0,120.0,120.0,0,0,1
FINNIFTY21MAY2420650CE.NFO,2024-04-18,09:22:00,2024-05-21,120.0,120.0,120.0,120.0,0,0,1
FINNIFTY21MAY2420650CE.NFO,2024-04-18,09:23:00,2024-05-21,120.0,120.0,120.0,120.0,0,0,1
FINNIFTY21MAY2420650CE.NFO,2024-04-18,09:24:00,2024-05-21,120.0,120.0,120.0,120.0,0,0,1
FINNIFTY21MAY2420650CE.NFO,2024-04-18,09:25:00,2024-05-21,120.0,120.0,120.0,120.0,0,0,1
FINNIFTY21MAY2420650CE.NFO,2024-04-18,09:26:00,2024-05-21,120.0,120.0,120.0,120.0,0,0,1
FINNIFTY21MAY2420650CE.NFO,2024-04-18,09:27:00,2024-05-21,120.0,120.0,120.0,120.0,0,0,1
FINNIFTY21MAY2420650CE.NFO,2024-04-18,09:28:00,2024-05-21,120.0,120.0,120.0,120.0,0,0,1
FINNIFTY21MAY2420650CE.NFO,2024-04-18,09:29:00,2024-05-21,120.0,120.0,120.0,120.0,0,0,1
FINNIFTY21MAY2420650CE.NFO,2024-04-18,09:30:00,2024-05-21,120.0,120.0,120.0,120.0,0,0,1
FINNIFTY21MAY2420650CE.NFO,2024-04-18,09:31:00,2024-05-21,120.0,120.0,120.0,120.0,0,0,1
FINNIFTY21MAY2420650CE.NFO,2024-04-18,09:32:00,2024-05-21,120.0,120.0,120.0,120.0,0,0,1
FINNIFTY21MAY2420650CE.NFO,2024-04-18,09:33:00,2024-05-21,120.0,120.0,120.0,120.0,0,0,1
FINNIFTY21MAY2420650CE.NFO,2024-04-18,09:34:00,2024-05-21,120.0,120.0,120.0,120.0,0,0,1
FINNIFTY21MAY2420650CE.NFO,2024-04-18,09:35:00,2024-05-21,120.0,120.0,120.0,120.0,0,0,1
FINNIFTY21MAY2420650CE.NFO,2024-04-18,09:36:00,2024-05-21,120.0,120.0,120.0,120.0,0,0,1
FINNIFTY21MAY2420650CE.NFO,2024-04-18,09:37:00,2024-05-21,120.0,120.0,120.0,120.0,0,0,1
FINNIFTY21MAY2420650CE.NFO,2024-04-18,09:38:00,2024-05-21,120.0,120.0,120.0,120.0,0,0,1
FINNIFTY21MAY2420650CE.NFO,2024-04-18,09:39:00,2024-05-21,120.0,120.0,120.0,120.0,0,0,1
FINNIFTY21MAY2420650CE.NFO,2024-04-18,09:40:00,2024-05-21,120.0,120.0,120.0,120.0,0,0,1
FINNIFTY21MAY2420650CE.NFO,2024-04-18,09:41:00,2024-05-21,120.0,120.0,120.0,120.0,0,0,1
FINNIFTY21MAY2420650CE.NFO,2024-04-18,09:42:00,2024-05-21,120.0,120.0,120.0,120.0,0,0,1
FINNIFTY21MAY2420650CE.NFO,2024-04-18,09:43:00,2024-05-21,120.0,120.0,120.0,120.0,0,0,1
FINNIFTY21MAY2420650CE.NFO,2024-04-18,09:44:00,2024-05-21,120.0,120.0,120.0,120.0,0,0,1
FINNIFTY21MAY2420650CE.NFO,2024-04-18,09:45:00,2024-05-21,120.0,120.0,120.0,120.0,0,0,1
FINNIFTY21MAY2420650CE.NFO,2024-04-18,09:46:00,2024-05-21,120.0,120.0,120.0,120.0,0,0,1
FINNIFTY21MAY2420650CE.NFO,2024-04-18,09:47:00,2024-05-21,120.0,120.0,120.0,120.0,0,0,1
FINNIFTY21MAY2420650CE.NFO,2024-04-18,09:48:00,2024-05-21,120.0,120.0,120.0,120.0,0,0,1
FINNIFTY21MAY2420650CE.NFO,2024-04-18,09:49:00,2024-05-21,120.0,120.0,120.0,120.0,0,0,1
FINNIFTY21MAY2420650CE.NFO,2024-04-18,09:50:00,2024-05-21,120.0,120.0,120.0,120.0,0,0,1
FINNIFTY21MAY2420650CE.NFO,2024-04-18,09:51:00,2024-05-21,120.0,120.0,120.0,120.0,0,0,1
FINNIFTY21MAY2420650CE.NFO,2024-04-18,09:52:00,2024-05-21,120.0,120.0,120.0,120.0,0,0,1
FINNIFTY21MAY2420650CE.NFO,2024-04-18,09:53:00,2024-05-21,120.0,120.0,120.0,120.0,0,0,1
FINNIFTY21MAY2420650CE.NFO,2024-04-18,09:54:00,2024-05-21,120.0,120.0,120.0,120.0,0,0,1
FINNIFTY21MAY2420650CE.NFO,2024-04-18,09:55:00,2024-05-21,120.0,120.0,120.0,120.0,0,0,1
FINNIFTY21MAY2420650CE.NFO,2024-04-18,09:56:00,2024-05-21,120.0,120.0,120.0,120.0,0,0,1
FINNIFTY21MAY2420650CE.NFO,2024-04-18,09:57:00,2024-05-21,120.0,120.0,120.0,120.0,0,0,1
FINNIFTY21MAY2420650CE.NFO,2024-04-18,09:58:00,2024-05-21,120.0,120.0,120.0,120.0,0,0,1
FINNIFTY21MAY2420650CE.NFO,2024-04-18,09:59:00,2024-05-21,120.0,120.0,120.0,120.0,0,0,1
FINNIFTY21MAY2420650CE.NFO,2024-04-18,10:00:00,2024-05-21,120.0,120.0,120.0,120.0,0,0,1
FINNIFTY21MAY2420650CE.NFO,2024-04-18,10:01:00,2024-05-21,120.0,120.0,120.0,120.0,0,0,1
FINNIFTY21MAY2420650CE.NFO,2024-04-18,10:02:00,2024-05-21,120.0,120.0,120.0,120.0,0,0,1
FINNIFTY21MAY2420650CE.NFO,2024-04-18,10:03:00,2024-05-21,120.0,120.0,120.0,120.0,0,0,1
FINNIFTY21MAY2420650CE.NFO,2024-04-18,10:04:00,2024-05-21,120.0,120.0,120.0,120.0,0,0,1
FINNIFTY21MAY2420650CE.NFO,2024-04-18,10:05:00,2024-05-21,120.0,120.0,120.0,120.0,0,0,1
FINNIFTY21MAY2420650CE.NFO,2024-04-18,10:06:00,2024-05-21,120.0,120.0,120.0,120.0,0,0,1
FINNIFTY21MAY2420650CE.NFO,2024-04-18,10:07:00,2024-05-21,120.0,120.0,120.0,120.0,0,0,1
FINNIFTY21MAY2420650CE.NFO,2024-04-18,10:08:00,2024-05-21,120.0,120.0,120.0,120.0,0,0,1
FINNIFTY21MAY2420650CE.NFO,2024-04-18,10:09:00,2024-05-21,120.0,120.0,120.0,120.0,0,0,1
FINNIFTY21MAY2420650CE.NFO,2024-04-18,10:10:00,2024-05-21,120.0,120.0,120.0,120.0,0,0,1
FINNIFTY21MAY2420650CE.NFO,2024-04-18,10:11:00,2024-05-21,120.0,120.0,120.0,120.0,0,0,1
FINNIFTY21MAY2420650CE.NFO,2024-04-18,10:12:00,2024-05-21,120.0,120.0,120.0,120.0,0,0,1
FINNIFTY21MAY2420650CE.NFO,2024-04-18,10:13:00,2024-05-21,120.0,120.0,120.0,120.0,0,0,1
FINNIFTY21MAY2420650CE.NFO,2024-04-18,10:14:00,2024-05-21,120.0,120.0,120.0,120.0,0,0,1
FINNIFTY21MAY2420650CE.NFO,2024-04-18,10:15:00,2024-05-21,120.0,120.0,120.0,120.0,0,0,1
FINNIFTY21MAY2420650CE.NFO,2024-04-18,10:16:00,2024-05-21,120.0,120.0,120.0,120.0,0,0,1
FINNIFTY21MAY2420650CE.NFO,2024-04-18,10:17:00,2024-05-21,120.0,120.0,120.0,120.0,0,0,1
FINNIFTY21MAY2420650CE.NFO,2024-04-18,10:18:00,2024-05-21,120.0,120.0,120.0,120.0,0,0,1
FINNIFTY21MAY2420650CE.NFO,2024-04-18,10:19:00,2024-05-21,120.0,120.0,120.0,120.0,0,0,1
FINNIFTY21MAY2420650CE.NFO,2024-04-18,10:20:00,2024-05-21,120.0,120.0,120.0,120.0,0,0,1
FINNIFTY21MAY2420650CE.NFO,2024-04-18,10:21:00,2024-05-21,120.0,120.0,120.0,120.0,0,0,1
FINNIFTY21MAY2420650CE.NFO,2024-04-18,10:22:00,2024-05-21,120.0,120.0,120.0,120.0,0,0,1
FINNIFTY21MAY2420650CE.NFO,2024-04-18,10:23:00,2024-05-21,120.0,120.0,120.0,120.0,0,0,1
FINNIFTY21MAY2420650CE.NFO,2024-04-18,10:24:00,2024-05-21,120.0,120.0,120.0,120.0,0,0,1
FINNIFTY21MAY2420650CE.NFO,2024-04-18,10:25:00,2024-05-21,120.0,120.0,120.0,120.0,0,0,1
FINNIFTY21MAY2420650CE.NFO,2024-04-18,10:26:00,2024-05-21,120.0,120.0,120.0,120.0,0,0,1
FINNIFTY21MAY2420650CE.NFO,2024-04-18,10:27:00,2024-05-21,120.0,120.0,120.0,120.0,0,0,1
FINNIFTY21MAY2420650CE.NFO,2024-04-18,10:28:00,2024-05-21,120.0,120.0,120.0,120.0,0,0,1
FINNIFTY21MAY2420650CE.NFO,2024-04-18,10:29:00,2024-05-21,120.0,120.0,120.0,120.0,0,0,1
FINNIFTY21MAY2420650CE.NFO,2024-04-18,10:30:00,2024-05-21,120.0,120.0,120.0,120.0,0,0,1
FINNIFTY21MAY2420650CE.NFO,2024-04-18,10:31:00,2024-05-21,120.0,120.0,120.0,120.0,0,0,1
FINNIFTY21MAY2420650CE.NFO,2024-04-18,10:32:00,2024-05-21,120.0,120.0,120.0,120.0,0,0,1
FINNIFTY21MAY2420650CE.NFO,2024-04-18,10:33:00,2024-05-21,120.0,120.0,120.0,120.0,0,0,1
FINNIFTY21MAY2420650CE.NFO,2024-04-18,10:34:00,2024-05-21,120.0,120.0,120.0,120.0,0,0,1
FINNIFTY21MAY2420650CE.NFO,2024-04-18,10:35:00,2024-05-21,120.0,120.0,120.0,120.0,0,0,1
FINNIFTY21MAY2420650CE.NFO,2024-04-18,10:36:00,2024-05-21,120.0,120.0,120.0,120.0,0,0,1
FINNIFTY21MAY2420650CE.NFO,2024-04-18,10:37:00,2024-05-21,120.0,120.0,120.0,120.0,0,0,1
FINNIFTY21MAY2420650CE.NFO,2024-04-18,10:38:00,2024-05-21,120.0,120.0,120.0,120.0,0,0,1
FINNIFTY21MAY2420650CE.NFO,2024-04-18,10:39:00,2024-05-21,120.0,120.0,120.0,120.0,0,0,1
FINNIFTY21MAY2420650CE.NFO,2024-04-18,10:40:00,2024-05-21,120.0,120.0,120.0,120.0,0,0,1
FINNIFTY21MAY2420650CE.NFO,2024-04-18,10:41:00,2024-05-21,120.0,120.0,120.0,120.0,0,0,1
FINNIFTY21MAY2420650CE.NFO,2024-04-18,10:42:00,2024-05-21,120.0,120.0,120.0,120.0,0,0,1
FINNIFTY21MAY2420650CE.NFO,2024-04-18,10:43:00,2024-05-21,120.0,120.0,120.0,120.0,0,0,1
FINNIFTY21MAY2420650CE.NFO,2024-04-18,10:44:00,2024-05-21,120.0,120.0,120.0,120.0,0,0,1
FINNIFTY21MAY2420650CE.NFO,2024-04-18,10:45:00,2024-05-21,120.0,120.0,120.0,120.0,0,0,1
FINNIFTY21MAY2420650CE.NFO,2024-04-18,10:46:00,2024-05-21,120.0,120.0,120.0,120.0,0,0,1
FINNIFTY21MAY2420650CE.NFO,2024-04-18,10:47:00,2024-05-21,120.0,120.0,120.0,120.0,0,0,1
FINNIFTY21MAY2420650CE.NFO,2024-04-18,10:48:00,2024-05-21,120.0,120.0,120.0,120.0,0,0,1
FINNIFTY21MAY2420650CE.NFO,2024-04-18,10:49:00,2024-05-21,120.0,120.0,120.0,120.0,0,0,1
FINNIFTY21MAY2420650CE.NFO,2024-04-18,10:50:00,2024-05-21,120.0,120.0,120.0,120.0,0,0,1
FINNIFTY21MAY2420650CE.NFO,2024-04-18,10:51:00,2024-05-21,120.0,120.0,120.0,120.0,0,0,1
FINNIFTY21MAY2420650CE.NFO,2024-04-18,10:52:00,2024-05-21,120.0,120.0,120.0,120.0,0,0,1
FINNIFTY21MAY2420650CE.NFO,2024-04-18,10:53:00,2024-05-21,120.0,120.0,120.0,120.0,0,0,1
FINNIFTY21MAY2420650CE.NFO,2024-04-18,10:54:00,2024-05-21,120.0,120.0,120.0,120.0,0,0,1
FINNIFTY21MAY2420650CE.NFO,2024-04-18,10:55:00,2024-05-21,120.0,120.0,120.0,120.0,0,0,1
FINNIFTY21MAY2420650CE.NFO,2024-04-18,10:56:00,2024-05-21,120.0,120.0,120.0,120.0,0,0,1
FINNIFTY21MAY2420650CE.NFO,2024-04-18,10:57:00,2024-05-21,120.0,120.0,120.0,120.0,0,0,1
FINNIFTY21MAY2420650CE.NFO,2024-04-18,10:58:00,2024-05-21,120.0,120.0,120.0,120.0,0,0,1
FINNIFTY21MAY2420650CE.NFO,2024-04-18,10:59:00,2024-05-21,120.0,120.0,120.0,120.0,0,0,1
FINNIFTY21MAY2420650CE.NFO,2024-04-18,11:00:00,2024-05-21,120.0,120.0,120.0,120.0,0,0,1
FINNIFTY21MAY2420650CE.NFO,2024-04-18,11:01:00,2024-05-21,120.0,120.0,120.0,120.0,0,0,1
FINNIFTY21MAY2420650CE.NFO,2024-04-18,11:02:00,2024-05-21,120.0,120.0,120.0,120.0,0,0,1
FINNIFTY21MAY2420650CE.NFO,2024-04-18,11:03:00,2024-05-21,120.0,120.0,120.0,120.0,0,0,1
FINNIFTY21MAY2420650CE.NFO,2024-04-18,11:04:00,2024-05-21,120.0,120.0,120.0,120.0,0,0,1
FINNIFTY21MAY2420650CE.NFO,2024-04-18,11:05:00,2024-05-21,120.0,120.0,120.0,120.0,0,0,1
FINNIFTY21MAY2420650CE.NFO,2024-04-18,11:06:00,2024-05-21,120.0,120.0,120.0,120.0,0,0,1
FINNIFTY21MAY2420650CE.NFO,2024-04-18,11:07:00,2024-05-21,120.0,120.0,120.0,120.0,0,0,1
FINNIFTY21MAY2420650CE.NFO,2024-04-18,11:08:00,2024-05-21,120.0,120.0,120.0,120.0,0,0,1
FINNIFTY21MAY2420650CE.NFO,2024-04-18,11:09:00,2024-05-21,120.0,120.0,120.0,120.0,0,0,1
FINNIFTY21MAY2420650CE.NFO,2024-04-18,11:10:00,2024-05-21,120.0,120.0,120.0,120.0,0,0,1
FINNIFTY21MAY2420650CE.NFO,2024-04-18,11:11:00,2024-05-21,120.0,120.0,120.0,120.0,0,0,1
FINNIFTY21MAY2420650CE.NFO,2024-04-18,11:12:00,2024-05-21,120.0,120.0,120.0,120.0,0,0,1
FINNIFTY21MAY2420650CE.NFO,2024-04-18,11:13:00,2024-05-21,120.0,120.0,120.0,120.0,0,0,1
FINNIFTY21MAY2420650CE.NFO,2024-04-18,11:14:00,2024-05-21,120.0,120.0,120.0,120.0,0,0,1
FINNIFTY21MAY2420650CE.NFO,2024-04-18,11:15:00,2024-05-21,120.0,120.0,120.0,120.0,0,0,1
FINNIFTY21MAY2420650CE.NFO,2024-04-18,11:16:00,2024-05-21,120.0,120.0,120.0,120.0,0,0,1
FINNIFTY21MAY2420650CE.NFO,2024-04-18,11:17:00,2024-05-21,120.0,120.0,120.0,120.0,0,0,1
FINNIFTY21MAY2420650CE.NFO,2024-04-18,11:18:00,2024-05-21,120.0,120.0,120.0,120.0,0,0,1
FINNIFTY21MAY2420650CE.NFO,2024-04-18,11:19:00,2024-05-21,120.0,120.0,120.0,120.0,0,0,1
FINNIFTY21MAY2420650CE.NFO,2024-04-18,11:20:00,2024-05-21,120.0,120.0,120.0,120.0,0,0,1
FINNIFTY21MAY2420650CE.NFO,2024-04-18,11:21:00,2024-05-21,120.0,120.0,120.0,120.0,0,0,1
FINNIFTY21MAY2420650CE.NFO,2024-04-18,11:22:00,2024-05-21,120.0,120.0,120.0,120.0,0,0,1
FINNIFTY21MAY2420650CE.NFO,2024-04-18,11:23:00,2024-05-21,120.0,120.0,120.0,120.0,0,0,1
FINNIFTY21MAY2420650CE.NFO,2024-04-18,11:24:00,2024-05-21,120.0,120.0,120.0,120.0,0,0,1
FINNIFTY21MAY2420650CE.NFO,2024-04-18,11:25:00,2024-05-21,120.0,120.0,120.0,120.0,0,0,1
FINNIFTY21MAY2420650CE.NFO,2024-04-18,11:26:00,2024-05-21,120.0,120.0,120.0,120.0,0,0,1
FINNIFTY21MAY2420650CE.NFO,2024-04-18,11:27:00,2024-05-21,120.0,120.0,120.0,120.0,0,0,1
FINNIFTY21MAY2420650CE.NFO,2024-04-18,11:28:00,2024-05-21,120.0,120.0,120.0,120.0,0,0,1
FINNIFTY21MAY2420650CE.NFO,2024-04-18,11:29:00,2024-05-21,120.0,120.0,120.0,120.0,0,0,1
FINNIFTY21MAY2420650CE.NFO,2024-04-18,11:30:00,2024-05-21,120.0,120.0,120.0,120.0,0,0,1
FINNIFTY21MAY2420650CE.NFO,2024-04-18,11:31:00,2024-05-21,120.0,120.0,120.0,120.0,0,0,1
FINNIFTY21MAY2420650CE.NFO,2024-04-18,11:32:00,2024-05-21,120.0,120.0,120.0,120.0,0,0,1
FINNIFTY21MAY2420650CE.NFO,2024-04-18,11:33:00,2024-05-21,120.0,120.0,120.0,120.0,0,0,1
FINNIFTY21MAY2420650CE.NFO,2024-04-18,11:34:00,2024-05-21,120.0,120.0,120.0,120.0,0,0,1
FINNIFTY21MAY2420650CE.NFO,2024-04-18,11:35:00,2024-05-21,120.0,120.0,120.0,120.0,0,0,1
FINNIFTY21MAY2420650CE.NFO,2024-04-18,11:36:00,2024-05-21,120.0,120.0,120.0,120.0,0,0,1
FINNIFTY21MAY2420650CE.NFO,2024-04-18,11:37:00,2024-05-21,120.0,120.0,120.0,120.0,0,0,1
FINNIFTY21MAY2420650CE.NFO,2024-04-18,11:38:00,2024-05-21,120.0,120.0,120.0,120.0,0,0,1
FINNIFTY21MAY2420650CE.NFO,2024-04-18,11:39:00,2024-05-21,120.0,120.0,120.0,120.0,0,0,1
FINNIFTY21MAY2420650CE.NFO,2024-04-18,11:40:00,2024-05-21,120.0,120.0,120.0,120.0,0,0,1
FINNIFTY21MAY2420650CE.NFO,2024-04-18,11:41:00,2024-05-21,120.0,120.0,120.0,120.0,0,0,1
FINNIFTY21MAY2420650CE.NFO,2024-04-18,11:42:00,2024-05-21,120.0,120.0,120.0,120.0,0,0,1
FINNIFTY21MAY2420650CE.NFO,2024-04-18,11:43:00,2024-05-21,120.0,120.0,120.0,120.0,0,0,1
FINNIFTY21MAY2420650CE.NFO,2024-04-18,11:44:00,2024-05-21,120.0,120.0,120.0,120.0,0,0,1
FINNIFTY21MAY2420650CE.NFO,2024-04-18,11:45:00,2024-05-21,120.0,120.0,120.0,120.0,0,0,1
FINNIFTY21MAY2420650CE.NFO,2024-04-18,11:46:00,2024-05-21,120.0,120.0,120.0,120.0,0,0,1
FINNIFTY21MAY2420650CE.NFO,2024-04-18,11:47:00,2024-05-21,120.0,120.0,120.0,120.0,0,0,1
FINNIFTY21MAY2420650CE.NFO,2024-04-18,11:48:00,2024-05-21,120.0,120.0,120.0,120.0,0,0,1
FINNIFTY21MAY2420650CE.NFO,2024-04-18,11:49:00,2024-05-21,120.0,120.0,120.0,120.0,0,0,1
FINNIFTY21MAY2420650CE.NFO,2024-04-18,11:50:00,2024-05-21,120.0,120.0,120.0,120.0,0,0,1
FINNIFTY21MAY2420650CE.NFO,2024-04-18,11:51:00,2024-05-21,120.0,120.0,120.0,120.0,0,0,1
FINNIFTY21MAY2420650CE.NFO,2024-04-18,11:52:00,2024-05-21,120.0,120.0,120.0,120.0,0,0,1
FINNIFTY21MAY2420650CE.NFO,2024-04-18,11:53:00,2024-05-21,120.0,120.0,120.0,120.0,0,0,1
FINNIFTY21MAY2420650CE.NFO,2024-04-18,11:54:00,2024-05-21,120.0,120.0,120.0,120.0,0,0,1
FINNIFTY21MAY2420650CE.NFO,2024-04-18,11:55:00,2024-05-21,120.0,120.0,120.0,120.0,0,0,1
FINNIFTY21MAY2420650CE.NFO,2024-04-18,11:56:00,2024-05-21,120.0,120.0,120.0,120.0,0,0,1
FINNIFTY21MAY2420650CE.NFO,2024-04-18,11:57:00,2024-05-21,120.0,120.0,120.0,120.0,0,0,1
FINNIFTY21MAY2420650CE.NFO,2024-04-18,11:58:00,2024-05-21,120.0,120.0,120.0,120.0,0,0,1
FINNIFTY21MAY2420650CE.NFO,2024-04-18,11:59:00,2024-05-21,120.0,120.0,120.0,120.0,0,0,1
FINNIFTY21MAY2420650CE.NFO,2024-04-18,12:00:00,2024-05-21,120.0,120.0,120.0,120.0,0,0,1
FINNIFTY21MAY2420650CE.NFO,2024-04-18,12:01:00,2024-05-21,120.0,120.0,120.0,120.0,0,0,1
FINNIFTY21MAY2420650CE.NFO,2024-04-18,12:02:00,2024-05-21,120.0,120.0,120.0,120.0,0,0,1
FINNIFTY21MAY2420650CE.NFO,2024-04-18,12:03:00,2024-05-21,120.0,120.0,120.0,120.0,0,0,1
FINNIFTY21MAY2420650CE.NFO,2024-04-18,12:04:00,2024-05-21,120.0,120.0,120.0,120.0,0,0,1
FINNIFTY21MAY2420650CE.NFO,2024-04-18,12:05:00,2024-05-21,120.0,120.0,120.0,120.0,0,0,1
FINNIFTY21MAY2420650CE.NFO,2024-04-18,12:06:00,2024-05-21,120.0,120.0,120.0,120.0,0,0,1
FINNIFTY21MAY2420650CE.NFO,2024-04-18,12:07:00,2024-05-21,120.0,120.0,120.0,120.0,0,0,1
FINNIFTY21MAY2420650CE.NFO,2024-04-18,12:08:00,2024-05-21,120.0,120.0,120.0,120.0,0,0,1
FINNIFTY21MAY2420650CE.NFO,2024-04-18,12:09:00,2024-05-21,120.0,120.0,120.0,120.0,0,0,1
FINNIFTY21MAY2420650CE.NFO,2024-04-18,12:10:00,2024-05-21,120.0,120.0,120.0,120.0,0,0,1
FINNIFTY21MAY2420650CE.NFO,2024-04-18,12:11:00,2024-05-21,120.0,120.0,120.0,120.0,0,0,1
FINNIFTY21MAY2420650CE.NFO,2024-04-18,12:12:00,2024-05-21,120.0,120.0,120.0,120.0,0,0,1
FINNIFTY21MAY2420650CE.NFO,2024-04-18,12:13:00,2024-05-21,120.0,120.0,120.0,120.0,0,0,1
FINNIFTY21MAY2420650CE.NFO,2024-04-18,12:14:00,2024-05-21,120.0,120.0,120.0,120.0,0,0,1
FINNIFTY21MAY2420650CE.NFO,2024-04-18,12:15:00,2024-05-21,120.0,120.0,120.0,120.0,0,0,1
FINNIFTY21MAY2420650CE.NFO,2024-04-18,12:16:00,2024-05-21,120.0,120.0,120.0,120.0,0,0,1
FINNIFTY21MAY2420650CE.NFO,2024-04-18,12:17:00,2024-05-21,120.0,120.0,120.0,120.0,0,0,1
FINNIFTY21MAY2420650CE.NFO,2024-04-18,12:18:00,2024-05-21,120.0,120.0,120.0,120.0,0,0,1
FINNIFTY21MAY2420650CE.NFO,2024-04-18,12:19:00,2024-05-21,120.0,120.0,120.0,120.0,0,0,1
FINNIFTY21MAY2420650CE.NFO,2024-04-18,12:20:00,2024-05-21,120.0,120.0,120.0,120.0,0,0,1
FINNIFTY21MAY2420650CE.NFO,2024-04-18,12:21:00,2024-05-21,120.0,120.0,120.0,120.0,0,0,1
FINNIFTY21MAY2420650CE.NFO,2024-04-18,12:22:00,2024-05-21,120.0,120.0,120.0,120.0,0,0,1
FINNIFTY21MAY2420650CE.NFO,2024-04-18,12:23:00,2024-05-21,120.0,120.0,120.0,120.0,0,0,1
FINNIFTY21MAY2420650CE.NFO,2024-04-18,12:24:00,2024-05-21,120.0,120.0,120.0,120.0,0,0,1
FINNIFTY21MAY2420650CE.NFO,2024-04-18,12:25:00,2024-05-21,120.0,120.0,120.0,120.0,0,0,1
FINNIFTY21MAY2420650CE.NFO,2024-04-18,12:26:00,2024-05-21,120.0,120.0,120.0,120.0,0,0,1
FINNIFTY21MAY2420650CE.NFO,2024-04-18,12:27:00,2024-05-21,120.0,120.0,120.0,120.0,0,0,1
FINNIFTY21MAY2420650CE.NFO,2024-04-18,12:28:00,2024-05-21,120.0,120.0,120.0,120.0,0,0,1
FINNIFTY21MAY2420650CE.NFO,2024-04-18,12:29:00,2024-05-21,120.0,120.0,120.0,120.0,0,0,1
FINNIFTY21MAY2420650CE.NFO,2024-04-18,12:30:00,2024-05-21,120.0,120.0,120.0,120.0,0,0,1
FINNIFTY21MAY2420650CE.NFO,2024-04-18,12:31:00,2024-05-21,120.0,120.0,120.0,120.0,0,0,1
FINNIFTY21MAY2420650CE.NFO,2024-04-18,12:32:00,2024-05-21,120.0,120.0,120.0,120.0,0,0,1
FINNIFTY21MAY2420650CE.NFO,2024-04-18,12:33:00,2024-05-21,120.0,120.0,120.0,120.0,0,0,1
FINNIFTY21MAY2420650CE.NFO,2024-04-18,12:34:00,2024-05-21,120.0,120.0,120.0,120.0,0,0,1
FINNIFTY21MAY2420650CE.NFO,2024-04-18,12:35:00,2024-05-21,120.0,120.0,120.0,120.0,0,0,1
FINNIFTY21MAY2420650CE.NFO,2024-04-18,12:36:00,2024-05-21,120.0,120.0,120.0,120.0,0,0,1
FINNIFTY21MAY2420650CE.NFO,2024-04-18,12:37:00,2024-05-21,120.0,120.0,120.0,120.0,0,0,1
FINNIFTY21MAY2420650CE.NFO,2024-04-18,12:38:00,2024-05-21,120.0,120.0,120.0,120.0,0,0,1
FINNIFTY21MAY2420650CE.NFO,2024-04-18,12:39:00,2024-05-21,120.0,120.0,120.0,120.0,0,0,1
FINNIFTY21MAY2420650CE.NFO,2024-04-18,12:40:00,2024-05-21,120.0,120.0,120.0,120.0,0,0,1
FINNIFTY21MAY2420650CE.NFO,2024-04-18,12:41:00,2024-05-21,120.0,120.0,120.0,120.0,0,0,1
FINNIFTY21MAY2420650CE.NFO,2024-04-18,12:42:00,2024-05-21,120.0,120.0,120.0,120.0,0,0,1
FINNIFTY21MAY2420650CE.NFO,2024-04-18,12:43:00,2024-05-21,120.0,120.0,120.0,120.0,0,0,1
FINNIFTY21MAY2420650CE.NFO,2024-04-18,12:44:00,2024-05-21,120.0,120.0,120.0,120.0,0,0,1
FINNIFTY21MAY2420650CE.NFO,2024-04-18,12:45:00,2024-05-21,120.0,120.0,120.0,120.0,0,0,1
FINNIFTY21MAY2420650CE.NFO,2024-04-18,12:46:00,2024-05-21,120.0,120.0,120.0,120.0,0,0,1
FINNIFTY21MAY2420650CE.NFO,2024-04-18,12:47:00,2024-05-21,120.0,120.0,120.0,120.0,0,0,1
FINNIFTY21MAY2420650CE.NFO,2024-04-18,12:48:00,2024-05-21,120.0,120.0,120.0,120.0,0,0,1
FINNIFTY21MAY2420650CE.NFO,2024-04-18,12:49:00,2024-05-21,120.0,120.0,120.0,120.0,0,0,1
FINNIFTY21MAY2420650CE.NFO,2024-04-18,12:50:00,2024-05-21,120.0,120.0,120.0,120.0,0,0,1
FINNIFTY21MAY2420650CE.NFO,2024-04-18,12:51:00,2024-05-21,120.0,120.0,120.0,120.0,0,0,1
FINNIFTY21MAY2420650CE.NFO,2024-04-18,12:52:00,2024-05-21,120.0,120.0,120.0,120.0,0,0,1
FINNIFTY21MAY2420650CE.NFO,2024-04-18,12:53:00,2024-05-21,120.0,120.0,120.0,120.0,0,0,1
FINNIFTY21MAY2420650CE.NFO,2024-04-18,12:54:00,2024-05-21,120.0,120.0,120.0,120.0,0,0,1
FINNIFTY21MAY2420650CE.NFO,2024-04-18,12:55:00,2024-05-21,120.0,120.0,120.0,120.0,0,0,1
FINNIFTY21MAY2420650CE.NFO,2024-04-18,12:56:00,2024-05-21,120.0,120.0,120.0,120.0,0,0,1
FINNIFTY21MAY2420650CE.NFO,2024-04-18,12:57:00,2024-05-21,120.0,120.0,120.0,120.0,0,0,1
FINNIFTY21MAY2420650CE.NFO,2024-04-18,12:58:00,2024-05-21,120.0,120.0,120.0,120.0,0,0,1
FINNIFTY21MAY2420650CE.NFO,2024-04-18,12:59:00,2024-05-21,120.0,120.0,120.0,120.0,0,0,1
FINNIFTY21MAY2420650CE.NFO,2024-04-18,13:00:00,2024-05-21,120.0,120.0,120.0,120.0,0,0,1
FINNIFTY21MAY2420650CE.NFO,2024-04-18,13:01:00,2024-05-21,120.0,120.0,120.0,120.0,0,0,1
FINNIFTY21MAY2420650CE.NFO,2024-04-18,13:02:00,2024-05-21,120.0,120.0,120.0,120.0,0,0,1
FINNIFTY21MAY2420650CE.NFO,2024-04-18,13:03:00,2024-05-21,120.0,120.0,120.0,120.0,0,0,1
FINNIFTY21MAY2420650CE.NFO,2024-04-18,13:04:00,2024-05-21,120.0,120.0,120.0,120.0,0,0,1
FINNIFTY21MAY2420650CE.NFO,2024-04-18,13:05:00,2024-05-21,120.0,120.0,120.0,120.0,0,0,1
FINNIFTY21MAY2420650CE.NFO,2024-04-18,13:06:00,2024-05-21,120.0,120.0,120.0,120.0,0,0,1
FINNIFTY21MAY2420650CE.NFO,2024-04-18,13:07:00,2024-05-21,120.0,120.0,120.0,120.0,0,0,1
FINNIFTY21MAY2420650CE.NFO,2024-04-18,13:08:00,2024-05-21,120.0,120.0,120.0,120.0,0,0,1
FINNIFTY21MAY2420650CE.NFO,2024-04-18,13:09:00,2024-05-21,120.0,120.0,120.0,120.0,0,0,1
FINNIFTY21MAY2420650CE.NFO,2024-04-18,13:10:00,2024-05-21,120.0,120.0,120.0,120.0,0,0,1
FINNIFTY21MAY2420650CE.NFO,2024-04-18,13:11:00,2024-05-21,120.0,120.0,120.0,120.0,0,0,1
FINNIFTY21MAY2420650CE.NFO,2024-04-18,13:12:00,2024-05-21,120.0,120.0,120.0,120.0,0,0,1
FINNIFTY21MAY2420650CE.NFO,2024-04-18,13:13:00,2024-05-21,120.0,120.0,120.0,120.0,0,0,1
FINNIFTY21MAY2420650CE.NFO,2024-04-18,13:14:00,2024-05-21,120.0,120.0,120.0,120.0,0,0,1
FINNIFTY21MAY2420650CE.NFO,2024-04-18,13:15:00,2024-05-21,120.0,120.0,120.0,120.0,0,0,1
FINNIFTY21MAY2420650CE.NFO,2024-04-18,13:16:00,2024-05-21,120.0,120.0,120.0,120.0,0,0,1
FINNIFTY21MAY2420650CE.NFO,2024-04-18,13:17:00,2024-05-21,120.0,120.0,120.0,120.0,0,0,1
FINNIFTY21MAY2420650CE.NFO,2024-04-18,13:18:00,2024-05-21,120.0,120.0,120.0,120.0,0,0,1
FINNIFTY21MAY2420650CE.NFO,2024-04-18,13:19:00,2024-05-21,120.0,120.0,120.0,120.0,0,0,1
FINNIFTY21MAY2420650CE.NFO,2024-04-18,13:20:00,2024-05-21,120.0,120.0,120.0,120.0,0,0,1
FINNIFTY21MAY2420650CE.NFO,2024-04-18,13:21:00,2024-05-21,120.0,120.0,120.0,120.0,0,0,1
FINNIFTY21MAY2420650CE.NFO,2024-04-18,13:22:00,2024-05-21,120.0,120.0,120.0,120.0,0,0,1
FINNIFTY21MAY2420650CE.NFO,2024-04-18,13:23:00,2024-05-21,120.0,120.0,120.0,120.0,0,0,1
FINNIFTY21MAY2420650CE.NFO,2024-04-18,13:24:00,2024-05-21,120.0,120.0,120.0,120.0,0,0,1
FINNIFTY21MAY2420650CE.NFO,2024-04-18,13:25:00,2024-05-21,120.0,120.0,120.0,120.0,0,0,1
FINNIFTY21MAY2420650CE.NFO,2024-04-18,13:26:00,2024-05-21,120.0,120.0,120.0,120.0,0,0,1
FINNIFTY21MAY2420650CE.NFO,2024-04-18,13:27:00,2024-05-21,120.0,120.0,120.0,120.0,0,0,1
FINNIFTY21MAY2420650CE.NFO,2024-04-18,13:28:00,2024-05-21,120.0,120.0,120.0,120.0,0,0,1
FINNIFTY21MAY2420650CE.NFO,2024-04-18,13:29:00,2024-05-21,120.0,120.0,120.0,120.0,0,0,1
FINNIFTY21MAY2420650CE.NFO,2024-04-18,13:30:00,2024-05-21,120.0,120.0,120.0,120.0,0,0,1
FINNIFTY21MAY2420650CE.NFO,2024-04-18,13:31:00,2024-05-21,120.0,120.0,120.0,120.0,0,0,1
FINNIFTY21MAY2420650CE.NFO,2024-04-18,13:32:00,2024-05-21,120.0,120.0,120.0,120.0,0,0,1
FINNIFTY21MAY2420650CE.NFO,2024-04-18,13:33:00,2024-05-21,120.0,120.0,120.0,120.0,0,0,1
FINNIFTY21MAY2420650CE.NFO,2024-04-18,13:34:00,2024-05-21,120.0,120.0,120.0,120.0,0,0,1
FINNIFTY21MAY2420650CE.NFO,2024-04-18,13:35:00,2024-05-21,120.0,120.0,120.0,120.0,0,0,1
FINNIFTY21MAY2420650CE.NFO,2024-04-18,13:36:00,2024-05-21,120.0,120.0,120.0,120.0,0,0,1
FINNIFTY21MAY2420650CE.NFO,2024-04-18,13:37:00,2024-05-21,120.0,120.0,120.0,120.0,0,0,1
FINNIFTY21MAY2420650CE.NFO,2024-04-18,13:38:00,2024-05-21,120.0,120.0,120.0,120.0,0,0,1
FINNIFTY21MAY2420650CE.NFO,2024-04-18,13:39:00,2024-05-21,120.0,120.0,120.0,120.0,0,0,1
FINNIFTY21MAY2420650CE.NFO,2024-04-18,13:40:00,2024-05-21,120.0,120.0,120.0,120.0,0,0,1
FINNIFTY21MAY2420650CE.NFO,2024-04-18,13:41:00,2024-05-21,120.0,120.0,120.0,120.0,0,0,1
FINNIFTY21MAY2420650CE.NFO,2024-04-18,13:42:00,2024-05-21,120.0,120.0,120.0,120.0,0,0,1
FINNIFTY21MAY2420650CE.NFO,2024-04-18,13:43:00,2024-05-21,120.0,120.0,120.0,120.0,0,0,1
FINNIFTY21MAY2420650CE.NFO,2024-04-18,13:44:00,2024-05-21,120.0,120.0,120.0,120.0,0,0,1
FINNIFTY21MAY2420650CE.NFO,2024-04-18,13:45:00,2024-05-21,120.0,120.0,120.0,120.0,0,0,1
FINNIFTY21MAY2420650CE.NFO,2024-04-18,13:46:00,2024-05-21,120.0,120.0,120.0,120.0,0,0,1
FINNIFTY21MAY2420650CE.NFO,2024-04-18,13:47:00,2024-05-21,120.0,120.0,120.0,120.0,0,0,1
FINNIFTY21MAY2420650CE.NFO,2024-04-18,13:48:00,2024-05-21,120.0,120.0,120.0,120.0,0,0,1
FINNIFTY21MAY2420650CE.NFO,2024-04-18,13:49:00,2024-05-21,120.0,120.0,120.0,120.0,0,0,1
FINNIFTY21MAY2420650CE.NFO,2024-04-18,13:50:00,2024-05-21,120.0,120.0,120.0,120.0,0,0,1
FINNIFTY21MAY2420650CE.NFO,2024-04-18,13:51:00,2024-05-21,120.0,120.0,120.0,120.0,0,0,1
FINNIFTY21MAY2420650CE.NFO,2024-04-18,13:52:00,2024-05-21,120.0,120.0,120.0,120.0,0,0,1
FINNIFTY21MAY2420650CE.NFO,2024-04-18,13:53:00,2024-05-21,120.0,120.0,120.0,120.0,0,0,1
FINNIFTY21MAY2420650CE.NFO,2024-04-18,13:54:00,2024-05-21,120.0,120.0,120.0,120.0,0,0,1
FINNIFTY21MAY2420650CE.NFO,2024-04-18,13:55:00,2024-05-21,120.0,120.0,120.0,120.0,0,0,1
FINNIFTY21MAY2420650CE.NFO,2024-04-18,13:56:00,2024-05-21,120.0,120.0,120.0,120.0,0,0,1
FINNIFTY21MAY2420650CE.NFO,2024-04-18,13:57:00,2024-05-21,120.0,120.0,120.0,120.0,0,0,1
FINNIFTY21MAY2420650CE.NFO,2024-04-18,13:58:00,2024-05-21,120.0,120.0,120.0,120.0,0,0,1
FINNIFTY21MAY2420650CE.NFO,2024-04-18,13:59:00,2024-05-21,120.0,120.0,120.0,120.0,0,0,1
FINNIFTY21MAY2420650CE.NFO,2024-04-18,14:00:00,2024-05-21,120.0,120.0,120.0,120.0,0,0,1
FINNIFTY21MAY2420650CE.NFO,2024-04-18,14:01:00,2024-05-21,120.0,120.0,120.0,120.0,0,0,1
FINNIFTY21MAY2420650CE.NFO,2024-04-18,14:02:00,2024-05-21,120.0,120.0,120.0,120.0,0,0,1
FINNIFTY21MAY2420650CE.NFO,2024-04-18,14:03:00,2024-05-21,120.0,120.0,120.0,120.0,0,0,1
FINNIFTY21MAY2420650CE.NFO,2024-04-18,14:04:00,2024-05-21,120.0,120.0,120.0,120.0,0,0,1
FINNIFTY21MAY2420650CE.NFO,2024-04-18,14:05:00,2024-05-21,120.0,120.0,120.0,120.0,0,0,1
FINNIFTY21MAY2420650CE.NFO,2024-04-18,14:06:00,2024-05-21,120.0,120.0,120.0,120.0,0,0,1
FINNIFTY21MAY2420650CE.NFO,2024-04-18,14:07:00,2024-05-21,120.0,120.0,120.0,120.0,0,0,1
FINNIFTY21MAY2420650CE.NFO,2024-04-18,14:08:00,2024-05-21,120.0,120.0,120.0,120.0,0,0,1
FINNIFTY21MAY2420650CE.NFO,2024-04-18,14:09:00,2024-05-21,120.0,120.0,120.0,120.0,0,0,1
FINNIFTY21MAY2420650CE.NFO,2024-04-18,14:10:00,2024-05-21,120.0,120.0,120.0,120.0,0,0,1
FINNIFTY21MAY2420650CE.NFO,2024-04-18,14:11:00,2024-05-21,120.0,120.0,120.0,120.0,0,0,1
FINNIFTY21MAY2420650CE.NFO,2024-04-18,14:12:00,2024-05-21,120.0,120.0,120.0,120.0,0,0,1
FINNIFTY21MAY2420650CE.NFO,2024-04-18,14:13:00,2024-05-21,120.0,120.0,120.0,120.0,0,0,1
FINNIFTY21MAY2420650CE.NFO,2024-04-18,14:14:00,2024-05-21,120.0,120.0,120.0,120.0,0,0,1
FINNIFTY21MAY2420650CE.NFO,2024-04-18,14:15:00,2024-05-21,120.0,120.0,120.0,120.0,0,0,1
FINNIFTY21MAY2420650CE.NFO,2024-04-18,14:16:00,2024-05-21,120.0,120.0,120.0,120.0,0,0,1
FINNIFTY21MAY2420650CE.NFO,2024-04-18,14:17:00,2024-05-21,120.0,120.0,120.0,120.0,0,0,1
FINNIFTY21MAY2420650CE.NFO,2024-04-18,14:18:00,2024-05-21,120.0,120.0,120.0,120.0,0,0,1
FINNIFTY21MAY2420650CE.NFO,2024-04-18,14:19:00,2024-05-21,120.0,120.0,120.0,120.0,0,0,1
FINNIFTY21MAY2420650CE.NFO,2024-04-18,14:20:00,2024-05-21,120.0,120.0,120.0,120.0,0,0,1
FINNIFTY21MAY2420650CE.NFO,2024-04-18,14:21:00,2024-05-21,120.0,120.0,120.0,120.0,0,0,1
FINNIFTY21MAY2420650CE.NFO,2024-04-18,14:22:00,2024-05-21,120.0,120.0,120.0,120.0,0,0,1
FINNIFTY21MAY2420650CE.NFO,2024-04-18,14:23:00,2024-05-21,120.0,120.0,120.0,120.0,0,0,1
FINNIFTY21MAY2420650CE.NFO,2024-04-18,14:24:00,2024-05-21,120.0,120.0,120.0,120.0,0,0,1
FINNIFTY21MAY2420650CE.NFO,2024-04-18,14:25:00,2024-05-21,120.0,120.0,120.0,120.0,0,0,1
FINNIFTY21MAY2420650CE.NFO,2024-04-18,14:26:00,2024-05-21,120.0,120.0,120.0,120.0,0,0,1
FINNIFTY21MAY2420650CE.NFO,2024-04-18,14:27:00,2024-05-21,120.0,120.0,120.0,120.0,0,0,1
FINNIFTY21MAY2420650CE.NFO,2024-04-18,14:28:00,2024-05-21,120.0,120.0,120.0,120.0,0,0,1
FINNIFTY21MAY2420650CE.NFO,2024-04-18,14:29:00,2024-05-21,120.0,120.0,120.0,120.0,0,0,1
FINNIFTY21MAY2420650CE.NFO,2024-04-18,14:30:00,2024-05-21,120.0,120.0,120.0,120.0,0,0,1
FINNIFTY21MAY2420650CE.NFO,2024-04-18,14:31:00,2024-05-21,120.0,120.0,120.0,120.0,0,0,1
FINNIFTY21MAY2420650CE.NFO,2024-04-18,14:32:00,2024-05-21,120.0,120.0,120.0,120.0,0,0,1
FINNIFTY21MAY2420650CE.NFO,2024-04-18,14:33:00,2024-05-21,120.0,120.0,120.0,120.0,0,0,1
FINNIFTY21MAY2420650CE.NFO,2024-04-18,14:34:00,2024-05-21,120.0,120.0,120.0,120.0,0,0,1
FINNIFTY21MAY2420650CE.NFO,2024-04-18,14:35:00,2024-05-21,120.0,120.0,120.0,120.0,0,0,1
FINNIFTY21MAY2420650CE.NFO,2024-04-18,14:36:00,2024-05-21,120.0,120.0,120.0,120.0,0,0,1
FINNIFTY21MAY2420650CE.NFO,2024-04-18,14:37:00,2024-05-21,120.0,120.0,120.0,120.0,0,0,1
FINNIFTY21MAY2420650CE.NFO,2024-04-18,14:38:00,2024-05-21,120.0,120.0,120.0,120.0,0,0,1
FINNIFTY21MAY2420650CE.NFO,2024-04-18,14:39:00,2024-05-21,120.0,120.0,120.0,120.0,0,0,1
FINNIFTY21MAY2420650CE.NFO,2024-04-18,14:40:00,2024-05-21,120.0,120.0,120.0,120.0,0,0,1
FINNIFTY21MAY2420650CE.NFO,2024-04-18,14:41:00,2024-05-21,120.0,120.0,120.0,120.0,0,0,1
FINNIFTY21MAY2420650CE.NFO,2024-04-18,14:42:00,2024-05-21,120.0,120.0,120.0,120.0,0,0,1
FINNIFTY21MAY2420650CE.NFO,2024-04-18,14:43:00,2024-05-21,120.0,120.0,120.0,120.0,0,0,1
FINNIFTY21MAY2420650CE.NFO,2024-04-18,14:44:00,2024-05-21,120.0,120.0,120.0,120.0,0,0,1
FINNIFTY21MAY2420650CE.NFO,2024-04-18,14:45:00,2024-05-21,120.0,120.0,120.0,120.0,0,0,1
FINNIFTY21MAY2420650CE.NFO,2024-04-18,14:46:00,2024-05-21,120.0,120.0,120.0,120.0,0,0,1
FINNIFTY21MAY2420650CE.NFO,2024-04-18,14:47:00,2024-05-21,120.0,120.0,120.0,120.0,0,0,1
FINNIFTY21MAY2420650CE.NFO,2024-04-18,14:48:00,2024-05-21,120.0,120.0,120.0,120.0,0,0,1
FINNIFTY21MAY2420650CE.NFO,2024-04-18,14:49:00,2024-05-21,120.0,120.0,120.0,120.0,0,0,1
FINNIFTY21MAY2420650CE.NFO,2024-04-18,14:50:00,2024-05-21,120.0,120.0,120.0,120.0,0,0,1
FINNIFTY21MAY2420650CE.NFO,2024-04-18,14:51:00,2024-05-21,120.0,120.0,120.0,120.0,0,0,1
FINNIFTY21MAY2420650CE.NFO,2024-04-18,14:52:00,2024-05-21,120.0,120.0,120.0,120.0,0,0,1
FINNIFTY21MAY2420650CE.NFO,2024-04-18,14:53:00,2024-05-21,120.0,120.0,120.0,120.0,0,0,1
FINNIFTY21MAY2420650CE.NFO,2024-04-18,14:54:00,2024-05-21,120.0,120.0,120.0,120.0,0,0,1
FINNIFTY21MAY2420650CE.NFO,2024-04-18,14:55:00,2024-05-21,120.0,120.0,120.0,120.0,0,0,1
FINNIFTY21MAY2420650CE.NFO,2024-04-18,14:56:00,2024-05-21,120.0,120.0,120.0,120.0,0,0,1
FINNIFTY21MAY2420650CE.NFO,2024-04-18,14:57:00,2024-05-21,120.0,120.0,120.0,120.0,0,0,1
FINNIFTY21MAY2420650CE.NFO,2024-04-18,14:58:00,2024-05-21,120.0,120.0,120.0,120.0,0,0,1
FINNIFTY21MAY2420650CE.NFO,2024-04-18,14:59:00,2024-05-21,120.0,120.0,120.0,120.0,0,0,1
FINNIFTY21MAY2420650CE.NFO,2024-04-18,15:00:00,2024-05-21,120.0,120.0,120.0,120.0,0,0,1
FINNIFTY21MAY2420650CE.NFO,2024-04-18,15:01:00,2024-05-21,120.0,120.0,120.0,120.0,0,0,1
FINNIFTY21MAY2420650CE.NFO,2024-04-18,15:02:00,2024-05-21,120.0,120.0,120.0,120.0,0,0,1
FINNIFTY21MAY2420650CE.NFO,2024-04-18,15:03:00,2024-05-21,120.0,120.0,120.0,120.0,0,0,1
FINNIFTY21MAY2420650CE.NFO,2024-04-18,15:04:00,2024-05-21,120.0,120.0,120.0,120.0,0,0,1
FINNIFTY21MAY2420650CE.NFO,2024-04-18,15:05:00,2024-05-21,120.0,120.0,120.0,120.0,0,0,1
FINNIFTY21MAY2420650CE.NFO,2024-04-18,15:06:00,2024-05-21,120.0,120.0,120.0,120.0,0,0,1
FINNIFTY21MAY2420650CE.NFO,2024-04-18,15:07:00,2024-05-21,120.0,120.0,120.0,120.0,0,0,1
FINNIFTY21MAY2420650CE.NFO,2024-04-18,15:08:00,2024-05-21,120.0,120.0,120.0,120.0,0,0,1
FINNIFTY21MAY2420650CE.NFO,2024-04-18,15:09:00,2024-05-21,120.0,120.0,120.0,120.0,0,0,1
FINNIFTY21MAY2420650CE.NFO,2024-04-18,15:10:00,2024-05-21,120.0,120.0,120.0,120.0,0,0,1
FINNIFTY21MAY2420650CE.NFO,2024-04-18,15:11:00,2024-05-21,120.0,120.0,120.0,120.0,0,0,1
FINNIFTY21MAY2420650CE.NFO,2024-04-18,15:12:00,2024-05-21,120.0,120.0,120.0,120.0,0,0,1
FINNIFTY21MAY2420650CE.NFO,2024-04-18,15:13:00,2024-05-21,120.0,120.0,120.0,120.0,0,0,1
FINNIFTY21MAY2420650CE.NFO,2024-04-18,15:14:00,2024-05-21,120.0,120.0,120.0,120.0,0,0,1
FINNIFTY21MAY2420650CE.NFO,2024-04-18,15:15:00,2024-05-21,120.0,120.0,120.0,120.0,0,0,1
FINNIFTY21MAY2420650CE.NFO,2024-04-18,15:16:00,2024-05-21,120.0,120.0,120.0,120.0,0,0,1
FINNIFTY21MAY2420650CE.NFO,2024-04-18,15:17:00,2024-05-21,120.0,120.0,120.0,120.0,0,0,1
FINNIFTY21MAY2420650CE.NFO,2024-04-18,15:18:00,2024-05-21,120.0,120.0,120.0,120.0,0,0,1
FINNIFTY21MAY2420650CE.NFO,2024-04-18,15:19:00,2024-05-21,120.0,120.0,120.0,120.0,0,0,1
FINNIFTY21MAY2420650CE.NFO,2024-04-18,15:20:00,2024-05-21,120.0,120.0,120.0,120.0,0,0,1
FINNIFTY21MAY2420650CE.NFO,2024-04-18,15:21:00,2024-05-21,120.0,120.0,120.0,120.0,0,0,1
FINNIFTY21MAY2420650CE.NFO,2024-04-18,15:22:00,2024-05-21,120.0,120.0,120.0,120.0,0,0,1
FINNIFTY21MAY2420650CE.NFO,2024-04-18,15:23:00,2024-05-21,120.0,120.0,120.0,120.0,0,0,1
FINNIFTY21MAY2420650CE.NFO,2024-04-18,15:24:00,2024-05-21,120.0,120.0,120.0,120.0,0,0,1
FINNIFTY21MAY2420650CE.NFO,2024-04-18,15:25:00,2024-05-21,120.0,120.0,120.0,120.0,0,0,1
FINNIFTY21MAY2420650CE.NFO,2024-04-18,15:26:00,2024-05-21,120.0,120.0,120.0,120.0,0,0,1
FINNIFTY21MAY2420650CE.NFO,2024-04-18,15:27:00,2024-05-21,120.0,120.0,120.0,120.0,0,0,1
FINNIFTY21MAY2420650CE.NFO,2024-04-18,15:28:00,2024-05-21,120.0,120.0,120.0,120.0,0,0,1
FINNIFTY21MAY2420650CE.NFO,2024-04-18,15:29:00,2024-05-21,120.0,120.0,120.0,120.0,0,0,1
FINNIFTY21MAY2420650CE.NFO,2024-04-18,15:30:00,2024-05-21,120.0,120.0,120.0,120.0,0,0,1
FINNIFTY21MAY2420650CE.NFO,2024-04-19,09:15:00,2024-05-21,120.0,120.0,120.0,120.0,0,0,0
FINNIFTY21MAY2420650CE.NFO,2024-04-19,09:16:00,2024-05-21,120.0,120.0,120.0,120.0,0,0,1
FINNIFTY21MAY2420650CE.NFO,2024-04-19,09:17:00,2024-05-21,120.0,120.0,120.0,120.0,0,0,1
FINNIFTY21MAY2420650CE.NFO,2024-04-19,09:18:00,2024-05-21,120.0,120.0,120.0,120.0,0,0,1
FINNIFTY21MAY2420650CE.NFO,2024-04-19,09:19:00,2024-05-21,120.0,120.0,120.0,120.0,0,0,1
FINNIFTY21MAY2420650CE.NFO,2024-04-19,09:20:00,2024-05-21,120.0,120.0,120.0,120.0,0,0,1
FINNIFTY21MAY2420650CE.NFO,2024-04-19,09:21:00,2024-05-21,120.0,120.0,120.0,120.0,0,0,1
FINNIFTY21MAY2420650CE.NFO,2024-04-19,09:22:00,2024-05-21,120.0,120.0,120.0,120.0,0,0,1
FINNIFTY21MAY2420650CE.NFO,2024-04-19,09:23:00,2024-05-21,120.0,120.0,120.0,120.0,0,0,1
FINNIFTY21MAY2420650CE.NFO,2024-04-19,09:24:00,2024-05-21,120.0,120.0,120.0,120.0,0,0,1
FINNIFTY21MAY2420650CE.NFO,2024-04-19,09:25:00,2024-05-21,120.0,120.0,120.0,120.0,0,0,1
FINNIFTY21MAY2420650CE.NFO,2024-04-19,09:26:00,2024-05-21,120.0,120.0,120.0,120.0,0,0,1
FINNIFTY21MAY2420650CE.NFO,2024-04-19,09:27:00,2024-05-21,120.0,120.0,120.0,120.0,0,0,1
FINNIFTY21MAY2420650CE.NFO,2024-04-19,09:28:00,2024-05-21,120.0,120.0,120.0,120.0,0,0,1
FINNIFTY21MAY2420650CE.NFO,2024-04-19,09:29:00,2024-05-21,120.0,120.0,120.0,120.0,0,0,1
FINNIFTY21MAY2420650CE.NFO,2024-04-19,09:30:00,2024-05-21,120.0,120.0,120.0,120.0,0,0,1
FINNIFTY21MAY2420650CE.NFO,2024-04-19,09:31:00,2024-05-21,120.0,120.0,120.0,120.0,0,0,1
FINNIFTY21MAY2420650CE.NFO,2024-04-19,09:32:00,2024-05-21,120.0,120.0,120.0,120.0,0,0,1
FINNIFTY21MAY2420650CE.NFO,2024-04-19,09:33:00,2024-05-21,120.0,120.0,120.0,120.0,0,0,1
FINNIFTY21MAY2420650CE.NFO,2024-04-19,09:34:00,2024-05-21,120.0,120.0,120.0,120.0,0,0,1
FINNIFTY21MAY2420650CE.NFO,2024-04-19,09:35:00,2024-05-21,120.0,120.0,120.0,120.0,0,0,1
FINNIFTY21MAY2420650CE.NFO,2024-04-19,09:36:00,2024-05-21,120.0,120.0,120.0,120.0,0,0,1
FINNIFTY21MAY2420650CE.NFO,2024-04-19,09:37:00,2024-05-21,120.0,120.0,120.0,120.0,0,0,1
FINNIFTY21MAY2420650CE.NFO,2024-04-19,09:38:00,2024-05-21,120.0,120.0,120.0,120.0,0,0,1
FINNIFTY21MAY2420650CE.NFO,2024-04-19,09:39:00,2024-05-21,120.0,120.0,120.0,120.0,0,0,1
FINNIFTY21MAY2420650CE.NFO,2024-04-19,09:40:00,2024-05-21,120.0,120.0,120.0,120.0,0,0,1
FINNIFTY21MAY2420650CE.NFO,2024-04-19,09:41:00,2024-05-21,120.0,120.0,120.0,120.0,0,0,1
FINNIFTY21MAY2420650CE.NFO,2024-04-19,09:42:00,2024-05-21,120.0,120.0,120.0,120.0,0,0,1
FINNIFTY21MAY2420650CE.NFO,2024-04-19,09:43:00,2024-05-21,120.0,120.0,120.0,120.0,0,0,1
FINNIFTY21MAY2420650CE.NFO,2024-04-19,09:44:00,2024-05-21,120.0,120.0,120.0,120.0,0,0,1
FINNIFTY21MAY2420650CE.NFO,2024-04-19,09:45:00,2024-05-21,120.0,120.0,120.0,120.0,0,0,1
FINNIFTY21MAY2420650CE.NFO,2024-04-19,09:46:00,2024-05-21,120.0,120.0,120.0,120.0,0,0,1
FINNIFTY21MAY2420650CE.NFO,2024-04-19,09:47:00,2024-05-21,120.0,120.0,120.0,120.0,0,0,1
FINNIFTY21MAY2420650CE.NFO,2024-04-19,09:48:00,2024-05-21,120.0,120.0,120.0,120.0,0,0,1
FINNIFTY21MAY2420650CE.NFO,2024-04-19,09:49:00,2024-05-21,120.0,120.0,120.0,120.0,0,0,1
FINNIFTY21MAY2420650CE.NFO,2024-04-19,09:50:00,2024-05-21,120.0,120.0,120.0,120.0,0,0,1
FINNIFTY21MAY2420650CE.NFO,2024-04-19,09:51:00,2024-05-21,120.0,120.0,120.0,120.0,0,0,1
FINNIFTY21MAY2420650CE.NFO,2024-04-19,09:52:00,2024-05-21,120.0,120.0,120.0,120.0,0,0,1
FINNIFTY21MAY2420650CE.NFO,2024-04-19,09:53:00,2024-05-21,120.0,120.0,120.0,120.0,0,0,1
FINNIFTY21MAY2420650CE.NFO,2024-04-19,09:54:00,2024-05-21,120.0,120.0,120.0,120.0,0,0,1
FINNIFTY21MAY2420650CE.NFO,2024-04-19,09:55:00,2024-05-21,120.0,120.0,120.0,120.0,0,0,1
FINNIFTY21MAY2420650CE.NFO,2024-04-19,09:56:00,2024-05-21,120.0,120.0,120.0,120.0,0,0,1
FINNIFTY21MAY2420650CE.NFO,2024-04-19,09:57:00,2024-05-21,120.0,120.0,120.0,120.0,0,0,1
FINNIFTY21MAY2420650CE.NFO,2024-04-19,09:58:00,2024-05-21,120.0,120.0,120.0,120.0,0,0,1
FINNIFTY21MAY2420650CE.NFO,2024-04-19,09:59:00,2024-05-21,120.0,120.0,120.0,120.0,0,0,1
FINNIFTY21MAY2420650CE.NFO,2024-04-19,10:00:00,2024-05-21,120.0,120.0,120.0,120.0,0,0,1
FINNIFTY21MAY2420650CE.NFO,2024-04-19,10:01:00,2024-05-21,120.0,120.0,120.0,120.0,0,0,1
FINNIFTY21MAY2420650CE.NFO,2024-04-19,10:02:00,2024-05-21,120.0,120.0,120.0,120.0,0,0,1
FINNIFTY21MAY2420650CE.NFO,2024-04-19,10:03:00,2024-05-21,120.0,120.0,120.0,120.0,0,0,1
FINNIFTY21MAY2420650CE.NFO,2024-04-19,10:04:00,2024-05-21,120.0,120.0,120.0,120.0,0,0,1
FINNIFTY21MAY2420650CE.NFO,2024-04-19,10:05:00,2024-05-21,120.0,120.0,120.0,120.0,0,0,1
FINNIFTY21MAY2420650CE.NFO,2024-04-19,10:06:00,2024-05-21,120.0,120.0,120.0,120.0,0,0,1
FINNIFTY21MAY2420650CE.NFO,2024-04-19,10:07:00,2024-05-21,120.0,120.0,120.0,120.0,0,0,1
FINNIFTY21MAY2420650CE.NFO,2024-04-19,10:08:00,2024-05-21,120.0,120.0,120.0,120.0,0,0,1
FINNIFTY21MAY2420650CE.NFO,2024-04-19,10:09:00,2024-05-21,120.0,120.0,120.0,120.0,0,0,1
FINNIFTY21MAY2420650CE.NFO,2024-04-19,10:10:00,2024-05-21,120.0,120.0,120.0,120.0,0,0,1
FINNIFTY21MAY2420650CE.NFO,2024-04-19,10:11:00,2024-05-21,120.0,120.0,120.0,120.0,0,0,1
FINNIFTY21MAY2420650CE.NFO,2024-04-19,10:12:00,2024-05-21,120.0,120.0,120.0,120.0,0,0,1
FINNIFTY21MAY2420650CE.NFO,2024-04-19,10:13:00,2024-05-21,120.0,120.0,120.0,120.0,0,0,1
FINNIFTY21MAY2420650CE.NFO,2024-04-19,10:14:00,2024-05-21,120.0,120.0,120.0,120.0,0,0,1
FINNIFTY21MAY2420650CE.NFO,2024-04-19,10:15:00,2024-05-21,120.0,120.0,120.0,120.0,0,0,1
FINNIFTY21MAY2420650CE.NFO,2024-04-19,10:16:00,2024-05-21,120.0,120.0,120.0,120.0,0,0,1
FINNIFTY21MAY2420650CE.NFO,2024-04-19,10:17:00,2024-05-21,120.0,120.0,120.0,120.0,0,0,1
FINNIFTY21MAY2420650CE.NFO,2024-04-19,10:18:00,2024-05-21,120.0,120.0,120.0,120.0,0,0,1
FINNIFTY21MAY2420650CE.NFO,2024-04-19,10:19:00,2024-05-21,120.0,120.0,120.0,120.0,0,0,1
FINNIFTY21MAY2420650CE.NFO,2024-04-19,10:20:00,2024-05-21,120.0,120.0,120.0,120.0,0,0,1
FINNIFTY21MAY2420650CE.NFO,2024-04-19,10:21:00,2024-05-21,120.0,120.0,120.0,120.0,0,0,1
FINNIFTY21MAY2420650CE.NFO,2024-04-19,10:22:00,2024-05-21,120.0,120.0,120.0,120.0,0,0,1
FINNIFTY21MAY2420650CE.NFO,2024-04-19,10:23:00,2024-05-21,120.0,120.0,120.0,120.0,0,0,1
FINNIFTY21MAY2420650CE.NFO,2024-04-19,10:24:00,2024-05-21,120.0,120.0,120.0,120.0,0,0,1
FINNIFTY21MAY2420650CE.NFO,2024-04-19,10:25:00,2024-05-21,120.0,120.0,120.0,120.0,0,0,1
FINNIFTY21MAY2420650CE.NFO,2024-04-19,10:26:00,2024-05-21,120.0,120.0,120.0,120.0,0,0,1
FINNIFTY21MAY2420650CE.NFO,2024-04-19,10:27:00,2024-05-21,120.0,120.0,120.0,120.0,0,0,1
FINNIFTY21MAY2420650CE.NFO,2024-04-19,10:28:00,2024-05-21,120.0,120.0,120.0,120.0,0,0,1
FINNIFTY21MAY2420650CE.NFO,2024-04-19,10:29:00,2024-05-21,120.0,120.0,120.0,120.0,0,0,1
FINNIFTY21MAY2420650CE.NFO,2024-04-19,10:30:00,2024-05-21,120.0,120.0,120.0,120.0,0,0,1
FINNIFTY21MAY2420650CE.NFO,2024-04-19,10:31:00,2024-05-21,120.0,120.0,120.0,120.0,0,0,1
FINNIFTY21MAY2420650CE.NFO,2024-04-19,10:32:00,2024-05-21,120.0,120.0,120.0,120.0,0,0,1
FINNIFTY21MAY2420650CE.NFO,2024-04-19,10:33:00,2024-05-21,120.0,120.0,120.0,120.0,0,0,1
FINNIFTY21MAY2420650CE.NFO,2024-04-19,10:34:00,2024-05-21,120.0,120.0,120.0,120.0,0,0,1
FINNIFTY21MAY2420650CE.NFO,2024-04-19,10:35:00,2024-05-21,120.0,120.0,120.0,120.0,0,0,1
FINNIFTY21MAY2420650CE.NFO,2024-04-19,10:36:00,2024-05-21,120.0,120.0,120.0,120.0,0,0,1
FINNIFTY21MAY2420650CE.NFO,2024-04-19,10:37:00,2024-05-21,120.0,120.0,120.0,120.0,0,0,1
FINNIFTY21MAY2420650CE.NFO,2024-04-19,10:38:00,2024-05-21,120.0,120.0,120.0,120.0,0,0,1
FINNIFTY21MAY2420650CE.NFO,2024-04-19,10:39:00,2024-05-21,120.0,120.0,120.0,120.0,0,0,1
FINNIFTY21MAY2420650CE.NFO,2024-04-19,10:40:00,2024-05-21,120.0,120.0,120.0,120.0,0,0,1
FINNIFTY21MAY2420650CE.NFO,2024-04-19,10:41:00,2024-05-21,120.0,120.0,120.0,120.0,0,0,1
FINNIFTY21MAY2420650CE.NFO,2024-04-19,10:42:00,2024-05-21,120.0,120.0,120.0,120.0,0,0,1
FINNIFTY21MAY2420650CE.NFO,2024-04-19,10:43:00,2024-05-21,120.0,120.0,120.0,120.0,0,0,1
FINNIFTY21MAY2420650CE.NFO,2024-04-19,10:44:00,2024-05-21,120.0,120.0,120.0,120.0,0,0,1
FINNIFTY21MAY2420650CE.NFO,2024-04-19,10:45:00,2024-05-21,120.0,120.0,120.0,120.0,0,0,1
FINNIFTY21MAY2420650CE.NFO,2024-04-19,10:46:00,2024-05-21,120.0,120.0,120.0,120.0,0,0,1
FINNIFTY21MAY2420650CE.NFO,2024-04-19,10:47:00,2024-05-21,120.0,120.0,120.0,120.0,0,0,1
FINNIFTY21MAY2420650CE.NFO,2024-04-19,10:48:00,2024-05-21,120.0,120.0,120.0,120.0,0,0,1
FINNIFTY21MAY2420650CE.NFO,2024-04-19,10:49:00,2024-05-21,120.0,120.0,120.0,120.0,0,0,1
FINNIFTY21MAY2420650CE.NFO,2024-04-19,10:50:00,2024-05-21,120.0,120.0,120.0,120.0,0,0,1
FINNIFTY21MAY2420650CE.NFO,2024-04-19,10:51:00,2024-05-21,120.0,120.0,120.0,120.0,0,0,1
FINNIFTY21MAY2420650CE.NFO,2024-04-19,10:52:00,2024-05-21,120.0,120.0,120.0,120.0,0,0,1
FINNIFTY21MAY2420650CE.NFO,2024-04-19,10:53:00,2024-05-21,120.0,120.0,120.0,120.0,0,0,1
FINNIFTY21MAY2420650CE.NFO,2024-04-19,10:54:00,2024-05-21,120.0,120.0,120.0,120.0,0,0,1
FINNIFTY21MAY2420650CE.NFO,2024-04-19,10:55:00,2024-05-21,120.0,120.0,120.0,120.0,0,0,1
FINNIFTY21MAY2420650CE.NFO,2024-04-19,10:56:00,2024-05-21,120.0,120.0,120.0,120.0,0,0,1
FINNIFTY21MAY2420650CE.NFO,2024-04-19,10:57:00,2024-05-21,120.0,120.0,120.0,120.0,0,0,1
FINNIFTY21MAY2420650CE.NFO,2024-04-19,10:58:00,2024-05-21,120.0,120.0,120.0,120.0,0,0,1
FINNIFTY21MAY2420650CE.NFO,2024-04-19,10:59:00,2024-05-21,120.0,120.0,120.0,120.0,0,0,1
FINNIFTY21MAY2420650CE.NFO,2024-04-19,11:00:00,2024-05-21,120.0,120.0,120.0,120.0,0,0,1
FINNIFTY21MAY2420650CE.NFO,2024-04-19,11:01:00,2024-05-21,120.0,120.0,120.0,120.0,0,0,1
FINNIFTY21MAY2420650CE.NFO,2024-04-19,11:02:00,2024-05-21,120.0,120.0,120.0,120.0,0,0,1
FINNIFTY21MAY2420650CE.NFO,2024-04-19,11:03:00,2024-05-21,120.0,120.0,120.0,120.0,0,0,1
FINNIFTY21MAY2420650CE.NFO,2024-04-19,11:04:00,2024-05-21,120.0,120.0,120.0,120.0,0,0,1
FINNIFTY21MAY2420650CE.NFO,2024-04-19,11:05:00,2024-05-21,120.0,120.0,120.0,120.0,0,0,1
FINNIFTY21MAY2420650CE.NFO,2024-04-19,11:06:00,2024-05-21,120.0,120.0,120.0,120.0,0,0,1
FINNIFTY21MAY2420650CE.NFO,2024-04-19,11:07:00,2024-05-21,120.0,120.0,120.0,120.0,0,0,1
FINNIFTY21MAY2420650CE.NFO,2024-04-19,11:08:00,2024-05-21,120.0,120.0,120.0,120.0,0,0,1
FINNIFTY21MAY2420650CE.NFO,2024-04-19,11:09:00,2024-05-21,120.0,120.0,120.0,120.0,0,0,1
FINNIFTY21MAY2420650CE.NFO,2024-04-19,11:10:00,2024-05-21,120.0,120.0,120.0,120.0,0,0,1
FINNIFTY21MAY2420650CE.NFO,2024-04-19,11:11:00,2024-05-21,120.0,120.0,120.0,120.0,0,0,1
FINNIFTY21MAY2420650CE.NFO,2024-04-19,11:12:00,2024-05-21,120.0,120.0,120.0,120.0,0,0,1
FINNIFTY21MAY2420650CE.NFO,2024-04-19,11:13:00,2024-05-21,120.0,120.0,120.0,120.0,0,0,1
FINNIFTY21MAY2420650CE.NFO,2024-04-19,11:14:00,2024-05-21,120.0,120.0,120.0,120.0,0,0,1
FINNIFTY21MAY2420650CE.NFO,2024-04-19,11:15:00,2024-05-21,120.0,120.0,120.0,120.0,0,0,1
FINNIFTY21MAY2420650CE.NFO,2024-04-19,11:16:00,2024-05-21,120.0,120.0,120.0,120.0,0,0,1
FINNIFTY21MAY2420650CE.NFO,2024-04-19,11:17:00,2024-05-21,120.0,120.0,120.0,120.0,0,0,1
FINNIFTY21MAY2420650CE.NFO,2024-04-19,11:18:00,2024-05-21,120.0,120.0,120.0,120.0,0,0,1
FINNIFTY21MAY2420650CE.NFO,2024-04-19,11:19:00,2024-05-21,120.0,120.0,120.0,120.0,0,0,1
FINNIFTY21MAY2420650CE.NFO,2024-04-19,11:20:00,2024-05-21,120.0,120.0,120.0,120.0,0,0,1
FINNIFTY21MAY2420650CE.NFO,2024-04-19,11:21:00,2024-05-21,120.0,120.0,120.0,120.0,0,0,1
FINNIFTY21MAY2420650CE.NFO,2024-04-19,11:22:00,2024-05-21,120.0,120.0,120.0,120.0,0,0,1
FINNIFTY21MAY2420650CE.NFO,2024-04-19,11:23:00,2024-05-21,120.0,120.0,120.0,120.0,0,0,1
FINNIFTY21MAY2420650CE.NFO,2024-04-19,11:24:00,2024-05-21,120.0,120.0,120.0,120.0,0,0,1
FINNIFTY21MAY2420650CE.NFO,2024-04-19,11:25:00,2024-05-21,120.0,120.0,120.0,120.0,0,0,1
FINNIFTY21MAY2420650CE.NFO,2024-04-19,11:26:00,2024-05-21,120.0,120.0,120.0,120.0,0,0,1
FINNIFTY21MAY2420650CE.NFO,2024-04-19,11:27:00,2024-05-21,120.0,120.0,120.0,120.0,0,0,1
FINNIFTY21MAY2420650CE.NFO,2024-04-19,11:28:00,2024-05-21,120.0,120.0,120.0,120.0,0,0,1
FINNIFTY21MAY2420650CE.NFO,2024-04-19,11:29:00,2024-05-21,120.0,120.0,120.0,120.0,0,0,1
FINNIFTY21MAY2420650CE.NFO,2024-04-19,11:30:00,2024-05-21,120.0,120.0,120.0,120.0,0,0,1
FINNIFTY21MAY2420650CE.NFO,2024-04-19,11:31:00,2024-05-21,120.0,120.0,120.0,120.0,0,0,1
FINNIFTY21MAY2420650CE.NFO,2024-04-19,11:32:00,2024-05-21,120.0,120.0,120.0,120.0,0,0,1
FINNIFTY21MAY2420650CE.NFO,2024-04-19,11:33:00,2024-05-21,120.0,120.0,120.0,120.0,0,0,1
FINNIFTY21MAY2420650CE.NFO,2024-04-19,11:34:00,2024-05-21,120.0,120.0,120.0,120.0,0,0,1
FINNIFTY21MAY2420650CE.NFO,2024-04-19,11:35:00,2024-05-21,120.0,120.0,120.0,120.0,0,0,1
FINNIFTY21MAY2420650CE.NFO,2024-04-19,11:36:00,2024-05-21,120.0,120.0,120.0,120.0,0,0,1
FINNIFTY21MAY2420650CE.NFO,2024-04-19,11:37:00,2024-05-21,120.0,120.0,120.0,120.0,0,0,1
FINNIFTY21MAY2420650CE.NFO,2024-04-19,11:38:00,2024-05-21,120.0,120.0,120.0,120.0,0,0,1
FINNIFTY21MAY2420650CE.NFO,2024-04-19,11:39:00,2024-05-21,120.0,120.0,120.0,120.0,0,0,1
FINNIFTY21MAY2420650CE.NFO,2024-04-19,11:40:00,2024-05-21,120.0,120.0,120.0,120.0,0,0,1
FINNIFTY21MAY2420650CE.NFO,2024-04-19,11:41:00,2024-05-21,120.0,120.0,120.0,120.0,0,0,1
FINNIFTY21MAY2420650CE.NFO,2024-04-19,11:42:00,2024-05-21,120.0,120.0,120.0,120.0,0,0,1
FINNIFTY21MAY2420650CE.NFO,2024-04-19,11:43:00,2024-05-21,120.0,120.0,120.0,120.0,0,0,1
FINNIFTY21MAY2420650CE.NFO,2024-04-19,11:44:00,2024-05-21,120.0,120.0,120.0,120.0,0,0,1
FINNIFTY21MAY2420650CE.NFO,2024-04-19,11:45:00,2024-05-21,120.0,120.0,120.0,120.0,0,0,1
FINNIFTY21MAY2420650CE.NFO,2024-04-19,11:46:00,2024-05-21,120.0,120.0,120.0,120.0,0,0,1
FINNIFTY21MAY2420650CE.NFO,2024-04-19,11:47:00,2024-05-21,120.0,120.0,120.0,120.0,0,0,1
FINNIFTY21MAY2420650CE.NFO,2024-04-19,11:48:00,2024-05-21,120.0,120.0,120.0,120.0,0,0,1
FINNIFTY21MAY2420650CE.NFO,2024-04-19,11:49:00,2024-05-21,120.0,120.0,120.0,120.0,0,0,1
FINNIFTY21MAY2420650CE.NFO,2024-04-19,11:50:00,2024-05-21,120.0,120.0,120.0,120.0,0,0,1
FINNIFTY21MAY2420650CE.NFO,2024-04-19,11:51:00,2024-05-21,120.0,120.0,120.0,120.0,0,0,1
FINNIFTY21MAY2420650CE.NFO,2024-04-19,11:52:00,2024-05-21,120.0,120.0,120.0,120.0,0,0,1
FINNIFTY21MAY2420650CE.NFO,2024-04-19,11:53:00,2024-05-21,120.0,120.0,120.0,120.0,0,0,1
FINNIFTY21MAY2420650CE.NFO,2024-04-19,11:54:00,2024-05-21,120.0,120.0,120.0,120.0,0,0,1
FINNIFTY21MAY2420650CE.NFO,2024-04-19,11:55:00,2024-05-21,120.0,120.0,120.0,120.0,0,0,1
FINNIFTY21MAY2420650CE.NFO,2024-04-19,11:56:00,2024-05-21,120.0,120.0,120.0,120.0,0,0,1
FINNIFTY21MAY2420650CE.NFO,2024-04-19,11:57:00,2024-05-21,120.0,120.0,120.0,120.0,0,0,1
FINNIFTY21MAY2420650CE.NFO,2024-04-19,11:58:00,2024-05-21,120.0,120.0,120.0,120.0,0,0,1
FINNIFTY21MAY2420650CE.NFO,2024-04-19,11:59:00,2024-05-21,120.0,120.0,120.0,120.0,0,0,1
FINNIFTY21MAY2420650CE.NFO,2024-04-19,12:00:00,2024-05-21,120.0,120.0,120.0,120.0,0,0,1
FINNIFTY21MAY2420650CE.NFO,2024-04-19,12:01:00,2024-05-21,120.0,120.0,120.0,120.0,0,0,1
FINNIFTY21MAY2420650CE.NFO,2024-04-19,12:02:00,2024-05-21,120.0,120.0,120.0,120.0,0,0,1
FINNIFTY21MAY2420650CE.NFO,2024-04-19,12:03:00,2024-05-21,120.0,120.0,120.0,120.0,0,0,1
FINNIFTY21MAY2420650CE.NFO,2024-04-19,12:04:00,2024-05-21,120.0,120.0,120.0,120.0,0,0,1
FINNIFTY21MAY2420650CE.NFO,2024-04-19,12:05:00,2024-05-21,120.0,120.0,120.0,120.0,0,0,1
FINNIFTY21MAY2420650CE.NFO,2024-04-19,12:06:00,2024-05-21,120.0,120.0,120.0,120.0,0,0,1
FINNIFTY21MAY2420650CE.NFO,2024-04-19,12:07:00,2024-05-21,120.0,120.0,120.0,120.0,0,0,1
FINNIFTY21MAY2420650CE.NFO,2024-04-19,12:08:00,2024-05-21,120.0,120.0,120.0,120.0,0,0,1
FINNIFTY21MAY2420650CE.NFO,2024-04-19,12:09:00,2024-05-21,120.0,120.0,120.0,120.0,0,0,1
FINNIFTY21MAY2420650CE.NFO,2024-04-19,12:10:00,2024-05-21,120.0,120.0,120.0,120.0,0,0,1
FINNIFTY21MAY2420650CE.NFO,2024-04-19,12:11:00,2024-05-21,120.0,120.0,120.0,120.0,0,0,1
FINNIFTY21MAY2420650CE.NFO,2024-04-19,12:12:00,2024-05-21,120.0,120.0,120.0,120.0,0,0,1
FINNIFTY21MAY2420650CE.NFO,2024-04-19,12:13:00,2024-05-21,120.0,120.0,120.0,120.0,0,0,1
FINNIFTY21MAY2420650CE.NFO,2024-04-19,12:14:00,2024-05-21,120.0,120.0,120.0,120.0,0,0,1
FINNIFTY21MAY2420650CE.NFO,2024-04-19,12:15:00,2024-05-21,120.0,120.0,120.0,120.0,0,0,1
FINNIFTY21MAY2420650CE.NFO,2024-04-19,12:16:00,2024-05-21,120.0,120.0,120.0,120.0,0,0,1
FINNIFTY21MAY2420650CE.NFO,2024-04-19,12:17:00,2024-05-21,120.0,120.0,120.0,120.0,0,0,1
FINNIFTY21MAY2420650CE.NFO,2024-04-19,12:18:00,2024-05-21,120.0,120.0,120.0,120.0,0,0,1
FINNIFTY21MAY2420650CE.NFO,2024-04-19,12:19:00,2024-05-21,120.0,120.0,120.0,120.0,0,0,1
FINNIFTY21MAY2420650CE.NFO,2024-04-19,12:20:00,2024-05-21,120.0,120.0,120.0,120.0,0,0,1
FINNIFTY21MAY2420650CE.NFO,2024-04-19,12:21:00,2024-05-21,120.0,120.0,120.0,120.0,0,0,1
FINNIFTY21MAY2420650CE.NFO,2024-04-19,12:22:00,2024-05-21,120.0,120.0,120.0,120.0,0,0,1
FINNIFTY21MAY2420650CE.NFO,2024-04-19,12:23:00,2024-05-21,120.0,120.0,120.0,120.0,0,0,1
FINNIFTY21MAY2420650CE.NFO,2024-04-19,12:24:00,2024-05-21,120.0,120.0,120.0,120.0,0,0,1
FINNIFTY21MAY2420650CE.NFO,2024-04-19,12:25:00,2024-05-21,120.0,120.0,120.0,120.0,0,0,1
FINNIFTY21MAY2420650CE.NFO,2024-04-19,12:26:00,2024-05-21,120.0,120.0,120.0,120.0,0,0,1
FINNIFTY21MAY2420650CE.NFO,2024-04-19,12:27:00,2024-05-21,120.0,120.0,120.0,120.0,0,0,1
FINNIFTY21MAY2420650CE.NFO,2024-04-19,12:28:00,2024-05-21,120.0,120.0,120.0,120.0,0,0,1
FINNIFTY21MAY2420650CE.NFO,2024-04-19,12:29:00,2024-05-21,120.0,120.0,120.0,120.0,0,0,1
FINNIFTY21MAY2420650CE.NFO,2024-04-19,12:30:00,2024-05-21,120.0,120.0,120.0,120.0,0,0,1
FINNIFTY21MAY2420650CE.NFO,2024-04-19,12:31:00,2024-05-21,120.0,120.0,120.0,120.0,0,0,1
FINNIFTY21MAY2420650CE.NFO,2024-04-19,12:32:00,2024-05-21,120.0,120.0,120.0,120.0,0,0,1
FINNIFTY21MAY2420650CE.NFO,2024-04-19,12:33:00,2024-05-21,120.0,120.0,120.0,120.0,0,0,1
FINNIFTY21MAY2420650CE.NFO,2024-04-19,12:34:00,2024-05-21,120.0,120.0,120.0,120.0,0,0,1
FINNIFTY21MAY2420650CE.NFO,2024-04-19,12:35:00,2024-05-21,120.0,120.0,120.0,120.0,0,0,1
FINNIFTY21MAY2420650CE.NFO,2024-04-19,12:36:00,2024-05-21,120.0,120.0,120.0,120.0,0,0,1
FINNIFTY21MAY2420650CE.NFO,2024-04-19,12:37:00,2024-05-21,120.0,120.0,120.0,120.0,0,0,1
FINNIFTY21MAY2420650CE.NFO,2024-04-19,12:38:00,2024-05-21,120.0,120.0,120.0,120.0,0,0,1
FINNIFTY21MAY2420650CE.NFO,2024-04-19,12:39:00,2024-05-21,120.0,120.0,120.0,120.0,0,0,1
FINNIFTY21MAY2420650CE.NFO,2024-04-19,12:40:00,2024-05-21,120.0,120.0,120.0,120.0,0,0,1
FINNIFTY21MAY2420650CE.NFO,2024-04-19,12:41:00,2024-05-21,120.0,120.0,120.0,120.0,0,0,1
FINNIFTY21MAY2420650CE.NFO,2024-04-19,12:42:00,2024-05-21,120.0,120.0,120.0,120.0,0,0,1
FINNIFTY21MAY2420650CE.NFO,2024-04-19,12:43:00,2024-05-21,120.0,120.0,120.0,120.0,0,0,1
FINNIFTY21MAY2420650CE.NFO,2024-04-19,12:44:00,2024-05-21,120.0,120.0,120.0,120.0,0,0,1
FINNIFTY21MAY2420650CE.NFO,2024-04-19,12:45:00,2024-05-21,120.0,120.0,120.0,120.0,0,0,1
FINNIFTY21MAY2420650CE.NFO,2024-04-19,12:46:00,2024-05-21,120.0,120.0,120.0,120.0,0,0,1
FINNIFTY21MAY2420650CE.NFO,2024-04-19,12:47:00,2024-05-21,120.0,120.0,120.0,120.0,0,0,1
FINNIFTY21MAY2420650CE.NFO,2024-04-19,12:48:00,2024-05-21,120.0,120.0,120.0,120.0,0,0,1
FINNIFTY21MAY2420650CE.NFO,2024-04-19,12:49:00,2024-05-21,120.0,120.0,120.0,120.0,0,0,1
FINNIFTY21MAY2420650CE.NFO,2024-04-19,12:50:00,2024-05-21,120.0,120.0,120.0,120.0,0,0,1
FINNIFTY21MAY2420650CE.NFO,2024-04-19,12:51:00,2024-05-21,120.0,120.0,120.0,120.0,0,0,1
FINNIFTY21MAY2420650CE.NFO,2024-04-19,12:52:00,2024-05-21,120.0,120.0,120.0,120.0,0,0,1
FINNIFTY21MAY2420650CE.NFO,2024-04-19,12:53:00,2024-05-21,120.0,120.0,120.0,120.0,0,0,1
FINNIFTY21MAY2420650CE.NFO,2024-04-19,12:54:00,2024-05-21,120.0,120.0,120.0,120.0,0,0,1
FINNIFTY21MAY2420650CE.NFO,2024-04-19,12:55:00,2024-05-21,120.0,120.0,120.0,120.0,0,0,1
FINNIFTY21MAY2420650CE.NFO,2024-04-19,12:56:00,2024-05-21,120.0,120.0,120.0,120.0,0,0,1
FINNIFTY21MAY2420650CE.NFO,2024-04-19,12:57:00,2024-05-21,120.0,120.0,120.0,120.0,0,0,1
FINNIFTY21MAY2420650CE.NFO,2024-04-19,12:58:00,2024-05-21,120.0,120.0,120.0,120.0,0,0,1
FINNIFTY21MAY2420650CE.NFO,2024-04-19,12:59:00,2024-05-21,120.0,120.0,120.0,120.0,0,0,1
FINNIFTY21MAY2420650CE.NFO,2024-04-19,13:00:00,2024-05-21,120.0,120.0,120.0,120.0,0,0,1
FINNIFTY21MAY2420650CE.NFO,2024-04-19,13:01:00,2024-05-21,120.0,120.0,120.0,120.0,0,0,1
FINNIFTY21MAY2420650CE.NFO,2024-04-19,13:02:00,2024-05-21,120.0,120.0,120.0,120.0,0,0,1
FINNIFTY21MAY2420650CE.NFO,2024-04-19,13:03:00,2024-05-21,120.0,120.0,120.0,120.0,0,0,1
FINNIFTY21MAY2420650CE.NFO,2024-04-19,13:04:00,2024-05-21,120.0,120.0,120.0,120.0,0,0,1
FINNIFTY21MAY2420650CE.NFO,2024-04-19,13:05:00,2024-05-21,120.0,120.0,120.0,120.0,0,0,1
FINNIFTY21MAY2420650CE.NFO,2024-04-19,13:06:00,2024-05-21,120.0,120.0,120.0,120.0,0,0,1
FINNIFTY21MAY2420650CE.NFO,2024-04-19,13:07:00,2024-05-21,120.0,120.0,120.0,120.0,0,0,1
FINNIFTY21MAY2420650CE.NFO,2024-04-19,13:08:00,2024-05-21,120.0,120.0,120.0,120.0,0,0,1
FINNIFTY21MAY2420650CE.NFO,2024-04-19,13:09:00,2024-05-21,120.0,120.0,120.0,120.0,0,0,1
FINNIFTY21MAY2420650CE.NFO,2024-04-19,13:10:00,2024-05-21,120.0,120.0,120.0,120.0,0,0,1
FINNIFTY21MAY2420650CE.NFO,2024-04-19,13:11:00,2024-05-21,120.0,120.0,120.0,120.0,0,0,1
FINNIFTY21MAY2420650CE.NFO,2024-04-19,13:12:00,2024-05-21,120.0,120.0,120.0,120.0,0,0,1
FINNIFTY21MAY2420650CE.NFO,2024-04-19,13:13:00,2024-05-21,120.0,120.0,120.0,120.0,0,0,1
FINNIFTY21MAY2420650CE.NFO,2024-04-19,13:14:00,2024-05-21,120.0,120.0,120.0,120.0,0,0,1
FINNIFTY21MAY2420650CE.NFO,2024-04-19,13:15:00,2024-05-21,120.0,120.0,120.0,120.0,0,0,1
FINNIFTY21MAY2420650CE.NFO,2024-04-19,13:16:00,2024-05-21,120.0,120.0,120.0,120.0,0,0,1
FINNIFTY21MAY2420650CE.NFO,2024-04-19,13:17:00,2024-05-21,120.0,120.0,120.0,120.0,0,0,1
FINNIFTY21MAY2420650CE.NFO,2024-04-19,13:18:00,2024-05-21,120.0,120.0,120.0,120.0,0,0,1
FINNIFTY21MAY2420650CE.NFO,2024-04-19,13:19:00,2024-05-21,120.0,120.0,120.0,120.0,0,0,1
FINNIFTY21MAY2420650CE.NFO,2024-04-19,13:20:00,2024-05-21,120.0,120.0,120.0,120.0,0,0,1
FINNIFTY21MAY2420650CE.NFO,2024-04-19,13:21:00,2024-05-21,120.0,120.0,120.0,120.0,0,0,1
FINNIFTY21MAY2420650CE.NFO,2024-04-19,13:22:00,2024-05-21,120.0,120.0,120.0,120.0,0,0,1
FINNIFTY21MAY2420650CE.NFO,2024-04-19,13:23:00,2024-05-21,120.0,120.0,120.0,120.0,0,0,1
FINNIFTY21MAY2420650CE.NFO,2024-04-19,13:24:00,2024-05-21,120.0,120.0,120.0,120.0,0,0,1
FINNIFTY21MAY2420650CE.NFO,2024-04-19,13:25:00,2024-05-21,120.0,120.0,120.0,120.0,0,0,1
FINNIFTY21MAY2420650CE.NFO,2024-04-19,13:26:00,2024-05-21,120.0,120.0,120.0,120.0,0,0,1
FINNIFTY21MAY2420650CE.NFO,2024-04-19,13:27:00,2024-05-21,120.0,120.0,120.0,120.0,0,0,1
FINNIFTY21MAY2420650CE.NFO,2024-04-19,13:28:00,2024-05-21,120.0,120.0,120.0,120.0,0,0,1
FINNIFTY21MAY2420650CE.NFO,2024-04-19,13:29:00,2024-05-21,120.0,120.0,120.0,120.0,0,0,1
FINNIFTY21MAY2420650CE.NFO,2024-04-19,13:30:00,2024-05-21,120.0,120.0,120.0,120.0,0,0,1
FINNIFTY21MAY2420650CE.NFO,2024-04-19,13:31:00,2024-05-21,120.0,120.0,120.0,120.0,0,0,1
FINNIFTY21MAY2420650CE.NFO,2024-04-19,13:32:00,2024-05-21,120.0,120.0,120.0,120.0,0,0,1
FINNIFTY21MAY2420650CE.NFO,2024-04-19,13:33:00,2024-05-21,120.0,120.0,120.0,120.0,0,0,1
FINNIFTY21MAY2420650CE.NFO,2024-04-19,13:34:00,2024-05-21,120.0,120.0,120.0,120.0,0,0,1
FINNIFTY21MAY2420650CE.NFO,2024-04-19,13:35:00,2024-05-21,120.0,120.0,120.0,120.0,0,0,1
FINNIFTY21MAY2420650CE.NFO,2024-04-19,13:36:00,2024-05-21,120.0,120.0,120.0,120.0,0,0,1
FINNIFTY21MAY2420650CE.NFO,2024-04-19,13:37:00,2024-05-21,120.0,120.0,120.0,120.0,0,0,1
FINNIFTY21MAY2420650CE.NFO,2024-04-19,13:38:00,2024-05-21,120.0,120.0,120.0,120.0,0,0,1
FINNIFTY21MAY2420650CE.NFO,2024-04-19,13:39:00,2024-05-21,120.0,120.0,120.0,120.0,0,0,1
FINNIFTY21MAY2420650CE.NFO,2024-04-19,13:40:00,2024-05-21,120.0,120.0,120.0,120.0,0,0,1
FINNIFTY21MAY2420650CE.NFO,2024-04-19,13:41:00,2024-05-21,120.0,120.0,120.0,120.0,0,0,1
FINNIFTY21MAY2420650CE.NFO,2024-04-19,13:42:00,2024-05-21,120.0,120.0,120.0,120.0,0,0,1
FINNIFTY21MAY2420650CE.NFO,2024-04-19,13:43:00,2024-05-21,120.0,120.0,120.0,120.0,0,0,1
FINNIFTY21MAY2420650CE.NFO,2024-04-19,13:44:00,2024-05-21,120.0,120.0,120.0,120.0,0,0,1
FINNIFTY21MAY2420650CE.NFO,2024-04-19,13:45:00,2024-05-21,120.0,120.0,120.0,120.0,0,0,1
FINNIFTY21MAY2420650CE.NFO,2024-04-19,13:46:00,2024-05-21,120.0,120.0,120.0,120.0,0,0,1
FINNIFTY21MAY2420650CE.NFO,2024-04-19,13:47:00,2024-05-21,120.0,120.0,120.0,120.0,0,0,1
FINNIFTY21MAY2420650CE.NFO,2024-04-19,13:48:00,2024-05-21,120.0,120.0,120.0,120.0,0,0,1
FINNIFTY21MAY2420650CE.NFO,2024-04-19,13:49:00,2024-05-21,120.0,120.0,120.0,120.0,0,0,1
FINNIFTY21MAY2420650CE.NFO,2024-04-19,13:50:00,2024-05-21,120.0,120.0,120.0,120.0,0,0,1
FINNIFTY21MAY2420650CE.NFO,2024-04-19,13:51:00,2024-05-21,120.0,120.0,120.0,120.0,0,0,1
FINNIFTY21MAY2420650CE.NFO,2024-04-19,13:52:00,2024-05-21,120.0,120.0,120.0,120.0,0,0,1
FINNIFTY21MAY2420650CE.NFO,2024-04-19,13:53:00,2024-05-21,120.0,120.0,120.0,120.0,0,0,1
FINNIFTY21MAY2420650CE.NFO,2024-04-19,13:54:00,2024-05-21,120.0,120.0,120.0,120.0,0,0,1
FINNIFTY21MAY2420650CE.NFO,2024-04-19,13:55:00,2024-05-21,120.0,120.0,120.0,120.0,0,0,1
FINNIFTY21MAY2420650CE.NFO,2024-04-19,13:56:00,2024-05-21,120.0,120.0,120.0,120.0,0,0,1
FINNIFTY21MAY2420650CE.NFO,2024-04-19,13:57:00,2024-05-21,120.0,120.0,120.0,120.0,0,0,1
FINNIFTY21MAY2420650CE.NFO,2024-04-19,13:58:00,2024-05-21,120.0,120.0,120.0,120.0,0,0,1
FINNIFTY21MAY2420650CE.NFO,2024-04-19,13:59:00,2024-05-21,120.0,120.0,120.0,120.0,0,0,1
FINNIFTY21MAY2420650CE.NFO,2024-04-19,14:00:00,2024-05-21,120.0,120.0,120.0,120.0,0,0,1
FINNIFTY21MAY2420650CE.NFO,2024-04-19,14:01:00,2024-05-21,120.0,120.0,120.0,120.0,0,0,1
FINNIFTY21MAY2420650CE.NFO,2024-04-19,14:02:00,2024-05-21,120.0,120.0,120.0,120.0,0,0,1
FINNIFTY21MAY2420650CE.NFO,2024-04-19,14:03:00,2024-05-21,120.0,120.0,120.0,120.0,0,0,1
FINNIFTY21MAY2420650CE.NFO,2024-04-19,14:04:00,2024-05-21,120.0,120.0,120.0,120.0,0,0,1
FINNIFTY21MAY2420650CE.NFO,2024-04-19,14:05:00,2024-05-21,120.0,120.0,120.0,120.0,0,0,1
FINNIFTY21MAY2420650CE.NFO,2024-04-19,14:06:00,2024-05-21,120.0,120.0,120.0,120.0,0,0,1
FINNIFTY21MAY2420650CE.NFO,2024-04-19,14:07:00,2024-05-21,120.0,120.0,120.0,120.0,0,0,1
FINNIFTY21MAY2420650CE.NFO,2024-04-19,14:08:00,2024-05-21,120.0,120.0,120.0,120.0,0,0,1
FINNIFTY21MAY2420650CE.NFO,2024-04-19,14:09:00,2024-05-21,120.0,120.0,120.0,120.0,0,0,1
FINNIFTY21MAY2420650CE.NFO,2024-04-19,14:10:00,2024-05-21,120.0,120.0,120.0,120.0,0,0,1
FINNIFTY21MAY2420650CE.NFO,2024-04-19,14:11:00,2024-05-21,120.0,120.0,120.0,120.0,0,0,1
FINNIFTY21MAY2420650CE.NFO,2024-04-19,14:12:00,2024-05-21,120.0,120.0,120.0,120.0,0,0,1
FINNIFTY21MAY2420650CE.NFO,2024-04-19,14:13:00,2024-05-21,120.0,120.0,120.0,120.0,0,0,1
FINNIFTY21MAY2420650CE.NFO,2024-04-19,14:14:00,2024-05-21,120.0,120.0,120.0,120.0,0,0,1
FINNIFTY21MAY2420650CE.NFO,2024-04-19,14:15:00,2024-05-21,120.0,120.0,120.0,120.0,0,0,1
FINNIFTY21MAY2420650CE.NFO,2024-04-19,14:16:00,2024-05-21,120.0,120.0,120.0,120.0,0,0,1
FINNIFTY21MAY2420650CE.NFO,2024-04-19,14:17:00,2024-05-21,120.0,120.0,120.0,120.0,0,0,1
FINNIFTY21MAY2420650CE.NFO,2024-04-19,14:18:00,2024-05-21,120.0,120.0,120.0,120.0,0,0,1
FINNIFTY21MAY2420650CE.NFO,2024-04-19,14:19:00,2024-05-21,120.0,120.0,120.0,120.0,0,0,1
FINNIFTY21MAY2420650CE.NFO,2024-04-19,14:20:00,2024-05-21,120.0,120.0,120.0,120.0,0,0,1
FINNIFTY21MAY2420650CE.NFO,2024-04-19,14:21:00,2024-05-21,120.0,120.0,120.0,120.0,0,0,1
FINNIFTY21MAY2420650CE.NFO,2024-04-19,14:22:00,2024-05-21,120.0,120.0,120.0,120.0,0,0,1
FINNIFTY21MAY2420650CE.NFO,2024-04-19,14:23:00,2024-05-21,120.0,120.0,120.0,120.0,0,0,1
FINNIFTY21MAY2420650CE.NFO,2024-04-19,14:24:00,2024-05-21,120.0,120.0,120.0,120.0,0,0,1
FINNIFTY21MAY2420650CE.NFO,2024-04-19,14:25:00,2024-05-21,120.0,120.0,120.0,120.0,0,0,1
FINNIFTY21MAY2420650CE.NFO,2024-04-19,14:26:00,2024-05-21,120.0,120.0,120.0,120.0,0,0,1
FINNIFTY21MAY2420650CE.NFO,2024-04-19,14:27:00,2024-05-21,120.0,120.0,120.0,120.0,0,0,1
FINNIFTY21MAY2420650CE.NFO,2024-04-19,14:28:00,2024-05-21,120.0,120.0,120.0,120.0,0,0,1
FINNIFTY21MAY2420650CE.NFO,2024-04-19,14:29:00,2024-05-21,120.0,120.0,120.0,120.0,0,0,1
FINNIFTY21MAY2420650CE.NFO,2024-04-19,14:30:00,2024-05-21,120.0,120.0,120.0,120.0,0,0,1
FINNIFTY21MAY2420650CE.NFO,2024-04-19,14:31:00,2024-05-21,120.0,120.0,120.0,120.0,0,0,1
FINNIFTY21MAY2420650CE.NFO,2024-04-19,14:32:00,2024-05-21,120.0,120.0,120.0,120.0,0,0,1
FINNIFTY21MAY2420650CE.NFO,2024-04-19,14:33:00,2024-05-21,120.0,120.0,120.0,120.0,0,0,1
FINNIFTY21MAY2420650CE.NFO,2024-04-19,14:34:00,2024-05-21,120.0,120.0,120.0,120.0,0,0,1
FINNIFTY21MAY2420650CE.NFO,2024-04-19,14:35:00,2024-05-21,120.0,120.0,120.0,120.0,0,0,1
FINNIFTY21MAY2420650CE.NFO,2024-04-19,14:36:00,2024-05-21,120.0,120.0,120.0,120.0,0,0,1
FINNIFTY21MAY2420650CE.NFO,2024-04-19,14:37:00,2024-05-21,120.0,120.0,120.0,120.0,0,0,1
FINNIFTY21MAY2420650CE.NFO,2024-04-19,14:38:00,2024-05-21,120.0,120.0,120.0,120.0,0,0,1
FINNIFTY21MAY2420650CE.NFO,2024-04-19,14:39:00,2024-05-21,120.0,120.0,120.0,120.0,0,0,1
FINNIFTY21MAY2420650CE.NFO,2024-04-19,14:40:00,2024-05-21,120.0,120.0,120.0,120.0,0,0,1
FINNIFTY21MAY2420650CE.NFO,2024-04-19,14:41:00,2024-05-21,120.0,120.0,120.0,120.0,0,0,1
FINNIFTY21MAY2420650CE.NFO,2024-04-19,14:42:00,2024-05-21,120.0,120.0,120.0,120.0,0,0,1
FINNIFTY21MAY2420650CE.NFO,2024-04-19,14:43:00,2024-05-21,120.0,120.0,120.0,120.0,0,0,1
FINNIFTY21MAY2420650CE.NFO,2024-04-19,14:44:00,2024-05-21,120.0,120.0,120.0,120.0,0,0,1
FINNIFTY21MAY2420650CE.NFO,2024-04-19,14:45:00,2024-05-21,120.0,120.0,120.0,120.0,0,0,1
FINNIFTY21MAY2420650CE.NFO,2024-04-19,14:46:00,2024-05-21,120.0,120.0,120.0,120.0,0,0,1
FINNIFTY21MAY2420650CE.NFO,2024-04-19,14:47:00,2024-05-21,120.0,120.0,120.0,120.0,0,0,1
FINNIFTY21MAY2420650CE.NFO,2024-04-19,14:48:00,2024-05-21,120.0,120.0,120.0,120.0,0,0,1
FINNIFTY21MAY2420650CE.NFO,2024-04-19,14:49:00,2024-05-21,120.0,120.0,120.0,120.0,0,0,1
FINNIFTY21MAY2420650CE.NFO,2024-04-19,14:50:00,2024-05-21,120.0,120.0,120.0,120.0,0,0,1
FINNIFTY21MAY2420650CE.NFO,2024-04-19,14:51:00,2024-05-21,120.0,120.0,120.0,120.0,0,0,1
FINNIFTY21MAY2420650CE.NFO,2024-04-19,14:52:00,2024-05-21,120.0,120.0,120.0,120.0,0,0,1
FINNIFTY21MAY2420650CE.NFO,2024-04-19,14:53:00,2024-05-21,120.0,120.0,120.0,120.0,0,0,1
FINNIFTY21MAY2420650CE.NFO,2024-04-19,14:54:00,2024-05-21,120.0,120.0,120.0,120.0,0,0,1
FINNIFTY21MAY2420650CE.NFO,2024-04-19,14:55:00,2024-05-21,120.0,120.0,120.0,120.0,0,0,1
FINNIFTY21MAY2420650CE.NFO,2024-04-19,14:56:00,2024-05-21,120.0,120.0,120.0,120.0,0,0,1
FINNIFTY21MAY2420650CE.NFO,2024-04-19,14:57:00,2024-05-21,120.0,120.0,120.0,120.0,0,0,1
FINNIFTY21MAY2420650CE.NFO,2024-04-19,14:58:00,2024-05-21,120.0,120.0,120.0,120.0,0,0,1
FINNIFTY21MAY2420650CE.NFO,2024-04-19,14:59:00,2024-05-21,120.0,120.0,120.0,120.0,0,0,1
FINNIFTY21MAY2420650CE.NFO,2024-04-19,15:00:00,2024-05-21,120.0,120.0,120.0,120.0,0,0,1
FINNIFTY21MAY2420650CE.NFO,2024-04-19,15:01:00,2024-05-21,120.0,120.0,120.0,120.0,0,0,1
FINNIFTY21MAY2420650CE.NFO,2024-04-19,15:02:00,2024-05-21,120.0,120.0,120.0,120.0,0,0,1
FINNIFTY21MAY2420650CE.NFO,2024-04-19,15:03:00,2024-05-21,120.0,120.0,120.0,120.0,0,0,1
FINNIFTY21MAY2420650CE.NFO,2024-04-19,15:04:00,2024-05-21,120.0,120.0,120.0,120.0,0,0,1
FINNIFTY21MAY2420650CE.NFO,2024-04-19,15:05:00,2024-05-21,120.0,120.0,120.0,120.0,0,0,1
FINNIFTY21MAY2420650CE.NFO,2024-04-19,15:06:00,2024-05-21,120.0,120.0,120.0,120.0,0,0,1
FINNIFTY21MAY2420650CE.NFO,2024-04-19,15:07:00,2024-05-21,120.0,120.0,120.0,120.0,0,0,1
FINNIFTY21MAY2420650CE.NFO,2024-04-19,15:08:00,2024-05-21,120.0,120.0,120.0,120.0,0,0,1
FINNIFTY21MAY2420650CE.NFO,2024-04-19,15:09:00,2024-05-21,120.0,120.0,120.0,120.0,0,0,1
FINNIFTY21MAY2420650CE.NFO,2024-04-19,15:10:00,2024-05-21,120.0,120.0,120.0,120.0,0,0,1
FINNIFTY21MAY2420650CE.NFO,2024-04-19,15:11:00,2024-05-21,120.0,120.0,120.0,120.0,0,0,1
FINNIFTY21MAY2420650CE.NFO,2024-04-19,15:12:00,2024-05-21,120.0,120.0,120.0,120.0,0,0,1
FINNIFTY21MAY2420650CE.NFO,2024-04-19,15:13:00,2024-05-21,120.0,120.0,120.0,120.0,0,0,1
FINNIFTY21MAY2420650CE.NFO,2024-04-19,15:14:00,2024-05-21,120.0,120.0,120.0,120.0,0,0,1
FINNIFTY21MAY2420650CE.NFO,2024-04-19,15:15:00,2024-05-21,120.0,120.0,120.0,120.0,0,0,1
FINNIFTY21MAY2420650CE.NFO,2024-04-19,15:16:00,2024-05-21,120.0,120.0,120.0,120.0,0,0,1
FINNIFTY21MAY2420650CE.NFO,2024-04-19,15:17:00,2024-05-21,120.0,120.0,120.0,120.0,0,0,1
FINNIFTY21MAY2420650CE.NFO,2024-04-19,15:18:00,2024-05-21,120.0,120.0,120.0,120.0,0,0,1
FINNIFTY21MAY2420650CE.NFO,2024-04-19,15:19:00,2024-05-21,120.0,120.0,120.0,120.0,0,0,1
FINNIFTY21MAY2420650CE.NFO,2024-04-19,15:20:00,2024-05-21,120.0,120.0,120.0,120.0,0,0,1
FINNIFTY21MAY2420650CE.NFO,2024-04-19,15:21:00,2024-05-21,120.0,120.0,120.0,120.0,0,0,1
FINNIFTY21MAY2420650CE.NFO,2024-04-19,15:22:00,2024-05-21,120.0,120.0,120.0,120.0,0,0,1
FINNIFTY21MAY2420650CE.NFO,2024-04-19,15:23:00,2024-05-21,120.0,120.0,120.0,120.0,0,0,1
FINNIFTY21MAY2420650CE.NFO,2024-04-19,15:24:00,2024-05-21,120.0,120.0,120.0,120.0,0,0,1
FINNIFTY21MAY2420650CE.NFO,2024-04-19,15:25:00,2024-05-21,120.0,120.0,120.0,120.0,0,0,1
FINNIFTY21MAY2420650CE.NFO,2024-04-19,15:26:00,2024-05-21,120.0,120.0,120.0,120.0,0,0,1
FINNIFTY21MAY2420650CE.NFO,2024-04-19,15:27:00,2024-05-21,120.0,120.0,120.0,120.0,0,0,1
FINNIFTY21MAY2420650CE.NFO,2024-04-19,15:28:00,2024-05-21,120.0,120.0,120.0,120.0,0,0,1
FINNIFTY21MAY2420650CE.NFO,2024-04-19,15:29:00,2024-05-21,120.0,120.0,120.0,120.0,0,0,1
FINNIFTY21MAY2420650CE.NFO,2024-04-19,15:30:00,2024-05-21,120.0,120.0,120.0,120.0,0,0,1
FINNIFTY21MAY2420650CE.NFO,2024-04-22,09:15:00,2024-05-21,120.0,120.0,120.0,120.0,0,0,0
FINNIFTY21MAY2420650CE.NFO,2024-04-22,09:16:00,2024-05-21,120.0,120.0,120.0,120.0,0,0,1
FINNIFTY21MAY2420650CE.NFO,2024-04-22,09:17:00,2024-05-21,120.0,120.0,120.0,120.0,0,0,1
FINNIFTY21MAY2420650CE.NFO,2024-04-22,09:18:00,2024-05-21,120.0,120.0,120.0,120.0,0,0,1
FINNIFTY21MAY2420650CE.NFO,2024-04-22,09:19:00,2024-05-21,120.0,120.0,120.0,120.0,0,0,1
FINNIFTY21MAY2420650CE.NFO,2024-04-22,09:20:00,2024-05-21,120.0,120.0,120.0,120.0,0,0,1
FINNIFTY21MAY2420650CE.NFO,2024-04-22,09:21:00,2024-05-21,120.0,120.0,120.0,120.0,0,0,1
FINNIFTY21MAY2420650CE.NFO,2024-04-22,09:22:00,2024-05-21,120.0,120.0,120.0,120.0,0,0,1
FINNIFTY21MAY2420650CE.NFO,2024-04-22,09:23:00,2024-05-21,120.0,120.0,120.0,120.0,0,0,1
FINNIFTY21MAY2420650CE.NFO,2024-04-22,09:24:00,2024-05-21,120.0,120.0,120.0,120.0,0,0,1
FINNIFTY21MAY2420650CE.NFO,2024-04-22,09:25:00,2024-05-21,120.0,120.0,120.0,120.0,0,0,1
FINNIFTY21MAY2420650CE.NFO,2024-04-22,09:26:00,2024-05-21,120.0,120.0,120.0,120.0,0,0,1
FINNIFTY21MAY2420650CE.NFO,2024-04-22,09:27:00,2024-05-21,120.0,120.0,120.0,120.0,0,0,1
FINNIFTY21MAY2420650CE.NFO,2024-04-22,09:28:00,2024-05-21,120.0,120.0,120.0,120.0,0,0,1
FINNIFTY21MAY2420650CE.NFO,2024-04-22,09:29:00,2024-05-21,120.0,120.0,120.0,120.0,0,0,1
FINNIFTY21MAY2420650CE.NFO,2024-04-22,09:30:00,2024-05-21,120.0,120.0,120.0,120.0,0,0,1
FINNIFTY21MAY2420650CE.NFO,2024-04-22,09:31:00,2024-05-21,120.0,120.0,120.0,120.0,0,0,1
FINNIFTY21MAY2420650CE.NFO,2024-04-22,09:32:00,2024-05-21,120.0,120.0,120.0,120.0,0,0,1
FINNIFTY21MAY2420650CE.NFO,2024-04-22,09:33:00,2024-05-21,120.0,120.0,120.0,120.0,0,0,1
FINNIFTY21MAY2420650CE.NFO,2024-04-22,09:34:00,2024-05-21,120.0,120.0,120.0,120.0,0,0,1
FINNIFTY21MAY2420650CE.NFO,2024-04-22,09:35:00,2024-05-21,120.0,120.0,120.0,120.0,0,0,1
FINNIFTY21MAY2420650CE.NFO,2024-04-22,09:36:00,2024-05-21,120.0,120.0,120.0,120.0,0,0,1
FINNIFTY21MAY2420650CE.NFO,2024-04-22,09:37:00,2024-05-21,120.0,120.0,120.0,120.0,0,0,1
FINNIFTY21MAY2420650CE.NFO,2024-04-22,09:38:00,2024-05-21,120.0,120.0,120.0,120.0,0,0,1
FINNIFTY21MAY2420650CE.NFO,2024-04-22,09:39:00,2024-05-21,120.0,120.0,120.0,120.0,0,0,1
FINNIFTY21MAY2420650CE.NFO,2024-04-22,09:40:00,2024-05-21,120.0,120.0,120.0,120.0,0,0,1
FINNIFTY21MAY2420650CE.NFO,2024-04-22,09:41:00,2024-05-21,120.0,120.0,120.0,120.0,0,0,1
FINNIFTY21MAY2420650CE.NFO,2024-04-22,09:42:00,2024-05-21,120.0,120.0,120.0,120.0,0,0,1
FINNIFTY21MAY2420650CE.NFO,2024-04-22,09:43:00,2024-05-21,120.0,120.0,120.0,120.0,0,0,1
FINNIFTY21MAY2420650CE.NFO,2024-04-22,09:44:00,2024-05-21,120.0,120.0,120.0,120.0,0,0,1
FINNIFTY21MAY2420650CE.NFO,2024-04-22,09:45:00,2024-05-21,120.0,120.0,120.0,120.0,0,0,1
FINNIFTY21MAY2420650CE.NFO,2024-04-22,09:46:00,2024-05-21,120.0,120.0,120.0,120.0,0,0,1
FINNIFTY21MAY2420650CE.NFO,2024-04-22,09:47:00,2024-05-21,120.0,120.0,120.0,120.0,0,0,1
FINNIFTY21MAY2420650CE.NFO,2024-04-22,09:48:00,2024-05-21,120.0,120.0,120.0,120.0,0,0,1
FINNIFTY21MAY2420650CE.NFO,2024-04-22,09:49:00,2024-05-21,120.0,120.0,120.0,120.0,0,0,1
FINNIFTY21MAY2420650CE.NFO,2024-04-22,09:50:00,2024-05-21,120.0,120.0,120.0,120.0,0,0,1
FINNIFTY21MAY2420650CE.NFO,2024-04-22,09:51:00,2024-05-21,120.0,120.0,120.0,120.0,0,0,1
FINNIFTY21MAY2420650CE.NFO,2024-04-22,09:52:00,2024-05-21,120.0,120.0,120.0,120.0,0,0,1
FINNIFTY21MAY2420650CE.NFO,2024-04-22,09:53:00,2024-05-21,120.0,120.0,120.0,120.0,0,0,1
FINNIFTY21MAY2420650CE.NFO,2024-04-22,09:54:00,2024-05-21,120.0,120.0,120.0,120.0,0,0,1
FINNIFTY21MAY2420650CE.NFO,2024-04-22,09:55:00,2024-05-21,120.0,120.0,120.0,120.0,0,0,1
FINNIFTY21MAY2420650CE.NFO,2024-04-22,09:56:00,2024-05-21,120.0,120.0,120.0,120.0,0,0,1
FINNIFTY21MAY2420650CE.NFO,2024-04-22,09:57:00,2024-05-21,120.0,120.0,120.0,120.0,0,0,1
FINNIFTY21MAY2420650CE.NFO,2024-04-22,09:58:00,2024-05-21,120.0,120.0,120.0,120.0,0,0,1
FINNIFTY21MAY2420650CE.NFO,2024-04-22,09:59:00,2024-05-21,120.0,120.0,120.0,120.0,0,0,1
FINNIFTY21MAY2420650CE.NFO,2024-04-22,10:00:00,2024-05-21,120.0,120.0,120.0,120.0,0,0,1
FINNIFTY21MAY2420650CE.NFO,2024-04-22,10:01:00,2024-05-21,120.0,120.0,120.0,120.0,0,0,1
FINNIFTY21MAY2420650CE.NFO,2024-04-22,10:02:00,2024-05-21,120.0,120.0,120.0,120.0,0,0,1
FINNIFTY21MAY2420650CE.NFO,2024-04-22,10:03:00,2024-05-21,120.0,120.0,120.0,120.0,0,0,1
FINNIFTY21MAY2420650CE.NFO,2024-04-22,10:04:00,2024-05-21,120.0,120.0,120.0,120.0,0,0,1
FINNIFTY21MAY2420650CE.NFO,2024-04-22,10:05:00,2024-05-21,120.0,120.0,120.0,120.0,0,0,1
FINNIFTY21MAY2420650CE.NFO,2024-04-22,10:06:00,2024-05-21,120.0,120.0,120.0,120.0,0,0,1
FINNIFTY21MAY2420650CE.NFO,2024-04-22,10:07:00,2024-05-21,120.0,120.0,120.0,120.0,0,0,1
FINNIFTY21MAY2420650CE.NFO,2024-04-22,10:08:00,2024-05-21,120.0,120.0,120.0,120.0,0,0,1
FINNIFTY21MAY2420650CE.NFO,2024-04-22,10:09:00,2024-05-21,120.0,120.0,120.0,120.0,0,0,1
FINNIFTY21MAY2420650CE.NFO,2024-04-22,10:10:00,2024-05-21,120.0,120.0,120.0,120.0,0,0,1
FINNIFTY21MAY2420650CE.NFO,2024-04-22,10:11:00,2024-05-21,120.0,120.0,120.0,120.0,0,0,1
FINNIFTY21MAY2420650CE.NFO,2024-04-22,10:12:00,2024-05-21,120.0,120.0,120.0,120.0,0,0,1
FINNIFTY21MAY2420650CE.NFO,2024-04-22,10:13:00,2024-05-21,120.0,120.0,120.0,120.0,0,0,1
FINNIFTY21MAY2420650CE.NFO,2024-04-22,10:14:00,2024-05-21,120.0,120.0,120.0,120.0,0,0,1
FINNIFTY21MAY2420650CE.NFO,2024-04-22,10:15:00,2024-05-21,120.0,120.0,120.0,120.0,0,0,1
FINNIFTY21MAY2420650CE.NFO,2024-04-22,10:16:00,2024-05-21,120.0,120.0,120.0,120.0,0,0,1
FINNIFTY21MAY2420650CE.NFO,2024-04-22,10:17:00,2024-05-21,120.0,120.0,120.0,120.0,0,0,1
FINNIFTY21MAY2420650CE.NFO,2024-04-22,10:18:00,2024-05-21,120.0,120.0,120.0,120.0,0,0,1
FINNIFTY21MAY2420650CE.NFO,2024-04-22,10:19:00,2024-05-21,120.0,120.0,120.0,120.0,0,0,1
FINNIFTY21MAY2420650CE.NFO,2024-04-22,10:20:00,2024-05-21,120.0,120.0,120.0,120.0,0,0,1
FINNIFTY21MAY2420650CE.NFO,2024-04-22,10:21:00,2024-05-21,120.0,120.0,120.0,120.0,0,0,1
FINNIFTY21MAY2420650CE.NFO,2024-04-22,10:22:00,2024-05-21,120.0,120.0,120.0,120.0,0,0,1
FINNIFTY21MAY2420650CE.NFO,2024-04-22,10:23:00,2024-05-21,120.0,120.0,120.0,120.0,0,0,1
FINNIFTY21MAY2420650CE.NFO,2024-04-22,10:24:00,2024-05-21,120.0,120.0,120.0,120.0,0,0,1
FINNIFTY21MAY2420650CE.NFO,2024-04-22,10:25:00,2024-05-21,120.0,120.0,120.0,120.0,0,0,1
FINNIFTY21MAY2420650CE.NFO,2024-04-22,10:26:00,2024-05-21,120.0,120.0,120.0,120.0,0,0,1
FINNIFTY21MAY2420650CE.NFO,2024-04-22,10:27:00,2024-05-21,120.0,120.0,120.0,120.0,0,0,1
FINNIFTY21MAY2420650CE.NFO,2024-04-22,10:28:00,2024-05-21,120.0,120.0,120.0,120.0,0,0,1
FINNIFTY21MAY2420650CE.NFO,2024-04-22,10:29:00,2024-05-21,120.0,120.0,120.0,120.0,0,0,1
FINNIFTY21MAY2420650CE.NFO,2024-04-22,10:30:00,2024-05-21,120.0,120.0,120.0,120.0,0,0,1
FINNIFTY21MAY2420650CE.NFO,2024-04-22,10:31:00,2024-05-21,120.0,120.0,120.0,120.0,0,0,1
FINNIFTY21MAY2420650CE.NFO,2024-04-22,10:32:00,2024-05-21,120.0,120.0,120.0,120.0,0,0,1
FINNIFTY21MAY2420650CE.NFO,2024-04-22,10:33:00,2024-05-21,120.0,120.0,120.0,120.0,0,0,1
FINNIFTY21MAY2420650CE.NFO,2024-04-22,10:34:00,2024-05-21,120.0,120.0,120.0,120.0,0,0,1
FINNIFTY21MAY2420650CE.NFO,2024-04-22,10:35:00,2024-05-21,120.0,120.0,120.0,120.0,0,0,1
FINNIFTY21MAY2420650CE.NFO,2024-04-22,10:36:00,2024-05-21,120.0,120.0,120.0,120.0,0,0,1
FINNIFTY21MAY2420650CE.NFO,2024-04-22,10:37:00,2024-05-21,120.0,120.0,120.0,120.0,0,0,1
FINNIFTY21MAY2420650CE.NFO,2024-04-22,10:38:00,2024-05-21,120.0,120.0,120.0,120.0,0,0,1
FINNIFTY21MAY2420650CE.NFO,2024-04-22,10:39:00,2024-05-21,120.0,120.0,120.0,120.0,0,0,1
FINNIFTY21MAY2420650CE.NFO,2024-04-22,10:40:00,2024-05-21,120.0,120.0,120.0,120.0,0,0,1
FINNIFTY21MAY2420650CE.NFO,2024-04-22,10:41:00,2024-05-21,120.0,120.0,120.0,120.0,0,0,1
FINNIFTY21MAY2420650CE.NFO,2024-04-22,10:42:00,2024-05-21,120.0,120.0,120.0,120.0,0,0,1
FINNIFTY21MAY2420650CE.NFO,2024-04-22,10:43:00,2024-05-21,120.0,120.0,120.0,120.0,0,0,1
FINNIFTY21MAY2420650CE.NFO,2024-04-22,10:44:00,2024-05-21,120.0,120.0,120.0,120.0,0,0,1
FINNIFTY21MAY2420650CE.NFO,2024-04-22,10:45:00,2024-05-21,120.0,120.0,120.0,120.0,0,0,1
FINNIFTY21MAY2420650CE.NFO,2024-04-22,10:46:00,2024-05-21,120.0,120.0,120.0,120.0,0,0,1
FINNIFTY21MAY2420650CE.NFO,2024-04-22,10:47:00,2024-05-21,120.0,120.0,120.0,120.0,0,0,1
FINNIFTY21MAY2420650CE.NFO,2024-04-22,10:48:00,2024-05-21,120.0,120.0,120.0,120.0,0,0,1
FINNIFTY21MAY2420650CE.NFO,2024-04-22,10:49:00,2024-05-21,120.0,120.0,120.0,120.0,0,0,1
FINNIFTY21MAY2420650CE.NFO,2024-04-22,10:50:00,2024-05-21,120.0,120.0,120.0,120.0,0,0,1
FINNIFTY21MAY2420650CE.NFO,2024-04-22,10:51:00,2024-05-21,120.0,120.0,120.0,120.0,0,0,1
FINNIFTY21MAY2420650CE.NFO,2024-04-22,10:52:00,2024-05-21,120.0,120.0,120.0,120.0,0,0,1
FINNIFTY21MAY2420650CE.NFO,2024-04-22,10:53:00,2024-05-21,120.0,120.0,120.0,120.0,0,0,1
FINNIFTY21MAY2420650CE.NFO,2024-04-22,10:54:00,2024-05-21,120.0,120.0,120.0,120.0,0,0,1
FINNIFTY21MAY2420650CE.NFO,2024-04-22,10:55:00,2024-05-21,120.0,120.0,120.0,120.0,0,0,1
FINNIFTY21MAY2420650CE.NFO,2024-04-22,10:56:00,2024-05-21,120.0,120.0,120.0,120.0,0,0,1
FINNIFTY21MAY2420650CE.NFO,2024-04-22,10:57:00,2024-05-21,120.0,120.0,120.0,120.0,0,0,1
FINNIFTY21MAY2420650CE.NFO,2024-04-22,10:58:00,2024-05-21,120.0,120.0,120.0,120.0,0,0,1
FINNIFTY21MAY2420650CE.NFO,2024-04-22,10:59:00,2024-05-21,120.0,120.0,120.0,120.0,0,0,1
FINNIFTY21MAY2420650CE.NFO,2024-04-22,11:00:00,2024-05-21,120.0,120.0,120.0,120.0,0,0,1
FINNIFTY21MAY2420650CE.NFO,2024-04-22,11:01:00,2024-05-21,120.0,120.0,120.0,120.0,0,0,1
FINNIFTY21MAY2420650CE.NFO,2024-04-22,11:02:00,2024-05-21,120.0,120.0,120.0,120.0,0,0,1
FINNIFTY21MAY2420650CE.NFO,2024-04-22,11:03:00,2024-05-21,120.0,120.0,120.0,120.0,0,0,1
FINNIFTY21MAY2420650CE.NFO,2024-04-22,11:04:00,2024-05-21,120.0,120.0,120.0,120.0,0,0,1
FINNIFTY21MAY2420650CE.NFO,2024-04-22,11:05:00,2024-05-21,120.0,120.0,120.0,120.0,0,0,1
FINNIFTY21MAY2420650CE.NFO,2024-04-22,11:06:00,2024-05-21,120.0,120.0,120.0,120.0,0,0,1
FINNIFTY21MAY2420650CE.NFO,2024-04-22,11:07:00,2024-05-21,120.0,120.0,120.0,120.0,0,0,1
FINNIFTY21MAY2420650CE.NFO,2024-04-22,11:08:00,2024-05-21,120.0,120.0,120.0,120.0,0,0,1
FINNIFTY21MAY2420650CE.NFO,2024-04-22,11:09:00,2024-05-21,120.0,120.0,120.0,120.0,0,0,1
FINNIFTY21MAY2420650CE.NFO,2024-04-22,11:10:00,2024-05-21,120.0,120.0,120.0,120.0,0,0,1
FINNIFTY21MAY2420650CE.NFO,2024-04-22,11:11:00,2024-05-21,120.0,120.0,120.0,120.0,0,0,1
FINNIFTY21MAY2420650CE.NFO,2024-04-22,11:12:00,2024-05-21,120.0,120.0,120.0,120.0,0,0,1
FINNIFTY21MAY2420650CE.NFO,2024-04-22,11:13:00,2024-05-21,120.0,120.0,120.0,120.0,0,0,1
FINNIFTY21MAY2420650CE.NFO,2024-04-22,11:14:00,2024-05-21,120.0,120.0,120.0,120.0,0,0,1
FINNIFTY21MAY2420650CE.NFO,2024-04-22,11:15:00,2024-05-21,120.0,120.0,120.0,120.0,0,0,1
FINNIFTY21MAY2420650CE.NFO,2024-04-22,11:16:00,2024-05-21,120.0,120.0,120.0,120.0,0,0,1
FINNIFTY21MAY2420650CE.NFO,2024-04-22,11:17:00,2024-05-21,120.0,120.0,120.0,120.0,0,0,1
FINNIFTY21MAY2420650CE.NFO,2024-04-22,11:18:00,2024-05-21,120.0,120.0,120.0,120.0,0,0,1
FINNIFTY21MAY2420650CE.NFO,2024-04-22,11:19:00,2024-05-21,120.0,120.0,120.0,120.0,0,0,1
FINNIFTY21MAY2420650CE.NFO,2024-04-22,11:20:00,2024-05-21,120.0,120.0,120.0,120.0,0,0,1
FINNIFTY21MAY2420650CE.NFO,2024-04-22,11:21:00,2024-05-21,120.0,120.0,120.0,120.0,0,0,1
FINNIFTY21MAY2420650CE.NFO,2024-04-22,11:22:00,2024-05-21,120.0,120.0,120.0,120.0,0,0,1
FINNIFTY21MAY2420650CE.NFO,2024-04-22,11:23:00,2024-05-21,120.0,120.0,120.0,120.0,0,0,1
FINNIFTY21MAY2420650CE.NFO,2024-04-22,11:24:00,2024-05-21,120.0,120.0,120.0,120.0,0,0,1
FINNIFTY21MAY2420650CE.NFO,2024-04-22,11:25:00,2024-05-21,120.0,120.0,120.0,120.0,0,0,1
FINNIFTY21MAY2420650CE.NFO,2024-04-22,11:26:00,2024-05-21,120.0,120.0,120.0,120.0,0,0,1
FINNIFTY21MAY2420650CE.NFO,2024-04-22,11:27:00,2024-05-21,120.0,120.0,120.0,120.0,0,0,1
FINNIFTY21MAY2420650CE.NFO,2024-04-22,11:28:00,2024-05-21,120.0,120.0,120.0,120.0,0,0,1
FINNIFTY21MAY2420650CE.NFO,2024-04-22,11:29:00,2024-05-21,120.0,120.0,120.0,120.0,0,0,1
FINNIFTY21MAY2420650CE.NFO,2024-04-22,11:30:00,2024-05-21,120.0,120.0,120.0,120.0,0,0,1
FINNIFTY21MAY2420650CE.NFO,2024-04-22,11:31:00,2024-05-21,120.0,120.0,120.0,120.0,0,0,1
FINNIFTY21MAY2420650CE.NFO,2024-04-22,11:32:00,2024-05-21,120.0,120.0,120.0,120.0,0,0,1
FINNIFTY21MAY2420650CE.NFO,2024-04-22,11:33:00,2024-05-21,120.0,120.0,120.0,120.0,0,0,1
FINNIFTY21MAY2420650CE.NFO,2024-04-22,11:34:00,2024-05-21,120.0,120.0,120.0,120.0,0,0,1
FINNIFTY21MAY2420650CE.NFO,2024-04-22,11:35:00,2024-05-21,120.0,120.0,120.0,120.0,0,0,1
FINNIFTY21MAY2420650CE.NFO,2024-04-22,11:36:00,2024-05-21,120.0,120.0,120.0,120.0,0,0,1
FINNIFTY21MAY2420650CE.NFO,2024-04-22,11:37:00,2024-05-21,120.0,120.0,120.0,120.0,0,0,1
FINNIFTY21MAY2420650CE.NFO,2024-04-22,11:38:00,2024-05-21,120.0,120.0,120.0,120.0,0,0,1
FINNIFTY21MAY2420650CE.NFO,2024-04-22,11:39:00,2024-05-21,120.0,120.0,120.0,120.0,0,0,1
FINNIFTY21MAY2420650CE.NFO,2024-04-22,11:40:00,2024-05-21,120.0,120.0,120.0,120.0,0,0,1
FINNIFTY21MAY2420650CE.NFO,2024-04-22,11:41:00,2024-05-21,120.0,120.0,120.0,120.0,0,0,1
FINNIFTY21MAY2420650CE.NFO,2024-04-22,11:42:00,2024-05-21,120.0,120.0,120.0,120.0,0,0,1
FINNIFTY21MAY2420650CE.NFO,2024-04-22,11:43:00,2024-05-21,120.0,120.0,120.0,120.0,0,0,1
FINNIFTY21MAY2420650CE.NFO,2024-04-22,11:44:00,2024-05-21,120.0,120.0,120.0,120.0,0,0,1
FINNIFTY21MAY2420650CE.NFO,2024-04-22,11:45:00,2024-05-21,120.0,120.0,120.0,120.0,0,0,1
FINNIFTY21MAY2420650CE.NFO,2024-04-22,11:46:00,2024-05-21,120.0,120.0,120.0,120.0,0,0,1
FINNIFTY21MAY2420650CE.NFO,2024-04-22,11:47:00,2024-05-21,120.0,120.0,120.0,120.0,0,0,1
FINNIFTY21MAY2420650CE.NFO,2024-04-22,11:48:00,2024-05-21,120.0,120.0,120.0,120.0,0,0,1
FINNIFTY21MAY2420650CE.NFO,2024-04-22,11:49:00,2024-05-21,120.0,120.0,120.0,120.0,0,0,1
FINNIFTY21MAY2420650CE.NFO,2024-04-22,11:50:00,2024-05-21,120.0,120.0,120.0,120.0,0,0,1
FINNIFTY21MAY2420650CE.NFO,2024-04-22,11:51:00,2024-05-21,120.0,120.0,120.0,120.0,0,0,1
FINNIFTY21MAY2420650CE.NFO,2024-04-22,11:52:00,2024-05-21,120.0,120.0,120.0,120.0,0,0,1
FINNIFTY21MAY2420650CE.NFO,2024-04-22,11:53:00,2024-05-21,120.0,120.0,120.0,120.0,0,0,1
FINNIFTY21MAY2420650CE.NFO,2024-04-22,11:54:00,2024-05-21,120.0,120.0,120.0,120.0,0,0,1
FINNIFTY21MAY2420650CE.NFO,2024-04-22,11:55:00,2024-05-21,120.0,120.0,120.0,120.0,0,0,1
FINNIFTY21MAY2420650CE.NFO,2024-04-22,11:56:00,2024-05-21,120.0,120.0,120.0,120.0,0,0,1
FINNIFTY21MAY2420650CE.NFO,2024-04-22,11:57:00,2024-05-21,120.0,120.0,120.0,120.0,0,0,1
FINNIFTY21MAY2420650CE.NFO,2024-04-22,11:58:00,2024-05-21,120.0,120.0,120.0,120.0,0,0,1
FINNIFTY21MAY2420650CE.NFO,2024-04-22,11:59:00,2024-05-21,120.0,120.0,120.0,120.0,0,0,1
FINNIFTY21MAY2420650CE.NFO,2024-04-22,12:00:00,2024-05-21,120.0,120.0,120.0,120.0,0,0,1
FINNIFTY21MAY2420650CE.NFO,2024-04-22,12:01:00,2024-05-21,120.0,120.0,120.0,120.0,0,0,1
FINNIFTY21MAY2420650CE.NFO,2024-04-22,12:02:00,2024-05-21,120.0,120.0,120.0,120.0,0,0,1
FINNIFTY21MAY2420650CE.NFO,2024-04-22,12:03:00,2024-05-21,120.0,120.0,120.0,120.0,0,0,1
FINNIFTY21MAY2420650CE.NFO,2024-04-22,12:04:00,2024-05-21,120.0,120.0,120.0,120.0,0,0,1
FINNIFTY21MAY2420650CE.NFO,2024-04-22,12:05:00,2024-05-21,120.0,120.0,120.0,120.0,0,0,1
FINNIFTY21MAY2420650CE.NFO,2024-04-22,12:06:00,2024-05-21,120.0,120.0,120.0,120.0,0,0,1
FINNIFTY21MAY2420650CE.NFO,2024-04-22,12:07:00,2024-05-21,120.0,120.0,120.0,120.0,0,0,1
FINNIFTY21MAY2420650CE.NFO,2024-04-22,12:08:00,2024-05-21,120.0,120.0,120.0,120.0,0,0,1
FINNIFTY21MAY2420650CE.NFO,2024-04-22,12:09:00,2024-05-21,120.0,120.0,120.0,120.0,0,0,1
FINNIFTY21MAY2420650CE.NFO,2024-04-22,12:10:00,2024-05-21,120.0,120.0,120.0,120.0,0,0,1
FINNIFTY21MAY2420650CE.NFO,2024-04-22,12:11:00,2024-05-21,120.0,120.0,120.0,120.0,0,0,1
FINNIFTY21MAY2420650CE.NFO,2024-04-22,12:12:00,2024-05-21,120.0,120.0,120.0,120.0,0,0,1
FINNIFTY21MAY2420650CE.NFO,2024-04-22,12:13:00,2024-05-21,120.0,120.0,120.0,120.0,0,0,1
FINNIFTY21MAY2420650CE.NFO,2024-04-22,12:14:00,2024-05-21,120.0,120.0,120.0,120.0,0,0,1
FINNIFTY21MAY2420650CE.NFO,2024-04-22,12:15:00,2024-05-21,120.0,120.0,120.0,120.0,0,0,1
FINNIFTY21MAY2420650CE.NFO,2024-04-22,12:16:00,2024-05-21,120.0,120.0,120.0,120.0,0,0,1
FINNIFTY21MAY2420650CE.NFO,2024-04-22,12:17:00,2024-05-21,120.0,120.0,120.0,120.0,0,0,1
FINNIFTY21MAY2420650CE.NFO,2024-04-22,12:18:00,2024-05-21,120.0,120.0,120.0,120.0,0,0,1
FINNIFTY21MAY2420650CE.NFO,2024-04-22,12:19:00,2024-05-21,120.0,120.0,120.0,120.0,0,0,1
FINNIFTY21MAY2420650CE.NFO,2024-04-22,12:20:00,2024-05-21,120.0,120.0,120.0,120.0,0,0,1
FINNIFTY21MAY2420650CE.NFO,2024-04-22,12:21:00,2024-05-21,120.0,120.0,120.0,120.0,0,0,1
FINNIFTY21MAY2420650CE.NFO,2024-04-22,12:22:00,2024-05-21,120.0,120.0,120.0,120.0,0,0,1
FINNIFTY21MAY2420650CE.NFO,2024-04-22,12:23:00,2024-05-21,120.0,120.0,120.0,120.0,0,0,1
FINNIFTY21MAY2420650CE.NFO,2024-04-22,12:24:00,2024-05-21,120.0,120.0,120.0,120.0,0,0,1
FINNIFTY21MAY2420650CE.NFO,2024-04-22,12:25:00,2024-05-21,120.0,120.0,120.0,120.0,0,0,1
FINNIFTY21MAY2420650CE.NFO,2024-04-22,12:26:00,2024-05-21,120.0,120.0,120.0,120.0,0,0,1
FINNIFTY21MAY2420650CE.NFO,2024-04-22,12:27:00,2024-05-21,120.0,120.0,120.0,120.0,0,0,1
FINNIFTY21MAY2420650CE.NFO,2024-04-22,12:28:00,2024-05-21,120.0,120.0,120.0,120.0,0,0,1
FINNIFTY21MAY2420650CE.NFO,2024-04-22,12:29:00,2024-05-21,120.0,120.0,120.0,120.0,0,0,1
FINNIFTY21MAY2420650CE.NFO,2024-04-22,12:30:00,2024-05-21,120.0,120.0,120.0,120.0,0,0,1
FINNIFTY21MAY2420650CE.NFO,2024-04-22,12:31:00,2024-05-21,120.0,120.0,120.0,120.0,0,0,1
FINNIFTY21MAY2420650CE.NFO,2024-04-22,12:32:00,2024-05-21,120.0,120.0,120.0,120.0,0,0,1
FINNIFTY21MAY2420650CE.NFO,2024-04-22,12:33:00,2024-05-21,120.0,120.0,120.0,120.0,0,0,1
FINNIFTY21MAY2420650CE.NFO,2024-04-22,12:34:00,2024-05-21,120.0,120.0,120.0,120.0,0,0,1
FINNIFTY21MAY2420650CE.NFO,2024-04-22,12:35:00,2024-05-21,120.0,120.0,120.0,120.0,0,0,1
FINNIFTY21MAY2420650CE.NFO,2024-04-22,12:36:00,2024-05-21,120.0,120.0,120.0,120.0,0,0,1
FINNIFTY21MAY2420650CE.NFO,2024-04-22,12:37:00,2024-05-21,120.0,120.0,120.0,120.0,0,0,1
FINNIFTY21MAY2420650CE.NFO,2024-04-22,12:38:00,2024-05-21,120.0,120.0,120.0,120.0,0,0,1
FINNIFTY21MAY2420650CE.NFO,2024-04-22,12:39:00,2024-05-21,120.0,120.0,120.0,120.0,0,0,1
FINNIFTY21MAY2420650CE.NFO,2024-04-22,12:40:00,2024-05-21,120.0,120.0,120.0,120.0,0,0,1
FINNIFTY21MAY2420650CE.NFO,2024-04-22,12:41:00,2024-05-21,120.0,120.0,120.0,120.0,0,0,1
FINNIFTY21MAY2420650CE.NFO,2024-04-22,12:42:00,2024-05-21,120.0,120.0,120.0,120.0,0,0,1
FINNIFTY21MAY2420650CE.NFO,2024-04-22,12:43:00,2024-05-21,120.0,120.0,120.0,120.0,0,0,1
FINNIFTY21MAY2420650CE.NFO,2024-04-22,12:44:00,2024-05-21,120.0,120.0,120.0,120.0,0,0,1
FINNIFTY21MAY2420650CE.NFO,2024-04-22,12:45:00,2024-05-21,120.0,120.0,120.0,120.0,0,0,1
FINNIFTY21MAY2420650CE.NFO,2024-04-22,12:46:00,2024-05-21,120.0,120.0,120.0,120.0,0,0,1
FINNIFTY21MAY2420650CE.NFO,2024-04-22,12:47:00,2024-05-21,120.0,120.0,120.0,120.0,0,0,1
FINNIFTY21MAY2420650CE.NFO,2024-04-22,12:48:00,2024-05-21,120.0,120.0,120.0,120.0,0,0,1
FINNIFTY21MAY2420650CE.NFO,2024-04-22,12:49:00,2024-05-21,120.0,120.0,120.0,120.0,0,0,1
FINNIFTY21MAY2420650CE.NFO,2024-04-22,12:50:00,2024-05-21,120.0,120.0,120.0,120.0,0,0,1
FINNIFTY21MAY2420650CE.NFO,2024-04-22,12:51:00,2024-05-21,120.0,120.0,120.0,120.0,0,0,1
FINNIFTY21MAY2420650CE.NFO,2024-04-22,12:52:00,2024-05-21,120.0,120.0,120.0,120.0,0,0,1
FINNIFTY21MAY2420650CE.NFO,2024-04-22,12:53:00,2024-05-21,120.0,120.0,120.0,120.0,0,0,1
FINNIFTY21MAY2420650CE.NFO,2024-04-22,12:54:00,2024-05-21,120.0,120.0,120.0,120.0,0,0,1
FINNIFTY21MAY2420650CE.NFO,2024-04-22,12:55:00,2024-05-21,120.0,120.0,120.0,120.0,0,0,1
FINNIFTY21MAY2420650CE.NFO,2024-04-22,12:56:00,2024-05-21,120.0,120.0,120.0,120.0,0,0,1
FINNIFTY21MAY2420650CE.NFO,2024-04-22,12:57:00,2024-05-21,120.0,120.0,120.0,120.0,0,0,1
FINNIFTY21MAY2420650CE.NFO,2024-04-22,12:58:00,2024-05-21,120.0,120.0,120.0,120.0,0,0,1
FINNIFTY21MAY2420650CE.NFO,2024-04-22,12:59:00,2024-05-21,120.0,120.0,120.0,120.0,0,0,1
FINNIFTY21MAY2420650CE.NFO,2024-04-22,13:00:00,2024-05-21,120.0,120.0,120.0,120.0,0,0,1
FINNIFTY21MAY2420650CE.NFO,2024-04-22,13:01:00,2024-05-21,120.0,120.0,120.0,120.0,0,0,1
FINNIFTY21MAY2420650CE.NFO,2024-04-22,13:02:00,2024-05-21,120.0,120.0,120.0,120.0,0,0,1
FINNIFTY21MAY2420650CE.NFO,2024-04-22,13:03:00,2024-05-21,120.0,120.0,120.0,120.0,0,0,1
FINNIFTY21MAY2420650CE.NFO,2024-04-22,13:04:00,2024-05-21,120.0,120.0,120.0,120.0,0,0,1
FINNIFTY21MAY2420650CE.NFO,2024-04-22,13:05:00,2024-05-21,120.0,120.0,120.0,120.0,0,0,1
FINNIFTY21MAY2420650CE.NFO,2024-04-22,13:06:00,2024-05-21,120.0,120.0,120.0,120.0,0,0,1
FINNIFTY21MAY2420650CE.NFO,2024-04-22,13:07:00,2024-05-21,120.0,120.0,120.0,120.0,0,0,1
FINNIFTY21MAY2420650CE.NFO,2024-04-22,13:08:00,2024-05-21,120.0,120.0,120.0,120.0,0,0,1
FINNIFTY21MAY2420650CE.NFO,2024-04-22,13:09:00,2024-05-21,120.0,120.0,120.0,120.0,0,0,1
FINNIFTY21MAY2420650CE.NFO,2024-04-22,13:10:00,2024-05-21,120.0,120.0,120.0,120.0,0,0,1
FINNIFTY21MAY2420650CE.NFO,2024-04-22,13:11:00,2024-05-21,120.0,120.0,120.0,120.0,0,0,1
FINNIFTY21MAY2420650CE.NFO,2024-04-22,13:12:00,2024-05-21,120.0,120.0,120.0,120.0,0,0,1
FINNIFTY21MAY2420650CE.NFO,2024-04-22,13:13:00,2024-05-21,120.0,120.0,120.0,120.0,0,0,1
FINNIFTY21MAY2420650CE.NFO,2024-04-22,13:14:00,2024-05-21,120.0,120.0,120.0,120.0,0,0,1
FINNIFTY21MAY2420650CE.NFO,2024-04-22,13:15:00,2024-05-21,120.0,120.0,120.0,120.0,0,0,1
FINNIFTY21MAY2420650CE.NFO,2024-04-22,13:16:00,2024-05-21,120.0,120.0,120.0,120.0,0,0,1
FINNIFTY21MAY2420650CE.NFO,2024-04-22,13:17:00,2024-05-21,120.0,120.0,120.0,120.0,0,0,1
FINNIFTY21MAY2420650CE.NFO,2024-04-22,13:18:00,2024-05-21,120.0,120.0,120.0,120.0,0,0,1
FINNIFTY21MAY2420650CE.NFO,2024-04-22,13:19:00,2024-05-21,120.0,120.0,120.0,120.0,0,0,1
FINNIFTY21MAY2420650CE.NFO,2024-04-22,13:20:00,2024-05-21,120.0,120.0,120.0,120.0,0,0,1
FINNIFTY21MAY2420650CE.NFO,2024-04-22,13:21:00,2024-05-21,120.0,120.0,120.0,120.0,0,0,1
FINNIFTY21MAY2420650CE.NFO,2024-04-22,13:22:00,2024-05-21,120.0,120.0,120.0,120.0,0,0,1
FINNIFTY21MAY2420650CE.NFO,2024-04-22,13:23:00,2024-05-21,120.0,120.0,120.0,120.0,0,0,1
FINNIFTY21MAY2420650CE.NFO,2024-04-22,13:24:00,2024-05-21,120.0,120.0,120.0,120.0,0,0,1
FINNIFTY21MAY2420650CE.NFO,2024-04-22,13:25:00,2024-05-21,120.0,120.0,120.0,120.0,0,0,1
FINNIFTY21MAY2420650CE.NFO,2024-04-22,13:26:00,2024-05-21,120.0,120.0,120.0,120.0,0,0,1
FINNIFTY21MAY2420650CE.NFO,2024-04-22,13:27:00,2024-05-21,120.0,120.0,120.0,120.0,0,0,1
FINNIFTY21MAY2420650CE.NFO,2024-04-22,13:28:00,2024-05-21,120.0,120.0,120.0,120.0,0,0,1
FINNIFTY21MAY2420650CE.NFO,2024-04-22,13:29:00,2024-05-21,120.0,120.0,120.0,120.0,0,0,1
FINNIFTY21MAY2420650CE.NFO,2024-04-22,13:30:00,2024-05-21,120.0,120.0,120.0,120.0,0,0,1
FINNIFTY21MAY2420650CE.NFO,2024-04-22,13:31:00,2024-05-21,120.0,120.0,120.0,120.0,0,0,1
FINNIFTY21MAY2420650CE.NFO,2024-04-22,13:32:00,2024-05-21,120.0,120.0,120.0,120.0,0,0,1
FINNIFTY21MAY2420650CE.NFO,2024-04-22,13:33:00,2024-05-21,120.0,120.0,120.0,120.0,0,0,1
FINNIFTY21MAY2420650CE.NFO,2024-04-22,13:34:00,2024-05-21,120.0,120.0,120.0,120.0,0,0,1
FINNIFTY21MAY2420650CE.NFO,2024-04-22,13:35:00,2024-05-21,120.0,120.0,120.0,120.0,0,0,1
FINNIFTY21MAY2420650CE.NFO,2024-04-22,13:36:00,2024-05-21,120.0,120.0,120.0,120.0,0,0,1
FINNIFTY21MAY2420650CE.NFO,2024-04-22,13:37:00,2024-05-21,120.0,120.0,120.0,120.0,0,0,1
FINNIFTY21MAY2420650CE.NFO,2024-04-22,13:38:00,2024-05-21,120.0,120.0,120.0,120.0,0,0,1
FINNIFTY21MAY2420650CE.NFO,2024-04-22,13:39:00,2024-05-21,120.0,120.0,120.0,120.0,0,0,1
FINNIFTY21MAY2420650CE.NFO,2024-04-22,13:40:00,2024-05-21,120.0,120.0,120.0,120.0,0,0,1
FINNIFTY21MAY2420650CE.NFO,2024-04-22,13:41:00,2024-05-21,120.0,120.0,120.0,120.0,0,0,1
FINNIFTY21MAY2420650CE.NFO,2024-04-22,13:42:00,2024-05-21,120.0,120.0,120.0,120.0,0,0,1
FINNIFTY21MAY2420650CE.NFO,2024-04-22,13:43:00,2024-05-21,120.0,120.0,120.0,120.0,0,0,1
FINNIFTY21MAY2420650CE.NFO,2024-04-22,13:44:00,2024-05-21,120.0,120.0,120.0,120.0,0,0,1
FINNIFTY21MAY2420650CE.NFO,2024-04-22,13:45:00,2024-05-21,120.0,120.0,120.0,120.0,0,0,1
FINNIFTY21MAY2420650CE.NFO,2024-04-22,13:46:00,2024-05-21,120.0,120.0,120.0,120.0,0,0,1
FINNIFTY21MAY2420650CE.NFO,2024-04-22,13:47:00,2024-05-21,120.0,120.0,120.0,120.0,0,0,1
FINNIFTY21MAY2420650CE.NFO,2024-04-22,13:48:00,2024-05-21,120.0,120.0,120.0,120.0,0,0,1
FINNIFTY21MAY2420650CE.NFO,2024-04-22,13:49:00,2024-05-21,120.0,120.0,120.0,120.0,0,0,1
FINNIFTY21MAY2420650CE.NFO,2024-04-22,13:50:00,2024-05-21,120.0,120.0,120.0,120.0,0,0,1
FINNIFTY21MAY2420650CE.NFO,2024-04-22,13:51:00,2024-05-21,120.0,120.0,120.0,120.0,0,0,1
FINNIFTY21MAY2420650CE.NFO,2024-04-22,13:52:00,2024-05-21,120.0,120.0,120.0,120.0,0,0,1
FINNIFTY21MAY2420650CE.NFO,2024-04-22,13:53:00,2024-05-21,120.0,120.0,120.0,120.0,0,0,1
FINNIFTY21MAY2420650CE.NFO,2024-04-22,13:54:00,2024-05-21,120.0,120.0,120.0,120.0,0,0,1
FINNIFTY21MAY2420650CE.NFO,2024-04-22,13:55:00,2024-05-21,120.0,120.0,120.0,120.0,0,0,1
FINNIFTY21MAY2420650CE.NFO,2024-04-22,13:56:00,2024-05-21,120.0,120.0,120.0,120.0,0,0,1
FINNIFTY21MAY2420650CE.NFO,2024-04-22,13:57:00,2024-05-21,120.0,120.0,120.0,120.0,0,0,1
FINNIFTY21MAY2420650CE.NFO,2024-04-22,13:58:00,2024-05-21,120.0,120.0,120.0,120.0,0,0,1
FINNIFTY21MAY2420650CE.NFO,2024-04-22,13:59:00,2024-05-21,120.0,120.0,120.0,120.0,0,0,1
FINNIFTY21MAY2420650CE.NFO,2024-04-22,14:00:00,2024-05-21,120.0,120.0,120.0,120.0,0,0,1
FINNIFTY21MAY2420650CE.NFO,2024-04-22,14:01:00,2024-05-21,120.0,120.0,120.0,120.0,0,0,1
FINNIFTY21MAY2420650CE.NFO,2024-04-22,14:02:00,2024-05-21,120.0,120.0,120.0,120.0,0,0,1
FINNIFTY21MAY2420650CE.NFO,2024-04-22,14:03:00,2024-05-21,120.0,120.0,120.0,120.0,0,0,1
FINNIFTY21MAY2420650CE.NFO,2024-04-22,14:04:00,2024-05-21,120.0,120.0,120.0,120.0,0,0,1
FINNIFTY21MAY2420650CE.NFO,2024-04-22,14:05:00,2024-05-21,120.0,120.0,120.0,120.0,0,0,1
FINNIFTY21MAY2420650CE.NFO,2024-04-22,14:06:00,2024-05-21,120.0,120.0,120.0,120.0,0,0,1
FINNIFTY21MAY2420650CE.NFO,2024-04-22,14:07:00,2024-05-21,120.0,120.0,120.0,120.0,0,0,1
FINNIFTY21MAY2420650CE.NFO,2024-04-22,14:08:00,2024-05-21,120.0,120.0,120.0,120.0,0,0,1
FINNIFTY21MAY2420650CE.NFO,2024-04-22,14:09:00,2024-05-21,120.0,120.0,120.0,120.0,0,0,1
FINNIFTY21MAY2420650CE.NFO,2024-04-22,14:10:00,2024-05-21,120.0,120.0,120.0,120.0,0,0,1
FINNIFTY21MAY2420650CE.NFO,2024-04-22,14:11:00,2024-05-21,120.0,120.0,120.0,120.0,0,0,1
FINNIFTY21MAY2420650CE.NFO,2024-04-22,14:12:00,2024-05-21,120.0,120.0,120.0,120.0,0,0,1
FINNIFTY21MAY2420650CE.NFO,2024-04-22,14:13:00,2024-05-21,120.0,120.0,120.0,120.0,0,0,1
FINNIFTY21MAY2420650CE.NFO,2024-04-22,14:14:00,2024-05-21,120.0,120.0,120.0,120.0,0,0,1
FINNIFTY21MAY2420650CE.NFO,2024-04-22,14:15:00,2024-05-21,120.0,120.0,120.0,120.0,0,0,1
FINNIFTY21MAY2420650CE.NFO,2024-04-22,14:16:00,2024-05-21,120.0,120.0,120.0,120.0,0,0,1
FINNIFTY21MAY2420650CE.NFO,2024-04-22,14:17:00,2024-05-21,120.0,120.0,120.0,120.0,0,0,1
FINNIFTY21MAY2420650CE.NFO,2024-04-22,14:18:00,2024-05-21,120.0,120.0,120.0,120.0,0,0,1
FINNIFTY21MAY2420650CE.NFO,2024-04-22,14:19:00,2024-05-21,120.0,120.0,120.0,120.0,0,0,1
FINNIFTY21MAY2420650CE.NFO,2024-04-22,14:20:00,2024-05-21,120.0,120.0,120.0,120.0,0,0,1
FINNIFTY21MAY2420650CE.NFO,2024-04-22,14:21:00,2024-05-21,120.0,120.0,120.0,120.0,0,0,1
FINNIFTY21MAY2420650CE.NFO,2024-04-22,14:22:00,2024-05-21,120.0,120.0,120.0,120.0,0,0,1
FINNIFTY21MAY2420650CE.NFO,2024-04-22,14:23:00,2024-05-21,120.0,120.0,120.0,120.0,0,0,1
FINNIFTY21MAY2420650CE.NFO,2024-04-22,14:24:00,2024-05-21,120.0,120.0,120.0,120.0,0,0,1
FINNIFTY21MAY2420650CE.NFO,2024-04-22,14:25:00,2024-05-21,120.0,120.0,120.0,120.0,0,0,1
FINNIFTY21MAY2420650CE.NFO,2024-04-22,14:26:00,2024-05-21,120.0,120.0,120.0,120.0,0,0,1
FINNIFTY21MAY2420650CE.NFO,2024-04-22,14:27:00,2024-05-21,120.0,120.0,120.0,120.0,0,0,1
FINNIFTY21MAY2420650CE.NFO,2024-04-22,14:28:00,2024-05-21,120.0,120.0,120.0,120.0,0,0,1
FINNIFTY21MAY2420650CE.NFO,2024-04-22,14:29:00,2024-05-21,120.0,120.0,120.0,120.0,0,0,1
FINNIFTY21MAY2420650CE.NFO,2024-04-22,14:30:00,2024-05-21,120.0,120.0,120.0,120.0,0,0,1
FINNIFTY21MAY2420650CE.NFO,2024-04-22,14:31:00,2024-05-21,120.0,120.0,120.0,120.0,0,0,1
FINNIFTY21MAY2420650CE.NFO,2024-04-22,14:32:00,2024-05-21,120.0,120.0,120.0,120.0,0,0,1
FINNIFTY21MAY2420650CE.NFO,2024-04-22,14:33:00,2024-05-21,120.0,120.0,120.0,120.0,0,0,1
FINNIFTY21MAY2420650CE.NFO,2024-04-22,14:34:00,2024-05-21,120.0,120.0,120.0,120.0,0,0,1
FINNIFTY21MAY2420650CE.NFO,2024-04-22,14:35:00,2024-05-21,120.0,120.0,120.0,120.0,0,0,1
FINNIFTY21MAY2420650CE.NFO,2024-04-22,14:36:00,2024-05-21,120.0,120.0,120.0,120.0,0,0,1
FINNIFTY21MAY2420650CE.NFO,2024-04-22,14:37:00,2024-05-21,120.0,120.0,120.0,120.0,0,0,1
FINNIFTY21MAY2420650CE.NFO,2024-04-22,14:38:00,2024-05-21,120.0,120.0,120.0,120.0,0,0,1
FINNIFTY21MAY2420650CE.NFO,2024-04-22,14:39:00,2024-05-21,120.0,120.0,120.0,120.0,0,0,1
FINNIFTY21MAY2420650CE.NFO,2024-04-22,14:40:00,2024-05-21,120.0,120.0,120.0,120.0,0,0,1
FINNIFTY21MAY2420650CE.NFO,2024-04-22,14:41:00,2024-05-21,120.0,120.0,120.0,120.0,0,0,1
FINNIFTY21MAY2420650CE.NFO,2024-04-22,14:42:00,2024-05-21,120.0,120.0,120.0,120.0,0,0,1
FINNIFTY21MAY2420650CE.NFO,2024-04-22,14:43:00,2024-05-21,120.0,120.0,120.0,120.0,0,0,1
FINNIFTY21MAY2420650CE.NFO,2024-04-22,14:44:00,2024-05-21,120.0,120.0,120.0,120.0,0,0,1
FINNIFTY21MAY2420650CE.NFO,2024-04-22,14:45:00,2024-05-21,120.0,120.0,120.0,120.0,0,0,1
FINNIFTY21MAY2420650CE.NFO,2024-04-22,14:46:00,2024-05-21,120.0,120.0,120.0,120.0,0,0,1
FINNIFTY21MAY2420650CE.NFO,2024-04-22,14:47:00,2024-05-21,120.0,120.0,120.0,120.0,0,0,1
FINNIFTY21MAY2420650CE.NFO,2024-04-22,14:48:00,2024-05-21,120.0,120.0,120.0,120.0,0,0,1
FINNIFTY21MAY2420650CE.NFO,2024-04-22,14:49:00,2024-05-21,120.0,120.0,120.0,120.0,0,0,1
FINNIFTY21MAY2420650CE.NFO,2024-04-22,14:50:00,2024-05-21,120.0,120.0,120.0,120.0,0,0,1
FINNIFTY21MAY2420650CE.NFO,2024-04-22,14:51:00,2024-05-21,120.0,120.0,120.0,120.0,0,0,1
FINNIFTY21MAY2420650CE.NFO,2024-04-22,14:52:00,2024-05-21,120.0,120.0,120.0,120.0,0,0,1
FINNIFTY21MAY2420650CE.NFO,2024-04-22,14:53:00,2024-05-21,120.0,120.0,120.0,120.0,0,0,1
FINNIFTY21MAY2420650CE.NFO,2024-04-22,14:54:00,2024-05-21,120.0,120.0,120.0,120.0,0,0,1
FINNIFTY21MAY2420650CE.NFO,2024-04-22,14:55:00,2024-05-21,120.0,120.0,120.0,120.0,0,0,1
FINNIFTY21MAY2420650CE.NFO,2024-04-22,14:56:00,2024-05-21,120.0,120.0,120.0,120.0,0,0,1
FINNIFTY21MAY2420650CE.NFO,2024-04-22,14:57:00,2024-05-21,120.0,120.0,120.0,120.0,0,0,1
FINNIFTY21MAY2420650CE.NFO,2024-04-22,14:58:00,2024-05-21,120.0,120.0,120.0,120.0,0,0,1
FINNIFTY21MAY2420650CE.NFO,2024-04-22,14:59:00,2024-05-21,120.0,120.0,120.0,120.0,0,0,1
FINNIFTY21MAY2420650CE.NFO,2024-04-22,15:00:00,2024-05-21,120.0,120.0,120.0,120.0,0,0,1
FINNIFTY21MAY2420650CE.NFO,2024-04-22,15:01:00,2024-05-21,120.0,120.0,120.0,120.0,0,0,1
FINNIFTY21MAY2420650CE.NFO,2024-04-22,15:02:00,2024-05-21,120.0,120.0,120.0,120.0,0,0,1
FINNIFTY21MAY2420650CE.NFO,2024-04-22,15:03:00,2024-05-21,120.0,120.0,120.0,120.0,0,0,1
FINNIFTY21MAY2420650CE.NFO,2024-04-22,15:04:00,2024-05-21,120.0,120.0,120.0,120.0,0,0,1
FINNIFTY21MAY2420650CE.NFO,2024-04-22,15:05:00,2024-05-21,120.0,120.0,120.0,120.0,0,0,1
FINNIFTY21MAY2420650CE.NFO,2024-04-22,15:06:00,2024-05-21,120.0,120.0,120.0,120.0,0,0,1
FINNIFTY21MAY2420650CE.NFO,2024-04-22,15:07:00,2024-05-21,120.0,120.0,120.0,120.0,0,0,1
FINNIFTY21MAY2420650CE.NFO,2024-04-22,15:08:00,2024-05-21,120.0,120.0,120.0,120.0,0,0,1
FINNIFTY21MAY2420650CE.NFO,2024-04-22,15:09:00,2024-05-21,120.0,120.0,120.0,120.0,0,0,1
FINNIFTY21MAY2420650CE.NFO,2024-04-22,15:10:00,2024-05-21,120.0,120.0,120.0,120.0,0,0,1
FINNIFTY21MAY2420650CE.NFO,2024-04-22,15:11:00,2024-05-21,120.0,120.0,120.0,120.0,0,0,1
FINNIFTY21MAY2420650CE.NFO,2024-04-22,15:12:00,2024-05-21,120.0,120.0,120.0,120.0,0,0,1
FINNIFTY21MAY2420650CE.NFO,2024-04-22,15:13:00,2024-05-21,120.0,120.0,120.0,120.0,0,0,1
FINNIFTY21MAY2420650CE.NFO,2024-04-22,15:14:00,2024-05-21,120.0,120.0,120.0,120.0,0,0,1
FINNIFTY21MAY2420650CE.NFO,2024-04-22,15:15:00,2024-05-21,120.0,120.0,120.0,120.0,0,0,1
FINNIFTY21MAY2420650CE.NFO,2024-04-22,15:16:00,2024-05-21,120.0,120.0,120.0,120.0,0,0,1
FINNIFTY21MAY2420650CE.NFO,2024-04-22,15:17:00,2024-05-21,120.0,120.0,120.0,120.0,0,0,1
FINNIFTY21MAY2420650CE.NFO,2024-04-22,15:18:00,2024-05-21,120.0,120.0,120.0,120.0,0,0,1
FINNIFTY21MAY2420650CE.NFO,2024-04-22,15:19:00,2024-05-21,120.0,120.0,120.0,120.0,0,0,1
FINNIFTY21MAY2420650CE.NFO,2024-04-22,15:20:00,2024-05-21,120.0,120.0,120.0,120.0,0,0,1
FINNIFTY21MAY2420650CE.NFO,2024-04-22,15:21:00,2024-05-21,120.0,120.0,120.0,120.0,0,0,1
FINNIFTY21MAY2420650CE.NFO,2024-04-22,15:22:00,2024-05-21,120.0,120.0,120.0,120.0,0,0,1
FINNIFTY21MAY2420650CE.NFO,2024-04-22,15:23:00,2024-05-21,120.0,120.0,120.0,120.0,0,0,1
FINNIFTY21MAY2420650CE.NFO,2024-04-22,15:24:00,2024-05-21,120.0,120.0,120.0,120.0,0,0,1
FINNIFTY21MAY2420650CE.NFO,2024-04-22,15:25:00,2024-05-21,120.0,120.0,120.0,120.0,0,0,1
FINNIFTY21MAY2420650CE.NFO,2024-04-22,15:26:00,2024-05-21,120.0,120.0,120.0,120.0,0,0,1
FINNIFTY21MAY2420650CE.NFO,2024-04-22,15:27:00,2024-05-21,120.0,120.0,120.0,120.0,0,0,1
FINNIFTY21MAY2420650CE.NFO,2024-04-22,15:28:00,2024-05-21,120.0,120.0,120.0,120.0,0,0,1
FINNIFTY21MAY2420650CE.NFO,2024-04-22,15:29:00,2024-05-21,120.0,120.0,120.0,120.0,0,0,1
FINNIFTY21MAY2420650CE.NFO,2024-04-22,15:30:00,2024-05-21,120.0,120.0,120.0,120.0,0,0,1
FINNIFTY21MAY2420650CE.NFO,2024-04-23,09:15:00,2024-05-21,120.0,120.0,120.0,120.0,0,0,0
FINNIFTY21MAY2420650CE.NFO,2024-04-23,09:16:00,2024-05-21,120.0,120.0,120.0,120.0,0,0,1
FINNIFTY21MAY2420650CE.NFO,2024-04-23,09:17:00,2024-05-21,120.0,120.0,120.0,120.0,0,0,1
FINNIFTY21MAY2420650CE.NFO,2024-04-23,09:18:00,2024-05-21,120.0,120.0,120.0,120.0,0,0,1
FINNIFTY21MAY2420650CE.NFO,2024-04-23,09:19:00,2024-05-21,120.0,120.0,120.0,120.0,0,0,1
FINNIFTY21MAY2420650CE.NFO,2024-04-23,09:20:00,2024-05-21,120.0,120.0,120.0,120.0,0,0,1
FINNIFTY21MAY2420650CE.NFO,2024-04-23,09:21:00,2024-05-21,120.0,120.0,120.0,120.0,0,0,1
FINNIFTY21MAY2420650CE.NFO,2024-04-23,09:22:00,2024-05-21,120.0,120.0,120.0,120.0,0,0,1
FINNIFTY21MAY2420650CE.NFO,2024-04-23,09:23:00,2024-05-21,120.0,120.0,120.0,120.0,0,0,1
FINNIFTY21MAY2420650CE.NFO,2024-04-23,09:24:00,2024-05-21,120.0,120.0,120.0,120.0,0,0,1
FINNIFTY21MAY2420650CE.NFO,2024-04-23,09:25:00,2024-05-21,120.0,120.0,120.0,120.0,0,0,1
FINNIFTY21MAY2420650CE.NFO,2024-04-23,09:26:00,2024-05-21,120.0,120.0,120.0,120.0,0,0,1
FINNIFTY21MAY2420650CE.NFO,2024-04-23,09:27:00,2024-05-21,120.0,120.0,120.0,120.0,0,0,1
FINNIFTY21MAY2420650CE.NFO,2024-04-23,09:28:00,2024-05-21,120.0,120.0,120.0,120.0,0,0,1
FINNIFTY21MAY2420650CE.NFO,2024-04-23,09:29:00,2024-05-21,120.0,120.0,120.0,120.0,0,0,1
FINNIFTY21MAY2420650CE.NFO,2024-04-23,09:30:00,2024-05-21,120.0,120.0,120.0,120.0,0,0,1
FINNIFTY21MAY2420650CE.NFO,2024-04-23,09:31:00,2024-05-21,120.0,120.0,120.0,120.0,0,0,1
FINNIFTY21MAY2420650CE.NFO,2024-04-23,09:32:00,2024-05-21,120.0,120.0,120.0,120.0,0,0,1
FINNIFTY21MAY2420650CE.NFO,2024-04-23,09:33:00,2024-05-21,120.0,120.0,120.0,120.0,0,0,1
FINNIFTY21MAY2420650CE.NFO,2024-04-23,09:34:00,2024-05-21,120.0,120.0,120.0,120.0,0,0,1
FINNIFTY21MAY2420650CE.NFO,2024-04-23,09:35:00,2024-05-21,120.0,120.0,120.0,120.0,0,0,1
FINNIFTY21MAY2420650CE.NFO,2024-04-23,09:36:00,2024-05-21,120.0,120.0,120.0,120.0,0,0,1
FINNIFTY21MAY2420650CE.NFO,2024-04-23,09:37:00,2024-05-21,120.0,120.0,120.0,120.0,0,0,1
FINNIFTY21MAY2420650CE.NFO,2024-04-23,09:38:00,2024-05-21,120.0,120.0,120.0,120.0,0,0,1
FINNIFTY21MAY2420650CE.NFO,2024-04-23,09:39:00,2024-05-21,120.0,120.0,120.0,120.0,0,0,1
FINNIFTY21MAY2420650CE.NFO,2024-04-23,09:40:00,2024-05-21,120.0,120.0,120.0,120.0,0,0,1
FINNIFTY21MAY2420650CE.NFO,2024-04-23,09:41:00,2024-05-21,120.0,120.0,120.0,120.0,0,0,1
FINNIFTY21MAY2420650CE.NFO,2024-04-23,09:42:00,2024-05-21,120.0,120.0,120.0,120.0,0,0,1
FINNIFTY21MAY2420650CE.NFO,2024-04-23,09:43:00,2024-05-21,120.0,120.0,120.0,120.0,0,0,1
FINNIFTY21MAY2420650CE.NFO,2024-04-23,09:44:00,2024-05-21,120.0,120.0,120.0,120.0,0,0,1
FINNIFTY21MAY2420650CE.NFO,2024-04-23,09:45:00,2024-05-21,120.0,120.0,120.0,120.0,0,0,1
FINNIFTY21MAY2420650CE.NFO,2024-04-23,09:46:00,2024-05-21,120.0,120.0,120.0,120.0,0,0,1
FINNIFTY21MAY2420650CE.NFO,2024-04-23,09:47:00,2024-05-21,120.0,120.0,120.0,120.0,0,0,1
FINNIFTY21MAY2420650CE.NFO,2024-04-23,09:48:00,2024-05-21,120.0,120.0,120.0,120.0,0,0,1
FINNIFTY21MAY2420650CE.NFO,2024-04-23,09:49:00,2024-05-21,120.0,120.0,120.0,120.0,0,0,1
FINNIFTY21MAY2420650CE.NFO,2024-04-23,09:50:00,2024-05-21,120.0,120.0,120.0,120.0,0,0,1
FINNIFTY21MAY2420650CE.NFO,2024-04-23,09:51:00,2024-05-21,120.0,120.0,120.0,120.0,0,0,1
FINNIFTY21MAY2420650CE.NFO,2024-04-23,09:52:00,2024-05-21,120.0,120.0,120.0,120.0,0,0,1
FINNIFTY21MAY2420650CE.NFO,2024-04-23,09:53:00,2024-05-21,120.0,120.0,120.0,120.0,0,0,1
FINNIFTY21MAY2420650CE.NFO,2024-04-23,09:54:00,2024-05-21,120.0,120.0,120.0,120.0,0,0,1
FINNIFTY21MAY2420650CE.NFO,2024-04-23,09:55:00,2024-05-21,120.0,120.0,120.0,120.0,0,0,1
FINNIFTY21MAY2420650CE.NFO,2024-04-23,09:56:00,2024-05-21,120.0,120.0,120.0,120.0,0,0,1
FINNIFTY21MAY2420650CE.NFO,2024-04-23,09:57:00,2024-05-21,120.0,120.0,120.0,120.0,0,0,1
FINNIFTY21MAY2420650CE.NFO,2024-04-23,09:58:00,2024-05-21,120.0,120.0,120.0,120.0,0,0,1
FINNIFTY21MAY2420650CE.NFO,2024-04-23,09:59:00,2024-05-21,120.0,120.0,120.0,120.0,0,0,1
FINNIFTY21MAY2420650CE.NFO,2024-04-23,10:00:00,2024-05-21,120.0,120.0,120.0,120.0,0,0,1
FINNIFTY21MAY2420650CE.NFO,2024-04-23,10:01:00,2024-05-21,120.0,120.0,120.0,120.0,0,0,1
FINNIFTY21MAY2420650CE.NFO,2024-04-23,10:02:00,2024-05-21,120.0,120.0,120.0,120.0,0,0,1
FINNIFTY21MAY2420650CE.NFO,2024-04-23,10:03:00,2024-05-21,120.0,120.0,120.0,120.0,0,0,1
FINNIFTY21MAY2420650CE.NFO,2024-04-23,10:04:00,2024-05-21,120.0,120.0,120.0,120.0,0,0,1
FINNIFTY21MAY2420650CE.NFO,2024-04-23,10:05:00,2024-05-21,120.0,120.0,120.0,120.0,0,0,1
FINNIFTY21MAY2420650CE.NFO,2024-04-23,10:06:00,2024-05-21,120.0,120.0,120.0,120.0,0,0,1
FINNIFTY21MAY2420650CE.NFO,2024-04-23,10:07:00,2024-05-21,120.0,120.0,120.0,120.0,0,0,1
FINNIFTY21MAY2420650CE.NFO,2024-04-23,10:08:00,2024-05-21,120.0,120.0,120.0,120.0,0,0,1
FINNIFTY21MAY2420650CE.NFO,2024-04-23,10:09:00,2024-05-21,120.0,120.0,120.0,120.0,0,0,1
FINNIFTY21MAY2420650CE.NFO,2024-04-23,10:10:00,2024-05-21,120.0,120.0,120.0,120.0,0,0,1
FINNIFTY21MAY2420650CE.NFO,2024-04-23,10:11:00,2024-05-21,120.0,120.0,120.0,120.0,0,0,1
FINNIFTY21MAY2420650CE.NFO,2024-04-23,10:12:00,2024-05-21,120.0,120.0,120.0,120.0,0,0,1
FINNIFTY21MAY2420650CE.NFO,2024-04-23,10:13:00,2024-05-21,120.0,120.0,120.0,120.0,0,0,1
FINNIFTY21MAY2420650CE.NFO,2024-04-23,10:14:00,2024-05-21,120.0,120.0,120.0,120.0,0,0,1
FINNIFTY21MAY2420650CE.NFO,2024-04-23,10:15:00,2024-05-21,120.0,120.0,120.0,120.0,0,0,1
FINNIFTY21MAY2420650CE.NFO,2024-04-23,10:16:00,2024-05-21,120.0,120.0,120.0,120.0,0,0,1
FINNIFTY21MAY2420650CE.NFO,2024-04-23,10:17:00,2024-05-21,120.0,120.0,120.0,120.0,0,0,1
FINNIFTY21MAY2420650CE.NFO,2024-04-23,10:18:00,2024-05-21,120.0,120.0,120.0,120.0,0,0,1
FINNIFTY21MAY2420650CE.NFO,2024-04-23,10:19:00,2024-05-21,120.0,120.0,120.0,120.0,0,0,1
FINNIFTY21MAY2420650CE.NFO,2024-04-23,10:20:00,2024-05-21,120.0,120.0,120.0,120.0,0,0,1
FINNIFTY21MAY2420650CE.NFO,2024-04-23,10:21:00,2024-05-21,120.0,120.0,120.0,120.0,0,0,1
FINNIFTY21MAY2420650CE.NFO,2024-04-23,10:22:00,2024-05-21,120.0,120.0,120.0,120.0,0,0,1
FINNIFTY21MAY2420650CE.NFO,2024-04-23,10:23:00,2024-05-21,120.0,120.0,120.0,120.0,0,0,1
FINNIFTY21MAY2420650CE.NFO,2024-04-23,10:24:00,2024-05-21,120.0,120.0,120.0,120.0,0,0,1
FINNIFTY21MAY2420650CE.NFO,2024-04-23,10:25:00,2024-05-21,120.0,120.0,120.0,120.0,0,0,1
FINNIFTY21MAY2420650CE.NFO,2024-04-23,10:26:00,2024-05-21,120.0,120.0,120.0,120.0,0,0,1
FINNIFTY21MAY2420650CE.NFO,2024-04-23,10:27:00,2024-05-21,120.0,120.0,120.0,120.0,0,0,1
FINNIFTY21MAY2420650CE.NFO,2024-04-23,10:28:00,2024-05-21,120.0,120.0,120.0,120.0,0,0,1
FINNIFTY21MAY2420650CE.NFO,2024-04-23,10:29:00,2024-05-21,120.0,120.0,120.0,120.0,0,0,1
FINNIFTY21MAY2420650CE.NFO,2024-04-23,10:30:00,2024-05-21,120.0,120.0,120.0,120.0,0,0,1
FINNIFTY21MAY2420650CE.NFO,2024-04-23,10:31:00,2024-05-21,120.0,120.0,120.0,120.0,0,0,1
FINNIFTY21MAY2420650CE.NFO,2024-04-23,10:32:00,2024-05-21,120.0,120.0,120.0,120.0,0,0,1
FINNIFTY21MAY2420650CE.NFO,2024-04-23,10:33:00,2024-05-21,120.0,120.0,120.0,120.0,0,0,1
FINNIFTY21MAY2420650CE.NFO,2024-04-23,10:34:00,2024-05-21,120.0,120.0,120.0,120.0,0,0,1
FINNIFTY21MAY2420650CE.NFO,2024-04-23,10:35:00,2024-05-21,120.0,120.0,120.0,120.0,0,0,1
FINNIFTY21MAY2420650CE.NFO,2024-04-23,10:36:00,2024-05-21,120.0,120.0,120.0,120.0,0,0,1
FINNIFTY21MAY2420650CE.NFO,2024-04-23,10:37:00,2024-05-21,120.0,120.0,120.0,120.0,0,0,1
FINNIFTY21MAY2420650CE.NFO,2024-04-23,10:38:00,2024-05-21,120.0,120.0,120.0,120.0,0,0,1
FINNIFTY21MAY2420650CE.NFO,2024-04-23,10:39:00,2024-05-21,120.0,120.0,120.0,120.0,0,0,1
FINNIFTY21MAY2420650CE.NFO,2024-04-23,10:40:00,2024-05-21,120.0,120.0,120.0,120.0,0,0,1
FINNIFTY21MAY2420650CE.NFO,2024-04-23,10:41:00,2024-05-21,120.0,120.0,120.0,120.0,0,0,1
FINNIFTY21MAY2420650CE.NFO,2024-04-23,10:42:00,2024-05-21,120.0,120.0,120.0,120.0,0,0,1
FINNIFTY21MAY2420650CE.NFO,2024-04-23,10:43:00,2024-05-21,120.0,120.0,120.0,120.0,0,0,1
FINNIFTY21MAY2420650CE.NFO,2024-04-23,10:44:00,2024-05-21,120.0,120.0,120.0,120.0,0,0,1
FINNIFTY21MAY2420650CE.NFO,2024-04-23,10:45:00,2024-05-21,120.0,120.0,120.0,120.0,0,0,1
FINNIFTY21MAY2420650CE.NFO,2024-04-23,10:46:00,2024-05-21,120.0,120.0,120.0,120.0,0,0,1
FINNIFTY21MAY2420650CE.NFO,2024-04-23,10:47:00,2024-05-21,120.0,120.0,120.0,120.0,0,0,1
FINNIFTY21MAY2420650CE.NFO,2024-04-23,10:48:00,2024-05-21,120.0,120.0,120.0,120.0,0,0,1
FINNIFTY21MAY2420650CE.NFO,2024-04-23,10:49:00,2024-05-21,120.0,120.0,120.0,120.0,0,0,1
FINNIFTY21MAY2420650CE.NFO,2024-04-23,10:50:00,2024-05-21,120.0,120.0,120.0,120.0,0,0,1
FINNIFTY21MAY2420650CE.NFO,2024-04-23,10:51:00,2024-05-21,120.0,120.0,120.0,120.0,0,0,1
FINNIFTY21MAY2420650CE.NFO,2024-04-23,10:52:00,2024-05-21,120.0,120.0,120.0,120.0,0,0,1
FINNIFTY21MAY2420650CE.NFO,2024-04-23,10:53:00,2024-05-21,120.0,120.0,120.0,120.0,0,0,1
FINNIFTY21MAY2420650CE.NFO,2024-04-23,10:54:00,2024-05-21,120.0,120.0,120.0,120.0,0,0,1
FINNIFTY21MAY2420650CE.NFO,2024-04-23,10:55:00,2024-05-21,120.0,120.0,120.0,120.0,0,0,1
FINNIFTY21MAY2420650CE.NFO,2024-04-23,10:56:00,2024-05-21,120.0,120.0,120.0,120.0,0,0,1
FINNIFTY21MAY2420650CE.NFO,2024-04-23,10:57:00,2024-05-21,120.0,120.0,120.0,120.0,0,0,1
FINNIFTY21MAY2420650CE.NFO,2024-04-23,10:58:00,2024-05-21,120.0,120.0,120.0,120.0,0,0,1
FINNIFTY21MAY2420650CE.NFO,2024-04-23,10:59:00,2024-05-21,120.0,120.0,120.0,120.0,0,0,1
FINNIFTY21MAY2420650CE.NFO,2024-04-23,11:00:00,2024-05-21,120.0,120.0,120.0,120.0,0,0,1
FINNIFTY21MAY2420650CE.NFO,2024-04-23,11:01:00,2024-05-21,120.0,120.0,120.0,120.0,0,0,1
FINNIFTY21MAY2420650CE.NFO,2024-04-23,11:02:00,2024-05-21,120.0,120.0,120.0,120.0,0,0,1
FINNIFTY21MAY2420650CE.NFO,2024-04-23,11:03:00,2024-05-21,120.0,120.0,120.0,120.0,0,0,1
FINNIFTY21MAY2420650CE.NFO,2024-04-23,11:04:00,2024-05-21,120.0,120.0,120.0,120.0,0,0,1
FINNIFTY21MAY2420650CE.NFO,2024-04-23,11:05:00,2024-05-21,120.0,120.0,120.0,120.0,0,0,1
FINNIFTY21MAY2420650CE.NFO,2024-04-23,11:06:00,2024-05-21,120.0,120.0,120.0,120.0,0,0,1
FINNIFTY21MAY2420650CE.NFO,2024-04-23,11:07:00,2024-05-21,120.0,120.0,120.0,120.0,0,0,1
FINNIFTY21MAY2420650CE.NFO,2024-04-23,11:08:00,2024-05-21,120.0,120.0,120.0,120.0,0,0,1
FINNIFTY21MAY2420650CE.NFO,2024-04-23,11:09:00,2024-05-21,120.0,120.0,120.0,120.0,0,0,1
FINNIFTY21MAY2420650CE.NFO,2024-04-23,11:10:00,2024-05-21,120.0,120.0,120.0,120.0,0,0,1
FINNIFTY21MAY2420650CE.NFO,2024-04-23,11:11:00,2024-05-21,120.0,120.0,120.0,120.0,0,0,1
FINNIFTY21MAY2420650CE.NFO,2024-04-23,11:12:00,2024-05-21,120.0,120.0,120.0,120.0,0,0,1
FINNIFTY21MAY2420650CE.NFO,2024-04-23,11:13:00,2024-05-21,120.0,120.0,120.0,120.0,0,0,1
FINNIFTY21MAY2420650CE.NFO,2024-04-23,11:14:00,2024-05-21,120.0,120.0,120.0,120.0,0,0,1
FINNIFTY21MAY2420650CE.NFO,2024-04-23,11:15:00,2024-05-21,120.0,120.0,120.0,120.0,0,0,1
FINNIFTY21MAY2420650CE.NFO,2024-04-23,11:16:00,2024-05-21,120.0,120.0,120.0,120.0,0,0,1
FINNIFTY21MAY2420650CE.NFO,2024-04-23,11:17:00,2024-05-21,120.0,120.0,120.0,120.0,0,0,1
FINNIFTY21MAY2420650CE.NFO,2024-04-23,11:18:00,2024-05-21,120.0,120.0,120.0,120.0,0,0,1
FINNIFTY21MAY2420650CE.NFO,2024-04-23,11:19:00,2024-05-21,120.0,120.0,120.0,120.0,0,0,1
FINNIFTY21MAY2420650CE.NFO,2024-04-23,11:20:00,2024-05-21,120.0,120.0,120.0,120.0,0,0,1
FINNIFTY21MAY2420650CE.NFO,2024-04-23,11:21:00,2024-05-21,120.0,120.0,120.0,120.0,0,0,1
FINNIFTY21MAY2420650CE.NFO,2024-04-23,11:22:00,2024-05-21,120.0,120.0,120.0,120.0,0,0,1
FINNIFTY21MAY2420650CE.NFO,2024-04-23,11:23:00,2024-05-21,120.0,120.0,120.0,120.0,0,0,1
FINNIFTY21MAY2420650CE.NFO,2024-04-23,11:24:00,2024-05-21,120.0,120.0,120.0,120.0,0,0,1
FINNIFTY21MAY2420650CE.NFO,2024-04-23,11:25:00,2024-05-21,120.0,120.0,120.0,120.0,0,0,1
FINNIFTY21MAY2420650CE.NFO,2024-04-23,11:26:00,2024-05-21,120.0,120.0,120.0,120.0,0,0,1
FINNIFTY21MAY2420650CE.NFO,2024-04-23,11:27:00,2024-05-21,120.0,120.0,120.0,120.0,0,0,1
FINNIFTY21MAY2420650CE.NFO,2024-04-23,11:28:00,2024-05-21,120.0,120.0,120.0,120.0,0,0,1
FINNIFTY21MAY2420650CE.NFO,2024-04-23,11:29:00,2024-05-21,120.0,120.0,120.0,120.0,0,0,1
FINNIFTY21MAY2420650CE.NFO,2024-04-23,11:30:00,2024-05-21,120.0,120.0,120.0,120.0,0,0,1
FINNIFTY21MAY2420650CE.NFO,2024-04-23,11:31:00,2024-05-21,120.0,120.0,120.0,120.0,0,0,1
FINNIFTY21MAY2420650CE.NFO,2024-04-23,11:32:00,2024-05-21,120.0,120.0,120.0,120.0,0,0,1
FINNIFTY21MAY2420650CE.NFO,2024-04-23,11:33:00,2024-05-21,120.0,120.0,120.0,120.0,0,0,1
FINNIFTY21MAY2420650CE.NFO,2024-04-23,11:34:00,2024-05-21,120.0,120.0,120.0,120.0,0,0,1
FINNIFTY21MAY2420650CE.NFO,2024-04-23,11:35:00,2024-05-21,120.0,120.0,120.0,120.0,0,0,1
FINNIFTY21MAY2420650CE.NFO,2024-04-23,11:36:00,2024-05-21,120.0,120.0,120.0,120.0,0,0,1
FINNIFTY21MAY2420650CE.NFO,2024-04-23,11:37:00,2024-05-21,120.0,120.0,120.0,120.0,0,0,1
FINNIFTY21MAY2420650CE.NFO,2024-04-23,11:38:00,2024-05-21,120.0,120.0,120.0,120.0,0,0,1
FINNIFTY21MAY2420650CE.NFO,2024-04-23,11:39:00,2024-05-21,120.0,120.0,120.0,120.0,0,0,1
FINNIFTY21MAY2420650CE.NFO,2024-04-23,11:40:00,2024-05-21,120.0,120.0,120.0,120.0,0,0,1
FINNIFTY21MAY2420650CE.NFO,2024-04-23,11:41:00,2024-05-21,120.0,120.0,120.0,120.0,0,0,1
FINNIFTY21MAY2420650CE.NFO,2024-04-23,11:42:00,2024-05-21,120.0,120.0,120.0,120.0,0,0,1
FINNIFTY21MAY2420650CE.NFO,2024-04-23,11:43:00,2024-05-21,120.0,120.0,120.0,120.0,0,0,1
FINNIFTY21MAY2420650CE.NFO,2024-04-23,11:44:00,2024-05-21,120.0,120.0,120.0,120.0,0,0,1
FINNIFTY21MAY2420650CE.NFO,2024-04-23,11:45:00,2024-05-21,120.0,120.0,120.0,120.0,0,0,1
FINNIFTY21MAY2420650CE.NFO,2024-04-23,11:46:00,2024-05-21,120.0,120.0,120.0,120.0,0,0,1
FINNIFTY21MAY2420650CE.NFO,2024-04-23,11:47:00,2024-05-21,120.0,120.0,120.0,120.0,0,0,1
FINNIFTY21MAY2420650CE.NFO,2024-04-23,11:48:00,2024-05-21,120.0,120.0,120.0,120.0,0,0,1
FINNIFTY21MAY2420650CE.NFO,2024-04-23,11:49:00,2024-05-21,120.0,120.0,120.0,120.0,0,0,1
FINNIFTY21MAY2420650CE.NFO,2024-04-23,11:50:00,2024-05-21,120.0,120.0,120.0,120.0,0,0,1
FINNIFTY21MAY2420650CE.NFO,2024-04-23,11:51:00,2024-05-21,120.0,120.0,120.0,120.0,0,0,1
FINNIFTY21MAY2420650CE.NFO,2024-04-23,11:52:00,2024-05-21,120.0,120.0,120.0,120.0,0,0,1
FINNIFTY21MAY2420650CE.NFO,2024-04-23,11:53:00,2024-05-21,120.0,120.0,120.0,120.0,0,0,1
FINNIFTY21MAY2420650CE.NFO,2024-04-23,11:54:00,2024-05-21,120.0,120.0,120.0,120.0,0,0,1
FINNIFTY21MAY2420650CE.NFO,2024-04-23,11:55:00,2024-05-21,120.0,120.0,120.0,120.0,0,0,1
FINNIFTY21MAY2420650CE.NFO,2024-04-23,11:56:00,2024-05-21,120.0,120.0,120.0,120.0,0,0,1
FINNIFTY21MAY2420650CE.NFO,2024-04-23,11:57:00,2024-05-21,120.0,120.0,120.0,120.0,0,0,1
FINNIFTY21MAY2420650CE.NFO,2024-04-23,11:58:00,2024-05-21,120.0,120.0,120.0,120.0,0,0,1
FINNIFTY21MAY2420650CE.NFO,2024-04-23,11:59:00,2024-05-21,120.0,120.0,120.0,120.0,0,0,1
FINNIFTY21MAY2420650CE.NFO,2024-04-23,12:00:00,2024-05-21,120.0,120.0,120.0,120.0,0,0,1
FINNIFTY21MAY2420650CE.NFO,2024-04-23,12:01:00,2024-05-21,120.0,120.0,120.0,120.0,0,0,1
FINNIFTY21MAY2420650CE.NFO,2024-04-23,12:02:00,2024-05-21,120.0,120.0,120.0,120.0,0,0,1
FINNIFTY21MAY2420650CE.NFO,2024-04-23,12:03:00,2024-05-21,120.0,120.0,120.0,120.0,0,0,1
FINNIFTY21MAY2420650CE.NFO,2024-04-23,12:04:00,2024-05-21,120.0,120.0,120.0,120.0,0,0,1
FINNIFTY21MAY2420650CE.NFO,2024-04-23,12:05:00,2024-05-21,120.0,120.0,120.0,120.0,0,0,1
FINNIFTY21MAY2420650CE.NFO,2024-04-23,12:06:00,2024-05-21,120.0,120.0,120.0,120.0,0,0,1
FINNIFTY21MAY2420650CE.NFO,2024-04-23,12:07:00,2024-05-21,120.0,120.0,120.0,120.0,0,0,1
FINNIFTY21MAY2420650CE.NFO,2024-04-23,12:08:00,2024-05-21,120.0,120.0,120.0,120.0,0,0,1
FINNIFTY21MAY2420650CE.NFO,2024-04-23,12:09:00,2024-05-21,120.0,120.0,120.0,120.0,0,0,1
FINNIFTY21MAY2420650CE.NFO,2024-04-23,12:10:00,2024-05-21,120.0,120.0,120.0,120.0,0,0,1
FINNIFTY21MAY2420650CE.NFO,2024-04-23,12:11:00,2024-05-21,120.0,120.0,120.0,120.0,0,0,1
FINNIFTY21MAY2420650CE.NFO,2024-04-23,12:12:00,2024-05-21,120.0,120.0,120.0,120.0,0,0,1
FINNIFTY21MAY2420650CE.NFO,2024-04-23,12:13:00,2024-05-21,120.0,120.0,120.0,120.0,0,0,1
FINNIFTY21MAY2420650CE.NFO,2024-04-23,12:14:00,2024-05-21,120.0,120.0,120.0,120.0,0,0,1
FINNIFTY21MAY2420650CE.NFO,2024-04-23,12:15:00,2024-05-21,120.0,120.0,120.0,120.0,0,0,1
FINNIFTY21MAY2420650CE.NFO,2024-04-23,12:16:00,2024-05-21,120.0,120.0,120.0,120.0,0,0,1
FINNIFTY21MAY2420650CE.NFO,2024-04-23,12:17:00,2024-05-21,120.0,120.0,120.0,120.0,0,0,1
FINNIFTY21MAY2420650CE.NFO,2024-04-23,12:18:00,2024-05-21,120.0,120.0,120.0,120.0,0,0,1
FINNIFTY21MAY2420650CE.NFO,2024-04-23,12:19:00,2024-05-21,120.0,120.0,120.0,120.0,0,0,1
FINNIFTY21MAY2420650CE.NFO,2024-04-23,12:20:00,2024-05-21,120.0,120.0,120.0,120.0,0,0,1
FINNIFTY21MAY2420650CE.NFO,2024-04-23,12:21:00,2024-05-21,120.0,120.0,120.0,120.0,0,0,1
FINNIFTY21MAY2420650CE.NFO,2024-04-23,12:22:00,2024-05-21,120.0,120.0,120.0,120.0,0,0,1
FINNIFTY21MAY2420650CE.NFO,2024-04-23,12:23:00,2024-05-21,120.0,120.0,120.0,120.0,0,0,1
FINNIFTY21MAY2420650CE.NFO,2024-04-23,12:24:00,2024-05-21,120.0,120.0,120.0,120.0,0,0,1
FINNIFTY21MAY2420650CE.NFO,2024-04-23,12:25:00,2024-05-21,120.0,120.0,120.0,120.0,0,0,1
FINNIFTY21MAY2420650CE.NFO,2024-04-23,12:26:00,2024-05-21,120.0,120.0,120.0,120.0,0,0,1
FINNIFTY21MAY2420650CE.NFO,2024-04-23,12:27:00,2024-05-21,120.0,120.0,120.0,120.0,0,0,1
FINNIFTY21MAY2420650CE.NFO,2024-04-23,12:28:00,2024-05-21,120.0,120.0,120.0,120.0,0,0,1
FINNIFTY21MAY2420650CE.NFO,2024-04-23,12:29:00,2024-05-21,120.0,120.0,120.0,120.0,0,0,1
FINNIFTY21MAY2420650CE.NFO,2024-04-23,12:30:00,2024-05-21,120.0,120.0,120.0,120.0,0,0,1
FINNIFTY21MAY2420650CE.NFO,2024-04-23,12:31:00,2024-05-21,120.0,120.0,120.0,120.0,0,0,1
FINNIFTY21MAY2420650CE.NFO,2024-04-23,12:32:00,2024-05-21,120.0,120.0,120.0,120.0,0,0,1
FINNIFTY21MAY2420650CE.NFO,2024-04-23,12:33:00,2024-05-21,120.0,120.0,120.0,120.0,0,0,1
FINNIFTY21MAY2420650CE.NFO,2024-04-23,12:34:00,2024-05-21,120.0,120.0,120.0,120.0,0,0,1
FINNIFTY21MAY2420650CE.NFO,2024-04-23,12:35:00,2024-05-21,120.0,120.0,120.0,120.0,0,0,1
FINNIFTY21MAY2420650CE.NFO,2024-04-23,12:36:00,2024-05-21,120.0,120.0,120.0,120.0,0,0,1
FINNIFTY21MAY2420650CE.NFO,2024-04-23,12:37:00,2024-05-21,120.0,120.0,120.0,120.0,0,0,1
FINNIFTY21MAY2420650CE.NFO,2024-04-23,12:38:00,2024-05-21,120.0,120.0,120.0,120.0,0,0,1
FINNIFTY21MAY2420650CE.NFO,2024-04-23,12:39:00,2024-05-21,120.0,120.0,120.0,120.0,0,0,1
FINNIFTY21MAY2420650CE.NFO,2024-04-23,12:40:00,2024-05-21,120.0,120.0,120.0,120.0,0,0,1
FINNIFTY21MAY2420650CE.NFO,2024-04-23,12:41:00,2024-05-21,120.0,120.0,120.0,120.0,0,0,1
FINNIFTY21MAY2420650CE.NFO,2024-04-23,12:42:00,2024-05-21,120.0,120.0,120.0,120.0,0,0,1
FINNIFTY21MAY2420650CE.NFO,2024-04-23,12:43:00,2024-05-21,120.0,120.0,120.0,120.0,0,0,1
FINNIFTY21MAY2420650CE.NFO,2024-04-23,12:44:00,2024-05-21,120.0,120.0,120.0,120.0,0,0,1
FINNIFTY21MAY2420650CE.NFO,2024-04-23,12:45:00,2024-05-21,120.0,120.0,120.0,120.0,0,0,1
FINNIFTY21MAY2420650CE.NFO,2024-04-23,12:46:00,2024-05-21,120.0,120.0,120.0,120.0,0,0,1
FINNIFTY21MAY2420650CE.NFO,2024-04-23,12:47:00,2024-05-21,120.0,120.0,120.0,120.0,0,0,1
FINNIFTY21MAY2420650CE.NFO,2024-04-23,12:48:00,2024-05-21,120.0,120.0,120.0,120.0,0,0,1
FINNIFTY21MAY2420650CE.NFO,2024-04-23,12:49:00,2024-05-21,120.0,120.0,120.0,120.0,0,0,1
FINNIFTY21MAY2420650CE.NFO,2024-04-23,12:50:00,2024-05-21,120.0,120.0,120.0,120.0,0,0,1
FINNIFTY21MAY2420650CE.NFO,2024-04-23,12:51:00,2024-05-21,120.0,120.0,120.0,120.0,0,0,1
FINNIFTY21MAY2420650CE.NFO,2024-04-23,12:52:00,2024-05-21,120.0,120.0,120.0,120.0,0,0,1
FINNIFTY21MAY2420650CE.NFO,2024-04-23,12:53:00,2024-05-21,120.0,120.0,120.0,120.0,0,0,1
FINNIFTY21MAY2420650CE.NFO,2024-04-23,12:54:00,2024-05-21,120.0,120.0,120.0,120.0,0,0,1
FINNIFTY21MAY2420650CE.NFO,2024-04-23,12:55:00,2024-05-21,120.0,120.0,120.0,120.0,0,0,1
FINNIFTY21MAY2420650CE.NFO,2024-04-23,12:56:00,2024-05-21,120.0,120.0,120.0,120.0,0,0,1
FINNIFTY21MAY2420650CE.NFO,2024-04-23,12:57:00,2024-05-21,120.0,120.0,120.0,120.0,0,0,1
FINNIFTY21MAY2420650CE.NFO,2024-04-23,12:58:00,2024-05-21,120.0,120.0,120.0,120.0,0,0,1
FINNIFTY21MAY2420650CE.NFO,2024-04-23,12:59:00,2024-05-21,120.0,120.0,120.0,120.0,0,0,1
FINNIFTY21MAY2420650CE.NFO,2024-04-23,13:00:00,2024-05-21,120.0,120.0,120.0,120.0,0,0,1
FINNIFTY21MAY2420650CE.NFO,2024-04-23,13:01:00,2024-05-21,120.0,120.0,120.0,120.0,0,0,1
FINNIFTY21MAY2420650CE.NFO,2024-04-23,13:02:00,2024-05-21,120.0,120.0,120.0,120.0,0,0,1
FINNIFTY21MAY2420650CE.NFO,2024-04-23,13:03:00,2024-05-21,120.0,120.0,120.0,120.0,0,0,1
FINNIFTY21MAY2420650CE.NFO,2024-04-23,13:04:00,2024-05-21,120.0,120.0,120.0,120.0,0,0,1
FINNIFTY21MAY2420650CE.NFO,2024-04-23,13:05:00,2024-05-21,120.0,120.0,120.0,120.0,0,0,1
FINNIFTY21MAY2420650CE.NFO,2024-04-23,13:06:00,2024-05-21,120.0,120.0,120.0,120.0,0,0,1
FINNIFTY21MAY2420650CE.NFO,2024-04-23,13:07:00,2024-05-21,120.0,120.0,120.0,120.0,0,0,1
FINNIFTY21MAY2420650CE.NFO,2024-04-23,13:08:00,2024-05-21,120.0,120.0,120.0,120.0,0,0,1
FINNIFTY21MAY2420650CE.NFO,2024-04-23,13:09:00,2024-05-21,120.0,120.0,120.0,120.0,0,0,1
FINNIFTY21MAY2420650CE.NFO,2024-04-23,13:10:00,2024-05-21,120.0,120.0,120.0,120.0,0,0,1
FINNIFTY21MAY2420650CE.NFO,2024-04-23,13:11:00,2024-05-21,120.0,120.0,120.0,120.0,0,0,1
FINNIFTY21MAY2420650CE.NFO,2024-04-23,13:12:00,2024-05-21,120.0,120.0,120.0,120.0,0,0,1
FINNIFTY21MAY2420650CE.NFO,2024-04-23,13:13:00,2024-05-21,120.0,120.0,120.0,120.0,0,0,1
FINNIFTY21MAY2420650CE.NFO,2024-04-23,13:14:00,2024-05-21,120.0,120.0,120.0,120.0,0,0,1
FINNIFTY21MAY2420650CE.NFO,2024-04-23,13:15:00,2024-05-21,120.0,120.0,120.0,120.0,0,0,1
FINNIFTY21MAY2420650CE.NFO,2024-04-23,13:16:00,2024-05-21,120.0,120.0,120.0,120.0,0,0,1
FINNIFTY21MAY2420650CE.NFO,2024-04-23,13:17:00,2024-05-21,120.0,120.0,120.0,120.0,0,0,1
FINNIFTY21MAY2420650CE.NFO,2024-04-23,13:18:00,2024-05-21,120.0,120.0,120.0,120.0,0,0,1
FINNIFTY21MAY2420650CE.NFO,2024-04-23,13:19:00,2024-05-21,120.0,120.0,120.0,120.0,0,0,1
FINNIFTY21MAY2420650CE.NFO,2024-04-23,13:20:00,2024-05-21,120.0,120.0,120.0,120.0,0,0,1
FINNIFTY21MAY2420650CE.NFO,2024-04-23,13:21:00,2024-05-21,120.0,120.0,120.0,120.0,0,0,1
FINNIFTY21MAY2420650CE.NFO,2024-04-23,13:22:00,2024-05-21,120.0,120.0,120.0,120.0,0,0,1
FINNIFTY21MAY2420650CE.NFO,2024-04-23,13:23:00,2024-05-21,120.0,120.0,120.0,120.0,0,0,1
FINNIFTY21MAY2420650CE.NFO,2024-04-23,13:24:00,2024-05-21,120.0,120.0,120.0,120.0,0,0,1
FINNIFTY21MAY2420650CE.NFO,2024-04-23,13:25:00,2024-05-21,120.0,120.0,120.0,120.0,0,0,1
FINNIFTY21MAY2420650CE.NFO,2024-04-23,13:26:00,2024-05-21,120.0,120.0,120.0,120.0,0,0,1
FINNIFTY21MAY2420650CE.NFO,2024-04-23,13:27:00,2024-05-21,120.0,120.0,120.0,120.0,0,0,1
FINNIFTY21MAY2420650CE.NFO,2024-04-23,13:28:00,2024-05-21,120.0,120.0,120.0,120.0,0,0,1
FINNIFTY21MAY2420650CE.NFO,2024-04-23,13:29:00,2024-05-21,120.0,120.0,120.0,120.0,0,0,1
FINNIFTY21MAY2420650CE.NFO,2024-04-23,13:30:00,2024-05-21,120.0,120.0,120.0,120.0,0,0,1
FINNIFTY21MAY2420650CE.NFO,2024-04-23,13:31:00,2024-05-21,120.0,120.0,120.0,120.0,0,0,1
FINNIFTY21MAY2420650CE.NFO,2024-04-23,13:32:00,2024-05-21,120.0,120.0,120.0,120.0,0,0,1
FINNIFTY21MAY2420650CE.NFO,2024-04-23,13:33:00,2024-05-21,120.0,120.0,120.0,120.0,0,0,1
FINNIFTY21MAY2420650CE.NFO,2024-04-23,13:34:00,2024-05-21,120.0,120.0,120.0,120.0,0,0,1
FINNIFTY21MAY2420650CE.NFO,2024-04-23,13:35:00,2024-05-21,120.0,120.0,120.0,120.0,0,0,1
FINNIFTY21MAY2420650CE.NFO,2024-04-23,13:36:00,2024-05-21,120.0,120.0,120.0,120.0,0,0,1
FINNIFTY21MAY2420650CE.NFO,2024-04-23,13:37:00,2024-05-21,120.0,120.0,120.0,120.0,0,0,1
FINNIFTY21MAY2420650CE.NFO,2024-04-23,13:38:00,2024-05-21,120.0,120.0,120.0,120.0,0,0,1
FINNIFTY21MAY2420650CE.NFO,2024-04-23,13:39:00,2024-05-21,120.0,120.0,120.0,120.0,0,0,1
FINNIFTY21MAY2420650CE.NFO,2024-04-23,13:40:00,2024-05-21,120.0,120.0,120.0,120.0,0,0,1
FINNIFTY21MAY2420650CE.NFO,2024-04-23,13:41:00,2024-05-21,120.0,120.0,120.0,120.0,0,0,1
FINNIFTY21MAY2420650CE.NFO,2024-04-23,13:42:00,2024-05-21,120.0,120.0,120.0,120.0,0,0,1
FINNIFTY21MAY2420650CE.NFO,2024-04-23,13:43:00,2024-05-21,120.0,120.0,120.0,120.0,0,0,1
FINNIFTY21MAY2420650CE.NFO,2024-04-23,13:44:00,2024-05-21,120.0,120.0,120.0,120.0,0,0,1
FINNIFTY21MAY2420650CE.NFO,2024-04-23,13:45:00,2024-05-21,120.0,120.0,120.0,120.0,0,0,1
FINNIFTY21MAY2420650CE.NFO,2024-04-23,13:46:00,2024-05-21,120.0,120.0,120.0,120.0,0,0,1
FINNIFTY21MAY2420650CE.NFO,2024-04-23,13:47:00,2024-05-21,120.0,120.0,120.0,120.0,0,0,1
FINNIFTY21MAY2420650CE.NFO,2024-04-23,13:48:00,2024-05-21,120.0,120.0,120.0,120.0,0,0,1
FINNIFTY21MAY2420650CE.NFO,2024-04-23,13:49:00,2024-05-21,120.0,120.0,120.0,120.0,0,0,1
FINNIFTY21MAY2420650CE.NFO,2024-04-23,13:50:00,2024-05-21,120.0,120.0,120.0,120.0,0,0,1
FINNIFTY21MAY2420650CE.NFO,2024-04-23,13:51:00,2024-05-21,120.0,120.0,120.0,120.0,0,0,1
FINNIFTY21MAY2420650CE.NFO,2024-04-23,13:52:00,2024-05-21,120.0,120.0,120.0,120.0,0,0,1
FINNIFTY21MAY2420650CE.NFO,2024-04-23,13:53:00,2024-05-21,120.0,120.0,120.0,120.0,0,0,1
FINNIFTY21MAY2420650CE.NFO,2024-04-23,13:54:00,2024-05-21,120.0,120.0,120.0,120.0,0,0,1
FINNIFTY21MAY2420650CE.NFO,2024-04-23,13:55:00,2024-05-21,120.0,120.0,120.0,120.0,0,0,1
FINNIFTY21MAY2420650CE.NFO,2024-04-23,13:56:00,2024-05-21,120.0,120.0,120.0,120.0,0,0,1
FINNIFTY21MAY2420650CE.NFO,2024-04-23,13:57:00,2024-05-21,120.0,120.0,120.0,120.0,0,0,1
FINNIFTY21MAY2420650CE.NFO,2024-04-23,13:58:00,2024-05-21,120.0,120.0,120.0,120.0,0,0,1
FINNIFTY21MAY2420650CE.NFO,2024-04-23,13:59:00,2024-05-21,120.0,120.0,120.0,120.0,0,0,1
FINNIFTY21MAY2420650CE.NFO,2024-04-23,14:00:00,2024-05-21,120.0,120.0,120.0,120.0,0,0,1
FINNIFTY21MAY2420650CE.NFO,2024-04-23,14:01:00,2024-05-21,120.0,120.0,120.0,120.0,0,0,1
FINNIFTY21MAY2420650CE.NFO,2024-04-23,14:02:00,2024-05-21,120.0,120.0,120.0,120.0,0,0,1
FINNIFTY21MAY2420650CE.NFO,2024-04-23,14:03:00,2024-05-21,120.0,120.0,120.0,120.0,0,0,1
FINNIFTY21MAY2420650CE.NFO,2024-04-23,14:04:00,2024-05-21,120.0,120.0,120.0,120.0,0,0,1
FINNIFTY21MAY2420650CE.NFO,2024-04-23,14:05:00,2024-05-21,120.0,120.0,120.0,120.0,0,0,1
FINNIFTY21MAY2420650CE.NFO,2024-04-23,14:06:00,2024-05-21,120.0,120.0,120.0,120.0,0,0,1
FINNIFTY21MAY2420650CE.NFO,2024-04-23,14:07:00,2024-05-21,120.0,120.0,120.0,120.0,0,0,1
FINNIFTY21MAY2420650CE.NFO,2024-04-23,14:08:00,2024-05-21,120.0,120.0,120.0,120.0,0,0,1
FINNIFTY21MAY2420650CE.NFO,2024-04-23,14:09:00,2024-05-21,120.0,120.0,120.0,120.0,0,0,1
FINNIFTY21MAY2420650CE.NFO,2024-04-23,14:10:00,2024-05-21,120.0,120.0,120.0,120.0,0,0,1
FINNIFTY21MAY2420650CE.NFO,2024-04-23,14:11:00,2024-05-21,120.0,120.0,120.0,120.0,0,0,1
FINNIFTY21MAY2420650CE.NFO,2024-04-23,14:12:00,2024-05-21,120.0,120.0,120.0,120.0,0,0,1
FINNIFTY21MAY2420650CE.NFO,2024-04-23,14:13:00,2024-05-21,120.0,120.0,120.0,120.0,0,0,1
FINNIFTY21MAY2420650CE.NFO,2024-04-23,14:14:00,2024-05-21,120.0,120.0,120.0,120.0,0,0,1
FINNIFTY21MAY2420650CE.NFO,2024-04-23,14:15:00,2024-05-21,120.0,120.0,120.0,120.0,0,0,1
FINNIFTY21MAY2420650CE.NFO,2024-04-23,14:16:00,2024-05-21,120.0,120.0,120.0,120.0,0,0,1
FINNIFTY21MAY2420650CE.NFO,2024-04-23,14:17:00,2024-05-21,120.0,120.0,120.0,120.0,0,0,1
FINNIFTY21MAY2420650CE.NFO,2024-04-23,14:18:00,2024-05-21,120.0,120.0,120.0,120.0,0,0,1
FINNIFTY21MAY2420650CE.NFO,2024-04-23,14:19:00,2024-05-21,120.0,120.0,120.0,120.0,0,0,1
FINNIFTY21MAY2420650CE.NFO,2024-04-23,14:20:00,2024-05-21,120.0,120.0,120.0,120.0,0,0,1
FINNIFTY21MAY2420650CE.NFO,2024-04-23,14:21:00,2024-05-21,120.0,120.0,120.0,120.0,0,0,1
FINNIFTY21MAY2420650CE.NFO,2024-04-23,14:22:00,2024-05-21,120.0,120.0,120.0,120.0,0,0,1
FINNIFTY21MAY2420650CE.NFO,2024-04-23,14:23:00,2024-05-21,120.0,120.0,120.0,120.0,0,0,1
FINNIFTY21MAY2420650CE.NFO,2024-04-23,14:24:00,2024-05-21,120.0,120.0,120.0,120.0,0,0,1
FINNIFTY21MAY2420650CE.NFO,2024-04-23,14:25:00,2024-05-21,120.0,120.0,120.0,120.0,0,0,1
FINNIFTY21MAY2420650CE.NFO,2024-04-23,14:26:00,2024-05-21,120.0,120.0,120.0,120.0,0,0,1
FINNIFTY21MAY2420650CE.NFO,2024-04-23,14:27:00,2024-05-21,120.0,120.0,120.0,120.0,0,0,1
FINNIFTY21MAY2420650CE.NFO,2024-04-23,14:28:00,2024-05-21,120.0,120.0,120.0,120.0,0,0,1
FINNIFTY21MAY2420650CE.NFO,2024-04-23,14:29:00,2024-05-21,120.0,120.0,120.0,120.0,0,0,1
FINNIFTY21MAY2420650CE.NFO,2024-04-23,14:30:00,2024-05-21,120.0,120.0,120.0,120.0,0,0,1
FINNIFTY21MAY2420650CE.NFO,2024-04-23,14:31:00,2024-05-21,120.0,120.0,120.0,120.0,0,0,1
FINNIFTY21MAY2420650CE.NFO,2024-04-23,14:32:00,2024-05-21,120.0,120.0,120.0,120.0,0,0,1
FINNIFTY21MAY2420650CE.NFO,2024-04-23,14:33:00,2024-05-21,120.0,120.0,120.0,120.0,0,0,1
FINNIFTY21MAY2420650CE.NFO,2024-04-23,14:34:00,2024-05-21,120.0,120.0,120.0,120.0,0,0,1
FINNIFTY21MAY2420650CE.NFO,2024-04-23,14:35:00,2024-05-21,120.0,120.0,120.0,120.0,0,0,1
FINNIFTY21MAY2420650CE.NFO,2024-04-23,14:36:00,2024-05-21,120.0,120.0,120.0,120.0,0,0,1
FINNIFTY21MAY2420650CE.NFO,2024-04-23,14:37:00,2024-05-21,120.0,120.0,120.0,120.0,0,0,1
FINNIFTY21MAY2420650CE.NFO,2024-04-23,14:38:00,2024-05-21,120.0,120.0,120.0,120.0,0,0,1
FINNIFTY21MAY2420650CE.NFO,2024-04-23,14:39:00,2024-05-21,120.0,120.0,120.0,120.0,0,0,1
FINNIFTY21MAY2420650CE.NFO,2024-04-23,14:40:00,2024-05-21,120.0,120.0,120.0,120.0,0,0,1
FINNIFTY21MAY2420650CE.NFO,2024-04-23,14:41:00,2024-05-21,120.0,120.0,120.0,120.0,0,0,1
FINNIFTY21MAY2420650CE.NFO,2024-04-23,14:42:00,2024-05-21,120.0,120.0,120.0,120.0,0,0,1
FINNIFTY21MAY2420650CE.NFO,2024-04-23,14:43:00,2024-05-21,120.0,120.0,120.0,120.0,0,0,1
FINNIFTY21MAY2420650CE.NFO,2024-04-23,14:44:00,2024-05-21,120.0,120.0,120.0,120.0,0,0,1
FINNIFTY21MAY2420650CE.NFO,2024-04-23,14:45:00,2024-05-21,120.0,120.0,120.0,120.0,0,0,1
FINNIFTY21MAY2420650CE.NFO,2024-04-23,14:46:00,2024-05-21,120.0,120.0,120.0,120.0,0,0,1
FINNIFTY21MAY2420650CE.NFO,2024-04-23,14:47:00,2024-05-21,120.0,120.0,120.0,120.0,0,0,1
FINNIFTY21MAY2420650CE.NFO,2024-04-23,14:48:00,2024-05-21,120.0,120.0,120.0,120.0,0,0,1
FINNIFTY21MAY2420650CE.NFO,2024-04-23,14:49:00,2024-05-21,120.0,120.0,120.0,120.0,0,0,1
FINNIFTY21MAY2420650CE.NFO,2024-04-23,14:50:00,2024-05-21,120.0,120.0,120.0,120.0,0,0,1
FINNIFTY21MAY2420650CE.NFO,2024-04-23,14:51:00,2024-05-21,120.0,120.0,120.0,120.0,0,0,1
FINNIFTY21MAY2420650CE.NFO,2024-04-23,14:52:00,2024-05-21,120.0,120.0,120.0,120.0,0,0,1
FINNIFTY21MAY2420650CE.NFO,2024-04-23,14:53:00,2024-05-21,120.0,120.0,120.0,120.0,0,0,1
FINNIFTY21MAY2420650CE.NFO,2024-04-23,14:54:00,2024-05-21,120.0,120.0,120.0,120.0,0,0,1
FINNIFTY21MAY2420650CE.NFO,2024-04-23,14:55:00,2024-05-21,120.0,120.0,120.0,120.0,0,0,1
FINNIFTY21MAY2420650CE.NFO,2024-04-23,14:56:00,2024-05-21,120.0,120.0,120.0,120.0,0,0,1
FINNIFTY21MAY2420650CE.NFO,2024-04-23,14:57:00,2024-05-21,120.0,120.0,120.0,120.0,0,0,1
FINNIFTY21MAY2420650CE.NFO,2024-04-23,14:58:00,2024-05-21,120.0,120.0,120.0,120.0,0,0,1
FINNIFTY21MAY2420650CE.NFO,2024-04-23,14:59:00,2024-05-21,120.0,120.0,120.0,120.0,0,0,1
FINNIFTY21MAY2420650CE.NFO,2024-04-23,15:00:00,2024-05-21,120.0,120.0,120.0,120.0,0,0,1
FINNIFTY21MAY2420650CE.NFO,2024-04-23,15:01:00,2024-05-21,120.0,120.0,120.0,120.0,0,0,1
FINNIFTY21MAY2420650CE.NFO,2024-04-23,15:02:00,2024-05-21,120.0,120.0,120.0,120.0,0,0,1
FINNIFTY21MAY2420650CE.NFO,2024-04-23,15:03:00,2024-05-21,120.0,120.0,120.0,120.0,0,0,1
FINNIFTY21MAY2420650CE.NFO,2024-04-23,15:04:00,2024-05-21,120.0,120.0,120.0,120.0,0,0,1
FINNIFTY21MAY2420650CE.NFO,2024-04-23,15:05:00,2024-05-21,120.0,120.0,120.0,120.0,0,0,1
FINNIFTY21MAY2420650CE.NFO,2024-04-23,15:06:00,2024-05-21,120.0,120.0,120.0,120.0,0,0,1
FINNIFTY21MAY2420650CE.NFO,2024-04-23,15:07:00,2024-05-21,120.0,120.0,120.0,120.0,0,0,1
FINNIFTY21MAY2420650CE.NFO,2024-04-23,15:08:00,2024-05-21,120.0,120.0,120.0,120.0,0,0,1
FINNIFTY21MAY2420650CE.NFO,2024-04-23,15:09:00,2024-05-21,120.0,120.0,120.0,120.0,0,0,1
FINNIFTY21MAY2420650CE.NFO,2024-04-23,15:10:00,2024-05-21,120.0,120.0,120.0,120.0,0,0,1
FINNIFTY21MAY2420650CE.NFO,2024-04-23,15:11:00,2024-05-21,120.0,120.0,120.0,120.0,0,0,1
FINNIFTY21MAY2420650CE.NFO,2024-04-23,15:12:00,2024-05-21,120.0,120.0,120.0,120.0,0,0,1
FINNIFTY21MAY2420650CE.NFO,2024-04-23,15:13:00,2024-05-21,120.0,120.0,120.0,120.0,0,0,1
FINNIFTY21MAY2420650CE.NFO,2024-04-23,15:14:00,2024-05-21,120.0,120.0,120.0,120.0,0,0,1
FINNIFTY21MAY2420650CE.NFO,2024-04-23,15:15:00,2024-05-21,120.0,120.0,120.0,120.0,0,0,1
FINNIFTY21MAY2420650CE.NFO,2024-04-23,15:16:00,2024-05-21,120.0,120.0,120.0,120.0,0,0,1
FINNIFTY21MAY2420650CE.NFO,2024-04-23,15:17:00,2024-05-21,120.0,120.0,120.0,120.0,0,0,1
FINNIFTY21MAY2420650CE.NFO,2024-04-23,15:18:00,2024-05-21,120.0,120.0,120.0,120.0,0,0,1
FINNIFTY21MAY2420650CE.NFO,2024-04-23,15:19:00,2024-05-21,120.0,120.0,120.0,120.0,0,0,1
FINNIFTY21MAY2420650CE.NFO,2024-04-23,15:20:00,2024-05-21,120.0,120.0,120.0,120.0,0,0,1
FINNIFTY21MAY2420650CE.NFO,2024-04-23,15:21:00,2024-05-21,120.0,120.0,120.0,120.0,0,0,1
FINNIFTY21MAY2420650CE.NFO,2024-04-23,15:22:00,2024-05-21,120.0,120.0,120.0,120.0,0,0,1
FINNIFTY21MAY2420650CE.NFO,2024-04-23,15:23:00,2024-05-21,120.0,120.0,120.0,120.0,0,0,1
FINNIFTY21MAY2420650CE.NFO,2024-04-23,15:24:00,2024-05-21,120.0,120.0,120.0,120.0,0,0,1
FINNIFTY21MAY2420650CE.NFO,2024-04-23,15:25:00,2024-05-21,120.0,120.0,120.0,120.0,0,0,1
FINNIFTY21MAY2420650CE.NFO,2024-04-23,15:26:00,2024-05-21,120.0,120.0,120.0,120.0,0,0,1
FINNIFTY21MAY2420650CE.NFO,2024-04-23,15:27:00,2024-05-21,120.0,120.0,120.0,120.0,0,0,1
FINNIFTY21MAY2420650CE.NFO,2024-04-23,15:28:00,2024-05-21,120.0,120.0,120.0,120.0,0,0,1
FINNIFTY21MAY2420650CE.NFO,2024-04-23,15:29:00,2024-05-21,120.0,120.0,120.0,120.0,0,0,1
FINNIFTY21MAY2420650CE.NFO,2024-04-23,15:30:00,2024-05-21,120.0,120.0,120.0,120.0,0,0,1
FINNIFTY21MAY2420650CE.NFO,2024-04-25,09:15:00,2024-05-21,120.0,120.0,120.0,120.0,0,0,0
FINNIFTY21MAY2420650CE.NFO,2024-04-25,09:16:00,2024-05-21,120.0,120.0,120.0,120.0,0,0,1
FINNIFTY21MAY2420650CE.NFO,2024-04-25,09:17:00,2024-05-21,120.0,120.0,120.0,120.0,0,0,1
FINNIFTY21MAY2420650CE.NFO,2024-04-25,09:18:00,2024-05-21,120.0,120.0,120.0,120.0,0,0,1
FINNIFTY21MAY2420650CE.NFO,2024-04-25,09:19:00,2024-05-21,120.0,120.0,120.0,120.0,0,0,1
FINNIFTY21MAY2420650CE.NFO,2024-04-25,09:20:00,2024-05-21,120.0,120.0,120.0,120.0,0,0,1
FINNIFTY21MAY2420650CE.NFO,2024-04-25,09:21:00,2024-05-21,120.0,120.0,120.0,120.0,0,0,1
FINNIFTY21MAY2420650CE.NFO,2024-04-25,09:22:00,2024-05-21,120.0,120.0,120.0,120.0,0,0,1
FINNIFTY21MAY2420650CE.NFO,2024-04-25,09:23:00,2024-05-21,120.0,120.0,120.0,120.0,0,0,1
FINNIFTY21MAY2420650CE.NFO,2024-04-25,09:24:00,2024-05-21,120.0,120.0,120.0,120.0,0,0,1
FINNIFTY21MAY2420650CE.NFO,2024-04-25,09:25:00,2024-05-21,120.0,120.0,120.0,120.0,0,0,1
FINNIFTY21MAY2420650CE.NFO,2024-04-25,09:26:00,2024-05-21,120.0,120.0,120.0,120.0,0,0,1
FINNIFTY21MAY2420650CE.NFO,2024-04-25,09:27:00,2024-05-21,120.0,120.0,120.0,120.0,0,0,1
FINNIFTY21MAY2420650CE.NFO,2024-04-25,09:28:00,2024-05-21,120.0,120.0,120.0,120.0,0,0,1
FINNIFTY21MAY2420650CE.NFO,2024-04-25,09:29:00,2024-05-21,120.0,120.0,120.0,120.0,0,0,1
FINNIFTY21MAY2420650CE.NFO,2024-04-25,09:30:00,2024-05-21,120.0,120.0,120.0,120.0,0,0,1
FINNIFTY21MAY2420650CE.NFO,2024-04-25,09:31:00,2024-05-21,120.0,120.0,120.0,120.0,0,0,1
FINNIFTY21MAY2420650CE.NFO,2024-04-25,09:32:00,2024-05-21,120.0,120.0,120.0,120.0,0,0,1
FINNIFTY21MAY2420650CE.NFO,2024-04-25,09:33:00,2024-05-21,120.0,120.0,120.0,120.0,0,0,1
FINNIFTY21MAY2420650CE.NFO,2024-04-25,09:34:00,2024-05-21,120.0,120.0,120.0,120.0,0,0,1
FINNIFTY21MAY2420650CE.NFO,2024-04-25,09:35:00,2024-05-21,120.0,120.0,120.0,120.0,0,0,1
FINNIFTY21MAY2420650CE.NFO,2024-04-25,09:36:00,2024-05-21,120.0,120.0,120.0,120.0,0,0,1
FINNIFTY21MAY2420650CE.NFO,2024-04-25,09:37:00,2024-05-21,120.0,120.0,120.0,120.0,0,0,1
FINNIFTY21MAY2420650CE.NFO,2024-04-25,09:38:00,2024-05-21,120.0,120.0,120.0,120.0,0,0,1
FINNIFTY21MAY2420650CE.NFO,2024-04-25,09:39:00,2024-05-21,120.0,120.0,120.0,120.0,0,0,1
FINNIFTY21MAY2420650CE.NFO,2024-04-25,09:40:00,2024-05-21,120.0,120.0,120.0,120.0,0,0,1
FINNIFTY21MAY2420650CE.NFO,2024-04-25,09:41:00,2024-05-21,120.0,120.0,120.0,120.0,0,0,1
FINNIFTY21MAY2420650CE.NFO,2024-04-25,09:42:00,2024-05-21,120.0,120.0,120.0,120.0,0,0,1
FINNIFTY21MAY2420650CE.NFO,2024-04-25,09:43:00,2024-05-21,120.0,120.0,120.0,120.0,0,0,1
FINNIFTY21MAY2420650CE.NFO,2024-04-25,09:44:00,2024-05-21,120.0,120.0,120.0,120.0,0,0,1
FINNIFTY21MAY2420650CE.NFO,2024-04-25,09:45:00,2024-05-21,120.0,120.0,120.0,120.0,0,0,1
FINNIFTY21MAY2420650CE.NFO,2024-04-25,09:46:00,2024-05-21,120.0,120.0,120.0,120.0,0,0,1
FINNIFTY21MAY2420650CE.NFO,2024-04-25,09:47:00,2024-05-21,120.0,120.0,120.0,120.0,0,0,1
FINNIFTY21MAY2420650CE.NFO,2024-04-25,09:48:00,2024-05-21,120.0,120.0,120.0,120.0,0,0,1
FINNIFTY21MAY2420650CE.NFO,2024-04-25,09:49:00,2024-05-21,120.0,120.0,120.0,120.0,0,0,1
FINNIFTY21MAY2420650CE.NFO,2024-04-25,09:50:00,2024-05-21,120.0,120.0,120.0,120.0,0,0,1
FINNIFTY21MAY2420650CE.NFO,2024-04-25,09:51:00,2024-05-21,120.0,120.0,120.0,120.0,0,0,1
FINNIFTY21MAY2420650CE.NFO,2024-04-25,09:52:00,2024-05-21,120.0,120.0,120.0,120.0,0,0,1
FINNIFTY21MAY2420650CE.NFO,2024-04-25,09:53:00,2024-05-21,120.0,120.0,120.0,120.0,0,0,1
FINNIFTY21MAY2420650CE.NFO,2024-04-25,09:54:00,2024-05-21,120.0,120.0,120.0,120.0,0,0,1
FINNIFTY21MAY2420650CE.NFO,2024-04-25,09:55:00,2024-05-21,120.0,120.0,120.0,120.0,0,0,1
FINNIFTY21MAY2420650CE.NFO,2024-04-25,09:56:00,2024-05-21,120.0,120.0,120.0,120.0,0,0,1
FINNIFTY21MAY2420650CE.NFO,2024-04-25,09:57:00,2024-05-21,120.0,120.0,120.0,120.0,0,0,1
FINNIFTY21MAY2420650CE.NFO,2024-04-25,09:58:00,2024-05-21,120.0,120.0,120.0,120.0,0,0,1
FINNIFTY21MAY2420650CE.NFO,2024-04-25,09:59:00,2024-05-21,120.0,120.0,120.0,120.0,0,0,1
FINNIFTY21MAY2420650CE.NFO,2024-04-25,10:00:00,2024-05-21,120.0,120.0,120.0,120.0,0,0,1
FINNIFTY21MAY2420650CE.NFO,2024-04-25,10:01:00,2024-05-21,120.0,120.0,120.0,120.0,0,0,1
FINNIFTY21MAY2420650CE.NFO,2024-04-25,10:02:00,2024-05-21,120.0,120.0,120.0,120.0,0,0,1
FINNIFTY21MAY2420650CE.NFO,2024-04-25,10:03:00,2024-05-21,120.0,120.0,120.0,120.0,0,0,1
FINNIFTY21MAY2420650CE.NFO,2024-04-25,10:04:00,2024-05-21,120.0,120.0,120.0,120.0,0,0,1
FINNIFTY21MAY2420650CE.NFO,2024-04-25,10:05:00,2024-05-21,120.0,120.0,120.0,120.0,0,0,1
FINNIFTY21MAY2420650CE.NFO,2024-04-25,10:06:00,2024-05-21,120.0,120.0,120.0,120.0,0,0,1
FINNIFTY21MAY2420650CE.NFO,2024-04-25,10:07:00,2024-05-21,120.0,120.0,120.0,120.0,0,0,1
FINNIFTY21MAY2420650CE.NFO,2024-04-25,10:08:00,2024-05-21,120.0,120.0,120.0,120.0,0,0,1
FINNIFTY21MAY2420650CE.NFO,2024-04-25,10:09:00,2024-05-21,120.0,120.0,120.0,120.0,0,0,1
FINNIFTY21MAY2420650CE.NFO,2024-04-25,10:10:00,2024-05-21,120.0,120.0,120.0,120.0,0,0,1
FINNIFTY21MAY2420650CE.NFO,2024-04-25,10:11:00,2024-05-21,120.0,120.0,120.0,120.0,0,0,1
FINNIFTY21MAY2420650CE.NFO,2024-04-25,10:12:00,2024-05-21,120.0,120.0,120.0,120.0,0,0,1
FINNIFTY21MAY2420650CE.NFO,2024-04-25,10:13:00,2024-05-21,120.0,120.0,120.0,120.0,0,0,1
FINNIFTY21MAY2420650CE.NFO,2024-04-25,10:14:00,2024-05-21,120.0,120.0,120.0,120.0,0,0,1
FINNIFTY21MAY2420650CE.NFO,2024-04-25,10:15:00,2024-05-21,120.0,120.0,120.0,120.0,0,0,1
FINNIFTY21MAY2420650CE.NFO,2024-04-25,10:16:00,2024-05-21,120.0,120.0,120.0,120.0,0,0,1
FINNIFTY21MAY2420650CE.NFO,2024-04-25,10:17:00,2024-05-21,120.0,120.0,120.0,120.0,0,0,1
FINNIFTY21MAY2420650CE.NFO,2024-04-25,10:18:00,2024-05-21,120.0,120.0,120.0,120.0,0,0,1
FINNIFTY21MAY2420650CE.NFO,2024-04-25,10:19:00,2024-05-21,120.0,120.0,120.0,120.0,0,0,1
FINNIFTY21MAY2420650CE.NFO,2024-04-25,10:20:00,2024-05-21,120.0,120.0,120.0,120.0,0,0,1
FINNIFTY21MAY2420650CE.NFO,2024-04-25,10:21:00,2024-05-21,120.0,120.0,120.0,120.0,0,0,1
FINNIFTY21MAY2420650CE.NFO,2024-04-25,10:22:00,2024-05-21,120.0,120.0,120.0,120.0,0,0,1
FINNIFTY21MAY2420650CE.NFO,2024-04-25,10:23:00,2024-05-21,120.0,120.0,120.0,120.0,0,0,1
FINNIFTY21MAY2420650CE.NFO,2024-04-25,10:24:00,2024-05-21,120.0,120.0,120.0,120.0,0,0,1
FINNIFTY21MAY2420650CE.NFO,2024-04-25,10:25:00,2024-05-21,120.0,120.0,120.0,120.0,0,0,1
FINNIFTY21MAY2420650CE.NFO,2024-04-25,10:26:00,2024-05-21,120.0,120.0,120.0,120.0,0,0,1
FINNIFTY21MAY2420650CE.NFO,2024-04-25,10:27:00,2024-05-21,120.0,120.0,120.0,120.0,0,0,1
FINNIFTY21MAY2420650CE.NFO,2024-04-25,10:28:00,2024-05-21,120.0,120.0,120.0,120.0,0,0,1
FINNIFTY21MAY2420650CE.NFO,2024-04-25,10:29:00,2024-05-21,120.0,120.0,120.0,120.0,0,0,1
FINNIFTY21MAY2420650CE.NFO,2024-04-25,10:30:00,2024-05-21,120.0,120.0,120.0,120.0,0,0,1
FINNIFTY21MAY2420650CE.NFO,2024-04-25,10:31:00,2024-05-21,120.0,120.0,120.0,120.0,0,0,1
FINNIFTY21MAY2420650CE.NFO,2024-04-25,10:32:00,2024-05-21,120.0,120.0,120.0,120.0,0,0,1
FINNIFTY21MAY2420650CE.NFO,2024-04-25,10:33:00,2024-05-21,120.0,120.0,120.0,120.0,0,0,1
FINNIFTY21MAY2420650CE.NFO,2024-04-25,10:34:00,2024-05-21,120.0,120.0,120.0,120.0,0,0,1
FINNIFTY21MAY2420650CE.NFO,2024-04-25,10:35:00,2024-05-21,120.0,120.0,120.0,120.0,0,0,1
FINNIFTY21MAY2420650CE.NFO,2024-04-25,10:36:00,2024-05-21,120.0,120.0,120.0,120.0,0,0,1
FINNIFTY21MAY2420650CE.NFO,2024-04-25,10:37:00,2024-05-21,120.0,120.0,120.0,120.0,0,0,1
FINNIFTY21MAY2420650CE.NFO,2024-04-25,10:38:00,2024-05-21,120.0,120.0,120.0,120.0,0,0,1
FINNIFTY21MAY2420650CE.NFO,2024-04-25,10:39:00,2024-05-21,120.0,120.0,120.0,120.0,0,0,1
FINNIFTY21MAY2420650CE.NFO,2024-04-25,10:40:00,2024-05-21,120.0,120.0,120.0,120.0,0,0,1
FINNIFTY21MAY2420650CE.NFO,2024-04-25,10:41:00,2024-05-21,120.0,120.0,120.0,120.0,0,0,1
FINNIFTY21MAY2420650CE.NFO,2024-04-25,10:42:00,2024-05-21,120.0,120.0,120.0,120.0,0,0,1
FINNIFTY21MAY2420650CE.NFO,2024-04-25,10:43:00,2024-05-21,120.0,120.0,120.0,120.0,0,0,1
FINNIFTY21MAY2420650CE.NFO,2024-04-25,10:44:00,2024-05-21,120.0,120.0,120.0,120.0,0,0,1
FINNIFTY21MAY2420650CE.NFO,2024-04-25,10:45:00,2024-05-21,120.0,120.0,120.0,120.0,0,0,1
FINNIFTY21MAY2420650CE.NFO,2024-04-25,10:46:00,2024-05-21,120.0,120.0,120.0,120.0,0,0,1
FINNIFTY21MAY2420650CE.NFO,2024-04-25,10:47:00,2024-05-21,120.0,120.0,120.0,120.0,0,0,1
FINNIFTY21MAY2420650CE.NFO,2024-04-25,10:48:00,2024-05-21,120.0,120.0,120.0,120.0,0,0,1
FINNIFTY21MAY2420650CE.NFO,2024-04-25,10:49:00,2024-05-21,120.0,120.0,120.0,120.0,0,0,1
FINNIFTY21MAY2420650CE.NFO,2024-04-25,10:50:00,2024-05-21,120.0,120.0,120.0,120.0,0,0,1
FINNIFTY21MAY2420650CE.NFO,2024-04-25,10:51:00,2024-05-21,120.0,120.0,120.0,120.0,0,0,1
FINNIFTY21MAY2420650CE.NFO,2024-04-25,10:52:00,2024-05-21,120.0,120.0,120.0,120.0,0,0,1
FINNIFTY21MAY2420650CE.NFO,2024-04-25,10:53:00,2024-05-21,120.0,120.0,120.0,120.0,0,0,1
FINNIFTY21MAY2420650CE.NFO,2024-04-25,10:54:00,2024-05-21,120.0,120.0,120.0,120.0,0,0,1
FINNIFTY21MAY2420650CE.NFO,2024-04-25,10:55:00,2024-05-21,120.0,120.0,120.0,120.0,0,0,1
FINNIFTY21MAY2420650CE.NFO,2024-04-25,10:56:00,2024-05-21,120.0,120.0,120.0,120.0,0,0,1
FINNIFTY21MAY2420650CE.NFO,2024-04-25,10:57:00,2024-05-21,120.0,120.0,120.0,120.0,0,0,1
FINNIFTY21MAY2420650CE.NFO,2024-04-25,10:58:00,2024-05-21,120.0,120.0,120.0,120.0,0,0,1
FINNIFTY21MAY2420650CE.NFO,2024-04-25,10:59:00,2024-05-21,120.0,120.0,120.0,120.0,0,0,1
FINNIFTY21MAY2420650CE.NFO,2024-04-25,11:00:00,2024-05-21,120.0,120.0,120.0,120.0,0,0,1
FINNIFTY21MAY2420650CE.NFO,2024-04-25,11:01:00,2024-05-21,120.0,120.0,120.0,120.0,0,0,1
FINNIFTY21MAY2420650CE.NFO,2024-04-25,11:02:00,2024-05-21,120.0,120.0,120.0,120.0,0,0,1
FINNIFTY21MAY2420650CE.NFO,2024-04-25,11:03:00,2024-05-21,120.0,120.0,120.0,120.0,0,0,1
FINNIFTY21MAY2420650CE.NFO,2024-04-25,11:04:00,2024-05-21,120.0,120.0,120.0,120.0,0,0,1
FINNIFTY21MAY2420650CE.NFO,2024-04-25,11:05:00,2024-05-21,120.0,120.0,120.0,120.0,0,0,1
FINNIFTY21MAY2420650CE.NFO,2024-04-25,11:06:00,2024-05-21,120.0,120.0,120.0,120.0,0,0,1
FINNIFTY21MAY2420650CE.NFO,2024-04-25,11:07:00,2024-05-21,120.0,120.0,120.0,120.0,0,0,1
FINNIFTY21MAY2420650CE.NFO,2024-04-25,11:08:00,2024-05-21,120.0,120.0,120.0,120.0,0,0,1
FINNIFTY21MAY2420650CE.NFO,2024-04-25,11:09:00,2024-05-21,120.0,120.0,120.0,120.0,0,0,1
FINNIFTY21MAY2420650CE.NFO,2024-04-25,11:10:00,2024-05-21,120.0,120.0,120.0,120.0,0,0,1
FINNIFTY21MAY2420650CE.NFO,2024-04-25,11:11:00,2024-05-21,120.0,120.0,120.0,120.0,0,0,1
FINNIFTY21MAY2420650CE.NFO,2024-04-25,11:12:00,2024-05-21,120.0,120.0,120.0,120.0,0,0,1
FINNIFTY21MAY2420650CE.NFO,2024-04-25,11:13:00,2024-05-21,120.0,120.0,120.0,120.0,0,0,1
FINNIFTY21MAY2420650CE.NFO,2024-04-25,11:14:00,2024-05-21,120.0,120.0,120.0,120.0,0,0,1
FINNIFTY21MAY2420650CE.NFO,2024-04-25,11:15:00,2024-05-21,120.0,120.0,120.0,120.0,0,0,1
FINNIFTY21MAY2420650CE.NFO,2024-04-25,11:16:00,2024-05-21,120.0,120.0,120.0,120.0,0,0,1
FINNIFTY21MAY2420650CE.NFO,2024-04-25,11:17:00,2024-05-21,120.0,120.0,120.0,120.0,0,0,1
FINNIFTY21MAY2420650CE.NFO,2024-04-25,11:18:00,2024-05-21,120.0,120.0,120.0,120.0,0,0,1
FINNIFTY21MAY2420650CE.NFO,2024-04-25,11:19:00,2024-05-21,120.0,120.0,120.0,120.0,0,0,1
FINNIFTY21MAY2420650CE.NFO,2024-04-25,11:20:00,2024-05-21,120.0,120.0,120.0,120.0,0,0,1
FINNIFTY21MAY2420650CE.NFO,2024-04-25,11:21:00,2024-05-21,120.0,120.0,120.0,120.0,0,0,1
FINNIFTY21MAY2420650CE.NFO,2024-04-25,11:22:00,2024-05-21,120.0,120.0,120.0,120.0,0,0,1
FINNIFTY21MAY2420650CE.NFO,2024-04-25,11:23:00,2024-05-21,120.0,120.0,120.0,120.0,0,0,1
FINNIFTY21MAY2420650CE.NFO,2024-04-25,11:24:00,2024-05-21,120.0,120.0,120.0,120.0,0,0,1
FINNIFTY21MAY2420650CE.NFO,2024-04-25,11:25:00,2024-05-21,120.0,120.0,120.0,120.0,0,0,1
FINNIFTY21MAY2420650CE.NFO,2024-04-25,11:26:00,2024-05-21,120.0,120.0,120.0,120.0,0,0,1
FINNIFTY21MAY2420650CE.NFO,2024-04-25,11:27:00,2024-05-21,120.0,120.0,120.0,120.0,0,0,1
FINNIFTY21MAY2420650CE.NFO,2024-04-25,11:28:00,2024-05-21,120.0,120.0,120.0,120.0,0,0,1
FINNIFTY21MAY2420650CE.NFO,2024-04-25,11:29:00,2024-05-21,120.0,120.0,120.0,120.0,0,0,1
FINNIFTY21MAY2420650CE.NFO,2024-04-25,11:30:00,2024-05-21,120.0,120.0,120.0,120.0,0,0,1
FINNIFTY21MAY2420650CE.NFO,2024-04-25,11:31:00,2024-05-21,120.0,120.0,120.0,120.0,0,0,1
FINNIFTY21MAY2420650CE.NFO,2024-04-25,11:32:00,2024-05-21,120.0,120.0,120.0,120.0,0,0,1
FINNIFTY21MAY2420650CE.NFO,2024-04-25,11:33:00,2024-05-21,120.0,120.0,120.0,120.0,0,0,1
FINNIFTY21MAY2420650CE.NFO,2024-04-25,11:34:00,2024-05-21,120.0,120.0,120.0,120.0,0,0,1
FINNIFTY21MAY2420650CE.NFO,2024-04-25,11:35:00,2024-05-21,120.0,120.0,120.0,120.0,0,0,1
FINNIFTY21MAY2420650CE.NFO,2024-04-25,11:36:00,2024-05-21,120.0,120.0,120.0,120.0,0,0,1
FINNIFTY21MAY2420650CE.NFO,2024-04-25,11:37:00,2024-05-21,120.0,120.0,120.0,120.0,0,0,1
FINNIFTY21MAY2420650CE.NFO,2024-04-25,11:38:00,2024-05-21,120.0,120.0,120.0,120.0,0,0,1
FINNIFTY21MAY2420650CE.NFO,2024-04-25,11:39:00,2024-05-21,120.0,120.0,120.0,120.0,0,0,1
FINNIFTY21MAY2420650CE.NFO,2024-04-25,11:40:00,2024-05-21,120.0,120.0,120.0,120.0,0,0,1
FINNIFTY21MAY2420650CE.NFO,2024-04-25,11:41:00,2024-05-21,120.0,120.0,120.0,120.0,0,0,1
FINNIFTY21MAY2420650CE.NFO,2024-04-25,11:42:00,2024-05-21,120.0,120.0,120.0,120.0,0,0,1
FINNIFTY21MAY2420650CE.NFO,2024-04-25,11:43:00,2024-05-21,120.0,120.0,120.0,120.0,0,0,1
FINNIFTY21MAY2420650CE.NFO,2024-04-25,11:44:00,2024-05-21,120.0,120.0,120.0,120.0,0,0,1
FINNIFTY21MAY2420650CE.NFO,2024-04-25,11:45:00,2024-05-21,120.0,120.0,120.0,120.0,0,0,1
FINNIFTY21MAY2420650CE.NFO,2024-04-25,11:46:00,2024-05-21,120.0,120.0,120.0,120.0,0,0,1
FINNIFTY21MAY2420650CE.NFO,2024-04-25,11:47:00,2024-05-21,120.0,120.0,120.0,120.0,0,0,1
FINNIFTY21MAY2420650CE.NFO,2024-04-25,11:48:00,2024-05-21,120.0,120.0,120.0,120.0,0,0,1
FINNIFTY21MAY2420650CE.NFO,2024-04-25,11:49:00,2024-05-21,120.0,120.0,120.0,120.0,0,0,1
FINNIFTY21MAY2420650CE.NFO,2024-04-25,11:50:00,2024-05-21,120.0,120.0,120.0,120.0,0,0,1
FINNIFTY21MAY2420650CE.NFO,2024-04-25,11:51:00,2024-05-21,120.0,120.0,120.0,120.0,0,0,1
FINNIFTY21MAY2420650CE.NFO,2024-04-25,11:52:00,2024-05-21,120.0,120.0,120.0,120.0,0,0,1
FINNIFTY21MAY2420650CE.NFO,2024-04-25,11:53:00,2024-05-21,120.0,120.0,120.0,120.0,0,0,1
FINNIFTY21MAY2420650CE.NFO,2024-04-25,11:54:00,2024-05-21,120.0,120.0,120.0,120.0,0,0,1
FINNIFTY21MAY2420650CE.NFO,2024-04-25,11:55:00,2024-05-21,120.0,120.0,120.0,120.0,0,0,1
FINNIFTY21MAY2420650CE.NFO,2024-04-25,11:56:00,2024-05-21,120.0,120.0,120.0,120.0,0,0,1
FINNIFTY21MAY2420650CE.NFO,2024-04-25,11:57:00,2024-05-21,120.0,120.0,120.0,120.0,0,0,1
FINNIFTY21MAY2420650CE.NFO,2024-04-25,11:58:00,2024-05-21,120.0,120.0,120.0,120.0,0,0,1
FINNIFTY21MAY2420650CE.NFO,2024-04-25,11:59:00,2024-05-21,120.0,120.0,120.0,120.0,0,0,1
FINNIFTY21MAY2420650CE.NFO,2024-04-25,12:00:00,2024-05-21,120.0,120.0,120.0,120.0,0,0,1
FINNIFTY21MAY2420650CE.NFO,2024-04-25,12:01:00,2024-05-21,120.0,120.0,120.0,120.0,0,0,1
FINNIFTY21MAY2420650CE.NFO,2024-04-25,12:02:00,2024-05-21,120.0,120.0,120.0,120.0,0,0,1
FINNIFTY21MAY2420650CE.NFO,2024-04-25,12:03:00,2024-05-21,120.0,120.0,120.0,120.0,0,0,1
FINNIFTY21MAY2420650CE.NFO,2024-04-25,12:04:00,2024-05-21,120.0,120.0,120.0,120.0,0,0,1
FINNIFTY21MAY2420650CE.NFO,2024-04-25,12:05:00,2024-05-21,120.0,120.0,120.0,120.0,0,0,1
FINNIFTY21MAY2420650CE.NFO,2024-04-25,12:06:00,2024-05-21,120.0,120.0,120.0,120.0,0,0,1
FINNIFTY21MAY2420650CE.NFO,2024-04-25,12:07:00,2024-05-21,120.0,120.0,120.0,120.0,0,0,1
FINNIFTY21MAY2420650CE.NFO,2024-04-25,12:08:00,2024-05-21,120.0,120.0,120.0,120.0,0,0,1
FINNIFTY21MAY2420650CE.NFO,2024-04-25,12:09:00,2024-05-21,120.0,120.0,120.0,120.0,0,0,1
FINNIFTY21MAY2420650CE.NFO,2024-04-25,12:10:00,2024-05-21,120.0,120.0,120.0,120.0,0,0,1
FINNIFTY21MAY2420650CE.NFO,2024-04-25,12:11:00,2024-05-21,120.0,120.0,120.0,120.0,0,0,1
FINNIFTY21MAY2420650CE.NFO,2024-04-25,12:12:00,2024-05-21,120.0,120.0,120.0,120.0,0,0,1
FINNIFTY21MAY2420650CE.NFO,2024-04-25,12:13:00,2024-05-21,120.0,120.0,120.0,120.0,0,0,1
FINNIFTY21MAY2420650CE.NFO,2024-04-25,12:14:00,2024-05-21,120.0,120.0,120.0,120.0,0,0,1
FINNIFTY21MAY2420650CE.NFO,2024-04-25,12:15:00,2024-05-21,120.0,120.0,120.0,120.0,0,0,1
FINNIFTY21MAY2420650CE.NFO,2024-04-25,12:16:00,2024-05-21,120.0,120.0,120.0,120.0,0,0,1
FINNIFTY21MAY2420650CE.NFO,2024-04-25,12:17:00,2024-05-21,120.0,120.0,120.0,120.0,0,0,1
FINNIFTY21MAY2420650CE.NFO,2024-04-25,12:18:00,2024-05-21,120.0,120.0,120.0,120.0,0,0,1
FINNIFTY21MAY2420650CE.NFO,2024-04-25,12:19:00,2024-05-21,120.0,120.0,120.0,120.0,0,0,1
FINNIFTY21MAY2420650CE.NFO,2024-04-25,12:20:00,2024-05-21,120.0,120.0,120.0,120.0,0,0,1
FINNIFTY21MAY2420650CE.NFO,2024-04-25,12:21:00,2024-05-21,120.0,120.0,120.0,120.0,0,0,1
FINNIFTY21MAY2420650CE.NFO,2024-04-25,12:22:00,2024-05-21,120.0,120.0,120.0,120.0,0,0,1
FINNIFTY21MAY2420650CE.NFO,2024-04-25,12:23:00,2024-05-21,120.0,120.0,120.0,120.0,0,0,1
FINNIFTY21MAY2420650CE.NFO,2024-04-25,12:24:00,2024-05-21,120.0,120.0,120.0,120.0,0,0,1
FINNIFTY21MAY2420650CE.NFO,2024-04-25,12:25:00,2024-05-21,120.0,120.0,120.0,120.0,0,0,1
FINNIFTY21MAY2420650CE.NFO,2024-04-25,12:26:00,2024-05-21,120.0,120.0,120.0,120.0,0,0,1
FINNIFTY21MAY2420650CE.NFO,2024-04-25,12:27:00,2024-05-21,120.0,120.0,120.0,120.0,0,0,1
FINNIFTY21MAY2420650CE.NFO,2024-04-25,12:28:00,2024-05-21,120.0,120.0,120.0,120.0,0,0,1
FINNIFTY21MAY2420650CE.NFO,2024-04-25,12:29:00,2024-05-21,120.0,120.0,120.0,120.0,0,0,1
FINNIFTY21MAY2420650CE.NFO,2024-04-25,12:30:00,2024-05-21,120.0,120.0,120.0,120.0,0,0,1
FINNIFTY21MAY2420650CE.NFO,2024-04-25,12:31:00,2024-05-21,120.0,120.0,120.0,120.0,0,0,1
FINNIFTY21MAY2420650CE.NFO,2024-04-25,12:32:00,2024-05-21,120.0,120.0,120.0,120.0,0,0,1
FINNIFTY21MAY2420650CE.NFO,2024-04-25,12:33:00,2024-05-21,120.0,120.0,120.0,120.0,0,0,1
FINNIFTY21MAY2420650CE.NFO,2024-04-25,12:34:00,2024-05-21,120.0,120.0,120.0,120.0,0,0,1
FINNIFTY21MAY2420650CE.NFO,2024-04-25,12:35:00,2024-05-21,120.0,120.0,120.0,120.0,0,0,1
FINNIFTY21MAY2420650CE.NFO,2024-04-25,12:36:00,2024-05-21,120.0,120.0,120.0,120.0,0,0,1
FINNIFTY21MAY2420650CE.NFO,2024-04-25,12:37:00,2024-05-21,120.0,120.0,120.0,120.0,0,0,1
FINNIFTY21MAY2420650CE.NFO,2024-04-25,12:38:00,2024-05-21,120.0,120.0,120.0,120.0,0,0,1
FINNIFTY21MAY2420650CE.NFO,2024-04-25,12:39:00,2024-05-21,120.0,120.0,120.0,120.0,0,0,1
FINNIFTY21MAY2420650CE.NFO,2024-04-25,12:40:00,2024-05-21,120.0,120.0,120.0,120.0,0,0,1
FINNIFTY21MAY2420650CE.NFO,2024-04-25,12:41:00,2024-05-21,120.0,120.0,120.0,120.0,0,0,1
FINNIFTY21MAY2420650CE.NFO,2024-04-25,12:42:00,2024-05-21,120.0,120.0,120.0,120.0,0,0,1
FINNIFTY21MAY2420650CE.NFO,2024-04-25,12:43:00,2024-05-21,120.0,120.0,120.0,120.0,0,0,1
FINNIFTY21MAY2420650CE.NFO,2024-04-25,12:44:00,2024-05-21,120.0,120.0,120.0,120.0,0,0,1
FINNIFTY21MAY2420650CE.NFO,2024-04-25,12:45:00,2024-05-21,120.0,120.0,120.0,120.0,0,0,1
FINNIFTY21MAY2420650CE.NFO,2024-04-25,12:46:00,2024-05-21,120.0,120.0,120.0,120.0,0,0,1
FINNIFTY21MAY2420650CE.NFO,2024-04-25,12:47:00,2024-05-21,120.0,120.0,120.0,120.0,0,0,1
FINNIFTY21MAY2420650CE.NFO,2024-04-25,12:48:00,2024-05-21,120.0,120.0,120.0,120.0,0,0,1
FINNIFTY21MAY2420650CE.NFO,2024-04-25,12:49:00,2024-05-21,120.0,120.0,120.0,120.0,0,0,1
FINNIFTY21MAY2420650CE.NFO,2024-04-25,12:50:00,2024-05-21,120.0,120.0,120.0,120.0,0,0,1
FINNIFTY21MAY2420650CE.NFO,2024-04-25,12:51:00,2024-05-21,120.0,120.0,120.0,120.0,0,0,1
FINNIFTY21MAY2420650CE.NFO,2024-04-25,12:52:00,2024-05-21,120.0,120.0,120.0,120.0,0,0,1
FINNIFTY21MAY2420650CE.NFO,2024-04-25,12:53:00,2024-05-21,120.0,120.0,120.0,120.0,0,0,1
FINNIFTY21MAY2420650CE.NFO,2024-04-25,12:54:00,2024-05-21,120.0,120.0,120.0,120.0,0,0,1
FINNIFTY21MAY2420650CE.NFO,2024-04-25,12:55:00,2024-05-21,120.0,120.0,120.0,120.0,0,0,1
FINNIFTY21MAY2420650CE.NFO,2024-04-25,12:56:00,2024-05-21,120.0,120.0,120.0,120.0,0,0,1
FINNIFTY21MAY2420650CE.NFO,2024-04-25,12:57:00,2024-05-21,120.0,120.0,120.0,120.0,0,0,1
FINNIFTY21MAY2420650CE.NFO,2024-04-25,12:58:00,2024-05-21,120.0,120.0,120.0,120.0,0,0,1
FINNIFTY21MAY2420650CE.NFO,2024-04-25,12:59:00,2024-05-21,120.0,120.0,120.0,120.0,0,0,1
FINNIFTY21MAY2420650CE.NFO,2024-04-25,13:00:00,2024-05-21,120.0,120.0,120.0,120.0,0,0,1
FINNIFTY21MAY2420650CE.NFO,2024-04-25,13:01:00,2024-05-21,120.0,120.0,120.0,120.0,0,0,1
FINNIFTY21MAY2420650CE.NFO,2024-04-25,13:02:00,2024-05-21,120.0,120.0,120.0,120.0,0,0,1
FINNIFTY21MAY2420650CE.NFO,2024-04-25,13:03:00,2024-05-21,120.0,120.0,120.0,120.0,0,0,1
FINNIFTY21MAY2420650CE.NFO,2024-04-25,13:04:00,2024-05-21,120.0,120.0,120.0,120.0,0,0,1
FINNIFTY21MAY2420650CE.NFO,2024-04-25,13:05:00,2024-05-21,120.0,120.0,120.0,120.0,0,0,1
FINNIFTY21MAY2420650CE.NFO,2024-04-25,13:06:00,2024-05-21,120.0,120.0,120.0,120.0,0,0,1
FINNIFTY21MAY2420650CE.NFO,2024-04-25,13:07:00,2024-05-21,120.0,120.0,120.0,120.0,0,0,1
FINNIFTY21MAY2420650CE.NFO,2024-04-25,13:08:00,2024-05-21,120.0,120.0,120.0,120.0,0,0,1
FINNIFTY21MAY2420650CE.NFO,2024-04-25,13:09:00,2024-05-21,120.0,120.0,120.0,120.0,0,0,1
FINNIFTY21MAY2420650CE.NFO,2024-04-25,13:10:00,2024-05-21,120.0,120.0,120.0,120.0,0,0,1
FINNIFTY21MAY2420650CE.NFO,2024-04-25,13:11:00,2024-05-21,120.0,120.0,120.0,120.0,0,0,1
FINNIFTY21MAY2420650CE.NFO,2024-04-25,13:12:00,2024-05-21,120.0,120.0,120.0,120.0,0,0,1
FINNIFTY21MAY2420650CE.NFO,2024-04-25,13:13:00,2024-05-21,120.0,120.0,120.0,120.0,0,0,1
FINNIFTY21MAY2420650CE.NFO,2024-04-25,13:14:00,2024-05-21,120.0,120.0,120.0,120.0,0,0,1
FINNIFTY21MAY2420650CE.NFO,2024-04-25,13:15:00,2024-05-21,120.0,120.0,120.0,120.0,0,0,1
FINNIFTY21MAY2420650CE.NFO,2024-04-25,13:16:00,2024-05-21,120.0,120.0,120.0,120.0,0,0,1
FINNIFTY21MAY2420650CE.NFO,2024-04-25,13:17:00,2024-05-21,120.0,120.0,120.0,120.0,0,0,1
FINNIFTY21MAY2420650CE.NFO,2024-04-25,13:18:00,2024-05-21,120.0,120.0,120.0,120.0,0,0,1
FINNIFTY21MAY2420650CE.NFO,2024-04-25,13:19:00,2024-05-21,120.0,120.0,120.0,120.0,0,0,1
FINNIFTY21MAY2420650CE.NFO,2024-04-25,13:20:00,2024-05-21,120.0,120.0,120.0,120.0,0,0,1
FINNIFTY21MAY2420650CE.NFO,2024-04-25,13:21:00,2024-05-21,120.0,120.0,120.0,120.0,0,0,1
FINNIFTY21MAY2420650CE.NFO,2024-04-25,13:22:00,2024-05-21,120.0,120.0,120.0,120.0,0,0,1
FINNIFTY21MAY2420650CE.NFO,2024-04-25,13:23:00,2024-05-21,120.0,120.0,120.0,120.0,0,0,1
FINNIFTY21MAY2420650CE.NFO,2024-04-25,13:24:00,2024-05-21,120.0,120.0,120.0,120.0,0,0,1
FINNIFTY21MAY2420650CE.NFO,2024-04-25,13:25:00,2024-05-21,120.0,120.0,120.0,120.0,0,0,1
FINNIFTY21MAY2420650CE.NFO,2024-04-25,13:26:00,2024-05-21,120.0,120.0,120.0,120.0,0,0,1
FINNIFTY21MAY2420650CE.NFO,2024-04-25,13:27:00,2024-05-21,120.0,120.0,120.0,120.0,0,0,1
FINNIFTY21MAY2420650CE.NFO,2024-04-25,13:28:00,2024-05-21,120.0,120.0,120.0,120.0,0,0,1
FINNIFTY21MAY2420650CE.NFO,2024-04-25,13:29:00,2024-05-21,120.0,120.0,120.0,120.0,0,0,1
FINNIFTY21MAY2420650CE.NFO,2024-04-25,13:30:00,2024-05-21,120.0,120.0,120.0,120.0,0,0,1
FINNIFTY21MAY2420650CE.NFO,2024-04-25,13:31:00,2024-05-21,120.0,120.0,120.0,120.0,0,0,1
FINNIFTY21MAY2420650CE.NFO,2024-04-25,13:32:00,2024-05-21,120.0,120.0,120.0,120.0,0,0,1
FINNIFTY21MAY2420650CE.NFO,2024-04-25,13:33:00,2024-05-21,120.0,120.0,120.0,120.0,0,0,1
FINNIFTY21MAY2420650CE.NFO,2024-04-25,13:34:00,2024-05-21,120.0,120.0,120.0,120.0,0,0,1
FINNIFTY21MAY2420650CE.NFO,2024-04-25,13:35:00,2024-05-21,120.0,120.0,120.0,120.0,0,0,1
FINNIFTY21MAY2420650CE.NFO,2024-04-25,13:36:00,2024-05-21,120.0,120.0,120.0,120.0,0,0,1
FINNIFTY21MAY2420650CE.NFO,2024-04-25,13:37:00,2024-05-21,120.0,120.0,120.0,120.0,0,0,1
FINNIFTY21MAY2420650CE.NFO,2024-04-25,13:38:00,2024-05-21,120.0,120.0,120.0,120.0,0,0,1
FINNIFTY21MAY2420650CE.NFO,2024-04-25,13:39:00,2024-05-21,120.0,120.0,120.0,120.0,0,0,1
FINNIFTY21MAY2420650CE.NFO,2024-04-25,13:40:00,2024-05-21,120.0,120.0,120.0,120.0,0,0,1
FINNIFTY21MAY2420650CE.NFO,2024-04-25,13:41:00,2024-05-21,120.0,120.0,120.0,120.0,0,0,1
FINNIFTY21MAY2420650CE.NFO,2024-04-25,13:42:00,2024-05-21,120.0,120.0,120.0,120.0,0,0,1
FINNIFTY21MAY2420650CE.NFO,2024-04-25,13:43:00,2024-05-21,120.0,120.0,120.0,120.0,0,0,1
FINNIFTY21MAY2420650CE.NFO,2024-04-25,13:44:00,2024-05-21,120.0,120.0,120.0,120.0,0,0,1
FINNIFTY21MAY2420650CE.NFO,2024-04-25,13:45:00,2024-05-21,120.0,120.0,120.0,120.0,0,0,1
FINNIFTY21MAY2420650CE.NFO,2024-04-25,13:46:00,2024-05-21,120.0,120.0,120.0,120.0,0,0,1
FINNIFTY21MAY2420650CE.NFO,2024-04-25,13:47:00,2024-05-21,120.0,120.0,120.0,120.0,0,0,1
FINNIFTY21MAY2420650CE.NFO,2024-04-25,13:48:00,2024-05-21,120.0,120.0,120.0,120.0,0,0,1
FINNIFTY21MAY2420650CE.NFO,2024-04-25,13:49:00,2024-05-21,120.0,120.0,120.0,120.0,0,0,1
FINNIFTY21MAY2420650CE.NFO,2024-04-25,13:50:00,2024-05-21,120.0,120.0,120.0,120.0,0,0,1
FINNIFTY21MAY2420650CE.NFO,2024-04-25,13:51:00,2024-05-21,120.0,120.0,120.0,120.0,0,0,1
FINNIFTY21MAY2420650CE.NFO,2024-04-25,13:52:00,2024-05-21,120.0,120.0,120.0,120.0,0,0,1
FINNIFTY21MAY2420650CE.NFO,2024-04-25,13:53:00,2024-05-21,120.0,120.0,120.0,120.0,0,0,1
FINNIFTY21MAY2420650CE.NFO,2024-04-25,13:54:00,2024-05-21,120.0,120.0,120.0,120.0,0,0,1
FINNIFTY21MAY2420650CE.NFO,2024-04-25,13:55:00,2024-05-21,120.0,120.0,120.0,120.0,0,0,1
FINNIFTY21MAY2420650CE.NFO,2024-04-25,13:56:00,2024-05-21,120.0,120.0,120.0,120.0,0,0,1
FINNIFTY21MAY2420650CE.NFO,2024-04-25,13:57:00,2024-05-21,120.0,120.0,120.0,120.0,0,0,1
FINNIFTY21MAY2420650CE.NFO,2024-04-25,13:58:00,2024-05-21,120.0,120.0,120.0,120.0,0,0,1
FINNIFTY21MAY2420650CE.NFO,2024-04-25,13:59:00,2024-05-21,120.0,120.0,120.0,120.0,0,0,1
FINNIFTY21MAY2420650CE.NFO,2024-04-25,14:00:00,2024-05-21,120.0,120.0,120.0,120.0,0,0,1
FINNIFTY21MAY2420650CE.NFO,2024-04-25,14:01:00,2024-05-21,120.0,120.0,120.0,120.0,0,0,1
FINNIFTY21MAY2420650CE.NFO,2024-04-25,14:02:00,2024-05-21,120.0,120.0,120.0,120.0,0,0,1
FINNIFTY21MAY2420650CE.NFO,2024-04-25,14:03:00,2024-05-21,120.0,120.0,120.0,120.0,0,0,1
FINNIFTY21MAY2420650CE.NFO,2024-04-25,14:04:00,2024-05-21,120.0,120.0,120.0,120.0,0,0,1
FINNIFTY21MAY2420650CE.NFO,2024-04-25,14:05:00,2024-05-21,120.0,120.0,120.0,120.0,0,0,1
FINNIFTY21MAY2420650CE.NFO,2024-04-25,14:06:00,2024-05-21,120.0,120.0,120.0,120.0,0,0,1
FINNIFTY21MAY2420650CE.NFO,2024-04-25,14:07:00,2024-05-21,120.0,120.0,120.0,120.0,0,0,1
FINNIFTY21MAY2420650CE.NFO,2024-04-25,14:08:00,2024-05-21,120.0,120.0,120.0,120.0,0,0,1
FINNIFTY21MAY2420650CE.NFO,2024-04-25,14:09:00,2024-05-21,120.0,120.0,120.0,120.0,0,0,1
FINNIFTY21MAY2420650CE.NFO,2024-04-25,14:10:00,2024-05-21,120.0,120.0,120.0,120.0,0,0,1
FINNIFTY21MAY2420650CE.NFO,2024-04-25,14:11:00,2024-05-21,120.0,120.0,120.0,120.0,0,0,1
FINNIFTY21MAY2420650CE.NFO,2024-04-25,14:12:00,2024-05-21,120.0,120.0,120.0,120.0,0,0,1
FINNIFTY21MAY2420650CE.NFO,2024-04-25,14:13:00,2024-05-21,120.0,120.0,120.0,120.0,0,0,1
FINNIFTY21MAY2420650CE.NFO,2024-04-25,14:14:00,2024-05-21,120.0,120.0,120.0,120.0,0,0,1
FINNIFTY21MAY2420650CE.NFO,2024-04-25,14:15:00,2024-05-21,120.0,120.0,120.0,120.0,0,0,1
FINNIFTY21MAY2420650CE.NFO,2024-04-25,14:16:00,2024-05-21,120.0,120.0,120.0,120.0,0,0,1
FINNIFTY21MAY2420650CE.NFO,2024-04-25,14:17:00,2024-05-21,120.0,120.0,120.0,120.0,0,0,1
FINNIFTY21MAY2420650CE.NFO,2024-04-25,14:18:00,2024-05-21,120.0,120.0,120.0,120.0,0,0,1
FINNIFTY21MAY2420650CE.NFO,2024-04-25,14:19:00,2024-05-21,120.0,120.0,120.0,120.0,0,0,1
FINNIFTY21MAY2420650CE.NFO,2024-04-25,14:20:00,2024-05-21,120.0,120.0,120.0,120.0,0,0,1
FINNIFTY21MAY2420650CE.NFO,2024-04-25,14:21:00,2024-05-21,120.0,120.0,120.0,120.0,0,0,1
FINNIFTY21MAY2420650CE.NFO,2024-04-25,14:22:00,2024-05-21,120.0,120.0,120.0,120.0,0,0,1
FINNIFTY21MAY2420650CE.NFO,2024-04-25,14:23:00,2024-05-21,120.0,120.0,120.0,120.0,0,0,1
FINNIFTY21MAY2420650CE.NFO,2024-04-25,14:24:00,2024-05-21,120.0,120.0,120.0,120.0,0,0,1
FINNIFTY21MAY2420650CE.NFO,2024-04-25,14:25:00,2024-05-21,120.0,120.0,120.0,120.0,0,0,1
FINNIFTY21MAY2420650CE.NFO,2024-04-25,14:26:00,2024-05-21,120.0,120.0,120.0,120.0,0,0,1
FINNIFTY21MAY2420650CE.NFO,2024-04-25,14:27:00,2024-05-21,120.0,120.0,120.0,120.0,0,0,1
FINNIFTY21MAY2420650CE.NFO,2024-04-25,14:28:00,2024-05-21,120.0,120.0,120.0,120.0,0,0,1
FINNIFTY21MAY2420650CE.NFO,2024-04-25,14:29:00,2024-05-21,120.0,120.0,120.0,120.0,0,0,1
FINNIFTY21MAY2420650CE.NFO,2024-04-25,14:30:00,2024-05-21,120.0,120.0,120.0,120.0,0,0,1
FINNIFTY21MAY2420650CE.NFO,2024-04-25,14:31:00,2024-05-21,120.0,120.0,120.0,120.0,0,0,1
FINNIFTY21MAY2420650CE.NFO,2024-04-25,14:32:00,2024-05-21,120.0,120.0,120.0,120.0,0,0,1
FINNIFTY21MAY2420650CE.NFO,2024-04-25,14:33:00,2024-05-21,120.0,120.0,120.0,120.0,0,0,1
FINNIFTY21MAY2420650CE.NFO,2024-04-25,14:34:00,2024-05-21,120.0,120.0,120.0,120.0,0,0,1
FINNIFTY21MAY2420650CE.NFO,2024-04-25,14:35:00,2024-05-21,120.0,120.0,120.0,120.0,0,0,1
FINNIFTY21MAY2420650CE.NFO,2024-04-25,14:36:00,2024-05-21,120.0,120.0,120.0,120.0,0,0,1
FINNIFTY21MAY2420650CE.NFO,2024-04-25,14:37:00,2024-05-21,120.0,120.0,120.0,120.0,0,0,1
FINNIFTY21MAY2420650CE.NFO,2024-04-25,14:38:00,2024-05-21,120.0,120.0,120.0,120.0,0,0,1
FINNIFTY21MAY2420650CE.NFO,2024-04-25,14:39:00,2024-05-21,120.0,120.0,120.0,120.0,0,0,1
FINNIFTY21MAY2420650CE.NFO,2024-04-25,14:40:00,2024-05-21,120.0,120.0,120.0,120.0,0,0,1
FINNIFTY21MAY2420650CE.NFO,2024-04-25,14:41:00,2024-05-21,120.0,120.0,120.0,120.0,0,0,1
FINNIFTY21MAY2420650CE.NFO,2024-04-25,14:42:00,2024-05-21,120.0,120.0,120.0,120.0,0,0,1
FINNIFTY21MAY2420650CE.NFO,2024-04-25,14:43:00,2024-05-21,120.0,120.0,120.0,120.0,0,0,1
FINNIFTY21MAY2420650CE.NFO,2024-04-25,14:44:00,2024-05-21,120.0,120.0,120.0,120.0,0,0,1
FINNIFTY21MAY2420650CE.NFO,2024-04-25,14:45:00,2024-05-21,120.0,120.0,120.0,120.0,0,0,1
FINNIFTY21MAY2420650CE.NFO,2024-04-25,14:46:00,2024-05-21,120.0,120.0,120.0,120.0,0,0,1
FINNIFTY21MAY2420650CE.NFO,2024-04-25,14:47:00,2024-05-21,120.0,120.0,120.0,120.0,0,0,1
FINNIFTY21MAY2420650CE.NFO,2024-04-25,14:48:00,2024-05-21,120.0,120.0,120.0,120.0,0,0,1
FINNIFTY21MAY2420650CE.NFO,2024-04-25,14:49:00,2024-05-21,120.0,120.0,120.0,120.0,0,0,1
FINNIFTY21MAY2420650CE.NFO,2024-04-25,14:50:00,2024-05-21,120.0,120.0,120.0,120.0,0,0,1
FINNIFTY21MAY2420650CE.NFO,2024-04-25,14:51:00,2024-05-21,120.0,120.0,120.0,120.0,0,0,1
FINNIFTY21MAY2420650CE.NFO,2024-04-25,14:52:00,2024-05-21,120.0,120.0,120.0,120.0,0,0,1
FINNIFTY21MAY2420650CE.NFO,2024-04-25,14:53:00,2024-05-21,120.0,120.0,120.0,120.0,0,0,1
FINNIFTY21MAY2420650CE.NFO,2024-04-25,14:54:00,2024-05-21,120.0,120.0,120.0,120.0,0,0,1
FINNIFTY21MAY2420650CE.NFO,2024-04-25,14:55:00,2024-05-21,120.0,120.0,120.0,120.0,0,0,1
FINNIFTY21MAY2420650CE.NFO,2024-04-25,14:56:00,2024-05-21,120.0,120.0,120.0,120.0,0,0,1
FINNIFTY21MAY2420650CE.NFO,2024-04-25,14:57:00,2024-05-21,120.0,120.0,120.0,120.0,0,0,1
FINNIFTY21MAY2420650CE.NFO,2024-04-25,14:58:00,2024-05-21,120.0,120.0,120.0,120.0,0,0,1
FINNIFTY21MAY2420650CE.NFO,2024-04-25,14:59:00,2024-05-21,120.0,120.0,120.0,120.0,0,0,1
FINNIFTY21MAY2420650CE.NFO,2024-04-25,15:00:00,2024-05-21,120.0,120.0,120.0,120.0,0,0,1
FINNIFTY21MAY2420650CE.NFO,2024-04-25,15:01:00,2024-05-21,120.0,120.0,120.0,120.0,0,0,1
FINNIFTY21MAY2420650CE.NFO,2024-04-25,15:02:00,2024-05-21,120.0,120.0,120.0,120.0,0,0,1
FINNIFTY21MAY2420650CE.NFO,2024-04-25,15:03:00,2024-05-21,120.0,120.0,120.0,120.0,0,0,1
FINNIFTY21MAY2420650CE.NFO,2024-04-25,15:04:00,2024-05-21,120.0,120.0,120.0,120.0,0,0,1
FINNIFTY21MAY2420650CE.NFO,2024-04-25,15:05:00,2024-05-21,120.0,120.0,120.0,120.0,0,0,1
FINNIFTY21MAY2420650CE.NFO,2024-04-25,15:06:00,2024-05-21,120.0,120.0,120.0,120.0,0,0,1
FINNIFTY21MAY2420650CE.NFO,2024-04-25,15:07:00,2024-05-21,120.0,120.0,120.0,120.0,0,0,1
FINNIFTY21MAY2420650CE.NFO,2024-04-25,15:08:00,2024-05-21,120.0,120.0,120.0,120.0,0,0,1
FINNIFTY21MAY2420650CE.NFO,2024-04-25,15:09:00,2024-05-21,120.0,120.0,120.0,120.0,0,0,1
FINNIFTY21MAY2420650CE.NFO,2024-04-25,15:10:00,2024-05-21,120.0,120.0,120.0,120.0,0,0,1
FINNIFTY21MAY2420650CE.NFO,2024-04-25,15:11:00,2024-05-21,120.0,120.0,120.0,120.0,0,0,1
FINNIFTY21MAY2420650CE.NFO,2024-04-25,15:12:00,2024-05-21,120.0,120.0,120.0,120.0,0,0,1
FINNIFTY21MAY2420650CE.NFO,2024-04-25,15:13:00,2024-05-21,120.0,120.0,120.0,120.0,0,0,1
FINNIFTY21MAY2420650CE.NFO,2024-04-25,15:14:00,2024-05-21,120.0,120.0,120.0,120.0,0,0,1
FINNIFTY21MAY2420650CE.NFO,2024-04-25,15:15:00,2024-05-21,120.0,120.0,120.0,120.0,0,0,1
FINNIFTY21MAY2420650CE.NFO,2024-04-25,15:16:00,2024-05-21,120.0,120.0,120.0,120.0,0,0,1
FINNIFTY21MAY2420650CE.NFO,2024-04-25,15:17:00,2024-05-21,120.0,120.0,120.0,120.0,0,0,1
FINNIFTY21MAY2420650CE.NFO,2024-04-25,15:18:00,2024-05-21,120.0,120.0,120.0,120.0,0,0,1
FINNIFTY21MAY2420650CE.NFO,2024-04-25,15:19:00,2024-05-21,120.0,120.0,120.0,120.0,0,0,1
FINNIFTY21MAY2420650CE.NFO,2024-04-25,15:20:00,2024-05-21,120.0,120.0,120.0,120.0,0,0,1
FINNIFTY21MAY2420650CE.NFO,2024-04-25,15:21:00,2024-05-21,120.0,120.0,120.0,120.0,0,0,1
FINNIFTY21MAY2420650CE.NFO,2024-04-25,15:22:00,2024-05-21,120.0,120.0,120.0,120.0,0,0,1
FINNIFTY21MAY2420650CE.NFO,2024-04-25,15:23:00,2024-05-21,120.0,120.0,120.0,120.0,0,0,1
FINNIFTY21MAY2420650CE.NFO,2024-04-25,15:24:00,2024-05-21,120.0,120.0,120.0,120.0,0,0,1
FINNIFTY21MAY2420650CE.NFO,2024-04-25,15:25:00,2024-05-21,120.0,120.0,120.0,120.0,0,0,1
FINNIFTY21MAY2420650CE.NFO,2024-04-25,15:26:00,2024-05-21,120.0,120.0,120.0,120.0,0,0,1
FINNIFTY21MAY2420650CE.NFO,2024-04-25,15:27:00,2024-05-21,120.0,120.0,120.0,120.0,0,0,1
FINNIFTY21MAY2420650CE.NFO,2024-04-25,15:28:00,2024-05-21,120.0,120.0,120.0,120.0,0,0,1
FINNIFTY21MAY2420650CE.NFO,2024-04-25,15:29:00,2024-05-21,120.0,120.0,120.0,120.0,0,0,1
FINNIFTY21MAY2420650CE.NFO,2024-04-25,15:30:00,2024-05-21,120.0,120.0,120.0,120.0,0,0,1
FINNIFTY21MAY2420650CE.NFO,2024-04-26,09:15:00,2024-05-21,120.0,120.0,120.0,120.0,0,0,0
FINNIFTY21MAY2420650CE.NFO,2024-04-26,09:16:00,2024-05-21,120.0,120.0,120.0,120.0,0,0,1
FINNIFTY21MAY2420650CE.NFO,2024-04-26,09:17:00,2024-05-21,120.0,120.0,120.0,120.0,0,0,1
FINNIFTY21MAY2420650CE.NFO,2024-04-26,09:18:00,2024-05-21,120.0,120.0,120.0,120.0,0,0,1
FINNIFTY21MAY2420650CE.NFO,2024-04-26,09:19:00,2024-05-21,120.0,120.0,120.0,120.0,0,0,1
FINNIFTY21MAY2420650CE.NFO,2024-04-26,09:20:00,2024-05-21,120.0,120.0,120.0,120.0,0,0,1
FINNIFTY21MAY2420650CE.NFO,2024-04-26,09:21:00,2024-05-21,120.0,120.0,120.0,120.0,0,0,1
FINNIFTY21MAY2420650CE.NFO,2024-04-26,09:22:00,2024-05-21,120.0,120.0,120.0,120.0,0,0,1
FINNIFTY21MAY2420650CE.NFO,2024-04-26,09:23:00,2024-05-21,120.0,120.0,120.0,120.0,0,0,1
FINNIFTY21MAY2420650CE.NFO,2024-04-26,09:24:00,2024-05-21,120.0,120.0,120.0,120.0,0,0,1
FINNIFTY21MAY2420650CE.NFO,2024-04-26,09:25:00,2024-05-21,120.0,120.0,120.0,120.0,0,0,1
FINNIFTY21MAY2420650CE.NFO,2024-04-26,09:26:00,2024-05-21,120.0,120.0,120.0,120.0,0,0,1
FINNIFTY21MAY2420650CE.NFO,2024-04-26,09:27:00,2024-05-21,120.0,120.0,120.0,120.0,0,0,1
FINNIFTY21MAY2420650CE.NFO,2024-04-26,09:28:00,2024-05-21,120.0,120.0,120.0,120.0,0,0,1
FINNIFTY21MAY2420650CE.NFO,2024-04-26,09:29:00,2024-05-21,120.0,120.0,120.0,120.0,0,0,1
FINNIFTY21MAY2420650CE.NFO,2024-04-26,09:30:00,2024-05-21,120.0,120.0,120.0,120.0,0,0,1
FINNIFTY21MAY2420650CE.NFO,2024-04-26,09:31:00,2024-05-21,120.0,120.0,120.0,120.0,0,0,1
FINNIFTY21MAY2420650CE.NFO,2024-04-26,09:32:00,2024-05-21,120.0,120.0,120.0,120.0,0,0,1
FINNIFTY21MAY2420650CE.NFO,2024-04-26,09:33:00,2024-05-21,120.0,120.0,120.0,120.0,0,0,1
FINNIFTY21MAY2420650CE.NFO,2024-04-26,09:34:00,2024-05-21,120.0,120.0,120.0,120.0,0,0,1
FINNIFTY21MAY2420650CE.NFO,2024-04-26,09:35:00,2024-05-21,120.0,120.0,120.0,120.0,0,0,1
FINNIFTY21MAY2420650CE.NFO,2024-04-26,09:36:00,2024-05-21,120.0,120.0,120.0,120.0,0,0,1
FINNIFTY21MAY2420650CE.NFO,2024-04-26,09:37:00,2024-05-21,120.0,120.0,120.0,120.0,0,0,1
FINNIFTY21MAY2420650CE.NFO,2024-04-26,09:38:00,2024-05-21,120.0,120.0,120.0,120.0,0,0,1
FINNIFTY21MAY2420650CE.NFO,2024-04-26,09:39:00,2024-05-21,120.0,120.0,120.0,120.0,0,0,1
FINNIFTY21MAY2420650CE.NFO,2024-04-26,09:40:00,2024-05-21,120.0,120.0,120.0,120.0,0,0,1
FINNIFTY21MAY2420650CE.NFO,2024-04-26,09:41:00,2024-05-21,120.0,120.0,120.0,120.0,0,0,1
FINNIFTY21MAY2420650CE.NFO,2024-04-26,09:42:00,2024-05-21,120.0,120.0,120.0,120.0,0,0,1
FINNIFTY21MAY2420650CE.NFO,2024-04-26,09:43:00,2024-05-21,120.0,120.0,120.0,120.0,0,0,1
FINNIFTY21MAY2420650CE.NFO,2024-04-26,09:44:00,2024-05-21,120.0,120.0,120.0,120.0,0,0,1
FINNIFTY21MAY2420650CE.NFO,2024-04-26,09:45:00,2024-05-21,120.0,120.0,120.0,120.0,0,0,1
FINNIFTY21MAY2420650CE.NFO,2024-04-26,09:46:00,2024-05-21,120.0,120.0,120.0,120.0,0,0,1
FINNIFTY21MAY2420650CE.NFO,2024-04-26,09:47:00,2024-05-21,120.0,120.0,120.0,120.0,0,0,1
FINNIFTY21MAY2420650CE.NFO,2024-04-26,09:48:00,2024-05-21,120.0,120.0,120.0,120.0,0,0,1
FINNIFTY21MAY2420650CE.NFO,2024-04-26,09:49:00,2024-05-21,120.0,120.0,120.0,120.0,0,0,1
FINNIFTY21MAY2420650CE.NFO,2024-04-26,09:50:00,2024-05-21,120.0,120.0,120.0,120.0,0,0,1
FINNIFTY21MAY2420650CE.NFO,2024-04-26,09:51:00,2024-05-21,120.0,120.0,120.0,120.0,0,0,1
FINNIFTY21MAY2420650CE.NFO,2024-04-26,09:52:00,2024-05-21,120.0,120.0,120.0,120.0,0,0,1
FINNIFTY21MAY2420650CE.NFO,2024-04-26,09:53:00,2024-05-21,120.0,120.0,120.0,120.0,0,0,1
FINNIFTY21MAY2420650CE.NFO,2024-04-26,09:54:00,2024-05-21,120.0,120.0,120.0,120.0,0,0,1
FINNIFTY21MAY2420650CE.NFO,2024-04-26,09:55:00,2024-05-21,120.0,120.0,120.0,120.0,0,0,1
FINNIFTY21MAY2420650CE.NFO,2024-04-26,09:56:00,2024-05-21,120.0,120.0,120.0,120.0,0,0,1
FINNIFTY21MAY2420650CE.NFO,2024-04-26,09:57:00,2024-05-21,120.0,120.0,120.0,120.0,0,0,1
FINNIFTY21MAY2420650CE.NFO,2024-04-26,09:58:00,2024-05-21,120.0,120.0,120.0,120.0,0,0,1
FINNIFTY21MAY2420650CE.NFO,2024-04-26,09:59:00,2024-05-21,120.0,120.0,120.0,120.0,0,0,1
FINNIFTY21MAY2420650CE.NFO,2024-04-26,10:00:00,2024-05-21,120.0,120.0,120.0,120.0,0,0,1
FINNIFTY21MAY2420650CE.NFO,2024-04-26,10:01:00,2024-05-21,120.0,120.0,120.0,120.0,0,0,1
FINNIFTY21MAY2420650CE.NFO,2024-04-26,10:02:00,2024-05-21,120.0,120.0,120.0,120.0,0,0,1
FINNIFTY21MAY2420650CE.NFO,2024-04-26,10:03:00,2024-05-21,120.0,120.0,120.0,120.0,0,0,1
FINNIFTY21MAY2420650CE.NFO,2024-04-26,10:04:00,2024-05-21,120.0,120.0,120.0,120.0,0,0,1
FINNIFTY21MAY2420650CE.NFO,2024-04-26,10:05:00,2024-05-21,120.0,120.0,120.0,120.0,0,0,1
FINNIFTY21MAY2420650CE.NFO,2024-04-26,10:06:00,2024-05-21,120.0,120.0,120.0,120.0,0,0,1
FINNIFTY21MAY2420650CE.NFO,2024-04-26,10:07:00,2024-05-21,120.0,120.0,120.0,120.0,0,0,1
FINNIFTY21MAY2420650CE.NFO,2024-04-26,10:08:00,2024-05-21,120.0,120.0,120.0,120.0,0,0,1
FINNIFTY21MAY2420650CE.NFO,2024-04-26,10:09:00,2024-05-21,120.0,120.0,120.0,120.0,0,0,1
FINNIFTY21MAY2420650CE.NFO,2024-04-26,10:10:00,2024-05-21,120.0,120.0,120.0,120.0,0,0,1
FINNIFTY21MAY2420650CE.NFO,2024-04-26,10:11:00,2024-05-21,120.0,120.0,120.0,120.0,0,0,1
FINNIFTY21MAY2420650CE.NFO,2024-04-26,10:12:00,2024-05-21,120.0,120.0,120.0,120.0,0,0,1
FINNIFTY21MAY2420650CE.NFO,2024-04-26,10:13:00,2024-05-21,120.0,120.0,120.0,120.0,0,0,1
FINNIFTY21MAY2420650CE.NFO,2024-04-26,10:14:00,2024-05-21,120.0,120.0,120.0,120.0,0,0,1
FINNIFTY21MAY2420650CE.NFO,2024-04-26,10:15:00,2024-05-21,120.0,120.0,120.0,120.0,0,0,1
FINNIFTY21MAY2420650CE.NFO,2024-04-26,10:16:00,2024-05-21,120.0,120.0,120.0,120.0,0,0,1
FINNIFTY21MAY2420650CE.NFO,2024-04-26,10:17:00,2024-05-21,120.0,120.0,120.0,120.0,0,0,1
FINNIFTY21MAY2420650CE.NFO,2024-04-26,10:18:00,2024-05-21,120.0,120.0,120.0,120.0,0,0,1
FINNIFTY21MAY2420650CE.NFO,2024-04-26,10:19:00,2024-05-21,120.0,120.0,120.0,120.0,0,0,1
FINNIFTY21MAY2420650CE.NFO,2024-04-26,10:20:00,2024-05-21,120.0,120.0,120.0,120.0,0,0,1
FINNIFTY21MAY2420650CE.NFO,2024-04-26,10:21:00,2024-05-21,120.0,120.0,120.0,120.0,0,0,1
FINNIFTY21MAY2420650CE.NFO,2024-04-26,10:22:00,2024-05-21,120.0,120.0,120.0,120.0,0,0,1
FINNIFTY21MAY2420650CE.NFO,2024-04-26,10:23:00,2024-05-21,120.0,120.0,120.0,120.0,0,0,1
FINNIFTY21MAY2420650CE.NFO,2024-04-26,10:24:00,2024-05-21,120.0,120.0,120.0,120.0,0,0,1
FINNIFTY21MAY2420650CE.NFO,2024-04-26,10:25:00,2024-05-21,120.0,120.0,120.0,120.0,0,0,1
FINNIFTY21MAY2420650CE.NFO,2024-04-26,10:26:00,2024-05-21,120.0,120.0,120.0,120.0,0,0,1
FINNIFTY21MAY2420650CE.NFO,2024-04-26,10:27:00,2024-05-21,120.0,120.0,120.0,120.0,0,0,1
FINNIFTY21MAY2420650CE.NFO,2024-04-26,10:28:00,2024-05-21,120.0,120.0,120.0,120.0,0,0,1
FINNIFTY21MAY2420650CE.NFO,2024-04-26,10:29:00,2024-05-21,120.0,120.0,120.0,120.0,0,0,1
FINNIFTY21MAY2420650CE.NFO,2024-04-26,10:30:00,2024-05-21,120.0,120.0,120.0,120.0,0,0,1
FINNIFTY21MAY2420650CE.NFO,2024-04-26,10:31:00,2024-05-21,120.0,120.0,120.0,120.0,0,0,1
FINNIFTY21MAY2420650CE.NFO,2024-04-26,10:32:00,2024-05-21,120.0,120.0,120.0,120.0,0,0,1
FINNIFTY21MAY2420650CE.NFO,2024-04-26,10:33:00,2024-05-21,120.0,120.0,120.0,120.0,0,0,1
FINNIFTY21MAY2420650CE.NFO,2024-04-26,10:34:00,2024-05-21,120.0,120.0,120.0,120.0,0,0,1
FINNIFTY21MAY2420650CE.NFO,2024-04-26,10:35:00,2024-05-21,120.0,120.0,120.0,120.0,0,0,1
FINNIFTY21MAY2420650CE.NFO,2024-04-26,10:36:00,2024-05-21,120.0,120.0,120.0,120.0,0,0,1
FINNIFTY21MAY2420650CE.NFO,2024-04-26,10:37:00,2024-05-21,120.0,120.0,120.0,120.0,0,0,1
FINNIFTY21MAY2420650CE.NFO,2024-04-26,10:38:00,2024-05-21,120.0,120.0,120.0,120.0,0,0,1
FINNIFTY21MAY2420650CE.NFO,2024-04-26,10:39:00,2024-05-21,120.0,120.0,120.0,120.0,0,0,1
FINNIFTY21MAY2420650CE.NFO,2024-04-26,10:40:00,2024-05-21,120.0,120.0,120.0,120.0,0,0,1
FINNIFTY21MAY2420650CE.NFO,2024-04-26,10:41:00,2024-05-21,120.0,120.0,120.0,120.0,0,0,1
FINNIFTY21MAY2420650CE.NFO,2024-04-26,10:42:00,2024-05-21,120.0,120.0,120.0,120.0,0,0,1
FINNIFTY21MAY2420650CE.NFO,2024-04-26,10:43:00,2024-05-21,120.0,120.0,120.0,120.0,0,0,1
FINNIFTY21MAY2420650CE.NFO,2024-04-26,10:44:00,2024-05-21,120.0,120.0,120.0,120.0,0,0,1
FINNIFTY21MAY2420650CE.NFO,2024-04-26,10:45:00,2024-05-21,120.0,120.0,120.0,120.0,0,0,1
FINNIFTY21MAY2420650CE.NFO,2024-04-26,10:46:00,2024-05-21,120.0,120.0,120.0,120.0,0,0,1
FINNIFTY21MAY2420650CE.NFO,2024-04-26,10:47:00,2024-05-21,120.0,120.0,120.0,120.0,0,0,1
FINNIFTY21MAY2420650CE.NFO,2024-04-26,10:48:00,2024-05-21,120.0,120.0,120.0,120.0,0,0,1
FINNIFTY21MAY2420650CE.NFO,2024-04-26,10:49:00,2024-05-21,120.0,120.0,120.0,120.0,0,0,1
FINNIFTY21MAY2420650CE.NFO,2024-04-26,10:50:00,2024-05-21,120.0,120.0,120.0,120.0,0,0,1
FINNIFTY21MAY2420650CE.NFO,2024-04-26,10:51:00,2024-05-21,120.0,120.0,120.0,120.0,0,0,1
FINNIFTY21MAY2420650CE.NFO,2024-04-26,10:52:00,2024-05-21,120.0,120.0,120.0,120.0,0,0,1
FINNIFTY21MAY2420650CE.NFO,2024-04-26,10:53:00,2024-05-21,120.0,120.0,120.0,120.0,0,0,1
FINNIFTY21MAY2420650CE.NFO,2024-04-26,10:54:00,2024-05-21,120.0,120.0,120.0,120.0,0,0,1
FINNIFTY21MAY2420650CE.NFO,2024-04-26,10:55:00,2024-05-21,120.0,120.0,120.0,120.0,0,0,1
FINNIFTY21MAY2420650CE.NFO,2024-04-26,10:56:00,2024-05-21,120.0,120.0,120.0,120.0,0,0,1
FINNIFTY21MAY2420650CE.NFO,2024-04-26,10:57:00,2024-05-21,120.0,120.0,120.0,120.0,0,0,1
FINNIFTY21MAY2420650CE.NFO,2024-04-26,10:58:00,2024-05-21,120.0,120.0,120.0,120.0,0,0,1
FINNIFTY21MAY2420650CE.NFO,2024-04-26,10:59:00,2024-05-21,120.0,120.0,120.0,120.0,0,0,1
FINNIFTY21MAY2420650CE.NFO,2024-04-26,11:00:00,2024-05-21,120.0,120.0,120.0,120.0,0,0,1
FINNIFTY21MAY2420650CE.NFO,2024-04-26,11:01:00,2024-05-21,120.0,120.0,120.0,120.0,0,0,1
FINNIFTY21MAY2420650CE.NFO,2024-04-26,11:02:00,2024-05-21,120.0,120.0,120.0,120.0,0,0,1
FINNIFTY21MAY2420650CE.NFO,2024-04-26,11:03:00,2024-05-21,120.0,120.0,120.0,120.0,0,0,1
FINNIFTY21MAY2420650CE.NFO,2024-04-26,11:04:00,2024-05-21,120.0,120.0,120.0,120.0,0,0,1
FINNIFTY21MAY2420650CE.NFO,2024-04-26,11:05:00,2024-05-21,120.0,120.0,120.0,120.0,0,0,1
FINNIFTY21MAY2420650CE.NFO,2024-04-26,11:06:00,2024-05-21,120.0,120.0,120.0,120.0,0,0,1
FINNIFTY21MAY2420650CE.NFO,2024-04-26,11:07:00,2024-05-21,120.0,120.0,120.0,120.0,0,0,1
FINNIFTY21MAY2420650CE.NFO,2024-04-26,11:08:00,2024-05-21,120.0,120.0,120.0,120.0,0,0,1
FINNIFTY21MAY2420650CE.NFO,2024-04-26,11:09:00,2024-05-21,120.0,120.0,120.0,120.0,0,0,1
FINNIFTY21MAY2420650CE.NFO,2024-04-26,11:10:00,2024-05-21,120.0,120.0,120.0,120.0,0,0,1
FINNIFTY21MAY2420650CE.NFO,2024-04-26,11:11:00,2024-05-21,120.0,120.0,120.0,120.0,0,0,1
FINNIFTY21MAY2420650CE.NFO,2024-04-26,11:12:00,2024-05-21,120.0,120.0,120.0,120.0,0,0,1
FINNIFTY21MAY2420650CE.NFO,2024-04-26,11:13:00,2024-05-21,120.0,120.0,120.0,120.0,0,0,1
FINNIFTY21MAY2420650CE.NFO,2024-04-26,11:14:00,2024-05-21,120.0,120.0,120.0,120.0,0,0,1
FINNIFTY21MAY2420650CE.NFO,2024-04-26,11:15:00,2024-05-21,120.0,120.0,120.0,120.0,0,0,1
FINNIFTY21MAY2420650CE.NFO,2024-04-26,11:16:00,2024-05-21,120.0,120.0,120.0,120.0,0,0,1
FINNIFTY21MAY2420650CE.NFO,2024-04-26,11:17:00,2024-05-21,120.0,120.0,120.0,120.0,0,0,1
FINNIFTY21MAY2420650CE.NFO,2024-04-26,11:18:00,2024-05-21,120.0,120.0,120.0,120.0,0,0,1
FINNIFTY21MAY2420650CE.NFO,2024-04-26,11:19:00,2024-05-21,120.0,120.0,120.0,120.0,0,0,1
FINNIFTY21MAY2420650CE.NFO,2024-04-26,11:20:00,2024-05-21,120.0,120.0,120.0,120.0,0,0,1
FINNIFTY21MAY2420650CE.NFO,2024-04-26,11:21:00,2024-05-21,120.0,120.0,120.0,120.0,0,0,1
FINNIFTY21MAY2420650CE.NFO,2024-04-26,11:22:00,2024-05-21,120.0,120.0,120.0,120.0,0,0,1
FINNIFTY21MAY2420650CE.NFO,2024-04-26,11:23:00,2024-05-21,120.0,120.0,120.0,120.0,0,0,1
FINNIFTY21MAY2420650CE.NFO,2024-04-26,11:24:00,2024-05-21,120.0,120.0,120.0,120.0,0,0,1
FINNIFTY21MAY2420650CE.NFO,2024-04-26,11:25:00,2024-05-21,120.0,120.0,120.0,120.0,0,0,1
FINNIFTY21MAY2420650CE.NFO,2024-04-26,11:26:00,2024-05-21,120.0,120.0,120.0,120.0,0,0,1
FINNIFTY21MAY2420650CE.NFO,2024-04-26,11:27:00,2024-05-21,120.0,120.0,120.0,120.0,0,0,1
FINNIFTY21MAY2420650CE.NFO,2024-04-26,11:28:00,2024-05-21,120.0,120.0,120.0,120.0,0,0,1
FINNIFTY21MAY2420650CE.NFO,2024-04-26,11:29:00,2024-05-21,120.0,120.0,120.0,120.0,0,0,1
FINNIFTY21MAY2420650CE.NFO,2024-04-26,11:30:00,2024-05-21,120.0,120.0,120.0,120.0,0,0,1
FINNIFTY21MAY2420650CE.NFO,2024-04-26,11:31:00,2024-05-21,120.0,120.0,120.0,120.0,0,0,1
FINNIFTY21MAY2420650CE.NFO,2024-04-26,11:32:00,2024-05-21,120.0,120.0,120.0,120.0,0,0,1
FINNIFTY21MAY2420650CE.NFO,2024-04-26,11:33:00,2024-05-21,120.0,120.0,120.0,120.0,0,0,1
FINNIFTY21MAY2420650CE.NFO,2024-04-26,11:34:00,2024-05-21,120.0,120.0,120.0,120.0,0,0,1
FINNIFTY21MAY2420650CE.NFO,2024-04-26,11:35:00,2024-05-21,120.0,120.0,120.0,120.0,0,0,1
FINNIFTY21MAY2420650CE.NFO,2024-04-26,11:36:00,2024-05-21,120.0,120.0,120.0,120.0,0,0,1
FINNIFTY21MAY2420650CE.NFO,2024-04-26,11:37:00,2024-05-21,120.0,120.0,120.0,120.0,0,0,1
FINNIFTY21MAY2420650CE.NFO,2024-04-26,11:38:00,2024-05-21,120.0,120.0,120.0,120.0,0,0,1
FINNIFTY21MAY2420650CE.NFO,2024-04-26,11:39:00,2024-05-21,120.0,120.0,120.0,120.0,0,0,1
FINNIFTY21MAY2420650CE.NFO,2024-04-26,11:40:00,2024-05-21,120.0,120.0,120.0,120.0,0,0,1
FINNIFTY21MAY2420650CE.NFO,2024-04-26,11:41:00,2024-05-21,120.0,120.0,120.0,120.0,0,0,1
FINNIFTY21MAY2420650CE.NFO,2024-04-26,11:42:00,2024-05-21,120.0,120.0,120.0,120.0,0,0,1
FINNIFTY21MAY2420650CE.NFO,2024-04-26,11:43:00,2024-05-21,120.0,120.0,120.0,120.0,0,0,1
FINNIFTY21MAY2420650CE.NFO,2024-04-26,11:44:00,2024-05-21,120.0,120.0,120.0,120.0,0,0,1
FINNIFTY21MAY2420650CE.NFO,2024-04-26,11:45:00,2024-05-21,120.0,120.0,120.0,120.0,0,0,1
FINNIFTY21MAY2420650CE.NFO,2024-04-26,11:46:00,2024-05-21,120.0,120.0,120.0,120.0,0,0,1
FINNIFTY21MAY2420650CE.NFO,2024-04-26,11:47:00,2024-05-21,120.0,120.0,120.0,120.0,0,0,1
FINNIFTY21MAY2420650CE.NFO,2024-04-26,11:48:00,2024-05-21,120.0,120.0,120.0,120.0,0,0,1
FINNIFTY21MAY2420650CE.NFO,2024-04-26,11:49:00,2024-05-21,120.0,120.0,120.0,120.0,0,0,1
FINNIFTY21MAY2420650CE.NFO,2024-04-26,11:50:00,2024-05-21,120.0,120.0,120.0,120.0,0,0,1
FINNIFTY21MAY2420650CE.NFO,2024-04-26,11:51:00,2024-05-21,120.0,120.0,120.0,120.0,0,0,1
FINNIFTY21MAY2420650CE.NFO,2024-04-26,11:52:00,2024-05-21,120.0,120.0,120.0,120.0,0,0,1
FINNIFTY21MAY2420650CE.NFO,2024-04-26,11:53:00,2024-05-21,120.0,120.0,120.0,120.0,0,0,1
FINNIFTY21MAY2420650CE.NFO,2024-04-26,11:54:00,2024-05-21,120.0,120.0,120.0,120.0,0,0,1
FINNIFTY21MAY2420650CE.NFO,2024-04-26,11:55:00,2024-05-21,120.0,120.0,120.0,120.0,0,0,1
FINNIFTY21MAY2420650CE.NFO,2024-04-26,11:56:00,2024-05-21,120.0,120.0,120.0,120.0,0,0,1
FINNIFTY21MAY2420650CE.NFO,2024-04-26,11:57:00,2024-05-21,120.0,120.0,120.0,120.0,0,0,1
FINNIFTY21MAY2420650CE.NFO,2024-04-26,11:58:00,2024-05-21,120.0,120.0,120.0,120.0,0,0,1
FINNIFTY21MAY2420650CE.NFO,2024-04-26,11:59:00,2024-05-21,120.0,120.0,120.0,120.0,0,0,1
FINNIFTY21MAY2420650CE.NFO,2024-04-26,12:00:00,2024-05-21,120.0,120.0,120.0,120.0,0,0,1
FINNIFTY21MAY2420650CE.NFO,2024-04-26,12:01:00,2024-05-21,120.0,120.0,120.0,120.0,0,0,1
FINNIFTY21MAY2420650CE.NFO,2024-04-26,12:02:00,2024-05-21,120.0,120.0,120.0,120.0,0,0,1
FINNIFTY21MAY2420650CE.NFO,2024-04-26,12:03:00,2024-05-21,120.0,120.0,120.0,120.0,0,0,1
FINNIFTY21MAY2420650CE.NFO,2024-04-26,12:04:00,2024-05-21,120.0,120.0,120.0,120.0,0,0,1
FINNIFTY21MAY2420650CE.NFO,2024-04-26,12:05:00,2024-05-21,120.0,120.0,120.0,120.0,0,0,1
FINNIFTY21MAY2420650CE.NFO,2024-04-26,12:06:00,2024-05-21,120.0,120.0,120.0,120.0,0,0,1
FINNIFTY21MAY2420650CE.NFO,2024-04-26,12:07:00,2024-05-21,120.0,120.0,120.0,120.0,0,0,1
FINNIFTY21MAY2420650CE.NFO,2024-04-26,12:08:00,2024-05-21,120.0,120.0,120.0,120.0,0,0,1
FINNIFTY21MAY2420650CE.NFO,2024-04-26,12:09:00,2024-05-21,120.0,120.0,120.0,120.0,0,0,1
FINNIFTY21MAY2420650CE.NFO,2024-04-26,12:10:00,2024-05-21,120.0,120.0,120.0,120.0,0,0,1
FINNIFTY21MAY2420650CE.NFO,2024-04-26,12:11:00,2024-05-21,120.0,120.0,120.0,120.0,0,0,1
FINNIFTY21MAY2420650CE.NFO,2024-04-26,12:12:00,2024-05-21,120.0,120.0,120.0,120.0,0,0,1
FINNIFTY21MAY2420650CE.NFO,2024-04-26,12:13:00,2024-05-21,120.0,120.0,120.0,120.0,0,0,1
FINNIFTY21MAY2420650CE.NFO,2024-04-26,12:14:00,2024-05-21,120.0,120.0,120.0,120.0,0,0,1
FINNIFTY21MAY2420650CE.NFO,2024-04-26,12:15:00,2024-05-21,120.0,120.0,120.0,120.0,0,0,1
FINNIFTY21MAY2420650CE.NFO,2024-04-26,12:16:00,2024-05-21,120.0,120.0,120.0,120.0,0,0,1
FINNIFTY21MAY2420650CE.NFO,2024-04-26,12:17:00,2024-05-21,120.0,120.0,120.0,120.0,0,0,1
FINNIFTY21MAY2420650CE.NFO,2024-04-26,12:18:00,2024-05-21,120.0,120.0,120.0,120.0,0,0,1
FINNIFTY21MAY2420650CE.NFO,2024-04-26,12:19:00,2024-05-21,120.0,120.0,120.0,120.0,0,0,1
FINNIFTY21MAY2420650CE.NFO,2024-04-26,12:20:00,2024-05-21,120.0,120.0,120.0,120.0,0,0,1
FINNIFTY21MAY2420650CE.NFO,2024-04-26,12:21:00,2024-05-21,120.0,120.0,120.0,120.0,0,0,1
FINNIFTY21MAY2420650CE.NFO,2024-04-26,12:22:00,2024-05-21,120.0,120.0,120.0,120.0,0,0,1
FINNIFTY21MAY2420650CE.NFO,2024-04-26,12:23:00,2024-05-21,120.0,120.0,120.0,120.0,0,0,1
FINNIFTY21MAY2420650CE.NFO,2024-04-26,12:24:00,2024-05-21,120.0,120.0,120.0,120.0,0,0,1
FINNIFTY21MAY2420650CE.NFO,2024-04-26,12:25:00,2024-05-21,120.0,120.0,120.0,120.0,0,0,1
FINNIFTY21MAY2420650CE.NFO,2024-04-26,12:26:00,2024-05-21,120.0,120.0,120.0,120.0,0,0,1
FINNIFTY21MAY2420650CE.NFO,2024-04-26,12:27:00,2024-05-21,120.0,120.0,120.0,120.0,0,0,1
FINNIFTY21MAY2420650CE.NFO,2024-04-26,12:28:00,2024-05-21,120.0,120.0,120.0,120.0,0,0,1
FINNIFTY21MAY2420650CE.NFO,2024-04-26,12:29:00,2024-05-21,120.0,120.0,120.0,120.0,0,0,1
FINNIFTY21MAY2420650CE.NFO,2024-04-26,12:30:00,2024-05-21,120.0,120.0,120.0,120.0,0,0,1
FINNIFTY21MAY2420650CE.NFO,2024-04-26,12:31:00,2024-05-21,120.0,120.0,120.0,120.0,0,0,1
FINNIFTY21MAY2420650CE.NFO,2024-04-26,12:32:00,2024-05-21,120.0,120.0,120.0,120.0,0,0,1
FINNIFTY21MAY2420650CE.NFO,2024-04-26,12:33:00,2024-05-21,120.0,120.0,120.0,120.0,0,0,1
FINNIFTY21MAY2420650CE.NFO,2024-04-26,12:34:00,2024-05-21,120.0,120.0,120.0,120.0,0,0,1
FINNIFTY21MAY2420650CE.NFO,2024-04-26,12:35:00,2024-05-21,120.0,120.0,120.0,120.0,0,0,1
FINNIFTY21MAY2420650CE.NFO,2024-04-26,12:36:00,2024-05-21,120.0,120.0,120.0,120.0,0,0,1
FINNIFTY21MAY2420650CE.NFO,2024-04-26,12:37:00,2024-05-21,120.0,120.0,120.0,120.0,0,0,1
FINNIFTY21MAY2420650CE.NFO,2024-04-26,12:38:00,2024-05-21,120.0,120.0,120.0,120.0,0,0,1
FINNIFTY21MAY2420650CE.NFO,2024-04-26,12:39:00,2024-05-21,120.0,120.0,120.0,120.0,0,0,1
FINNIFTY21MAY2420650CE.NFO,2024-04-26,12:40:00,2024-05-21,120.0,120.0,120.0,120.0,0,0,1
FINNIFTY21MAY2420650CE.NFO,2024-04-26,12:41:00,2024-05-21,120.0,120.0,120.0,120.0,0,0,1
FINNIFTY21MAY2420650CE.NFO,2024-04-26,12:42:00,2024-05-21,120.0,120.0,120.0,120.0,0,0,1
FINNIFTY21MAY2420650CE.NFO,2024-04-26,12:43:00,2024-05-21,120.0,120.0,120.0,120.0,0,0,1
FINNIFTY21MAY2420650CE.NFO,2024-04-26,12:44:00,2024-05-21,120.0,120.0,120.0,120.0,0,0,1
FINNIFTY21MAY2420650CE.NFO,2024-04-26,12:45:00,2024-05-21,120.0,120.0,120.0,120.0,0,0,1
FINNIFTY21MAY2420650CE.NFO,2024-04-26,12:46:00,2024-05-21,120.0,120.0,120.0,120.0,0,0,1
FINNIFTY21MAY2420650CE.NFO,2024-04-26,12:47:00,2024-05-21,120.0,120.0,120.0,120.0,0,0,1
FINNIFTY21MAY2420650CE.NFO,2024-04-26,12:48:00,2024-05-21,120.0,120.0,120.0,120.0,0,0,1
FINNIFTY21MAY2420650CE.NFO,2024-04-26,12:49:00,2024-05-21,120.0,120.0,120.0,120.0,0,0,1
FINNIFTY21MAY2420650CE.NFO,2024-04-26,12:50:00,2024-05-21,120.0,120.0,120.0,120.0,0,0,1
FINNIFTY21MAY2420650CE.NFO,2024-04-26,12:51:00,2024-05-21,120.0,120.0,120.0,120.0,0,0,1
FINNIFTY21MAY2420650CE.NFO,2024-04-26,12:52:00,2024-05-21,120.0,120.0,120.0,120.0,0,0,1
FINNIFTY21MAY2420650CE.NFO,2024-04-26,12:53:00,2024-05-21,120.0,120.0,120.0,120.0,0,0,1
FINNIFTY21MAY2420650CE.NFO,2024-04-26,12:54:00,2024-05-21,120.0,120.0,120.0,120.0,0,0,1
FINNIFTY21MAY2420650CE.NFO,2024-04-26,12:55:00,2024-05-21,120.0,120.0,120.0,120.0,0,0,1
FINNIFTY21MAY2420650CE.NFO,2024-04-26,12:56:00,2024-05-21,120.0,120.0,120.0,120.0,0,0,1
FINNIFTY21MAY2420650CE.NFO,2024-04-26,12:57:00,2024-05-21,120.0,120.0,120.0,120.0,0,0,1
FINNIFTY21MAY2420650CE.NFO,2024-04-26,12:58:00,2024-05-21,120.0,120.0,120.0,120.0,0,0,1
FINNIFTY21MAY2420650CE.NFO,2024-04-26,12:59:00,2024-05-21,120.0,120.0,120.0,120.0,0,0,1
FINNIFTY21MAY2420650CE.NFO,2024-04-26,13:00:00,2024-05-21,120.0,120.0,120.0,120.0,0,0,1
FINNIFTY21MAY2420650CE.NFO,2024-04-26,13:01:00,2024-05-21,120.0,120.0,120.0,120.0,0,0,1
FINNIFTY21MAY2420650CE.NFO,2024-04-26,13:02:00,2024-05-21,120.0,120.0,120.0,120.0,0,0,1
FINNIFTY21MAY2420650CE.NFO,2024-04-26,13:03:00,2024-05-21,120.0,120.0,120.0,120.0,0,0,1
FINNIFTY21MAY2420650CE.NFO,2024-04-26,13:04:00,2024-05-21,120.0,120.0,120.0,120.0,0,0,1
FINNIFTY21MAY2420650CE.NFO,2024-04-26,13:05:00,2024-05-21,120.0,120.0,120.0,120.0,0,0,1
FINNIFTY21MAY2420650CE.NFO,2024-04-26,13:06:00,2024-05-21,120.0,120.0,120.0,120.0,0,0,1
FINNIFTY21MAY2420650CE.NFO,2024-04-26,13:07:00,2024-05-21,120.0,120.0,120.0,120.0,0,0,1
FINNIFTY21MAY2420650CE.NFO,2024-04-26,13:08:00,2024-05-21,120.0,120.0,120.0,120.0,0,0,1
FINNIFTY21MAY2420650CE.NFO,2024-04-26,13:09:00,2024-05-21,120.0,120.0,120.0,120.0,0,0,1
FINNIFTY21MAY2420650CE.NFO,2024-04-26,13:10:00,2024-05-21,120.0,120.0,120.0,120.0,0,0,1
FINNIFTY21MAY2420650CE.NFO,2024-04-26,13:11:00,2024-05-21,120.0,120.0,120.0,120.0,0,0,1
FINNIFTY21MAY2420650CE.NFO,2024-04-26,13:12:00,2024-05-21,120.0,120.0,120.0,120.0,0,0,1
FINNIFTY21MAY2420650CE.NFO,2024-04-26,13:13:00,2024-05-21,120.0,120.0,120.0,120.0,0,0,1
FINNIFTY21MAY2420650CE.NFO,2024-04-26,13:14:00,2024-05-21,120.0,120.0,120.0,120.0,0,0,1
FINNIFTY21MAY2420650CE.NFO,2024-04-26,13:15:00,2024-05-21,120.0,120.0,120.0,120.0,0,0,1
FINNIFTY21MAY2420650CE.NFO,2024-04-26,13:16:00,2024-05-21,120.0,120.0,120.0,120.0,0,0,1
FINNIFTY21MAY2420650CE.NFO,2024-04-26,13:17:00,2024-05-21,120.0,120.0,120.0,120.0,0,0,1
FINNIFTY21MAY2420650CE.NFO,2024-04-26,13:18:00,2024-05-21,120.0,120.0,120.0,120.0,0,0,1
FINNIFTY21MAY2420650CE.NFO,2024-04-26,13:19:00,2024-05-21,120.0,120.0,120.0,120.0,0,0,1
FINNIFTY21MAY2420650CE.NFO,2024-04-26,13:20:00,2024-05-21,120.0,120.0,120.0,120.0,0,0,1
FINNIFTY21MAY2420650CE.NFO,2024-04-26,13:21:00,2024-05-21,120.0,120.0,120.0,120.0,0,0,1
FINNIFTY21MAY2420650CE.NFO,2024-04-26,13:22:00,2024-05-21,120.0,120.0,120.0,120.0,0,0,1
FINNIFTY21MAY2420650CE.NFO,2024-04-26,13:23:00,2024-05-21,120.0,120.0,120.0,120.0,0,0,1
FINNIFTY21MAY2420650CE.NFO,2024-04-26,13:24:00,2024-05-21,120.0,120.0,120.0,120.0,0,0,1
FINNIFTY21MAY2420650CE.NFO,2024-04-26,13:25:00,2024-05-21,120.0,120.0,120.0,120.0,0,0,1
FINNIFTY21MAY2420650CE.NFO,2024-04-26,13:26:00,2024-05-21,120.0,120.0,120.0,120.0,0,0,1
FINNIFTY21MAY2420650CE.NFO,2024-04-26,13:27:00,2024-05-21,120.0,120.0,120.0,120.0,0,0,1
FINNIFTY21MAY2420650CE.NFO,2024-04-26,13:28:00,2024-05-21,120.0,120.0,120.0,120.0,0,0,1
FINNIFTY21MAY2420650CE.NFO,2024-04-26,13:29:00,2024-05-21,120.0,120.0,120.0,120.0,0,0,1
FINNIFTY21MAY2420650CE.NFO,2024-04-26,13:30:00,2024-05-21,120.0,120.0,120.0,120.0,0,0,1
FINNIFTY21MAY2420650CE.NFO,2024-04-26,13:31:00,2024-05-21,120.0,120.0,120.0,120.0,0,0,1
FINNIFTY21MAY2420650CE.NFO,2024-04-26,13:32:00,2024-05-21,120.0,120.0,120.0,120.0,0,0,1
FINNIFTY21MAY2420650CE.NFO,2024-04-26,13:33:00,2024-05-21,120.0,120.0,120.0,120.0,0,0,1
FINNIFTY21MAY2420650CE.NFO,2024-04-26,13:34:00,2024-05-21,120.0,120.0,120.0,120.0,0,0,1
FINNIFTY21MAY2420650CE.NFO,2024-04-26,13:35:00,2024-05-21,120.0,120.0,120.0,120.0,0,0,1
FINNIFTY21MAY2420650CE.NFO,2024-04-26,13:36:00,2024-05-21,120.0,120.0,120.0,120.0,0,0,1
FINNIFTY21MAY2420650CE.NFO,2024-04-26,13:37:00,2024-05-21,120.0,120.0,120.0,120.0,0,0,1
FINNIFTY21MAY2420650CE.NFO,2024-04-26,13:38:00,2024-05-21,120.0,120.0,120.0,120.0,0,0,1
FINNIFTY21MAY2420650CE.NFO,2024-04-26,13:39:00,2024-05-21,120.0,120.0,120.0,120.0,0,0,1
FINNIFTY21MAY2420650CE.NFO,2024-04-26,13:40:00,2024-05-21,120.0,120.0,120.0,120.0,0,0,1
FINNIFTY21MAY2420650CE.NFO,2024-04-26,13:41:00,2024-05-21,120.0,120.0,120.0,120.0,0,0,1
FINNIFTY21MAY2420650CE.NFO,2024-04-26,13:42:00,2024-05-21,120.0,120.0,120.0,120.0,0,0,1
FINNIFTY21MAY2420650CE.NFO,2024-04-26,13:43:00,2024-05-21,120.0,120.0,120.0,120.0,0,0,1
FINNIFTY21MAY2420650CE.NFO,2024-04-26,13:44:00,2024-05-21,120.0,120.0,120.0,120.0,0,0,1
FINNIFTY21MAY2420650CE.NFO,2024-04-26,13:45:00,2024-05-21,120.0,120.0,120.0,120.0,0,0,1
FINNIFTY21MAY2420650CE.NFO,2024-04-26,13:46:00,2024-05-21,120.0,120.0,120.0,120.0,0,0,1
FINNIFTY21MAY2420650CE.NFO,2024-04-26,13:47:00,2024-05-21,120.0,120.0,120.0,120.0,0,0,1
FINNIFTY21MAY2420650CE.NFO,2024-04-26,13:48:00,2024-05-21,120.0,120.0,120.0,120.0,0,0,1
FINNIFTY21MAY2420650CE.NFO,2024-04-26,13:49:00,2024-05-21,120.0,120.0,120.0,120.0,0,0,1
FINNIFTY21MAY2420650CE.NFO,2024-04-26,13:50:00,2024-05-21,120.0,120.0,120.0,120.0,0,0,1
FINNIFTY21MAY2420650CE.NFO,2024-04-26,13:51:00,2024-05-21,120.0,120.0,120.0,120.0,0,0,1
FINNIFTY21MAY2420650CE.NFO,2024-04-26,13:52:00,2024-05-21,120.0,120.0,120.0,120.0,0,0,1
FINNIFTY21MAY2420650CE.NFO,2024-04-26,13:53:00,2024-05-21,120.0,120.0,120.0,120.0,0,0,1
FINNIFTY21MAY2420650CE.NFO,2024-04-26,13:54:00,2024-05-21,120.0,120.0,120.0,120.0,0,0,1
FINNIFTY21MAY2420650CE.NFO,2024-04-26,13:55:00,2024-05-21,120.0,120.0,120.0,120.0,0,0,1
FINNIFTY21MAY2420650CE.NFO,2024-04-26,13:56:00,2024-05-21,120.0,120.0,120.0,120.0,0,0,1
FINNIFTY21MAY2420650CE.NFO,2024-04-26,13:57:00,2024-05-21,120.0,120.0,120.0,120.0,0,0,1
FINNIFTY21MAY2420650CE.NFO,2024-04-26,13:58:00,2024-05-21,120.0,120.0,120.0,120.0,0,0,1
FINNIFTY21MAY2420650CE.NFO,2024-04-26,13:59:00,2024-05-21,120.0,120.0,120.0,120.0,0,0,1
FINNIFTY21MAY2420650CE.NFO,2024-04-26,14:00:00,2024-05-21,120.0,120.0,120.0,120.0,0,0,1
FINNIFTY21MAY2420650CE.NFO,2024-04-26,14:01:00,2024-05-21,120.0,120.0,120.0,120.0,0,0,1
FINNIFTY21MAY2420650CE.NFO,2024-04-26,14:02:00,2024-05-21,120.0,120.0,120.0,120.0,0,0,1
FINNIFTY21MAY2420650CE.NFO,2024-04-26,14:03:00,2024-05-21,120.0,120.0,120.0,120.0,0,0,1
FINNIFTY21MAY2420650CE.NFO,2024-04-26,14:04:00,2024-05-21,120.0,120.0,120.0,120.0,0,0,1
FINNIFTY21MAY2420650CE.NFO,2024-04-26,14:05:00,2024-05-21,120.0,120.0,120.0,120.0,0,0,1
FINNIFTY21MAY2420650CE.NFO,2024-04-26,14:06:00,2024-05-21,120.0,120.0,120.0,120.0,0,0,1
FINNIFTY21MAY2420650CE.NFO,2024-04-26,14:07:00,2024-05-21,120.0,120.0,120.0,120.0,0,0,1
FINNIFTY21MAY2420650CE.NFO,2024-04-26,14:08:00,2024-05-21,120.0,120.0,120.0,120.0,0,0,1
FINNIFTY21MAY2420650CE.NFO,2024-04-26,14:09:00,2024-05-21,120.0,120.0,120.0,120.0,0,0,1
FINNIFTY21MAY2420650CE.NFO,2024-04-26,14:10:00,2024-05-21,120.0,120.0,120.0,120.0,0,0,1
FINNIFTY21MAY2420650CE.NFO,2024-04-26,14:11:00,2024-05-21,120.0,120.0,120.0,120.0,0,0,1
FINNIFTY21MAY2420650CE.NFO,2024-04-26,14:12:00,2024-05-21,120.0,120.0,120.0,120.0,0,0,1
FINNIFTY21MAY2420650CE.NFO,2024-04-26,14:13:00,2024-05-21,120.0,120.0,120.0,120.0,0,0,1
FINNIFTY21MAY2420650CE.NFO,2024-04-26,14:14:00,2024-05-21,120.0,120.0,120.0,120.0,0,0,1
FINNIFTY21MAY2420650CE.NFO,2024-04-26,14:15:00,2024-05-21,120.0,120.0,120.0,120.0,0,0,1
FINNIFTY21MAY2420650CE.NFO,2024-04-26,14:16:00,2024-05-21,120.0,120.0,120.0,120.0,0,0,1
FINNIFTY21MAY2420650CE.NFO,2024-04-26,14:17:00,2024-05-21,120.0,120.0,120.0,120.0,0,0,1
FINNIFTY21MAY2420650CE.NFO,2024-04-26,14:18:00,2024-05-21,120.0,120.0,120.0,120.0,0,0,1
FINNIFTY21MAY2420650CE.NFO,2024-04-26,14:19:00,2024-05-21,120.0,120.0,120.0,120.0,0,0,1
FINNIFTY21MAY2420650CE.NFO,2024-04-26,14:20:00,2024-05-21,120.0,120.0,120.0,120.0,0,0,1
FINNIFTY21MAY2420650CE.NFO,2024-04-26,14:21:00,2024-05-21,120.0,120.0,120.0,120.0,0,0,1
FINNIFTY21MAY2420650CE.NFO,2024-04-26,14:22:00,2024-05-21,120.0,120.0,120.0,120.0,0,0,1
FINNIFTY21MAY2420650CE.NFO,2024-04-26,14:23:00,2024-05-21,120.0,120.0,120.0,120.0,0,0,1
FINNIFTY21MAY2420650CE.NFO,2024-04-26,14:24:00,2024-05-21,120.0,120.0,120.0,120.0,0,0,1
FINNIFTY21MAY2420650CE.NFO,2024-04-26,14:25:00,2024-05-21,120.0,120.0,120.0,120.0,0,0,1
FINNIFTY21MAY2420650CE.NFO,2024-04-26,14:26:00,2024-05-21,120.0,120.0,120.0,120.0,0,0,1
FINNIFTY21MAY2420650CE.NFO,2024-04-26,14:27:00,2024-05-21,120.0,120.0,120.0,120.0,0,0,1
FINNIFTY21MAY2420650CE.NFO,2024-04-26,14:28:00,2024-05-21,120.0,120.0,120.0,120.0,0,0,1
FINNIFTY21MAY2420650CE.NFO,2024-04-26,14:29:00,2024-05-21,120.0,120.0,120.0,120.0,0,0,1
FINNIFTY21MAY2420650CE.NFO,2024-04-26,14:30:00,2024-05-21,120.0,120.0,120.0,120.0,0,0,1
FINNIFTY21MAY2420650CE.NFO,2024-04-26,14:31:00,2024-05-21,120.0,120.0,120.0,120.0,0,0,1
FINNIFTY21MAY2420650CE.NFO,2024-04-26,14:32:00,2024-05-21,120.0,120.0,120.0,120.0,0,0,1
FINNIFTY21MAY2420650CE.NFO,2024-04-26,14:33:00,2024-05-21,120.0,120.0,120.0,120.0,0,0,1
FINNIFTY21MAY2420650CE.NFO,2024-04-26,14:34:00,2024-05-21,120.0,120.0,120.0,120.0,0,0,1
FINNIFTY21MAY2420650CE.NFO,2024-04-26,14:35:00,2024-05-21,120.0,120.0,120.0,120.0,0,0,1
FINNIFTY21MAY2420650CE.NFO,2024-04-26,14:36:00,2024-05-21,120.0,120.0,120.0,120.0,0,0,1
FINNIFTY21MAY2420650CE.NFO,2024-04-26,14:37:00,2024-05-21,120.0,120.0,120.0,120.0,0,0,1
FINNIFTY21MAY2420650CE.NFO,2024-04-26,14:38:00,2024-05-21,120.0,120.0,120.0,120.0,0,0,1
FINNIFTY21MAY2420650CE.NFO,2024-04-26,14:39:00,2024-05-21,120.0,120.0,120.0,120.0,0,0,1
FINNIFTY21MAY2420650CE.NFO,2024-04-26,14:40:00,2024-05-21,120.0,120.0,120.0,120.0,0,0,1
FINNIFTY21MAY2420650CE.NFO,2024-04-26,14:41:00,2024-05-21,120.0,120.0,120.0,120.0,0,0,1
FINNIFTY21MAY2420650CE.NFO,2024-04-26,14:42:00,2024-05-21,120.0,120.0,120.0,120.0,0,0,1
FINNIFTY21MAY2420650CE.NFO,2024-04-26,14:43:00,2024-05-21,120.0,120.0,120.0,120.0,0,0,1
FINNIFTY21MAY2420650CE.NFO,2024-04-26,14:44:00,2024-05-21,120.0,120.0,120.0,120.0,0,0,1
FINNIFTY21MAY2420650CE.NFO,2024-04-26,14:45:00,2024-05-21,120.0,120.0,120.0,120.0,0,0,1
FINNIFTY21MAY2420650CE.NFO,2024-04-26,14:46:00,2024-05-21,120.0,120.0,120.0,120.0,0,0,1
FINNIFTY21MAY2420650CE.NFO,2024-04-26,14:47:00,2024-05-21,120.0,120.0,120.0,120.0,0,0,1
FINNIFTY21MAY2420650CE.NFO,2024-04-26,14:48:00,2024-05-21,120.0,120.0,120.0,120.0,0,0,1
FINNIFTY21MAY2420650CE.NFO,2024-04-26,14:49:00,2024-05-21,120.0,120.0,120.0,120.0,0,0,1
FINNIFTY21MAY2420650CE.NFO,2024-04-26,14:50:00,2024-05-21,120.0,120.0,120.0,120.0,0,0,1
FINNIFTY21MAY2420650CE.NFO,2024-04-26,14:51:00,2024-05-21,120.0,120.0,120.0,120.0,0,0,1
FINNIFTY21MAY2420650CE.NFO,2024-04-26,14:52:00,2024-05-21,120.0,120.0,120.0,120.0,0,0,1
FINNIFTY21MAY2420650CE.NFO,2024-04-26,14:53:00,2024-05-21,120.0,120.0,120.0,120.0,0,0,1
FINNIFTY21MAY2420650CE.NFO,2024-04-26,14:54:00,2024-05-21,120.0,120.0,120.0,120.0,0,0,1
FINNIFTY21MAY2420650CE.NFO,2024-04-26,14:55:00,2024-05-21,120.0,120.0,120.0,120.0,0,0,1
FINNIFTY21MAY2420650CE.NFO,2024-04-26,14:56:00,2024-05-21,120.0,120.0,120.0,120.0,0,0,1
FINNIFTY21MAY2420650CE.NFO,2024-04-26,14:57:00,2024-05-21,120.0,120.0,120.0,120.0,0,0,1
FINNIFTY21MAY2420650CE.NFO,2024-04-26,14:58:00,2024-05-21,120.0,120.0,120.0,120.0,0,0,1
FINNIFTY21MAY2420650CE.NFO,2024-04-26,14:59:00,2024-05-21,120.0,120.0,120.0,120.0,0,0,1
FINNIFTY21MAY2420650CE.NFO,2024-04-26,15:00:00,2024-05-21,120.0,120.0,120.0,120.0,0,0,1
FINNIFTY21MAY2420650CE.NFO,2024-04-26,15:01:00,2024-05-21,120.0,120.0,120.0,120.0,0,0,1
FINNIFTY21MAY2420650CE.NFO,2024-04-26,15:02:00,2024-05-21,120.0,120.0,120.0,120.0,0,0,1
FINNIFTY21MAY2420650CE.NFO,2024-04-26,15:03:00,2024-05-21,120.0,120.0,120.0,120.0,0,0,1
FINNIFTY21MAY2420650CE.NFO,2024-04-26,15:04:00,2024-05-21,120.0,120.0,120.0,120.0,0,0,1
FINNIFTY21MAY2420650CE.NFO,2024-04-26,15:05:00,2024-05-21,120.0,120.0,120.0,120.0,0,0,1
FINNIFTY21MAY2420650CE.NFO,2024-04-26,15:06:00,2024-05-21,120.0,120.0,120.0,120.0,0,0,1
FINNIFTY21MAY2420650CE.NFO,2024-04-26,15:07:00,2024-05-21,120.0,120.0,120.0,120.0,0,0,1
FINNIFTY21MAY2420650CE.NFO,2024-04-26,15:08:00,2024-05-21,120.0,120.0,120.0,120.0,0,0,1
FINNIFTY21MAY2420650CE.NFO,2024-04-26,15:09:00,2024-05-21,120.0,120.0,120.0,120.0,0,0,1
FINNIFTY21MAY2420650CE.NFO,2024-04-26,15:10:00,2024-05-21,120.0,120.0,120.0,120.0,0,0,1
FINNIFTY21MAY2420650CE.NFO,2024-04-26,15:11:00,2024-05-21,120.0,120.0,120.0,120.0,0,0,1
FINNIFTY21MAY2420650CE.NFO,2024-04-26,15:12:00,2024-05-21,120.0,120.0,120.0,120.0,0,0,1
FINNIFTY21MAY2420650CE.NFO,2024-04-26,15:13:00,2024-05-21,120.0,120.0,120.0,120.0,0,0,1
FINNIFTY21MAY2420650CE.NFO,2024-04-26,15:14:00,2024-05-21,120.0,120.0,120.0,120.0,0,0,1
FINNIFTY21MAY2420650CE.NFO,2024-04-26,15:15:00,2024-05-21,120.0,120.0,120.0,120.0,0,0,1
FINNIFTY21MAY2420650CE.NFO,2024-04-26,15:16:00,2024-05-21,120.0,120.0,120.0,120.0,0,0,1
FINNIFTY21MAY2420650CE.NFO,2024-04-26,15:17:00,2024-05-21,120.0,120.0,120.0,120.0,0,0,1
FINNIFTY21MAY2420650CE.NFO,2024-04-26,15:18:00,2024-05-21,120.0,120.0,120.0,120.0,0,0,1
FINNIFTY21MAY2420650CE.NFO,2024-04-26,15:19:00,2024-05-21,120.0,120.0,120.0,120.0,0,0,1
FINNIFTY21MAY2420650CE.NFO,2024-04-26,15:20:00,2024-05-21,120.0,120.0,120.0,120.0,0,0,1
FINNIFTY21MAY2420650CE.NFO,2024-04-26,15:21:00,2024-05-21,120.0,120.0,120.0,120.0,0,0,1
FINNIFTY21MAY2420650CE.NFO,2024-04-26,15:22:00,2024-05-21,120.0,120.0,120.0,120.0,0,0,1
FINNIFTY21MAY2420650CE.NFO,2024-04-26,15:23:00,2024-05-21,120.0,120.0,120.0,120.0,0,0,1
FINNIFTY21MAY2420650CE.NFO,2024-04-26,15:24:00,2024-05-21,120.0,120.0,120.0,120.0,0,0,1
FINNIFTY21MAY2420650CE.NFO,2024-04-26,15:25:00,2024-05-21,120.0,120.0,120.0,120.0,0,0,1
FINNIFTY21MAY2420650CE.NFO,2024-04-26,15:26:00,2024-05-21,120.0,120.0,120.0,120.0,0,0,1
FINNIFTY21MAY2420650CE.NFO,2024-04-26,15:27:00,2024-05-21,120.0,120.0,120.0,120.0,0,0,1
FINNIFTY21MAY2420650CE.NFO,2024-04-26,15:28:00,2024-05-21,120.0,120.0,120.0,120.0,0,0,1
FINNIFTY21MAY2420650CE.NFO,2024-04-26,15:29:00,2024-05-21,120.0,120.0,120.0,120.0,0,0,1
FINNIFTY21MAY2420650CE.NFO,2024-04-26,15:30:00,2024-05-21,120.0,120.0,120.0,120.0,0,0,1
FINNIFTY21MAY2420650CE.NFO,2024-04-29,09:15:00,2024-05-21,120.0,120.0,120.0,120.0,0,0,0
FINNIFTY21MAY2420650CE.NFO,2024-04-29,09:16:00,2024-05-21,120.0,120.0,120.0,120.0,0,0,1
FINNIFTY21MAY2420650CE.NFO,2024-04-29,09:17:00,2024-05-21,120.0,120.0,120.0,120.0,0,0,1
FINNIFTY21MAY2420650CE.NFO,2024-04-29,09:18:00,2024-05-21,120.0,120.0,120.0,120.0,0,0,1
FINNIFTY21MAY2420650CE.NFO,2024-04-29,09:19:00,2024-05-21,120.0,120.0,120.0,120.0,0,0,1
FINNIFTY21MAY2420650CE.NFO,2024-04-29,09:20:00,2024-05-21,120.0,120.0,120.0,120.0,0,0,1
FINNIFTY21MAY2420650CE.NFO,2024-04-29,09:21:00,2024-05-21,120.0,120.0,120.0,120.0,0,0,1
FINNIFTY21MAY2420650CE.NFO,2024-04-29,09:22:00,2024-05-21,120.0,120.0,120.0,120.0,0,0,1
FINNIFTY21MAY2420650CE.NFO,2024-04-29,09:23:00,2024-05-21,120.0,120.0,120.0,120.0,0,0,1
FINNIFTY21MAY2420650CE.NFO,2024-04-29,09:24:00,2024-05-21,120.0,120.0,120.0,120.0,0,0,1
FINNIFTY21MAY2420650CE.NFO,2024-04-29,09:25:00,2024-05-21,120.0,120.0,120.0,120.0,0,0,1
FINNIFTY21MAY2420650CE.NFO,2024-04-29,09:26:00,2024-05-21,120.0,120.0,120.0,120.0,0,0,1
FINNIFTY21MAY2420650CE.NFO,2024-04-29,09:27:00,2024-05-21,120.0,120.0,120.0,120.0,0,0,1
FINNIFTY21MAY2420650CE.NFO,2024-04-29,09:28:00,2024-05-21,120.0,120.0,120.0,120.0,0,0,1
FINNIFTY21MAY2420650CE.NFO,2024-04-29,09:29:00,2024-05-21,120.0,120.0,120.0,120.0,0,0,1
FINNIFTY21MAY2420650CE.NFO,2024-04-29,09:30:00,2024-05-21,120.0,120.0,120.0,120.0,0,0,1
FINNIFTY21MAY2420650CE.NFO,2024-04-29,09:31:00,2024-05-21,120.0,120.0,120.0,120.0,0,0,1
FINNIFTY21MAY2420650CE.NFO,2024-04-29,09:32:00,2024-05-21,120.0,120.0,120.0,120.0,0,0,1
FINNIFTY21MAY2420650CE.NFO,2024-04-29,09:33:00,2024-05-21,120.0,120.0,120.0,120.0,0,0,1
FINNIFTY21MAY2420650CE.NFO,2024-04-29,09:34:00,2024-05-21,120.0,120.0,120.0,120.0,0,0,1
FINNIFTY21MAY2420650CE.NFO,2024-04-29,09:35:00,2024-05-21,120.0,120.0,120.0,120.0,0,0,1
FINNIFTY21MAY2420650CE.NFO,2024-04-29,09:36:00,2024-05-21,120.0,120.0,120.0,120.0,0,0,1
FINNIFTY21MAY2420650CE.NFO,2024-04-29,09:37:00,2024-05-21,120.0,120.0,120.0,120.0,0,0,1
FINNIFTY21MAY2420650CE.NFO,2024-04-29,09:38:00,2024-05-21,120.0,120.0,120.0,120.0,0,0,1
FINNIFTY21MAY2420650CE.NFO,2024-04-29,09:39:00,2024-05-21,120.0,120.0,120.0,120.0,0,0,1
FINNIFTY21MAY2420650CE.NFO,2024-04-29,09:40:00,2024-05-21,120.0,120.0,120.0,120.0,0,0,1
FINNIFTY21MAY2420650CE.NFO,2024-04-29,09:41:00,2024-05-21,120.0,120.0,120.0,120.0,0,0,1
FINNIFTY21MAY2420650CE.NFO,2024-04-29,09:42:00,2024-05-21,120.0,120.0,120.0,120.0,0,0,1
FINNIFTY21MAY2420650CE.NFO,2024-04-29,09:43:00,2024-05-21,120.0,120.0,120.0,120.0,0,0,1
FINNIFTY21MAY2420650CE.NFO,2024-04-29,09:44:00,2024-05-21,120.0,120.0,120.0,120.0,0,0,1
FINNIFTY21MAY2420650CE.NFO,2024-04-29,09:45:00,2024-05-21,120.0,120.0,120.0,120.0,0,0,1
FINNIFTY21MAY2420650CE.NFO,2024-04-29,09:46:00,2024-05-21,120.0,120.0,120.0,120.0,0,0,1
FINNIFTY21MAY2420650CE.NFO,2024-04-29,09:47:00,2024-05-21,120.0,120.0,120.0,120.0,0,0,1
FINNIFTY21MAY2420650CE.NFO,2024-04-29,09:48:00,2024-05-21,120.0,120.0,120.0,120.0,0,0,1
FINNIFTY21MAY2420650CE.NFO,2024-04-29,09:49:00,2024-05-21,120.0,120.0,120.0,120.0,0,0,1
FINNIFTY21MAY2420650CE.NFO,2024-04-29,09:50:00,2024-05-21,120.0,120.0,120.0,120.0,0,0,1
FINNIFTY21MAY2420650CE.NFO,2024-04-29,09:51:00,2024-05-21,120.0,120.0,120.0,120.0,0,0,1
FINNIFTY21MAY2420650CE.NFO,2024-04-29,09:52:00,2024-05-21,120.0,120.0,120.0,120.0,0,0,1
FINNIFTY21MAY2420650CE.NFO,2024-04-29,09:53:00,2024-05-21,120.0,120.0,120.0,120.0,0,0,1
FINNIFTY21MAY2420650CE.NFO,2024-04-29,09:54:00,2024-05-21,120.0,120.0,120.0,120.0,0,0,1
FINNIFTY21MAY2420650CE.NFO,2024-04-29,09:55:00,2024-05-21,120.0,120.0,120.0,120.0,0,0,1
FINNIFTY21MAY2420650CE.NFO,2024-04-29,09:56:00,2024-05-21,120.0,120.0,120.0,120.0,0,0,1
FINNIFTY21MAY2420650CE.NFO,2024-04-29,09:57:00,2024-05-21,120.0,120.0,120.0,120.0,0,0,1
FINNIFTY21MAY2420650CE.NFO,2024-04-29,09:58:00,2024-05-21,120.0,120.0,120.0,120.0,0,0,1
FINNIFTY21MAY2420650CE.NFO,2024-04-29,09:59:00,2024-05-21,120.0,120.0,120.0,120.0,0,0,1
FINNIFTY21MAY2420650CE.NFO,2024-04-29,10:00:00,2024-05-21,120.0,120.0,120.0,120.0,0,0,1
FINNIFTY21MAY2420650CE.NFO,2024-04-29,10:01:00,2024-05-21,120.0,120.0,120.0,120.0,0,0,1
FINNIFTY21MAY2420650CE.NFO,2024-04-29,10:02:00,2024-05-21,120.0,120.0,120.0,120.0,0,0,1
FINNIFTY21MAY2420650CE.NFO,2024-04-29,10:03:00,2024-05-21,120.0,120.0,120.0,120.0,0,0,1
FINNIFTY21MAY2420650CE.NFO,2024-04-29,10:04:00,2024-05-21,120.0,120.0,120.0,120.0,0,0,1
FINNIFTY21MAY2420650CE.NFO,2024-04-29,10:05:00,2024-05-21,120.0,120.0,120.0,120.0,0,0,1
FINNIFTY21MAY2420650CE.NFO,2024-04-29,10:06:00,2024-05-21,120.0,120.0,120.0,120.0,0,0,1
FINNIFTY21MAY2420650CE.NFO,2024-04-29,10:07:00,2024-05-21,120.0,120.0,120.0,120.0,0,0,1
FINNIFTY21MAY2420650CE.NFO,2024-04-29,10:08:00,2024-05-21,120.0,120.0,120.0,120.0,0,0,1
FINNIFTY21MAY2420650CE.NFO,2024-04-29,10:09:00,2024-05-21,120.0,120.0,120.0,120.0,0,0,1
FINNIFTY21MAY2420650CE.NFO,2024-04-29,10:10:00,2024-05-21,120.0,120.0,120.0,120.0,0,0,1
FINNIFTY21MAY2420650CE.NFO,2024-04-29,10:11:00,2024-05-21,120.0,120.0,120.0,120.0,0,0,1
FINNIFTY21MAY2420650CE.NFO,2024-04-29,10:12:00,2024-05-21,120.0,120.0,120.0,120.0,0,0,1
FINNIFTY21MAY2420650CE.NFO,2024-04-29,10:13:00,2024-05-21,120.0,120.0,120.0,120.0,0,0,1
FINNIFTY21MAY2420650CE.NFO,2024-04-29,10:14:00,2024-05-21,120.0,120.0,120.0,120.0,0,0,1
FINNIFTY21MAY2420650CE.NFO,2024-04-29,10:15:00,2024-05-21,120.0,120.0,120.0,120.0,0,0,1
FINNIFTY21MAY2420650CE.NFO,2024-04-29,10:16:00,2024-05-21,120.0,120.0,120.0,120.0,0,0,1
FINNIFTY21MAY2420650CE.NFO,2024-04-29,10:17:00,2024-05-21,120.0,120.0,120.0,120.0,0,0,1
FINNIFTY21MAY2420650CE.NFO,2024-04-29,10:18:00,2024-05-21,120.0,120.0,120.0,120.0,0,0,1
FINNIFTY21MAY2420650CE.NFO,2024-04-29,10:19:00,2024-05-21,120.0,120.0,120.0,120.0,0,0,1
FINNIFTY21MAY2420650CE.NFO,2024-04-29,10:20:00,2024-05-21,120.0,120.0,120.0,120.0,0,0,1
FINNIFTY21MAY2420650CE.NFO,2024-04-29,10:21:00,2024-05-21,120.0,120.0,120.0,120.0,0,0,1
FINNIFTY21MAY2420650CE.NFO,2024-04-29,10:22:00,2024-05-21,120.0,120.0,120.0,120.0,0,0,1
FINNIFTY21MAY2420650CE.NFO,2024-04-29,10:23:00,2024-05-21,120.0,120.0,120.0,120.0,0,0,1
FINNIFTY21MAY2420650CE.NFO,2024-04-29,10:24:00,2024-05-21,120.0,120.0,120.0,120.0,0,0,1
FINNIFTY21MAY2420650CE.NFO,2024-04-29,10:25:00,2024-05-21,120.0,120.0,120.0,120.0,0,0,1
FINNIFTY21MAY2420650CE.NFO,2024-04-29,10:26:00,2024-05-21,120.0,120.0,120.0,120.0,0,0,1
FINNIFTY21MAY2420650CE.NFO,2024-04-29,10:27:00,2024-05-21,120.0,120.0,120.0,120.0,0,0,1
FINNIFTY21MAY2420650CE.NFO,2024-04-29,10:28:00,2024-05-21,120.0,120.0,120.0,120.0,0,0,1
FINNIFTY21MAY2420650CE.NFO,2024-04-29,10:29:00,2024-05-21,120.0,120.0,120.0,120.0,0,0,1
FINNIFTY21MAY2420650CE.NFO,2024-04-29,10:30:00,2024-05-21,120.0,120.0,120.0,120.0,0,0,1
FINNIFTY21MAY2420650CE.NFO,2024-04-29,10:31:00,2024-05-21,120.0,120.0,120.0,120.0,0,0,1
FINNIFTY21MAY2420650CE.NFO,2024-04-29,10:32:00,2024-05-21,120.0,120.0,120.0,120.0,0,0,1
FINNIFTY21MAY2420650CE.NFO,2024-04-29,10:33:00,2024-05-21,120.0,120.0,120.0,120.0,0,0,1
FINNIFTY21MAY2420650CE.NFO,2024-04-29,10:34:00,2024-05-21,120.0,120.0,120.0,120.0,0,0,1
FINNIFTY21MAY2420650CE.NFO,2024-04-29,10:35:00,2024-05-21,120.0,120.0,120.0,120.0,0,0,1
FINNIFTY21MAY2420650CE.NFO,2024-04-29,10:36:00,2024-05-21,120.0,120.0,120.0,120.0,0,0,1
FINNIFTY21MAY2420650CE.NFO,2024-04-29,10:37:00,2024-05-21,120.0,120.0,120.0,120.0,0,0,1
FINNIFTY21MAY2420650CE.NFO,2024-04-29,10:38:00,2024-05-21,120.0,120.0,120.0,120.0,0,0,1
FINNIFTY21MAY2420650CE.NFO,2024-04-29,10:39:00,2024-05-21,120.0,120.0,120.0,120.0,0,0,1
FINNIFTY21MAY2420650CE.NFO,2024-04-29,10:40:00,2024-05-21,120.0,120.0,120.0,120.0,0,0,1
FINNIFTY21MAY2420650CE.NFO,2024-04-29,10:41:00,2024-05-21,120.0,120.0,120.0,120.0,0,0,1
FINNIFTY21MAY2420650CE.NFO,2024-04-29,10:42:00,2024-05-21,120.0,120.0,120.0,120.0,0,0,1
FINNIFTY21MAY2420650CE.NFO,2024-04-29,10:43:00,2024-05-21,120.0,120.0,120.0,120.0,0,0,1
FINNIFTY21MAY2420650CE.NFO,2024-04-29,10:44:00,2024-05-21,120.0,120.0,120.0,120.0,0,0,1
FINNIFTY21MAY2420650CE.NFO,2024-04-29,10:45:00,2024-05-21,120.0,120.0,120.0,120.0,0,0,1
FINNIFTY21MAY2420650CE.NFO,2024-04-29,10:46:00,2024-05-21,120.0,120.0,120.0,120.0,0,0,1
FINNIFTY21MAY2420650CE.NFO,2024-04-29,10:47:00,2024-05-21,120.0,120.0,120.0,120.0,0,0,1
FINNIFTY21MAY2420650CE.NFO,2024-04-29,10:48:00,2024-05-21,120.0,120.0,120.0,120.0,0,0,1
FINNIFTY21MAY2420650CE.NFO,2024-04-29,10:49:00,2024-05-21,120.0,120.0,120.0,120.0,0,0,1
FINNIFTY21MAY2420650CE.NFO,2024-04-29,10:50:00,2024-05-21,120.0,120.0,120.0,120.0,0,0,1
FINNIFTY21MAY2420650CE.NFO,2024-04-29,10:51:00,2024-05-21,120.0,120.0,120.0,120.0,0,0,1
FINNIFTY21MAY2420650CE.NFO,2024-04-29,10:52:00,2024-05-21,120.0,120.0,120.0,120.0,0,0,1
FINNIFTY21MAY2420650CE.NFO,2024-04-29,10:53:00,2024-05-21,120.0,120.0,120.0,120.0,0,0,1
FINNIFTY21MAY2420650CE.NFO,2024-04-29,10:54:00,2024-05-21,120.0,120.0,120.0,120.0,0,0,1
FINNIFTY21MAY2420650CE.NFO,2024-04-29,10:55:00,2024-05-21,120.0,120.0,120.0,120.0,0,0,1
FINNIFTY21MAY2420650CE.NFO,2024-04-29,10:56:00,2024-05-21,120.0,120.0,120.0,120.0,0,0,1
FINNIFTY21MAY2420650CE.NFO,2024-04-29,10:57:00,2024-05-21,120.0,120.0,120.0,120.0,0,0,1
FINNIFTY21MAY2420650CE.NFO,2024-04-29,10:58:00,2024-05-21,120.0,120.0,120.0,120.0,0,0,1
FINNIFTY21MAY2420650CE.NFO,2024-04-29,10:59:00,2024-05-21,120.0,120.0,120.0,120.0,0,0,1
FINNIFTY21MAY2420650CE.NFO,2024-04-29,11:00:00,2024-05-21,120.0,120.0,120.0,120.0,0,0,1
FINNIFTY21MAY2420650CE.NFO,2024-04-29,11:01:00,2024-05-21,120.0,120.0,120.0,120.0,0,0,1
FINNIFTY21MAY2420650CE.NFO,2024-04-29,11:02:00,2024-05-21,120.0,120.0,120.0,120.0,0,0,1
FINNIFTY21MAY2420650CE.NFO,2024-04-29,11:03:00,2024-05-21,120.0,120.0,120.0,120.0,0,0,1
FINNIFTY21MAY2420650CE.NFO,2024-04-29,11:04:00,2024-05-21,120.0,120.0,120.0,120.0,0,0,1
FINNIFTY21MAY2420650CE.NFO,2024-04-29,11:05:00,2024-05-21,120.0,120.0,120.0,120.0,0,0,1
FINNIFTY21MAY2420650CE.NFO,2024-04-29,11:06:00,2024-05-21,120.0,120.0,120.0,120.0,0,0,1
FINNIFTY21MAY2420650CE.NFO,2024-04-29,11:07:00,2024-05-21,120.0,120.0,120.0,120.0,0,0,1
FINNIFTY21MAY2420650CE.NFO,2024-04-29,11:08:00,2024-05-21,120.0,120.0,120.0,120.0,0,0,1
FINNIFTY21MAY2420650CE.NFO,2024-04-29,11:09:00,2024-05-21,120.0,120.0,120.0,120.0,0,0,1
FINNIFTY21MAY2420650CE.NFO,2024-04-29,11:10:00,2024-05-21,120.0,120.0,120.0,120.0,0,0,1
FINNIFTY21MAY2420650CE.NFO,2024-04-29,11:11:00,2024-05-21,120.0,120.0,120.0,120.0,0,0,1
FINNIFTY21MAY2420650CE.NFO,2024-04-29,11:12:00,2024-05-21,120.0,120.0,120.0,120.0,0,0,1
FINNIFTY21MAY2420650CE.NFO,2024-04-29,11:13:00,2024-05-21,120.0,120.0,120.0,120.0,0,0,1
FINNIFTY21MAY2420650CE.NFO,2024-04-29,11:14:00,2024-05-21,120.0,120.0,120.0,120.0,0,0,1
FINNIFTY21MAY2420650CE.NFO,2024-04-29,11:15:00,2024-05-21,120.0,120.0,120.0,120.0,0,0,1
FINNIFTY21MAY2420650CE.NFO,2024-04-29,11:16:00,2024-05-21,120.0,120.0,120.0,120.0,0,0,1
FINNIFTY21MAY2420650CE.NFO,2024-04-29,11:17:00,2024-05-21,120.0,120.0,120.0,120.0,0,0,1
FINNIFTY21MAY2420650CE.NFO,2024-04-29,11:18:00,2024-05-21,120.0,120.0,120.0,120.0,0,0,1
FINNIFTY21MAY2420650CE.NFO,2024-04-29,11:19:00,2024-05-21,120.0,120.0,120.0,120.0,0,0,1
FINNIFTY21MAY2420650CE.NFO,2024-04-29,11:20:00,2024-05-21,120.0,120.0,120.0,120.0,0,0,1
FINNIFTY21MAY2420650CE.NFO,2024-04-29,11:21:00,2024-05-21,120.0,120.0,120.0,120.0,0,0,1
FINNIFTY21MAY2420650CE.NFO,2024-04-29,11:22:00,2024-05-21,120.0,120.0,120.0,120.0,0,0,1
FINNIFTY21MAY2420650CE.NFO,2024-04-29,11:23:00,2024-05-21,120.0,120.0,120.0,120.0,0,0,1
FINNIFTY21MAY2420650CE.NFO,2024-04-29,11:24:00,2024-05-21,120.0,120.0,120.0,120.0,0,0,1
FINNIFTY21MAY2420650CE.NFO,2024-04-29,11:25:00,2024-05-21,120.0,120.0,120.0,120.0,0,0,1
FINNIFTY21MAY2420650CE.NFO,2024-04-29,11:26:00,2024-05-21,120.0,120.0,120.0,120.0,0,0,1
FINNIFTY21MAY2420650CE.NFO,2024-04-29,11:27:00,2024-05-21,120.0,120.0,120.0,120.0,0,0,1
FINNIFTY21MAY2420650CE.NFO,2024-04-29,11:28:00,2024-05-21,120.0,120.0,120.0,120.0,0,0,1
FINNIFTY21MAY2420650CE.NFO,2024-04-29,11:29:00,2024-05-21,120.0,120.0,120.0,120.0,0,0,1
FINNIFTY21MAY2420650CE.NFO,2024-04-29,11:30:00,2024-05-21,120.0,120.0,120.0,120.0,0,0,1
FINNIFTY21MAY2420650CE.NFO,2024-04-29,11:31:00,2024-05-21,120.0,120.0,120.0,120.0,0,0,1
FINNIFTY21MAY2420650CE.NFO,2024-04-29,11:32:00,2024-05-21,120.0,120.0,120.0,120.0,0,0,1
FINNIFTY21MAY2420650CE.NFO,2024-04-29,11:33:00,2024-05-21,120.0,120.0,120.0,120.0,0,0,1
FINNIFTY21MAY2420650CE.NFO,2024-04-29,11:34:00,2024-05-21,120.0,120.0,120.0,120.0,0,0,1
FINNIFTY21MAY2420650CE.NFO,2024-04-29,11:35:00,2024-05-21,120.0,120.0,120.0,120.0,0,0,1
FINNIFTY21MAY2420650CE.NFO,2024-04-29,11:36:00,2024-05-21,120.0,120.0,120.0,120.0,0,0,1
FINNIFTY21MAY2420650CE.NFO,2024-04-29,11:37:00,2024-05-21,120.0,120.0,120.0,120.0,0,0,1
FINNIFTY21MAY2420650CE.NFO,2024-04-29,11:38:00,2024-05-21,120.0,120.0,120.0,120.0,0,0,1
FINNIFTY21MAY2420650CE.NFO,2024-04-29,11:39:00,2024-05-21,120.0,120.0,120.0,120.0,0,0,1
FINNIFTY21MAY2420650CE.NFO,2024-04-29,11:40:00,2024-05-21,120.0,120.0,120.0,120.0,0,0,1
FINNIFTY21MAY2420650CE.NFO,2024-04-29,11:41:00,2024-05-21,120.0,120.0,120.0,120.0,0,0,1
FINNIFTY21MAY2420650CE.NFO,2024-04-29,11:42:00,2024-05-21,120.0,120.0,120.0,120.0,0,0,1
FINNIFTY21MAY2420650CE.NFO,2024-04-29,11:43:00,2024-05-21,120.0,120.0,120.0,120.0,0,0,1
FINNIFTY21MAY2420650CE.NFO,2024-04-29,11:44:00,2024-05-21,120.0,120.0,120.0,120.0,0,0,1
FINNIFTY21MAY2420650CE.NFO,2024-04-29,11:45:00,2024-05-21,120.0,120.0,120.0,120.0,0,0,1
FINNIFTY21MAY2420650CE.NFO,2024-04-29,11:46:00,2024-05-21,120.0,120.0,120.0,120.0,0,0,1
FINNIFTY21MAY2420650CE.NFO,2024-04-29,11:47:00,2024-05-21,120.0,120.0,120.0,120.0,0,0,1
FINNIFTY21MAY2420650CE.NFO,2024-04-29,11:48:00,2024-05-21,120.0,120.0,120.0,120.0,0,0,1
FINNIFTY21MAY2420650CE.NFO,2024-04-29,11:49:00,2024-05-21,120.0,120.0,120.0,120.0,0,0,1
FINNIFTY21MAY2420650CE.NFO,2024-04-29,11:50:00,2024-05-21,120.0,120.0,120.0,120.0,0,0,1
FINNIFTY21MAY2420650CE.NFO,2024-04-29,11:51:00,2024-05-21,120.0,120.0,120.0,120.0,0,0,1
FINNIFTY21MAY2420650CE.NFO,2024-04-29,11:52:00,2024-05-21,120.0,120.0,120.0,120.0,0,0,1
FINNIFTY21MAY2420650CE.NFO,2024-04-29,11:53:00,2024-05-21,120.0,120.0,120.0,120.0,0,0,1
FINNIFTY21MAY2420650CE.NFO,2024-04-29,11:54:00,2024-05-21,120.0,120.0,120.0,120.0,0,0,1
FINNIFTY21MAY2420650CE.NFO,2024-04-29,11:55:00,2024-05-21,120.0,120.0,120.0,120.0,0,0,1
FINNIFTY21MAY2420650CE.NFO,2024-04-29,11:56:00,2024-05-21,120.0,120.0,120.0,120.0,0,0,1
FINNIFTY21MAY2420650CE.NFO,2024-04-29,11:57:00,2024-05-21,120.0,120.0,120.0,120.0,0,0,1
FINNIFTY21MAY2420650CE.NFO,2024-04-29,11:58:00,2024-05-21,120.0,120.0,120.0,120.0,0,0,1
FINNIFTY21MAY2420650CE.NFO,2024-04-29,11:59:00,2024-05-21,120.0,120.0,120.0,120.0,0,0,1
FINNIFTY21MAY2420650CE.NFO,2024-04-29,12:00:00,2024-05-21,120.0,120.0,120.0,120.0,0,0,1
FINNIFTY21MAY2420650CE.NFO,2024-04-29,12:01:00,2024-05-21,120.0,120.0,120.0,120.0,0,0,1
FINNIFTY21MAY2420650CE.NFO,2024-04-29,12:02:00,2024-05-21,120.0,120.0,120.0,120.0,0,0,1
FINNIFTY21MAY2420650CE.NFO,2024-04-29,12:03:00,2024-05-21,120.0,120.0,120.0,120.0,0,0,1
FINNIFTY21MAY2420650CE.NFO,2024-04-29,12:04:00,2024-05-21,120.0,120.0,120.0,120.0,0,0,1
FINNIFTY21MAY2420650CE.NFO,2024-04-29,12:05:00,2024-05-21,120.0,120.0,120.0,120.0,0,0,1
FINNIFTY21MAY2420650CE.NFO,2024-04-29,12:06:00,2024-05-21,120.0,120.0,120.0,120.0,0,0,1
FINNIFTY21MAY2420650CE.NFO,2024-04-29,12:07:00,2024-05-21,120.0,120.0,120.0,120.0,0,0,1
FINNIFTY21MAY2420650CE.NFO,2024-04-29,12:08:00,2024-05-21,120.0,120.0,120.0,120.0,0,0,1
FINNIFTY21MAY2420650CE.NFO,2024-04-29,12:09:00,2024-05-21,120.0,120.0,120.0,120.0,0,0,1
FINNIFTY21MAY2420650CE.NFO,2024-04-29,12:10:00,2024-05-21,120.0,120.0,120.0,120.0,0,0,1
FINNIFTY21MAY2420650CE.NFO,2024-04-29,12:11:00,2024-05-21,120.0,120.0,120.0,120.0,0,0,1
FINNIFTY21MAY2420650CE.NFO,2024-04-29,12:12:00,2024-05-21,120.0,120.0,120.0,120.0,0,0,1
FINNIFTY21MAY2420650CE.NFO,2024-04-29,12:13:00,2024-05-21,120.0,120.0,120.0,120.0,0,0,1
FINNIFTY21MAY2420650CE.NFO,2024-04-29,12:14:00,2024-05-21,120.0,120.0,120.0,120.0,0,0,1
FINNIFTY21MAY2420650CE.NFO,2024-04-29,12:15:00,2024-05-21,120.0,120.0,120.0,120.0,0,0,1
FINNIFTY21MAY2420650CE.NFO,2024-04-29,12:16:00,2024-05-21,120.0,120.0,120.0,120.0,0,0,1
FINNIFTY21MAY2420650CE.NFO,2024-04-29,12:17:00,2024-05-21,120.0,120.0,120.0,120.0,0,0,1
FINNIFTY21MAY2420650CE.NFO,2024-04-29,12:18:00,2024-05-21,120.0,120.0,120.0,120.0,0,0,1
FINNIFTY21MAY2420650CE.NFO,2024-04-29,12:19:00,2024-05-21,120.0,120.0,120.0,120.0,0,0,1
FINNIFTY21MAY2420650CE.NFO,2024-04-29,12:20:00,2024-05-21,120.0,120.0,120.0,120.0,0,0,1
FINNIFTY21MAY2420650CE.NFO,2024-04-29,12:21:00,2024-05-21,120.0,120.0,120.0,120.0,0,0,1
FINNIFTY21MAY2420650CE.NFO,2024-04-29,12:22:00,2024-05-21,120.0,120.0,120.0,120.0,0,0,1
FINNIFTY21MAY2420650CE.NFO,2024-04-29,12:23:00,2024-05-21,120.0,120.0,120.0,120.0,0,0,1
FINNIFTY21MAY2420650CE.NFO,2024-04-29,12:24:00,2024-05-21,120.0,120.0,120.0,120.0,0,0,1
FINNIFTY21MAY2420650CE.NFO,2024-04-29,12:25:00,2024-05-21,120.0,120.0,120.0,120.0,0,0,1
FINNIFTY21MAY2420650CE.NFO,2024-04-29,12:26:00,2024-05-21,120.0,120.0,120.0,120.0,0,0,1
FINNIFTY21MAY2420650CE.NFO,2024-04-29,12:27:00,2024-05-21,120.0,120.0,120.0,120.0,0,0,1
FINNIFTY21MAY2420650CE.NFO,2024-04-29,12:28:00,2024-05-21,120.0,120.0,120.0,120.0,0,0,1
FINNIFTY21MAY2420650CE.NFO,2024-04-29,12:29:00,2024-05-21,120.0,120.0,120.0,120.0,0,0,1
FINNIFTY21MAY2420650CE.NFO,2024-04-29,12:30:00,2024-05-21,120.0,120.0,120.0,120.0,0,0,1
FINNIFTY21MAY2420650CE.NFO,2024-04-29,12:31:00,2024-05-21,120.0,120.0,120.0,120.0,0,0,1
FINNIFTY21MAY2420650CE.NFO,2024-04-29,12:32:00,2024-05-21,120.0,120.0,120.0,120.0,0,0,1
FINNIFTY21MAY2420650CE.NFO,2024-04-29,12:33:00,2024-05-21,120.0,120.0,120.0,120.0,0,0,1
FINNIFTY21MAY2420650CE.NFO,2024-04-29,12:34:00,2024-05-21,120.0,120.0,120.0,120.0,0,0,1
FINNIFTY21MAY2420650CE.NFO,2024-04-29,12:35:00,2024-05-21,120.0,120.0,120.0,120.0,0,0,1
FINNIFTY21MAY2420650CE.NFO,2024-04-29,12:36:00,2024-05-21,120.0,120.0,120.0,120.0,0,0,1
FINNIFTY21MAY2420650CE.NFO,2024-04-29,12:37:00,2024-05-21,120.0,120.0,120.0,120.0,0,0,1
FINNIFTY21MAY2420650CE.NFO,2024-04-29,12:38:00,2024-05-21,120.0,120.0,120.0,120.0,0,0,1
FINNIFTY21MAY2420650CE.NFO,2024-04-29,12:39:00,2024-05-21,120.0,120.0,120.0,120.0,0,0,1
FINNIFTY21MAY2420650CE.NFO,2024-04-29,12:40:00,2024-05-21,120.0,120.0,120.0,120.0,0,0,1
FINNIFTY21MAY2420650CE.NFO,2024-04-29,12:41:00,2024-05-21,120.0,120.0,120.0,120.0,0,0,1
FINNIFTY21MAY2420650CE.NFO,2024-04-29,12:42:00,2024-05-21,120.0,120.0,120.0,120.0,0,0,1
FINNIFTY21MAY2420650CE.NFO,2024-04-29,12:43:00,2024-05-21,120.0,120.0,120.0,120.0,0,0,1
FINNIFTY21MAY2420650CE.NFO,2024-04-29,12:44:00,2024-05-21,120.0,120.0,120.0,120.0,0,0,1
FINNIFTY21MAY2420650CE.NFO,2024-04-29,12:45:00,2024-05-21,120.0,120.0,120.0,120.0,0,0,1
FINNIFTY21MAY2420650CE.NFO,2024-04-29,12:46:00,2024-05-21,120.0,120.0,120.0,120.0,0,0,1
FINNIFTY21MAY2420650CE.NFO,2024-04-29,12:47:00,2024-05-21,120.0,120.0,120.0,120.0,0,0,1
FINNIFTY21MAY2420650CE.NFO,2024-04-29,12:48:00,2024-05-21,120.0,120.0,120.0,120.0,0,0,1
FINNIFTY21MAY2420650CE.NFO,2024-04-29,12:49:00,2024-05-21,120.0,120.0,120.0,120.0,0,0,1
FINNIFTY21MAY2420650CE.NFO,2024-04-29,12:50:00,2024-05-21,120.0,120.0,120.0,120.0,0,0,1
FINNIFTY21MAY2420650CE.NFO,2024-04-29,12:51:00,2024-05-21,120.0,120.0,120.0,120.0,0,0,1
FINNIFTY21MAY2420650CE.NFO,2024-04-29,12:52:00,2024-05-21,120.0,120.0,120.0,120.0,0,0,1
FINNIFTY21MAY2420650CE.NFO,2024-04-29,12:53:00,2024-05-21,120.0,120.0,120.0,120.0,0,0,1
FINNIFTY21MAY2420650CE.NFO,2024-04-29,12:54:00,2024-05-21,120.0,120.0,120.0,120.0,0,0,1
FINNIFTY21MAY2420650CE.NFO,2024-04-29,12:55:00,2024-05-21,120.0,120.0,120.0,120.0,0,0,1
FINNIFTY21MAY2420650CE.NFO,2024-04-29,12:56:00,2024-05-21,120.0,120.0,120.0,120.0,0,0,1
FINNIFTY21MAY2420650CE.NFO,2024-04-29,12:57:00,2024-05-21,120.0,120.0,120.0,120.0,0,0,1
FINNIFTY21MAY2420650CE.NFO,2024-04-29,12:58:00,2024-05-21,120.0,120.0,120.0,120.0,0,0,1
FINNIFTY21MAY2420650CE.NFO,2024-04-29,12:59:00,2024-05-21,120.0,120.0,120.0,120.0,0,0,1
FINNIFTY21MAY2420650CE.NFO,2024-04-29,13:00:00,2024-05-21,120.0,120.0,120.0,120.0,0,0,1
FINNIFTY21MAY2420650CE.NFO,2024-04-29,13:01:00,2024-05-21,120.0,120.0,120.0,120.0,0,0,1
FINNIFTY21MAY2420650CE.NFO,2024-04-29,13:02:00,2024-05-21,120.0,120.0,120.0,120.0,0,0,1
FINNIFTY21MAY2420650CE.NFO,2024-04-29,13:03:00,2024-05-21,120.0,120.0,120.0,120.0,0,0,1
FINNIFTY21MAY2420650CE.NFO,2024-04-29,13:04:00,2024-05-21,120.0,120.0,120.0,120.0,0,0,1
FINNIFTY21MAY2420650CE.NFO,2024-04-29,13:05:00,2024-05-21,120.0,120.0,120.0,120.0,0,0,1
FINNIFTY21MAY2420650CE.NFO,2024-04-29,13:06:00,2024-05-21,120.0,120.0,120.0,120.0,0,0,1
FINNIFTY21MAY2420650CE.NFO,2024-04-29,13:07:00,2024-05-21,120.0,120.0,120.0,120.0,0,0,1
FINNIFTY21MAY2420650CE.NFO,2024-04-29,13:08:00,2024-05-21,120.0,120.0,120.0,120.0,0,0,1
FINNIFTY21MAY2420650CE.NFO,2024-04-29,13:09:00,2024-05-21,120.0,120.0,120.0,120.0,0,0,1
FINNIFTY21MAY2420650CE.NFO,2024-04-29,13:10:00,2024-05-21,120.0,120.0,120.0,120.0,0,0,1
FINNIFTY21MAY2420650CE.NFO,2024-04-29,13:11:00,2024-05-21,120.0,120.0,120.0,120.0,0,0,1
FINNIFTY21MAY2420650CE.NFO,2024-04-29,13:12:00,2024-05-21,120.0,120.0,120.0,120.0,0,0,1
FINNIFTY21MAY2420650CE.NFO,2024-04-29,13:13:00,2024-05-21,120.0,120.0,120.0,120.0,0,0,1
FINNIFTY21MAY2420650CE.NFO,2024-04-29,13:14:00,2024-05-21,120.0,120.0,120.0,120.0,0,0,1
FINNIFTY21MAY2420650CE.NFO,2024-04-29,13:15:00,2024-05-21,120.0,120.0,120.0,120.0,0,0,1
FINNIFTY21MAY2420650CE.NFO,2024-04-29,13:16:00,2024-05-21,120.0,120.0,120.0,120.0,0,0,1
FINNIFTY21MAY2420650CE.NFO,2024-04-29,13:17:00,2024-05-21,120.0,120.0,120.0,120.0,0,0,1
FINNIFTY21MAY2420650CE.NFO,2024-04-29,13:18:00,2024-05-21,120.0,120.0,120.0,120.0,0,0,1
FINNIFTY21MAY2420650CE.NFO,2024-04-29,13:19:00,2024-05-21,120.0,120.0,120.0,120.0,0,0,1
FINNIFTY21MAY2420650CE.NFO,2024-04-29,13:20:00,2024-05-21,120.0,120.0,120.0,120.0,0,0,1
FINNIFTY21MAY2420650CE.NFO,2024-04-29,13:21:00,2024-05-21,120.0,120.0,120.0,120.0,0,0,1
FINNIFTY21MAY2420650CE.NFO,2024-04-29,13:22:00,2024-05-21,120.0,120.0,120.0,120.0,0,0,1
FINNIFTY21MAY2420650CE.NFO,2024-04-29,13:23:00,2024-05-21,120.0,120.0,120.0,120.0,0,0,1
FINNIFTY21MAY2420650CE.NFO,2024-04-29,13:24:00,2024-05-21,120.0,120.0,120.0,120.0,0,0,1
FINNIFTY21MAY2420650CE.NFO,2024-04-29,13:25:00,2024-05-21,120.0,120.0,120.0,120.0,0,0,1
FINNIFTY21MAY2420650CE.NFO,2024-04-29,13:26:00,2024-05-21,120.0,120.0,120.0,120.0,0,0,1
FINNIFTY21MAY2420650CE.NFO,2024-04-29,13:27:00,2024-05-21,120.0,120.0,120.0,120.0,0,0,1
FINNIFTY21MAY2420650CE.NFO,2024-04-29,13:28:00,2024-05-21,120.0,120.0,120.0,120.0,0,0,1
FINNIFTY21MAY2420650CE.NFO,2024-04-29,13:29:00,2024-05-21,120.0,120.0,120.0,120.0,0,0,1
FINNIFTY21MAY2420650CE.NFO,2024-04-29,13:30:00,2024-05-21,120.0,120.0,120.0,120.0,0,0,1
FINNIFTY21MAY2420650CE.NFO,2024-04-29,13:31:00,2024-05-21,120.0,120.0,120.0,120.0,0,0,1
FINNIFTY21MAY2420650CE.NFO,2024-04-29,13:32:00,2024-05-21,120.0,120.0,120.0,120.0,0,0,1
FINNIFTY21MAY2420650CE.NFO,2024-04-29,13:33:00,2024-05-21,120.0,120.0,120.0,120.0,0,0,1
FINNIFTY21MAY2420650CE.NFO,2024-04-29,13:34:00,2024-05-21,120.0,120.0,120.0,120.0,0,0,1
FINNIFTY21MAY2420650CE.NFO,2024-04-29,13:35:00,2024-05-21,120.0,120.0,120.0,120.0,0,0,1
FINNIFTY21MAY2420650CE.NFO,2024-04-29,13:36:00,2024-05-21,120.0,120.0,120.0,120.0,0,0,1
FINNIFTY21MAY2420650CE.NFO,2024-04-29,13:37:00,2024-05-21,120.0,120.0,120.0,120.0,0,0,1
FINNIFTY21MAY2420650CE.NFO,2024-04-29,13:38:00,2024-05-21,120.0,120.0,120.0,120.0,0,0,1
FINNIFTY21MAY2420650CE.NFO,2024-04-29,13:39:00,2024-05-21,120.0,120.0,120.0,120.0,0,0,1
FINNIFTY21MAY2420650CE.NFO,2024-04-29,13:40:00,2024-05-21,120.0,120.0,120.0,120.0,0,0,1
FINNIFTY21MAY2420650CE.NFO,2024-04-29,13:41:00,2024-05-21,120.0,120.0,120.0,120.0,0,0,1
FINNIFTY21MAY2420650CE.NFO,2024-04-29,13:42:00,2024-05-21,120.0,120.0,120.0,120.0,0,0,1
FINNIFTY21MAY2420650CE.NFO,2024-04-29,13:43:00,2024-05-21,120.0,120.0,120.0,120.0,0,0,1
FINNIFTY21MAY2420650CE.NFO,2024-04-29,13:44:00,2024-05-21,120.0,120.0,120.0,120.0,0,0,1
FINNIFTY21MAY2420650CE.NFO,2024-04-29,13:45:00,2024-05-21,120.0,120.0,120.0,120.0,0,0,1
FINNIFTY21MAY2420650CE.NFO,2024-04-29,13:46:00,2024-05-21,120.0,120.0,120.0,120.0,0,0,1
FINNIFTY21MAY2420650CE.NFO,2024-04-29,13:47:00,2024-05-21,120.0,120.0,120.0,120.0,0,0,1
FINNIFTY21MAY2420650CE.NFO,2024-04-29,13:48:00,2024-05-21,120.0,120.0,120.0,120.0,0,0,1
FINNIFTY21MAY2420650CE.NFO,2024-04-29,13:49:00,2024-05-21,120.0,120.0,120.0,120.0,0,0,1
FINNIFTY21MAY2420650CE.NFO,2024-04-29,13:50:00,2024-05-21,120.0,120.0,120.0,120.0,0,0,1
FINNIFTY21MAY2420650CE.NFO,2024-04-29,13:51:00,2024-05-21,120.0,120.0,120.0,120.0,0,0,1
FINNIFTY21MAY2420650CE.NFO,2024-04-29,13:52:00,2024-05-21,120.0,120.0,120.0,120.0,0,0,1
FINNIFTY21MAY2420650CE.NFO,2024-04-29,13:53:00,2024-05-21,120.0,120.0,120.0,120.0,0,0,1
FINNIFTY21MAY2420650CE.NFO,2024-04-29,13:54:00,2024-05-21,120.0,120.0,120.0,120.0,0,0,1
FINNIFTY21MAY2420650CE.NFO,2024-04-29,13:55:00,2024-05-21,120.0,120.0,120.0,120.0,0,0,1
FINNIFTY21MAY2420650CE.NFO,2024-04-29,13:56:00,2024-05-21,120.0,120.0,120.0,120.0,0,0,1
FINNIFTY21MAY2420650CE.NFO,2024-04-29,13:57:00,2024-05-21,120.0,120.0,120.0,120.0,0,0,1
FINNIFTY21MAY2420650CE.NFO,2024-04-29,13:58:00,2024-05-21,120.0,120.0,120.0,120.0,0,0,1
FINNIFTY21MAY2420650CE.NFO,2024-04-29,13:59:00,2024-05-21,120.0,120.0,120.0,120.0,0,0,1
FINNIFTY21MAY2420650CE.NFO,2024-04-29,14:00:00,2024-05-21,120.0,120.0,120.0,120.0,0,0,1
FINNIFTY21MAY2420650CE.NFO,2024-04-29,14:01:00,2024-05-21,120.0,120.0,120.0,120.0,0,0,1
FINNIFTY21MAY2420650CE.NFO,2024-04-29,14:02:00,2024-05-21,120.0,120.0,120.0,120.0,0,0,1
FINNIFTY21MAY2420650CE.NFO,2024-04-29,14:03:00,2024-05-21,120.0,120.0,120.0,120.0,0,0,1
FINNIFTY21MAY2420650CE.NFO,2024-04-29,14:04:00,2024-05-21,120.0,120.0,120.0,120.0,0,0,1
FINNIFTY21MAY2420650CE.NFO,2024-04-29,14:05:00,2024-05-21,120.0,120.0,120.0,120.0,0,0,1
FINNIFTY21MAY2420650CE.NFO,2024-04-29,14:06:00,2024-05-21,120.0,120.0,120.0,120.0,0,0,1
FINNIFTY21MAY2420650CE.NFO,2024-04-29,14:07:00,2024-05-21,120.0,120.0,120.0,120.0,0,0,1
FINNIFTY21MAY2420650CE.NFO,2024-04-29,14:08:00,2024-05-21,120.0,120.0,120.0,120.0,0,0,1
FINNIFTY21MAY2420650CE.NFO,2024-04-29,14:09:00,2024-05-21,120.0,120.0,120.0,120.0,0,0,1
FINNIFTY21MAY2420650CE.NFO,2024-04-29,14:10:00,2024-05-21,120.0,120.0,120.0,120.0,0,0,1
FINNIFTY21MAY2420650CE.NFO,2024-04-29,14:11:00,2024-05-21,120.0,120.0,120.0,120.0,0,0,1
FINNIFTY21MAY2420650CE.NFO,2024-04-29,14:12:00,2024-05-21,120.0,120.0,120.0,120.0,0,0,1
FINNIFTY21MAY2420650CE.NFO,2024-04-29,14:13:00,2024-05-21,120.0,120.0,120.0,120.0,0,0,1
FINNIFTY21MAY2420650CE.NFO,2024-04-29,14:14:00,2024-05-21,120.0,120.0,120.0,120.0,0,0,1
FINNIFTY21MAY2420650CE.NFO,2024-04-29,14:15:00,2024-05-21,120.0,120.0,120.0,120.0,0,0,1
FINNIFTY21MAY2420650CE.NFO,2024-04-29,14:16:00,2024-05-21,120.0,120.0,120.0,120.0,0,0,1
FINNIFTY21MAY2420650CE.NFO,2024-04-29,14:17:00,2024-05-21,120.0,120.0,120.0,120.0,0,0,1
FINNIFTY21MAY2420650CE.NFO,2024-04-29,14:18:00,2024-05-21,120.0,120.0,120.0,120.0,0,0,1
FINNIFTY21MAY2420650CE.NFO,2024-04-29,14:19:00,2024-05-21,120.0,120.0,120.0,120.0,0,0,1
FINNIFTY21MAY2420650CE.NFO,2024-04-29,14:20:00,2024-05-21,120.0,120.0,120.0,120.0,0,0,1
FINNIFTY21MAY2420650CE.NFO,2024-04-29,14:21:00,2024-05-21,120.0,120.0,120.0,120.0,0,0,1
FINNIFTY21MAY2420650CE.NFO,2024-04-29,14:22:00,2024-05-21,120.0,120.0,120.0,120.0,0,0,1
FINNIFTY21MAY2420650CE.NFO,2024-04-29,14:23:00,2024-05-21,120.0,120.0,120.0,120.0,0,0,1
FINNIFTY21MAY2420650CE.NFO,2024-04-29,14:24:00,2024-05-21,120.0,120.0,120.0,120.0,0,0,1
FINNIFTY21MAY2420650CE.NFO,2024-04-29,14:25:00,2024-05-21,120.0,120.0,120.0,120.0,0,0,1
FINNIFTY21MAY2420650CE.NFO,2024-04-29,14:26:00,2024-05-21,120.0,120.0,120.0,120.0,0,0,1
FINNIFTY21MAY2420650CE.NFO,2024-04-29,14:27:00,2024-05-21,120.0,120.0,120.0,120.0,0,0,1
FINNIFTY21MAY2420650CE.NFO,2024-04-29,14:28:00,2024-05-21,120.0,120.0,120.0,120.0,0,0,1
FINNIFTY21MAY2420650CE.NFO,2024-04-29,14:29:00,2024-05-21,120.0,120.0,120.0,120.0,0,0,1
FINNIFTY21MAY2420650CE.NFO,2024-04-29,14:30:00,2024-05-21,120.0,120.0,120.0,120.0,0,0,1
FINNIFTY21MAY2420650CE.NFO,2024-04-29,14:31:00,2024-05-21,120.0,120.0,120.0,120.0,0,0,1
FINNIFTY21MAY2420650CE.NFO,2024-04-29,14:32:00,2024-05-21,120.0,120.0,120.0,120.0,0,0,1
FINNIFTY21MAY2420650CE.NFO,2024-04-29,14:33:00,2024-05-21,120.0,120.0,120.0,120.0,0,0,1
FINNIFTY21MAY2420650CE.NFO,2024-04-29,14:34:00,2024-05-21,120.0,120.0,120.0,120.0,0,0,1
FINNIFTY21MAY2420650CE.NFO,2024-04-29,14:35:00,2024-05-21,120.0,120.0,120.0,120.0,0,0,1
FINNIFTY21MAY2420650CE.NFO,2024-04-29,14:36:00,2024-05-21,120.0,120.0,120.0,120.0,0,0,1
FINNIFTY21MAY2420650CE.NFO,2024-04-29,14:37:00,2024-05-21,120.0,120.0,120.0,120.0,0,0,1
FINNIFTY21MAY2420650CE.NFO,2024-04-29,14:38:00,2024-05-21,120.0,120.0,120.0,120.0,0,0,1
FINNIFTY21MAY2420650CE.NFO,2024-04-29,14:39:00,2024-05-21,120.0,120.0,120.0,120.0,0,0,1
FINNIFTY21MAY2420650CE.NFO,2024-04-29,14:40:00,2024-05-21,120.0,120.0,120.0,120.0,0,0,1
FINNIFTY21MAY2420650CE.NFO,2024-04-29,14:41:00,2024-05-21,120.0,120.0,120.0,120.0,0,0,1
FINNIFTY21MAY2420650CE.NFO,2024-04-29,14:42:00,2024-05-21,120.0,120.0,120.0,120.0,0,0,1
FINNIFTY21MAY2420650CE.NFO,2024-04-29,14:43:00,2024-05-21,120.0,120.0,120.0,120.0,0,0,1
FINNIFTY21MAY2420650CE.NFO,2024-04-29,14:44:00,2024-05-21,120.0,120.0,120.0,120.0,0,0,1
FINNIFTY21MAY2420650CE.NFO,2024-04-29,14:45:00,2024-05-21,120.0,120.0,120.0,120.0,0,0,1
FINNIFTY21MAY2420650CE.NFO,2024-04-29,14:46:00,2024-05-21,120.0,120.0,120.0,120.0,0,0,1
FINNIFTY21MAY2420650CE.NFO,2024-04-29,14:47:00,2024-05-21,120.0,120.0,120.0,120.0,0,0,1
FINNIFTY21MAY2420650CE.NFO,2024-04-29,14:48:00,2024-05-21,120.0,120.0,120.0,120.0,0,0,1
FINNIFTY21MAY2420650CE.NFO,2024-04-29,14:49:00,2024-05-21,120.0,120.0,120.0,120.0,0,0,1
FINNIFTY21MAY2420650CE.NFO,2024-04-29,14:50:00,2024-05-21,120.0,120.0,120.0,120.0,0,0,1
FINNIFTY21MAY2420650CE.NFO,2024-04-29,14:51:00,2024-05-21,120.0,120.0,120.0,120.0,0,0,1
FINNIFTY21MAY2420650CE.NFO,2024-04-29,14:52:00,2024-05-21,120.0,120.0,120.0,120.0,0,0,1
FINNIFTY21MAY2420650CE.NFO,2024-04-29,14:53:00,2024-05-21,120.0,120.0,120.0,120.0,0,0,1
FINNIFTY21MAY2420650CE.NFO,2024-04-29,14:54:00,2024-05-21,120.0,120.0,120.0,120.0,0,0,1
FINNIFTY21MAY2420650CE.NFO,2024-04-29,14:55:00,2024-05-21,120.0,120.0,120.0,120.0,0,0,1
FINNIFTY21MAY2420650CE.NFO,2024-04-29,14:56:00,2024-05-21,120.0,120.0,120.0,120.0,0,0,1
FINNIFTY21MAY2420650CE.NFO,2024-04-29,14:57:00,2024-05-21,120.0,120.0,120.0,120.0,0,0,1
FINNIFTY21MAY2420650CE.NFO,2024-04-29,14:58:00,2024-05-21,120.0,120.0,120.0,120.0,0,0,1
FINNIFTY21MAY2420650CE.NFO,2024-04-29,14:59:00,2024-05-21,120.0,120.0,120.0,120.0,0,0,1
FINNIFTY21MAY2420650CE.NFO,2024-04-29,15:00:00,2024-05-21,120.0,120.0,120.0,120.0,0,0,1
FINNIFTY21MAY2420650CE.NFO,2024-04-29,15:01:00,2024-05-21,120.0,120.0,120.0,120.0,0,0,1
FINNIFTY21MAY2420650CE.NFO,2024-04-29,15:02:00,2024-05-21,120.0,120.0,120.0,120.0,0,0,1
FINNIFTY21MAY2420650CE.NFO,2024-04-29,15:03:00,2024-05-21,120.0,120.0,120.0,120.0,0,0,1
FINNIFTY21MAY2420650CE.NFO,2024-04-29,15:04:00,2024-05-21,120.0,120.0,120.0,120.0,0,0,1
FINNIFTY21MAY2420650CE.NFO,2024-04-29,15:05:00,2024-05-21,120.0,120.0,120.0,120.0,0,0,1
FINNIFTY21MAY2420650CE.NFO,2024-04-29,15:06:00,2024-05-21,120.0,120.0,120.0,120.0,0,0,1
FINNIFTY21MAY2420650CE.NFO,2024-04-29,15:07:00,2024-05-21,120.0,120.0,120.0,120.0,0,0,1
FINNIFTY21MAY2420650CE.NFO,2024-04-29,15:08:00,2024-05-21,120.0,120.0,120.0,120.0,0,0,1
FINNIFTY21MAY2420650CE.NFO,2024-04-29,15:09:00,2024-05-21,120.0,120.0,120.0,120.0,0,0,1
FINNIFTY21MAY2420650CE.NFO,2024-04-29,15:10:00,2024-05-21,120.0,120.0,120.0,120.0,0,0,1
FINNIFTY21MAY2420650CE.NFO,2024-04-29,15:11:00,2024-05-21,120.0,120.0,120.0,120.0,0,0,1
FINNIFTY21MAY2420650CE.NFO,2024-04-29,15:12:00,2024-05-21,120.0,120.0,120.0,120.0,0,0,1
FINNIFTY21MAY2420650CE.NFO,2024-04-29,15:13:00,2024-05-21,120.0,120.0,120.0,120.0,0,0,1
FINNIFTY21MAY2420650CE.NFO,2024-04-29,15:14:00,2024-05-21,120.0,120.0,120.0,120.0,0,0,1
FINNIFTY21MAY2420650CE.NFO,2024-04-29,15:15:00,2024-05-21,120.0,120.0,120.0,120.0,0,0,1
FINNIFTY21MAY2420650CE.NFO,2024-04-29,15:16:00,2024-05-21,120.0,120.0,120.0,120.0,0,0,1
FINNIFTY21MAY2420650CE.NFO,2024-04-29,15:17:00,2024-05-21,120.0,120.0,120.0,120.0,0,0,1
FINNIFTY21MAY2420650CE.NFO,2024-04-29,15:18:00,2024-05-21,120.0,120.0,120.0,120.0,0,0,1
FINNIFTY21MAY2420650CE.NFO,2024-04-29,15:19:00,2024-05-21,120.0,120.0,120.0,120.0,0,0,1
FINNIFTY21MAY2420650CE.NFO,2024-04-29,15:20:00,2024-05-21,120.0,120.0,120.0,120.0,0,0,1
FINNIFTY21MAY2420650CE.NFO,2024-04-29,15:21:00,2024-05-21,120.0,120.0,120.0,120.0,0,0,1
FINNIFTY21MAY2420650CE.NFO,2024-04-29,15:22:00,2024-05-21,120.0,120.0,120.0,120.0,0,0,1
FINNIFTY21MAY2420650CE.NFO,2024-04-29,15:23:00,2024-05-21,120.0,120.0,120.0,120.0,0,0,1
FINNIFTY21MAY2420650CE.NFO,2024-04-29,15:24:00,2024-05-21,120.0,120.0,120.0,120.0,0,0,1
FINNIFTY21MAY2420650CE.NFO,2024-04-29,15:25:00,2024-05-21,120.0,120.0,120.0,120.0,0,0,1
FINNIFTY21MAY2420650CE.NFO,2024-04-29,15:26:00,2024-05-21,120.0,120.0,120.0,120.0,0,0,1
FINNIFTY21MAY2420650CE.NFO,2024-04-29,15:27:00,2024-05-21,120.0,120.0,120.0,120.0,0,0,1
FINNIFTY21MAY2420650CE.NFO,2024-04-29,15:28:00,2024-05-21,120.0,120.0,120.0,120.0,0,0,1
FINNIFTY21MAY2420650CE.NFO,2024-04-29,15:29:00,2024-05-21,120.0,120.0,120.0,120.0,0,0,1
FINNIFTY21MAY2420650CE.NFO,2024-04-29,15:30:00,2024-05-21,120.0,120.0,120.0,120.0,0,0,1
FINNIFTY21MAY2420650CE.NFO,2024-04-30,09:15:00,2024-05-21,120.0,120.0,120.0,120.0,0,0,0
FINNIFTY21MAY2420650CE.NFO,2024-04-30,09:16:00,2024-05-21,120.0,120.0,120.0,120.0,0,0,1
FINNIFTY21MAY2420650CE.NFO,2024-04-30,09:17:00,2024-05-21,120.0,120.0,120.0,120.0,0,0,1
FINNIFTY21MAY2420650CE.NFO,2024-04-30,09:18:00,2024-05-21,120.0,120.0,120.0,120.0,0,0,1
FINNIFTY21MAY2420650CE.NFO,2024-04-30,09:19:00,2024-05-21,120.0,120.0,120.0,120.0,0,0,1
FINNIFTY21MAY2420650CE.NFO,2024-04-30,09:20:00,2024-05-21,120.0,120.0,120.0,120.0,0,0,1
FINNIFTY21MAY2420650CE.NFO,2024-04-30,09:21:00,2024-05-21,120.0,120.0,120.0,120.0,0,0,1
FINNIFTY21MAY2420650CE.NFO,2024-04-30,09:22:00,2024-05-21,120.0,120.0,120.0,120.0,0,0,1
FINNIFTY21MAY2420650CE.NFO,2024-04-30,09:23:00,2024-05-21,120.0,120.0,120.0,120.0,0,0,1
FINNIFTY21MAY2420650CE.NFO,2024-04-30,09:24:00,2024-05-21,120.0,120.0,120.0,120.0,0,0,1
FINNIFTY21MAY2420650CE.NFO,2024-04-30,09:25:00,2024-05-21,120.0,120.0,120.0,120.0,0,0,1
FINNIFTY21MAY2420650CE.NFO,2024-04-30,09:26:00,2024-05-21,120.0,120.0,120.0,120.0,0,0,1
FINNIFTY21MAY2420650CE.NFO,2024-04-30,09:27:00,2024-05-21,120.0,120.0,120.0,120.0,0,0,1
FINNIFTY21MAY2420650CE.NFO,2024-04-30,09:28:00,2024-05-21,120.0,120.0,120.0,120.0,0,0,1
FINNIFTY21MAY2420650CE.NFO,2024-04-30,09:29:00,2024-05-21,120.0,120.0,120.0,120.0,0,0,1
FINNIFTY21MAY2420650CE.NFO,2024-04-30,09:30:00,2024-05-21,120.0,120.0,120.0,120.0,0,0,1
FINNIFTY21MAY2420650CE.NFO,2024-04-30,09:31:00,2024-05-21,120.0,120.0,120.0,120.0,0,0,1
FINNIFTY21MAY2420650CE.NFO,2024-04-30,09:32:00,2024-05-21,120.0,120.0,120.0,120.0,0,0,1
FINNIFTY21MAY2420650CE.NFO,2024-04-30,09:33:00,2024-05-21,120.0,120.0,120.0,120.0,0,0,1
FINNIFTY21MAY2420650CE.NFO,2024-04-30,09:34:00,2024-05-21,120.0,120.0,120.0,120.0,0,0,1
FINNIFTY21MAY2420650CE.NFO,2024-04-30,09:35:00,2024-05-21,120.0,120.0,120.0,120.0,0,0,1
FINNIFTY21MAY2420650CE.NFO,2024-04-30,09:36:00,2024-05-21,120.0,120.0,120.0,120.0,0,0,1
FINNIFTY21MAY2420650CE.NFO,2024-04-30,09:37:00,2024-05-21,120.0,120.0,120.0,120.0,0,0,1
FINNIFTY21MAY2420650CE.NFO,2024-04-30,09:38:00,2024-05-21,120.0,120.0,120.0,120.0,0,0,1
FINNIFTY21MAY2420650CE.NFO,2024-04-30,09:39:00,2024-05-21,120.0,120.0,120.0,120.0,0,0,1
FINNIFTY21MAY2420650CE.NFO,2024-04-30,09:40:00,2024-05-21,120.0,120.0,120.0,120.0,0,0,1
FINNIFTY21MAY2420650CE.NFO,2024-04-30,09:41:00,2024-05-21,120.0,120.0,120.0,120.0,0,0,1
FINNIFTY21MAY2420650CE.NFO,2024-04-30,09:42:00,2024-05-21,120.0,120.0,120.0,120.0,0,0,1
FINNIFTY21MAY2420650CE.NFO,2024-04-30,09:43:00,2024-05-21,120.0,120.0,120.0,120.0,0,0,1
FINNIFTY21MAY2420650CE.NFO,2024-04-30,09:44:00,2024-05-21,120.0,120.0,120.0,120.0,0,0,1
FINNIFTY21MAY2420650CE.NFO,2024-04-30,09:45:00,2024-05-21,120.0,120.0,120.0,120.0,0,0,1
FINNIFTY21MAY2420650CE.NFO,2024-04-30,09:46:00,2024-05-21,120.0,120.0,120.0,120.0,0,0,1
FINNIFTY21MAY2420650CE.NFO,2024-04-30,09:47:00,2024-05-21,120.0,120.0,120.0,120.0,0,0,1
FINNIFTY21MAY2420650CE.NFO,2024-04-30,09:48:00,2024-05-21,120.0,120.0,120.0,120.0,0,0,1
FINNIFTY21MAY2420650CE.NFO,2024-04-30,09:49:00,2024-05-21,120.0,120.0,120.0,120.0,0,0,1
FINNIFTY21MAY2420650CE.NFO,2024-04-30,09:50:00,2024-05-21,120.0,120.0,120.0,120.0,0,0,1
FINNIFTY21MAY2420650CE.NFO,2024-04-30,09:51:00,2024-05-21,120.0,120.0,120.0,120.0,0,0,1
FINNIFTY21MAY2420650CE.NFO,2024-04-30,09:52:00,2024-05-21,120.0,120.0,120.0,120.0,0,0,1
FINNIFTY21MAY2420650CE.NFO,2024-04-30,09:53:00,2024-05-21,120.0,120.0,120.0,120.0,0,0,1
FINNIFTY21MAY2420650CE.NFO,2024-04-30,09:54:00,2024-05-21,120.0,120.0,120.0,120.0,0,0,1
FINNIFTY21MAY2420650CE.NFO,2024-04-30,09:55:00,2024-05-21,120.0,120.0,120.0,120.0,0,0,1
FINNIFTY21MAY2420650CE.NFO,2024-04-30,09:56:00,2024-05-21,120.0,120.0,120.0,120.0,0,0,1
FINNIFTY21MAY2420650CE.NFO,2024-04-30,09:57:00,2024-05-21,120.0,120.0,120.0,120.0,0,0,1
FINNIFTY21MAY2420650CE.NFO,2024-04-30,09:58:00,2024-05-21,120.0,120.0,120.0,120.0,0,0,1
FINNIFTY21MAY2420650CE.NFO,2024-04-30,09:59:00,2024-05-21,120.0,120.0,120.0,120.0,0,0,1
FINNIFTY21MAY2420650CE.NFO,2024-04-30,10:00:00,2024-05-21,120.0,120.0,120.0,120.0,0,0,1
FINNIFTY21MAY2420650CE.NFO,2024-04-30,10:01:00,2024-05-21,120.0,120.0,120.0,120.0,0,0,1
FINNIFTY21MAY2420650CE.NFO,2024-04-30,10:02:00,2024-05-21,120.0,120.0,120.0,120.0,0,0,1
FINNIFTY21MAY2420650CE.NFO,2024-04-30,10:03:00,2024-05-21,120.0,120.0,120.0,120.0,0,0,1
FINNIFTY21MAY2420650CE.NFO,2024-04-30,10:04:00,2024-05-21,120.0,120.0,120.0,120.0,0,0,1
FINNIFTY21MAY2420650CE.NFO,2024-04-30,10:05:00,2024-05-21,120.0,120.0,120.0,120.0,0,0,1
FINNIFTY21MAY2420650CE.NFO,2024-04-30,10:06:00,2024-05-21,120.0,120.0,120.0,120.0,0,0,1
FINNIFTY21MAY2420650CE.NFO,2024-04-30,10:07:00,2024-05-21,120.0,120.0,120.0,120.0,0,0,1
FINNIFTY21MAY2420650CE.NFO,2024-04-30,10:08:00,2024-05-21,120.0,120.0,120.0,120.0,0,0,1
FINNIFTY21MAY2420650CE.NFO,2024-04-30,10:09:00,2024-05-21,120.0,120.0,120.0,120.0,0,0,1
FINNIFTY21MAY2420650CE.NFO,2024-04-30,10:10:00,2024-05-21,120.0,120.0,120.0,120.0,0,0,1
FINNIFTY21MAY2420650CE.NFO,2024-04-30,10:11:00,2024-05-21,120.0,120.0,120.0,120.0,0,0,1
FINNIFTY21MAY2420650CE.NFO,2024-04-30,10:12:00,2024-05-21,120.0,120.0,120.0,120.0,0,0,1
FINNIFTY21MAY2420650CE.NFO,2024-04-30,10:13:00,2024-05-21,120.0,120.0,120.0,120.0,0,0,1
FINNIFTY21MAY2420650CE.NFO,2024-04-30,10:14:00,2024-05-21,120.0,120.0,120.0,120.0,0,0,1
FINNIFTY21MAY2420650CE.NFO,2024-04-30,10:15:00,2024-05-21,120.0,120.0,120.0,120.0,0,0,1
FINNIFTY21MAY2420650CE.NFO,2024-04-30,10:16:00,2024-05-21,120.0,120.0,120.0,120.0,0,0,1
FINNIFTY21MAY2420650CE.NFO,2024-04-30,10:17:00,2024-05-21,120.0,120.0,120.0,120.0,0,0,1
FINNIFTY21MAY2420650CE.NFO,2024-04-30,10:18:00,2024-05-21,120.0,120.0,120.0,120.0,0,0,1
FINNIFTY21MAY2420650CE.NFO,2024-04-30,10:19:00,2024-05-21,120.0,120.0,120.0,120.0,0,0,1
FINNIFTY21MAY2420650CE.NFO,2024-04-30,10:20:00,2024-05-21,120.0,120.0,120.0,120.0,0,0,1
FINNIFTY21MAY2420650CE.NFO,2024-04-30,10:21:00,2024-05-21,120.0,120.0,120.0,120.0,0,0,1
FINNIFTY21MAY2420650CE.NFO,2024-04-30,10:22:00,2024-05-21,120.0,120.0,120.0,120.0,0,0,1
FINNIFTY21MAY2420650CE.NFO,2024-04-30,10:23:00,2024-05-21,120.0,120.0,120.0,120.0,0,0,1
FINNIFTY21MAY2420650CE.NFO,2024-04-30,10:24:00,2024-05-21,120.0,120.0,120.0,120.0,0,0,1
FINNIFTY21MAY2420650CE.NFO,2024-04-30,10:25:00,2024-05-21,120.0,120.0,120.0,120.0,0,0,1
FINNIFTY21MAY2420650CE.NFO,2024-04-30,10:26:00,2024-05-21,120.0,120.0,120.0,120.0,0,0,1
FINNIFTY21MAY2420650CE.NFO,2024-04-30,10:27:00,2024-05-21,120.0,120.0,120.0,120.0,0,0,1
FINNIFTY21MAY2420650CE.NFO,2024-04-30,10:28:00,2024-05-21,120.0,120.0,120.0,120.0,0,0,1
FINNIFTY21MAY2420650CE.NFO,2024-04-30,10:29:00,2024-05-21,120.0,120.0,120.0,120.0,0,0,1
FINNIFTY21MAY2420650CE.NFO,2024-04-30,10:30:00,2024-05-21,120.0,120.0,120.0,120.0,0,0,1
FINNIFTY21MAY2420650CE.NFO,2024-04-30,10:31:00,2024-05-21,120.0,120.0,120.0,120.0,0,0,1
FINNIFTY21MAY2420650CE.NFO,2024-04-30,10:32:00,2024-05-21,120.0,120.0,120.0,120.0,0,0,1
FINNIFTY21MAY2420650CE.NFO,2024-04-30,10:33:00,2024-05-21,120.0,120.0,120.0,120.0,0,0,1
FINNIFTY21MAY2420650CE.NFO,2024-04-30,10:34:00,2024-05-21,120.0,120.0,120.0,120.0,0,0,1
FINNIFTY21MAY2420650CE.NFO,2024-04-30,10:35:00,2024-05-21,120.0,120.0,120.0,120.0,0,0,1
FINNIFTY21MAY2420650CE.NFO,2024-04-30,10:36:00,2024-05-21,120.0,120.0,120.0,120.0,0,0,1
FINNIFTY21MAY2420650CE.NFO,2024-04-30,10:37:00,2024-05-21,120.0,120.0,120.0,120.0,0,0,1
FINNIFTY21MAY2420650CE.NFO,2024-04-30,10:38:00,2024-05-21,120.0,120.0,120.0,120.0,0,0,1
FINNIFTY21MAY2420650CE.NFO,2024-04-30,10:39:00,2024-05-21,120.0,120.0,120.0,120.0,0,0,1
FINNIFTY21MAY2420650CE.NFO,2024-04-30,10:40:00,2024-05-21,120.0,120.0,120.0,120.0,0,0,1
FINNIFTY21MAY2420650CE.NFO,2024-04-30,10:41:00,2024-05-21,120.0,120.0,120.0,120.0,0,0,1
FINNIFTY21MAY2420650CE.NFO,2024-04-30,10:42:00,2024-05-21,120.0,120.0,120.0,120.0,0,0,1
FINNIFTY21MAY2420650CE.NFO,2024-04-30,10:43:00,2024-05-21,120.0,120.0,120.0,120.0,0,0,1
FINNIFTY21MAY2420650CE.NFO,2024-04-30,10:44:00,2024-05-21,120.0,120.0,120.0,120.0,0,0,1
FINNIFTY21MAY2420650CE.NFO,2024-04-30,10:45:00,2024-05-21,120.0,120.0,120.0,120.0,0,0,1
FINNIFTY21MAY2420650CE.NFO,2024-04-30,10:46:00,2024-05-21,120.0,120.0,120.0,120.0,0,0,1
FINNIFTY21MAY2420650CE.NFO,2024-04-30,10:47:00,2024-05-21,120.0,120.0,120.0,120.0,0,0,1
FINNIFTY21MAY2420650CE.NFO,2024-04-30,10:48:00,2024-05-21,120.0,120.0,120.0,120.0,0,0,1
FINNIFTY21MAY2420650CE.NFO,2024-04-30,10:49:00,2024-05-21,120.0,120.0,120.0,120.0,0,0,1
FINNIFTY21MAY2420650CE.NFO,2024-04-30,10:50:00,2024-05-21,120.0,120.0,120.0,120.0,0,0,1
FINNIFTY21MAY2420650CE.NFO,2024-04-30,10:51:00,2024-05-21,120.0,120.0,120.0,120.0,0,0,1
FINNIFTY21MAY2420650CE.NFO,2024-04-30,10:52:00,2024-05-21,120.0,120.0,120.0,120.0,0,0,1
FINNIFTY21MAY2420650CE.NFO,2024-04-30,10:53:00,2024-05-21,120.0,120.0,120.0,120.0,0,0,1
FINNIFTY21MAY2420650CE.NFO,2024-04-30,10:54:00,2024-05-21,120.0,120.0,120.0,120.0,0,0,1
FINNIFTY21MAY2420650CE.NFO,2024-04-30,10:55:00,2024-05-21,120.0,120.0,120.0,120.0,0,0,1
FINNIFTY21MAY2420650CE.NFO,2024-04-30,10:56:00,2024-05-21,120.0,120.0,120.0,120.0,0,0,1
FINNIFTY21MAY2420650CE.NFO,2024-04-30,10:57:00,2024-05-21,120.0,120.0,120.0,120.0,0,0,1
FINNIFTY21MAY2420650CE.NFO,2024-04-30,10:58:00,2024-05-21,120.0,120.0,120.0,120.0,0,0,1
FINNIFTY21MAY2420650CE.NFO,2024-04-30,10:59:00,2024-05-21,120.0,120.0,120.0,120.0,0,0,1
FINNIFTY21MAY2420650CE.NFO,2024-04-30,11:00:00,2024-05-21,120.0,120.0,120.0,120.0,0,0,1
FINNIFTY21MAY2420650CE.NFO,2024-04-30,11:01:00,2024-05-21,120.0,120.0,120.0,120.0,0,0,1
FINNIFTY21MAY2420650CE.NFO,2024-04-30,11:02:00,2024-05-21,120.0,120.0,120.0,120.0,0,0,1
FINNIFTY21MAY2420650CE.NFO,2024-04-30,11:03:00,2024-05-21,120.0,120.0,120.0,120.0,0,0,1
FINNIFTY21MAY2420650CE.NFO,2024-04-30,11:04:00,2024-05-21,120.0,120.0,120.0,120.0,0,0,1
FINNIFTY21MAY2420650CE.NFO,2024-04-30,11:05:00,2024-05-21,120.0,120.0,120.0,120.0,0,0,1
FINNIFTY21MAY2420650CE.NFO,2024-04-30,11:06:00,2024-05-21,120.0,120.0,120.0,120.0,0,0,1
FINNIFTY21MAY2420650CE.NFO,2024-04-30,11:07:00,2024-05-21,120.0,120.0,120.0,120.0,0,0,1
FINNIFTY21MAY2420650CE.NFO,2024-04-30,11:08:00,2024-05-21,120.0,120.0,120.0,120.0,0,0,1
FINNIFTY21MAY2420650CE.NFO,2024-04-30,11:09:00,2024-05-21,120.0,120.0,120.0,120.0,0,0,1
FINNIFTY21MAY2420650CE.NFO,2024-04-30,11:10:00,2024-05-21,120.0,120.0,120.0,120.0,0,0,1
FINNIFTY21MAY2420650CE.NFO,2024-04-30,11:11:00,2024-05-21,120.0,120.0,120.0,120.0,0,0,1
FINNIFTY21MAY2420650CE.NFO,2024-04-30,11:12:00,2024-05-21,120.0,120.0,120.0,120.0,0,0,1
FINNIFTY21MAY2420650CE.NFO,2024-04-30,11:13:00,2024-05-21,120.0,120.0,120.0,120.0,0,0,1
FINNIFTY21MAY2420650CE.NFO,2024-04-30,11:14:00,2024-05-21,120.0,120.0,120.0,120.0,0,0,1
FINNIFTY21MAY2420650CE.NFO,2024-04-30,11:15:00,2024-05-21,120.0,120.0,120.0,120.0,0,0,1
FINNIFTY21MAY2420650CE.NFO,2024-04-30,11:16:00,2024-05-21,120.0,120.0,120.0,120.0,0,0,1
FINNIFTY21MAY2420650CE.NFO,2024-04-30,11:17:00,2024-05-21,120.0,120.0,120.0,120.0,0,0,1
FINNIFTY21MAY2420650CE.NFO,2024-04-30,11:18:00,2024-05-21,120.0,120.0,120.0,120.0,0,0,1
FINNIFTY21MAY2420650CE.NFO,2024-04-30,11:19:00,2024-05-21,120.0,120.0,120.0,120.0,0,0,1
FINNIFTY21MAY2420650CE.NFO,2024-04-30,11:20:00,2024-05-21,120.0,120.0,120.0,120.0,0,0,1
FINNIFTY21MAY2420650CE.NFO,2024-04-30,11:21:00,2024-05-21,120.0,120.0,120.0,120.0,0,0,1
FINNIFTY21MAY2420650CE.NFO,2024-04-30,11:22:00,2024-05-21,120.0,120.0,120.0,120.0,0,0,1
FINNIFTY21MAY2420650CE.NFO,2024-04-30,11:23:00,2024-05-21,120.0,120.0,120.0,120.0,0,0,1
FINNIFTY21MAY2420650CE.NFO,2024-04-30,11:24:00,2024-05-21,120.0,120.0,120.0,120.0,0,0,1
FINNIFTY21MAY2420650CE.NFO,2024-04-30,11:25:00,2024-05-21,120.0,120.0,120.0,120.0,0,0,1
FINNIFTY21MAY2420650CE.NFO,2024-04-30,11:26:00,2024-05-21,120.0,120.0,120.0,120.0,0,0,1
FINNIFTY21MAY2420650CE.NFO,2024-04-30,11:27:00,2024-05-21,120.0,120.0,120.0,120.0,0,0,1
FINNIFTY21MAY2420650CE.NFO,2024-04-30,11:28:00,2024-05-21,120.0,120.0,120.0,120.0,0,0,1
FINNIFTY21MAY2420650CE.NFO,2024-04-30,11:29:00,2024-05-21,120.0,120.0,120.0,120.0,0,0,1
FINNIFTY21MAY2420650CE.NFO,2024-04-30,11:30:00,2024-05-21,120.0,120.0,120.0,120.0,0,0,1
FINNIFTY21MAY2420650CE.NFO,2024-04-30,11:31:00,2024-05-21,120.0,120.0,120.0,120.0,0,0,1
FINNIFTY21MAY2420650CE.NFO,2024-04-30,11:32:00,2024-05-21,120.0,120.0,120.0,120.0,0,0,1
FINNIFTY21MAY2420650CE.NFO,2024-04-30,11:33:00,2024-05-21,120.0,120.0,120.0,120.0,0,0,1
FINNIFTY21MAY2420650CE.NFO,2024-04-30,11:34:00,2024-05-21,120.0,120.0,120.0,120.0,0,0,1
FINNIFTY21MAY2420650CE.NFO,2024-04-30,11:35:00,2024-05-21,120.0,120.0,120.0,120.0,0,0,1
FINNIFTY21MAY2420650CE.NFO,2024-04-30,11:36:00,2024-05-21,120.0,120.0,120.0,120.0,0,0,1
FINNIFTY21MAY2420650CE.NFO,2024-04-30,11:37:00,2024-05-21,120.0,120.0,120.0,120.0,0,0,1
FINNIFTY21MAY2420650CE.NFO,2024-04-30,11:38:00,2024-05-21,120.0,120.0,120.0,120.0,0,0,1
FINNIFTY21MAY2420650CE.NFO,2024-04-30,11:39:00,2024-05-21,120.0,120.0,120.0,120.0,0,0,1
FINNIFTY21MAY2420650CE.NFO,2024-04-30,11:40:00,2024-05-21,120.0,120.0,120.0,120.0,0,0,1
FINNIFTY21MAY2420650CE.NFO,2024-04-30,11:41:00,2024-05-21,120.0,120.0,120.0,120.0,0,0,1
FINNIFTY21MAY2420650CE.NFO,2024-04-30,11:42:00,2024-05-21,120.0,120.0,120.0,120.0,0,0,1
FINNIFTY21MAY2420650CE.NFO,2024-04-30,11:43:00,2024-05-21,120.0,120.0,120.0,120.0,0,0,1
FINNIFTY21MAY2420650CE.NFO,2024-04-30,11:44:00,2024-05-21,120.0,120.0,120.0,120.0,0,0,1
FINNIFTY21MAY2420650CE.NFO,2024-04-30,11:45:00,2024-05-21,120.0,120.0,120.0,120.0,0,0,1
FINNIFTY21MAY2420650CE.NFO,2024-04-30,11:46:00,2024-05-21,120.0,120.0,120.0,120.0,0,0,1
FINNIFTY21MAY2420650CE.NFO,2024-04-30,11:47:00,2024-05-21,120.0,120.0,120.0,120.0,0,0,1
FINNIFTY21MAY2420650CE.NFO,2024-04-30,11:48:00,2024-05-21,120.0,120.0,120.0,120.0,0,0,1
FINNIFTY21MAY2420650CE.NFO,2024-04-30,11:49:00,2024-05-21,120.0,120.0,120.0,120.0,0,0,1
FINNIFTY21MAY2420650CE.NFO,2024-04-30,11:50:00,2024-05-21,120.0,120.0,120.0,120.0,0,0,1
FINNIFTY21MAY2420650CE.NFO,2024-04-30,11:51:00,2024-05-21,120.0,120.0,120.0,120.0,0,0,1
FINNIFTY21MAY2420650CE.NFO,2024-04-30,11:52:00,2024-05-21,120.0,120.0,120.0,120.0,0,0,1
FINNIFTY21MAY2420650CE.NFO,2024-04-30,11:53:00,2024-05-21,120.0,120.0,120.0,120.0,0,0,1
FINNIFTY21MAY2420650CE.NFO,2024-04-30,11:54:00,2024-05-21,120.0,120.0,120.0,120.0,0,0,1
FINNIFTY21MAY2420650CE.NFO,2024-04-30,11:55:00,2024-05-21,120.0,120.0,120.0,120.0,0,0,1
FINNIFTY21MAY2420650CE.NFO,2024-04-30,11:56:00,2024-05-21,120.0,120.0,120.0,120.0,0,0,1
FINNIFTY21MAY2420650CE.NFO,2024-04-30,11:57:00,2024-05-21,120.0,120.0,120.0,120.0,0,0,1
FINNIFTY21MAY2420650CE.NFO,2024-04-30,11:58:00,2024-05-21,120.0,120.0,120.0,120.0,0,0,1
FINNIFTY21MAY2420650CE.NFO,2024-04-30,11:59:00,2024-05-21,120.0,120.0,120.0,120.0,0,0,1
FINNIFTY21MAY2420650CE.NFO,2024-04-30,12:00:00,2024-05-21,120.0,120.0,120.0,120.0,0,0,1
FINNIFTY21MAY2420650CE.NFO,2024-04-30,12:01:00,2024-05-21,120.0,120.0,120.0,120.0,0,0,1
FINNIFTY21MAY2420650CE.NFO,2024-04-30,12:02:00,2024-05-21,120.0,120.0,120.0,120.0,0,0,1
FINNIFTY21MAY2420650CE.NFO,2024-04-30,12:03:00,2024-05-21,120.0,120.0,120.0,120.0,0,0,1
FINNIFTY21MAY2420650CE.NFO,2024-04-30,12:04:00,2024-05-21,120.0,120.0,120.0,120.0,0,0,1
FINNIFTY21MAY2420650CE.NFO,2024-04-30,12:05:00,2024-05-21,120.0,120.0,120.0,120.0,0,0,1
FINNIFTY21MAY2420650CE.NFO,2024-04-30,12:06:00,2024-05-21,120.0,120.0,120.0,120.0,0,0,1
FINNIFTY21MAY2420650CE.NFO,2024-04-30,12:07:00,2024-05-21,120.0,120.0,120.0,120.0,0,0,1
FINNIFTY21MAY2420650CE.NFO,2024-04-30,12:08:00,2024-05-21,120.0,120.0,120.0,120.0,0,0,1
FINNIFTY21MAY2420650CE.NFO,2024-04-30,12:09:00,2024-05-21,120.0,120.0,120.0,120.0,0,0,1
FINNIFTY21MAY2420650CE.NFO,2024-04-30,12:10:00,2024-05-21,120.0,120.0,120.0,120.0,0,0,1
FINNIFTY21MAY2420650CE.NFO,2024-04-30,12:11:00,2024-05-21,120.0,120.0,120.0,120.0,0,0,1
FINNIFTY21MAY2420650CE.NFO,2024-04-30,12:12:00,2024-05-21,120.0,120.0,120.0,120.0,0,0,1
FINNIFTY21MAY2420650CE.NFO,2024-04-30,12:13:00,2024-05-21,120.0,120.0,120.0,120.0,0,0,1
FINNIFTY21MAY2420650CE.NFO,2024-04-30,12:14:00,2024-05-21,120.0,120.0,120.0,120.0,0,0,1
FINNIFTY21MAY2420650CE.NFO,2024-04-30,12:15:00,2024-05-21,120.0,120.0,120.0,120.0,0,0,1
FINNIFTY21MAY2420650CE.NFO,2024-04-30,12:16:00,2024-05-21,120.0,120.0,120.0,120.0,0,0,1
FINNIFTY21MAY2420650CE.NFO,2024-04-30,12:17:00,2024-05-21,120.0,120.0,120.0,120.0,0,0,1
FINNIFTY21MAY2420650CE.NFO,2024-04-30,12:18:00,2024-05-21,120.0,120.0,120.0,120.0,0,0,1
FINNIFTY21MAY2420650CE.NFO,2024-04-30,12:19:00,2024-05-21,120.0,120.0,120.0,120.0,0,0,1
FINNIFTY21MAY2420650CE.NFO,2024-04-30,12:20:00,2024-05-21,120.0,120.0,120.0,120.0,0,0,1
FINNIFTY21MAY2420650CE.NFO,2024-04-30,12:21:00,2024-05-21,120.0,120.0,120.0,120.0,0,0,1
FINNIFTY21MAY2420650CE.NFO,2024-04-30,12:22:00,2024-05-21,120.0,120.0,120.0,120.0,0,0,1
FINNIFTY21MAY2420650CE.NFO,2024-04-30,12:23:00,2024-05-21,120.0,120.0,120.0,120.0,0,0,1
FINNIFTY21MAY2420650CE.NFO,2024-04-30,12:24:00,2024-05-21,120.0,120.0,120.0,120.0,0,0,1
FINNIFTY21MAY2420650CE.NFO,2024-04-30,12:25:00,2024-05-21,120.0,120.0,120.0,120.0,0,0,1
FINNIFTY21MAY2420650CE.NFO,2024-04-30,12:26:00,2024-05-21,120.0,120.0,120.0,120.0,0,0,1
FINNIFTY21MAY2420650CE.NFO,2024-04-30,12:27:00,2024-05-21,120.0,120.0,120.0,120.0,0,0,1
FINNIFTY21MAY2420650CE.NFO,2024-04-30,12:28:00,2024-05-21,120.0,120.0,120.0,120.0,0,0,1
FINNIFTY21MAY2420650CE.NFO,2024-04-30,12:29:00,2024-05-21,120.0,120.0,120.0,120.0,0,0,1
FINNIFTY21MAY2420650CE.NFO,2024-04-30,12:30:00,2024-05-21,120.0,120.0,120.0,120.0,0,0,1
FINNIFTY21MAY2420650CE.NFO,2024-04-30,12:31:00,2024-05-21,120.0,120.0,120.0,120.0,0,0,1
FINNIFTY21MAY2420650CE.NFO,2024-04-30,12:32:00,2024-05-21,120.0,120.0,120.0,120.0,0,0,1
FINNIFTY21MAY2420650CE.NFO,2024-04-30,12:33:00,2024-05-21,120.0,120.0,120.0,120.0,0,0,1
FINNIFTY21MAY2420650CE.NFO,2024-04-30,12:34:00,2024-05-21,120.0,120.0,120.0,120.0,0,0,1
FINNIFTY21MAY2420650CE.NFO,2024-04-30,12:35:00,2024-05-21,120.0,120.0,120.0,120.0,0,0,1
FINNIFTY21MAY2420650CE.NFO,2024-04-30,12:36:00,2024-05-21,120.0,120.0,120.0,120.0,0,0,1
FINNIFTY21MAY2420650CE.NFO,2024-04-30,12:37:00,2024-05-21,120.0,120.0,120.0,120.0,0,0,1
FINNIFTY21MAY2420650CE.NFO,2024-04-30,12:38:00,2024-05-21,120.0,120.0,120.0,120.0,0,0,1
FINNIFTY21MAY2420650CE.NFO,2024-04-30,12:39:00,2024-05-21,120.0,120.0,120.0,120.0,0,0,1
FINNIFTY21MAY2420650CE.NFO,2024-04-30,12:40:00,2024-05-21,120.0,120.0,120.0,120.0,0,0,1
FINNIFTY21MAY2420650CE.NFO,2024-04-30,12:41:00,2024-05-21,120.0,120.0,120.0,120.0,0,0,1
FINNIFTY21MAY2420650CE.NFO,2024-04-30,12:42:00,2024-05-21,120.0,120.0,120.0,120.0,0,0,1
FINNIFTY21MAY2420650CE.NFO,2024-04-30,12:43:00,2024-05-21,120.0,120.0,120.0,120.0,0,0,1
FINNIFTY21MAY2420650CE.NFO,2024-04-30,12:44:00,2024-05-21,120.0,120.0,120.0,120.0,0,0,1
FINNIFTY21MAY2420650CE.NFO,2024-04-30,12:45:00,2024-05-21,120.0,120.0,120.0,120.0,0,0,1
FINNIFTY21MAY2420650CE.NFO,2024-04-30,12:46:00,2024-05-21,120.0,120.0,120.0,120.0,0,0,1
FINNIFTY21MAY2420650CE.NFO,2024-04-30,12:47:00,2024-05-21,120.0,120.0,120.0,120.0,0,0,1
FINNIFTY21MAY2420650CE.NFO,2024-04-30,12:48:00,2024-05-21,120.0,120.0,120.0,120.0,0,0,1
FINNIFTY21MAY2420650CE.NFO,2024-04-30,12:49:00,2024-05-21,120.0,120.0,120.0,120.0,0,0,1
FINNIFTY21MAY2420650CE.NFO,2024-04-30,12:50:00,2024-05-21,120.0,120.0,120.0,120.0,0,0,1
FINNIFTY21MAY2420650CE.NFO,2024-04-30,12:51:00,2024-05-21,120.0,120.0,120.0,120.0,0,0,1
FINNIFTY21MAY2420650CE.NFO,2024-04-30,12:52:00,2024-05-21,120.0,120.0,120.0,120.0,0,0,1
FINNIFTY21MAY2420650CE.NFO,2024-04-30,12:53:00,2024-05-21,120.0,120.0,120.0,120.0,0,0,1
FINNIFTY21MAY2420650CE.NFO,2024-04-30,12:54:00,2024-05-21,120.0,120.0,120.0,120.0,0,0,1
FINNIFTY21MAY2420650CE.NFO,2024-04-30,12:55:00,2024-05-21,120.0,120.0,120.0,120.0,0,0,1
FINNIFTY21MAY2420650CE.NFO,2024-04-30,12:56:00,2024-05-21,120.0,120.0,120.0,120.0,0,0,1
FINNIFTY21MAY2420650CE.NFO,2024-04-30,12:57:00,2024-05-21,120.0,120.0,120.0,120.0,0,0,1
FINNIFTY21MAY2420650CE.NFO,2024-04-30,12:58:00,2024-05-21,120.0,120.0,120.0,120.0,0,0,1
FINNIFTY21MAY2420650CE.NFO,2024-04-30,12:59:00,2024-05-21,120.0,120.0,120.0,120.0,0,0,1
FINNIFTY21MAY2420650CE.NFO,2024-04-30,13:00:00,2024-05-21,120.0,120.0,120.0,120.0,0,0,1
FINNIFTY21MAY2420650CE.NFO,2024-04-30,13:01:00,2024-05-21,120.0,120.0,120.0,120.0,0,0,1
FINNIFTY21MAY2420650CE.NFO,2024-04-30,13:02:00,2024-05-21,120.0,120.0,120.0,120.0,0,0,1
FINNIFTY21MAY2420650CE.NFO,2024-04-30,13:03:00,2024-05-21,120.0,120.0,120.0,120.0,0,0,1
FINNIFTY21MAY2420650CE.NFO,2024-04-30,13:04:00,2024-05-21,120.0,120.0,120.0,120.0,0,0,1
FINNIFTY21MAY2420650CE.NFO,2024-04-30,13:05:00,2024-05-21,120.0,120.0,120.0,120.0,0,0,1
FINNIFTY21MAY2420650CE.NFO,2024-04-30,13:06:00,2024-05-21,120.0,120.0,120.0,120.0,0,0,1
FINNIFTY21MAY2420650CE.NFO,2024-04-30,13:07:00,2024-05-21,120.0,120.0,120.0,120.0,0,0,1
FINNIFTY21MAY2420650CE.NFO,2024-04-30,13:08:00,2024-05-21,120.0,120.0,120.0,120.0,0,0,1
FINNIFTY21MAY2420650CE.NFO,2024-04-30,13:09:00,2024-05-21,120.0,120.0,120.0,120.0,0,0,1
FINNIFTY21MAY2420650CE.NFO,2024-04-30,13:10:00,2024-05-21,120.0,120.0,120.0,120.0,0,0,1
FINNIFTY21MAY2420650CE.NFO,2024-04-30,13:11:00,2024-05-21,120.0,120.0,120.0,120.0,0,0,1
FINNIFTY21MAY2420650CE.NFO,2024-04-30,13:12:00,2024-05-21,120.0,120.0,120.0,120.0,0,0,1
FINNIFTY21MAY2420650CE.NFO,2024-04-30,13:13:00,2024-05-21,120.0,120.0,120.0,120.0,0,0,1
FINNIFTY21MAY2420650CE.NFO,2024-04-30,13:14:00,2024-05-21,120.0,120.0,120.0,120.0,0,0,1
FINNIFTY21MAY2420650CE.NFO,2024-04-30,13:15:00,2024-05-21,120.0,120.0,120.0,120.0,0,0,1
FINNIFTY21MAY2420650CE.NFO,2024-04-30,13:16:00,2024-05-21,120.0,120.0,120.0,120.0,0,0,1
FINNIFTY21MAY2420650CE.NFO,2024-04-30,13:17:00,2024-05-21,120.0,120.0,120.0,120.0,0,0,1
FINNIFTY21MAY2420650CE.NFO,2024-04-30,13:18:00,2024-05-21,120.0,120.0,120.0,120.0,0,0,1
FINNIFTY21MAY2420650CE.NFO,2024-04-30,13:19:00,2024-05-21,120.0,120.0,120.0,120.0,0,0,1
FINNIFTY21MAY2420650CE.NFO,2024-04-30,13:20:00,2024-05-21,120.0,120.0,120.0,120.0,0,0,1
FINNIFTY21MAY2420650CE.NFO,2024-04-30,13:21:00,2024-05-21,120.0,120.0,120.0,120.0,0,0,1
FINNIFTY21MAY2420650CE.NFO,2024-04-30,13:22:00,2024-05-21,120.0,120.0,120.0,120.0,0,0,1
FINNIFTY21MAY2420650CE.NFO,2024-04-30,13:23:00,2024-05-21,120.0,120.0,120.0,120.0,0,0,1
FINNIFTY21MAY2420650CE.NFO,2024-04-30,13:24:00,2024-05-21,120.0,120.0,120.0,120.0,0,0,1
FINNIFTY21MAY2420650CE.NFO,2024-04-30,13:25:00,2024-05-21,120.0,120.0,120.0,120.0,0,0,1
FINNIFTY21MAY2420650CE.NFO,2024-04-30,13:26:00,2024-05-21,120.0,120.0,120.0,120.0,0,0,1
FINNIFTY21MAY2420650CE.NFO,2024-04-30,13:27:00,2024-05-21,120.0,120.0,120.0,120.0,0,0,1
FINNIFTY21MAY2420650CE.NFO,2024-04-30,13:28:00,2024-05-21,120.0,120.0,120.0,120.0,0,0,1
FINNIFTY21MAY2420650CE.NFO,2024-04-30,13:29:00,2024-05-21,120.0,120.0,120.0,120.0,0,0,1
FINNIFTY21MAY2420650CE.NFO,2024-04-30,13:30:00,2024-05-21,120.0,120.0,120.0,120.0,0,0,1
FINNIFTY21MAY2420650CE.NFO,2024-04-30,13:31:00,2024-05-21,120.0,120.0,120.0,120.0,0,0,1
FINNIFTY21MAY2420650CE.NFO,2024-04-30,13:32:00,2024-05-21,120.0,120.0,120.0,120.0,0,0,1
FINNIFTY21MAY2420650CE.NFO,2024-04-30,13:33:00,2024-05-21,120.0,120.0,120.0,120.0,0,0,1
FINNIFTY21MAY2420650CE.NFO,2024-04-30,13:34:00,2024-05-21,120.0,120.0,120.0,120.0,0,0,1
FINNIFTY21MAY2420650CE.NFO,2024-04-30,13:35:00,2024-05-21,120.0,120.0,120.0,120.0,0,0,1
FINNIFTY21MAY2420650CE.NFO,2024-04-30,13:36:00,2024-05-21,120.0,120.0,120.0,120.0,0,0,1
FINNIFTY21MAY2420650CE.NFO,2024-04-30,13:37:00,2024-05-21,120.0,120.0,120.0,120.0,0,0,1
FINNIFTY21MAY2420650CE.NFO,2024-04-30,13:38:00,2024-05-21,120.0,120.0,120.0,120.0,0,0,1
FINNIFTY21MAY2420650CE.NFO,2024-04-30,13:39:00,2024-05-21,120.0,120.0,120.0,120.0,0,0,1
FINNIFTY21MAY2420650CE.NFO,2024-04-30,13:40:00,2024-05-21,120.0,120.0,120.0,120.0,0,0,1
FINNIFTY21MAY2420650CE.NFO,2024-04-30,13:41:00,2024-05-21,120.0,120.0,120.0,120.0,0,0,1
FINNIFTY21MAY2420650CE.NFO,2024-04-30,13:42:00,2024-05-21,120.0,120.0,120.0,120.0,0,0,1
FINNIFTY21MAY2420650CE.NFO,2024-04-30,13:43:00,2024-05-21,120.0,120.0,120.0,120.0,0,0,1
FINNIFTY21MAY2420650CE.NFO,2024-04-30,13:44:00,2024-05-21,120.0,120.0,120.0,120.0,0,0,1
FINNIFTY21MAY2420650CE.NFO,2024-04-30,13:45:00,2024-05-21,120.0,120.0,120.0,120.0,0,0,1
FINNIFTY21MAY2420650CE.NFO,2024-04-30,13:46:00,2024-05-21,120.0,120.0,120.0,120.0,0,0,1
FINNIFTY21MAY2420650CE.NFO,2024-04-30,13:47:00,2024-05-21,120.0,120.0,120.0,120.0,0,0,1
FINNIFTY21MAY2420650CE.NFO,2024-04-30,13:48:00,2024-05-21,120.0,120.0,120.0,120.0,0,0,1
FINNIFTY21MAY2420650CE.NFO,2024-04-30,13:49:00,2024-05-21,120.0,120.0,120.0,120.0,0,0,1
FINNIFTY21MAY2420650CE.NFO,2024-04-30,13:50:00,2024-05-21,120.0,120.0,120.0,120.0,0,0,1
FINNIFTY21MAY2420650CE.NFO,2024-04-30,13:51:00,2024-05-21,120.0,120.0,120.0,120.0,0,0,1
FINNIFTY21MAY2420650CE.NFO,2024-04-30,13:52:00,2024-05-21,120.0,120.0,120.0,120.0,0,0,1
FINNIFTY21MAY2420650CE.NFO,2024-04-30,13:53:00,2024-05-21,120.0,120.0,120.0,120.0,0,0,1
FINNIFTY21MAY2420650CE.NFO,2024-04-30,13:54:00,2024-05-21,120.0,120.0,120.0,120.0,0,0,1
FINNIFTY21MAY2420650CE.NFO,2024-04-30,13:55:00,2024-05-21,120.0,120.0,120.0,120.0,0,0,1
FINNIFTY21MAY2420650CE.NFO,2024-04-30,13:56:00,2024-05-21,120.0,120.0,120.0,120.0,0,0,1
FINNIFTY21MAY2420650CE.NFO,2024-04-30,13:57:00,2024-05-21,120.0,120.0,120.0,120.0,0,0,1
FINNIFTY21MAY2420650CE.NFO,2024-04-30,13:58:00,2024-05-21,120.0,120.0,120.0,120.0,0,0,1
FINNIFTY21MAY2420650CE.NFO,2024-04-30,13:59:00,2024-05-21,120.0,120.0,120.0,120.0,0,0,1
FINNIFTY21MAY2420650CE.NFO,2024-04-30,14:00:00,2024-05-21,120.0,120.0,120.0,120.0,0,0,1
FINNIFTY21MAY2420650CE.NFO,2024-04-30,14:01:00,2024-05-21,120.0,120.0,120.0,120.0,0,0,1
FINNIFTY21MAY2420650CE.NFO,2024-04-30,14:02:00,2024-05-21,120.0,120.0,120.0,120.0,0,0,1
FINNIFTY21MAY2420650CE.NFO,2024-04-30,14:03:00,2024-05-21,120.0,120.0,120.0,120.0,0,0,1
FINNIFTY21MAY2420650CE.NFO,2024-04-30,14:04:00,2024-05-21,120.0,120.0,120.0,120.0,0,0,1
FINNIFTY21MAY2420650CE.NFO,2024-04-30,14:05:00,2024-05-21,120.0,120.0,120.0,120.0,0,0,1
FINNIFTY21MAY2420650CE.NFO,2024-04-30,14:06:00,2024-05-21,120.0,120.0,120.0,120.0,0,0,1
FINNIFTY21MAY2420650CE.NFO,2024-04-30,14:07:00,2024-05-21,120.0,120.0,120.0,120.0,0,0,1
FINNIFTY21MAY2420650CE.NFO,2024-04-30,14:08:00,2024-05-21,120.0,120.0,120.0,120.0,0,0,1
FINNIFTY21MAY2420650CE.NFO,2024-04-30,14:09:00,2024-05-21,120.0,120.0,120.0,120.0,0,0,1
FINNIFTY21MAY2420650CE.NFO,2024-04-30,14:10:00,2024-05-21,120.0,120.0,120.0,120.0,0,0,1
FINNIFTY21MAY2420650CE.NFO,2024-04-30,14:11:00,2024-05-21,120.0,120.0,120.0,120.0,0,0,1
FINNIFTY21MAY2420650CE.NFO,2024-04-30,14:12:00,2024-05-21,120.0,120.0,120.0,120.0,0,0,1
FINNIFTY21MAY2420650CE.NFO,2024-04-30,14:13:00,2024-05-21,120.0,120.0,120.0,120.0,0,0,1
FINNIFTY21MAY2420650CE.NFO,2024-04-30,14:14:00,2024-05-21,120.0,120.0,120.0,120.0,0,0,1
FINNIFTY21MAY2420650CE.NFO,2024-04-30,14:15:00,2024-05-21,120.0,120.0,120.0,120.0,0,0,1
FINNIFTY21MAY2420650CE.NFO,2024-04-30,14:16:00,2024-05-21,120.0,120.0,120.0,120.0,0,0,1
FINNIFTY21MAY2420650CE.NFO,2024-04-30,14:17:00,2024-05-21,120.0,120.0,120.0,120.0,0,0,1
FINNIFTY21MAY2420650CE.NFO,2024-04-30,14:18:00,2024-05-21,120.0,120.0,120.0,120.0,0,0,1
FINNIFTY21MAY2420650CE.NFO,2024-04-30,14:19:00,2024-05-21,120.0,120.0,120.0,120.0,0,0,1
FINNIFTY21MAY2420650CE.NFO,2024-04-30,14:20:00,2024-05-21,120.0,120.0,120.0,120.0,0,0,1
FINNIFTY21MAY2420650CE.NFO,2024-04-30,14:21:00,2024-05-21,120.0,120.0,120.0,120.0,0,0,1
FINNIFTY21MAY2420650CE.NFO,2024-04-30,14:22:00,2024-05-21,120.0,120.0,120.0,120.0,0,0,1
FINNIFTY21MAY2420650CE.NFO,2024-04-30,14:23:00,2024-05-21,120.0,120.0,120.0,120.0,0,0,1
FINNIFTY21MAY2420650CE.NFO,2024-04-30,14:24:00,2024-05-21,120.0,120.0,120.0,120.0,0,0,1
FINNIFTY21MAY2420650CE.NFO,2024-04-30,14:25:00,2024-05-21,120.0,120.0,120.0,120.0,0,0,1
FINNIFTY21MAY2420650CE.NFO,2024-04-30,14:26:00,2024-05-21,120.0,120.0,120.0,120.0,0,0,1
FINNIFTY21MAY2420650CE.NFO,2024-04-30,14:27:00,2024-05-21,120.0,120.0,120.0,120.0,0,0,1
FINNIFTY21MAY2420650CE.NFO,2024-04-30,14:28:00,2024-05-21,120.0,120.0,120.0,120.0,0,0,1
FINNIFTY21MAY2420650CE.NFO,2024-04-30,14:29:00,2024-05-21,120.0,120.0,120.0,120.0,0,0,1
FINNIFTY21MAY2420650CE.NFO,2024-04-30,14:30:00,2024-05-21,120.0,120.0,120.0,120.0,0,0,1
FINNIFTY21MAY2420650CE.NFO,2024-04-30,14:31:00,2024-05-21,120.0,120.0,120.0,120.0,0,0,1
FINNIFTY21MAY2420650CE.NFO,2024-04-30,14:32:00,2024-05-21,120.0,120.0,120.0,120.0,0,0,1
FINNIFTY21MAY2420650CE.NFO,2024-04-30,14:33:00,2024-05-21,120.0,120.0,120.0,120.0,0,0,1
FINNIFTY21MAY2420650CE.NFO,2024-04-30,14:34:00,2024-05-21,120.0,120.0,120.0,120.0,0,0,1
FINNIFTY21MAY2420650CE.NFO,2024-04-30,14:35:00,2024-05-21,120.0,120.0,120.0,120.0,0,0,1
FINNIFTY21MAY2420650CE.NFO,2024-04-30,14:36:00,2024-05-21,120.0,120.0,120.0,120.0,0,0,1
FINNIFTY21MAY2420650CE.NFO,2024-04-30,14:37:00,2024-05-21,120.0,120.0,120.0,120.0,0,0,1
FINNIFTY21MAY2420650CE.NFO,2024-04-30,14:38:00,2024-05-21,120.0,120.0,120.0,120.0,0,0,1
FINNIFTY21MAY2420650CE.NFO,2024-04-30,14:39:00,2024-05-21,120.0,120.0,120.0,120.0,0,0,1
FINNIFTY21MAY2420650CE.NFO,2024-04-30,14:40:00,2024-05-21,120.0,120.0,120.0,120.0,0,0,1
FINNIFTY21MAY2420650CE.NFO,2024-04-30,14:41:00,2024-05-21,120.0,120.0,120.0,120.0,0,0,1
FINNIFTY21MAY2420650CE.NFO,2024-04-30,14:42:00,2024-05-21,120.0,120.0,120.0,120.0,0,0,1
FINNIFTY21MAY2420650CE.NFO,2024-04-30,14:43:00,2024-05-21,120.0,120.0,120.0,120.0,0,0,1
FINNIFTY21MAY2420650CE.NFO,2024-04-30,14:44:00,2024-05-21,120.0,120.0,120.0,120.0,0,0,1
FINNIFTY21MAY2420650CE.NFO,2024-04-30,14:45:00,2024-05-21,120.0,120.0,120.0,120.0,0,0,1
FINNIFTY21MAY2420650CE.NFO,2024-04-30,14:46:00,2024-05-21,120.0,120.0,120.0,120.0,0,0,1
FINNIFTY21MAY2420650CE.NFO,2024-04-30,14:47:00,2024-05-21,120.0,120.0,120.0,120.0,0,0,1
FINNIFTY21MAY2420650CE.NFO,2024-04-30,14:48:00,2024-05-21,120.0,120.0,120.0,120.0,0,0,1
FINNIFTY21MAY2420650CE.NFO,2024-04-30,14:49:00,2024-05-21,120.0,120.0,120.0,120.0,0,0,1
FINNIFTY21MAY2420650CE.NFO,2024-04-30,14:50:00,2024-05-21,120.0,120.0,120.0,120.0,0,0,1
FINNIFTY21MAY2420650CE.NFO,2024-04-30,14:51:00,2024-05-21,120.0,120.0,120.0,120.0,0,0,1
FINNIFTY21MAY2420650CE.NFO,2024-04-30,14:52:00,2024-05-21,120.0,120.0,120.0,120.0,0,0,1
FINNIFTY21MAY2420650CE.NFO,2024-04-30,14:53:00,2024-05-21,120.0,120.0,120.0,120.0,0,0,1
FINNIFTY21MAY2420650CE.NFO,2024-04-30,14:54:00,2024-05-21,120.0,120.0,120.0,120.0,0,0,1
FINNIFTY21MAY2420650CE.NFO,2024-04-30,14:55:00,2024-05-21,120.0,120.0,120.0,120.0,0,0,1
FINNIFTY21MAY2420650CE.NFO,2024-04-30,14:56:00,2024-05-21,120.0,120.0,120.0,120.0,0,0,1
FINNIFTY21MAY2420650CE.NFO,2024-04-30,14:57:00,2024-05-21,120.0,120.0,120.0,120.0,0,0,1
FINNIFTY21MAY2420650CE.NFO,2024-04-30,14:58:00,2024-05-21,120.0,120.0,120.0,120.0,0,0,1
FINNIFTY21MAY2420650CE.NFO,2024-04-30,14:59:00,2024-05-21,120.0,120.0,120.0,120.0,0,0,1
FINNIFTY21MAY2420650CE.NFO,2024-04-30,15:00:00,2024-05-21,120.0,120.0,120.0,120.0,0,0,1
FINNIFTY21MAY2420650CE.NFO,2024-04-30,15:01:00,2024-05-21,120.0,120.0,120.0,120.0,0,0,1
FINNIFTY21MAY2420650CE.NFO,2024-04-30,15:02:00,2024-05-21,120.0,120.0,120.0,120.0,0,0,1
FINNIFTY21MAY2420650CE.NFO,2024-04-30,15:03:00,2024-05-21,120.0,120.0,120.0,120.0,0,0,1
FINNIFTY21MAY2420650CE.NFO,2024-04-30,15:04:00,2024-05-21,120.0,120.0,120.0,120.0,0,0,1
FINNIFTY21MAY2420650CE.NFO,2024-04-30,15:05:00,2024-05-21,120.0,120.0,120.0,120.0,0,0,1
FINNIFTY21MAY2420650CE.NFO,2024-04-30,15:06:00,2024-05-21,120.0,120.0,120.0,120.0,0,0,1
FINNIFTY21MAY2420650CE.NFO,2024-04-30,15:07:00,2024-05-21,120.0,120.0,120.0,120.0,0,0,1
FINNIFTY21MAY2420650CE.NFO,2024-04-30,15:08:00,2024-05-21,120.0,120.0,120.0,120.0,0,0,1
FINNIFTY21MAY2420650CE.NFO,2024-04-30,15:09:00,2024-05-21,120.0,120.0,120.0,120.0,0,0,1
FINNIFTY21MAY2420650CE.NFO,2024-04-30,15:10:00,2024-05-21,120.0,120.0,120.0,120.0,0,0,1
FINNIFTY21MAY2420650CE.NFO,2024-04-30,15:11:00,2024-05-21,120.0,120.0,120.0,120.0,0,0,1
FINNIFTY21MAY2420650CE.NFO,2024-04-30,15:12:00,2024-05-21,120.0,120.0,120.0,120.0,0,0,1
FINNIFTY21MAY2420650CE.NFO,2024-04-30,15:13:00,2024-05-21,120.0,120.0,120.0,120.0,0,0,1
FINNIFTY21MAY2420650CE.NFO,2024-04-30,15:14:00,2024-05-21,120.0,120.0,120.0,120.0,0,0,1
FINNIFTY21MAY2420650CE.NFO,2024-04-30,15:15:00,2024-05-21,120.0,120.0,120.0,120.0,0,0,1
FINNIFTY21MAY2420650CE.NFO,2024-04-30,15:16:00,2024-05-21,120.0,120.0,120.0,120.0,0,0,1
FINNIFTY21MAY2420650CE.NFO,2024-04-30,15:17:00,2024-05-21,120.0,120.0,120.0,120.0,0,0,1
FINNIFTY21MAY2420650CE.NFO,2024-04-30,15:18:00,2024-05-21,120.0,120.0,120.0,120.0,0,0,1
FINNIFTY21MAY2420650CE.NFO,2024-04-30,15:19:00,2024-05-21,120.0,120.0,120.0,120.0,0,0,1
FINNIFTY21MAY2420650CE.NFO,2024-04-30,15:20:00,2024-05-21,120.0,120.0,120.0,120.0,0,0,1
FINNIFTY21MAY2420650CE.NFO,2024-04-30,15:21:00,2024-05-21,120.0,120.0,120.0,120.0,0,0,1
FINNIFTY21MAY2420650CE.NFO,2024-04-30,15:22:00,2024-05-21,120.0,120.0,120.0,120.0,0,0,1
FINNIFTY21MAY2420650CE.NFO,2024-04-30,15:23:00,2024-05-21,120.0,120.0,120.0,120.0,0,0,1
FINNIFTY21MAY2420650CE.NFO,2024-04-30,15:24:00,2024-05-21,120.0,120.0,120.0,120.0,0,0,1
FINNIFTY21MAY2420650CE.NFO,2024-04-30,15:25:00,2024-05-21,120.0,120.0,120.0,120.0,0,0,1
FINNIFTY21MAY2420650CE.NFO,2024-04-30,15:26:00,2024-05-21,120.0,120.0,120.0,120.0,0,0,1
FINNIFTY21MAY2420650CE.NFO,2024-04-30,15:27:00,2024-05-21,120.0,120.0,120.0,120.0,0,0,1
FINNIFTY21MAY2420650CE.NFO,2024-04-30,15:28:00,2024-05-21,120.0,120.0,120.0,120.0,0,0,1
FINNIFTY21MAY2420650CE.NFO,2024-04-30,15:29:00,2024-05-21,120.0,120.0,120.0,120.0,0,0,1
FINNIFTY21MAY2420650CE.NFO,2024-04-30,15:30:00,2024-05-21,120.0,120.0,120.0,120.0,0,0,1
FINNIFTY21MAY2420650CE.NFO,2024-05-02,09:15:00,2024-05-21,120.0,120.0,120.0,120.0,0,0,0
FINNIFTY21MAY2420650CE.NFO,2024-05-02,09:16:00,2024-05-21,120.0,120.0,120.0,120.0,0,0,1
FINNIFTY21MAY2420650CE.NFO,2024-05-02,09:17:00,2024-05-21,120.0,120.0,120.0,120.0,0,0,1
FINNIFTY21MAY2420650CE.NFO,2024-05-02,09:18:00,2024-05-21,120.0,120.0,120.0,120.0,0,0,1
FINNIFTY21MAY2420650CE.NFO,2024-05-02,09:19:00,2024-05-21,120.0,120.0,120.0,120.0,0,0,1
FINNIFTY21MAY2420650CE.NFO,2024-05-02,09:20:00,2024-05-21,120.0,120.0,120.0,120.0,0,0,1
FINNIFTY21MAY2420650CE.NFO,2024-05-02,09:21:00,2024-05-21,120.0,120.0,120.0,120.0,0,0,1
FINNIFTY21MAY2420650CE.NFO,2024-05-02,09:22:00,2024-05-21,120.0,120.0,120.0,120.0,0,0,1
FINNIFTY21MAY2420650CE.NFO,2024-05-02,09:23:00,2024-05-21,120.0,120.0,120.0,120.0,0,0,1
FINNIFTY21MAY2420650CE.NFO,2024-05-02,09:24:00,2024-05-21,120.0,120.0,120.0,120.0,0,0,1
FINNIFTY21MAY2420650CE.NFO,2024-05-02,09:25:00,2024-05-21,120.0,120.0,120.0,120.0,0,0,1
FINNIFTY21MAY2420650CE.NFO,2024-05-02,09:26:00,2024-05-21,120.0,120.0,120.0,120.0,0,0,1
FINNIFTY21MAY2420650CE.NFO,2024-05-02,09:27:00,2024-05-21,120.0,120.0,120.0,120.0,0,0,1
FINNIFTY21MAY2420650CE.NFO,2024-05-02,09:28:00,2024-05-21,120.0,120.0,120.0,120.0,0,0,1
FINNIFTY21MAY2420650CE.NFO,2024-05-02,09:29:00,2024-05-21,120.0,120.0,120.0,120.0,0,0,1
FINNIFTY21MAY2420650CE.NFO,2024-05-02,09:30:00,2024-05-21,120.0,120.0,120.0,120.0,0,0,1
FINNIFTY21MAY2420650CE.NFO,2024-05-02,09:31:00,2024-05-21,120.0,120.0,120.0,120.0,0,0,1
FINNIFTY21MAY2420650CE.NFO,2024-05-02,09:32:00,2024-05-21,120.0,120.0,120.0,120.0,0,0,1
FINNIFTY21MAY2420650CE.NFO,2024-05-02,09:33:00,2024-05-21,120.0,120.0,120.0,120.0,0,0,1
FINNIFTY21MAY2420650CE.NFO,2024-05-02,09:34:00,2024-05-21,120.0,120.0,120.0,120.0,0,0,1
FINNIFTY21MAY2420650CE.NFO,2024-05-02,09:35:00,2024-05-21,120.0,120.0,120.0,120.0,0,0,1
FINNIFTY21MAY2420650CE.NFO,2024-05-02,09:36:00,2024-05-21,120.0,120.0,120.0,120.0,0,0,1
FINNIFTY21MAY2420650CE.NFO,2024-05-02,09:37:00,2024-05-21,120.0,120.0,120.0,120.0,0,0,1
FINNIFTY21MAY2420650CE.NFO,2024-05-02,09:38:00,2024-05-21,120.0,120.0,120.0,120.0,0,0,1
FINNIFTY21MAY2420650CE.NFO,2024-05-02,09:39:00,2024-05-21,120.0,120.0,120.0,120.0,0,0,1
FINNIFTY21MAY2420650CE.NFO,2024-05-02,09:40:00,2024-05-21,120.0,120.0,120.0,120.0,0,0,1
FINNIFTY21MAY2420650CE.NFO,2024-05-02,09:41:00,2024-05-21,120.0,120.0,120.0,120.0,0,0,1
FINNIFTY21MAY2420650CE.NFO,2024-05-02,09:42:00,2024-05-21,120.0,120.0,120.0,120.0,0,0,1
FINNIFTY21MAY2420650CE.NFO,2024-05-02,09:43:00,2024-05-21,120.0,120.0,120.0,120.0,0,0,1
FINNIFTY21MAY2420650CE.NFO,2024-05-02,09:44:00,2024-05-21,120.0,120.0,120.0,120.0,0,0,1
FINNIFTY21MAY2420650CE.NFO,2024-05-02,09:45:00,2024-05-21,120.0,120.0,120.0,120.0,0,0,1
FINNIFTY21MAY2420650CE.NFO,2024-05-02,09:46:00,2024-05-21,120.0,120.0,120.0,120.0,0,0,1
FINNIFTY21MAY2420650CE.NFO,2024-05-02,09:47:00,2024-05-21,120.0,120.0,120.0,120.0,0,0,1
FINNIFTY21MAY2420650CE.NFO,2024-05-02,09:48:00,2024-05-21,120.0,120.0,120.0,120.0,0,0,1
FINNIFTY21MAY2420650CE.NFO,2024-05-02,09:49:00,2024-05-21,120.0,120.0,120.0,120.0,0,0,1
FINNIFTY21MAY2420650CE.NFO,2024-05-02,09:50:00,2024-05-21,120.0,120.0,120.0,120.0,0,0,1
FINNIFTY21MAY2420650CE.NFO,2024-05-02,09:51:00,2024-05-21,120.0,120.0,120.0,120.0,0,0,1
FINNIFTY21MAY2420650CE.NFO,2024-05-02,09:52:00,2024-05-21,120.0,120.0,120.0,120.0,0,0,1
FINNIFTY21MAY2420650CE.NFO,2024-05-02,09:53:00,2024-05-21,120.0,120.0,120.0,120.0,0,0,1
FINNIFTY21MAY2420650CE.NFO,2024-05-02,09:54:00,2024-05-21,120.0,120.0,120.0,120.0,0,0,1
FINNIFTY21MAY2420650CE.NFO,2024-05-02,09:55:00,2024-05-21,120.0,120.0,120.0,120.0,0,0,1
FINNIFTY21MAY2420650CE.NFO,2024-05-02,09:56:00,2024-05-21,120.0,120.0,120.0,120.0,0,0,1
FINNIFTY21MAY2420650CE.NFO,2024-05-02,09:57:00,2024-05-21,120.0,120.0,120.0,120.0,0,0,1
FINNIFTY21MAY2420650CE.NFO,2024-05-02,09:58:00,2024-05-21,120.0,120.0,120.0,120.0,0,0,1
FINNIFTY21MAY2420650CE.NFO,2024-05-02,09:59:00,2024-05-21,120.0,120.0,120.0,120.0,0,0,1
FINNIFTY21MAY2420650CE.NFO,2024-05-02,10:00:00,2024-05-21,120.0,120.0,120.0,120.0,0,0,1
FINNIFTY21MAY2420650CE.NFO,2024-05-02,10:01:00,2024-05-21,120.0,120.0,120.0,120.0,0,0,1
FINNIFTY21MAY2420650CE.NFO,2024-05-02,10:02:00,2024-05-21,120.0,120.0,120.0,120.0,0,0,1
FINNIFTY21MAY2420650CE.NFO,2024-05-02,10:03:00,2024-05-21,120.0,120.0,120.0,120.0,0,0,1
FINNIFTY21MAY2420650CE.NFO,2024-05-02,10:04:00,2024-05-21,120.0,120.0,120.0,120.0,0,0,1
FINNIFTY21MAY2420650CE.NFO,2024-05-02,10:05:00,2024-05-21,120.0,120.0,120.0,120.0,0,0,1
FINNIFTY21MAY2420650CE.NFO,2024-05-02,10:06:00,2024-05-21,120.0,120.0,120.0,120.0,0,0,1
FINNIFTY21MAY2420650CE.NFO,2024-05-02,10:07:00,2024-05-21,120.0,120.0,120.0,120.0,0,0,1
FINNIFTY21MAY2420650CE.NFO,2024-05-02,10:08:00,2024-05-21,120.0,120.0,120.0,120.0,0,0,1
FINNIFTY21MAY2420650CE.NFO,2024-05-02,10:09:00,2024-05-21,120.0,120.0,120.0,120.0,0,0,1
FINNIFTY21MAY2420650CE.NFO,2024-05-02,10:10:00,2024-05-21,120.0,120.0,120.0,120.0,0,0,1
FINNIFTY21MAY2420650CE.NFO,2024-05-02,10:11:00,2024-05-21,120.0,120.0,120.0,120.0,0,0,1
FINNIFTY21MAY2420650CE.NFO,2024-05-02,10:12:00,2024-05-21,120.0,120.0,120.0,120.0,0,0,1
FINNIFTY21MAY2420650CE.NFO,2024-05-02,10:13:00,2024-05-21,120.0,120.0,120.0,120.0,0,0,1
FINNIFTY21MAY2420650CE.NFO,2024-05-02,10:14:00,2024-05-21,120.0,120.0,120.0,120.0,0,0,1
FINNIFTY21MAY2420650CE.NFO,2024-05-02,10:15:00,2024-05-21,120.0,120.0,120.0,120.0,0,0,1
FINNIFTY21MAY2420650CE.NFO,2024-05-02,10:16:00,2024-05-21,120.0,120.0,120.0,120.0,0,0,1
FINNIFTY21MAY2420650CE.NFO,2024-05-02,10:17:00,2024-05-21,120.0,120.0,120.0,120.0,0,0,1
FINNIFTY21MAY2420650CE.NFO,2024-05-02,10:18:00,2024-05-21,120.0,120.0,120.0,120.0,0,0,1
FINNIFTY21MAY2420650CE.NFO,2024-05-02,10:19:00,2024-05-21,120.0,120.0,120.0,120.0,0,0,1
FINNIFTY21MAY2420650CE.NFO,2024-05-02,10:20:00,2024-05-21,120.0,120.0,120.0,120.0,0,0,1
FINNIFTY21MAY2420650CE.NFO,2024-05-02,10:21:00,2024-05-21,120.0,120.0,120.0,120.0,0,0,1
FINNIFTY21MAY2420650CE.NFO,2024-05-02,10:22:00,2024-05-21,120.0,120.0,120.0,120.0,0,0,1
FINNIFTY21MAY2420650CE.NFO,2024-05-02,10:23:00,2024-05-21,120.0,120.0,120.0,120.0,0,0,1
FINNIFTY21MAY2420650CE.NFO,2024-05-02,10:24:00,2024-05-21,120.0,120.0,120.0,120.0,0,0,1
FINNIFTY21MAY2420650CE.NFO,2024-05-02,10:25:00,2024-05-21,120.0,120.0,120.0,120.0,0,0,1
FINNIFTY21MAY2420650CE.NFO,2024-05-02,10:26:00,2024-05-21,120.0,120.0,120.0,120.0,0,0,1
FINNIFTY21MAY2420650CE.NFO,2024-05-02,10:27:00,2024-05-21,120.0,120.0,120.0,120.0,0,0,1
FINNIFTY21MAY2420650CE.NFO,2024-05-02,10:28:00,2024-05-21,120.0,120.0,120.0,120.0,0,0,1
FINNIFTY21MAY2420650CE.NFO,2024-05-02,10:29:00,2024-05-21,120.0,120.0,120.0,120.0,0,0,1
FINNIFTY21MAY2420650CE.NFO,2024-05-02,10:30:00,2024-05-21,120.0,120.0,120.0,120.0,0,0,1
FINNIFTY21MAY2420650CE.NFO,2024-05-02,10:31:00,2024-05-21,120.0,120.0,120.0,120.0,0,0,1
FINNIFTY21MAY2420650CE.NFO,2024-05-02,10:32:00,2024-05-21,120.0,120.0,120.0,120.0,0,0,1
FINNIFTY21MAY2420650CE.NFO,2024-05-02,10:33:00,2024-05-21,120.0,120.0,120.0,120.0,0,0,1
FINNIFTY21MAY2420650CE.NFO,2024-05-02,10:34:00,2024-05-21,120.0,120.0,120.0,120.0,0,0,1
FINNIFTY21MAY2420650CE.NFO,2024-05-02,10:35:00,2024-05-21,120.0,120.0,120.0,120.0,0,0,1
FINNIFTY21MAY2420650CE.NFO,2024-05-02,10:36:00,2024-05-21,120.0,120.0,120.0,120.0,0,0,1
FINNIFTY21MAY2420650CE.NFO,2024-05-02,10:37:00,2024-05-21,120.0,120.0,120.0,120.0,0,0,1
FINNIFTY21MAY2420650CE.NFO,2024-05-02,10:38:00,2024-05-21,120.0,120.0,120.0,120.0,0,0,1
FINNIFTY21MAY2420650CE.NFO,2024-05-02,10:39:00,2024-05-21,120.0,120.0,120.0,120.0,0,0,1
FINNIFTY21MAY2420650CE.NFO,2024-05-02,10:40:00,2024-05-21,120.0,120.0,120.0,120.0,0,0,1
FINNIFTY21MAY2420650CE.NFO,2024-05-02,10:41:00,2024-05-21,120.0,120.0,120.0,120.0,0,0,1
FINNIFTY21MAY2420650CE.NFO,2024-05-02,10:42:00,2024-05-21,120.0,120.0,120.0,120.0,0,0,1
FINNIFTY21MAY2420650CE.NFO,2024-05-02,10:43:00,2024-05-21,120.0,120.0,120.0,120.0,0,0,1
FINNIFTY21MAY2420650CE.NFO,2024-05-02,10:44:00,2024-05-21,120.0,120.0,120.0,120.0,0,0,1
FINNIFTY21MAY2420650CE.NFO,2024-05-02,10:45:00,2024-05-21,120.0,120.0,120.0,120.0,0,0,1
FINNIFTY21MAY2420650CE.NFO,2024-05-02,10:46:00,2024-05-21,120.0,120.0,120.0,120.0,0,0,1
FINNIFTY21MAY2420650CE.NFO,2024-05-02,10:47:00,2024-05-21,120.0,120.0,120.0,120.0,0,0,1
FINNIFTY21MAY2420650CE.NFO,2024-05-02,10:48:00,2024-05-21,120.0,120.0,120.0,120.0,0,0,1
FINNIFTY21MAY2420650CE.NFO,2024-05-02,10:49:00,2024-05-21,120.0,120.0,120.0,120.0,0,0,1
FINNIFTY21MAY2420650CE.NFO,2024-05-02,10:50:00,2024-05-21,120.0,120.0,120.0,120.0,0,0,1
FINNIFTY21MAY2420650CE.NFO,2024-05-02,10:51:00,2024-05-21,120.0,120.0,120.0,120.0,0,0,1
FINNIFTY21MAY2420650CE.NFO,2024-05-02,10:52:00,2024-05-21,120.0,120.0,120.0,120.0,0,0,1
FINNIFTY21MAY2420650CE.NFO,2024-05-02,10:53:00,2024-05-21,120.0,120.0,120.0,120.0,0,0,1
FINNIFTY21MAY2420650CE.NFO,2024-05-02,10:54:00,2024-05-21,120.0,120.0,120.0,120.0,0,0,1
FINNIFTY21MAY2420650CE.NFO,2024-05-02,10:55:00,2024-05-21,120.0,120.0,120.0,120.0,0,0,1
FINNIFTY21MAY2420650CE.NFO,2024-05-02,10:56:00,2024-05-21,120.0,120.0,120.0,120.0,0,0,1
FINNIFTY21MAY2420650CE.NFO,2024-05-02,10:57:00,2024-05-21,120.0,120.0,120.0,120.0,0,0,1
FINNIFTY21MAY2420650CE.NFO,2024-05-02,10:58:00,2024-05-21,120.0,120.0,120.0,120.0,0,0,1
FINNIFTY21MAY2420650CE.NFO,2024-05-02,10:59:00,2024-05-21,120.0,120.0,120.0,120.0,0,0,1
FINNIFTY21MAY2420650CE.NFO,2024-05-02,11:00:00,2024-05-21,120.0,120.0,120.0,120.0,0,0,1
FINNIFTY21MAY2420650CE.NFO,2024-05-02,11:01:00,2024-05-21,120.0,120.0,120.0,120.0,0,0,1
FINNIFTY21MAY2420650CE.NFO,2024-05-02,11:02:00,2024-05-21,120.0,120.0,120.0,120.0,0,0,1
FINNIFTY21MAY2420650CE.NFO,2024-05-02,11:03:00,2024-05-21,120.0,120.0,120.0,120.0,0,0,1
FINNIFTY21MAY2420650CE.NFO,2024-05-02,11:04:00,2024-05-21,120.0,120.0,120.0,120.0,0,0,1
FINNIFTY21MAY2420650CE.NFO,2024-05-02,11:05:00,2024-05-21,120.0,120.0,120.0,120.0,0,0,1
FINNIFTY21MAY2420650CE.NFO,2024-05-02,11:06:00,2024-05-21,120.0,120.0,120.0,120.0,0,0,1
FINNIFTY21MAY2420650CE.NFO,2024-05-02,11:07:00,2024-05-21,120.0,120.0,120.0,120.0,0,0,1
FINNIFTY21MAY2420650CE.NFO,2024-05-02,11:08:00,2024-05-21,120.0,120.0,120.0,120.0,0,0,1
FINNIFTY21MAY2420650CE.NFO,2024-05-02,11:09:00,2024-05-21,120.0,120.0,120.0,120.0,0,0,1
FINNIFTY21MAY2420650CE.NFO,2024-05-02,11:10:00,2024-05-21,120.0,120.0,120.0,120.0,0,0,1
FINNIFTY21MAY2420650CE.NFO,2024-05-02,11:11:00,2024-05-21,120.0,120.0,120.0,120.0,0,0,1
FINNIFTY21MAY2420650CE.NFO,2024-05-02,11:12:00,2024-05-21,120.0,120.0,120.0,120.0,0,0,1
FINNIFTY21MAY2420650CE.NFO,2024-05-02,11:13:00,2024-05-21,120.0,120.0,120.0,120.0,0,0,1
FINNIFTY21MAY2420650CE.NFO,2024-05-02,11:14:00,2024-05-21,120.0,120.0,120.0,120.0,0,0,1
FINNIFTY21MAY2420650CE.NFO,2024-05-02,11:15:00,2024-05-21,120.0,120.0,120.0,120.0,0,0,1
FINNIFTY21MAY2420650CE.NFO,2024-05-02,11:16:00,2024-05-21,120.0,120.0,120.0,120.0,0,0,1
FINNIFTY21MAY2420650CE.NFO,2024-05-02,11:17:00,2024-05-21,120.0,120.0,120.0,120.0,0,0,1
FINNIFTY21MAY2420650CE.NFO,2024-05-02,11:18:00,2024-05-21,120.0,120.0,120.0,120.0,0,0,1
FINNIFTY21MAY2420650CE.NFO,2024-05-02,11:19:00,2024-05-21,120.0,120.0,120.0,120.0,0,0,1
FINNIFTY21MAY2420650CE.NFO,2024-05-02,11:20:00,2024-05-21,120.0,120.0,120.0,120.0,0,0,1
FINNIFTY21MAY2420650CE.NFO,2024-05-02,11:21:00,2024-05-21,120.0,120.0,120.0,120.0,0,0,1
FINNIFTY21MAY2420650CE.NFO,2024-05-02,11:22:00,2024-05-21,120.0,120.0,120.0,120.0,0,0,1
FINNIFTY21MAY2420650CE.NFO,2024-05-02,11:23:00,2024-05-21,120.0,120.0,120.0,120.0,0,0,1
FINNIFTY21MAY2420650CE.NFO,2024-05-02,11:24:00,2024-05-21,120.0,120.0,120.0,120.0,0,0,1
FINNIFTY21MAY2420650CE.NFO,2024-05-02,11:25:00,2024-05-21,120.0,120.0,120.0,120.0,0,0,1
FINNIFTY21MAY2420650CE.NFO,2024-05-02,11:26:00,2024-05-21,120.0,120.0,120.0,120.0,0,0,1
FINNIFTY21MAY2420650CE.NFO,2024-05-02,11:27:00,2024-05-21,120.0,120.0,120.0,120.0,0,0,1
FINNIFTY21MAY2420650CE.NFO,2024-05-02,11:28:00,2024-05-21,120.0,120.0,120.0,120.0,0,0,1
FINNIFTY21MAY2420650CE.NFO,2024-05-02,11:29:00,2024-05-21,120.0,120.0,120.0,120.0,0,0,1
FINNIFTY21MAY2420650CE.NFO,2024-05-02,11:30:00,2024-05-21,120.0,120.0,120.0,120.0,0,0,1
FINNIFTY21MAY2420650CE.NFO,2024-05-02,11:31:00,2024-05-21,120.0,120.0,120.0,120.0,0,0,1
FINNIFTY21MAY2420650CE.NFO,2024-05-02,11:32:00,2024-05-21,120.0,120.0,120.0,120.0,0,0,1
FINNIFTY21MAY2420650CE.NFO,2024-05-02,11:33:00,2024-05-21,120.0,120.0,120.0,120.0,0,0,1
FINNIFTY21MAY2420650CE.NFO,2024-05-02,11:34:00,2024-05-21,120.0,120.0,120.0,120.0,0,0,1
FINNIFTY21MAY2420650CE.NFO,2024-05-02,11:35:00,2024-05-21,120.0,120.0,120.0,120.0,0,0,1
FINNIFTY21MAY2420650CE.NFO,2024-05-02,11:36:00,2024-05-21,120.0,120.0,120.0,120.0,0,0,1
FINNIFTY21MAY2420650CE.NFO,2024-05-02,11:37:00,2024-05-21,120.0,120.0,120.0,120.0,0,0,1
FINNIFTY21MAY2420650CE.NFO,2024-05-02,11:38:00,2024-05-21,120.0,120.0,120.0,120.0,0,0,1
FINNIFTY21MAY2420650CE.NFO,2024-05-02,11:39:00,2024-05-21,120.0,120.0,120.0,120.0,0,0,1
FINNIFTY21MAY2420650CE.NFO,2024-05-02,11:40:00,2024-05-21,120.0,120.0,120.0,120.0,0,0,1
FINNIFTY21MAY2420650CE.NFO,2024-05-02,11:41:00,2024-05-21,120.0,120.0,120.0,120.0,0,0,1
FINNIFTY21MAY2420650CE.NFO,2024-05-02,11:42:00,2024-05-21,120.0,120.0,120.0,120.0,0,0,1
FINNIFTY21MAY2420650CE.NFO,2024-05-02,11:43:00,2024-05-21,120.0,120.0,120.0,120.0,0,0,1
FINNIFTY21MAY2420650CE.NFO,2024-05-02,11:44:00,2024-05-21,120.0,120.0,120.0,120.0,0,0,1
FINNIFTY21MAY2420650CE.NFO,2024-05-02,11:45:00,2024-05-21,120.0,120.0,120.0,120.0,0,0,1
FINNIFTY21MAY2420650CE.NFO,2024-05-02,11:46:00,2024-05-21,120.0,120.0,120.0,120.0,0,0,1
FINNIFTY21MAY2420650CE.NFO,2024-05-02,11:47:00,2024-05-21,120.0,120.0,120.0,120.0,0,0,1
FINNIFTY21MAY2420650CE.NFO,2024-05-02,11:48:00,2024-05-21,120.0,120.0,120.0,120.0,0,0,1
FINNIFTY21MAY2420650CE.NFO,2024-05-02,11:49:00,2024-05-21,120.0,120.0,120.0,120.0,0,0,1
FINNIFTY21MAY2420650CE.NFO,2024-05-02,11:50:00,2024-05-21,120.0,120.0,120.0,120.0,0,0,1
FINNIFTY21MAY2420650CE.NFO,2024-05-02,11:51:00,2024-05-21,120.0,120.0,120.0,120.0,0,0,1
FINNIFTY21MAY2420650CE.NFO,2024-05-02,11:52:00,2024-05-21,120.0,120.0,120.0,120.0,0,0,1
FINNIFTY21MAY2420650CE.NFO,2024-05-02,11:53:00,2024-05-21,120.0,120.0,120.0,120.0,0,0,1
FINNIFTY21MAY2420650CE.NFO,2024-05-02,11:54:00,2024-05-21,120.0,120.0,120.0,120.0,0,0,1
FINNIFTY21MAY2420650CE.NFO,2024-05-02,11:55:00,2024-05-21,120.0,120.0,120.0,120.0,0,0,1
FINNIFTY21MAY2420650CE.NFO,2024-05-02,11:56:00,2024-05-21,120.0,120.0,120.0,120.0,0,0,1
FINNIFTY21MAY2420650CE.NFO,2024-05-02,11:57:00,2024-05-21,120.0,120.0,120.0,120.0,0,0,1
FINNIFTY21MAY2420650CE.NFO,2024-05-02,11:58:00,2024-05-21,120.0,120.0,120.0,120.0,0,0,1
FINNIFTY21MAY2420650CE.NFO,2024-05-02,11:59:00,2024-05-21,120.0,120.0,120.0,120.0,0,0,1
FINNIFTY21MAY2420650CE.NFO,2024-05-02,12:00:00,2024-05-21,120.0,120.0,120.0,120.0,0,0,1
FINNIFTY21MAY2420650CE.NFO,2024-05-02,12:01:00,2024-05-21,120.0,120.0,120.0,120.0,0,0,1
FINNIFTY21MAY2420650CE.NFO,2024-05-02,12:02:00,2024-05-21,120.0,120.0,120.0,120.0,0,0,1
FINNIFTY21MAY2420650CE.NFO,2024-05-02,12:03:00,2024-05-21,120.0,120.0,120.0,120.0,0,0,1
FINNIFTY21MAY2420650CE.NFO,2024-05-02,12:04:00,2024-05-21,120.0,120.0,120.0,120.0,0,0,1
FINNIFTY21MAY2420650CE.NFO,2024-05-02,12:05:00,2024-05-21,120.0,120.0,120.0,120.0,0,0,1
FINNIFTY21MAY2420650CE.NFO,2024-05-02,12:06:00,2024-05-21,120.0,120.0,120.0,120.0,0,0,1
FINNIFTY21MAY2420650CE.NFO,2024-05-02,12:07:00,2024-05-21,120.0,120.0,120.0,120.0,0,0,1
FINNIFTY21MAY2420650CE.NFO,2024-05-02,12:08:00,2024-05-21,120.0,120.0,120.0,120.0,0,0,1
FINNIFTY21MAY2420650CE.NFO,2024-05-02,12:09:00,2024-05-21,120.0,120.0,120.0,120.0,0,0,1
FINNIFTY21MAY2420650CE.NFO,2024-05-02,12:10:00,2024-05-21,120.0,120.0,120.0,120.0,0,0,1
FINNIFTY21MAY2420650CE.NFO,2024-05-02,12:11:00,2024-05-21,120.0,120.0,120.0,120.0,0,0,1
FINNIFTY21MAY2420650CE.NFO,2024-05-02,12:12:00,2024-05-21,120.0,120.0,120.0,120.0,0,0,1
FINNIFTY21MAY2420650CE.NFO,2024-05-02,12:13:00,2024-05-21,120.0,120.0,120.0,120.0,0,0,1
FINNIFTY21MAY2420650CE.NFO,2024-05-02,12:14:00,2024-05-21,120.0,120.0,120.0,120.0,0,0,1
FINNIFTY21MAY2420650CE.NFO,2024-05-02,12:15:00,2024-05-21,120.0,120.0,120.0,120.0,0,0,1
FINNIFTY21MAY2420650CE.NFO,2024-05-02,12:16:00,2024-05-21,120.0,120.0,120.0,120.0,0,0,1
FINNIFTY21MAY2420650CE.NFO,2024-05-02,12:17:00,2024-05-21,120.0,120.0,120.0,120.0,0,0,1
FINNIFTY21MAY2420650CE.NFO,2024-05-02,12:18:00,2024-05-21,120.0,120.0,120.0,120.0,0,0,1
FINNIFTY21MAY2420650CE.NFO,2024-05-02,12:19:00,2024-05-21,120.0,120.0,120.0,120.0,0,0,1
FINNIFTY21MAY2420650CE.NFO,2024-05-02,12:20:00,2024-05-21,120.0,120.0,120.0,120.0,0,0,1
FINNIFTY21MAY2420650CE.NFO,2024-05-02,12:21:00,2024-05-21,120.0,120.0,120.0,120.0,0,0,1
FINNIFTY21MAY2420650CE.NFO,2024-05-02,12:22:00,2024-05-21,120.0,120.0,120.0,120.0,0,0,1
FINNIFTY21MAY2420650CE.NFO,2024-05-02,12:23:00,2024-05-21,120.0,120.0,120.0,120.0,0,0,1
FINNIFTY21MAY2420650CE.NFO,2024-05-02,12:24:00,2024-05-21,120.0,120.0,120.0,120.0,0,0,1
FINNIFTY21MAY2420650CE.NFO,2024-05-02,12:25:00,2024-05-21,120.0,120.0,120.0,120.0,0,0,1
FINNIFTY21MAY2420650CE.NFO,2024-05-02,12:26:00,2024-05-21,120.0,120.0,120.0,120.0,0,0,1
FINNIFTY21MAY2420650CE.NFO,2024-05-02,12:27:00,2024-05-21,120.0,120.0,120.0,120.0,0,0,1
FINNIFTY21MAY2420650CE.NFO,2024-05-02,12:28:00,2024-05-21,120.0,120.0,120.0,120.0,0,0,1
FINNIFTY21MAY2420650CE.NFO,2024-05-02,12:29:00,2024-05-21,120.0,120.0,120.0,120.0,0,0,1
FINNIFTY21MAY2420650CE.NFO,2024-05-02,12:30:00,2024-05-21,120.0,120.0,120.0,120.0,0,0,1
FINNIFTY21MAY2420650CE.NFO,2024-05-02,12:31:00,2024-05-21,120.0,120.0,120.0,120.0,0,0,1
FINNIFTY21MAY2420650CE.NFO,2024-05-02,12:32:00,2024-05-21,120.0,120.0,120.0,120.0,0,0,1
FINNIFTY21MAY2420650CE.NFO,2024-05-02,12:33:00,2024-05-21,120.0,120.0,120.0,120.0,0,0,1
FINNIFTY21MAY2420650CE.NFO,2024-05-02,12:34:00,2024-05-21,120.0,120.0,120.0,120.0,0,0,1
FINNIFTY21MAY2420650CE.NFO,2024-05-02,12:35:00,2024-05-21,120.0,120.0,120.0,120.0,0,0,1
FINNIFTY21MAY2420650CE.NFO,2024-05-02,12:36:00,2024-05-21,120.0,120.0,120.0,120.0,0,0,1
FINNIFTY21MAY2420650CE.NFO,2024-05-02,12:37:00,2024-05-21,120.0,120.0,120.0,120.0,0,0,1
FINNIFTY21MAY2420650CE.NFO,2024-05-02,12:38:00,2024-05-21,120.0,120.0,120.0,120.0,0,0,1
FINNIFTY21MAY2420650CE.NFO,2024-05-02,12:39:00,2024-05-21,120.0,120.0,120.0,120.0,0,0,1
FINNIFTY21MAY2420650CE.NFO,2024-05-02,12:40:00,2024-05-21,120.0,120.0,120.0,120.0,0,0,1
FINNIFTY21MAY2420650CE.NFO,2024-05-02,12:41:00,2024-05-21,120.0,120.0,120.0,120.0,0,0,1
FINNIFTY21MAY2420650CE.NFO,2024-05-02,12:42:00,2024-05-21,120.0,120.0,120.0,120.0,0,0,1
FINNIFTY21MAY2420650CE.NFO,2024-05-02,12:43:00,2024-05-21,120.0,120.0,120.0,120.0,0,0,1
FINNIFTY21MAY2420650CE.NFO,2024-05-02,12:44:00,2024-05-21,120.0,120.0,120.0,120.0,0,0,1
FINNIFTY21MAY2420650CE.NFO,2024-05-02,12:45:00,2024-05-21,120.0,120.0,120.0,120.0,0,0,1
FINNIFTY21MAY2420650CE.NFO,2024-05-02,12:46:00,2024-05-21,120.0,120.0,120.0,120.0,0,0,1
FINNIFTY21MAY2420650CE.NFO,2024-05-02,12:47:00,2024-05-21,120.0,120.0,120.0,120.0,0,0,1
FINNIFTY21MAY2420650CE.NFO,2024-05-02,12:48:00,2024-05-21,120.0,120.0,120.0,120.0,0,0,1
FINNIFTY21MAY2420650CE.NFO,2024-05-02,12:49:00,2024-05-21,120.0,120.0,120.0,120.0,0,0,1
FINNIFTY21MAY2420650CE.NFO,2024-05-02,12:50:00,2024-05-21,120.0,120.0,120.0,120.0,0,0,1
FINNIFTY21MAY2420650CE.NFO,2024-05-02,12:51:00,2024-05-21,120.0,120.0,120.0,120.0,0,0,1
FINNIFTY21MAY2420650CE.NFO,2024-05-02,12:52:00,2024-05-21,120.0,120.0,120.0,120.0,0,0,1
FINNIFTY21MAY2420650CE.NFO,2024-05-02,12:53:00,2024-05-21,120.0,120.0,120.0,120.0,0,0,1
FINNIFTY21MAY2420650CE.NFO,2024-05-02,12:54:00,2024-05-21,120.0,120.0,120.0,120.0,0,0,1
FINNIFTY21MAY2420650CE.NFO,2024-05-02,12:55:00,2024-05-21,120.0,120.0,120.0,120.0,0,0,1
FINNIFTY21MAY2420650CE.NFO,2024-05-02,12:56:00,2024-05-21,120.0,120.0,120.0,120.0,0,0,1
FINNIFTY21MAY2420650CE.NFO,2024-05-02,12:57:00,2024-05-21,120.0,120.0,120.0,120.0,0,0,1
FINNIFTY21MAY2420650CE.NFO,2024-05-02,12:58:00,2024-05-21,120.0,120.0,120.0,120.0,0,0,1
FINNIFTY21MAY2420650CE.NFO,2024-05-02,12:59:00,2024-05-21,120.0,120.0,120.0,120.0,0,0,1
FINNIFTY21MAY2420650CE.NFO,2024-05-02,13:00:00,2024-05-21,120.0,120.0,120.0,120.0,0,0,1
FINNIFTY21MAY2420650CE.NFO,2024-05-02,13:01:00,2024-05-21,120.0,120.0,120.0,120.0,0,0,1
FINNIFTY21MAY2420650CE.NFO,2024-05-02,13:02:00,2024-05-21,120.0,120.0,120.0,120.0,0,0,1
FINNIFTY21MAY2420650CE.NFO,2024-05-02,13:03:00,2024-05-21,120.0,120.0,120.0,120.0,0,0,1
FINNIFTY21MAY2420650CE.NFO,2024-05-02,13:04:00,2024-05-21,120.0,120.0,120.0,120.0,0,0,1
FINNIFTY21MAY2420650CE.NFO,2024-05-02,13:05:00,2024-05-21,120.0,120.0,120.0,120.0,0,0,1
FINNIFTY21MAY2420650CE.NFO,2024-05-02,13:06:00,2024-05-21,120.0,120.0,120.0,120.0,0,0,1
FINNIFTY21MAY2420650CE.NFO,2024-05-02,13:07:00,2024-05-21,120.0,120.0,120.0,120.0,0,0,1
FINNIFTY21MAY2420650CE.NFO,2024-05-02,13:08:00,2024-05-21,120.0,120.0,120.0,120.0,0,0,1
FINNIFTY21MAY2420650CE.NFO,2024-05-02,13:09:00,2024-05-21,120.0,120.0,120.0,120.0,0,0,1
FINNIFTY21MAY2420650CE.NFO,2024-05-02,13:10:00,2024-05-21,120.0,120.0,120.0,120.0,0,0,1
FINNIFTY21MAY2420650CE.NFO,2024-05-02,13:11:00,2024-05-21,120.0,120.0,120.0,120.0,0,0,1
FINNIFTY21MAY2420650CE.NFO,2024-05-02,13:12:00,2024-05-21,120.0,120.0,120.0,120.0,0,0,1
FINNIFTY21MAY2420650CE.NFO,2024-05-02,13:13:00,2024-05-21,120.0,120.0,120.0,120.0,0,0,1
FINNIFTY21MAY2420650CE.NFO,2024-05-02,13:14:00,2024-05-21,120.0,120.0,120.0,120.0,0,0,1
FINNIFTY21MAY2420650CE.NFO,2024-05-02,13:15:00,2024-05-21,120.0,120.0,120.0,120.0,0,0,1
FINNIFTY21MAY2420650CE.NFO,2024-05-02,13:16:00,2024-05-21,120.0,120.0,120.0,120.0,0,0,1
FINNIFTY21MAY2420650CE.NFO,2024-05-02,13:17:00,2024-05-21,120.0,120.0,120.0,120.0,0,0,1
FINNIFTY21MAY2420650CE.NFO,2024-05-02,13:18:00,2024-05-21,120.0,120.0,120.0,120.0,0,0,1
FINNIFTY21MAY2420650CE.NFO,2024-05-02,13:19:00,2024-05-21,120.0,120.0,120.0,120.0,0,0,1
FINNIFTY21MAY2420650CE.NFO,2024-05-02,13:20:00,2024-05-21,120.0,120.0,120.0,120.0,0,0,1
FINNIFTY21MAY2420650CE.NFO,2024-05-02,13:21:00,2024-05-21,120.0,120.0,120.0,120.0,0,0,1
FINNIFTY21MAY2420650CE.NFO,2024-05-02,13:22:00,2024-05-21,120.0,120.0,120.0,120.0,0,0,1
FINNIFTY21MAY2420650CE.NFO,2024-05-02,13:23:00,2024-05-21,120.0,120.0,120.0,120.0,0,0,1
FINNIFTY21MAY2420650CE.NFO,2024-05-02,13:24:00,2024-05-21,120.0,120.0,120.0,120.0,0,0,1
FINNIFTY21MAY2420650CE.NFO,2024-05-02,13:25:00,2024-05-21,120.0,120.0,120.0,120.0,0,0,1
FINNIFTY21MAY2420650CE.NFO,2024-05-02,13:26:00,2024-05-21,120.0,120.0,120.0,120.0,0,0,1
FINNIFTY21MAY2420650CE.NFO,2024-05-02,13:27:00,2024-05-21,120.0,120.0,120.0,120.0,0,0,1
FINNIFTY21MAY2420650CE.NFO,2024-05-02,13:28:00,2024-05-21,120.0,120.0,120.0,120.0,0,0,1
FINNIFTY21MAY2420650CE.NFO,2024-05-02,13:29:00,2024-05-21,120.0,120.0,120.0,120.0,0,0,1
FINNIFTY21MAY2420650CE.NFO,2024-05-02,13:30:00,2024-05-21,120.0,120.0,120.0,120.0,0,0,1
FINNIFTY21MAY2420650CE.NFO,2024-05-02,13:31:00,2024-05-21,120.0,120.0,120.0,120.0,0,0,1
FINNIFTY21MAY2420650CE.NFO,2024-05-02,13:32:00,2024-05-21,120.0,120.0,120.0,120.0,0,0,1
FINNIFTY21MAY2420650CE.NFO,2024-05-02,13:33:00,2024-05-21,120.0,120.0,120.0,120.0,0,0,1
FINNIFTY21MAY2420650CE.NFO,2024-05-02,13:34:00,2024-05-21,120.0,120.0,120.0,120.0,0,0,1
FINNIFTY21MAY2420650CE.NFO,2024-05-02,13:35:00,2024-05-21,120.0,120.0,120.0,120.0,0,0,1
FINNIFTY21MAY2420650CE.NFO,2024-05-02,13:36:00,2024-05-21,120.0,120.0,120.0,120.0,0,0,1
FINNIFTY21MAY2420650CE.NFO,2024-05-02,13:37:00,2024-05-21,120.0,120.0,120.0,120.0,0,0,1
FINNIFTY21MAY2420650CE.NFO,2024-05-02,13:38:00,2024-05-21,120.0,120.0,120.0,120.0,0,0,1
FINNIFTY21MAY2420650CE.NFO,2024-05-02,13:39:00,2024-05-21,120.0,120.0,120.0,120.0,0,0,1
FINNIFTY21MAY2420650CE.NFO,2024-05-02,13:40:00,2024-05-21,120.0,120.0,120.0,120.0,0,0,1
FINNIFTY21MAY2420650CE.NFO,2024-05-02,13:41:00,2024-05-21,120.0,120.0,120.0,120.0,0,0,1
FINNIFTY21MAY2420650CE.NFO,2024-05-02,13:42:00,2024-05-21,120.0,120.0,120.0,120.0,0,0,1
FINNIFTY21MAY2420650CE.NFO,2024-05-02,13:43:00,2024-05-21,120.0,120.0,120.0,120.0,0,0,1
FINNIFTY21MAY2420650CE.NFO,2024-05-02,13:44:00,2024-05-21,120.0,120.0,120.0,120.0,0,0,1
FINNIFTY21MAY2420650CE.NFO,2024-05-02,13:45:00,2024-05-21,120.0,120.0,120.0,120.0,0,0,1
FINNIFTY21MAY2420650CE.NFO,2024-05-02,13:46:00,2024-05-21,120.0,120.0,120.0,120.0,0,0,1
FINNIFTY21MAY2420650CE.NFO,2024-05-02,13:47:00,2024-05-21,120.0,120.0,120.0,120.0,0,0,1
FINNIFTY21MAY2420650CE.NFO,2024-05-02,13:48:00,2024-05-21,120.0,120.0,120.0,120.0,0,0,1
FINNIFTY21MAY2420650CE.NFO,2024-05-02,13:49:00,2024-05-21,120.0,120.0,120.0,120.0,0,0,1
FINNIFTY21MAY2420650CE.NFO,2024-05-02,13:50:00,2024-05-21,120.0,120.0,120.0,120.0,0,0,1
FINNIFTY21MAY2420650CE.NFO,2024-05-02,13:51:00,2024-05-21,120.0,120.0,120.0,120.0,0,0,1
FINNIFTY21MAY2420650CE.NFO,2024-05-02,13:52:00,2024-05-21,120.0,120.0,120.0,120.0,0,0,1
FINNIFTY21MAY2420650CE.NFO,2024-05-02,13:53:00,2024-05-21,120.0,120.0,120.0,120.0,0,0,1
FINNIFTY21MAY2420650CE.NFO,2024-05-02,13:54:00,2024-05-21,120.0,120.0,120.0,120.0,0,0,1
FINNIFTY21MAY2420650CE.NFO,2024-05-02,13:55:00,2024-05-21,120.0,120.0,120.0,120.0,0,0,1
FINNIFTY21MAY2420650CE.NFO,2024-05-02,13:56:00,2024-05-21,120.0,120.0,120.0,120.0,0,0,1
FINNIFTY21MAY2420650CE.NFO,2024-05-02,13:57:00,2024-05-21,120.0,120.0,120.0,120.0,0,0,1
FINNIFTY21MAY2420650CE.NFO,2024-05-02,13:58:00,2024-05-21,120.0,120.0,120.0,120.0,0,0,1
FINNIFTY21MAY2420650CE.NFO,2024-05-02,13:59:00,2024-05-21,120.0,120.0,120.0,120.0,0,0,1
FINNIFTY21MAY2420650CE.NFO,2024-05-02,14:00:00,2024-05-21,120.0,120.0,120.0,120.0,0,0,1
FINNIFTY21MAY2420650CE.NFO,2024-05-02,14:01:00,2024-05-21,120.0,120.0,120.0,120.0,0,0,1
FINNIFTY21MAY2420650CE.NFO,2024-05-02,14:02:00,2024-05-21,120.0,120.0,120.0,120.0,0,0,1
FINNIFTY21MAY2420650CE.NFO,2024-05-02,14:03:00,2024-05-21,120.0,120.0,120.0,120.0,0,0,1
FINNIFTY21MAY2420650CE.NFO,2024-05-02,14:04:00,2024-05-21,120.0,120.0,120.0,120.0,0,0,1
FINNIFTY21MAY2420650CE.NFO,2024-05-02,14:05:00,2024-05-21,120.0,120.0,120.0,120.0,0,0,1
FINNIFTY21MAY2420650CE.NFO,2024-05-02,14:06:00,2024-05-21,120.0,120.0,120.0,120.0,0,0,1
FINNIFTY21MAY2420650CE.NFO,2024-05-02,14:07:00,2024-05-21,120.0,120.0,120.0,120.0,0,0,1
FINNIFTY21MAY2420650CE.NFO,2024-05-02,14:08:00,2024-05-21,120.0,120.0,120.0,120.0,0,0,1
FINNIFTY21MAY2420650CE.NFO,2024-05-02,14:09:00,2024-05-21,120.0,120.0,120.0,120.0,0,0,1
FINNIFTY21MAY2420650CE.NFO,2024-05-02,14:10:00,2024-05-21,120.0,120.0,120.0,120.0,0,0,1
FINNIFTY21MAY2420650CE.NFO,2024-05-02,14:11:00,2024-05-21,120.0,120.0,120.0,120.0,0,0,1
FINNIFTY21MAY2420650CE.NFO,2024-05-02,14:12:00,2024-05-21,120.0,120.0,120.0,120.0,0,0,1
FINNIFTY21MAY2420650CE.NFO,2024-05-02,14:13:00,2024-05-21,120.0,120.0,120.0,120.0,0,0,1
FINNIFTY21MAY2420650CE.NFO,2024-05-02,14:14:00,2024-05-21,120.0,120.0,120.0,120.0,0,0,1
FINNIFTY21MAY2420650CE.NFO,2024-05-02,14:15:00,2024-05-21,120.0,120.0,120.0,120.0,0,0,1
FINNIFTY21MAY2420650CE.NFO,2024-05-02,14:16:00,2024-05-21,120.0,120.0,120.0,120.0,0,0,1
FINNIFTY21MAY2420650CE.NFO,2024-05-02,14:17:00,2024-05-21,120.0,120.0,120.0,120.0,0,0,1
FINNIFTY21MAY2420650CE.NFO,2024-05-02,14:18:00,2024-05-21,120.0,120.0,120.0,120.0,0,0,1
FINNIFTY21MAY2420650CE.NFO,2024-05-02,14:19:00,2024-05-21,120.0,120.0,120.0,120.0,0,0,1
FINNIFTY21MAY2420650CE.NFO,2024-05-02,14:20:00,2024-05-21,120.0,120.0,120.0,120.0,0,0,1
FINNIFTY21MAY2420650CE.NFO,2024-05-02,14:21:00,2024-05-21,120.0,120.0,120.0,120.0,0,0,1
FINNIFTY21MAY2420650CE.NFO,2024-05-02,14:22:00,2024-05-21,120.0,120.0,120.0,120.0,0,0,1
FINNIFTY21MAY2420650CE.NFO,2024-05-02,14:23:00,2024-05-21,120.0,120.0,120.0,120.0,0,0,1
FINNIFTY21MAY2420650CE.NFO,2024-05-02,14:24:00,2024-05-21,120.0,120.0,120.0,120.0,0,0,1
FINNIFTY21MAY2420650CE.NFO,2024-05-02,14:25:00,2024-05-21,120.0,120.0,120.0,120.0,0,0,1
FINNIFTY21MAY2420650CE.NFO,2024-05-02,14:26:00,2024-05-21,120.0,120.0,120.0,120.0,0,0,1
FINNIFTY21MAY2420650CE.NFO,2024-05-02,14:27:00,2024-05-21,120.0,120.0,120.0,120.0,0,0,1
FINNIFTY21MAY2420650CE.NFO,2024-05-02,14:28:00,2024-05-21,120.0,120.0,120.0,120.0,0,0,1
FINNIFTY21MAY2420650CE.NFO,2024-05-02,14:29:00,2024-05-21,120.0,120.0,120.0,120.0,0,0,1
FINNIFTY21MAY2420650CE.NFO,2024-05-02,14:30:00,2024-05-21,120.0,120.0,120.0,120.0,0,0,1
FINNIFTY21MAY2420650CE.NFO,2024-05-02,14:31:00,2024-05-21,120.0,120.0,120.0,120.0,0,0,1
FINNIFTY21MAY2420650CE.NFO,2024-05-02,14:32:00,2024-05-21,120.0,120.0,120.0,120.0,0,0,1
FINNIFTY21MAY2420650CE.NFO,2024-05-02,14:33:00,2024-05-21,120.0,120.0,120.0,120.0,0,0,1
FINNIFTY21MAY2420650CE.NFO,2024-05-02,14:34:00,2024-05-21,120.0,120.0,120.0,120.0,0,0,1
FINNIFTY21MAY2420650CE.NFO,2024-05-02,14:35:00,2024-05-21,120.0,120.0,120.0,120.0,0,0,1
FINNIFTY21MAY2420650CE.NFO,2024-05-02,14:36:00,2024-05-21,120.0,120.0,120.0,120.0,0,0,1
FINNIFTY21MAY2420650CE.NFO,2024-05-02,14:37:00,2024-05-21,120.0,120.0,120.0,120.0,0,0,1
FINNIFTY21MAY2420650CE.NFO,2024-05-02,14:38:00,2024-05-21,120.0,120.0,120.0,120.0,0,0,1
FINNIFTY21MAY2420650CE.NFO,2024-05-02,14:39:00,2024-05-21,120.0,120.0,120.0,120.0,0,0,1
FINNIFTY21MAY2420650CE.NFO,2024-05-02,14:40:00,2024-05-21,120.0,120.0,120.0,120.0,0,0,1
FINNIFTY21MAY2420650CE.NFO,2024-05-02,14:41:00,2024-05-21,120.0,120.0,120.0,120.0,0,0,1
FINNIFTY21MAY2420650CE.NFO,2024-05-02,14:42:00,2024-05-21,120.0,120.0,120.0,120.0,0,0,1
FINNIFTY21MAY2420650CE.NFO,2024-05-02,14:43:00,2024-05-21,120.0,120.0,120.0,120.0,0,0,1
FINNIFTY21MAY2420650CE.NFO,2024-05-02,14:44:00,2024-05-21,120.0,120.0,120.0,120.0,0,0,1
FINNIFTY21MAY2420650CE.NFO,2024-05-02,14:45:00,2024-05-21,120.0,120.0,120.0,120.0,0,0,1
FINNIFTY21MAY2420650CE.NFO,2024-05-02,14:46:00,2024-05-21,120.0,120.0,120.0,120.0,0,0,1
FINNIFTY21MAY2420650CE.NFO,2024-05-02,14:47:00,2024-05-21,120.0,120.0,120.0,120.0,0,0,1
FINNIFTY21MAY2420650CE.NFO,2024-05-02,14:48:00,2024-05-21,120.0,120.0,120.0,120.0,0,0,1
FINNIFTY21MAY2420650CE.NFO,2024-05-02,14:49:00,2024-05-21,120.0,120.0,120.0,120.0,0,0,1
FINNIFTY21MAY2420650CE.NFO,2024-05-02,14:50:00,2024-05-21,120.0,120.0,120.0,120.0,0,0,1
FINNIFTY21MAY2420650CE.NFO,2024-05-02,14:51:00,2024-05-21,120.0,120.0,120.0,120.0,0,0,1
FINNIFTY21MAY2420650CE.NFO,2024-05-02,14:52:00,2024-05-21,120.0,120.0,120.0,120.0,0,0,1
FINNIFTY21MAY2420650CE.NFO,2024-05-02,14:53:00,2024-05-21,120.0,120.0,120.0,120.0,0,0,1
FINNIFTY21MAY2420650CE.NFO,2024-05-02,14:54:00,2024-05-21,120.0,120.0,120.0,120.0,0,0,1
FINNIFTY21MAY2420650CE.NFO,2024-05-02,14:55:00,2024-05-21,120.0,120.0,120.0,120.0,0,0,1
FINNIFTY21MAY2420650CE.NFO,2024-05-02,14:56:00,2024-05-21,120.0,120.0,120.0,120.0,0,0,1
FINNIFTY21MAY2420650CE.NFO,2024-05-02,14:57:00,2024-05-21,120.0,120.0,120.0,120.0,0,0,1
FINNIFTY21MAY2420650CE.NFO,2024-05-02,14:58:00,2024-05-21,120.0,120.0,120.0,120.0,0,0,1
FINNIFTY21MAY2420650CE.NFO,2024-05-02,14:59:00,2024-05-21,120.0,120.0,120.0,120.0,0,0,1
FINNIFTY21MAY2420650CE.NFO,2024-05-02,15:00:00,2024-05-21,120.0,120.0,120.0,120.0,0,0,1
FINNIFTY21MAY2420650CE.NFO,2024-05-02,15:01:00,2024-05-21,120.0,120.0,120.0,120.0,0,0,1
FINNIFTY21MAY2420650CE.NFO,2024-05-02,15:02:00,2024-05-21,120.0,120.0,120.0,120.0,0,0,1
FINNIFTY21MAY2420650CE.NFO,2024-05-02,15:03:00,2024-05-21,120.0,120.0,120.0,120.0,0,0,1
FINNIFTY21MAY2420650CE.NFO,2024-05-02,15:04:00,2024-05-21,120.0,120.0,120.0,120.0,0,0,1
FINNIFTY21MAY2420650CE.NFO,2024-05-02,15:05:00,2024-05-21,120.0,120.0,120.0,120.0,0,0,1
FINNIFTY21MAY2420650CE.NFO,2024-05-02,15:06:00,2024-05-21,120.0,120.0,120.0,120.0,0,0,1
FINNIFTY21MAY2420650CE.NFO,2024-05-02,15:07:00,2024-05-21,120.0,120.0,120.0,120.0,0,0,1
FINNIFTY21MAY2420650CE.NFO,2024-05-02,15:08:00,2024-05-21,120.0,120.0,120.0,120.0,0,0,1
FINNIFTY21MAY2420650CE.NFO,2024-05-02,15:09:00,2024-05-21,120.0,120.0,120.0,120.0,0,0,1
FINNIFTY21MAY2420650CE.NFO,2024-05-02,15:10:00,2024-05-21,120.0,120.0,120.0,120.0,0,0,1
FINNIFTY21MAY2420650CE.NFO,2024-05-02,15:11:00,2024-05-21,120.0,120.0,120.0,120.0,0,0,1
FINNIFTY21MAY2420650CE.NFO,2024-05-02,15:12:00,2024-05-21,120.0,120.0,120.0,120.0,0,0,1
FINNIFTY21MAY2420650CE.NFO,2024-05-02,15:13:00,2024-05-21,120.0,120.0,120.0,120.0,0,0,1
FINNIFTY21MAY2420650CE.NFO,2024-05-02,15:14:00,2024-05-21,120.0,120.0,120.0,120.0,0,0,1
FINNIFTY21MAY2420650CE.NFO,2024-05-02,15:15:00,2024-05-21,120.0,120.0,120.0,120.0,0,0,1
FINNIFTY21MAY2420650CE.NFO,2024-05-02,15:16:00,2024-05-21,120.0,120.0,120.0,120.0,0,0,1
FINNIFTY21MAY2420650CE.NFO,2024-05-02,15:17:00,2024-05-21,120.0,120.0,120.0,120.0,0,0,1
FINNIFTY21MAY2420650CE.NFO,2024-05-02,15:18:00,2024-05-21,120.0,120.0,120.0,120.0,0,0,1
FINNIFTY21MAY2420650CE.NFO,2024-05-02,15:19:00,2024-05-21,120.0,120.0,120.0,120.0,0,0,1
FINNIFTY21MAY2420650CE.NFO,2024-05-02,15:20:00,2024-05-21,120.0,120.0,120.0,120.0,0,0,1
FINNIFTY21MAY2420650CE.NFO,2024-05-02,15:21:00,2024-05-21,120.0,120.0,120.0,120.0,0,0,1
FINNIFTY21MAY2420650CE.NFO,2024-05-02,15:22:00,2024-05-21,120.0,120.0,120.0,120.0,0,0,1
FINNIFTY21MAY2420650CE.NFO,2024-05-02,15:23:00,2024-05-21,120.0,120.0,120.0,120.0,0,0,1
FINNIFTY21MAY2420650CE.NFO,2024-05-02,15:24:00,2024-05-21,120.0,120.0,120.0,120.0,0,0,1
FINNIFTY21MAY2420650CE.NFO,2024-05-02,15:25:00,2024-05-21,120.0,120.0,120.0,120.0,0,0,1
FINNIFTY21MAY2420650CE.NFO,2024-05-02,15:26:00,2024-05-21,120.0,120.0,120.0,120.0,0,0,1
FINNIFTY21MAY2420650CE.NFO,2024-05-02,15:27:00,2024-05-21,120.0,120.0,120.0,120.0,0,0,1
FINNIFTY21MAY2420650CE.NFO,2024-05-02,15:28:00,2024-05-21,120.0,120.0,120.0,120.0,0,0,1
FINNIFTY21MAY2420650CE.NFO,2024-05-02,15:29:00,2024-05-21,120.0,120.0,120.0,120.0,0,0,1
FINNIFTY21MAY2420650CE.NFO,2024-05-02,15:30:00,2024-05-21,120.0,120.0,120.0,120.0,0,0,1
FINNIFTY21MAY2420650CE.NFO,2024-05-03,09:15:00,2024-05-21,120.0,120.0,120.0,120.0,0,0,0
FINNIFTY21MAY2420650CE.NFO,2024-05-03,09:16:00,2024-05-21,120.0,120.0,120.0,120.0,0,0,1
FINNIFTY21MAY2420650CE.NFO,2024-05-03,09:17:00,2024-05-21,120.0,120.0,120.0,120.0,0,0,1
FINNIFTY21MAY2420650CE.NFO,2024-05-03,09:18:00,2024-05-21,120.0,120.0,120.0,120.0,0,0,1
FINNIFTY21MAY2420650CE.NFO,2024-05-03,09:19:00,2024-05-21,120.0,120.0,120.0,120.0,0,0,1
FINNIFTY21MAY2420650CE.NFO,2024-05-03,09:20:00,2024-05-21,120.0,120.0,120.0,120.0,0,0,1
FINNIFTY21MAY2420650CE.NFO,2024-05-03,09:21:00,2024-05-21,120.0,120.0,120.0,120.0,0,0,1
FINNIFTY21MAY2420650CE.NFO,2024-05-03,09:22:00,2024-05-21,120.0,120.0,120.0,120.0,0,0,1
FINNIFTY21MAY2420650CE.NFO,2024-05-03,09:23:00,2024-05-21,120.0,120.0,120.0,120.0,0,0,1
FINNIFTY21MAY2420650CE.NFO,2024-05-03,09:24:00,2024-05-21,120.0,120.0,120.0,120.0,0,0,1
FINNIFTY21MAY2420650CE.NFO,2024-05-03,09:25:00,2024-05-21,120.0,120.0,120.0,120.0,0,0,1
FINNIFTY21MAY2420650CE.NFO,2024-05-03,09:26:00,2024-05-21,120.0,120.0,120.0,120.0,0,0,1
FINNIFTY21MAY2420650CE.NFO,2024-05-03,09:27:00,2024-05-21,120.0,120.0,120.0,120.0,0,0,1
FINNIFTY21MAY2420650CE.NFO,2024-05-03,09:28:00,2024-05-21,120.0,120.0,120.0,120.0,0,0,1
FINNIFTY21MAY2420650CE.NFO,2024-05-03,09:29:00,2024-05-21,120.0,120.0,120.0,120.0,0,0,1
FINNIFTY21MAY2420650CE.NFO,2024-05-03,09:30:00,2024-05-21,120.0,120.0,120.0,120.0,0,0,1
FINNIFTY21MAY2420650CE.NFO,2024-05-03,09:31:00,2024-05-21,120.0,120.0,120.0,120.0,0,0,1
FINNIFTY21MAY2420650CE.NFO,2024-05-03,09:32:00,2024-05-21,120.0,120.0,120.0,120.0,0,0,1
FINNIFTY21MAY2420650CE.NFO,2024-05-03,09:33:00,2024-05-21,120.0,120.0,120.0,120.0,0,0,1
FINNIFTY21MAY2420650CE.NFO,2024-05-03,09:34:00,2024-05-21,120.0,120.0,120.0,120.0,0,0,1
FINNIFTY21MAY2420650CE.NFO,2024-05-03,09:35:00,2024-05-21,120.0,120.0,120.0,120.0,0,0,1
FINNIFTY21MAY2420650CE.NFO,2024-05-03,09:36:00,2024-05-21,120.0,120.0,120.0,120.0,0,0,1
FINNIFTY21MAY2420650CE.NFO,2024-05-03,09:37:00,2024-05-21,120.0,120.0,120.0,120.0,0,0,1
FINNIFTY21MAY2420650CE.NFO,2024-05-03,09:38:00,2024-05-21,120.0,120.0,120.0,120.0,0,0,1
FINNIFTY21MAY2420650CE.NFO,2024-05-03,09:39:00,2024-05-21,120.0,120.0,120.0,120.0,0,0,1
FINNIFTY21MAY2420650CE.NFO,2024-05-03,09:40:00,2024-05-21,120.0,120.0,120.0,120.0,0,0,1
FINNIFTY21MAY2420650CE.NFO,2024-05-03,09:41:00,2024-05-21,120.0,120.0,120.0,120.0,0,0,1
FINNIFTY21MAY2420650CE.NFO,2024-05-03,09:42:00,2024-05-21,120.0,120.0,120.0,120.0,0,0,1
FINNIFTY21MAY2420650CE.NFO,2024-05-03,09:43:00,2024-05-21,120.0,120.0,120.0,120.0,0,0,1
FINNIFTY21MAY2420650CE.NFO,2024-05-03,09:44:00,2024-05-21,120.0,120.0,120.0,120.0,0,0,1
FINNIFTY21MAY2420650CE.NFO,2024-05-03,09:45:00,2024-05-21,120.0,120.0,120.0,120.0,0,0,1
FINNIFTY21MAY2420650CE.NFO,2024-05-03,09:46:00,2024-05-21,120.0,120.0,120.0,120.0,0,0,1
FINNIFTY21MAY2420650CE.NFO,2024-05-03,09:47:00,2024-05-21,120.0,120.0,120.0,120.0,0,0,1
FINNIFTY21MAY2420650CE.NFO,2024-05-03,09:48:00,2024-05-21,120.0,120.0,120.0,120.0,0,0,1
FINNIFTY21MAY2420650CE.NFO,2024-05-03,09:49:00,2024-05-21,120.0,120.0,120.0,120.0,0,0,1
FINNIFTY21MAY2420650CE.NFO,2024-05-03,09:50:00,2024-05-21,120.0,120.0,120.0,120.0,0,0,1
FINNIFTY21MAY2420650CE.NFO,2024-05-03,09:51:00,2024-05-21,120.0,120.0,120.0,120.0,0,0,1
FINNIFTY21MAY2420650CE.NFO,2024-05-03,09:52:00,2024-05-21,120.0,120.0,120.0,120.0,0,0,1
FINNIFTY21MAY2420650CE.NFO,2024-05-03,09:53:00,2024-05-21,120.0,120.0,120.0,120.0,0,0,1
FINNIFTY21MAY2420650CE.NFO,2024-05-03,09:54:00,2024-05-21,120.0,120.0,120.0,120.0,0,0,1
FINNIFTY21MAY2420650CE.NFO,2024-05-03,09:55:00,2024-05-21,120.0,120.0,120.0,120.0,0,0,1
FINNIFTY21MAY2420650CE.NFO,2024-05-03,09:56:00,2024-05-21,120.0,120.0,120.0,120.0,0,0,1
FINNIFTY21MAY2420650CE.NFO,2024-05-03,09:57:00,2024-05-21,120.0,120.0,120.0,120.0,0,0,1
FINNIFTY21MAY2420650CE.NFO,2024-05-03,09:58:00,2024-05-21,120.0,120.0,120.0,120.0,0,0,1
FINNIFTY21MAY2420650CE.NFO,2024-05-03,09:59:00,2024-05-21,120.0,120.0,120.0,120.0,0,0,1
FINNIFTY21MAY2420650CE.NFO,2024-05-03,10:00:00,2024-05-21,120.0,120.0,120.0,120.0,0,0,1
FINNIFTY21MAY2420650CE.NFO,2024-05-03,10:01:00,2024-05-21,120.0,120.0,120.0,120.0,0,0,1
FINNIFTY21MAY2420650CE.NFO,2024-05-03,10:02:00,2024-05-21,120.0,120.0,120.0,120.0,0,0,1
FINNIFTY21MAY2420650CE.NFO,2024-05-03,10:03:00,2024-05-21,120.0,120.0,120.0,120.0,0,0,1
FINNIFTY21MAY2420650CE.NFO,2024-05-03,10:04:00,2024-05-21,120.0,120.0,120.0,120.0,0,0,1
FINNIFTY21MAY2420650CE.NFO,2024-05-03,10:05:00,2024-05-21,120.0,120.0,120.0,120.0,0,0,1
FINNIFTY21MAY2420650CE.NFO,2024-05-03,10:06:00,2024-05-21,120.0,120.0,120.0,120.0,0,0,1
FINNIFTY21MAY2420650CE.NFO,2024-05-03,10:07:00,2024-05-21,120.0,120.0,120.0,120.0,0,0,1
FINNIFTY21MAY2420650CE.NFO,2024-05-03,10:08:00,2024-05-21,120.0,120.0,120.0,120.0,0,0,1
FINNIFTY21MAY2420650CE.NFO,2024-05-03,10:09:00,2024-05-21,120.0,120.0,120.0,120.0,0,0,1
FINNIFTY21MAY2420650CE.NFO,2024-05-03,10:10:00,2024-05-21,120.0,120.0,120.0,120.0,0,0,1
FINNIFTY21MAY2420650CE.NFO,2024-05-03,10:11:00,2024-05-21,120.0,120.0,120.0,120.0,0,0,1
FINNIFTY21MAY2420650CE.NFO,2024-05-03,10:12:00,2024-05-21,120.0,120.0,120.0,120.0,0,0,1
FINNIFTY21MAY2420650CE.NFO,2024-05-03,10:13:00,2024-05-21,120.0,120.0,120.0,120.0,0,0,1
FINNIFTY21MAY2420650CE.NFO,2024-05-03,10:14:00,2024-05-21,120.0,120.0,120.0,120.0,0,0,1
FINNIFTY21MAY2420650CE.NFO,2024-05-03,10:15:00,2024-05-21,120.0,120.0,120.0,120.0,0,0,1
FINNIFTY21MAY2420650CE.NFO,2024-05-03,10:16:00,2024-05-21,120.0,120.0,120.0,120.0,0,0,1
FINNIFTY21MAY2420650CE.NFO,2024-05-03,10:17:00,2024-05-21,120.0,120.0,120.0,120.0,0,0,1
FINNIFTY21MAY2420650CE.NFO,2024-05-03,10:18:00,2024-05-21,120.0,120.0,120.0,120.0,0,0,1
FINNIFTY21MAY2420650CE.NFO,2024-05-03,10:19:00,2024-05-21,120.0,120.0,120.0,120.0,0,0,1
FINNIFTY21MAY2420650CE.NFO,2024-05-03,10:20:00,2024-05-21,120.0,120.0,120.0,120.0,0,0,1
FINNIFTY21MAY2420650CE.NFO,2024-05-03,10:21:00,2024-05-21,120.0,120.0,120.0,120.0,0,0,1
FINNIFTY21MAY2420650CE.NFO,2024-05-03,10:22:00,2024-05-21,120.0,120.0,120.0,120.0,0,0,1
FINNIFTY21MAY2420650CE.NFO,2024-05-03,10:23:00,2024-05-21,120.0,120.0,120.0,120.0,0,0,1
FINNIFTY21MAY2420650CE.NFO,2024-05-03,10:24:00,2024-05-21,120.0,120.0,120.0,120.0,0,0,1
FINNIFTY21MAY2420650CE.NFO,2024-05-03,10:25:00,2024-05-21,120.0,120.0,120.0,120.0,0,0,1
FINNIFTY21MAY2420650CE.NFO,2024-05-03,10:26:00,2024-05-21,120.0,120.0,120.0,120.0,0,0,1
FINNIFTY21MAY2420650CE.NFO,2024-05-03,10:27:00,2024-05-21,120.0,120.0,120.0,120.0,0,0,1
FINNIFTY21MAY2420650CE.NFO,2024-05-03,10:28:00,2024-05-21,120.0,120.0,120.0,120.0,0,0,1
FINNIFTY21MAY2420650CE.NFO,2024-05-03,10:29:00,2024-05-21,120.0,120.0,120.0,120.0,0,0,1
FINNIFTY21MAY2420650CE.NFO,2024-05-03,10:30:00,2024-05-21,120.0,120.0,120.0,120.0,0,0,1
FINNIFTY21MAY2420650CE.NFO,2024-05-03,10:31:00,2024-05-21,120.0,120.0,120.0,120.0,0,0,1
FINNIFTY21MAY2420650CE.NFO,2024-05-03,10:32:00,2024-05-21,120.0,120.0,120.0,120.0,0,0,1
FINNIFTY21MAY2420650CE.NFO,2024-05-03,10:33:00,2024-05-21,120.0,120.0,120.0,120.0,0,0,1
FINNIFTY21MAY2420650CE.NFO,2024-05-03,10:34:00,2024-05-21,120.0,120.0,120.0,120.0,0,0,1
FINNIFTY21MAY2420650CE.NFO,2024-05-03,10:35:00,2024-05-21,120.0,120.0,120.0,120.0,0,0,1
FINNIFTY21MAY2420650CE.NFO,2024-05-03,10:36:00,2024-05-21,120.0,120.0,120.0,120.0,0,0,1
FINNIFTY21MAY2420650CE.NFO,2024-05-03,10:37:00,2024-05-21,120.0,120.0,120.0,120.0,0,0,1
FINNIFTY21MAY2420650CE.NFO,2024-05-03,10:38:00,2024-05-21,120.0,120.0,120.0,120.0,0,0,1
FINNIFTY21MAY2420650CE.NFO,2024-05-03,10:39:00,2024-05-21,120.0,120.0,120.0,120.0,0,0,1
FINNIFTY21MAY2420650CE.NFO,2024-05-03,10:40:00,2024-05-21,120.0,120.0,120.0,120.0,0,0,1
FINNIFTY21MAY2420650CE.NFO,2024-05-03,10:41:00,2024-05-21,120.0,120.0,120.0,120.0,0,0,1
FINNIFTY21MAY2420650CE.NFO,2024-05-03,10:42:00,2024-05-21,120.0,120.0,120.0,120.0,0,0,1
FINNIFTY21MAY2420650CE.NFO,2024-05-03,10:43:00,2024-05-21,120.0,120.0,120.0,120.0,0,0,1
FINNIFTY21MAY2420650CE.NFO,2024-05-03,10:44:00,2024-05-21,120.0,120.0,120.0,120.0,0,0,1
FINNIFTY21MAY2420650CE.NFO,2024-05-03,10:45:00,2024-05-21,120.0,120.0,120.0,120.0,0,0,1
FINNIFTY21MAY2420650CE.NFO,2024-05-03,10:46:00,2024-05-21,120.0,120.0,120.0,120.0,0,0,1
FINNIFTY21MAY2420650CE.NFO,2024-05-03,10:47:00,2024-05-21,120.0,120.0,120.0,120.0,0,0,1
FINNIFTY21MAY2420650CE.NFO,2024-05-03,10:48:00,2024-05-21,120.0,120.0,120.0,120.0,0,0,1
FINNIFTY21MAY2420650CE.NFO,2024-05-03,10:49:00,2024-05-21,120.0,120.0,120.0,120.0,0,0,1
FINNIFTY21MAY2420650CE.NFO,2024-05-03,10:50:00,2024-05-21,120.0,120.0,120.0,120.0,0,0,1
FINNIFTY21MAY2420650CE.NFO,2024-05-03,10:51:00,2024-05-21,120.0,120.0,120.0,120.0,0,0,1
FINNIFTY21MAY2420650CE.NFO,2024-05-03,10:52:00,2024-05-21,120.0,120.0,120.0,120.0,0,0,1
FINNIFTY21MAY2420650CE.NFO,2024-05-03,10:53:00,2024-05-21,120.0,120.0,120.0,120.0,0,0,1
FINNIFTY21MAY2420650CE.NFO,2024-05-03,10:54:00,2024-05-21,120.0,120.0,120.0,120.0,0,0,1
FINNIFTY21MAY2420650CE.NFO,2024-05-03,10:55:00,2024-05-21,120.0,120.0,120.0,120.0,0,0,1
FINNIFTY21MAY2420650CE.NFO,2024-05-03,10:56:00,2024-05-21,120.0,120.0,120.0,120.0,0,0,1
FINNIFTY21MAY2420650CE.NFO,2024-05-03,10:57:00,2024-05-21,120.0,120.0,120.0,120.0,0,0,1
FINNIFTY21MAY2420650CE.NFO,2024-05-03,10:58:00,2024-05-21,120.0,120.0,120.0,120.0,0,0,1
FINNIFTY21MAY2420650CE.NFO,2024-05-03,10:59:00,2024-05-21,120.0,120.0,120.0,120.0,0,0,1
FINNIFTY21MAY2420650CE.NFO,2024-05-03,11:00:00,2024-05-21,120.0,120.0,120.0,120.0,0,0,1
FINNIFTY21MAY2420650CE.NFO,2024-05-03,11:01:00,2024-05-21,120.0,120.0,120.0,120.0,0,0,1
FINNIFTY21MAY2420650CE.NFO,2024-05-03,11:02:00,2024-05-21,120.0,120.0,120.0,120.0,0,0,1
FINNIFTY21MAY2420650CE.NFO,2024-05-03,11:03:00,2024-05-21,120.0,120.0,120.0,120.0,0,0,1
FINNIFTY21MAY2420650CE.NFO,2024-05-03,11:04:00,2024-05-21,120.0,120.0,120.0,120.0,0,0,1
FINNIFTY21MAY2420650CE.NFO,2024-05-03,11:05:00,2024-05-21,120.0,120.0,120.0,120.0,0,0,1
FINNIFTY21MAY2420650CE.NFO,2024-05-03,11:06:00,2024-05-21,120.0,120.0,120.0,120.0,0,0,1
FINNIFTY21MAY2420650CE.NFO,2024-05-03,11:07:00,2024-05-21,120.0,120.0,120.0,120.0,0,0,1
FINNIFTY21MAY2420650CE.NFO,2024-05-03,11:08:00,2024-05-21,120.0,120.0,120.0,120.0,0,0,1
FINNIFTY21MAY2420650CE.NFO,2024-05-03,11:09:00,2024-05-21,120.0,120.0,120.0,120.0,0,0,1
FINNIFTY21MAY2420650CE.NFO,2024-05-03,11:10:00,2024-05-21,120.0,120.0,120.0,120.0,0,0,1
FINNIFTY21MAY2420650CE.NFO,2024-05-03,11:11:00,2024-05-21,120.0,120.0,120.0,120.0,0,0,1
FINNIFTY21MAY2420650CE.NFO,2024-05-03,11:12:00,2024-05-21,120.0,120.0,120.0,120.0,0,0,1
FINNIFTY21MAY2420650CE.NFO,2024-05-03,11:13:00,2024-05-21,120.0,120.0,120.0,120.0,0,0,1
FINNIFTY21MAY2420650CE.NFO,2024-05-03,11:14:00,2024-05-21,120.0,120.0,120.0,120.0,0,0,1
FINNIFTY21MAY2420650CE.NFO,2024-05-03,11:15:00,2024-05-21,120.0,120.0,120.0,120.0,0,0,1
FINNIFTY21MAY2420650CE.NFO,2024-05-03,11:16:00,2024-05-21,120.0,120.0,120.0,120.0,0,0,1
FINNIFTY21MAY2420650CE.NFO,2024-05-03,11:17:00,2024-05-21,120.0,120.0,120.0,120.0,0,0,1
FINNIFTY21MAY2420650CE.NFO,2024-05-03,11:18:00,2024-05-21,120.0,120.0,120.0,120.0,0,0,1
FINNIFTY21MAY2420650CE.NFO,2024-05-03,11:19:00,2024-05-21,120.0,120.0,120.0,120.0,0,0,1
FINNIFTY21MAY2420650CE.NFO,2024-05-03,11:20:00,2024-05-21,120.0,120.0,120.0,120.0,0,0,1
FINNIFTY21MAY2420650CE.NFO,2024-05-03,11:21:00,2024-05-21,120.0,120.0,120.0,120.0,0,0,1
FINNIFTY21MAY2420650CE.NFO,2024-05-03,11:22:00,2024-05-21,120.0,120.0,120.0,120.0,0,0,1
FINNIFTY21MAY2420650CE.NFO,2024-05-03,11:23:00,2024-05-21,120.0,120.0,120.0,120.0,0,0,1
FINNIFTY21MAY2420650CE.NFO,2024-05-03,11:24:00,2024-05-21,120.0,120.0,120.0,120.0,0,0,1
FINNIFTY21MAY2420650CE.NFO,2024-05-03,11:25:00,2024-05-21,120.0,120.0,120.0,120.0,0,0,1
FINNIFTY21MAY2420650CE.NFO,2024-05-03,11:26:00,2024-05-21,120.0,120.0,120.0,120.0,0,0,1
FINNIFTY21MAY2420650CE.NFO,2024-05-03,11:27:00,2024-05-21,120.0,120.0,120.0,120.0,0,0,1
FINNIFTY21MAY2420650CE.NFO,2024-05-03,11:28:00,2024-05-21,120.0,120.0,120.0,120.0,0,0,1
FINNIFTY21MAY2420650CE.NFO,2024-05-03,11:29:00,2024-05-21,120.0,120.0,120.0,120.0,0,0,1
FINNIFTY21MAY2420650CE.NFO,2024-05-03,11:30:00,2024-05-21,120.0,120.0,120.0,120.0,0,0,1
FINNIFTY21MAY2420650CE.NFO,2024-05-03,11:31:00,2024-05-21,120.0,120.0,120.0,120.0,0,0,1
FINNIFTY21MAY2420650CE.NFO,2024-05-03,11:32:00,2024-05-21,120.0,120.0,120.0,120.0,0,0,1
FINNIFTY21MAY2420650CE.NFO,2024-05-03,11:33:00,2024-05-21,120.0,120.0,120.0,120.0,0,0,1
FINNIFTY21MAY2420650CE.NFO,2024-05-03,11:34:00,2024-05-21,120.0,120.0,120.0,120.0,0,0,1
FINNIFTY21MAY2420650CE.NFO,2024-05-03,11:35:00,2024-05-21,120.0,120.0,120.0,120.0,0,0,1
FINNIFTY21MAY2420650CE.NFO,2024-05-03,11:36:00,2024-05-21,120.0,120.0,120.0,120.0,0,0,1
FINNIFTY21MAY2420650CE.NFO,2024-05-03,11:37:00,2024-05-21,120.0,120.0,120.0,120.0,0,0,1
FINNIFTY21MAY2420650CE.NFO,2024-05-03,11:38:00,2024-05-21,120.0,120.0,120.0,120.0,0,0,1
FINNIFTY21MAY2420650CE.NFO,2024-05-03,11:39:00,2024-05-21,120.0,120.0,120.0,120.0,0,0,1
FINNIFTY21MAY2420650CE.NFO,2024-05-03,11:40:00,2024-05-21,120.0,120.0,120.0,120.0,0,0,1
FINNIFTY21MAY2420650CE.NFO,2024-05-03,11:41:00,2024-05-21,120.0,120.0,120.0,120.0,0,0,1
FINNIFTY21MAY2420650CE.NFO,2024-05-03,11:42:00,2024-05-21,120.0,120.0,120.0,120.0,0,0,1
FINNIFTY21MAY2420650CE.NFO,2024-05-03,11:43:00,2024-05-21,120.0,120.0,120.0,120.0,0,0,1
FINNIFTY21MAY2420650CE.NFO,2024-05-03,11:44:00,2024-05-21,120.0,120.0,120.0,120.0,0,0,1
FINNIFTY21MAY2420650CE.NFO,2024-05-03,11:45:00,2024-05-21,120.0,120.0,120.0,120.0,0,0,1
FINNIFTY21MAY2420650CE.NFO,2024-05-03,11:46:00,2024-05-21,120.0,120.0,120.0,120.0,0,0,1
FINNIFTY21MAY2420650CE.NFO,2024-05-03,11:47:00,2024-05-21,120.0,120.0,120.0,120.0,0,0,1
FINNIFTY21MAY2420650CE.NFO,2024-05-03,11:48:00,2024-05-21,120.0,120.0,120.0,120.0,0,0,1
FINNIFTY21MAY2420650CE.NFO,2024-05-03,11:49:00,2024-05-21,120.0,120.0,120.0,120.0,0,0,1
FINNIFTY21MAY2420650CE.NFO,2024-05-03,11:50:00,2024-05-21,120.0,120.0,120.0,120.0,0,0,1
FINNIFTY21MAY2420650CE.NFO,2024-05-03,11:51:00,2024-05-21,120.0,120.0,120.0,120.0,0,0,1
FINNIFTY21MAY2420650CE.NFO,2024-05-03,11:52:00,2024-05-21,120.0,120.0,120.0,120.0,0,0,1
FINNIFTY21MAY2420650CE.NFO,2024-05-03,11:53:00,2024-05-21,120.0,120.0,120.0,120.0,0,0,1
FINNIFTY21MAY2420650CE.NFO,2024-05-03,11:54:00,2024-05-21,120.0,120.0,120.0,120.0,0,0,1
FINNIFTY21MAY2420650CE.NFO,2024-05-03,11:55:00,2024-05-21,120.0,120.0,120.0,120.0,0,0,1
FINNIFTY21MAY2420650CE.NFO,2024-05-03,11:56:00,2024-05-21,120.0,120.0,120.0,120.0,0,0,1
FINNIFTY21MAY2420650CE.NFO,2024-05-03,11:57:00,2024-05-21,120.0,120.0,120.0,120.0,0,0,1
FINNIFTY21MAY2420650CE.NFO,2024-05-03,11:58:00,2024-05-21,120.0,120.0,120.0,120.0,0,0,1
FINNIFTY21MAY2420650CE.NFO,2024-05-03,11:59:00,2024-05-21,120.0,120.0,120.0,120.0,0,0,1
FINNIFTY21MAY2420650CE.NFO,2024-05-03,12:00:00,2024-05-21,120.0,120.0,120.0,120.0,0,0,1
FINNIFTY21MAY2420650CE.NFO,2024-05-03,12:01:00,2024-05-21,120.0,120.0,120.0,120.0,0,0,1
FINNIFTY21MAY2420650CE.NFO,2024-05-03,12:02:00,2024-05-21,120.0,120.0,120.0,120.0,0,0,1
FINNIFTY21MAY2420650CE.NFO,2024-05-03,12:03:00,2024-05-21,120.0,120.0,120.0,120.0,0,0,1
FINNIFTY21MAY2420650CE.NFO,2024-05-03,12:04:00,2024-05-21,120.0,120.0,120.0,120.0,0,0,1
FINNIFTY21MAY2420650CE.NFO,2024-05-03,12:05:00,2024-05-21,120.0,120.0,120.0,120.0,0,0,1
FINNIFTY21MAY2420650CE.NFO,2024-05-03,12:06:00,2024-05-21,120.0,120.0,120.0,120.0,0,0,1
FINNIFTY21MAY2420650CE.NFO,2024-05-03,12:07:00,2024-05-21,120.0,120.0,120.0,120.0,0,0,1
FINNIFTY21MAY2420650CE.NFO,2024-05-03,12:08:00,2024-05-21,120.0,120.0,120.0,120.0,0,0,1
FINNIFTY21MAY2420650CE.NFO,2024-05-03,12:09:00,2024-05-21,120.0,120.0,120.0,120.0,0,0,1
FINNIFTY21MAY2420650CE.NFO,2024-05-03,12:10:00,2024-05-21,120.0,120.0,120.0,120.0,0,0,1
FINNIFTY21MAY2420650CE.NFO,2024-05-03,12:11:00,2024-05-21,120.0,120.0,120.0,120.0,0,0,1
FINNIFTY21MAY2420650CE.NFO,2024-05-03,12:12:00,2024-05-21,120.0,120.0,120.0,120.0,0,0,1
FINNIFTY21MAY2420650CE.NFO,2024-05-03,12:13:00,2024-05-21,120.0,120.0,120.0,120.0,0,0,1
FINNIFTY21MAY2420650CE.NFO,2024-05-03,12:14:00,2024-05-21,120.0,120.0,120.0,120.0,0,0,1
FINNIFTY21MAY2420650CE.NFO,2024-05-03,12:15:00,2024-05-21,120.0,120.0,120.0,120.0,0,0,1
FINNIFTY21MAY2420650CE.NFO,2024-05-03,12:16:00,2024-05-21,120.0,120.0,120.0,120.0,0,0,1
FINNIFTY21MAY2420650CE.NFO,2024-05-03,12:17:00,2024-05-21,120.0,120.0,120.0,120.0,0,0,1
FINNIFTY21MAY2420650CE.NFO,2024-05-03,12:18:00,2024-05-21,120.0,120.0,120.0,120.0,0,0,1
FINNIFTY21MAY2420650CE.NFO,2024-05-03,12:19:00,2024-05-21,120.0,120.0,120.0,120.0,0,0,1
FINNIFTY21MAY2420650CE.NFO,2024-05-03,12:20:00,2024-05-21,120.0,120.0,120.0,120.0,0,0,1
FINNIFTY21MAY2420650CE.NFO,2024-05-03,12:21:00,2024-05-21,120.0,120.0,120.0,120.0,0,0,1
FINNIFTY21MAY2420650CE.NFO,2024-05-03,12:22:00,2024-05-21,120.0,120.0,120.0,120.0,0,0,1
FINNIFTY21MAY2420650CE.NFO,2024-05-03,12:23:00,2024-05-21,120.0,120.0,120.0,120.0,0,0,1
FINNIFTY21MAY2420650CE.NFO,2024-05-03,12:24:00,2024-05-21,120.0,120.0,120.0,120.0,0,0,1
FINNIFTY21MAY2420650CE.NFO,2024-05-03,12:25:00,2024-05-21,120.0,120.0,120.0,120.0,0,0,1
FINNIFTY21MAY2420650CE.NFO,2024-05-03,12:26:00,2024-05-21,120.0,120.0,120.0,120.0,0,0,1
FINNIFTY21MAY2420650CE.NFO,2024-05-03,12:27:00,2024-05-21,120.0,120.0,120.0,120.0,0,0,1
FINNIFTY21MAY2420650CE.NFO,2024-05-03,12:28:00,2024-05-21,120.0,120.0,120.0,120.0,0,0,1
FINNIFTY21MAY2420650CE.NFO,2024-05-03,12:29:00,2024-05-21,120.0,120.0,120.0,120.0,0,0,1
FINNIFTY21MAY2420650CE.NFO,2024-05-03,12:30:00,2024-05-21,120.0,120.0,120.0,120.0,0,0,1
FINNIFTY21MAY2420650CE.NFO,2024-05-03,12:31:00,2024-05-21,120.0,120.0,120.0,120.0,0,0,1
FINNIFTY21MAY2420650CE.NFO,2024-05-03,12:32:00,2024-05-21,120.0,120.0,120.0,120.0,0,0,1
FINNIFTY21MAY2420650CE.NFO,2024-05-03,12:33:00,2024-05-21,120.0,120.0,120.0,120.0,0,0,1
FINNIFTY21MAY2420650CE.NFO,2024-05-03,12:34:00,2024-05-21,120.0,120.0,120.0,120.0,0,0,1
FINNIFTY21MAY2420650CE.NFO,2024-05-03,12:35:00,2024-05-21,120.0,120.0,120.0,120.0,0,0,1
FINNIFTY21MAY2420650CE.NFO,2024-05-03,12:36:00,2024-05-21,120.0,120.0,120.0,120.0,0,0,1
FINNIFTY21MAY2420650CE.NFO,2024-05-03,12:37:00,2024-05-21,120.0,120.0,120.0,120.0,0,0,1
FINNIFTY21MAY2420650CE.NFO,2024-05-03,12:38:00,2024-05-21,120.0,120.0,120.0,120.0,0,0,1
FINNIFTY21MAY2420650CE.NFO,2024-05-03,12:39:00,2024-05-21,120.0,120.0,120.0,120.0,0,0,1
FINNIFTY21MAY2420650CE.NFO,2024-05-03,12:40:00,2024-05-21,120.0,120.0,120.0,120.0,0,0,1
FINNIFTY21MAY2420650CE.NFO,2024-05-03,12:41:00,2024-05-21,120.0,120.0,120.0,120.0,0,0,1
FINNIFTY21MAY2420650CE.NFO,2024-05-03,12:42:00,2024-05-21,120.0,120.0,120.0,120.0,0,0,1
FINNIFTY21MAY2420650CE.NFO,2024-05-03,12:43:00,2024-05-21,120.0,120.0,120.0,120.0,0,0,1
FINNIFTY21MAY2420650CE.NFO,2024-05-03,12:44:00,2024-05-21,120.0,120.0,120.0,120.0,0,0,1
FINNIFTY21MAY2420650CE.NFO,2024-05-03,12:45:00,2024-05-21,120.0,120.0,120.0,120.0,0,0,1
FINNIFTY21MAY2420650CE.NFO,2024-05-03,12:46:00,2024-05-21,120.0,120.0,120.0,120.0,0,0,1
FINNIFTY21MAY2420650CE.NFO,2024-05-03,12:47:00,2024-05-21,120.0,120.0,120.0,120.0,0,0,1
FINNIFTY21MAY2420650CE.NFO,2024-05-03,12:48:00,2024-05-21,120.0,120.0,120.0,120.0,0,0,1
FINNIFTY21MAY2420650CE.NFO,2024-05-03,12:49:00,2024-05-21,120.0,120.0,120.0,120.0,0,0,1
FINNIFTY21MAY2420650CE.NFO,2024-05-03,12:50:00,2024-05-21,120.0,120.0,120.0,120.0,0,0,1
FINNIFTY21MAY2420650CE.NFO,2024-05-03,12:51:00,2024-05-21,120.0,120.0,120.0,120.0,0,0,1
FINNIFTY21MAY2420650CE.NFO,2024-05-03,12:52:00,2024-05-21,120.0,120.0,120.0,120.0,0,0,1
FINNIFTY21MAY2420650CE.NFO,2024-05-03,12:53:00,2024-05-21,120.0,120.0,120.0,120.0,0,0,1
FINNIFTY21MAY2420650CE.NFO,2024-05-03,12:54:00,2024-05-21,120.0,120.0,120.0,120.0,0,0,1
FINNIFTY21MAY2420650CE.NFO,2024-05-03,12:55:00,2024-05-21,120.0,120.0,120.0,120.0,0,0,1
FINNIFTY21MAY2420650CE.NFO,2024-05-03,12:56:00,2024-05-21,120.0,120.0,120.0,120.0,0,0,1
FINNIFTY21MAY2420650CE.NFO,2024-05-03,12:57:00,2024-05-21,120.0,120.0,120.0,120.0,0,0,1
FINNIFTY21MAY2420650CE.NFO,2024-05-03,12:58:00,2024-05-21,120.0,120.0,120.0,120.0,0,0,1
FINNIFTY21MAY2420650CE.NFO,2024-05-03,12:59:00,2024-05-21,120.0,120.0,120.0,120.0,0,0,1
FINNIFTY21MAY2420650CE.NFO,2024-05-03,13:00:00,2024-05-21,120.0,120.0,120.0,120.0,0,0,1
FINNIFTY21MAY2420650CE.NFO,2024-05-03,13:01:00,2024-05-21,120.0,120.0,120.0,120.0,0,0,1
FINNIFTY21MAY2420650CE.NFO,2024-05-03,13:02:00,2024-05-21,120.0,120.0,120.0,120.0,0,0,1
FINNIFTY21MAY2420650CE.NFO,2024-05-03,13:03:00,2024-05-21,120.0,120.0,120.0,120.0,0,0,1
FINNIFTY21MAY2420650CE.NFO,2024-05-03,13:04:00,2024-05-21,120.0,120.0,120.0,120.0,0,0,1
FINNIFTY21MAY2420650CE.NFO,2024-05-03,13:05:00,2024-05-21,120.0,120.0,120.0,120.0,0,0,1
FINNIFTY21MAY2420650CE.NFO,2024-05-03,13:06:00,2024-05-21,120.0,120.0,120.0,120.0,0,0,1
FINNIFTY21MAY2420650CE.NFO,2024-05-03,13:07:00,2024-05-21,120.0,120.0,120.0,120.0,0,0,1
FINNIFTY21MAY2420650CE.NFO,2024-05-03,13:08:00,2024-05-21,120.0,120.0,120.0,120.0,0,0,1
FINNIFTY21MAY2420650CE.NFO,2024-05-03,13:09:00,2024-05-21,120.0,120.0,120.0,120.0,0,0,1
FINNIFTY21MAY2420650CE.NFO,2024-05-03,13:10:00,2024-05-21,120.0,120.0,120.0,120.0,0,0,1
FINNIFTY21MAY2420650CE.NFO,2024-05-03,13:11:00,2024-05-21,120.0,120.0,120.0,120.0,0,0,1
FINNIFTY21MAY2420650CE.NFO,2024-05-03,13:12:00,2024-05-21,120.0,120.0,120.0,120.0,0,0,1
FINNIFTY21MAY2420650CE.NFO,2024-05-03,13:13:00,2024-05-21,120.0,120.0,120.0,120.0,0,0,1
FINNIFTY21MAY2420650CE.NFO,2024-05-03,13:14:00,2024-05-21,120.0,120.0,120.0,120.0,0,0,1
FINNIFTY21MAY2420650CE.NFO,2024-05-03,13:15:00,2024-05-21,120.0,120.0,120.0,120.0,0,0,1
FINNIFTY21MAY2420650CE.NFO,2024-05-03,13:16:00,2024-05-21,120.0,120.0,120.0,120.0,0,0,1
FINNIFTY21MAY2420650CE.NFO,2024-05-03,13:17:00,2024-05-21,120.0,120.0,120.0,120.0,0,0,1
FINNIFTY21MAY2420650CE.NFO,2024-05-03,13:18:00,2024-05-21,120.0,120.0,120.0,120.0,0,0,1
FINNIFTY21MAY2420650CE.NFO,2024-05-03,13:19:00,2024-05-21,120.0,120.0,120.0,120.0,0,0,1
FINNIFTY21MAY2420650CE.NFO,2024-05-03,13:20:00,2024-05-21,120.0,120.0,120.0,120.0,0,0,1
FINNIFTY21MAY2420650CE.NFO,2024-05-03,13:21:00,2024-05-21,120.0,120.0,120.0,120.0,0,0,1
FINNIFTY21MAY2420650CE.NFO,2024-05-03,13:22:00,2024-05-21,120.0,120.0,120.0,120.0,0,0,1
FINNIFTY21MAY2420650CE.NFO,2024-05-03,13:23:00,2024-05-21,120.0,120.0,120.0,120.0,0,0,1
FINNIFTY21MAY2420650CE.NFO,2024-05-03,13:24:00,2024-05-21,120.0,120.0,120.0,120.0,0,0,1
FINNIFTY21MAY2420650CE.NFO,2024-05-03,13:25:00,2024-05-21,120.0,120.0,120.0,120.0,0,0,1
FINNIFTY21MAY2420650CE.NFO,2024-05-03,13:26:00,2024-05-21,120.0,120.0,120.0,120.0,0,0,1
FINNIFTY21MAY2420650CE.NFO,2024-05-03,13:27:00,2024-05-21,120.0,120.0,120.0,120.0,0,0,1
FINNIFTY21MAY2420650CE.NFO,2024-05-03,13:28:00,2024-05-21,120.0,120.0,120.0,120.0,0,0,1
FINNIFTY21MAY2420650CE.NFO,2024-05-03,13:29:00,2024-05-21,120.0,120.0,120.0,120.0,0,0,1
FINNIFTY21MAY2420650CE.NFO,2024-05-03,13:30:00,2024-05-21,120.0,120.0,120.0,120.0,0,0,1
FINNIFTY21MAY2420650CE.NFO,2024-05-03,13:31:00,2024-05-21,120.0,120.0,120.0,120.0,0,0,1
FINNIFTY21MAY2420650CE.NFO,2024-05-03,13:32:00,2024-05-21,120.0,120.0,120.0,120.0,0,0,1
FINNIFTY21MAY2420650CE.NFO,2024-05-03,13:33:00,2024-05-21,120.0,120.0,120.0,120.0,0,0,1
FINNIFTY21MAY2420650CE.NFO,2024-05-03,13:34:00,2024-05-21,120.0,120.0,120.0,120.0,0,0,1
FINNIFTY21MAY2420650CE.NFO,2024-05-03,13:35:00,2024-05-21,120.0,120.0,120.0,120.0,0,0,1
FINNIFTY21MAY2420650CE.NFO,2024-05-03,13:36:00,2024-05-21,120.0,120.0,120.0,120.0,0,0,1
FINNIFTY21MAY2420650CE.NFO,2024-05-03,13:37:00,2024-05-21,120.0,120.0,120.0,120.0,0,0,1
FINNIFTY21MAY2420650CE.NFO,2024-05-03,13:38:00,2024-05-21,120.0,120.0,120.0,120.0,0,0,1
FINNIFTY21MAY2420650CE.NFO,2024-05-03,13:39:00,2024-05-21,120.0,120.0,120.0,120.0,0,0,1
FINNIFTY21MAY2420650CE.NFO,2024-05-03,13:40:00,2024-05-21,120.0,120.0,120.0,120.0,0,0,1
FINNIFTY21MAY2420650CE.NFO,2024-05-03,13:41:00,2024-05-21,120.0,120.0,120.0,120.0,0,0,1
FINNIFTY21MAY2420650CE.NFO,2024-05-03,13:42:00,2024-05-21,120.0,120.0,120.0,120.0,0,0,1
FINNIFTY21MAY2420650CE.NFO,2024-05-03,13:43:00,2024-05-21,120.0,120.0,120.0,120.0,0,0,1
FINNIFTY21MAY2420650CE.NFO,2024-05-03,13:44:00,2024-05-21,120.0,120.0,120.0,120.0,0,0,1
FINNIFTY21MAY2420650CE.NFO,2024-05-03,13:45:00,2024-05-21,120.0,120.0,120.0,120.0,0,0,1
FINNIFTY21MAY2420650CE.NFO,2024-05-03,13:46:00,2024-05-21,120.0,120.0,120.0,120.0,0,0,1
FINNIFTY21MAY2420650CE.NFO,2024-05-03,13:47:00,2024-05-21,120.0,120.0,120.0,120.0,0,0,1
FINNIFTY21MAY2420650CE.NFO,2024-05-03,13:48:00,2024-05-21,120.0,120.0,120.0,120.0,0,0,1
FINNIFTY21MAY2420650CE.NFO,2024-05-03,13:49:00,2024-05-21,120.0,120.0,120.0,120.0,0,0,1
FINNIFTY21MAY2420650CE.NFO,2024-05-03,13:50:00,2024-05-21,120.0,120.0,120.0,120.0,0,0,1
FINNIFTY21MAY2420650CE.NFO,2024-05-03,13:51:00,2024-05-21,120.0,120.0,120.0,120.0,0,0,1
FINNIFTY21MAY2420650CE.NFO,2024-05-03,13:52:00,2024-05-21,120.0,120.0,120.0,120.0,0,0,1
FINNIFTY21MAY2420650CE.NFO,2024-05-03,13:53:00,2024-05-21,120.0,120.0,120.0,120.0,0,0,1
FINNIFTY21MAY2420650CE.NFO,2024-05-03,13:54:00,2024-05-21,120.0,120.0,120.0,120.0,0,0,1
FINNIFTY21MAY2420650CE.NFO,2024-05-03,13:55:00,2024-05-21,120.0,120.0,120.0,120.0,0,0,1
FINNIFTY21MAY2420650CE.NFO,2024-05-03,13:56:00,2024-05-21,120.0,120.0,120.0,120.0,0,0,1
FINNIFTY21MAY2420650CE.NFO,2024-05-03,13:57:00,2024-05-21,120.0,120.0,120.0,120.0,0,0,1
FINNIFTY21MAY2420650CE.NFO,2024-05-03,13:58:00,2024-05-21,120.0,120.0,120.0,120.0,0,0,1
FINNIFTY21MAY2420650CE.NFO,2024-05-03,13:59:00,2024-05-21,120.0,120.0,120.0,120.0,0,0,1
FINNIFTY21MAY2420650CE.NFO,2024-05-03,14:00:00,2024-05-21,120.0,120.0,120.0,120.0,0,0,1
FINNIFTY21MAY2420650CE.NFO,2024-05-03,14:01:00,2024-05-21,120.0,120.0,120.0,120.0,0,0,1
FINNIFTY21MAY2420650CE.NFO,2024-05-03,14:02:00,2024-05-21,120.0,120.0,120.0,120.0,0,0,1
FINNIFTY21MAY2420650CE.NFO,2024-05-03,14:03:00,2024-05-21,120.0,120.0,120.0,120.0,0,0,1
FINNIFTY21MAY2420650CE.NFO,2024-05-03,14:04:00,2024-05-21,120.0,120.0,120.0,120.0,0,0,1
FINNIFTY21MAY2420650CE.NFO,2024-05-03,14:05:00,2024-05-21,120.0,120.0,120.0,120.0,0,0,1
FINNIFTY21MAY2420650CE.NFO,2024-05-03,14:06:00,2024-05-21,120.0,120.0,120.0,120.0,0,0,1
FINNIFTY21MAY2420650CE.NFO,2024-05-03,14:07:00,2024-05-21,120.0,120.0,120.0,120.0,0,0,1
FINNIFTY21MAY2420650CE.NFO,2024-05-03,14:08:00,2024-05-21,120.0,120.0,120.0,120.0,0,0,1
FINNIFTY21MAY2420650CE.NFO,2024-05-03,14:09:00,2024-05-21,120.0,120.0,120.0,120.0,0,0,1
FINNIFTY21MAY2420650CE.NFO,2024-05-03,14:10:00,2024-05-21,120.0,120.0,120.0,120.0,0,0,1
FINNIFTY21MAY2420650CE.NFO,2024-05-03,14:11:00,2024-05-21,120.0,120.0,120.0,120.0,0,0,1
FINNIFTY21MAY2420650CE.NFO,2024-05-03,14:12:00,2024-05-21,120.0,120.0,120.0,120.0,0,0,1
FINNIFTY21MAY2420650CE.NFO,2024-05-03,14:13:00,2024-05-21,120.0,120.0,120.0,120.0,0,0,1
FINNIFTY21MAY2420650CE.NFO,2024-05-03,14:14:00,2024-05-21,120.0,120.0,120.0,120.0,0,0,1
FINNIFTY21MAY2420650CE.NFO,2024-05-03,14:15:00,2024-05-21,120.0,120.0,120.0,120.0,0,0,1
FINNIFTY21MAY2420650CE.NFO,2024-05-03,14:16:00,2024-05-21,120.0,120.0,120.0,120.0,0,0,1
FINNIFTY21MAY2420650CE.NFO,2024-05-03,14:17:00,2024-05-21,120.0,120.0,120.0,120.0,0,0,1
FINNIFTY21MAY2420650CE.NFO,2024-05-03,14:18:00,2024-05-21,120.0,120.0,120.0,120.0,0,0,1
FINNIFTY21MAY2420650CE.NFO,2024-05-03,14:19:00,2024-05-21,120.0,120.0,120.0,120.0,0,0,1
FINNIFTY21MAY2420650CE.NFO,2024-05-03,14:20:00,2024-05-21,120.0,120.0,120.0,120.0,0,0,1
FINNIFTY21MAY2420650CE.NFO,2024-05-03,14:21:00,2024-05-21,120.0,120.0,120.0,120.0,0,0,1
FINNIFTY21MAY2420650CE.NFO,2024-05-03,14:22:00,2024-05-21,120.0,120.0,120.0,120.0,0,0,1
FINNIFTY21MAY2420650CE.NFO,2024-05-03,14:23:00,2024-05-21,120.0,120.0,120.0,120.0,0,0,1
FINNIFTY21MAY2420650CE.NFO,2024-05-03,14:24:00,2024-05-21,120.0,120.0,120.0,120.0,0,0,1
FINNIFTY21MAY2420650CE.NFO,2024-05-03,14:25:00,2024-05-21,120.0,120.0,120.0,120.0,0,0,1
FINNIFTY21MAY2420650CE.NFO,2024-05-03,14:26:00,2024-05-21,120.0,120.0,120.0,120.0,0,0,1
FINNIFTY21MAY2420650CE.NFO,2024-05-03,14:27:00,2024-05-21,120.0,120.0,120.0,120.0,0,0,1
FINNIFTY21MAY2420650CE.NFO,2024-05-03,14:28:00,2024-05-21,120.0,120.0,120.0,120.0,0,0,1
FINNIFTY21MAY2420650CE.NFO,2024-05-03,14:29:00,2024-05-21,120.0,120.0,120.0,120.0,0,0,1
FINNIFTY21MAY2420650CE.NFO,2024-05-03,14:30:00,2024-05-21,120.0,120.0,120.0,120.0,0,0,1
FINNIFTY21MAY2420650CE.NFO,2024-05-03,14:31:00,2024-05-21,120.0,120.0,120.0,120.0,0,0,1
FINNIFTY21MAY2420650CE.NFO,2024-05-03,14:32:00,2024-05-21,120.0,120.0,120.0,120.0,0,0,1
FINNIFTY21MAY2420650CE.NFO,2024-05-03,14:33:00,2024-05-21,120.0,120.0,120.0,120.0,0,0,1
FINNIFTY21MAY2420650CE.NFO,2024-05-03,14:34:00,2024-05-21,120.0,120.0,120.0,120.0,0,0,1
FINNIFTY21MAY2420650CE.NFO,2024-05-03,14:35:00,2024-05-21,120.0,120.0,120.0,120.0,0,0,1
FINNIFTY21MAY2420650CE.NFO,2024-05-03,14:36:00,2024-05-21,120.0,120.0,120.0,120.0,0,0,1
FINNIFTY21MAY2420650CE.NFO,2024-05-03,14:37:00,2024-05-21,120.0,120.0,120.0,120.0,0,0,1
FINNIFTY21MAY2420650CE.NFO,2024-05-03,14:38:00,2024-05-21,120.0,120.0,120.0,120.0,0,0,1
FINNIFTY21MAY2420650CE.NFO,2024-05-03,14:39:00,2024-05-21,120.0,120.0,120.0,120.0,0,0,1
FINNIFTY21MAY2420650CE.NFO,2024-05-03,14:40:00,2024-05-21,120.0,120.0,120.0,120.0,0,0,1
FINNIFTY21MAY2420650CE.NFO,2024-05-03,14:41:00,2024-05-21,120.0,120.0,120.0,120.0,0,0,1
FINNIFTY21MAY2420650CE.NFO,2024-05-03,14:42:00,2024-05-21,120.0,120.0,120.0,120.0,0,0,1
FINNIFTY21MAY2420650CE.NFO,2024-05-03,14:43:00,2024-05-21,120.0,120.0,120.0,120.0,0,0,1
FINNIFTY21MAY2420650CE.NFO,2024-05-03,14:44:00,2024-05-21,120.0,120.0,120.0,120.0,0,0,1
FINNIFTY21MAY2420650CE.NFO,2024-05-03,14:45:00,2024-05-21,120.0,120.0,120.0,120.0,0,0,1
FINNIFTY21MAY2420650CE.NFO,2024-05-03,14:46:00,2024-05-21,120.0,120.0,120.0,120.0,0,0,1
FINNIFTY21MAY2420650CE.NFO,2024-05-03,14:47:00,2024-05-21,120.0,120.0,120.0,120.0,0,0,1
FINNIFTY21MAY2420650CE.NFO,2024-05-03,14:48:00,2024-05-21,120.0,120.0,120.0,120.0,0,0,1
FINNIFTY21MAY2420650CE.NFO,2024-05-03,14:49:00,2024-05-21,120.0,120.0,120.0,120.0,0,0,1
FINNIFTY21MAY2420650CE.NFO,2024-05-03,14:50:00,2024-05-21,120.0,120.0,120.0,120.0,0,0,1
FINNIFTY21MAY2420650CE.NFO,2024-05-03,14:51:00,2024-05-21,120.0,120.0,120.0,120.0,0,0,1
FINNIFTY21MAY2420650CE.NFO,2024-05-03,14:52:00,2024-05-21,120.0,120.0,120.0,120.0,0,0,1
FINNIFTY21MAY2420650CE.NFO,2024-05-03,14:53:00,2024-05-21,120.0,120.0,120.0,120.0,0,0,1
FINNIFTY21MAY2420650CE.NFO,2024-05-03,14:54:00,2024-05-21,120.0,120.0,120.0,120.0,0,0,1
FINNIFTY21MAY2420650CE.NFO,2024-05-03,14:55:00,2024-05-21,120.0,120.0,120.0,120.0,0,0,1
FINNIFTY21MAY2420650CE.NFO,2024-05-03,14:56:00,2024-05-21,120.0,120.0,120.0,120.0,0,0,1
FINNIFTY21MAY2420650CE.NFO,2024-05-03,14:57:00,2024-05-21,120.0,120.0,120.0,120.0,0,0,1
FINNIFTY21MAY2420650CE.NFO,2024-05-03,14:58:00,2024-05-21,120.0,120.0,120.0,120.0,0,0,1
FINNIFTY21MAY2420650CE.NFO,2024-05-03,14:59:00,2024-05-21,120.0,120.0,120.0,120.0,0,0,1
FINNIFTY21MAY2420650CE.NFO,2024-05-03,15:00:00,2024-05-21,120.0,120.0,120.0,120.0,0,0,1
FINNIFTY21MAY2420650CE.NFO,2024-05-03,15:01:00,2024-05-21,120.0,120.0,120.0,120.0,0,0,1
FINNIFTY21MAY2420650CE.NFO,2024-05-03,15:02:00,2024-05-21,120.0,120.0,120.0,120.0,0,0,1
FINNIFTY21MAY2420650CE.NFO,2024-05-03,15:03:00,2024-05-21,120.0,120.0,120.0,120.0,0,0,1
FINNIFTY21MAY2420650CE.NFO,2024-05-03,15:04:00,2024-05-21,120.0,120.0,120.0,120.0,0,0,1
FINNIFTY21MAY2420650CE.NFO,2024-05-03,15:05:00,2024-05-21,120.0,120.0,120.0,120.0,0,0,1
FINNIFTY21MAY2420650CE.NFO,2024-05-03,15:06:00,2024-05-21,120.0,120.0,120.0,120.0,0,0,1
FINNIFTY21MAY2420650CE.NFO,2024-05-03,15:07:00,2024-05-21,120.0,120.0,120.0,120.0,0,0,1
FINNIFTY21MAY2420650CE.NFO,2024-05-03,15:08:00,2024-05-21,120.0,120.0,120.0,120.0,0,0,1
FINNIFTY21MAY2420650CE.NFO,2024-05-03,15:09:00,2024-05-21,120.0,120.0,120.0,120.0,0,0,1
FINNIFTY21MAY2420650CE.NFO,2024-05-03,15:10:00,2024-05-21,120.0,120.0,120.0,120.0,0,0,1
FINNIFTY21MAY2420650CE.NFO,2024-05-03,15:11:00,2024-05-21,120.0,120.0,120.0,120.0,0,0,1
FINNIFTY21MAY2420650CE.NFO,2024-05-03,15:12:00,2024-05-21,120.0,120.0,120.0,120.0,0,0,1
FINNIFTY21MAY2420650CE.NFO,2024-05-03,15:13:00,2024-05-21,120.0,120.0,120.0,120.0,0,0,1
FINNIFTY21MAY2420650CE.NFO,2024-05-03,15:14:00,2024-05-21,120.0,120.0,120.0,120.0,0,0,1
FINNIFTY21MAY2420650CE.NFO,2024-05-03,15:15:00,2024-05-21,120.0,120.0,120.0,120.0,0,0,1
FINNIFTY21MAY2420650CE.NFO,2024-05-03,15:16:00,2024-05-21,120.0,120.0,120.0,120.0,0,0,1
FINNIFTY21MAY2420650CE.NFO,2024-05-03,15:17:00,2024-05-21,120.0,120.0,120.0,120.0,0,0,1
FINNIFTY21MAY2420650CE.NFO,2024-05-03,15:18:00,2024-05-21,120.0,120.0,120.0,120.0,0,0,1
FINNIFTY21MAY2420650CE.NFO,2024-05-03,15:19:00,2024-05-21,120.0,120.0,120.0,120.0,0,0,1
FINNIFTY21MAY2420650CE.NFO,2024-05-03,15:20:00,2024-05-21,120.0,120.0,120.0,120.0,0,0,1
FINNIFTY21MAY2420650CE.NFO,2024-05-03,15:21:00,2024-05-21,120.0,120.0,120.0,120.0,0,0,1
FINNIFTY21MAY2420650CE.NFO,2024-05-03,15:22:00,2024-05-21,120.0,120.0,120.0,120.0,0,0,1
FINNIFTY21MAY2420650CE.NFO,2024-05-03,15:23:00,2024-05-21,120.0,120.0,120.0,120.0,0,0,1
FINNIFTY21MAY2420650CE.NFO,2024-05-03,15:24:00,2024-05-21,120.0,120.0,120.0,120.0,0,0,1
FINNIFTY21MAY2420650CE.NFO,2024-05-03,15:25:00,2024-05-21,120.0,120.0,120.0,120.0,0,0,1
FINNIFTY21MAY2420650CE.NFO,2024-05-03,15:26:00,2024-05-21,120.0,120.0,120.0,120.0,0,0,1
FINNIFTY21MAY2420650CE.NFO,2024-05-03,15:27:00,2024-05-21,120.0,120.0,120.0,120.0,0,0,1
FINNIFTY21MAY2420650CE.NFO,2024-05-03,15:28:00,2024-05-21,120.0,120.0,120.0,120.0,0,0,1
FINNIFTY21MAY2420650CE.NFO,2024-05-03,15:29:00,2024-05-21,120.0,120.0,120.0,120.0,0,0,1
FINNIFTY21MAY2420650CE.NFO,2024-05-03,15:30:00,2024-05-21,120.0,120.0,120.0,120.0,0,0,1
FINNIFTY21MAY2420650CE.NFO,2024-05-06,09:15:00,2024-05-21,120.0,120.0,120.0,120.0,0,0,0
FINNIFTY21MAY2420650CE.NFO,2024-05-06,09:16:00,2024-05-21,120.0,120.0,120.0,120.0,0,0,1
FINNIFTY21MAY2420650CE.NFO,2024-05-06,09:17:00,2024-05-21,120.0,120.0,120.0,120.0,0,0,1
FINNIFTY21MAY2420650CE.NFO,2024-05-06,09:18:00,2024-05-21,120.0,120.0,120.0,120.0,0,0,1
FINNIFTY21MAY2420650CE.NFO,2024-05-06,09:19:00,2024-05-21,120.0,120.0,120.0,120.0,0,0,1
FINNIFTY21MAY2420650CE.NFO,2024-05-06,09:20:00,2024-05-21,120.0,120.0,120.0,120.0,0,0,1
FINNIFTY21MAY2420650CE.NFO,2024-05-06,09:21:00,2024-05-21,120.0,120.0,120.0,120.0,0,0,1
FINNIFTY21MAY2420650CE.NFO,2024-05-06,09:22:00,2024-05-21,120.0,120.0,120.0,120.0,0,0,1
FINNIFTY21MAY2420650CE.NFO,2024-05-06,09:23:00,2024-05-21,120.0,120.0,120.0,120.0,0,0,1
FINNIFTY21MAY2420650CE.NFO,2024-05-06,09:24:00,2024-05-21,120.0,120.0,120.0,120.0,0,0,1
FINNIFTY21MAY2420650CE.NFO,2024-05-06,09:25:00,2024-05-21,120.0,120.0,120.0,120.0,0,0,1
FINNIFTY21MAY2420650CE.NFO,2024-05-06,09:26:00,2024-05-21,120.0,120.0,120.0,120.0,0,0,1
FINNIFTY21MAY2420650CE.NFO,2024-05-06,09:27:00,2024-05-21,120.0,120.0,120.0,120.0,0,0,1
FINNIFTY21MAY2420650CE.NFO,2024-05-06,09:28:00,2024-05-21,120.0,120.0,120.0,120.0,0,0,1
FINNIFTY21MAY2420650CE.NFO,2024-05-06,09:29:00,2024-05-21,120.0,120.0,120.0,120.0,0,0,1
FINNIFTY21MAY2420650CE.NFO,2024-05-06,09:30:00,2024-05-21,120.0,120.0,120.0,120.0,0,0,1
FINNIFTY21MAY2420650CE.NFO,2024-05-06,09:31:00,2024-05-21,120.0,120.0,120.0,120.0,0,0,1
FINNIFTY21MAY2420650CE.NFO,2024-05-06,09:32:00,2024-05-21,120.0,120.0,120.0,120.0,0,0,1
FINNIFTY21MAY2420650CE.NFO,2024-05-06,09:33:00,2024-05-21,120.0,120.0,120.0,120.0,0,0,1
FINNIFTY21MAY2420650CE.NFO,2024-05-06,09:34:00,2024-05-21,120.0,120.0,120.0,120.0,0,0,1
FINNIFTY21MAY2420650CE.NFO,2024-05-06,09:35:00,2024-05-21,120.0,120.0,120.0,120.0,0,0,1
FINNIFTY21MAY2420650CE.NFO,2024-05-06,09:36:00,2024-05-21,120.0,120.0,120.0,120.0,0,0,1
FINNIFTY21MAY2420650CE.NFO,2024-05-06,09:37:00,2024-05-21,120.0,120.0,120.0,120.0,0,0,1
FINNIFTY21MAY2420650CE.NFO,2024-05-06,09:38:00,2024-05-21,120.0,120.0,120.0,120.0,0,0,1
FINNIFTY21MAY2420650CE.NFO,2024-05-06,09:39:00,2024-05-21,120.0,120.0,120.0,120.0,0,0,1
FINNIFTY21MAY2420650CE.NFO,2024-05-06,09:40:00,2024-05-21,120.0,120.0,120.0,120.0,0,0,1
FINNIFTY21MAY2420650CE.NFO,2024-05-06,09:41:00,2024-05-21,120.0,120.0,120.0,120.0,0,0,1
FINNIFTY21MAY2420650CE.NFO,2024-05-06,09:42:00,2024-05-21,120.0,120.0,120.0,120.0,0,0,1
FINNIFTY21MAY2420650CE.NFO,2024-05-06,09:43:00,2024-05-21,120.0,120.0,120.0,120.0,0,0,1
FINNIFTY21MAY2420650CE.NFO,2024-05-06,09:44:00,2024-05-21,120.0,120.0,120.0,120.0,0,0,1
FINNIFTY21MAY2420650CE.NFO,2024-05-06,09:45:00,2024-05-21,120.0,120.0,120.0,120.0,0,0,1
FINNIFTY21MAY2420650CE.NFO,2024-05-06,09:46:00,2024-05-21,120.0,120.0,120.0,120.0,0,0,1
FINNIFTY21MAY2420650CE.NFO,2024-05-06,09:47:00,2024-05-21,120.0,120.0,120.0,120.0,0,0,1
FINNIFTY21MAY2420650CE.NFO,2024-05-06,09:48:00,2024-05-21,120.0,120.0,120.0,120.0,0,0,1
FINNIFTY21MAY2420650CE.NFO,2024-05-06,09:49:00,2024-05-21,120.0,120.0,120.0,120.0,0,0,1
FINNIFTY21MAY2420650CE.NFO,2024-05-06,09:50:00,2024-05-21,120.0,120.0,120.0,120.0,0,0,1
FINNIFTY21MAY2420650CE.NFO,2024-05-06,09:51:00,2024-05-21,120.0,120.0,120.0,120.0,0,0,1
FINNIFTY21MAY2420650CE.NFO,2024-05-06,09:52:00,2024-05-21,120.0,120.0,120.0,120.0,0,0,1
FINNIFTY21MAY2420650CE.NFO,2024-05-06,09:53:00,2024-05-21,120.0,120.0,120.0,120.0,0,0,1
FINNIFTY21MAY2420650CE.NFO,2024-05-06,09:54:00,2024-05-21,120.0,120.0,120.0,120.0,0,0,1
FINNIFTY21MAY2420650CE.NFO,2024-05-06,09:55:00,2024-05-21,120.0,120.0,120.0,120.0,0,0,1
FINNIFTY21MAY2420650CE.NFO,2024-05-06,09:56:00,2024-05-21,120.0,120.0,120.0,120.0,0,0,1
FINNIFTY21MAY2420650CE.NFO,2024-05-06,09:57:00,2024-05-21,120.0,120.0,120.0,120.0,0,0,1
FINNIFTY21MAY2420650CE.NFO,2024-05-06,09:58:00,2024-05-21,120.0,120.0,120.0,120.0,0,0,1
FINNIFTY21MAY2420650CE.NFO,2024-05-06,09:59:00,2024-05-21,120.0,120.0,120.0,120.0,0,0,1
FINNIFTY21MAY2420650CE.NFO,2024-05-06,10:00:00,2024-05-21,120.0,120.0,120.0,120.0,0,0,1
FINNIFTY21MAY2420650CE.NFO,2024-05-06,10:01:00,2024-05-21,120.0,120.0,120.0,120.0,0,0,1
FINNIFTY21MAY2420650CE.NFO,2024-05-06,10:02:00,2024-05-21,120.0,120.0,120.0,120.0,0,0,1
FINNIFTY21MAY2420650CE.NFO,2024-05-06,10:03:00,2024-05-21,120.0,120.0,120.0,120.0,0,0,1
FINNIFTY21MAY2420650CE.NFO,2024-05-06,10:04:00,2024-05-21,120.0,120.0,120.0,120.0,0,0,1
FINNIFTY21MAY2420650CE.NFO,2024-05-06,10:05:00,2024-05-21,120.0,120.0,120.0,120.0,0,0,1
FINNIFTY21MAY2420650CE.NFO,2024-05-06,10:06:00,2024-05-21,120.0,120.0,120.0,120.0,0,0,1
FINNIFTY21MAY2420650CE.NFO,2024-05-06,10:07:00,2024-05-21,120.0,120.0,120.0,120.0,0,0,1
FINNIFTY21MAY2420650CE.NFO,2024-05-06,10:08:00,2024-05-21,120.0,120.0,120.0,120.0,0,0,1
FINNIFTY21MAY2420650CE.NFO,2024-05-06,10:09:00,2024-05-21,120.0,120.0,120.0,120.0,0,0,1
FINNIFTY21MAY2420650CE.NFO,2024-05-06,10:10:00,2024-05-21,120.0,120.0,120.0,120.0,0,0,1
FINNIFTY21MAY2420650CE.NFO,2024-05-06,10:11:00,2024-05-21,120.0,120.0,120.0,120.0,0,0,1
FINNIFTY21MAY2420650CE.NFO,2024-05-06,10:12:00,2024-05-21,120.0,120.0,120.0,120.0,0,0,1
FINNIFTY21MAY2420650CE.NFO,2024-05-06,10:13:00,2024-05-21,120.0,120.0,120.0,120.0,0,0,1
FINNIFTY21MAY2420650CE.NFO,2024-05-06,10:14:00,2024-05-21,120.0,120.0,120.0,120.0,0,0,1
FINNIFTY21MAY2420650CE.NFO,2024-05-06,10:15:00,2024-05-21,120.0,120.0,120.0,120.0,0,0,1
FINNIFTY21MAY2420650CE.NFO,2024-05-06,10:16:00,2024-05-21,120.0,120.0,120.0,120.0,0,0,1
FINNIFTY21MAY2420650CE.NFO,2024-05-06,10:17:00,2024-05-21,120.0,120.0,120.0,120.0,0,0,1
FINNIFTY21MAY2420650CE.NFO,2024-05-06,10:18:00,2024-05-21,120.0,120.0,120.0,120.0,0,0,1
FINNIFTY21MAY2420650CE.NFO,2024-05-06,10:19:00,2024-05-21,120.0,120.0,120.0,120.0,0,0,1
FINNIFTY21MAY2420650CE.NFO,2024-05-06,10:20:00,2024-05-21,120.0,120.0,120.0,120.0,0,0,1
FINNIFTY21MAY2420650CE.NFO,2024-05-06,10:21:00,2024-05-21,120.0,120.0,120.0,120.0,0,0,1
FINNIFTY21MAY2420650CE.NFO,2024-05-06,10:22:00,2024-05-21,120.0,120.0,120.0,120.0,0,0,1
FINNIFTY21MAY2420650CE.NFO,2024-05-06,10:23:00,2024-05-21,120.0,120.0,120.0,120.0,0,0,1
FINNIFTY21MAY2420650CE.NFO,2024-05-06,10:24:00,2024-05-21,120.0,120.0,120.0,120.0,0,0,1
FINNIFTY21MAY2420650CE.NFO,2024-05-06,10:25:00,2024-05-21,120.0,120.0,120.0,120.0,0,0,1
FINNIFTY21MAY2420650CE.NFO,2024-05-06,10:26:00,2024-05-21,120.0,120.0,120.0,120.0,0,0,1
FINNIFTY21MAY2420650CE.NFO,2024-05-06,10:27:00,2024-05-21,120.0,120.0,120.0,120.0,0,0,1
FINNIFTY21MAY2420650CE.NFO,2024-05-06,10:28:00,2024-05-21,120.0,120.0,120.0,120.0,0,0,1
FINNIFTY21MAY2420650CE.NFO,2024-05-06,10:29:00,2024-05-21,120.0,120.0,120.0,120.0,0,0,1
FINNIFTY21MAY2420650CE.NFO,2024-05-06,10:30:00,2024-05-21,120.0,120.0,120.0,120.0,0,0,1
FINNIFTY21MAY2420650CE.NFO,2024-05-06,10:31:00,2024-05-21,120.0,120.0,120.0,120.0,0,0,1
FINNIFTY21MAY2420650CE.NFO,2024-05-06,10:32:00,2024-05-21,120.0,120.0,120.0,120.0,0,0,1
FINNIFTY21MAY2420650CE.NFO,2024-05-06,10:33:00,2024-05-21,120.0,120.0,120.0,120.0,0,0,1
FINNIFTY21MAY2420650CE.NFO,2024-05-06,10:34:00,2024-05-21,120.0,120.0,120.0,120.0,0,0,1
FINNIFTY21MAY2420650CE.NFO,2024-05-06,10:35:00,2024-05-21,120.0,120.0,120.0,120.0,0,0,1
FINNIFTY21MAY2420650CE.NFO,2024-05-06,10:36:00,2024-05-21,120.0,120.0,120.0,120.0,0,0,1
FINNIFTY21MAY2420650CE.NFO,2024-05-06,10:37:00,2024-05-21,120.0,120.0,120.0,120.0,0,0,1
FINNIFTY21MAY2420650CE.NFO,2024-05-06,10:38:00,2024-05-21,120.0,120.0,120.0,120.0,0,0,1
FINNIFTY21MAY2420650CE.NFO,2024-05-06,10:39:00,2024-05-21,120.0,120.0,120.0,120.0,0,0,1
FINNIFTY21MAY2420650CE.NFO,2024-05-06,10:40:00,2024-05-21,120.0,120.0,120.0,120.0,0,0,1
FINNIFTY21MAY2420650CE.NFO,2024-05-06,10:41:00,2024-05-21,120.0,120.0,120.0,120.0,0,0,1
FINNIFTY21MAY2420650CE.NFO,2024-05-06,10:42:00,2024-05-21,120.0,120.0,120.0,120.0,0,0,1
FINNIFTY21MAY2420650CE.NFO,2024-05-06,10:43:00,2024-05-21,120.0,120.0,120.0,120.0,0,0,1
FINNIFTY21MAY2420650CE.NFO,2024-05-06,10:44:00,2024-05-21,120.0,120.0,120.0,120.0,0,0,1
FINNIFTY21MAY2420650CE.NFO,2024-05-06,10:45:00,2024-05-21,120.0,120.0,120.0,120.0,0,0,1
FINNIFTY21MAY2420650CE.NFO,2024-05-06,10:46:00,2024-05-21,120.0,120.0,120.0,120.0,0,0,1
FINNIFTY21MAY2420650CE.NFO,2024-05-06,10:47:00,2024-05-21,120.0,120.0,120.0,120.0,0,0,1
FINNIFTY21MAY2420650CE.NFO,2024-05-06,10:48:00,2024-05-21,120.0,120.0,120.0,120.0,0,0,1
FINNIFTY21MAY2420650CE.NFO,2024-05-06,10:49:00,2024-05-21,120.0,120.0,120.0,120.0,0,0,1
FINNIFTY21MAY2420650CE.NFO,2024-05-06,10:50:00,2024-05-21,120.0,120.0,120.0,120.0,0,0,1
FINNIFTY21MAY2420650CE.NFO,2024-05-06,10:51:00,2024-05-21,120.0,120.0,120.0,120.0,0,0,1
FINNIFTY21MAY2420650CE.NFO,2024-05-06,10:52:00,2024-05-21,120.0,120.0,120.0,120.0,0,0,1
FINNIFTY21MAY2420650CE.NFO,2024-05-06,10:53:00,2024-05-21,120.0,120.0,120.0,120.0,0,0,1
FINNIFTY21MAY2420650CE.NFO,2024-05-06,10:54:00,2024-05-21,120.0,120.0,120.0,120.0,0,0,1
FINNIFTY21MAY2420650CE.NFO,2024-05-06,10:55:00,2024-05-21,120.0,120.0,120.0,120.0,0,0,1
FINNIFTY21MAY2420650CE.NFO,2024-05-06,10:56:00,2024-05-21,120.0,120.0,120.0,120.0,0,0,1
FINNIFTY21MAY2420650CE.NFO,2024-05-06,10:57:00,2024-05-21,120.0,120.0,120.0,120.0,0,0,1
FINNIFTY21MAY2420650CE.NFO,2024-05-06,10:58:00,2024-05-21,120.0,120.0,120.0,120.0,0,0,1
FINNIFTY21MAY2420650CE.NFO,2024-05-06,10:59:00,2024-05-21,120.0,120.0,120.0,120.0,0,0,1
FINNIFTY21MAY2420650CE.NFO,2024-05-06,11:00:00,2024-05-21,120.0,120.0,120.0,120.0,0,0,1
FINNIFTY21MAY2420650CE.NFO,2024-05-06,11:01:00,2024-05-21,120.0,120.0,120.0,120.0,0,0,1
FINNIFTY21MAY2420650CE.NFO,2024-05-06,11:02:00,2024-05-21,120.0,120.0,120.0,120.0,0,0,1
FINNIFTY21MAY2420650CE.NFO,2024-05-06,11:03:00,2024-05-21,120.0,120.0,120.0,120.0,0,0,1
FINNIFTY21MAY2420650CE.NFO,2024-05-06,11:04:00,2024-05-21,120.0,120.0,120.0,120.0,0,0,1
FINNIFTY21MAY2420650CE.NFO,2024-05-06,11:05:00,2024-05-21,120.0,120.0,120.0,120.0,0,0,1
FINNIFTY21MAY2420650CE.NFO,2024-05-06,11:06:00,2024-05-21,120.0,120.0,120.0,120.0,0,0,1
FINNIFTY21MAY2420650CE.NFO,2024-05-06,11:07:00,2024-05-21,120.0,120.0,120.0,120.0,0,0,1
FINNIFTY21MAY2420650CE.NFO,2024-05-06,11:08:00,2024-05-21,120.0,120.0,120.0,120.0,0,0,1
FINNIFTY21MAY2420650CE.NFO,2024-05-06,11:09:00,2024-05-21,120.0,120.0,120.0,120.0,0,0,1
FINNIFTY21MAY2420650CE.NFO,2024-05-06,11:10:00,2024-05-21,120.0,120.0,120.0,120.0,0,0,1
FINNIFTY21MAY2420650CE.NFO,2024-05-06,11:11:00,2024-05-21,120.0,120.0,120.0,120.0,0,0,1
FINNIFTY21MAY2420650CE.NFO,2024-05-06,11:12:00,2024-05-21,120.0,120.0,120.0,120.0,0,0,1
FINNIFTY21MAY2420650CE.NFO,2024-05-06,11:13:00,2024-05-21,120.0,120.0,120.0,120.0,0,0,1
FINNIFTY21MAY2420650CE.NFO,2024-05-06,11:14:00,2024-05-21,120.0,120.0,120.0,120.0,0,0,1
FINNIFTY21MAY2420650CE.NFO,2024-05-06,11:15:00,2024-05-21,120.0,120.0,120.0,120.0,0,0,1
FINNIFTY21MAY2420650CE.NFO,2024-05-06,11:16:00,2024-05-21,120.0,120.0,120.0,120.0,0,0,1
FINNIFTY21MAY2420650CE.NFO,2024-05-06,11:17:00,2024-05-21,120.0,120.0,120.0,120.0,0,0,1
FINNIFTY21MAY2420650CE.NFO,2024-05-06,11:18:00,2024-05-21,120.0,120.0,120.0,120.0,0,0,1
FINNIFTY21MAY2420650CE.NFO,2024-05-06,11:19:00,2024-05-21,120.0,120.0,120.0,120.0,0,0,1
FINNIFTY21MAY2420650CE.NFO,2024-05-06,11:20:00,2024-05-21,120.0,120.0,120.0,120.0,0,0,1
FINNIFTY21MAY2420650CE.NFO,2024-05-06,11:21:00,2024-05-21,120.0,120.0,120.0,120.0,0,0,1
FINNIFTY21MAY2420650CE.NFO,2024-05-06,11:22:00,2024-05-21,120.0,120.0,120.0,120.0,0,0,1
FINNIFTY21MAY2420650CE.NFO,2024-05-06,11:23:00,2024-05-21,120.0,120.0,120.0,120.0,0,0,1
FINNIFTY21MAY2420650CE.NFO,2024-05-06,11:24:00,2024-05-21,120.0,120.0,120.0,120.0,0,0,1
FINNIFTY21MAY2420650CE.NFO,2024-05-06,11:25:00,2024-05-21,120.0,120.0,120.0,120.0,0,0,1
FINNIFTY21MAY2420650CE.NFO,2024-05-06,11:26:00,2024-05-21,120.0,120.0,120.0,120.0,0,0,1
FINNIFTY21MAY2420650CE.NFO,2024-05-06,11:27:00,2024-05-21,120.0,120.0,120.0,120.0,0,0,1
FINNIFTY21MAY2420650CE.NFO,2024-05-06,11:28:00,2024-05-21,120.0,120.0,120.0,120.0,0,0,1
FINNIFTY21MAY2420650CE.NFO,2024-05-06,11:29:00,2024-05-21,120.0,120.0,120.0,120.0,0,0,1
FINNIFTY21MAY2420650CE.NFO,2024-05-06,11:30:00,2024-05-21,120.0,120.0,120.0,120.0,0,0,1
FINNIFTY21MAY2420650CE.NFO,2024-05-06,11:31:00,2024-05-21,120.0,120.0,120.0,120.0,0,0,1
FINNIFTY21MAY2420650CE.NFO,2024-05-06,11:32:00,2024-05-21,120.0,120.0,120.0,120.0,0,0,1
FINNIFTY21MAY2420650CE.NFO,2024-05-06,11:33:00,2024-05-21,120.0,120.0,120.0,120.0,0,0,1
FINNIFTY21MAY2420650CE.NFO,2024-05-06,11:34:00,2024-05-21,120.0,120.0,120.0,120.0,0,0,1
FINNIFTY21MAY2420650CE.NFO,2024-05-06,11:35:00,2024-05-21,120.0,120.0,120.0,120.0,0,0,1
FINNIFTY21MAY2420650CE.NFO,2024-05-06,11:36:00,2024-05-21,120.0,120.0,120.0,120.0,0,0,1
FINNIFTY21MAY2420650CE.NFO,2024-05-06,11:37:00,2024-05-21,120.0,120.0,120.0,120.0,0,0,1
FINNIFTY21MAY2420650CE.NFO,2024-05-06,11:38:00,2024-05-21,120.0,120.0,120.0,120.0,0,0,1
FINNIFTY21MAY2420650CE.NFO,2024-05-06,11:39:00,2024-05-21,120.0,120.0,120.0,120.0,0,0,1
FINNIFTY21MAY2420650CE.NFO,2024-05-06,11:40:00,2024-05-21,120.0,120.0,120.0,120.0,0,0,1
FINNIFTY21MAY2420650CE.NFO,2024-05-06,11:41:00,2024-05-21,120.0,120.0,120.0,120.0,0,0,1
FINNIFTY21MAY2420650CE.NFO,2024-05-06,11:42:00,2024-05-21,120.0,120.0,120.0,120.0,0,0,1
FINNIFTY21MAY2420650CE.NFO,2024-05-06,11:43:00,2024-05-21,120.0,120.0,120.0,120.0,0,0,1
FINNIFTY21MAY2420650CE.NFO,2024-05-06,11:44:00,2024-05-21,120.0,120.0,120.0,120.0,0,0,1
FINNIFTY21MAY2420650CE.NFO,2024-05-06,11:45:00,2024-05-21,120.0,120.0,120.0,120.0,0,0,1
FINNIFTY21MAY2420650CE.NFO,2024-05-06,11:46:00,2024-05-21,120.0,120.0,120.0,120.0,0,0,1
FINNIFTY21MAY2420650CE.NFO,2024-05-06,11:47:00,2024-05-21,120.0,120.0,120.0,120.0,0,0,1
FINNIFTY21MAY2420650CE.NFO,2024-05-06,11:48:00,2024-05-21,120.0,120.0,120.0,120.0,0,0,1
FINNIFTY21MAY2420650CE.NFO,2024-05-06,11:49:00,2024-05-21,120.0,120.0,120.0,120.0,0,0,1
FINNIFTY21MAY2420650CE.NFO,2024-05-06,11:50:00,2024-05-21,120.0,120.0,120.0,120.0,0,0,1
FINNIFTY21MAY2420650CE.NFO,2024-05-06,11:51:00,2024-05-21,120.0,120.0,120.0,120.0,0,0,1
FINNIFTY21MAY2420650CE.NFO,2024-05-06,11:52:00,2024-05-21,120.0,120.0,120.0,120.0,0,0,1
FINNIFTY21MAY2420650CE.NFO,2024-05-06,11:53:00,2024-05-21,120.0,120.0,120.0,120.0,0,0,1
FINNIFTY21MAY2420650CE.NFO,2024-05-06,11:54:00,2024-05-21,120.0,120.0,120.0,120.0,0,0,1
FINNIFTY21MAY2420650CE.NFO,2024-05-06,11:55:00,2024-05-21,120.0,120.0,120.0,120.0,0,0,1
FINNIFTY21MAY2420650CE.NFO,2024-05-06,11:56:00,2024-05-21,120.0,120.0,120.0,120.0,0,0,1
FINNIFTY21MAY2420650CE.NFO,2024-05-06,11:57:00,2024-05-21,120.0,120.0,120.0,120.0,0,0,1
FINNIFTY21MAY2420650CE.NFO,2024-05-06,11:58:00,2024-05-21,120.0,120.0,120.0,120.0,0,0,1
FINNIFTY21MAY2420650CE.NFO,2024-05-06,11:59:00,2024-05-21,120.0,120.0,120.0,120.0,0,0,1
FINNIFTY21MAY2420650CE.NFO,2024-05-06,12:00:00,2024-05-21,120.0,120.0,120.0,120.0,0,0,1
FINNIFTY21MAY2420650CE.NFO,2024-05-06,12:01:00,2024-05-21,120.0,120.0,120.0,120.0,0,0,1
FINNIFTY21MAY2420650CE.NFO,2024-05-06,12:02:00,2024-05-21,120.0,120.0,120.0,120.0,0,0,1
FINNIFTY21MAY2420650CE.NFO,2024-05-06,12:03:00,2024-05-21,120.0,120.0,120.0,120.0,0,0,1
FINNIFTY21MAY2420650CE.NFO,2024-05-06,12:04:00,2024-05-21,120.0,120.0,120.0,120.0,0,0,1
FINNIFTY21MAY2420650CE.NFO,2024-05-06,12:05:00,2024-05-21,120.0,120.0,120.0,120.0,0,0,1
FINNIFTY21MAY2420650CE.NFO,2024-05-06,12:06:00,2024-05-21,120.0,120.0,120.0,120.0,0,0,1
FINNIFTY21MAY2420650CE.NFO,2024-05-06,12:07:00,2024-05-21,120.0,120.0,120.0,120.0,0,0,1
FINNIFTY21MAY2420650CE.NFO,2024-05-06,12:08:00,2024-05-21,120.0,120.0,120.0,120.0,0,0,1
FINNIFTY21MAY2420650CE.NFO,2024-05-06,12:09:00,2024-05-21,120.0,120.0,120.0,120.0,0,0,1
FINNIFTY21MAY2420650CE.NFO,2024-05-06,12:10:00,2024-05-21,120.0,120.0,120.0,120.0,0,0,1
FINNIFTY21MAY2420650CE.NFO,2024-05-06,12:11:00,2024-05-21,120.0,120.0,120.0,120.0,0,0,1
FINNIFTY21MAY2420650CE.NFO,2024-05-06,12:12:00,2024-05-21,120.0,120.0,120.0,120.0,0,0,1
FINNIFTY21MAY2420650CE.NFO,2024-05-06,12:13:00,2024-05-21,120.0,120.0,120.0,120.0,0,0,1
FINNIFTY21MAY2420650CE.NFO,2024-05-06,12:14:00,2024-05-21,120.0,120.0,120.0,120.0,0,0,1
FINNIFTY21MAY2420650CE.NFO,2024-05-06,12:15:00,2024-05-21,120.0,120.0,120.0,120.0,0,0,1
FINNIFTY21MAY2420650CE.NFO,2024-05-06,12:16:00,2024-05-21,120.0,120.0,120.0,120.0,0,0,1
FINNIFTY21MAY2420650CE.NFO,2024-05-06,12:17:00,2024-05-21,120.0,120.0,120.0,120.0,0,0,1
FINNIFTY21MAY2420650CE.NFO,2024-05-06,12:18:00,2024-05-21,120.0,120.0,120.0,120.0,0,0,1
FINNIFTY21MAY2420650CE.NFO,2024-05-06,12:19:00,2024-05-21,120.0,120.0,120.0,120.0,0,0,1
FINNIFTY21MAY2420650CE.NFO,2024-05-06,12:20:00,2024-05-21,120.0,120.0,120.0,120.0,0,0,1
FINNIFTY21MAY2420650CE.NFO,2024-05-06,12:21:00,2024-05-21,120.0,120.0,120.0,120.0,0,0,1
FINNIFTY21MAY2420650CE.NFO,2024-05-06,12:22:00,2024-05-21,120.0,120.0,120.0,120.0,0,0,1
FINNIFTY21MAY2420650CE.NFO,2024-05-06,12:23:00,2024-05-21,120.0,120.0,120.0,120.0,0,0,1
FINNIFTY21MAY2420650CE.NFO,2024-05-06,12:24:00,2024-05-21,120.0,120.0,120.0,120.0,0,0,1
FINNIFTY21MAY2420650CE.NFO,2024-05-06,12:25:00,2024-05-21,120.0,120.0,120.0,120.0,0,0,1
FINNIFTY21MAY2420650CE.NFO,2024-05-06,12:26:00,2024-05-21,120.0,120.0,120.0,120.0,0,0,1
FINNIFTY21MAY2420650CE.NFO,2024-05-06,12:27:00,2024-05-21,120.0,120.0,120.0,120.0,0,0,1
FINNIFTY21MAY2420650CE.NFO,2024-05-06,12:28:00,2024-05-21,120.0,120.0,120.0,120.0,0,0,1
FINNIFTY21MAY2420650CE.NFO,2024-05-06,12:29:00,2024-05-21,120.0,120.0,120.0,120.0,0,0,1
FINNIFTY21MAY2420650CE.NFO,2024-05-06,12:30:00,2024-05-21,120.0,120.0,120.0,120.0,0,0,1
FINNIFTY21MAY2420650CE.NFO,2024-05-06,12:31:00,2024-05-21,120.0,120.0,120.0,120.0,0,0,1
FINNIFTY21MAY2420650CE.NFO,2024-05-06,12:32:00,2024-05-21,120.0,120.0,120.0,120.0,0,0,1
FINNIFTY21MAY2420650CE.NFO,2024-05-06,12:33:00,2024-05-21,120.0,120.0,120.0,120.0,0,0,1
FINNIFTY21MAY2420650CE.NFO,2024-05-06,12:34:00,2024-05-21,120.0,120.0,120.0,120.0,0,0,1
FINNIFTY21MAY2420650CE.NFO,2024-05-06,12:35:00,2024-05-21,120.0,120.0,120.0,120.0,0,0,1
FINNIFTY21MAY2420650CE.NFO,2024-05-06,12:36:00,2024-05-21,120.0,120.0,120.0,120.0,0,0,1
FINNIFTY21MAY2420650CE.NFO,2024-05-06,12:37:00,2024-05-21,120.0,120.0,120.0,120.0,0,0,1
FINNIFTY21MAY2420650CE.NFO,2024-05-06,12:38:00,2024-05-21,120.0,120.0,120.0,120.0,0,0,1
FINNIFTY21MAY2420650CE.NFO,2024-05-06,12:39:00,2024-05-21,120.0,120.0,120.0,120.0,0,0,1
FINNIFTY21MAY2420650CE.NFO,2024-05-06,12:40:00,2024-05-21,120.0,120.0,120.0,120.0,0,0,1
FINNIFTY21MAY2420650CE.NFO,2024-05-06,12:41:00,2024-05-21,120.0,120.0,120.0,120.0,0,0,1
FINNIFTY21MAY2420650CE.NFO,2024-05-06,12:42:00,2024-05-21,120.0,120.0,120.0,120.0,0,0,1
FINNIFTY21MAY2420650CE.NFO,2024-05-06,12:43:00,2024-05-21,120.0,120.0,120.0,120.0,0,0,1
FINNIFTY21MAY2420650CE.NFO,2024-05-06,12:44:00,2024-05-21,120.0,120.0,120.0,120.0,0,0,1
FINNIFTY21MAY2420650CE.NFO,2024-05-06,12:45:00,2024-05-21,120.0,120.0,120.0,120.0,0,0,1
FINNIFTY21MAY2420650CE.NFO,2024-05-06,12:46:00,2024-05-21,120.0,120.0,120.0,120.0,0,0,1
FINNIFTY21MAY2420650CE.NFO,2024-05-06,12:47:00,2024-05-21,120.0,120.0,120.0,120.0,0,0,1
FINNIFTY21MAY2420650CE.NFO,2024-05-06,12:48:00,2024-05-21,120.0,120.0,120.0,120.0,0,0,1
FINNIFTY21MAY2420650CE.NFO,2024-05-06,12:49:00,2024-05-21,120.0,120.0,120.0,120.0,0,0,1
FINNIFTY21MAY2420650CE.NFO,2024-05-06,12:50:00,2024-05-21,120.0,120.0,120.0,120.0,0,0,1
FINNIFTY21MAY2420650CE.NFO,2024-05-06,12:51:00,2024-05-21,120.0,120.0,120.0,120.0,0,0,1
FINNIFTY21MAY2420650CE.NFO,2024-05-06,12:52:00,2024-05-21,120.0,120.0,120.0,120.0,0,0,1
FINNIFTY21MAY2420650CE.NFO,2024-05-06,12:53:00,2024-05-21,120.0,120.0,120.0,120.0,0,0,1
FINNIFTY21MAY2420650CE.NFO,2024-05-06,12:54:00,2024-05-21,120.0,120.0,120.0,120.0,0,0,1
FINNIFTY21MAY2420650CE.NFO,2024-05-06,12:55:00,2024-05-21,120.0,120.0,120.0,120.0,0,0,1
FINNIFTY21MAY2420650CE.NFO,2024-05-06,12:56:00,2024-05-21,120.0,120.0,120.0,120.0,0,0,1
FINNIFTY21MAY2420650CE.NFO,2024-05-06,12:57:00,2024-05-21,120.0,120.0,120.0,120.0,0,0,1
FINNIFTY21MAY2420650CE.NFO,2024-05-06,12:58:00,2024-05-21,120.0,120.0,120.0,120.0,0,0,1
FINNIFTY21MAY2420650CE.NFO,2024-05-06,12:59:00,2024-05-21,120.0,120.0,120.0,120.0,0,0,1
FINNIFTY21MAY2420650CE.NFO,2024-05-06,13:00:00,2024-05-21,120.0,120.0,120.0,120.0,0,0,1
FINNIFTY21MAY2420650CE.NFO,2024-05-06,13:01:00,2024-05-21,120.0,120.0,120.0,120.0,0,0,1
FINNIFTY21MAY2420650CE.NFO,2024-05-06,13:02:00,2024-05-21,120.0,120.0,120.0,120.0,0,0,1
FINNIFTY21MAY2420650CE.NFO,2024-05-06,13:03:00,2024-05-21,120.0,120.0,120.0,120.0,0,0,1
FINNIFTY21MAY2420650CE.NFO,2024-05-06,13:04:00,2024-05-21,120.0,120.0,120.0,120.0,0,0,1
FINNIFTY21MAY2420650CE.NFO,2024-05-06,13:05:00,2024-05-21,120.0,120.0,120.0,120.0,0,0,1
FINNIFTY21MAY2420650CE.NFO,2024-05-06,13:06:00,2024-05-21,120.0,120.0,120.0,120.0,0,0,1
FINNIFTY21MAY2420650CE.NFO,2024-05-06,13:07:00,2024-05-21,120.0,120.0,120.0,120.0,0,0,1
FINNIFTY21MAY2420650CE.NFO,2024-05-06,13:08:00,2024-05-21,120.0,120.0,120.0,120.0,0,0,1
FINNIFTY21MAY2420650CE.NFO,2024-05-06,13:09:00,2024-05-21,120.0,120.0,120.0,120.0,0,0,1
FINNIFTY21MAY2420650CE.NFO,2024-05-06,13:10:00,2024-05-21,120.0,120.0,120.0,120.0,0,0,1
FINNIFTY21MAY2420650CE.NFO,2024-05-06,13:11:00,2024-05-21,120.0,120.0,120.0,120.0,0,0,1
FINNIFTY21MAY2420650CE.NFO,2024-05-06,13:12:00,2024-05-21,120.0,120.0,120.0,120.0,0,0,1
FINNIFTY21MAY2420650CE.NFO,2024-05-06,13:13:00,2024-05-21,120.0,120.0,120.0,120.0,0,0,1
FINNIFTY21MAY2420650CE.NFO,2024-05-06,13:14:00,2024-05-21,120.0,120.0,120.0,120.0,0,0,1
FINNIFTY21MAY2420650CE.NFO,2024-05-06,13:15:00,2024-05-21,120.0,120.0,120.0,120.0,0,0,1
FINNIFTY21MAY2420650CE.NFO,2024-05-06,13:16:00,2024-05-21,120.0,120.0,120.0,120.0,0,0,1
FINNIFTY21MAY2420650CE.NFO,2024-05-06,13:17:00,2024-05-21,120.0,120.0,120.0,120.0,0,0,1
FINNIFTY21MAY2420650CE.NFO,2024-05-06,13:18:00,2024-05-21,120.0,120.0,120.0,120.0,0,0,1
FINNIFTY21MAY2420650CE.NFO,2024-05-06,13:19:00,2024-05-21,120.0,120.0,120.0,120.0,0,0,1
FINNIFTY21MAY2420650CE.NFO,2024-05-06,13:20:00,2024-05-21,120.0,120.0,120.0,120.0,0,0,1
FINNIFTY21MAY2420650CE.NFO,2024-05-06,13:21:00,2024-05-21,120.0,120.0,120.0,120.0,0,0,1
FINNIFTY21MAY2420650CE.NFO,2024-05-06,13:22:00,2024-05-21,120.0,120.0,120.0,120.0,0,0,1
FINNIFTY21MAY2420650CE.NFO,2024-05-06,13:23:00,2024-05-21,120.0,120.0,120.0,120.0,0,0,1
FINNIFTY21MAY2420650CE.NFO,2024-05-06,13:24:00,2024-05-21,120.0,120.0,120.0,120.0,0,0,1
FINNIFTY21MAY2420650CE.NFO,2024-05-06,13:25:00,2024-05-21,120.0,120.0,120.0,120.0,0,0,1
FINNIFTY21MAY2420650CE.NFO,2024-05-06,13:26:00,2024-05-21,120.0,120.0,120.0,120.0,0,0,1
FINNIFTY21MAY2420650CE.NFO,2024-05-06,13:27:00,2024-05-21,120.0,120.0,120.0,120.0,0,0,1
FINNIFTY21MAY2420650CE.NFO,2024-05-06,13:28:00,2024-05-21,120.0,120.0,120.0,120.0,0,0,1
FINNIFTY21MAY2420650CE.NFO,2024-05-06,13:29:00,2024-05-21,120.0,120.0,120.0,120.0,0,0,1
FINNIFTY21MAY2420650CE.NFO,2024-05-06,13:30:00,2024-05-21,120.0,120.0,120.0,120.0,0,0,1
FINNIFTY21MAY2420650CE.NFO,2024-05-06,13:31:00,2024-05-21,120.0,120.0,120.0,120.0,0,0,1
FINNIFTY21MAY2420650CE.NFO,2024-05-06,13:32:00,2024-05-21,120.0,120.0,120.0,120.0,0,0,1
FINNIFTY21MAY2420650CE.NFO,2024-05-06,13:33:00,2024-05-21,120.0,120.0,120.0,120.0,0,0,1
FINNIFTY21MAY2420650CE.NFO,2024-05-06,13:34:00,2024-05-21,120.0,120.0,120.0,120.0,0,0,1
FINNIFTY21MAY2420650CE.NFO,2024-05-06,13:35:00,2024-05-21,120.0,120.0,120.0,120.0,0,0,1
FINNIFTY21MAY2420650CE.NFO,2024-05-06,13:36:00,2024-05-21,120.0,120.0,120.0,120.0,0,0,1
FINNIFTY21MAY2420650CE.NFO,2024-05-06,13:37:00,2024-05-21,120.0,120.0,120.0,120.0,0,0,1
FINNIFTY21MAY2420650CE.NFO,2024-05-06,13:38:00,2024-05-21,120.0,120.0,120.0,120.0,0,0,1
FINNIFTY21MAY2420650CE.NFO,2024-05-06,13:39:00,2024-05-21,120.0,120.0,120.0,120.0,0,0,1
FINNIFTY21MAY2420650CE.NFO,2024-05-06,13:40:00,2024-05-21,120.0,120.0,120.0,120.0,0,0,1
FINNIFTY21MAY2420650CE.NFO,2024-05-06,13:41:00,2024-05-21,120.0,120.0,120.0,120.0,0,0,1
FINNIFTY21MAY2420650CE.NFO,2024-05-06,13:42:00,2024-05-21,120.0,120.0,120.0,120.0,0,0,1
FINNIFTY21MAY2420650CE.NFO,2024-05-06,13:43:00,2024-05-21,120.0,120.0,120.0,120.0,0,0,1
FINNIFTY21MAY2420650CE.NFO,2024-05-06,13:44:00,2024-05-21,120.0,120.0,120.0,120.0,0,0,1
FINNIFTY21MAY2420650CE.NFO,2024-05-06,13:45:00,2024-05-21,120.0,120.0,120.0,120.0,0,0,1
FINNIFTY21MAY2420650CE.NFO,2024-05-06,13:46:00,2024-05-21,120.0,120.0,120.0,120.0,0,0,1
FINNIFTY21MAY2420650CE.NFO,2024-05-06,13:47:00,2024-05-21,120.0,120.0,120.0,120.0,0,0,1
FINNIFTY21MAY2420650CE.NFO,2024-05-06,13:48:00,2024-05-21,120.0,120.0,120.0,120.0,0,0,1
FINNIFTY21MAY2420650CE.NFO,2024-05-06,13:49:00,2024-05-21,120.0,120.0,120.0,120.0,0,0,1
FINNIFTY21MAY2420650CE.NFO,2024-05-06,13:50:00,2024-05-21,120.0,120.0,120.0,120.0,0,0,1
FINNIFTY21MAY2420650CE.NFO,2024-05-06,13:51:00,2024-05-21,120.0,120.0,120.0,120.0,0,0,1
FINNIFTY21MAY2420650CE.NFO,2024-05-06,13:52:00,2024-05-21,120.0,120.0,120.0,120.0,0,0,1
FINNIFTY21MAY2420650CE.NFO,2024-05-06,13:53:00,2024-05-21,120.0,120.0,120.0,120.0,0,0,1
FINNIFTY21MAY2420650CE.NFO,2024-05-06,13:54:00,2024-05-21,120.0,120.0,120.0,120.0,0,0,1
FINNIFTY21MAY2420650CE.NFO,2024-05-06,13:55:00,2024-05-21,120.0,120.0,120.0,120.0,0,0,1
FINNIFTY21MAY2420650CE.NFO,2024-05-06,13:56:00,2024-05-21,120.0,120.0,120.0,120.0,0,0,1
FINNIFTY21MAY2420650CE.NFO,2024-05-06,13:57:00,2024-05-21,120.0,120.0,120.0,120.0,0,0,1
FINNIFTY21MAY2420650CE.NFO,2024-05-06,13:58:00,2024-05-21,120.0,120.0,120.0,120.0,0,0,1
FINNIFTY21MAY2420650CE.NFO,2024-05-06,13:59:00,2024-05-21,120.0,120.0,120.0,120.0,0,0,1
FINNIFTY21MAY2420650CE.NFO,2024-05-06,14:00:00,2024-05-21,120.0,120.0,120.0,120.0,0,0,1
FINNIFTY21MAY2420650CE.NFO,2024-05-06,14:01:00,2024-05-21,120.0,120.0,120.0,120.0,0,0,1
FINNIFTY21MAY2420650CE.NFO,2024-05-06,14:02:00,2024-05-21,120.0,120.0,120.0,120.0,0,0,1
FINNIFTY21MAY2420650CE.NFO,2024-05-06,14:03:00,2024-05-21,120.0,120.0,120.0,120.0,0,0,1
FINNIFTY21MAY2420650CE.NFO,2024-05-06,14:04:00,2024-05-21,120.0,120.0,120.0,120.0,0,0,1
FINNIFTY21MAY2420650CE.NFO,2024-05-06,14:05:00,2024-05-21,120.0,120.0,120.0,120.0,0,0,1
FINNIFTY21MAY2420650CE.NFO,2024-05-06,14:06:00,2024-05-21,120.0,120.0,120.0,120.0,0,0,1
FINNIFTY21MAY2420650CE.NFO,2024-05-06,14:07:00,2024-05-21,120.0,120.0,120.0,120.0,0,0,1
FINNIFTY21MAY2420650CE.NFO,2024-05-06,14:08:00,2024-05-21,120.0,120.0,120.0,120.0,0,0,1
FINNIFTY21MAY2420650CE.NFO,2024-05-06,14:09:00,2024-05-21,120.0,120.0,120.0,120.0,0,0,1
FINNIFTY21MAY2420650CE.NFO,2024-05-06,14:10:00,2024-05-21,120.0,120.0,120.0,120.0,0,0,1
FINNIFTY21MAY2420650CE.NFO,2024-05-06,14:11:00,2024-05-21,120.0,120.0,120.0,120.0,0,0,1
FINNIFTY21MAY2420650CE.NFO,2024-05-06,14:12:00,2024-05-21,120.0,120.0,120.0,120.0,0,0,1
FINNIFTY21MAY2420650CE.NFO,2024-05-06,14:13:00,2024-05-21,120.0,120.0,120.0,120.0,0,0,1
FINNIFTY21MAY2420650CE.NFO,2024-05-06,14:14:00,2024-05-21,120.0,120.0,120.0,120.0,0,0,1
FINNIFTY21MAY2420650CE.NFO,2024-05-06,14:15:00,2024-05-21,120.0,120.0,120.0,120.0,0,0,1
FINNIFTY21MAY2420650CE.NFO,2024-05-06,14:16:00,2024-05-21,120.0,120.0,120.0,120.0,0,0,1
FINNIFTY21MAY2420650CE.NFO,2024-05-06,14:17:00,2024-05-21,120.0,120.0,120.0,120.0,0,0,1
FINNIFTY21MAY2420650CE.NFO,2024-05-06,14:18:00,2024-05-21,120.0,120.0,120.0,120.0,0,0,1
FINNIFTY21MAY2420650CE.NFO,2024-05-06,14:19:00,2024-05-21,120.0,120.0,120.0,120.0,0,0,1
FINNIFTY21MAY2420650CE.NFO,2024-05-06,14:20:00,2024-05-21,120.0,120.0,120.0,120.0,0,0,1
FINNIFTY21MAY2420650CE.NFO,2024-05-06,14:21:00,2024-05-21,120.0,120.0,120.0,120.0,0,0,1
FINNIFTY21MAY2420650CE.NFO,2024-05-06,14:22:00,2024-05-21,120.0,120.0,120.0,120.0,0,0,1
FINNIFTY21MAY2420650CE.NFO,2024-05-06,14:23:00,2024-05-21,120.0,120.0,120.0,120.0,0,0,1
FINNIFTY21MAY2420650CE.NFO,2024-05-06,14:24:00,2024-05-21,120.0,120.0,120.0,120.0,0,0,1
FINNIFTY21MAY2420650CE.NFO,2024-05-06,14:25:00,2024-05-21,120.0,120.0,120.0,120.0,0,0,1
FINNIFTY21MAY2420650CE.NFO,2024-05-06,14:26:00,2024-05-21,120.0,120.0,120.0,120.0,0,0,1
FINNIFTY21MAY2420650CE.NFO,2024-05-06,14:27:00,2024-05-21,120.0,120.0,120.0,120.0,0,0,1
FINNIFTY21MAY2420650CE.NFO,2024-05-06,14:28:00,2024-05-21,120.0,120.0,120.0,120.0,0,0,1
FINNIFTY21MAY2420650CE.NFO,2024-05-06,14:29:00,2024-05-21,120.0,120.0,120.0,120.0,0,0,1
FINNIFTY21MAY2420650CE.NFO,2024-05-06,14:30:00,2024-05-21,120.0,120.0,120.0,120.0,0,0,1
FINNIFTY21MAY2420650CE.NFO,2024-05-06,14:31:00,2024-05-21,120.0,120.0,120.0,120.0,0,0,1
FINNIFTY21MAY2420650CE.NFO,2024-05-06,14:32:00,2024-05-21,120.0,120.0,120.0,120.0,0,0,1
FINNIFTY21MAY2420650CE.NFO,2024-05-06,14:33:00,2024-05-21,120.0,120.0,120.0,120.0,0,0,1
FINNIFTY21MAY2420650CE.NFO,2024-05-06,14:34:00,2024-05-21,120.0,120.0,120.0,120.0,0,0,1
FINNIFTY21MAY2420650CE.NFO,2024-05-06,14:35:00,2024-05-21,120.0,120.0,120.0,120.0,0,0,1
FINNIFTY21MAY2420650CE.NFO,2024-05-06,14:36:00,2024-05-21,120.0,120.0,120.0,120.0,0,0,1
FINNIFTY21MAY2420650CE.NFO,2024-05-06,14:37:00,2024-05-21,120.0,120.0,120.0,120.0,0,0,1
FINNIFTY21MAY2420650CE.NFO,2024-05-06,14:38:00,2024-05-21,120.0,120.0,120.0,120.0,0,0,1
FINNIFTY21MAY2420650CE.NFO,2024-05-06,14:39:00,2024-05-21,120.0,120.0,120.0,120.0,0,0,1
FINNIFTY21MAY2420650CE.NFO,2024-05-06,14:40:00,2024-05-21,120.0,120.0,120.0,120.0,0,0,1
FINNIFTY21MAY2420650CE.NFO,2024-05-06,14:41:00,2024-05-21,120.0,120.0,120.0,120.0,0,0,1
FINNIFTY21MAY2420650CE.NFO,2024-05-06,14:42:00,2024-05-21,120.0,120.0,120.0,120.0,0,0,1
FINNIFTY21MAY2420650CE.NFO,2024-05-06,14:43:00,2024-05-21,120.0,120.0,120.0,120.0,0,0,1
FINNIFTY21MAY2420650CE.NFO,2024-05-06,14:44:00,2024-05-21,120.0,120.0,120.0,120.0,0,0,1
FINNIFTY21MAY2420650CE.NFO,2024-05-06,14:45:00,2024-05-21,120.0,120.0,120.0,120.0,0,0,1
FINNIFTY21MAY2420650CE.NFO,2024-05-06,14:46:00,2024-05-21,120.0,120.0,120.0,120.0,0,0,1
FINNIFTY21MAY2420650CE.NFO,2024-05-06,14:47:00,2024-05-21,120.0,120.0,120.0,120.0,0,0,1
FINNIFTY21MAY2420650CE.NFO,2024-05-06,14:48:00,2024-05-21,120.0,120.0,120.0,120.0,0,0,1
FINNIFTY21MAY2420650CE.NFO,2024-05-06,14:49:00,2024-05-21,120.0,120.0,120.0,120.0,0,0,1
FINNIFTY21MAY2420650CE.NFO,2024-05-06,14:50:00,2024-05-21,120.0,120.0,120.0,120.0,0,0,1
FINNIFTY21MAY2420650CE.NFO,2024-05-06,14:51:00,2024-05-21,120.0,120.0,120.0,120.0,0,0,1
FINNIFTY21MAY2420650CE.NFO,2024-05-06,14:52:00,2024-05-21,120.0,120.0,120.0,120.0,0,0,1
FINNIFTY21MAY2420650CE.NFO,2024-05-06,14:53:00,2024-05-21,120.0,120.0,120.0,120.0,0,0,1
FINNIFTY21MAY2420650CE.NFO,2024-05-06,14:54:00,2024-05-21,120.0,120.0,120.0,120.0,0,0,1
FINNIFTY21MAY2420650CE.NFO,2024-05-06,14:55:00,2024-05-21,120.0,120.0,120.0,120.0,0,0,1
FINNIFTY21MAY2420650CE.NFO,2024-05-06,14:56:00,2024-05-21,120.0,120.0,120.0,120.0,0,0,1
FINNIFTY21MAY2420650CE.NFO,2024-05-06,14:57:00,2024-05-21,120.0,120.0,120.0,120.0,0,0,1
FINNIFTY21MAY2420650CE.NFO,2024-05-06,14:58:00,2024-05-21,120.0,120.0,120.0,120.0,0,0,1
FINNIFTY21MAY2420650CE.NFO,2024-05-06,14:59:00,2024-05-21,120.0,120.0,120.0,120.0,0,0,1
FINNIFTY21MAY2420650CE.NFO,2024-05-06,15:00:00,2024-05-21,120.0,120.0,120.0,120.0,0,0,1
FINNIFTY21MAY2420650CE.NFO,2024-05-06,15:01:00,2024-05-21,120.0,120.0,120.0,120.0,0,0,1
FINNIFTY21MAY2420650CE.NFO,2024-05-06,15:02:00,2024-05-21,120.0,120.0,120.0,120.0,0,0,1
FINNIFTY21MAY2420650CE.NFO,2024-05-06,15:03:00,2024-05-21,120.0,120.0,120.0,120.0,0,0,1
FINNIFTY21MAY2420650CE.NFO,2024-05-06,15:04:00,2024-05-21,120.0,120.0,120.0,120.0,0,0,1
FINNIFTY21MAY2420650CE.NFO,2024-05-06,15:05:00,2024-05-21,120.0,120.0,120.0,120.0,0,0,1
FINNIFTY21MAY2420650CE.NFO,2024-05-06,15:06:00,2024-05-21,120.0,120.0,120.0,120.0,0,0,1
FINNIFTY21MAY2420650CE.NFO,2024-05-06,15:07:00,2024-05-21,120.0,120.0,120.0,120.0,0,0,1
FINNIFTY21MAY2420650CE.NFO,2024-05-06,15:08:00,2024-05-21,120.0,120.0,120.0,120.0,0,0,1
FINNIFTY21MAY2420650CE.NFO,2024-05-06,15:09:00,2024-05-21,120.0,120.0,120.0,120.0,0,0,1
FINNIFTY21MAY2420650CE.NFO,2024-05-06,15:10:00,2024-05-21,120.0,120.0,120.0,120.0,0,0,1
FINNIFTY21MAY2420650CE.NFO,2024-05-06,15:11:00,2024-05-21,120.0,120.0,120.0,120.0,0,0,1
FINNIFTY21MAY2420650CE.NFO,2024-05-06,15:12:00,2024-05-21,120.0,120.0,120.0,120.0,0,0,1
FINNIFTY21MAY2420650CE.NFO,2024-05-06,15:13:00,2024-05-21,120.0,120.0,120.0,120.0,0,0,1
FINNIFTY21MAY2420650CE.NFO,2024-05-06,15:14:00,2024-05-21,120.0,120.0,120.0,120.0,0,0,1
FINNIFTY21MAY2420650CE.NFO,2024-05-06,15:15:00,2024-05-21,120.0,120.0,120.0,120.0,0,0,1
FINNIFTY21MAY2420650CE.NFO,2024-05-06,15:16:00,2024-05-21,120.0,120.0,120.0,120.0,0,0,1
FINNIFTY21MAY2420650CE.NFO,2024-05-06,15:17:00,2024-05-21,120.0,120.0,120.0,120.0,0,0,1
FINNIFTY21MAY2420650CE.NFO,2024-05-06,15:18:00,2024-05-21,120.0,120.0,120.0,120.0,0,0,1
FINNIFTY21MAY2420650CE.NFO,2024-05-06,15:19:00,2024-05-21,120.0,120.0,120.0,120.0,0,0,1
FINNIFTY21MAY2420650CE.NFO,2024-05-06,15:20:00,2024-05-21,120.0,120.0,120.0,120.0,0,0,1
FINNIFTY21MAY2420650CE.NFO,2024-05-06,15:21:00,2024-05-21,120.0,120.0,120.0,120.0,0,0,1
FINNIFTY21MAY2420650CE.NFO,2024-05-06,15:22:00,2024-05-21,120.0,120.0,120.0,120.0,0,0,1
FINNIFTY21MAY2420650CE.NFO,2024-05-06,15:23:00,2024-05-21,120.0,120.0,120.0,120.0,0,0,1
FINNIFTY21MAY2420650CE.NFO,2024-05-06,15:24:00,2024-05-21,120.0,120.0,120.0,120.0,0,0,1
FINNIFTY21MAY2420650CE.NFO,2024-05-06,15:25:00,2024-05-21,120.0,120.0,120.0,120.0,0,0,1
FINNIFTY21MAY2420650CE.NFO,2024-05-06,15:26:00,2024-05-21,120.0,120.0,120.0,120.0,0,0,1
FINNIFTY21MAY2420650CE.NFO,2024-05-06,15:27:00,2024-05-21,120.0,120.0,120.0,120.0,0,0,1
FINNIFTY21MAY2420650CE.NFO,2024-05-06,15:28:00,2024-05-21,120.0,120.0,120.0,120.0,0,0,1
FINNIFTY21MAY2420650CE.NFO,2024-05-06,15:29:00,2024-05-21,120.0,120.0,120.0,120.0,0,0,1
FINNIFTY21MAY2420650CE.NFO,2024-05-06,15:30:00,2024-05-21,120.0,120.0,120.0,120.0,0,0,1
FINNIFTY21MAY2420650CE.NFO,2024-05-07,09:15:00,2024-05-21,120.0,120.0,120.0,120.0,0,0,0
FINNIFTY21MAY2420650CE.NFO,2024-05-07,09:16:00,2024-05-21,120.0,120.0,120.0,120.0,0,0,1
FINNIFTY21MAY2420650CE.NFO,2024-05-07,09:17:00,2024-05-21,120.0,120.0,120.0,120.0,0,0,1
FINNIFTY21MAY2420650CE.NFO,2024-05-07,09:18:00,2024-05-21,120.0,120.0,120.0,120.0,0,0,1
FINNIFTY21MAY2420650CE.NFO,2024-05-07,09:19:00,2024-05-21,120.0,120.0,120.0,120.0,0,0,1
FINNIFTY21MAY2420650CE.NFO,2024-05-07,09:20:00,2024-05-21,120.0,120.0,120.0,120.0,0,0,1
FINNIFTY21MAY2420650CE.NFO,2024-05-07,09:21:00,2024-05-21,120.0,120.0,120.0,120.0,0,0,1
FINNIFTY21MAY2420650CE.NFO,2024-05-07,09:22:00,2024-05-21,120.0,120.0,120.0,120.0,0,0,1
FINNIFTY21MAY2420650CE.NFO,2024-05-07,09:23:00,2024-05-21,120.0,120.0,120.0,120.0,0,0,1
FINNIFTY21MAY2420650CE.NFO,2024-05-07,09:24:00,2024-05-21,120.0,120.0,120.0,120.0,0,0,1
FINNIFTY21MAY2420650CE.NFO,2024-05-07,09:25:00,2024-05-21,120.0,120.0,120.0,120.0,0,0,1
FINNIFTY21MAY2420650CE.NFO,2024-05-07,09:26:00,2024-05-21,120.0,120.0,120.0,120.0,0,0,1
FINNIFTY21MAY2420650CE.NFO,2024-05-07,09:27:00,2024-05-21,120.0,120.0,120.0,120.0,0,0,1
FINNIFTY21MAY2420650CE.NFO,2024-05-07,09:28:00,2024-05-21,120.0,120.0,120.0,120.0,0,0,1
FINNIFTY21MAY2420650CE.NFO,2024-05-07,09:29:00,2024-05-21,120.0,120.0,120.0,120.0,0,0,1
FINNIFTY21MAY2420650CE.NFO,2024-05-07,09:30:00,2024-05-21,120.0,120.0,120.0,120.0,0,0,1
FINNIFTY21MAY2420650CE.NFO,2024-05-07,09:31:00,2024-05-21,120.0,120.0,120.0,120.0,0,0,1
FINNIFTY21MAY2420650CE.NFO,2024-05-07,09:32:00,2024-05-21,120.0,120.0,120.0,120.0,0,0,1
FINNIFTY21MAY2420650CE.NFO,2024-05-07,09:33:00,2024-05-21,120.0,120.0,120.0,120.0,0,0,1
FINNIFTY21MAY2420650CE.NFO,2024-05-07,09:34:00,2024-05-21,120.0,120.0,120.0,120.0,0,0,1
FINNIFTY21MAY2420650CE.NFO,2024-05-07,09:35:00,2024-05-21,120.0,120.0,120.0,120.0,0,0,1
FINNIFTY21MAY2420650CE.NFO,2024-05-07,09:36:00,2024-05-21,120.0,120.0,120.0,120.0,0,0,1
FINNIFTY21MAY2420650CE.NFO,2024-05-07,09:37:00,2024-05-21,120.0,120.0,120.0,120.0,0,0,1
FINNIFTY21MAY2420650CE.NFO,2024-05-07,09:38:00,2024-05-21,120.0,120.0,120.0,120.0,0,0,1
FINNIFTY21MAY2420650CE.NFO,2024-05-07,09:39:00,2024-05-21,120.0,120.0,120.0,120.0,0,0,1
FINNIFTY21MAY2420650CE.NFO,2024-05-07,09:40:00,2024-05-21,120.0,120.0,120.0,120.0,0,0,1
FINNIFTY21MAY2420650CE.NFO,2024-05-07,09:41:00,2024-05-21,120.0,120.0,120.0,120.0,0,0,1
FINNIFTY21MAY2420650CE.NFO,2024-05-07,09:42:00,2024-05-21,120.0,120.0,120.0,120.0,0,0,1
FINNIFTY21MAY2420650CE.NFO,2024-05-07,09:43:00,2024-05-21,120.0,120.0,120.0,120.0,0,0,1
FINNIFTY21MAY2420650CE.NFO,2024-05-07,09:44:00,2024-05-21,120.0,120.0,120.0,120.0,0,0,1
FINNIFTY21MAY2420650CE.NFO,2024-05-07,09:45:00,2024-05-21,120.0,120.0,120.0,120.0,0,0,1
FINNIFTY21MAY2420650CE.NFO,2024-05-07,09:46:00,2024-05-21,120.0,120.0,120.0,120.0,0,0,1
FINNIFTY21MAY2420650CE.NFO,2024-05-07,09:47:00,2024-05-21,120.0,120.0,120.0,120.0,0,0,1
FINNIFTY21MAY2420650CE.NFO,2024-05-07,09:48:00,2024-05-21,120.0,120.0,120.0,120.0,0,0,1
FINNIFTY21MAY2420650CE.NFO,2024-05-07,09:49:00,2024-05-21,120.0,120.0,120.0,120.0,0,0,1
FINNIFTY21MAY2420650CE.NFO,2024-05-07,09:50:00,2024-05-21,120.0,120.0,120.0,120.0,0,0,1
FINNIFTY21MAY2420650CE.NFO,2024-05-07,09:51:00,2024-05-21,120.0,120.0,120.0,120.0,0,0,1
FINNIFTY21MAY2420650CE.NFO,2024-05-07,09:52:00,2024-05-21,120.0,120.0,120.0,120.0,0,0,1
FINNIFTY21MAY2420650CE.NFO,2024-05-07,09:53:00,2024-05-21,120.0,120.0,120.0,120.0,0,0,1
FINNIFTY21MAY2420650CE.NFO,2024-05-07,09:54:00,2024-05-21,120.0,120.0,120.0,120.0,0,0,1
FINNIFTY21MAY2420650CE.NFO,2024-05-07,09:55:00,2024-05-21,120.0,120.0,120.0,120.0,0,0,1
FINNIFTY21MAY2420650CE.NFO,2024-05-07,09:56:00,2024-05-21,120.0,120.0,120.0,120.0,0,0,1
FINNIFTY21MAY2420650CE.NFO,2024-05-07,09:57:00,2024-05-21,120.0,120.0,120.0,120.0,0,0,1
FINNIFTY21MAY2420650CE.NFO,2024-05-07,09:58:00,2024-05-21,120.0,120.0,120.0,120.0,0,0,1
FINNIFTY21MAY2420650CE.NFO,2024-05-07,09:59:00,2024-05-21,120.0,120.0,120.0,120.0,0,0,1
FINNIFTY21MAY2420650CE.NFO,2024-05-07,10:00:00,2024-05-21,120.0,120.0,120.0,120.0,0,0,1
FINNIFTY21MAY2420650CE.NFO,2024-05-07,10:01:00,2024-05-21,120.0,120.0,120.0,120.0,0,0,1
FINNIFTY21MAY2420650CE.NFO,2024-05-07,10:02:00,2024-05-21,120.0,120.0,120.0,120.0,0,0,1
FINNIFTY21MAY2420650CE.NFO,2024-05-07,10:03:00,2024-05-21,120.0,120.0,120.0,120.0,0,0,1
FINNIFTY21MAY2420650CE.NFO,2024-05-07,10:04:00,2024-05-21,120.0,120.0,120.0,120.0,0,0,1
FINNIFTY21MAY2420650CE.NFO,2024-05-07,10:05:00,2024-05-21,120.0,120.0,120.0,120.0,0,0,1
FINNIFTY21MAY2420650CE.NFO,2024-05-07,10:06:00,2024-05-21,120.0,120.0,120.0,120.0,0,0,1
FINNIFTY21MAY2420650CE.NFO,2024-05-07,10:07:00,2024-05-21,120.0,120.0,120.0,120.0,0,0,1
FINNIFTY21MAY2420650CE.NFO,2024-05-07,10:08:00,2024-05-21,120.0,120.0,120.0,120.0,0,0,1
FINNIFTY21MAY2420650CE.NFO,2024-05-07,10:09:00,2024-05-21,120.0,120.0,120.0,120.0,0,0,1
FINNIFTY21MAY2420650CE.NFO,2024-05-07,10:10:00,2024-05-21,120.0,120.0,120.0,120.0,0,0,1
FINNIFTY21MAY2420650CE.NFO,2024-05-07,10:11:00,2024-05-21,120.0,120.0,120.0,120.0,0,0,1
FINNIFTY21MAY2420650CE.NFO,2024-05-07,10:12:00,2024-05-21,120.0,120.0,120.0,120.0,0,0,1
FINNIFTY21MAY2420650CE.NFO,2024-05-07,10:13:00,2024-05-21,120.0,120.0,120.0,120.0,0,0,1
FINNIFTY21MAY2420650CE.NFO,2024-05-07,10:14:00,2024-05-21,120.0,120.0,120.0,120.0,0,0,1
FINNIFTY21MAY2420650CE.NFO,2024-05-07,10:15:00,2024-05-21,120.0,120.0,120.0,120.0,0,0,1
FINNIFTY21MAY2420650CE.NFO,2024-05-07,10:16:00,2024-05-21,120.0,120.0,120.0,120.0,0,0,1
FINNIFTY21MAY2420650CE.NFO,2024-05-07,10:17:00,2024-05-21,120.0,120.0,120.0,120.0,0,0,1
FINNIFTY21MAY2420650CE.NFO,2024-05-07,10:18:00,2024-05-21,120.0,120.0,120.0,120.0,0,0,1
FINNIFTY21MAY2420650CE.NFO,2024-05-07,10:19:00,2024-05-21,120.0,120.0,120.0,120.0,0,0,1
FINNIFTY21MAY2420650CE.NFO,2024-05-07,10:20:00,2024-05-21,120.0,120.0,120.0,120.0,0,0,1
FINNIFTY21MAY2420650CE.NFO,2024-05-07,10:21:00,2024-05-21,120.0,120.0,120.0,120.0,0,0,1
FINNIFTY21MAY2420650CE.NFO,2024-05-07,10:22:00,2024-05-21,120.0,120.0,120.0,120.0,0,0,1
FINNIFTY21MAY2420650CE.NFO,2024-05-07,10:23:00,2024-05-21,120.0,120.0,120.0,120.0,0,0,1
FINNIFTY21MAY2420650CE.NFO,2024-05-07,10:24:00,2024-05-21,120.0,120.0,120.0,120.0,0,0,1
FINNIFTY21MAY2420650CE.NFO,2024-05-07,10:25:00,2024-05-21,120.0,120.0,120.0,120.0,0,0,1
FINNIFTY21MAY2420650CE.NFO,2024-05-07,10:26:00,2024-05-21,120.0,120.0,120.0,120.0,0,0,1
FINNIFTY21MAY2420650CE.NFO,2024-05-07,10:27:00,2024-05-21,120.0,120.0,120.0,120.0,0,0,1
FINNIFTY21MAY2420650CE.NFO,2024-05-07,10:28:00,2024-05-21,120.0,120.0,120.0,120.0,0,0,1
FINNIFTY21MAY2420650CE.NFO,2024-05-07,10:29:00,2024-05-21,120.0,120.0,120.0,120.0,0,0,1
FINNIFTY21MAY2420650CE.NFO,2024-05-07,10:30:00,2024-05-21,120.0,120.0,120.0,120.0,0,0,1
FINNIFTY21MAY2420650CE.NFO,2024-05-07,10:31:00,2024-05-21,120.0,120.0,120.0,120.0,0,0,1
FINNIFTY21MAY2420650CE.NFO,2024-05-07,10:32:00,2024-05-21,120.0,120.0,120.0,120.0,0,0,1
FINNIFTY21MAY2420650CE.NFO,2024-05-07,10:33:00,2024-05-21,120.0,120.0,120.0,120.0,0,0,1
FINNIFTY21MAY2420650CE.NFO,2024-05-07,10:34:00,2024-05-21,120.0,120.0,120.0,120.0,0,0,1
FINNIFTY21MAY2420650CE.NFO,2024-05-07,10:35:00,2024-05-21,120.0,120.0,120.0,120.0,0,0,1
FINNIFTY21MAY2420650CE.NFO,2024-05-07,10:36:00,2024-05-21,120.0,120.0,120.0,120.0,0,0,1
FINNIFTY21MAY2420650CE.NFO,2024-05-07,10:37:00,2024-05-21,120.0,120.0,120.0,120.0,0,0,1
FINNIFTY21MAY2420650CE.NFO,2024-05-07,10:38:00,2024-05-21,120.0,120.0,120.0,120.0,0,0,1
FINNIFTY21MAY2420650CE.NFO,2024-05-07,10:39:00,2024-05-21,120.0,120.0,120.0,120.0,0,0,1
FINNIFTY21MAY2420650CE.NFO,2024-05-07,10:40:00,2024-05-21,120.0,120.0,120.0,120.0,0,0,1
FINNIFTY21MAY2420650CE.NFO,2024-05-07,10:41:00,2024-05-21,120.0,120.0,120.0,120.0,0,0,1
FINNIFTY21MAY2420650CE.NFO,2024-05-07,10:42:00,2024-05-21,120.0,120.0,120.0,120.0,0,0,1
FINNIFTY21MAY2420650CE.NFO,2024-05-07,10:43:00,2024-05-21,120.0,120.0,120.0,120.0,0,0,1
FINNIFTY21MAY2420650CE.NFO,2024-05-07,10:44:00,2024-05-21,120.0,120.0,120.0,120.0,0,0,1
FINNIFTY21MAY2420650CE.NFO,2024-05-07,10:45:00,2024-05-21,120.0,120.0,120.0,120.0,0,0,1
FINNIFTY21MAY2420650CE.NFO,2024-05-07,10:46:00,2024-05-21,120.0,120.0,120.0,120.0,0,0,1
FINNIFTY21MAY2420650CE.NFO,2024-05-07,10:47:00,2024-05-21,120.0,120.0,120.0,120.0,0,0,1
FINNIFTY21MAY2420650CE.NFO,2024-05-07,10:48:00,2024-05-21,120.0,120.0,120.0,120.0,0,0,1
FINNIFTY21MAY2420650CE.NFO,2024-05-07,10:49:00,2024-05-21,120.0,120.0,120.0,120.0,0,0,1
FINNIFTY21MAY2420650CE.NFO,2024-05-07,10:50:00,2024-05-21,120.0,120.0,120.0,120.0,0,0,1
FINNIFTY21MAY2420650CE.NFO,2024-05-07,10:51:00,2024-05-21,120.0,120.0,120.0,120.0,0,0,1
FINNIFTY21MAY2420650CE.NFO,2024-05-07,10:52:00,2024-05-21,120.0,120.0,120.0,120.0,0,0,1
FINNIFTY21MAY2420650CE.NFO,2024-05-07,10:53:00,2024-05-21,120.0,120.0,120.0,120.0,0,0,1
FINNIFTY21MAY2420650CE.NFO,2024-05-07,10:54:00,2024-05-21,120.0,120.0,120.0,120.0,0,0,1
FINNIFTY21MAY2420650CE.NFO,2024-05-07,10:55:00,2024-05-21,120.0,120.0,120.0,120.0,0,0,1
FINNIFTY21MAY2420650CE.NFO,2024-05-07,10:56:00,2024-05-21,120.0,120.0,120.0,120.0,0,0,1
FINNIFTY21MAY2420650CE.NFO,2024-05-07,10:57:00,2024-05-21,120.0,120.0,120.0,120.0,0,0,1
FINNIFTY21MAY2420650CE.NFO,2024-05-07,10:58:00,2024-05-21,120.0,120.0,120.0,120.0,0,0,1
FINNIFTY21MAY2420650CE.NFO,2024-05-07,10:59:00,2024-05-21,120.0,120.0,120.0,120.0,0,0,1
FINNIFTY21MAY2420650CE.NFO,2024-05-07,11:00:00,2024-05-21,120.0,120.0,120.0,120.0,0,0,1
FINNIFTY21MAY2420650CE.NFO,2024-05-07,11:01:00,2024-05-21,120.0,120.0,120.0,120.0,0,0,1
FINNIFTY21MAY2420650CE.NFO,2024-05-07,11:02:00,2024-05-21,120.0,120.0,120.0,120.0,0,0,1
FINNIFTY21MAY2420650CE.NFO,2024-05-07,11:03:00,2024-05-21,120.0,120.0,120.0,120.0,0,0,1
FINNIFTY21MAY2420650CE.NFO,2024-05-07,11:04:00,2024-05-21,120.0,120.0,120.0,120.0,0,0,1
FINNIFTY21MAY2420650CE.NFO,2024-05-07,11:05:00,2024-05-21,120.0,120.0,120.0,120.0,0,0,1
FINNIFTY21MAY2420650CE.NFO,2024-05-07,11:06:00,2024-05-21,120.0,120.0,120.0,120.0,0,0,1
FINNIFTY21MAY2420650CE.NFO,2024-05-07,11:07:00,2024-05-21,120.0,120.0,120.0,120.0,0,0,1
FINNIFTY21MAY2420650CE.NFO,2024-05-07,11:08:00,2024-05-21,120.0,120.0,120.0,120.0,0,0,1
FINNIFTY21MAY2420650CE.NFO,2024-05-07,11:09:00,2024-05-21,120.0,120.0,120.0,120.0,0,0,1
FINNIFTY21MAY2420650CE.NFO,2024-05-07,11:10:00,2024-05-21,120.0,120.0,120.0,120.0,0,0,1
FINNIFTY21MAY2420650CE.NFO,2024-05-07,11:11:00,2024-05-21,120.0,120.0,120.0,120.0,0,0,1
FINNIFTY21MAY2420650CE.NFO,2024-05-07,11:12:00,2024-05-21,120.0,120.0,120.0,120.0,0,0,1
FINNIFTY21MAY2420650CE.NFO,2024-05-07,11:13:00,2024-05-21,120.0,120.0,120.0,120.0,0,0,1
FINNIFTY21MAY2420650CE.NFO,2024-05-07,11:14:00,2024-05-21,120.0,120.0,120.0,120.0,0,0,1
FINNIFTY21MAY2420650CE.NFO,2024-05-07,11:15:00,2024-05-21,120.0,120.0,120.0,120.0,0,0,1
FINNIFTY21MAY2420650CE.NFO,2024-05-07,11:16:00,2024-05-21,120.0,120.0,120.0,120.0,0,0,1
FINNIFTY21MAY2420650CE.NFO,2024-05-07,11:17:00,2024-05-21,120.0,120.0,120.0,120.0,0,0,1
FINNIFTY21MAY2420650CE.NFO,2024-05-07,11:18:00,2024-05-21,120.0,120.0,120.0,120.0,0,0,1
FINNIFTY21MAY2420650CE.NFO,2024-05-07,11:19:00,2024-05-21,120.0,120.0,120.0,120.0,0,0,1
FINNIFTY21MAY2420650CE.NFO,2024-05-07,11:20:00,2024-05-21,120.0,120.0,120.0,120.0,0,0,1
FINNIFTY21MAY2420650CE.NFO,2024-05-07,11:21:00,2024-05-21,120.0,120.0,120.0,120.0,0,0,1
FINNIFTY21MAY2420650CE.NFO,2024-05-07,11:22:00,2024-05-21,120.0,120.0,120.0,120.0,0,0,1
FINNIFTY21MAY2420650CE.NFO,2024-05-07,11:23:00,2024-05-21,120.0,120.0,120.0,120.0,0,0,1
FINNIFTY21MAY2420650CE.NFO,2024-05-07,11:24:00,2024-05-21,120.0,120.0,120.0,120.0,0,0,1
FINNIFTY21MAY2420650CE.NFO,2024-05-07,11:25:00,2024-05-21,120.0,120.0,120.0,120.0,0,0,1
FINNIFTY21MAY2420650CE.NFO,2024-05-07,11:26:00,2024-05-21,120.0,120.0,120.0,120.0,0,0,1
FINNIFTY21MAY2420650CE.NFO,2024-05-07,11:27:00,2024-05-21,120.0,120.0,120.0,120.0,0,0,1
FINNIFTY21MAY2420650CE.NFO,2024-05-07,11:28:00,2024-05-21,120.0,120.0,120.0,120.0,0,0,1
FINNIFTY21MAY2420650CE.NFO,2024-05-07,11:29:00,2024-05-21,120.0,120.0,120.0,120.0,0,0,1
FINNIFTY21MAY2420650CE.NFO,2024-05-07,11:30:00,2024-05-21,120.0,120.0,120.0,120.0,0,0,1
FINNIFTY21MAY2420650CE.NFO,2024-05-07,11:31:00,2024-05-21,120.0,120.0,120.0,120.0,0,0,1
FINNIFTY21MAY2420650CE.NFO,2024-05-07,11:32:00,2024-05-21,120.0,120.0,120.0,120.0,0,0,1
FINNIFTY21MAY2420650CE.NFO,2024-05-07,11:33:00,2024-05-21,120.0,120.0,120.0,120.0,0,0,1
FINNIFTY21MAY2420650CE.NFO,2024-05-07,11:34:00,2024-05-21,120.0,120.0,120.0,120.0,0,0,1
FINNIFTY21MAY2420650CE.NFO,2024-05-07,11:35:00,2024-05-21,120.0,120.0,120.0,120.0,0,0,1
FINNIFTY21MAY2420650CE.NFO,2024-05-07,11:36:00,2024-05-21,120.0,120.0,120.0,120.0,0,0,1
FINNIFTY21MAY2420650CE.NFO,2024-05-07,11:37:00,2024-05-21,120.0,120.0,120.0,120.0,0,0,1
FINNIFTY21MAY2420650CE.NFO,2024-05-07,11:38:00,2024-05-21,120.0,120.0,120.0,120.0,0,0,1
FINNIFTY21MAY2420650CE.NFO,2024-05-07,11:39:00,2024-05-21,120.0,120.0,120.0,120.0,0,0,1
FINNIFTY21MAY2420650CE.NFO,2024-05-07,11:40:00,2024-05-21,120.0,120.0,120.0,120.0,0,0,1
FINNIFTY21MAY2420650CE.NFO,2024-05-07,11:41:00,2024-05-21,120.0,120.0,120.0,120.0,0,0,1
FINNIFTY21MAY2420650CE.NFO,2024-05-07,11:42:00,2024-05-21,120.0,120.0,120.0,120.0,0,0,1
FINNIFTY21MAY2420650CE.NFO,2024-05-07,11:43:00,2024-05-21,120.0,120.0,120.0,120.0,0,0,1
FINNIFTY21MAY2420650CE.NFO,2024-05-07,11:44:00,2024-05-21,120.0,120.0,120.0,120.0,0,0,1
FINNIFTY21MAY2420650CE.NFO,2024-05-07,11:45:00,2024-05-21,120.0,120.0,120.0,120.0,0,0,1
FINNIFTY21MAY2420650CE.NFO,2024-05-07,11:46:00,2024-05-21,120.0,120.0,120.0,120.0,0,0,1
FINNIFTY21MAY2420650CE.NFO,2024-05-07,11:47:00,2024-05-21,120.0,120.0,120.0,120.0,0,0,1
FINNIFTY21MAY2420650CE.NFO,2024-05-07,11:48:00,2024-05-21,120.0,120.0,120.0,120.0,0,0,1
FINNIFTY21MAY2420650CE.NFO,2024-05-07,11:49:00,2024-05-21,120.0,120.0,120.0,120.0,0,0,1
FINNIFTY21MAY2420650CE.NFO,2024-05-07,11:50:00,2024-05-21,120.0,120.0,120.0,120.0,0,0,1
FINNIFTY21MAY2420650CE.NFO,2024-05-07,11:51:00,2024-05-21,120.0,120.0,120.0,120.0,0,0,1
FINNIFTY21MAY2420650CE.NFO,2024-05-07,11:52:00,2024-05-21,120.0,120.0,120.0,120.0,0,0,1
FINNIFTY21MAY2420650CE.NFO,2024-05-07,11:53:00,2024-05-21,120.0,120.0,120.0,120.0,0,0,1
FINNIFTY21MAY2420650CE.NFO,2024-05-07,11:54:00,2024-05-21,120.0,120.0,120.0,120.0,0,0,1
FINNIFTY21MAY2420650CE.NFO,2024-05-07,11:55:00,2024-05-21,120.0,120.0,120.0,120.0,0,0,1
FINNIFTY21MAY2420650CE.NFO,2024-05-07,11:56:00,2024-05-21,120.0,120.0,120.0,120.0,0,0,1
FINNIFTY21MAY2420650CE.NFO,2024-05-07,11:57:00,2024-05-21,120.0,120.0,120.0,120.0,0,0,1
FINNIFTY21MAY2420650CE.NFO,2024-05-07,11:58:00,2024-05-21,120.0,120.0,120.0,120.0,0,0,1
FINNIFTY21MAY2420650CE.NFO,2024-05-07,11:59:00,2024-05-21,120.0,120.0,120.0,120.0,0,0,1
FINNIFTY21MAY2420650CE.NFO,2024-05-07,12:00:00,2024-05-21,120.0,120.0,120.0,120.0,0,0,1
FINNIFTY21MAY2420650CE.NFO,2024-05-07,12:01:00,2024-05-21,120.0,120.0,120.0,120.0,0,0,1
FINNIFTY21MAY2420650CE.NFO,2024-05-07,12:02:00,2024-05-21,120.0,120.0,120.0,120.0,0,0,1
FINNIFTY21MAY2420650CE.NFO,2024-05-07,12:03:00,2024-05-21,120.0,120.0,120.0,120.0,0,0,1
FINNIFTY21MAY2420650CE.NFO,2024-05-07,12:04:00,2024-05-21,120.0,120.0,120.0,120.0,0,0,1
FINNIFTY21MAY2420650CE.NFO,2024-05-07,12:05:00,2024-05-21,120.0,120.0,120.0,120.0,0,0,1
FINNIFTY21MAY2420650CE.NFO,2024-05-07,12:06:00,2024-05-21,120.0,120.0,120.0,120.0,0,0,1
FINNIFTY21MAY2420650CE.NFO,2024-05-07,12:07:00,2024-05-21,120.0,120.0,120.0,120.0,0,0,1
FINNIFTY21MAY2420650CE.NFO,2024-05-07,12:08:00,2024-05-21,120.0,120.0,120.0,120.0,0,0,1
FINNIFTY21MAY2420650CE.NFO,2024-05-07,12:09:00,2024-05-21,120.0,120.0,120.0,120.0,0,0,1
FINNIFTY21MAY2420650CE.NFO,2024-05-07,12:10:00,2024-05-21,120.0,120.0,120.0,120.0,0,0,1
FINNIFTY21MAY2420650CE.NFO,2024-05-07,12:11:00,2024-05-21,120.0,120.0,120.0,120.0,0,0,1
FINNIFTY21MAY2420650CE.NFO,2024-05-07,12:12:00,2024-05-21,120.0,120.0,120.0,120.0,0,0,1
FINNIFTY21MAY2420650CE.NFO,2024-05-07,12:13:00,2024-05-21,120.0,120.0,120.0,120.0,0,0,1
FINNIFTY21MAY2420650CE.NFO,2024-05-07,12:14:00,2024-05-21,120.0,120.0,120.0,120.0,0,0,1
FINNIFTY21MAY2420650CE.NFO,2024-05-07,12:15:00,2024-05-21,120.0,120.0,120.0,120.0,0,0,1
FINNIFTY21MAY2420650CE.NFO,2024-05-07,12:16:00,2024-05-21,120.0,120.0,120.0,120.0,0,0,1
FINNIFTY21MAY2420650CE.NFO,2024-05-07,12:17:00,2024-05-21,120.0,120.0,120.0,120.0,0,0,1
FINNIFTY21MAY2420650CE.NFO,2024-05-07,12:18:00,2024-05-21,120.0,120.0,120.0,120.0,0,0,1
FINNIFTY21MAY2420650CE.NFO,2024-05-07,12:19:00,2024-05-21,120.0,120.0,120.0,120.0,0,0,1
FINNIFTY21MAY2420650CE.NFO,2024-05-07,12:20:00,2024-05-21,120.0,120.0,120.0,120.0,0,0,1
FINNIFTY21MAY2420650CE.NFO,2024-05-07,12:21:00,2024-05-21,120.0,120.0,120.0,120.0,0,0,1
FINNIFTY21MAY2420650CE.NFO,2024-05-07,12:22:00,2024-05-21,120.0,120.0,120.0,120.0,0,0,1
FINNIFTY21MAY2420650CE.NFO,2024-05-07,12:23:00,2024-05-21,120.0,120.0,120.0,120.0,0,0,1
FINNIFTY21MAY2420650CE.NFO,2024-05-07,12:24:00,2024-05-21,120.0,120.0,120.0,120.0,0,0,1
FINNIFTY21MAY2420650CE.NFO,2024-05-07,12:25:00,2024-05-21,120.0,120.0,120.0,120.0,0,0,1
FINNIFTY21MAY2420650CE.NFO,2024-05-07,12:26:00,2024-05-21,120.0,120.0,120.0,120.0,0,0,1
FINNIFTY21MAY2420650CE.NFO,2024-05-07,12:27:00,2024-05-21,120.0,120.0,120.0,120.0,0,0,1
FINNIFTY21MAY2420650CE.NFO,2024-05-07,12:28:00,2024-05-21,120.0,120.0,120.0,120.0,0,0,1
FINNIFTY21MAY2420650CE.NFO,2024-05-07,12:29:00,2024-05-21,120.0,120.0,120.0,120.0,0,0,1
FINNIFTY21MAY2420650CE.NFO,2024-05-07,12:30:00,2024-05-21,120.0,120.0,120.0,120.0,0,0,1
FINNIFTY21MAY2420650CE.NFO,2024-05-07,12:31:00,2024-05-21,120.0,120.0,120.0,120.0,0,0,1
FINNIFTY21MAY2420650CE.NFO,2024-05-07,12:32:00,2024-05-21,120.0,120.0,120.0,120.0,0,0,1
FINNIFTY21MAY2420650CE.NFO,2024-05-07,12:33:00,2024-05-21,120.0,120.0,120.0,120.0,0,0,1
FINNIFTY21MAY2420650CE.NFO,2024-05-07,12:34:00,2024-05-21,120.0,120.0,120.0,120.0,0,0,1
FINNIFTY21MAY2420650CE.NFO,2024-05-07,12:35:00,2024-05-21,120.0,120.0,120.0,120.0,0,0,1
FINNIFTY21MAY2420650CE.NFO,2024-05-07,12:36:00,2024-05-21,120.0,120.0,120.0,120.0,0,0,1
FINNIFTY21MAY2420650CE.NFO,2024-05-07,12:37:00,2024-05-21,120.0,120.0,120.0,120.0,0,0,1
FINNIFTY21MAY2420650CE.NFO,2024-05-07,12:38:00,2024-05-21,120.0,120.0,120.0,120.0,0,0,1
FINNIFTY21MAY2420650CE.NFO,2024-05-07,12:39:00,2024-05-21,120.0,120.0,120.0,120.0,0,0,1
FINNIFTY21MAY2420650CE.NFO,2024-05-07,12:40:00,2024-05-21,120.0,120.0,120.0,120.0,0,0,1
FINNIFTY21MAY2420650CE.NFO,2024-05-07,12:41:00,2024-05-21,120.0,120.0,120.0,120.0,0,0,1
FINNIFTY21MAY2420650CE.NFO,2024-05-07,12:42:00,2024-05-21,120.0,120.0,120.0,120.0,0,0,1
FINNIFTY21MAY2420650CE.NFO,2024-05-07,12:43:00,2024-05-21,120.0,120.0,120.0,120.0,0,0,1
FINNIFTY21MAY2420650CE.NFO,2024-05-07,12:44:00,2024-05-21,120.0,120.0,120.0,120.0,0,0,1
FINNIFTY21MAY2420650CE.NFO,2024-05-07,12:45:00,2024-05-21,120.0,120.0,120.0,120.0,0,0,1
FINNIFTY21MAY2420650CE.NFO,2024-05-07,12:46:00,2024-05-21,120.0,120.0,120.0,120.0,0,0,1
FINNIFTY21MAY2420650CE.NFO,2024-05-07,12:47:00,2024-05-21,120.0,120.0,120.0,120.0,0,0,1
FINNIFTY21MAY2420650CE.NFO,2024-05-07,12:48:00,2024-05-21,120.0,120.0,120.0,120.0,0,0,1
FINNIFTY21MAY2420650CE.NFO,2024-05-07,12:49:00,2024-05-21,120.0,120.0,120.0,120.0,0,0,1
FINNIFTY21MAY2420650CE.NFO,2024-05-07,12:50:00,2024-05-21,120.0,120.0,120.0,120.0,0,0,1
FINNIFTY21MAY2420650CE.NFO,2024-05-07,12:51:00,2024-05-21,120.0,120.0,120.0,120.0,0,0,1
FINNIFTY21MAY2420650CE.NFO,2024-05-07,12:52:00,2024-05-21,120.0,120.0,120.0,120.0,0,0,1
FINNIFTY21MAY2420650CE.NFO,2024-05-07,12:53:00,2024-05-21,120.0,120.0,120.0,120.0,0,0,1
FINNIFTY21MAY2420650CE.NFO,2024-05-07,12:54:00,2024-05-21,120.0,120.0,120.0,120.0,0,0,1
FINNIFTY21MAY2420650CE.NFO,2024-05-07,12:55:00,2024-05-21,120.0,120.0,120.0,120.0,0,0,1
FINNIFTY21MAY2420650CE.NFO,2024-05-07,12:56:00,2024-05-21,120.0,120.0,120.0,120.0,0,0,1
FINNIFTY21MAY2420650CE.NFO,2024-05-07,12:57:00,2024-05-21,120.0,120.0,120.0,120.0,0,0,1
FINNIFTY21MAY2420650CE.NFO,2024-05-07,12:58:00,2024-05-21,120.0,120.0,120.0,120.0,0,0,1
FINNIFTY21MAY2420650CE.NFO,2024-05-07,12:59:00,2024-05-21,120.0,120.0,120.0,120.0,0,0,1
FINNIFTY21MAY2420650CE.NFO,2024-05-07,13:00:00,2024-05-21,120.0,120.0,120.0,120.0,0,0,1
FINNIFTY21MAY2420650CE.NFO,2024-05-07,13:01:00,2024-05-21,120.0,120.0,120.0,120.0,0,0,1
FINNIFTY21MAY2420650CE.NFO,2024-05-07,13:02:00,2024-05-21,120.0,120.0,120.0,120.0,0,0,1
FINNIFTY21MAY2420650CE.NFO,2024-05-07,13:03:00,2024-05-21,120.0,120.0,120.0,120.0,0,0,1
FINNIFTY21MAY2420650CE.NFO,2024-05-07,13:04:00,2024-05-21,120.0,120.0,120.0,120.0,0,0,1
FINNIFTY21MAY2420650CE.NFO,2024-05-07,13:05:00,2024-05-21,120.0,120.0,120.0,120.0,0,0,1
FINNIFTY21MAY2420650CE.NFO,2024-05-07,13:06:00,2024-05-21,120.0,120.0,120.0,120.0,0,0,1
FINNIFTY21MAY2420650CE.NFO,2024-05-07,13:07:00,2024-05-21,120.0,120.0,120.0,120.0,0,0,1
FINNIFTY21MAY2420650CE.NFO,2024-05-07,13:08:00,2024-05-21,120.0,120.0,120.0,120.0,0,0,1
FINNIFTY21MAY2420650CE.NFO,2024-05-07,13:09:00,2024-05-21,120.0,120.0,120.0,120.0,0,0,1
FINNIFTY21MAY2420650CE.NFO,2024-05-07,13:10:00,2024-05-21,120.0,120.0,120.0,120.0,0,0,1
FINNIFTY21MAY2420650CE.NFO,2024-05-07,13:11:00,2024-05-21,120.0,120.0,120.0,120.0,0,0,1
FINNIFTY21MAY2420650CE.NFO,2024-05-07,13:12:00,2024-05-21,120.0,120.0,120.0,120.0,0,0,1
FINNIFTY21MAY2420650CE.NFO,2024-05-07,13:13:00,2024-05-21,120.0,120.0,120.0,120.0,0,0,1
FINNIFTY21MAY2420650CE.NFO,2024-05-07,13:14:00,2024-05-21,120.0,120.0,120.0,120.0,0,0,1
FINNIFTY21MAY2420650CE.NFO,2024-05-07,13:15:00,2024-05-21,120.0,120.0,120.0,120.0,0,0,1
FINNIFTY21MAY2420650CE.NFO,2024-05-07,13:16:00,2024-05-21,120.0,120.0,120.0,120.0,0,0,1
FINNIFTY21MAY2420650CE.NFO,2024-05-07,13:17:00,2024-05-21,120.0,120.0,120.0,120.0,0,0,1
FINNIFTY21MAY2420650CE.NFO,2024-05-07,13:18:00,2024-05-21,120.0,120.0,120.0,120.0,0,0,1
FINNIFTY21MAY2420650CE.NFO,2024-05-07,13:19:00,2024-05-21,120.0,120.0,120.0,120.0,0,0,1
FINNIFTY21MAY2420650CE.NFO,2024-05-07,13:20:00,2024-05-21,120.0,120.0,120.0,120.0,0,0,1
FINNIFTY21MAY2420650CE.NFO,2024-05-07,13:21:00,2024-05-21,120.0,120.0,120.0,120.0,0,0,1
FINNIFTY21MAY2420650CE.NFO,2024-05-07,13:22:00,2024-05-21,120.0,120.0,120.0,120.0,0,0,1
FINNIFTY21MAY2420650CE.NFO,2024-05-07,13:23:00,2024-05-21,120.0,120.0,120.0,120.0,0,0,1
FINNIFTY21MAY2420650CE.NFO,2024-05-07,13:24:00,2024-05-21,120.0,120.0,120.0,120.0,0,0,1
FINNIFTY21MAY2420650CE.NFO,2024-05-07,13:25:00,2024-05-21,120.0,120.0,120.0,120.0,0,0,1
FINNIFTY21MAY2420650CE.NFO,2024-05-07,13:26:00,2024-05-21,120.0,120.0,120.0,120.0,0,0,1
FINNIFTY21MAY2420650CE.NFO,2024-05-07,13:27:00,2024-05-21,120.0,120.0,120.0,120.0,0,0,1
FINNIFTY21MAY2420650CE.NFO,2024-05-07,13:28:00,2024-05-21,120.0,120.0,120.0,120.0,0,0,1
FINNIFTY21MAY2420650CE.NFO,2024-05-07,13:29:00,2024-05-21,120.0,120.0,120.0,120.0,0,0,1
FINNIFTY21MAY2420650CE.NFO,2024-05-07,13:30:00,2024-05-21,120.0,120.0,120.0,120.0,0,0,1
FINNIFTY21MAY2420650CE.NFO,2024-05-07,13:31:00,2024-05-21,120.0,120.0,120.0,120.0,0,0,1
FINNIFTY21MAY2420650CE.NFO,2024-05-07,13:32:00,2024-05-21,120.0,120.0,120.0,120.0,0,0,1
FINNIFTY21MAY2420650CE.NFO,2024-05-07,13:33:00,2024-05-21,120.0,120.0,120.0,120.0,0,0,1
FINNIFTY21MAY2420650CE.NFO,2024-05-07,13:34:00,2024-05-21,120.0,120.0,120.0,120.0,0,0,1
FINNIFTY21MAY2420650CE.NFO,2024-05-07,13:35:00,2024-05-21,120.0,120.0,120.0,120.0,0,0,1
FINNIFTY21MAY2420650CE.NFO,2024-05-07,13:36:00,2024-05-21,120.0,120.0,120.0,120.0,0,0,1
FINNIFTY21MAY2420650CE.NFO,2024-05-07,13:37:00,2024-05-21,120.0,120.0,120.0,120.0,0,0,1
FINNIFTY21MAY2420650CE.NFO,2024-05-07,13:38:00,2024-05-21,120.0,120.0,120.0,120.0,0,0,1
FINNIFTY21MAY2420650CE.NFO,2024-05-07,13:39:00,2024-05-21,120.0,120.0,120.0,120.0,0,0,1
FINNIFTY21MAY2420650CE.NFO,2024-05-07,13:40:00,2024-05-21,120.0,120.0,120.0,120.0,0,0,1
FINNIFTY21MAY2420650CE.NFO,2024-05-07,13:41:00,2024-05-21,120.0,120.0,120.0,120.0,0,0,1
FINNIFTY21MAY2420650CE.NFO,2024-05-07,13:42:00,2024-05-21,120.0,120.0,120.0,120.0,0,0,1
FINNIFTY21MAY2420650CE.NFO,2024-05-07,13:43:00,2024-05-21,120.0,120.0,120.0,120.0,0,0,1
FINNIFTY21MAY2420650CE.NFO,2024-05-07,13:44:00,2024-05-21,120.0,120.0,120.0,120.0,0,0,1
FINNIFTY21MAY2420650CE.NFO,2024-05-07,13:45:00,2024-05-21,120.0,120.0,120.0,120.0,0,0,1
FINNIFTY21MAY2420650CE.NFO,2024-05-07,13:46:00,2024-05-21,120.0,120.0,120.0,120.0,0,0,1
FINNIFTY21MAY2420650CE.NFO,2024-05-07,13:47:00,2024-05-21,120.0,120.0,120.0,120.0,0,0,1
FINNIFTY21MAY2420650CE.NFO,2024-05-07,13:48:00,2024-05-21,120.0,120.0,120.0,120.0,0,0,1
FINNIFTY21MAY2420650CE.NFO,2024-05-07,13:49:00,2024-05-21,120.0,120.0,120.0,120.0,0,0,1
FINNIFTY21MAY2420650CE.NFO,2024-05-07,13:50:00,2024-05-21,120.0,120.0,120.0,120.0,0,0,1
FINNIFTY21MAY2420650CE.NFO,2024-05-07,13:51:00,2024-05-21,120.0,120.0,120.0,120.0,0,0,1
FINNIFTY21MAY2420650CE.NFO,2024-05-07,13:52:00,2024-05-21,120.0,120.0,120.0,120.0,0,0,1
FINNIFTY21MAY2420650CE.NFO,2024-05-07,13:53:00,2024-05-21,120.0,120.0,120.0,120.0,0,0,1
FINNIFTY21MAY2420650CE.NFO,2024-05-07,13:54:00,2024-05-21,120.0,120.0,120.0,120.0,0,0,1
FINNIFTY21MAY2420650CE.NFO,2024-05-07,13:55:00,2024-05-21,120.0,120.0,120.0,120.0,0,0,1
FINNIFTY21MAY2420650CE.NFO,2024-05-07,13:56:00,2024-05-21,120.0,120.0,120.0,120.0,0,0,1
FINNIFTY21MAY2420650CE.NFO,2024-05-07,13:57:00,2024-05-21,120.0,120.0,120.0,120.0,0,0,1
FINNIFTY21MAY2420650CE.NFO,2024-05-07,13:58:00,2024-05-21,120.0,120.0,120.0,120.0,0,0,1
FINNIFTY21MAY2420650CE.NFO,2024-05-07,13:59:00,2024-05-21,120.0,120.0,120.0,120.0,0,0,1
FINNIFTY21MAY2420650CE.NFO,2024-05-07,14:00:00,2024-05-21,120.0,120.0,120.0,120.0,0,0,1
FINNIFTY21MAY2420650CE.NFO,2024-05-07,14:01:00,2024-05-21,120.0,120.0,120.0,120.0,0,0,1
FINNIFTY21MAY2420650CE.NFO,2024-05-07,14:02:00,2024-05-21,120.0,120.0,120.0,120.0,0,0,1
FINNIFTY21MAY2420650CE.NFO,2024-05-07,14:03:00,2024-05-21,120.0,120.0,120.0,120.0,0,0,1
FINNIFTY21MAY2420650CE.NFO,2024-05-07,14:04:00,2024-05-21,120.0,120.0,120.0,120.0,0,0,1
FINNIFTY21MAY2420650CE.NFO,2024-05-07,14:05:00,2024-05-21,120.0,120.0,120.0,120.0,0,0,1
FINNIFTY21MAY2420650CE.NFO,2024-05-07,14:06:00,2024-05-21,120.0,120.0,120.0,120.0,0,0,1
FINNIFTY21MAY2420650CE.NFO,2024-05-07,14:07:00,2024-05-21,120.0,120.0,120.0,120.0,0,0,1
FINNIFTY21MAY2420650CE.NFO,2024-05-07,14:08:00,2024-05-21,120.0,120.0,120.0,120.0,0,0,1
FINNIFTY21MAY2420650CE.NFO,2024-05-07,14:09:00,2024-05-21,120.0,120.0,120.0,120.0,0,0,1
FINNIFTY21MAY2420650CE.NFO,2024-05-07,14:10:00,2024-05-21,120.0,120.0,120.0,120.0,0,0,1
FINNIFTY21MAY2420650CE.NFO,2024-05-07,14:11:00,2024-05-21,120.0,120.0,120.0,120.0,0,0,1
FINNIFTY21MAY2420650CE.NFO,2024-05-07,14:12:00,2024-05-21,120.0,120.0,120.0,120.0,0,0,1
FINNIFTY21MAY2420650CE.NFO,2024-05-07,14:13:00,2024-05-21,120.0,120.0,120.0,120.0,0,0,1
FINNIFTY21MAY2420650CE.NFO,2024-05-07,14:14:00,2024-05-21,120.0,120.0,120.0,120.0,0,0,1
FINNIFTY21MAY2420650CE.NFO,2024-05-07,14:15:00,2024-05-21,120.0,120.0,120.0,120.0,0,0,1
FINNIFTY21MAY2420650CE.NFO,2024-05-07,14:16:00,2024-05-21,120.0,120.0,120.0,120.0,0,0,1
FINNIFTY21MAY2420650CE.NFO,2024-05-07,14:17:00,2024-05-21,120.0,120.0,120.0,120.0,0,0,1
FINNIFTY21MAY2420650CE.NFO,2024-05-07,14:18:00,2024-05-21,120.0,120.0,120.0,120.0,0,0,1
FINNIFTY21MAY2420650CE.NFO,2024-05-07,14:19:00,2024-05-21,120.0,120.0,120.0,120.0,0,0,1
FINNIFTY21MAY2420650CE.NFO,2024-05-07,14:20:00,2024-05-21,120.0,120.0,120.0,120.0,0,0,1
FINNIFTY21MAY2420650CE.NFO,2024-05-07,14:21:00,2024-05-21,120.0,120.0,120.0,120.0,0,0,1
FINNIFTY21MAY2420650CE.NFO,2024-05-07,14:22:00,2024-05-21,120.0,120.0,120.0,120.0,0,0,1
FINNIFTY21MAY2420650CE.NFO,2024-05-07,14:23:00,2024-05-21,120.0,120.0,120.0,120.0,0,0,1
FINNIFTY21MAY2420650CE.NFO,2024-05-07,14:24:00,2024-05-21,120.0,120.0,120.0,120.0,0,0,1
FINNIFTY21MAY2420650CE.NFO,2024-05-07,14:25:00,2024-05-21,120.0,120.0,120.0,120.0,0,0,1
FINNIFTY21MAY2420650CE.NFO,2024-05-07,14:26:00,2024-05-21,120.0,120.0,120.0,120.0,0,0,1
FINNIFTY21MAY2420650CE.NFO,2024-05-07,14:27:00,2024-05-21,120.0,120.0,120.0,120.0,0,0,1
FINNIFTY21MAY2420650CE.NFO,2024-05-07,14:28:00,2024-05-21,120.0,120.0,120.0,120.0,0,0,1
FINNIFTY21MAY2420650CE.NFO,2024-05-07,14:29:00,2024-05-21,120.0,120.0,120.0,120.0,0,0,1
FINNIFTY21MAY2420650CE.NFO,2024-05-07,14:30:00,2024-05-21,120.0,120.0,120.0,120.0,0,0,1
FINNIFTY21MAY2420650CE.NFO,2024-05-07,14:31:00,2024-05-21,120.0,120.0,120.0,120.0,0,0,1
FINNIFTY21MAY2420650CE.NFO,2024-05-07,14:32:00,2024-05-21,120.0,120.0,120.0,120.0,0,0,1
FINNIFTY21MAY2420650CE.NFO,2024-05-07,14:33:00,2024-05-21,120.0,120.0,120.0,120.0,0,0,1
FINNIFTY21MAY2420650CE.NFO,2024-05-07,14:34:00,2024-05-21,120.0,120.0,120.0,120.0,0,0,1
FINNIFTY21MAY2420650CE.NFO,2024-05-07,14:35:00,2024-05-21,120.0,120.0,120.0,120.0,0,0,1
FINNIFTY21MAY2420650CE.NFO,2024-05-07,14:36:00,2024-05-21,120.0,120.0,120.0,120.0,0,0,1
FINNIFTY21MAY2420650CE.NFO,2024-05-07,14:37:00,2024-05-21,120.0,120.0,120.0,120.0,0,0,1
FINNIFTY21MAY2420650CE.NFO,2024-05-07,14:38:00,2024-05-21,120.0,120.0,120.0,120.0,0,0,1
FINNIFTY21MAY2420650CE.NFO,2024-05-07,14:39:00,2024-05-21,120.0,120.0,120.0,120.0,0,0,1
FINNIFTY21MAY2420650CE.NFO,2024-05-07,14:40:00,2024-05-21,120.0,120.0,120.0,120.0,0,0,1
FINNIFTY21MAY2420650CE.NFO,2024-05-07,14:41:00,2024-05-21,120.0,120.0,120.0,120.0,0,0,1
FINNIFTY21MAY2420650CE.NFO,2024-05-07,14:42:00,2024-05-21,120.0,120.0,120.0,120.0,0,0,1
FINNIFTY21MAY2420650CE.NFO,2024-05-07,14:43:00,2024-05-21,120.0,120.0,120.0,120.0,0,0,1
FINNIFTY21MAY2420650CE.NFO,2024-05-07,14:44:00,2024-05-21,120.0,120.0,120.0,120.0,0,0,1
FINNIFTY21MAY2420650CE.NFO,2024-05-07,14:45:00,2024-05-21,120.0,120.0,120.0,120.0,0,0,1
FINNIFTY21MAY2420650CE.NFO,2024-05-07,14:46:00,2024-05-21,120.0,120.0,120.0,120.0,0,0,1
FINNIFTY21MAY2420650CE.NFO,2024-05-07,14:47:00,2024-05-21,120.0,120.0,120.0,120.0,0,0,1
FINNIFTY21MAY2420650CE.NFO,2024-05-07,14:48:00,2024-05-21,120.0,120.0,120.0,120.0,0,0,1
FINNIFTY21MAY2420650CE.NFO,2024-05-07,14:49:00,2024-05-21,120.0,120.0,120.0,120.0,0,0,1
FINNIFTY21MAY2420650CE.NFO,2024-05-07,14:50:00,2024-05-21,120.0,120.0,120.0,120.0,0,0,1
FINNIFTY21MAY2420650CE.NFO,2024-05-07,14:51:00,2024-05-21,120.0,120.0,120.0,120.0,0,0,1
FINNIFTY21MAY2420650CE.NFO,2024-05-07,14:52:00,2024-05-21,120.0,120.0,120.0,120.0,0,0,1
FINNIFTY21MAY2420650CE.NFO,2024-05-07,14:53:00,2024-05-21,120.0,120.0,120.0,120.0,0,0,1
FINNIFTY21MAY2420650CE.NFO,2024-05-07,14:54:00,2024-05-21,120.0,120.0,120.0,120.0,0,0,1
FINNIFTY21MAY2420650CE.NFO,2024-05-07,14:55:00,2024-05-21,120.0,120.0,120.0,120.0,0,0,1
FINNIFTY21MAY2420650CE.NFO,2024-05-07,14:56:00,2024-05-21,120.0,120.0,120.0,120.0,0,0,1
FINNIFTY21MAY2420650CE.NFO,2024-05-07,14:57:00,2024-05-21,120.0,120.0,120.0,120.0,0,0,1
FINNIFTY21MAY2420650CE.NFO,2024-05-07,14:58:00,2024-05-21,120.0,120.0,120.0,120.0,0,0,1
FINNIFTY21MAY2420650CE.NFO,2024-05-07,14:59:00,2024-05-21,120.0,120.0,120.0,120.0,0,0,1
FINNIFTY21MAY2420650CE.NFO,2024-05-07,15:00:00,2024-05-21,120.0,120.0,120.0,120.0,0,0,1
FINNIFTY21MAY2420650CE.NFO,2024-05-07,15:01:00,2024-05-21,120.0,120.0,120.0,120.0,0,0,1
FINNIFTY21MAY2420650CE.NFO,2024-05-07,15:02:00,2024-05-21,120.0,120.0,120.0,120.0,0,0,1
FINNIFTY21MAY2420650CE.NFO,2024-05-07,15:03:00,2024-05-21,120.0,120.0,120.0,120.0,0,0,1
FINNIFTY21MAY2420650CE.NFO,2024-05-07,15:04:00,2024-05-21,120.0,120.0,120.0,120.0,0,0,1
FINNIFTY21MAY2420650CE.NFO,2024-05-07,15:05:00,2024-05-21,120.0,120.0,120.0,120.0,0,0,1
FINNIFTY21MAY2420650CE.NFO,2024-05-07,15:06:00,2024-05-21,120.0,120.0,120.0,120.0,0,0,1
FINNIFTY21MAY2420650CE.NFO,2024-05-07,15:07:00,2024-05-21,120.0,120.0,120.0,120.0,0,0,1
FINNIFTY21MAY2420650CE.NFO,2024-05-07,15:08:00,2024-05-21,120.0,120.0,120.0,120.0,0,0,1
FINNIFTY21MAY2420650CE.NFO,2024-05-07,15:09:00,2024-05-21,120.0,120.0,120.0,120.0,0,0,1
FINNIFTY21MAY2420650CE.NFO,2024-05-07,15:10:00,2024-05-21,120.0,120.0,120.0,120.0,0,0,1
FINNIFTY21MAY2420650CE.NFO,2024-05-07,15:11:00,2024-05-21,120.0,120.0,120.0,120.0,0,0,1
FINNIFTY21MAY2420650CE.NFO,2024-05-07,15:12:00,2024-05-21,120.0,120.0,120.0,120.0,0,0,1
FINNIFTY21MAY2420650CE.NFO,2024-05-07,15:13:00,2024-05-21,120.0,120.0,120.0,120.0,0,0,1
FINNIFTY21MAY2420650CE.NFO,2024-05-07,15:14:00,2024-05-21,120.0,120.0,120.0,120.0,0,0,1
FINNIFTY21MAY2420650CE.NFO,2024-05-07,15:15:00,2024-05-21,120.0,120.0,120.0,120.0,0,0,1
FINNIFTY21MAY2420650CE.NFO,2024-05-07,15:16:00,2024-05-21,120.0,120.0,120.0,120.0,0,0,1
FINNIFTY21MAY2420650CE.NFO,2024-05-07,15:17:00,2024-05-21,120.0,120.0,120.0,120.0,0,0,1
FINNIFTY21MAY2420650CE.NFO,2024-05-07,15:18:00,2024-05-21,120.0,120.0,120.0,120.0,0,0,1
FINNIFTY21MAY2420650CE.NFO,2024-05-07,15:19:00,2024-05-21,120.0,120.0,120.0,120.0,0,0,1
FINNIFTY21MAY2420650CE.NFO,2024-05-07,15:20:00,2024-05-21,120.0,120.0,120.0,120.0,0,0,1
FINNIFTY21MAY2420650CE.NFO,2024-05-07,15:21:00,2024-05-21,120.0,120.0,120.0,120.0,0,0,1
FINNIFTY21MAY2420650CE.NFO,2024-05-07,15:22:00,2024-05-21,120.0,120.0,120.0,120.0,0,0,1
FINNIFTY21MAY2420650CE.NFO,2024-05-07,15:23:00,2024-05-21,120.0,120.0,120.0,120.0,0,0,1
FINNIFTY21MAY2420650CE.NFO,2024-05-07,15:24:00,2024-05-21,120.0,120.0,120.0,120.0,0,0,1
FINNIFTY21MAY2420650CE.NFO,2024-05-07,15:25:00,2024-05-21,120.0,120.0,120.0,120.0,0,0,1
FINNIFTY21MAY2420650CE.NFO,2024-05-07,15:26:00,2024-05-21,120.0,120.0,120.0,120.0,0,0,1
FINNIFTY21MAY2420650CE.NFO,2024-05-07,15:27:00,2024-05-21,120.0,120.0,120.0,120.0,0,0,1
FINNIFTY21MAY2420650CE.NFO,2024-05-07,15:28:00,2024-05-21,120.0,120.0,120.0,120.0,0,0,1
FINNIFTY21MAY2420650CE.NFO,2024-05-07,15:29:00,2024-05-21,120.0,120.0,120.0,120.0,0,0,1
FINNIFTY21MAY2420650CE.NFO,2024-05-07,15:30:00,2024-05-21,120.0,120.0,120.0,120.0,0,0,1
FINNIFTY21MAY2420650CE.NFO,2024-05-08,09:15:00,2024-05-21,120.0,120.0,120.0,120.0,0,0,0
FINNIFTY21MAY2420650CE.NFO,2024-05-08,09:16:00,2024-05-21,120.0,120.0,120.0,120.0,0,0,1
FINNIFTY21MAY2420650CE.NFO,2024-05-08,09:17:00,2024-05-21,120.0,120.0,120.0,120.0,0,0,1
FINNIFTY21MAY2420650CE.NFO,2024-05-08,09:18:00,2024-05-21,120.0,120.0,120.0,120.0,0,0,1
FINNIFTY21MAY2420650CE.NFO,2024-05-08,09:19:00,2024-05-21,120.0,120.0,120.0,120.0,0,0,1
FINNIFTY21MAY2420650CE.NFO,2024-05-08,09:20:00,2024-05-21,120.0,120.0,120.0,120.0,0,0,1
FINNIFTY21MAY2420650CE.NFO,2024-05-08,09:21:00,2024-05-21,120.0,120.0,120.0,120.0,0,0,1
FINNIFTY21MAY2420650CE.NFO,2024-05-08,09:22:00,2024-05-21,120.0,120.0,120.0,120.0,0,0,1
FINNIFTY21MAY2420650CE.NFO,2024-05-08,09:23:00,2024-05-21,120.0,120.0,120.0,120.0,0,0,1
FINNIFTY21MAY2420650CE.NFO,2024-05-08,09:24:00,2024-05-21,120.0,120.0,120.0,120.0,0,0,1
FINNIFTY21MAY2420650CE.NFO,2024-05-08,09:25:00,2024-05-21,120.0,120.0,120.0,120.0,0,0,1
FINNIFTY21MAY2420650CE.NFO,2024-05-08,09:26:00,2024-05-21,120.0,120.0,120.0,120.0,0,0,1
FINNIFTY21MAY2420650CE.NFO,2024-05-08,09:27:00,2024-05-21,120.0,120.0,120.0,120.0,0,0,1
FINNIFTY21MAY2420650CE.NFO,2024-05-08,09:28:00,2024-05-21,120.0,120.0,120.0,120.0,0,0,1
FINNIFTY21MAY2420650CE.NFO,2024-05-08,09:29:00,2024-05-21,120.0,120.0,120.0,120.0,0,0,1
FINNIFTY21MAY2420650CE.NFO,2024-05-08,09:30:00,2024-05-21,120.0,120.0,120.0,120.0,0,0,1
FINNIFTY21MAY2420650CE.NFO,2024-05-08,09:31:00,2024-05-21,120.0,120.0,120.0,120.0,0,0,1
FINNIFTY21MAY2420650CE.NFO,2024-05-08,09:32:00,2024-05-21,120.0,120.0,120.0,120.0,0,0,1
FINNIFTY21MAY2420650CE.NFO,2024-05-08,09:33:00,2024-05-21,120.0,120.0,120.0,120.0,0,0,1
FINNIFTY21MAY2420650CE.NFO,2024-05-08,09:34:00,2024-05-21,120.0,120.0,120.0,120.0,0,0,1
FINNIFTY21MAY2420650CE.NFO,2024-05-08,09:35:00,2024-05-21,120.0,120.0,120.0,120.0,0,0,1
FINNIFTY21MAY2420650CE.NFO,2024-05-08,09:36:00,2024-05-21,120.0,120.0,120.0,120.0,0,0,1
FINNIFTY21MAY2420650CE.NFO,2024-05-08,09:37:00,2024-05-21,120.0,120.0,120.0,120.0,0,0,1
FINNIFTY21MAY2420650CE.NFO,2024-05-08,09:38:00,2024-05-21,120.0,120.0,120.0,120.0,0,0,1
FINNIFTY21MAY2420650CE.NFO,2024-05-08,09:39:00,2024-05-21,120.0,120.0,120.0,120.0,0,0,1
FINNIFTY21MAY2420650CE.NFO,2024-05-08,09:40:00,2024-05-21,120.0,120.0,120.0,120.0,0,0,1
FINNIFTY21MAY2420650CE.NFO,2024-05-08,09:41:00,2024-05-21,120.0,120.0,120.0,120.0,0,0,1
FINNIFTY21MAY2420650CE.NFO,2024-05-08,09:42:00,2024-05-21,120.0,120.0,120.0,120.0,0,0,1
FINNIFTY21MAY2420650CE.NFO,2024-05-08,09:43:00,2024-05-21,120.0,120.0,120.0,120.0,0,0,1
FINNIFTY21MAY2420650CE.NFO,2024-05-08,09:44:00,2024-05-21,120.0,120.0,120.0,120.0,0,0,1
FINNIFTY21MAY2420650CE.NFO,2024-05-08,09:45:00,2024-05-21,120.0,120.0,120.0,120.0,0,0,1
FINNIFTY21MAY2420650CE.NFO,2024-05-08,09:46:00,2024-05-21,120.0,120.0,120.0,120.0,0,0,1
FINNIFTY21MAY2420650CE.NFO,2024-05-08,09:47:00,2024-05-21,120.0,120.0,120.0,120.0,0,0,1
FINNIFTY21MAY2420650CE.NFO,2024-05-08,09:48:00,2024-05-21,120.0,120.0,120.0,120.0,0,0,1
FINNIFTY21MAY2420650CE.NFO,2024-05-08,09:49:00,2024-05-21,120.0,120.0,120.0,120.0,0,0,1
FINNIFTY21MAY2420650CE.NFO,2024-05-08,09:50:00,2024-05-21,120.0,120.0,120.0,120.0,0,0,1
FINNIFTY21MAY2420650CE.NFO,2024-05-08,09:51:00,2024-05-21,120.0,120.0,120.0,120.0,0,0,1
FINNIFTY21MAY2420650CE.NFO,2024-05-08,09:52:00,2024-05-21,120.0,120.0,120.0,120.0,0,0,1
FINNIFTY21MAY2420650CE.NFO,2024-05-08,09:53:00,2024-05-21,120.0,120.0,120.0,120.0,0,0,1
FINNIFTY21MAY2420650CE.NFO,2024-05-08,09:54:00,2024-05-21,120.0,120.0,120.0,120.0,0,0,1
FINNIFTY21MAY2420650CE.NFO,2024-05-08,09:55:00,2024-05-21,120.0,120.0,120.0,120.0,0,0,1
FINNIFTY21MAY2420650CE.NFO,2024-05-08,09:56:00,2024-05-21,120.0,120.0,120.0,120.0,0,0,1
FINNIFTY21MAY2420650CE.NFO,2024-05-08,09:57:00,2024-05-21,120.0,120.0,120.0,120.0,0,0,1
FINNIFTY21MAY2420650CE.NFO,2024-05-08,09:58:00,2024-05-21,120.0,120.0,120.0,120.0,0,0,1
FINNIFTY21MAY2420650CE.NFO,2024-05-08,09:59:00,2024-05-21,120.0,120.0,120.0,120.0,0,0,1
FINNIFTY21MAY2420650CE.NFO,2024-05-08,10:00:00,2024-05-21,120.0,120.0,120.0,120.0,0,0,1
FINNIFTY21MAY2420650CE.NFO,2024-05-08,10:01:00,2024-05-21,120.0,120.0,120.0,120.0,0,0,1
FINNIFTY21MAY2420650CE.NFO,2024-05-08,10:02:00,2024-05-21,120.0,120.0,120.0,120.0,0,0,1
FINNIFTY21MAY2420650CE.NFO,2024-05-08,10:03:00,2024-05-21,120.0,120.0,120.0,120.0,0,0,1
FINNIFTY21MAY2420650CE.NFO,2024-05-08,10:04:00,2024-05-21,120.0,120.0,120.0,120.0,0,0,1
FINNIFTY21MAY2420650CE.NFO,2024-05-08,10:05:00,2024-05-21,120.0,120.0,120.0,120.0,0,0,1
FINNIFTY21MAY2420650CE.NFO,2024-05-08,10:06:00,2024-05-21,120.0,120.0,120.0,120.0,0,0,1
FINNIFTY21MAY2420650CE.NFO,2024-05-08,10:07:00,2024-05-21,120.0,120.0,120.0,120.0,0,0,1
FINNIFTY21MAY2420650CE.NFO,2024-05-08,10:08:00,2024-05-21,120.0,120.0,120.0,120.0,0,0,1
FINNIFTY21MAY2420650CE.NFO,2024-05-08,10:09:00,2024-05-21,120.0,120.0,120.0,120.0,0,0,1
FINNIFTY21MAY2420650CE.NFO,2024-05-08,10:10:00,2024-05-21,120.0,120.0,120.0,120.0,0,0,1
FINNIFTY21MAY2420650CE.NFO,2024-05-08,10:11:00,2024-05-21,120.0,120.0,120.0,120.0,0,0,1
FINNIFTY21MAY2420650CE.NFO,2024-05-08,10:12:00,2024-05-21,120.0,120.0,120.0,120.0,0,0,1
FINNIFTY21MAY2420650CE.NFO,2024-05-08,10:13:00,2024-05-21,120.0,120.0,120.0,120.0,0,0,1
FINNIFTY21MAY2420650CE.NFO,2024-05-08,10:14:00,2024-05-21,120.0,120.0,120.0,120.0,0,0,1
FINNIFTY21MAY2420650CE.NFO,2024-05-08,10:15:00,2024-05-21,120.0,120.0,120.0,120.0,0,0,1
FINNIFTY21MAY2420650CE.NFO,2024-05-08,10:16:00,2024-05-21,120.0,120.0,120.0,120.0,0,0,1
FINNIFTY21MAY2420650CE.NFO,2024-05-08,10:17:00,2024-05-21,120.0,120.0,120.0,120.0,0,0,1
FINNIFTY21MAY2420650CE.NFO,2024-05-08,10:18:00,2024-05-21,120.0,120.0,120.0,120.0,0,0,1
FINNIFTY21MAY2420650CE.NFO,2024-05-08,10:19:00,2024-05-21,120.0,120.0,120.0,120.0,0,0,1
FINNIFTY21MAY2420650CE.NFO,2024-05-08,10:20:00,2024-05-21,120.0,120.0,120.0,120.0,0,0,1
FINNIFTY21MAY2420650CE.NFO,2024-05-08,10:21:00,2024-05-21,120.0,120.0,120.0,120.0,0,0,1
FINNIFTY21MAY2420650CE.NFO,2024-05-08,10:22:00,2024-05-21,120.0,120.0,120.0,120.0,0,0,1
FINNIFTY21MAY2420650CE.NFO,2024-05-08,10:23:00,2024-05-21,120.0,120.0,120.0,120.0,0,0,1
FINNIFTY21MAY2420650CE.NFO,2024-05-08,10:24:00,2024-05-21,120.0,120.0,120.0,120.0,0,0,1
FINNIFTY21MAY2420650CE.NFO,2024-05-08,10:25:00,2024-05-21,120.0,120.0,120.0,120.0,0,0,1
FINNIFTY21MAY2420650CE.NFO,2024-05-08,10:26:00,2024-05-21,120.0,120.0,120.0,120.0,0,0,1
FINNIFTY21MAY2420650CE.NFO,2024-05-08,10:27:00,2024-05-21,120.0,120.0,120.0,120.0,0,0,1
FINNIFTY21MAY2420650CE.NFO,2024-05-08,10:28:00,2024-05-21,120.0,120.0,120.0,120.0,0,0,1
FINNIFTY21MAY2420650CE.NFO,2024-05-08,10:29:00,2024-05-21,120.0,120.0,120.0,120.0,0,0,1
FINNIFTY21MAY2420650CE.NFO,2024-05-08,10:30:00,2024-05-21,120.0,120.0,120.0,120.0,0,0,1
FINNIFTY21MAY2420650CE.NFO,2024-05-08,10:31:00,2024-05-21,120.0,120.0,120.0,120.0,0,0,1
FINNIFTY21MAY2420650CE.NFO,2024-05-08,10:32:00,2024-05-21,120.0,120.0,120.0,120.0,0,0,1
FINNIFTY21MAY2420650CE.NFO,2024-05-08,10:33:00,2024-05-21,120.0,120.0,120.0,120.0,0,0,1
FINNIFTY21MAY2420650CE.NFO,2024-05-08,10:34:00,2024-05-21,120.0,120.0,120.0,120.0,0,0,1
FINNIFTY21MAY2420650CE.NFO,2024-05-08,10:35:00,2024-05-21,120.0,120.0,120.0,120.0,0,0,1
FINNIFTY21MAY2420650CE.NFO,2024-05-08,10:36:00,2024-05-21,120.0,120.0,120.0,120.0,0,0,1
FINNIFTY21MAY2420650CE.NFO,2024-05-08,10:37:00,2024-05-21,120.0,120.0,120.0,120.0,0,0,1
FINNIFTY21MAY2420650CE.NFO,2024-05-08,10:38:00,2024-05-21,120.0,120.0,120.0,120.0,0,0,1
FINNIFTY21MAY2420650CE.NFO,2024-05-08,10:39:00,2024-05-21,120.0,120.0,120.0,120.0,0,0,1
FINNIFTY21MAY2420650CE.NFO,2024-05-08,10:40:00,2024-05-21,120.0,120.0,120.0,120.0,0,0,1
FINNIFTY21MAY2420650CE.NFO,2024-05-08,10:41:00,2024-05-21,120.0,120.0,120.0,120.0,0,0,1
FINNIFTY21MAY2420650CE.NFO,2024-05-08,10:42:00,2024-05-21,120.0,120.0,120.0,120.0,0,0,1
FINNIFTY21MAY2420650CE.NFO,2024-05-08,10:43:00,2024-05-21,120.0,120.0,120.0,120.0,0,0,1
FINNIFTY21MAY2420650CE.NFO,2024-05-08,10:44:00,2024-05-21,120.0,120.0,120.0,120.0,0,0,1
FINNIFTY21MAY2420650CE.NFO,2024-05-08,10:45:00,2024-05-21,120.0,120.0,120.0,120.0,0,0,1
FINNIFTY21MAY2420650CE.NFO,2024-05-08,10:46:00,2024-05-21,120.0,120.0,120.0,120.0,0,0,1
FINNIFTY21MAY2420650CE.NFO,2024-05-08,10:47:00,2024-05-21,120.0,120.0,120.0,120.0,0,0,1
FINNIFTY21MAY2420650CE.NFO,2024-05-08,10:48:00,2024-05-21,120.0,120.0,120.0,120.0,0,0,1
FINNIFTY21MAY2420650CE.NFO,2024-05-08,10:49:00,2024-05-21,120.0,120.0,120.0,120.0,0,0,1
FINNIFTY21MAY2420650CE.NFO,2024-05-08,10:50:00,2024-05-21,120.0,120.0,120.0,120.0,0,0,1
FINNIFTY21MAY2420650CE.NFO,2024-05-08,10:51:00,2024-05-21,120.0,120.0,120.0,120.0,0,0,1
FINNIFTY21MAY2420650CE.NFO,2024-05-08,10:52:00,2024-05-21,120.0,120.0,120.0,120.0,0,0,1
FINNIFTY21MAY2420650CE.NFO,2024-05-08,10:53:00,2024-05-21,120.0,120.0,120.0,120.0,0,0,1
FINNIFTY21MAY2420650CE.NFO,2024-05-08,10:54:00,2024-05-21,120.0,120.0,120.0,120.0,0,0,1
FINNIFTY21MAY2420650CE.NFO,2024-05-08,10:55:00,2024-05-21,120.0,120.0,120.0,120.0,0,0,1
FINNIFTY21MAY2420650CE.NFO,2024-05-08,10:56:00,2024-05-21,120.0,120.0,120.0,120.0,0,0,1
FINNIFTY21MAY2420650CE.NFO,2024-05-08,10:57:00,2024-05-21,120.0,120.0,120.0,120.0,0,0,1
FINNIFTY21MAY2420650CE.NFO,2024-05-08,10:58:00,2024-05-21,120.0,120.0,120.0,120.0,0,0,1
FINNIFTY21MAY2420650CE.NFO,2024-05-08,10:59:00,2024-05-21,120.0,120.0,120.0,120.0,0,0,1
FINNIFTY21MAY2420650CE.NFO,2024-05-08,11:00:00,2024-05-21,120.0,120.0,120.0,120.0,0,0,1
FINNIFTY21MAY2420650CE.NFO,2024-05-08,11:01:00,2024-05-21,120.0,120.0,120.0,120.0,0,0,1
FINNIFTY21MAY2420650CE.NFO,2024-05-08,11:02:00,2024-05-21,120.0,120.0,120.0,120.0,0,0,1
FINNIFTY21MAY2420650CE.NFO,2024-05-08,11:03:00,2024-05-21,120.0,120.0,120.0,120.0,0,0,1
FINNIFTY21MAY2420650CE.NFO,2024-05-08,11:04:00,2024-05-21,120.0,120.0,120.0,120.0,0,0,1
FINNIFTY21MAY2420650CE.NFO,2024-05-08,11:05:00,2024-05-21,120.0,120.0,120.0,120.0,0,0,1
FINNIFTY21MAY2420650CE.NFO,2024-05-08,11:06:00,2024-05-21,120.0,120.0,120.0,120.0,0,0,1
FINNIFTY21MAY2420650CE.NFO,2024-05-08,11:07:00,2024-05-21,120.0,120.0,120.0,120.0,0,0,1
FINNIFTY21MAY2420650CE.NFO,2024-05-08,11:08:00,2024-05-21,120.0,120.0,120.0,120.0,0,0,1
FINNIFTY21MAY2420650CE.NFO,2024-05-08,11:09:00,2024-05-21,120.0,120.0,120.0,120.0,0,0,1
FINNIFTY21MAY2420650CE.NFO,2024-05-08,11:10:00,2024-05-21,120.0,120.0,120.0,120.0,0,0,1
FINNIFTY21MAY2420650CE.NFO,2024-05-08,11:11:00,2024-05-21,120.0,120.0,120.0,120.0,0,0,1
FINNIFTY21MAY2420650CE.NFO,2024-05-08,11:12:00,2024-05-21,120.0,120.0,120.0,120.0,0,0,1
FINNIFTY21MAY2420650CE.NFO,2024-05-08,11:13:00,2024-05-21,120.0,120.0,120.0,120.0,0,0,1
FINNIFTY21MAY2420650CE.NFO,2024-05-08,11:14:00,2024-05-21,120.0,120.0,120.0,120.0,0,0,1
FINNIFTY21MAY2420650CE.NFO,2024-05-08,11:15:00,2024-05-21,120.0,120.0,120.0,120.0,0,0,1
FINNIFTY21MAY2420650CE.NFO,2024-05-08,11:16:00,2024-05-21,120.0,120.0,120.0,120.0,0,0,1
FINNIFTY21MAY2420650CE.NFO,2024-05-08,11:17:00,2024-05-21,120.0,120.0,120.0,120.0,0,0,1
FINNIFTY21MAY2420650CE.NFO,2024-05-08,11:18:00,2024-05-21,120.0,120.0,120.0,120.0,0,0,1
FINNIFTY21MAY2420650CE.NFO,2024-05-08,11:19:00,2024-05-21,120.0,120.0,120.0,120.0,0,0,1
FINNIFTY21MAY2420650CE.NFO,2024-05-08,11:20:00,2024-05-21,120.0,120.0,120.0,120.0,0,0,1
FINNIFTY21MAY2420650CE.NFO,2024-05-08,11:21:00,2024-05-21,120.0,120.0,120.0,120.0,0,0,1
FINNIFTY21MAY2420650CE.NFO,2024-05-08,11:22:00,2024-05-21,120.0,120.0,120.0,120.0,0,0,1
FINNIFTY21MAY2420650CE.NFO,2024-05-08,11:23:00,2024-05-21,120.0,120.0,120.0,120.0,0,0,1
FINNIFTY21MAY2420650CE.NFO,2024-05-08,11:24:00,2024-05-21,120.0,120.0,120.0,120.0,0,0,1
FINNIFTY21MAY2420650CE.NFO,2024-05-08,11:25:00,2024-05-21,120.0,120.0,120.0,120.0,0,0,1
FINNIFTY21MAY2420650CE.NFO,2024-05-08,11:26:00,2024-05-21,120.0,120.0,120.0,120.0,0,0,1
FINNIFTY21MAY2420650CE.NFO,2024-05-08,11:27:00,2024-05-21,120.0,120.0,120.0,120.0,0,0,1
FINNIFTY21MAY2420650CE.NFO,2024-05-08,11:28:00,2024-05-21,120.0,120.0,120.0,120.0,0,0,1
FINNIFTY21MAY2420650CE.NFO,2024-05-08,11:29:00,2024-05-21,120.0,120.0,120.0,120.0,0,0,1
FINNIFTY21MAY2420650CE.NFO,2024-05-08,11:30:00,2024-05-21,120.0,120.0,120.0,120.0,0,0,1
FINNIFTY21MAY2420650CE.NFO,2024-05-08,11:31:00,2024-05-21,120.0,120.0,120.0,120.0,0,0,1
FINNIFTY21MAY2420650CE.NFO,2024-05-08,11:32:00,2024-05-21,120.0,120.0,120.0,120.0,0,0,1
FINNIFTY21MAY2420650CE.NFO,2024-05-08,11:33:00,2024-05-21,120.0,120.0,120.0,120.0,0,0,1
FINNIFTY21MAY2420650CE.NFO,2024-05-08,11:34:00,2024-05-21,120.0,120.0,120.0,120.0,0,0,1
FINNIFTY21MAY2420650CE.NFO,2024-05-08,11:35:00,2024-05-21,120.0,120.0,120.0,120.0,0,0,1
FINNIFTY21MAY2420650CE.NFO,2024-05-08,11:36:00,2024-05-21,120.0,120.0,120.0,120.0,0,0,1
FINNIFTY21MAY2420650CE.NFO,2024-05-08,11:37:00,2024-05-21,120.0,120.0,120.0,120.0,0,0,1
FINNIFTY21MAY2420650CE.NFO,2024-05-08,11:38:00,2024-05-21,120.0,120.0,120.0,120.0,0,0,1
FINNIFTY21MAY2420650CE.NFO,2024-05-08,11:39:00,2024-05-21,120.0,120.0,120.0,120.0,0,0,1
FINNIFTY21MAY2420650CE.NFO,2024-05-08,11:40:00,2024-05-21,120.0,120.0,120.0,120.0,0,0,1
FINNIFTY21MAY2420650CE.NFO,2024-05-08,11:41:00,2024-05-21,120.0,120.0,120.0,120.0,0,0,1
FINNIFTY21MAY2420650CE.NFO,2024-05-08,11:42:00,2024-05-21,120.0,120.0,120.0,120.0,0,0,1
FINNIFTY21MAY2420650CE.NFO,2024-05-08,11:43:00,2024-05-21,120.0,120.0,120.0,120.0,0,0,1
FINNIFTY21MAY2420650CE.NFO,2024-05-08,11:44:00,2024-05-21,120.0,120.0,120.0,120.0,0,0,1
FINNIFTY21MAY2420650CE.NFO,2024-05-08,11:45:00,2024-05-21,120.0,120.0,120.0,120.0,0,0,1
FINNIFTY21MAY2420650CE.NFO,2024-05-08,11:46:00,2024-05-21,120.0,120.0,120.0,120.0,0,0,1
FINNIFTY21MAY2420650CE.NFO,2024-05-08,11:47:00,2024-05-21,120.0,120.0,120.0,120.0,0,0,1
FINNIFTY21MAY2420650CE.NFO,2024-05-08,11:48:00,2024-05-21,120.0,120.0,120.0,120.0,0,0,1
FINNIFTY21MAY2420650CE.NFO,2024-05-08,11:49:00,2024-05-21,120.0,120.0,120.0,120.0,0,0,1
FINNIFTY21MAY2420650CE.NFO,2024-05-08,11:50:00,2024-05-21,120.0,120.0,120.0,120.0,0,0,1
FINNIFTY21MAY2420650CE.NFO,2024-05-08,11:51:00,2024-05-21,120.0,120.0,120.0,120.0,0,0,1
FINNIFTY21MAY2420650CE.NFO,2024-05-08,11:52:00,2024-05-21,120.0,120.0,120.0,120.0,0,0,1
FINNIFTY21MAY2420650CE.NFO,2024-05-08,11:53:00,2024-05-21,120.0,120.0,120.0,120.0,0,0,1
FINNIFTY21MAY2420650CE.NFO,2024-05-08,11:54:00,2024-05-21,120.0,120.0,120.0,120.0,0,0,1
FINNIFTY21MAY2420650CE.NFO,2024-05-08,11:55:00,2024-05-21,120.0,120.0,120.0,120.0,0,0,1
FINNIFTY21MAY2420650CE.NFO,2024-05-08,11:56:00,2024-05-21,120.0,120.0,120.0,120.0,0,0,1
FINNIFTY21MAY2420650CE.NFO,2024-05-08,11:57:00,2024-05-21,120.0,120.0,120.0,120.0,0,0,1
FINNIFTY21MAY2420650CE.NFO,2024-05-08,11:58:00,2024-05-21,120.0,120.0,120.0,120.0,0,0,1
FINNIFTY21MAY2420650CE.NFO,2024-05-08,11:59:00,2024-05-21,120.0,120.0,120.0,120.0,0,0,1
FINNIFTY21MAY2420650CE.NFO,2024-05-08,12:00:00,2024-05-21,120.0,120.0,120.0,120.0,0,0,1
FINNIFTY21MAY2420650CE.NFO,2024-05-08,12:01:00,2024-05-21,120.0,120.0,120.0,120.0,0,0,1
FINNIFTY21MAY2420650CE.NFO,2024-05-08,12:02:00,2024-05-21,120.0,120.0,120.0,120.0,0,0,1
FINNIFTY21MAY2420650CE.NFO,2024-05-08,12:03:00,2024-05-21,120.0,120.0,120.0,120.0,0,0,1
FINNIFTY21MAY2420650CE.NFO,2024-05-08,12:04:00,2024-05-21,120.0,120.0,120.0,120.0,0,0,1
FINNIFTY21MAY2420650CE.NFO,2024-05-08,12:05:00,2024-05-21,120.0,120.0,120.0,120.0,0,0,1
FINNIFTY21MAY2420650CE.NFO,2024-05-08,12:06:00,2024-05-21,120.0,120.0,120.0,120.0,0,0,1
FINNIFTY21MAY2420650CE.NFO,2024-05-08,12:07:00,2024-05-21,120.0,120.0,120.0,120.0,0,0,1
FINNIFTY21MAY2420650CE.NFO,2024-05-08,12:08:00,2024-05-21,120.0,120.0,120.0,120.0,0,0,1
FINNIFTY21MAY2420650CE.NFO,2024-05-08,12:09:00,2024-05-21,120.0,120.0,120.0,120.0,0,0,1
FINNIFTY21MAY2420650CE.NFO,2024-05-08,12:10:00,2024-05-21,120.0,120.0,120.0,120.0,0,0,1
FINNIFTY21MAY2420650CE.NFO,2024-05-08,12:11:00,2024-05-21,120.0,120.0,120.0,120.0,0,0,1
FINNIFTY21MAY2420650CE.NFO,2024-05-08,12:12:00,2024-05-21,120.0,120.0,120.0,120.0,0,0,1
FINNIFTY21MAY2420650CE.NFO,2024-05-08,12:13:00,2024-05-21,120.0,120.0,120.0,120.0,0,0,1
FINNIFTY21MAY2420650CE.NFO,2024-05-08,12:14:00,2024-05-21,120.0,120.0,120.0,120.0,0,0,1
FINNIFTY21MAY2420650CE.NFO,2024-05-08,12:15:00,2024-05-21,120.0,120.0,120.0,120.0,0,0,1
FINNIFTY21MAY2420650CE.NFO,2024-05-08,12:16:00,2024-05-21,120.0,120.0,120.0,120.0,0,0,1
FINNIFTY21MAY2420650CE.NFO,2024-05-08,12:17:00,2024-05-21,120.0,120.0,120.0,120.0,0,0,1
FINNIFTY21MAY2420650CE.NFO,2024-05-08,12:18:00,2024-05-21,120.0,120.0,120.0,120.0,0,0,1
FINNIFTY21MAY2420650CE.NFO,2024-05-08,12:19:00,2024-05-21,120.0,120.0,120.0,120.0,0,0,1
FINNIFTY21MAY2420650CE.NFO,2024-05-08,12:20:00,2024-05-21,120.0,120.0,120.0,120.0,0,0,1
FINNIFTY21MAY2420650CE.NFO,2024-05-08,12:21:00,2024-05-21,120.0,120.0,120.0,120.0,0,0,1
FINNIFTY21MAY2420650CE.NFO,2024-05-08,12:22:00,2024-05-21,120.0,120.0,120.0,120.0,0,0,1
FINNIFTY21MAY2420650CE.NFO,2024-05-08,12:23:00,2024-05-21,120.0,120.0,120.0,120.0,0,0,1
FINNIFTY21MAY2420650CE.NFO,2024-05-08,12:24:00,2024-05-21,120.0,120.0,120.0,120.0,0,0,1
FINNIFTY21MAY2420650CE.NFO,2024-05-08,12:25:00,2024-05-21,120.0,120.0,120.0,120.0,0,0,1
FINNIFTY21MAY2420650CE.NFO,2024-05-08,12:26:00,2024-05-21,120.0,120.0,120.0,120.0,0,0,1
FINNIFTY21MAY2420650CE.NFO,2024-05-08,12:27:00,2024-05-21,120.0,120.0,120.0,120.0,0,0,1
FINNIFTY21MAY2420650CE.NFO,2024-05-08,12:28:00,2024-05-21,120.0,120.0,120.0,120.0,0,0,1
FINNIFTY21MAY2420650CE.NFO,2024-05-08,12:29:00,2024-05-21,120.0,120.0,120.0,120.0,0,0,1
FINNIFTY21MAY2420650CE.NFO,2024-05-08,12:30:00,2024-05-21,120.0,120.0,120.0,120.0,0,0,1
FINNIFTY21MAY2420650CE.NFO,2024-05-08,12:31:00,2024-05-21,120.0,120.0,120.0,120.0,0,0,1
FINNIFTY21MAY2420650CE.NFO,2024-05-08,12:32:00,2024-05-21,120.0,120.0,120.0,120.0,0,0,1
FINNIFTY21MAY2420650CE.NFO,2024-05-08,12:33:00,2024-05-21,120.0,120.0,120.0,120.0,0,0,1
FINNIFTY21MAY2420650CE.NFO,2024-05-08,12:34:00,2024-05-21,120.0,120.0,120.0,120.0,0,0,1
FINNIFTY21MAY2420650CE.NFO,2024-05-08,12:35:00,2024-05-21,120.0,120.0,120.0,120.0,0,0,1
FINNIFTY21MAY2420650CE.NFO,2024-05-08,12:36:00,2024-05-21,120.0,120.0,120.0,120.0,0,0,1
FINNIFTY21MAY2420650CE.NFO,2024-05-08,12:37:00,2024-05-21,120.0,120.0,120.0,120.0,0,0,1
FINNIFTY21MAY2420650CE.NFO,2024-05-08,12:38:00,2024-05-21,120.0,120.0,120.0,120.0,0,0,1
FINNIFTY21MAY2420650CE.NFO,2024-05-08,12:39:00,2024-05-21,120.0,120.0,120.0,120.0,0,0,1
FINNIFTY21MAY2420650CE.NFO,2024-05-08,12:40:00,2024-05-21,120.0,120.0,120.0,120.0,0,0,1
FINNIFTY21MAY2420650CE.NFO,2024-05-08,12:41:00,2024-05-21,120.0,120.0,120.0,120.0,0,0,1
FINNIFTY21MAY2420650CE.NFO,2024-05-08,12:42:00,2024-05-21,120.0,120.0,120.0,120.0,0,0,1
FINNIFTY21MAY2420650CE.NFO,2024-05-08,12:43:00,2024-05-21,120.0,120.0,120.0,120.0,0,0,1
FINNIFTY21MAY2420650CE.NFO,2024-05-08,12:44:00,2024-05-21,120.0,120.0,120.0,120.0,0,0,1
FINNIFTY21MAY2420650CE.NFO,2024-05-08,12:45:00,2024-05-21,120.0,120.0,120.0,120.0,0,0,1
FINNIFTY21MAY2420650CE.NFO,2024-05-08,12:46:00,2024-05-21,120.0,120.0,120.0,120.0,0,0,1
FINNIFTY21MAY2420650CE.NFO,2024-05-08,12:47:00,2024-05-21,120.0,120.0,120.0,120.0,0,0,1
FINNIFTY21MAY2420650CE.NFO,2024-05-08,12:48:00,2024-05-21,120.0,120.0,120.0,120.0,0,0,1
FINNIFTY21MAY2420650CE.NFO,2024-05-08,12:49:00,2024-05-21,120.0,120.0,120.0,120.0,0,0,1
FINNIFTY21MAY2420650CE.NFO,2024-05-08,12:50:00,2024-05-21,120.0,120.0,120.0,120.0,0,0,1
FINNIFTY21MAY2420650CE.NFO,2024-05-08,12:51:00,2024-05-21,120.0,120.0,120.0,120.0,0,0,1
FINNIFTY21MAY2420650CE.NFO,2024-05-08,12:52:00,2024-05-21,120.0,120.0,120.0,120.0,0,0,1
FINNIFTY21MAY2420650CE.NFO,2024-05-08,12:53:00,2024-05-21,120.0,120.0,120.0,120.0,0,0,1
FINNIFTY21MAY2420650CE.NFO,2024-05-08,12:54:00,2024-05-21,120.0,120.0,120.0,120.0,0,0,1
FINNIFTY21MAY2420650CE.NFO,2024-05-08,12:55:00,2024-05-21,120.0,120.0,120.0,120.0,0,0,1
FINNIFTY21MAY2420650CE.NFO,2024-05-08,12:56:00,2024-05-21,120.0,120.0,120.0,120.0,0,0,1
FINNIFTY21MAY2420650CE.NFO,2024-05-08,12:57:00,2024-05-21,120.0,120.0,120.0,120.0,0,0,1
FINNIFTY21MAY2420650CE.NFO,2024-05-08,12:58:00,2024-05-21,120.0,120.0,120.0,120.0,0,0,1
FINNIFTY21MAY2420650CE.NFO,2024-05-08,12:59:00,2024-05-21,120.0,120.0,120.0,120.0,0,0,1
FINNIFTY21MAY2420650CE.NFO,2024-05-08,13:00:00,2024-05-21,120.0,120.0,120.0,120.0,0,0,1
FINNIFTY21MAY2420650CE.NFO,2024-05-08,13:01:00,2024-05-21,120.0,120.0,120.0,120.0,0,0,1
FINNIFTY21MAY2420650CE.NFO,2024-05-08,13:02:00,2024-05-21,120.0,120.0,120.0,120.0,0,0,1
FINNIFTY21MAY2420650CE.NFO,2024-05-08,13:03:00,2024-05-21,120.0,120.0,120.0,120.0,0,0,1
FINNIFTY21MAY2420650CE.NFO,2024-05-08,13:04:00,2024-05-21,120.0,120.0,120.0,120.0,0,0,1
FINNIFTY21MAY2420650CE.NFO,2024-05-08,13:05:00,2024-05-21,120.0,120.0,120.0,120.0,0,0,1
FINNIFTY21MAY2420650CE.NFO,2024-05-08,13:06:00,2024-05-21,120.0,120.0,120.0,120.0,0,0,1
FINNIFTY21MAY2420650CE.NFO,2024-05-08,13:07:00,2024-05-21,120.0,120.0,120.0,120.0,0,0,1
FINNIFTY21MAY2420650CE.NFO,2024-05-08,13:08:00,2024-05-21,120.0,120.0,120.0,120.0,0,0,1
FINNIFTY21MAY2420650CE.NFO,2024-05-08,13:09:00,2024-05-21,120.0,120.0,120.0,120.0,0,0,1
FINNIFTY21MAY2420650CE.NFO,2024-05-08,13:10:00,2024-05-21,120.0,120.0,120.0,120.0,0,0,1
FINNIFTY21MAY2420650CE.NFO,2024-05-08,13:11:00,2024-05-21,120.0,120.0,120.0,120.0,0,0,1
FINNIFTY21MAY2420650CE.NFO,2024-05-08,13:12:00,2024-05-21,120.0,120.0,120.0,120.0,0,0,1
FINNIFTY21MAY2420650CE.NFO,2024-05-08,13:13:00,2024-05-21,120.0,120.0,120.0,120.0,0,0,1
FINNIFTY21MAY2420650CE.NFO,2024-05-08,13:14:00,2024-05-21,120.0,120.0,120.0,120.0,0,0,1
FINNIFTY21MAY2420650CE.NFO,2024-05-08,13:15:00,2024-05-21,120.0,120.0,120.0,120.0,0,0,1
FINNIFTY21MAY2420650CE.NFO,2024-05-08,13:16:00,2024-05-21,120.0,120.0,120.0,120.0,0,0,1
FINNIFTY21MAY2420650CE.NFO,2024-05-08,13:17:00,2024-05-21,120.0,120.0,120.0,120.0,0,0,1
FINNIFTY21MAY2420650CE.NFO,2024-05-08,13:18:00,2024-05-21,120.0,120.0,120.0,120.0,0,0,1
FINNIFTY21MAY2420650CE.NFO,2024-05-08,13:19:00,2024-05-21,120.0,120.0,120.0,120.0,0,0,1
FINNIFTY21MAY2420650CE.NFO,2024-05-08,13:20:00,2024-05-21,120.0,120.0,120.0,120.0,0,0,1
FINNIFTY21MAY2420650CE.NFO,2024-05-08,13:21:00,2024-05-21,120.0,120.0,120.0,120.0,0,0,1
FINNIFTY21MAY2420650CE.NFO,2024-05-08,13:22:00,2024-05-21,120.0,120.0,120.0,120.0,0,0,1
FINNIFTY21MAY2420650CE.NFO,2024-05-08,13:23:00,2024-05-21,120.0,120.0,120.0,120.0,0,0,1
FINNIFTY21MAY2420650CE.NFO,2024-05-08,13:24:00,2024-05-21,120.0,120.0,120.0,120.0,0,0,1
FINNIFTY21MAY2420650CE.NFO,2024-05-08,13:25:00,2024-05-21,120.0,120.0,120.0,120.0,0,0,1
FINNIFTY21MAY2420650CE.NFO,2024-05-08,13:26:00,2024-05-21,120.0,120.0,120.0,120.0,0,0,1
FINNIFTY21MAY2420650CE.NFO,2024-05-08,13:27:00,2024-05-21,120.0,120.0,120.0,120.0,0,0,1
FINNIFTY21MAY2420650CE.NFO,2024-05-08,13:28:00,2024-05-21,120.0,120.0,120.0,120.0,0,0,1
FINNIFTY21MAY2420650CE.NFO,2024-05-08,13:29:00,2024-05-21,120.0,120.0,120.0,120.0,0,0,1
FINNIFTY21MAY2420650CE.NFO,2024-05-08,13:30:00,2024-05-21,120.0,120.0,120.0,120.0,0,0,1
FINNIFTY21MAY2420650CE.NFO,2024-05-08,13:31:00,2024-05-21,120.0,120.0,120.0,120.0,0,0,1
FINNIFTY21MAY2420650CE.NFO,2024-05-08,13:32:00,2024-05-21,120.0,120.0,120.0,120.0,0,0,1
FINNIFTY21MAY2420650CE.NFO,2024-05-08,13:33:00,2024-05-21,120.0,120.0,120.0,120.0,0,0,1
FINNIFTY21MAY2420650CE.NFO,2024-05-08,13:34:00,2024-05-21,120.0,120.0,120.0,120.0,0,0,1
FINNIFTY21MAY2420650CE.NFO,2024-05-08,13:35:00,2024-05-21,120.0,120.0,120.0,120.0,0,0,1
FINNIFTY21MAY2420650CE.NFO,2024-05-08,13:36:00,2024-05-21,120.0,120.0,120.0,120.0,0,0,1
FINNIFTY21MAY2420650CE.NFO,2024-05-08,13:37:00,2024-05-21,120.0,120.0,120.0,120.0,0,0,1
FINNIFTY21MAY2420650CE.NFO,2024-05-08,13:38:00,2024-05-21,120.0,120.0,120.0,120.0,0,0,1
FINNIFTY21MAY2420650CE.NFO,2024-05-08,13:39:00,2024-05-21,120.0,120.0,120.0,120.0,0,0,1
FINNIFTY21MAY2420650CE.NFO,2024-05-08,13:40:00,2024-05-21,120.0,120.0,120.0,120.0,0,0,1
FINNIFTY21MAY2420650CE.NFO,2024-05-08,13:41:00,2024-05-21,120.0,120.0,120.0,120.0,0,0,1
FINNIFTY21MAY2420650CE.NFO,2024-05-08,13:42:00,2024-05-21,120.0,120.0,120.0,120.0,0,0,1
FINNIFTY21MAY2420650CE.NFO,2024-05-08,13:43:00,2024-05-21,120.0,120.0,120.0,120.0,0,0,1
FINNIFTY21MAY2420650CE.NFO,2024-05-08,13:44:00,2024-05-21,120.0,120.0,120.0,120.0,0,0,1
FINNIFTY21MAY2420650CE.NFO,2024-05-08,13:45:00,2024-05-21,120.0,120.0,120.0,120.0,0,0,1
FINNIFTY21MAY2420650CE.NFO,2024-05-08,13:46:00,2024-05-21,120.0,120.0,120.0,120.0,0,0,1
FINNIFTY21MAY2420650CE.NFO,2024-05-08,13:47:00,2024-05-21,120.0,120.0,120.0,120.0,0,0,1
FINNIFTY21MAY2420650CE.NFO,2024-05-08,13:48:00,2024-05-21,120.0,120.0,120.0,120.0,0,0,1
FINNIFTY21MAY2420650CE.NFO,2024-05-08,13:49:00,2024-05-21,120.0,120.0,120.0,120.0,0,0,1
FINNIFTY21MAY2420650CE.NFO,2024-05-08,13:50:00,2024-05-21,120.0,120.0,120.0,120.0,0,0,1
FINNIFTY21MAY2420650CE.NFO,2024-05-08,13:51:00,2024-05-21,120.0,120.0,120.0,120.0,0,0,1
FINNIFTY21MAY2420650CE.NFO,2024-05-08,13:52:00,2024-05-21,120.0,120.0,120.0,120.0,0,0,1
FINNIFTY21MAY2420650CE.NFO,2024-05-08,13:53:00,2024-05-21,120.0,120.0,120.0,120.0,0,0,1
FINNIFTY21MAY2420650CE.NFO,2024-05-08,13:54:00,2024-05-21,120.0,120.0,120.0,120.0,0,0,1
FINNIFTY21MAY2420650CE.NFO,2024-05-08,13:55:00,2024-05-21,120.0,120.0,120.0,120.0,0,0,1
FINNIFTY21MAY2420650CE.NFO,2024-05-08,13:56:00,2024-05-21,120.0,120.0,120.0,120.0,0,0,1
FINNIFTY21MAY2420650CE.NFO,2024-05-08,13:57:00,2024-05-21,120.0,120.0,120.0,120.0,0,0,1
FINNIFTY21MAY2420650CE.NFO,2024-05-08,13:58:00,2024-05-21,120.0,120.0,120.0,120.0,0,0,1
FINNIFTY21MAY2420650CE.NFO,2024-05-08,13:59:00,2024-05-21,120.0,120.0,120.0,120.0,0,0,1
FINNIFTY21MAY2420650CE.NFO,2024-05-08,14:00:00,2024-05-21,120.0,120.0,120.0,120.0,0,0,1
FINNIFTY21MAY2420650CE.NFO,2024-05-08,14:01:00,2024-05-21,120.0,120.0,120.0,120.0,0,0,1
FINNIFTY21MAY2420650CE.NFO,2024-05-08,14:02:00,2024-05-21,120.0,120.0,120.0,120.0,0,0,1
FINNIFTY21MAY2420650CE.NFO,2024-05-08,14:03:00,2024-05-21,120.0,120.0,120.0,120.0,0,0,1
FINNIFTY21MAY2420650CE.NFO,2024-05-08,14:04:00,2024-05-21,120.0,120.0,120.0,120.0,0,0,1
FINNIFTY21MAY2420650CE.NFO,2024-05-08,14:05:00,2024-05-21,120.0,120.0,120.0,120.0,0,0,1
FINNIFTY21MAY2420650CE.NFO,2024-05-08,14:06:00,2024-05-21,120.0,120.0,120.0,120.0,0,0,1
FINNIFTY21MAY2420650CE.NFO,2024-05-08,14:07:00,2024-05-21,120.0,120.0,120.0,120.0,0,0,1
FINNIFTY21MAY2420650CE.NFO,2024-05-08,14:08:00,2024-05-21,120.0,120.0,120.0,120.0,0,0,1
FINNIFTY21MAY2420650CE.NFO,2024-05-08,14:09:00,2024-05-21,120.0,120.0,120.0,120.0,0,0,1
FINNIFTY21MAY2420650CE.NFO,2024-05-08,14:10:00,2024-05-21,120.0,120.0,120.0,120.0,0,0,1
FINNIFTY21MAY2420650CE.NFO,2024-05-08,14:11:00,2024-05-21,120.0,120.0,120.0,120.0,0,0,1
FINNIFTY21MAY2420650CE.NFO,2024-05-08,14:12:00,2024-05-21,120.0,120.0,120.0,120.0,0,0,1
FINNIFTY21MAY2420650CE.NFO,2024-05-08,14:13:00,2024-05-21,120.0,120.0,120.0,120.0,0,0,1
FINNIFTY21MAY2420650CE.NFO,2024-05-08,14:14:00,2024-05-21,120.0,120.0,120.0,120.0,0,0,1
FINNIFTY21MAY2420650CE.NFO,2024-05-08,14:15:00,2024-05-21,120.0,120.0,120.0,120.0,0,0,1
FINNIFTY21MAY2420650CE.NFO,2024-05-08,14:16:00,2024-05-21,120.0,120.0,120.0,120.0,0,0,1
FINNIFTY21MAY2420650CE.NFO,2024-05-08,14:17:00,2024-05-21,120.0,120.0,120.0,120.0,0,0,1
FINNIFTY21MAY2420650CE.NFO,2024-05-08,14:18:00,2024-05-21,120.0,120.0,120.0,120.0,0,0,1
FINNIFTY21MAY2420650CE.NFO,2024-05-08,14:19:00,2024-05-21,120.0,120.0,120.0,120.0,0,0,1
FINNIFTY21MAY2420650CE.NFO,2024-05-08,14:20:00,2024-05-21,120.0,120.0,120.0,120.0,0,0,1
FINNIFTY21MAY2420650CE.NFO,2024-05-08,14:21:00,2024-05-21,120.0,120.0,120.0,120.0,0,0,1
FINNIFTY21MAY2420650CE.NFO,2024-05-08,14:22:00,2024-05-21,120.0,120.0,120.0,120.0,0,0,1
FINNIFTY21MAY2420650CE.NFO,2024-05-08,14:23:00,2024-05-21,120.0,120.0,120.0,120.0,0,0,1
FINNIFTY21MAY2420650CE.NFO,2024-05-08,14:24:00,2024-05-21,120.0,120.0,120.0,120.0,0,0,1
FINNIFTY21MAY2420650CE.NFO,2024-05-08,14:25:00,2024-05-21,120.0,120.0,120.0,120.0,0,0,1
FINNIFTY21MAY2420650CE.NFO,2024-05-08,14:26:00,2024-05-21,120.0,120.0,120.0,120.0,0,0,1
FINNIFTY21MAY2420650CE.NFO,2024-05-08,14:27:00,2024-05-21,120.0,120.0,120.0,120.0,0,0,1
FINNIFTY21MAY2420650CE.NFO,2024-05-08,14:28:00,2024-05-21,120.0,120.0,120.0,120.0,0,0,1
FINNIFTY21MAY2420650CE.NFO,2024-05-08,14:29:00,2024-05-21,120.0,120.0,120.0,120.0,0,0,1
FINNIFTY21MAY2420650CE.NFO,2024-05-08,14:30:00,2024-05-21,120.0,120.0,120.0,120.0,0,0,1
FINNIFTY21MAY2420650CE.NFO,2024-05-08,14:31:00,2024-05-21,120.0,120.0,120.0,120.0,0,0,1
FINNIFTY21MAY2420650CE.NFO,2024-05-08,14:32:00,2024-05-21,120.0,120.0,120.0,120.0,0,0,1
FINNIFTY21MAY2420650CE.NFO,2024-05-08,14:33:00,2024-05-21,120.0,120.0,120.0,120.0,0,0,1
FINNIFTY21MAY2420650CE.NFO,2024-05-08,14:34:00,2024-05-21,120.0,120.0,120.0,120.0,0,0,1
FINNIFTY21MAY2420650CE.NFO,2024-05-08,14:35:00,2024-05-21,120.0,120.0,120.0,120.0,0,0,1
FINNIFTY21MAY2420650CE.NFO,2024-05-08,14:36:00,2024-05-21,120.0,120.0,120.0,120.0,0,0,1
FINNIFTY21MAY2420650CE.NFO,2024-05-08,14:37:00,2024-05-21,120.0,120.0,120.0,120.0,0,0,1
FINNIFTY21MAY2420650CE.NFO,2024-05-08,14:38:00,2024-05-21,120.0,120.0,120.0,120.0,0,0,1
FINNIFTY21MAY2420650CE.NFO,2024-05-08,14:39:00,2024-05-21,120.0,120.0,120.0,120.0,0,0,1
FINNIFTY21MAY2420650CE.NFO,2024-05-08,14:40:00,2024-05-21,120.0,120.0,120.0,120.0,0,0,1
FINNIFTY21MAY2420650CE.NFO,2024-05-08,14:41:00,2024-05-21,120.0,120.0,120.0,120.0,0,0,1
FINNIFTY21MAY2420650CE.NFO,2024-05-08,14:42:00,2024-05-21,120.0,120.0,120.0,120.0,0,0,1
FINNIFTY21MAY2420650CE.NFO,2024-05-08,14:43:00,2024-05-21,120.0,120.0,120.0,120.0,0,0,1
FINNIFTY21MAY2420650CE.NFO,2024-05-08,14:44:00,2024-05-21,120.0,120.0,120.0,120.0,0,0,1
FINNIFTY21MAY2420650CE.NFO,2024-05-08,14:45:00,2024-05-21,120.0,120.0,120.0,120.0,0,0,1
FINNIFTY21MAY2420650CE.NFO,2024-05-08,14:46:00,2024-05-21,120.0,120.0,120.0,120.0,0,0,1
FINNIFTY21MAY2420650CE.NFO,2024-05-08,14:47:00,2024-05-21,120.0,120.0,120.0,120.0,0,0,1
FINNIFTY21MAY2420650CE.NFO,2024-05-08,14:48:00,2024-05-21,120.0,120.0,120.0,120.0,0,0,1
FINNIFTY21MAY2420650CE.NFO,2024-05-08,14:49:00,2024-05-21,120.0,120.0,120.0,120.0,0,0,1
FINNIFTY21MAY2420650CE.NFO,2024-05-08,14:50:00,2024-05-21,120.0,120.0,120.0,120.0,0,0,1
FINNIFTY21MAY2420650CE.NFO,2024-05-08,14:51:00,2024-05-21,120.0,120.0,120.0,120.0,0,0,1
FINNIFTY21MAY2420650CE.NFO,2024-05-08,14:52:00,2024-05-21,120.0,120.0,120.0,120.0,0,0,1
FINNIFTY21MAY2420650CE.NFO,2024-05-08,14:53:00,2024-05-21,120.0,120.0,120.0,120.0,0,0,1
FINNIFTY21MAY2420650CE.NFO,2024-05-08,14:54:00,2024-05-21,120.0,120.0,120.0,120.0,0,0,1
FINNIFTY21MAY2420650CE.NFO,2024-05-08,14:55:00,2024-05-21,120.0,120.0,120.0,120.0,0,0,1
FINNIFTY21MAY2420650CE.NFO,2024-05-08,14:56:00,2024-05-21,120.0,120.0,120.0,120.0,0,0,1
FINNIFTY21MAY2420650CE.NFO,2024-05-08,14:57:00,2024-05-21,120.0,120.0,120.0,120.0,0,0,1
FINNIFTY21MAY2420650CE.NFO,2024-05-08,14:58:00,2024-05-21,120.0,120.0,120.0,120.0,0,0,1
FINNIFTY21MAY2420650CE.NFO,2024-05-08,14:59:00,2024-05-21,120.0,120.0,120.0,120.0,0,0,1
FINNIFTY21MAY2420650CE.NFO,2024-05-08,15:00:00,2024-05-21,120.0,120.0,120.0,120.0,0,0,1
FINNIFTY21MAY2420650CE.NFO,2024-05-08,15:01:00,2024-05-21,120.0,120.0,120.0,120.0,0,0,1
FINNIFTY21MAY2420650CE.NFO,2024-05-08,15:02:00,2024-05-21,120.0,120.0,120.0,120.0,0,0,1
FINNIFTY21MAY2420650CE.NFO,2024-05-08,15:03:00,2024-05-21,120.0,120.0,120.0,120.0,0,0,1
FINNIFTY21MAY2420650CE.NFO,2024-05-08,15:04:00,2024-05-21,120.0,120.0,120.0,120.0,0,0,1
FINNIFTY21MAY2420650CE.NFO,2024-05-08,15:05:00,2024-05-21,120.0,120.0,120.0,120.0,0,0,1
FINNIFTY21MAY2420650CE.NFO,2024-05-08,15:06:00,2024-05-21,120.0,120.0,120.0,120.0,0,0,1
FINNIFTY21MAY2420650CE.NFO,2024-05-08,15:07:00,2024-05-21,120.0,120.0,120.0,120.0,0,0,1
FINNIFTY21MAY2420650CE.NFO,2024-05-08,15:08:00,2024-05-21,120.0,120.0,120.0,120.0,0,0,1
FINNIFTY21MAY2420650CE.NFO,2024-05-08,15:09:00,2024-05-21,120.0,120.0,120.0,120.0,0,0,1
FINNIFTY21MAY2420650CE.NFO,2024-05-08,15:10:00,2024-05-21,120.0,120.0,120.0,120.0,0,0,1
FINNIFTY21MAY2420650CE.NFO,2024-05-08,15:11:00,2024-05-21,120.0,120.0,120.0,120.0,0,0,1
FINNIFTY21MAY2420650CE.NFO,2024-05-08,15:12:00,2024-05-21,120.0,120.0,120.0,120.0,0,0,1
FINNIFTY21MAY2420650CE.NFO,2024-05-08,15:13:00,2024-05-21,120.0,120.0,120.0,120.0,0,0,1
FINNIFTY21MAY2420650CE.NFO,2024-05-08,15:14:00,2024-05-21,120.0,120.0,120.0,120.0,0,0,1
FINNIFTY21MAY2420650CE.NFO,2024-05-08,15:15:00,2024-05-21,120.0,120.0,120.0,120.0,0,0,1
FINNIFTY21MAY2420650CE.NFO,2024-05-08,15:16:00,2024-05-21,120.0,120.0,120.0,120.0,0,0,1
FINNIFTY21MAY2420650CE.NFO,2024-05-08,15:17:00,2024-05-21,120.0,120.0,120.0,120.0,0,0,1
FINNIFTY21MAY2420650CE.NFO,2024-05-08,15:18:00,2024-05-21,120.0,120.0,120.0,120.0,0,0,1
FINNIFTY21MAY2420650CE.NFO,2024-05-08,15:19:00,2024-05-21,120.0,120.0,120.0,120.0,0,0,1
FINNIFTY21MAY2420650CE.NFO,2024-05-08,15:20:00,2024-05-21,120.0,120.0,120.0,120.0,0,0,1
FINNIFTY21MAY2420650CE.NFO,2024-05-08,15:21:00,2024-05-21,120.0,120.0,120.0,120.0,0,0,1
FINNIFTY21MAY2420650CE.NFO,2024-05-08,15:22:00,2024-05-21,120.0,120.0,120.0,120.0,0,0,1
FINNIFTY21MAY2420650CE.NFO,2024-05-08,15:23:00,2024-05-21,120.0,120.0,120.0,120.0,0,0,1
FINNIFTY21MAY2420650CE.NFO,2024-05-08,15:24:00,2024-05-21,120.0,120.0,120.0,120.0,0,0,1
FINNIFTY21MAY2420650CE.NFO,2024-05-08,15:25:00,2024-05-21,120.0,120.0,120.0,120.0,0,0,1
FINNIFTY21MAY2420650CE.NFO,2024-05-08,15:26:00,2024-05-21,120.0,120.0,120.0,120.0,0,0,1
FINNIFTY21MAY2420650CE.NFO,2024-05-08,15:27:00,2024-05-21,120.0,120.0,120.0,120.0,0,0,1
FINNIFTY21MAY2420650CE.NFO,2024-05-08,15:28:00,2024-05-21,120.0,120.0,120.0,120.0,0,0,1
FINNIFTY21MAY2420650CE.NFO,2024-05-08,15:29:00,2024-05-21,120.0,120.0,120.0,120.0,0,0,1
FINNIFTY21MAY2420650CE.NFO,2024-05-08,15:30:00,2024-05-21,120.0,120.0,120.0,120.0,0,0,1
FINNIFTY21MAY2420650CE.NFO,2024-05-09,09:15:00,2024-05-21,120.0,120.0,120.0,120.0,0,0,0
FINNIFTY21MAY2420650CE.NFO,2024-05-09,09:16:00,2024-05-21,120.0,120.0,120.0,120.0,0,0,1
FINNIFTY21MAY2420650CE.NFO,2024-05-09,09:17:00,2024-05-21,120.0,120.0,120.0,120.0,0,0,1
FINNIFTY21MAY2420650CE.NFO,2024-05-09,09:18:00,2024-05-21,120.0,120.0,120.0,120.0,0,0,1
FINNIFTY21MAY2420650CE.NFO,2024-05-09,09:19:00,2024-05-21,120.0,120.0,120.0,120.0,0,0,1
FINNIFTY21MAY2420650CE.NFO,2024-05-09,09:20:00,2024-05-21,120.0,120.0,120.0,120.0,0,0,1
FINNIFTY21MAY2420650CE.NFO,2024-05-09,09:21:00,2024-05-21,120.0,120.0,120.0,120.0,0,0,1
FINNIFTY21MAY2420650CE.NFO,2024-05-09,09:22:00,2024-05-21,120.0,120.0,120.0,120.0,0,0,1
FINNIFTY21MAY2420650CE.NFO,2024-05-09,09:23:00,2024-05-21,120.0,120.0,120.0,120.0,0,0,1
FINNIFTY21MAY2420650CE.NFO,2024-05-09,09:24:00,2024-05-21,120.0,120.0,120.0,120.0,0,0,1
FINNIFTY21MAY2420650CE.NFO,2024-05-09,09:25:00,2024-05-21,120.0,120.0,120.0,120.0,0,0,1
FINNIFTY21MAY2420650CE.NFO,2024-05-09,09:26:00,2024-05-21,120.0,120.0,120.0,120.0,0,0,1
FINNIFTY21MAY2420650CE.NFO,2024-05-09,09:27:00,2024-05-21,120.0,120.0,120.0,120.0,0,0,1
FINNIFTY21MAY2420650CE.NFO,2024-05-09,09:28:00,2024-05-21,120.0,120.0,120.0,120.0,0,0,1
FINNIFTY21MAY2420650CE.NFO,2024-05-09,09:29:00,2024-05-21,120.0,120.0,120.0,120.0,0,0,1
FINNIFTY21MAY2420650CE.NFO,2024-05-09,09:30:00,2024-05-21,120.0,120.0,120.0,120.0,0,0,1
FINNIFTY21MAY2420650CE.NFO,2024-05-09,09:31:00,2024-05-21,120.0,120.0,120.0,120.0,0,0,1
FINNIFTY21MAY2420650CE.NFO,2024-05-09,09:32:00,2024-05-21,120.0,120.0,120.0,120.0,0,0,1
FINNIFTY21MAY2420650CE.NFO,2024-05-09,09:33:00,2024-05-21,120.0,120.0,120.0,120.0,0,0,1
FINNIFTY21MAY2420650CE.NFO,2024-05-09,09:34:00,2024-05-21,120.0,120.0,120.0,120.0,0,0,1
FINNIFTY21MAY2420650CE.NFO,2024-05-09,09:35:00,2024-05-21,120.0,120.0,120.0,120.0,0,0,1
FINNIFTY21MAY2420650CE.NFO,2024-05-09,09:36:00,2024-05-21,120.0,120.0,120.0,120.0,0,0,1
FINNIFTY21MAY2420650CE.NFO,2024-05-09,09:37:00,2024-05-21,120.0,120.0,120.0,120.0,0,0,1
FINNIFTY21MAY2420650CE.NFO,2024-05-09,09:38:00,2024-05-21,120.0,120.0,120.0,120.0,0,0,1
FINNIFTY21MAY2420650CE.NFO,2024-05-09,09:39:00,2024-05-21,120.0,120.0,120.0,120.0,0,0,1
FINNIFTY21MAY2420650CE.NFO,2024-05-09,09:40:00,2024-05-21,120.0,120.0,120.0,120.0,0,0,1
FINNIFTY21MAY2420650CE.NFO,2024-05-09,09:41:00,2024-05-21,120.0,120.0,120.0,120.0,0,0,1
FINNIFTY21MAY2420650CE.NFO,2024-05-09,09:42:00,2024-05-21,120.0,120.0,120.0,120.0,0,0,1
FINNIFTY21MAY2420650CE.NFO,2024-05-09,09:43:00,2024-05-21,120.0,120.0,120.0,120.0,0,0,1
FINNIFTY21MAY2420650CE.NFO,2024-05-09,09:44:00,2024-05-21,120.0,120.0,120.0,120.0,0,0,1
FINNIFTY21MAY2420650CE.NFO,2024-05-09,09:45:00,2024-05-21,120.0,120.0,120.0,120.0,0,0,1
FINNIFTY21MAY2420650CE.NFO,2024-05-09,09:46:00,2024-05-21,120.0,120.0,120.0,120.0,0,0,1
FINNIFTY21MAY2420650CE.NFO,2024-05-09,09:47:00,2024-05-21,120.0,120.0,120.0,120.0,0,0,1
FINNIFTY21MAY2420650CE.NFO,2024-05-09,09:48:00,2024-05-21,120.0,120.0,120.0,120.0,0,0,1
FINNIFTY21MAY2420650CE.NFO,2024-05-09,09:49:00,2024-05-21,120.0,120.0,120.0,120.0,0,0,1
FINNIFTY21MAY2420650CE.NFO,2024-05-09,09:50:00,2024-05-21,120.0,120.0,120.0,120.0,0,0,1
FINNIFTY21MAY2420650CE.NFO,2024-05-09,09:51:00,2024-05-21,120.0,120.0,120.0,120.0,0,0,1
FINNIFTY21MAY2420650CE.NFO,2024-05-09,09:52:00,2024-05-21,120.0,120.0,120.0,120.0,0,0,1
FINNIFTY21MAY2420650CE.NFO,2024-05-09,09:53:00,2024-05-21,120.0,120.0,120.0,120.0,0,0,1
FINNIFTY21MAY2420650CE.NFO,2024-05-09,09:54:00,2024-05-21,120.0,120.0,120.0,120.0,0,0,1
FINNIFTY21MAY2420650CE.NFO,2024-05-09,09:55:00,2024-05-21,120.0,120.0,120.0,120.0,0,0,1
FINNIFTY21MAY2420650CE.NFO,2024-05-09,09:56:00,2024-05-21,120.0,120.0,120.0,120.0,0,0,1
FINNIFTY21MAY2420650CE.NFO,2024-05-09,09:57:00,2024-05-21,120.0,120.0,120.0,120.0,0,0,1
FINNIFTY21MAY2420650CE.NFO,2024-05-09,09:58:00,2024-05-21,120.0,120.0,120.0,120.0,0,0,1
FINNIFTY21MAY2420650CE.NFO,2024-05-09,09:59:00,2024-05-21,120.0,120.0,120.0,120.0,0,0,1
FINNIFTY21MAY2420650CE.NFO,2024-05-09,10:00:00,2024-05-21,120.0,120.0,120.0,120.0,0,0,1
FINNIFTY21MAY2420650CE.NFO,2024-05-09,10:01:00,2024-05-21,120.0,120.0,120.0,120.0,0,0,1
FINNIFTY21MAY2420650CE.NFO,2024-05-09,10:02:00,2024-05-21,120.0,120.0,120.0,120.0,0,0,1
FINNIFTY21MAY2420650CE.NFO,2024-05-09,10:03:00,2024-05-21,120.0,120.0,120.0,120.0,0,0,1
FINNIFTY21MAY2420650CE.NFO,2024-05-09,10:04:00,2024-05-21,120.0,120.0,120.0,120.0,0,0,1
FINNIFTY21MAY2420650CE.NFO,2024-05-09,10:05:00,2024-05-21,120.0,120.0,120.0,120.0,0,0,1
FINNIFTY21MAY2420650CE.NFO,2024-05-09,10:06:00,2024-05-21,120.0,120.0,120.0,120.0,0,0,1
FINNIFTY21MAY2420650CE.NFO,2024-05-09,10:07:00,2024-05-21,120.0,120.0,120.0,120.0,0,0,1
FINNIFTY21MAY2420650CE.NFO,2024-05-09,10:08:00,2024-05-21,120.0,120.0,120.0,120.0,0,0,1
FINNIFTY21MAY2420650CE.NFO,2024-05-09,10:09:00,2024-05-21,120.0,120.0,120.0,120.0,0,0,1
FINNIFTY21MAY2420650CE.NFO,2024-05-09,10:10:00,2024-05-21,120.0,120.0,120.0,120.0,0,0,1
FINNIFTY21MAY2420650CE.NFO,2024-05-09,10:11:00,2024-05-21,120.0,120.0,120.0,120.0,0,0,1
FINNIFTY21MAY2420650CE.NFO,2024-05-09,10:12:00,2024-05-21,120.0,120.0,120.0,120.0,0,0,1
FINNIFTY21MAY2420650CE.NFO,2024-05-09,10:13:00,2024-05-21,120.0,120.0,120.0,120.0,0,0,1
FINNIFTY21MAY2420650CE.NFO,2024-05-09,10:14:00,2024-05-21,120.0,120.0,120.0,120.0,0,0,1
FINNIFTY21MAY2420650CE.NFO,2024-05-09,10:15:00,2024-05-21,120.0,120.0,120.0,120.0,0,0,1
FINNIFTY21MAY2420650CE.NFO,2024-05-09,10:16:00,2024-05-21,120.0,120.0,120.0,120.0,0,0,1
FINNIFTY21MAY2420650CE.NFO,2024-05-09,10:17:00,2024-05-21,120.0,120.0,120.0,120.0,0,0,1
FINNIFTY21MAY2420650CE.NFO,2024-05-09,10:18:00,2024-05-21,120.0,120.0,120.0,120.0,0,0,1
FINNIFTY21MAY2420650CE.NFO,2024-05-09,10:19:00,2024-05-21,120.0,120.0,120.0,120.0,0,0,1
FINNIFTY21MAY2420650CE.NFO,2024-05-09,10:20:00,2024-05-21,120.0,120.0,120.0,120.0,0,0,1
FINNIFTY21MAY2420650CE.NFO,2024-05-09,10:21:00,2024-05-21,120.0,120.0,120.0,120.0,0,0,1
FINNIFTY21MAY2420650CE.NFO,2024-05-09,10:22:00,2024-05-21,120.0,120.0,120.0,120.0,0,0,1
FINNIFTY21MAY2420650CE.NFO,2024-05-09,10:23:00,2024-05-21,120.0,120.0,120.0,120.0,0,0,1
FINNIFTY21MAY2420650CE.NFO,2024-05-09,10:24:00,2024-05-21,120.0,120.0,120.0,120.0,0,0,1
FINNIFTY21MAY2420650CE.NFO,2024-05-09,10:25:00,2024-05-21,120.0,120.0,120.0,120.0,0,0,1
FINNIFTY21MAY2420650CE.NFO,2024-05-09,10:26:00,2024-05-21,120.0,120.0,120.0,120.0,0,0,1
FINNIFTY21MAY2420650CE.NFO,2024-05-09,10:27:00,2024-05-21,120.0,120.0,120.0,120.0,0,0,1
FINNIFTY21MAY2420650CE.NFO,2024-05-09,10:28:00,2024-05-21,120.0,120.0,120.0,120.0,0,0,1
FINNIFTY21MAY2420650CE.NFO,2024-05-09,10:29:00,2024-05-21,120.0,120.0,120.0,120.0,0,0,1
FINNIFTY21MAY2420650CE.NFO,2024-05-09,10:30:00,2024-05-21,120.0,120.0,120.0,120.0,0,0,1
FINNIFTY21MAY2420650CE.NFO,2024-05-09,10:31:00,2024-05-21,120.0,120.0,120.0,120.0,0,0,1
FINNIFTY21MAY2420650CE.NFO,2024-05-09,10:32:00,2024-05-21,120.0,120.0,120.0,120.0,0,0,1
FINNIFTY21MAY2420650CE.NFO,2024-05-09,10:33:00,2024-05-21,120.0,120.0,120.0,120.0,0,0,1
FINNIFTY21MAY2420650CE.NFO,2024-05-09,10:34:00,2024-05-21,120.0,120.0,120.0,120.0,0,0,1
FINNIFTY21MAY2420650CE.NFO,2024-05-09,10:35:00,2024-05-21,120.0,120.0,120.0,120.0,0,0,1
FINNIFTY21MAY2420650CE.NFO,2024-05-09,10:36:00,2024-05-21,120.0,120.0,120.0,120.0,0,0,1
FINNIFTY21MAY2420650CE.NFO,2024-05-09,10:37:00,2024-05-21,120.0,120.0,120.0,120.0,0,0,1
FINNIFTY21MAY2420650CE.NFO,2024-05-09,10:38:00,2024-05-21,120.0,120.0,120.0,120.0,0,0,1
FINNIFTY21MAY2420650CE.NFO,2024-05-09,10:39:00,2024-05-21,120.0,120.0,120.0,120.0,0,0,1
FINNIFTY21MAY2420650CE.NFO,2024-05-09,10:40:00,2024-05-21,120.0,120.0,120.0,120.0,0,0,1
FINNIFTY21MAY2420650CE.NFO,2024-05-09,10:41:00,2024-05-21,120.0,120.0,120.0,120.0,0,0,1
FINNIFTY21MAY2420650CE.NFO,2024-05-09,10:42:00,2024-05-21,120.0,120.0,120.0,120.0,0,0,1
FINNIFTY21MAY2420650CE.NFO,2024-05-09,10:43:00,2024-05-21,120.0,120.0,120.0,120.0,0,0,1
FINNIFTY21MAY2420650CE.NFO,2024-05-09,10:44:00,2024-05-21,120.0,120.0,120.0,120.0,0,0,1
FINNIFTY21MAY2420650CE.NFO,2024-05-09,10:45:00,2024-05-21,120.0,120.0,120.0,120.0,0,0,1
FINNIFTY21MAY2420650CE.NFO,2024-05-09,10:46:00,2024-05-21,120.0,120.0,120.0,120.0,0,0,1
FINNIFTY21MAY2420650CE.NFO,2024-05-09,10:47:00,2024-05-21,120.0,120.0,120.0,120.0,0,0,1
FINNIFTY21MAY2420650CE.NFO,2024-05-09,10:48:00,2024-05-21,120.0,120.0,120.0,120.0,0,0,1
FINNIFTY21MAY2420650CE.NFO,2024-05-09,10:49:00,2024-05-21,120.0,120.0,120.0,120.0,0,0,1
FINNIFTY21MAY2420650CE.NFO,2024-05-09,10:50:00,2024-05-21,120.0,120.0,120.0,120.0,0,0,1
FINNIFTY21MAY2420650CE.NFO,2024-05-09,10:51:00,2024-05-21,120.0,120.0,120.0,120.0,0,0,1
FINNIFTY21MAY2420650CE.NFO,2024-05-09,10:52:00,2024-05-21,120.0,120.0,120.0,120.0,0,0,1
FINNIFTY21MAY2420650CE.NFO,2024-05-09,10:53:00,2024-05-21,120.0,120.0,120.0,120.0,0,0,1
FINNIFTY21MAY2420650CE.NFO,2024-05-09,10:54:00,2024-05-21,120.0,120.0,120.0,120.0,0,0,1
FINNIFTY21MAY2420650CE.NFO,2024-05-09,10:55:00,2024-05-21,120.0,120.0,120.0,120.0,0,0,1
FINNIFTY21MAY2420650CE.NFO,2024-05-09,10:56:00,2024-05-21,120.0,120.0,120.0,120.0,0,0,1
FINNIFTY21MAY2420650CE.NFO,2024-05-09,10:57:00,2024-05-21,120.0,120.0,120.0,120.0,0,0,1
FINNIFTY21MAY2420650CE.NFO,2024-05-09,10:58:00,2024-05-21,120.0,120.0,120.0,120.0,0,0,1
FINNIFTY21MAY2420650CE.NFO,2024-05-09,10:59:00,2024-05-21,120.0,120.0,120.0,120.0,0,0,1
FINNIFTY21MAY2420650CE.NFO,2024-05-09,11:00:00,2024-05-21,120.0,120.0,120.0,120.0,0,0,1
FINNIFTY21MAY2420650CE.NFO,2024-05-09,11:01:00,2024-05-21,120.0,120.0,120.0,120.0,0,0,1
FINNIFTY21MAY2420650CE.NFO,2024-05-09,11:02:00,2024-05-21,120.0,120.0,120.0,120.0,0,0,1
FINNIFTY21MAY2420650CE.NFO,2024-05-09,11:03:00,2024-05-21,120.0,120.0,120.0,120.0,0,0,1
FINNIFTY21MAY2420650CE.NFO,2024-05-09,11:04:00,2024-05-21,120.0,120.0,120.0,120.0,0,0,1
FINNIFTY21MAY2420650CE.NFO,2024-05-09,11:05:00,2024-05-21,120.0,120.0,120.0,120.0,0,0,1
FINNIFTY21MAY2420650CE.NFO,2024-05-09,11:06:00,2024-05-21,120.0,120.0,120.0,120.0,0,0,1
FINNIFTY21MAY2420650CE.NFO,2024-05-09,11:07:00,2024-05-21,120.0,120.0,120.0,120.0,0,0,1
FINNIFTY21MAY2420650CE.NFO,2024-05-09,11:08:00,2024-05-21,120.0,120.0,120.0,120.0,0,0,1
FINNIFTY21MAY2420650CE.NFO,2024-05-09,11:09:00,2024-05-21,120.0,120.0,120.0,120.0,0,0,1
FINNIFTY21MAY2420650CE.NFO,2024-05-09,11:10:00,2024-05-21,120.0,120.0,120.0,120.0,0,0,1
FINNIFTY21MAY2420650CE.NFO,2024-05-09,11:11:00,2024-05-21,120.0,120.0,120.0,120.0,0,0,1
FINNIFTY21MAY2420650CE.NFO,2024-05-09,11:12:00,2024-05-21,120.0,120.0,120.0,120.0,0,0,1
FINNIFTY21MAY2420650CE.NFO,2024-05-09,11:13:00,2024-05-21,120.0,120.0,120.0,120.0,0,0,1
FINNIFTY21MAY2420650CE.NFO,2024-05-09,11:14:00,2024-05-21,120.0,120.0,120.0,120.0,0,0,1
FINNIFTY21MAY2420650CE.NFO,2024-05-09,11:15:00,2024-05-21,120.0,120.0,120.0,120.0,0,0,1
FINNIFTY21MAY2420650CE.NFO,2024-05-09,11:16:00,2024-05-21,120.0,120.0,120.0,120.0,0,0,1
FINNIFTY21MAY2420650CE.NFO,2024-05-09,11:17:00,2024-05-21,120.0,120.0,120.0,120.0,0,0,1
FINNIFTY21MAY2420650CE.NFO,2024-05-09,11:18:00,2024-05-21,120.0,120.0,120.0,120.0,0,0,1
FINNIFTY21MAY2420650CE.NFO,2024-05-09,11:19:00,2024-05-21,120.0,120.0,120.0,120.0,0,0,1
FINNIFTY21MAY2420650CE.NFO,2024-05-09,11:20:00,2024-05-21,120.0,120.0,120.0,120.0,0,0,1
FINNIFTY21MAY2420650CE.NFO,2024-05-09,11:21:00,2024-05-21,120.0,120.0,120.0,120.0,0,0,1
FINNIFTY21MAY2420650CE.NFO,2024-05-09,11:22:00,2024-05-21,120.0,120.0,120.0,120.0,0,0,1
FINNIFTY21MAY2420650CE.NFO,2024-05-09,11:23:00,2024-05-21,120.0,120.0,120.0,120.0,0,0,1
FINNIFTY21MAY2420650CE.NFO,2024-05-09,11:24:00,2024-05-21,120.0,120.0,120.0,120.0,0,0,1
FINNIFTY21MAY2420650CE.NFO,2024-05-09,11:25:00,2024-05-21,120.0,120.0,120.0,120.0,0,0,1
FINNIFTY21MAY2420650CE.NFO,2024-05-09,11:26:00,2024-05-21,120.0,120.0,120.0,120.0,0,0,1
FINNIFTY21MAY2420650CE.NFO,2024-05-09,11:27:00,2024-05-21,120.0,120.0,120.0,120.0,0,0,1
FINNIFTY21MAY2420650CE.NFO,2024-05-09,11:28:00,2024-05-21,120.0,120.0,120.0,120.0,0,0,1
FINNIFTY21MAY2420650CE.NFO,2024-05-09,11:29:00,2024-05-21,120.0,120.0,120.0,120.0,0,0,1
FINNIFTY21MAY2420650CE.NFO,2024-05-09,11:30:00,2024-05-21,120.0,120.0,120.0,120.0,0,0,1
FINNIFTY21MAY2420650CE.NFO,2024-05-09,11:31:00,2024-05-21,120.0,120.0,120.0,120.0,0,0,1
FINNIFTY21MAY2420650CE.NFO,2024-05-09,11:32:00,2024-05-21,120.0,120.0,120.0,120.0,0,0,1
FINNIFTY21MAY2420650CE.NFO,2024-05-09,11:33:00,2024-05-21,120.0,120.0,120.0,120.0,0,0,1
FINNIFTY21MAY2420650CE.NFO,2024-05-09,11:34:00,2024-05-21,120.0,120.0,120.0,120.0,0,0,1
FINNIFTY21MAY2420650CE.NFO,2024-05-09,11:35:00,2024-05-21,120.0,120.0,120.0,120.0,0,0,1
FINNIFTY21MAY2420650CE.NFO,2024-05-09,11:36:00,2024-05-21,120.0,120.0,120.0,120.0,0,0,1
FINNIFTY21MAY2420650CE.NFO,2024-05-09,11:37:00,2024-05-21,120.0,120.0,120.0,120.0,0,0,1
FINNIFTY21MAY2420650CE.NFO,2024-05-09,11:38:00,2024-05-21,120.0,120.0,120.0,120.0,0,0,1
FINNIFTY21MAY2420650CE.NFO,2024-05-09,11:39:00,2024-05-21,120.0,120.0,120.0,120.0,0,0,1
FINNIFTY21MAY2420650CE.NFO,2024-05-09,11:40:00,2024-05-21,120.0,120.0,120.0,120.0,0,0,1
FINNIFTY21MAY2420650CE.NFO,2024-05-09,11:41:00,2024-05-21,120.0,120.0,120.0,120.0,0,0,1
FINNIFTY21MAY2420650CE.NFO,2024-05-09,11:42:00,2024-05-21,120.0,120.0,120.0,120.0,0,0,1
FINNIFTY21MAY2420650CE.NFO,2024-05-09,11:43:00,2024-05-21,120.0,120.0,120.0,120.0,0,0,1
FINNIFTY21MAY2420650CE.NFO,2024-05-09,11:44:00,2024-05-21,120.0,120.0,120.0,120.0,0,0,1
FINNIFTY21MAY2420650CE.NFO,2024-05-09,11:45:00,2024-05-21,120.0,120.0,120.0,120.0,0,0,1
FINNIFTY21MAY2420650CE.NFO,2024-05-09,11:46:00,2024-05-21,120.0,120.0,120.0,120.0,0,0,1
FINNIFTY21MAY2420650CE.NFO,2024-05-09,11:47:00,2024-05-21,120.0,120.0,120.0,120.0,0,0,1
FINNIFTY21MAY2420650CE.NFO,2024-05-09,11:48:00,2024-05-21,120.0,120.0,120.0,120.0,0,0,1
FINNIFTY21MAY2420650CE.NFO,2024-05-09,11:49:00,2024-05-21,120.0,120.0,120.0,120.0,0,0,1
FINNIFTY21MAY2420650CE.NFO,2024-05-09,11:50:00,2024-05-21,120.0,120.0,120.0,120.0,0,0,1
FINNIFTY21MAY2420650CE.NFO,2024-05-09,11:51:00,2024-05-21,120.0,120.0,120.0,120.0,0,0,1
FINNIFTY21MAY2420650CE.NFO,2024-05-09,11:52:00,2024-05-21,120.0,120.0,120.0,120.0,0,0,1
FINNIFTY21MAY2420650CE.NFO,2024-05-09,11:53:00,2024-05-21,120.0,120.0,120.0,120.0,0,0,1
FINNIFTY21MAY2420650CE.NFO,2024-05-09,11:54:00,2024-05-21,120.0,120.0,120.0,120.0,0,0,1
FINNIFTY21MAY2420650CE.NFO,2024-05-09,11:55:00,2024-05-21,120.0,120.0,120.0,120.0,0,0,1
FINNIFTY21MAY2420650CE.NFO,2024-05-09,11:56:00,2024-05-21,120.0,120.0,120.0,120.0,0,0,1
FINNIFTY21MAY2420650CE.NFO,2024-05-09,11:57:00,2024-05-21,120.0,120.0,120.0,120.0,0,0,1
FINNIFTY21MAY2420650CE.NFO,2024-05-09,11:58:00,2024-05-21,120.0,120.0,120.0,120.0,0,0,1
FINNIFTY21MAY2420650CE.NFO,2024-05-09,11:59:00,2024-05-21,120.0,120.0,120.0,120.0,0,0,1
FINNIFTY21MAY2420650CE.NFO,2024-05-09,12:00:00,2024-05-21,120.0,120.0,120.0,120.0,0,0,1
FINNIFTY21MAY2420650CE.NFO,2024-05-09,12:01:00,2024-05-21,120.0,120.0,120.0,120.0,0,0,1
FINNIFTY21MAY2420650CE.NFO,2024-05-09,12:02:00,2024-05-21,120.0,120.0,120.0,120.0,0,0,1
FINNIFTY21MAY2420650CE.NFO,2024-05-09,12:03:00,2024-05-21,120.0,120.0,120.0,120.0,0,0,1
FINNIFTY21MAY2420650CE.NFO,2024-05-09,12:04:00,2024-05-21,120.0,120.0,120.0,120.0,0,0,1
FINNIFTY21MAY2420650CE.NFO,2024-05-09,12:05:00,2024-05-21,120.0,120.0,120.0,120.0,0,0,1
FINNIFTY21MAY2420650CE.NFO,2024-05-09,12:06:00,2024-05-21,120.0,120.0,120.0,120.0,0,0,1
FINNIFTY21MAY2420650CE.NFO,2024-05-09,12:07:00,2024-05-21,120.0,120.0,120.0,120.0,0,0,1
FINNIFTY21MAY2420650CE.NFO,2024-05-09,12:08:00,2024-05-21,120.0,120.0,120.0,120.0,0,0,1
FINNIFTY21MAY2420650CE.NFO,2024-05-09,12:09:00,2024-05-21,120.0,120.0,120.0,120.0,0,0,1
FINNIFTY21MAY2420650CE.NFO,2024-05-09,12:10:00,2024-05-21,120.0,120.0,120.0,120.0,0,0,1
FINNIFTY21MAY2420650CE.NFO,2024-05-09,12:11:00,2024-05-21,120.0,120.0,120.0,120.0,0,0,1
FINNIFTY21MAY2420650CE.NFO,2024-05-09,12:12:00,2024-05-21,120.0,120.0,120.0,120.0,0,0,1
FINNIFTY21MAY2420650CE.NFO,2024-05-09,12:13:00,2024-05-21,120.0,120.0,120.0,120.0,0,0,1
FINNIFTY21MAY2420650CE.NFO,2024-05-09,12:14:00,2024-05-21,120.0,120.0,120.0,120.0,0,0,1
FINNIFTY21MAY2420650CE.NFO,2024-05-09,12:15:00,2024-05-21,120.0,120.0,120.0,120.0,0,0,1
FINNIFTY21MAY2420650CE.NFO,2024-05-09,12:16:00,2024-05-21,120.0,120.0,120.0,120.0,0,0,1
FINNIFTY21MAY2420650CE.NFO,2024-05-09,12:17:00,2024-05-21,120.0,120.0,120.0,120.0,0,0,1
FINNIFTY21MAY2420650CE.NFO,2024-05-09,12:18:00,2024-05-21,120.0,120.0,120.0,120.0,0,0,1
FINNIFTY21MAY2420650CE.NFO,2024-05-09,12:19:00,2024-05-21,120.0,120.0,120.0,120.0,0,0,1
FINNIFTY21MAY2420650CE.NFO,2024-05-09,12:20:00,2024-05-21,120.0,120.0,120.0,120.0,0,0,1
FINNIFTY21MAY2420650CE.NFO,2024-05-09,12:21:00,2024-05-21,120.0,120.0,120.0,120.0,0,0,1
FINNIFTY21MAY2420650CE.NFO,2024-05-09,12:22:00,2024-05-21,120.0,120.0,120.0,120.0,0,0,1
FINNIFTY21MAY2420650CE.NFO,2024-05-09,12:23:00,2024-05-21,120.0,120.0,120.0,120.0,0,0,1
FINNIFTY21MAY2420650CE.NFO,2024-05-09,12:24:00,2024-05-21,120.0,120.0,120.0,120.0,0,0,1
FINNIFTY21MAY2420650CE.NFO,2024-05-09,12:25:00,2024-05-21,120.0,120.0,120.0,120.0,0,0,1
FINNIFTY21MAY2420650CE.NFO,2024-05-09,12:26:00,2024-05-21,120.0,120.0,120.0,120.0,0,0,1
FINNIFTY21MAY2420650CE.NFO,2024-05-09,12:27:00,2024-05-21,120.0,120.0,120.0,120.0,0,0,1
FINNIFTY21MAY2420650CE.NFO,2024-05-09,12:28:00,2024-05-21,120.0,120.0,120.0,120.0,0,0,1
FINNIFTY21MAY2420650CE.NFO,2024-05-09,12:29:00,2024-05-21,120.0,120.0,120.0,120.0,0,0,1
FINNIFTY21MAY2420650CE.NFO,2024-05-09,12:30:00,2024-05-21,120.0,120.0,120.0,120.0,0,0,1
FINNIFTY21MAY2420650CE.NFO,2024-05-09,12:31:00,2024-05-21,120.0,120.0,120.0,120.0,0,0,1
FINNIFTY21MAY2420650CE.NFO,2024-05-09,12:32:00,2024-05-21,120.0,120.0,120.0,120.0,0,0,1
FINNIFTY21MAY2420650CE.NFO,2024-05-09,12:33:00,2024-05-21,120.0,120.0,120.0,120.0,0,0,1
FINNIFTY21MAY2420650CE.NFO,2024-05-09,12:34:00,2024-05-21,120.0,120.0,120.0,120.0,0,0,1
FINNIFTY21MAY2420650CE.NFO,2024-05-09,12:35:00,2024-05-21,120.0,120.0,120.0,120.0,0,0,1
FINNIFTY21MAY2420650CE.NFO,2024-05-09,12:36:00,2024-05-21,120.0,120.0,120.0,120.0,0,0,1
FINNIFTY21MAY2420650CE.NFO,2024-05-09,12:37:00,2024-05-21,120.0,120.0,120.0,120.0,0,0,1
FINNIFTY21MAY2420650CE.NFO,2024-05-09,12:38:00,2024-05-21,120.0,120.0,120.0,120.0,0,0,1
FINNIFTY21MAY2420650CE.NFO,2024-05-09,12:39:00,2024-05-21,120.0,120.0,120.0,120.0,0,0,1
FINNIFTY21MAY2420650CE.NFO,2024-05-09,12:40:00,2024-05-21,120.0,120.0,120.0,120.0,0,0,1
FINNIFTY21MAY2420650CE.NFO,2024-05-09,12:41:00,2024-05-21,120.0,120.0,120.0,120.0,0,0,1
FINNIFTY21MAY2420650CE.NFO,2024-05-09,12:42:00,2024-05-21,120.0,120.0,120.0,120.0,0,0,1
FINNIFTY21MAY2420650CE.NFO,2024-05-09,12:43:00,2024-05-21,120.0,120.0,120.0,120.0,0,0,1
FINNIFTY21MAY2420650CE.NFO,2024-05-09,12:44:00,2024-05-21,120.0,120.0,120.0,120.0,0,0,1
FINNIFTY21MAY2420650CE.NFO,2024-05-09,12:45:00,2024-05-21,120.0,120.0,120.0,120.0,0,0,1
FINNIFTY21MAY2420650CE.NFO,2024-05-09,12:46:00,2024-05-21,120.0,120.0,120.0,120.0,0,0,1
FINNIFTY21MAY2420650CE.NFO,2024-05-09,12:47:00,2024-05-21,120.0,120.0,120.0,120.0,0,0,1
FINNIFTY21MAY2420650CE.NFO,2024-05-09,12:48:00,2024-05-21,120.0,120.0,120.0,120.0,0,0,1
FINNIFTY21MAY2420650CE.NFO,2024-05-09,12:49:00,2024-05-21,120.0,120.0,120.0,120.0,0,0,1
FINNIFTY21MAY2420650CE.NFO,2024-05-09,12:50:00,2024-05-21,120.0,120.0,120.0,120.0,0,0,1
FINNIFTY21MAY2420650CE.NFO,2024-05-09,12:51:00,2024-05-21,120.0,120.0,120.0,120.0,0,0,1
FINNIFTY21MAY2420650CE.NFO,2024-05-09,12:52:00,2024-05-21,120.0,120.0,120.0,120.0,0,0,1
FINNIFTY21MAY2420650CE.NFO,2024-05-09,12:53:00,2024-05-21,120.0,120.0,120.0,120.0,0,0,1
FINNIFTY21MAY2420650CE.NFO,2024-05-09,12:54:00,2024-05-21,120.0,120.0,120.0,120.0,0,0,1
FINNIFTY21MAY2420650CE.NFO,2024-05-09,12:55:00,2024-05-21,120.0,120.0,120.0,120.0,0,0,1
FINNIFTY21MAY2420650CE.NFO,2024-05-09,12:56:00,2024-05-21,120.0,120.0,120.0,120.0,0,0,1
FINNIFTY21MAY2420650CE.NFO,2024-05-09,12:57:00,2024-05-21,120.0,120.0,120.0,120.0,0,0,1
FINNIFTY21MAY2420650CE.NFO,2024-05-09,12:58:00,2024-05-21,120.0,120.0,120.0,120.0,0,0,1
FINNIFTY21MAY2420650CE.NFO,2024-05-09,12:59:00,2024-05-21,120.0,120.0,120.0,120.0,0,0,1
FINNIFTY21MAY2420650CE.NFO,2024-05-09,13:00:00,2024-05-21,120.0,120.0,120.0,120.0,0,0,1
FINNIFTY21MAY2420650CE.NFO,2024-05-09,13:01:00,2024-05-21,120.0,120.0,120.0,120.0,0,0,1
FINNIFTY21MAY2420650CE.NFO,2024-05-09,13:02:00,2024-05-21,120.0,120.0,120.0,120.0,0,0,1
FINNIFTY21MAY2420650CE.NFO,2024-05-09,13:03:00,2024-05-21,120.0,120.0,120.0,120.0,0,0,1
FINNIFTY21MAY2420650CE.NFO,2024-05-09,13:04:00,2024-05-21,120.0,120.0,120.0,120.0,0,0,1
FINNIFTY21MAY2420650CE.NFO,2024-05-09,13:05:00,2024-05-21,120.0,120.0,120.0,120.0,0,0,1
FINNIFTY21MAY2420650CE.NFO,2024-05-09,13:06:00,2024-05-21,120.0,120.0,120.0,120.0,0,0,1
FINNIFTY21MAY2420650CE.NFO,2024-05-09,13:07:00,2024-05-21,120.0,120.0,120.0,120.0,0,0,1
FINNIFTY21MAY2420650CE.NFO,2024-05-09,13:08:00,2024-05-21,120.0,120.0,120.0,120.0,0,0,1
FINNIFTY21MAY2420650CE.NFO,2024-05-09,13:09:00,2024-05-21,120.0,120.0,120.0,120.0,0,0,1
FINNIFTY21MAY2420650CE.NFO,2024-05-09,13:10:00,2024-05-21,120.0,120.0,120.0,120.0,0,0,1
FINNIFTY21MAY2420650CE.NFO,2024-05-09,13:11:00,2024-05-21,120.0,120.0,120.0,120.0,0,0,1
FINNIFTY21MAY2420650CE.NFO,2024-05-09,13:12:00,2024-05-21,120.0,120.0,120.0,120.0,0,0,1
FINNIFTY21MAY2420650CE.NFO,2024-05-09,13:13:00,2024-05-21,120.0,120.0,120.0,120.0,0,0,1
FINNIFTY21MAY2420650CE.NFO,2024-05-09,13:14:00,2024-05-21,120.0,120.0,120.0,120.0,0,0,1
FINNIFTY21MAY2420650CE.NFO,2024-05-09,13:15:00,2024-05-21,120.0,120.0,120.0,120.0,0,0,1
FINNIFTY21MAY2420650CE.NFO,2024-05-09,13:16:00,2024-05-21,120.0,120.0,120.0,120.0,0,0,1
FINNIFTY21MAY2420650CE.NFO,2024-05-09,13:17:00,2024-05-21,120.0,120.0,120.0,120.0,0,0,1
FINNIFTY21MAY2420650CE.NFO,2024-05-09,13:18:00,2024-05-21,120.0,120.0,120.0,120.0,0,0,1
FINNIFTY21MAY2420650CE.NFO,2024-05-09,13:19:00,2024-05-21,120.0,120.0,120.0,120.0,0,0,1
FINNIFTY21MAY2420650CE.NFO,2024-05-09,13:20:00,2024-05-21,120.0,120.0,120.0,120.0,0,0,1
FINNIFTY21MAY2420650CE.NFO,2024-05-09,13:21:00,2024-05-21,120.0,120.0,120.0,120.0,0,0,1
FINNIFTY21MAY2420650CE.NFO,2024-05-09,13:22:00,2024-05-21,120.0,120.0,120.0,120.0,0,0,1
FINNIFTY21MAY2420650CE.NFO,2024-05-09,13:23:00,2024-05-21,120.0,120.0,120.0,120.0,0,0,1
FINNIFTY21MAY2420650CE.NFO,2024-05-09,13:24:00,2024-05-21,120.0,120.0,120.0,120.0,0,0,1
FINNIFTY21MAY2420650CE.NFO,2024-05-09,13:25:00,2024-05-21,120.0,120.0,120.0,120.0,0,0,1
FINNIFTY21MAY2420650CE.NFO,2024-05-09,13:26:00,2024-05-21,120.0,120.0,120.0,120.0,0,0,1
FINNIFTY21MAY2420650CE.NFO,2024-05-09,13:27:00,2024-05-21,120.0,120.0,120.0,120.0,0,0,1
FINNIFTY21MAY2420650CE.NFO,2024-05-09,13:28:00,2024-05-21,120.0,120.0,120.0,120.0,0,0,1
FINNIFTY21MAY2420650CE.NFO,2024-05-09,13:29:00,2024-05-21,120.0,120.0,120.0,120.0,0,0,1
FINNIFTY21MAY2420650CE.NFO,2024-05-09,13:30:00,2024-05-21,120.0,120.0,120.0,120.0,0,0,1
FINNIFTY21MAY2420650CE.NFO,2024-05-09,13:31:00,2024-05-21,120.0,120.0,120.0,120.0,0,0,1
FINNIFTY21MAY2420650CE.NFO,2024-05-09,13:32:00,2024-05-21,120.0,120.0,120.0,120.0,0,0,1
FINNIFTY21MAY2420650CE.NFO,2024-05-09,13:33:00,2024-05-21,120.0,120.0,120.0,120.0,0,0,1
FINNIFTY21MAY2420650CE.NFO,2024-05-09,13:34:00,2024-05-21,120.0,120.0,120.0,120.0,0,0,1
FINNIFTY21MAY2420650CE.NFO,2024-05-09,13:35:00,2024-05-21,120.0,120.0,120.0,120.0,0,0,1
FINNIFTY21MAY2420650CE.NFO,2024-05-09,13:36:00,2024-05-21,120.0,120.0,120.0,120.0,0,0,1
FINNIFTY21MAY2420650CE.NFO,2024-05-09,13:37:00,2024-05-21,120.0,120.0,120.0,120.0,0,0,1
FINNIFTY21MAY2420650CE.NFO,2024-05-09,13:38:00,2024-05-21,120.0,120.0,120.0,120.0,0,0,1
FINNIFTY21MAY2420650CE.NFO,2024-05-09,13:39:00,2024-05-21,120.0,120.0,120.0,120.0,0,0,1
FINNIFTY21MAY2420650CE.NFO,2024-05-09,13:40:00,2024-05-21,120.0,120.0,120.0,120.0,0,0,1
FINNIFTY21MAY2420650CE.NFO,2024-05-09,13:41:00,2024-05-21,120.0,120.0,120.0,120.0,0,0,1
FINNIFTY21MAY2420650CE.NFO,2024-05-09,13:42:00,2024-05-21,120.0,120.0,120.0,120.0,0,0,1
FINNIFTY21MAY2420650CE.NFO,2024-05-09,13:43:00,2024-05-21,120.0,120.0,120.0,120.0,0,0,1
FINNIFTY21MAY2420650CE.NFO,2024-05-09,13:44:00,2024-05-21,120.0,120.0,120.0,120.0,0,0,1
FINNIFTY21MAY2420650CE.NFO,2024-05-09,13:45:00,2024-05-21,120.0,120.0,120.0,120.0,0,0,1
FINNIFTY21MAY2420650CE.NFO,2024-05-09,13:46:00,2024-05-21,120.0,120.0,120.0,120.0,0,0,1
FINNIFTY21MAY2420650CE.NFO,2024-05-09,13:47:00,2024-05-21,120.0,120.0,120.0,120.0,0,0,1
FINNIFTY21MAY2420650CE.NFO,2024-05-09,13:48:00,2024-05-21,120.0,120.0,120.0,120.0,0,0,1
FINNIFTY21MAY2420650CE.NFO,2024-05-09,13:49:00,2024-05-21,120.0,120.0,120.0,120.0,0,0,1
FINNIFTY21MAY2420650CE.NFO,2024-05-09,13:50:00,2024-05-21,120.0,120.0,120.0,120.0,0,0,1
FINNIFTY21MAY2420650CE.NFO,2024-05-09,13:51:00,2024-05-21,120.0,120.0,120.0,120.0,0,0,1
FINNIFTY21MAY2420650CE.NFO,2024-05-09,13:52:00,2024-05-21,120.0,120.0,120.0,120.0,0,0,1
FINNIFTY21MAY2420650CE.NFO,2024-05-09,13:53:00,2024-05-21,120.0,120.0,120.0,120.0,0,0,1
FINNIFTY21MAY2420650CE.NFO,2024-05-09,13:54:00,2024-05-21,120.0,120.0,120.0,120.0,0,0,1
FINNIFTY21MAY2420650CE.NFO,2024-05-09,13:55:00,2024-05-21,120.0,120.0,120.0,120.0,0,0,1
FINNIFTY21MAY2420650CE.NFO,2024-05-09,13:56:00,2024-05-21,120.0,120.0,120.0,120.0,0,0,1
FINNIFTY21MAY2420650CE.NFO,2024-05-09,13:57:00,2024-05-21,120.0,120.0,120.0,120.0,0,0,1
FINNIFTY21MAY2420650CE.NFO,2024-05-09,13:58:00,2024-05-21,120.0,120.0,120.0,120.0,0,0,1
FINNIFTY21MAY2420650CE.NFO,2024-05-09,13:59:00,2024-05-21,120.0,120.0,120.0,120.0,0,0,1
FINNIFTY21MAY2420650CE.NFO,2024-05-09,14:00:00,2024-05-21,120.0,120.0,120.0,120.0,0,0,1
FINNIFTY21MAY2420650CE.NFO,2024-05-09,14:01:00,2024-05-21,120.0,120.0,120.0,120.0,0,0,1
FINNIFTY21MAY2420650CE.NFO,2024-05-09,14:02:00,2024-05-21,120.0,120.0,120.0,120.0,0,0,1
FINNIFTY21MAY2420650CE.NFO,2024-05-09,14:03:00,2024-05-21,120.0,120.0,120.0,120.0,0,0,1
FINNIFTY21MAY2420650CE.NFO,2024-05-09,14:04:00,2024-05-21,120.0,120.0,120.0,120.0,0,0,1
FINNIFTY21MAY2420650CE.NFO,2024-05-09,14:05:00,2024-05-21,120.0,120.0,120.0,120.0,0,0,1
FINNIFTY21MAY2420650CE.NFO,2024-05-09,14:06:00,2024-05-21,120.0,120.0,120.0,120.0,0,0,1
FINNIFTY21MAY2420650CE.NFO,2024-05-09,14:07:00,2024-05-21,120.0,120.0,120.0,120.0,0,0,1
FINNIFTY21MAY2420650CE.NFO,2024-05-09,14:08:00,2024-05-21,120.0,120.0,120.0,120.0,0,0,1
FINNIFTY21MAY2420650CE.NFO,2024-05-09,14:09:00,2024-05-21,120.0,120.0,120.0,120.0,0,0,1
FINNIFTY21MAY2420650CE.NFO,2024-05-09,14:10:00,2024-05-21,120.0,120.0,120.0,120.0,0,0,1
FINNIFTY21MAY2420650CE.NFO,2024-05-09,14:11:00,2024-05-21,120.0,120.0,120.0,120.0,0,0,1
FINNIFTY21MAY2420650CE.NFO,2024-05-09,14:12:00,2024-05-21,120.0,120.0,120.0,120.0,0,0,1
FINNIFTY21MAY2420650CE.NFO,2024-05-09,14:13:00,2024-05-21,120.0,120.0,120.0,120.0,0,0,1
FINNIFTY21MAY2420650CE.NFO,2024-05-09,14:14:00,2024-05-21,120.0,120.0,120.0,120.0,0,0,1
FINNIFTY21MAY2420650CE.NFO,2024-05-09,14:15:00,2024-05-21,120.0,120.0,120.0,120.0,0,0,1
FINNIFTY21MAY2420650CE.NFO,2024-05-09,14:16:00,2024-05-21,120.0,120.0,120.0,120.0,0,0,1
FINNIFTY21MAY2420650CE.NFO,2024-05-09,14:17:00,2024-05-21,120.0,120.0,120.0,120.0,0,0,1
FINNIFTY21MAY2420650CE.NFO,2024-05-09,14:18:00,2024-05-21,120.0,120.0,120.0,120.0,0,0,1
FINNIFTY21MAY2420650CE.NFO,2024-05-09,14:19:00,2024-05-21,120.0,120.0,120.0,120.0,0,0,1
FINNIFTY21MAY2420650CE.NFO,2024-05-09,14:20:00,2024-05-21,120.0,120.0,120.0,120.0,0,0,1
FINNIFTY21MAY2420650CE.NFO,2024-05-09,14:21:00,2024-05-21,120.0,120.0,120.0,120.0,0,0,1
FINNIFTY21MAY2420650CE.NFO,2024-05-09,14:22:00,2024-05-21,120.0,120.0,120.0,120.0,0,0,1
FINNIFTY21MAY2420650CE.NFO,2024-05-09,14:23:00,2024-05-21,120.0,120.0,120.0,120.0,0,0,1
FINNIFTY21MAY2420650CE.NFO,2024-05-09,14:24:00,2024-05-21,120.0,120.0,120.0,120.0,0,0,1
FINNIFTY21MAY2420650CE.NFO,2024-05-09,14:25:00,2024-05-21,120.0,120.0,120.0,120.0,0,0,1
FINNIFTY21MAY2420650CE.NFO,2024-05-09,14:26:00,2024-05-21,120.0,120.0,120.0,120.0,0,0,1
FINNIFTY21MAY2420650CE.NFO,2024-05-09,14:27:00,2024-05-21,120.0,120.0,120.0,120.0,0,0,1
FINNIFTY21MAY2420650CE.NFO,2024-05-09,14:28:00,2024-05-21,120.0,120.0,120.0,120.0,0,0,1
FINNIFTY21MAY2420650CE.NFO,2024-05-09,14:29:00,2024-05-21,120.0,120.0,120.0,120.0,0,0,1
FINNIFTY21MAY2420650CE.NFO,2024-05-09,14:30:00,2024-05-21,120.0,120.0,120.0,120.0,0,0,1
FINNIFTY21MAY2420650CE.NFO,2024-05-09,14:31:00,2024-05-21,120.0,120.0,120.0,120.0,0,0,1
FINNIFTY21MAY2420650CE.NFO,2024-05-09,14:32:00,2024-05-21,120.0,120.0,120.0,120.0,0,0,1
FINNIFTY21MAY2420650CE.NFO,2024-05-09,14:33:00,2024-05-21,120.0,120.0,120.0,120.0,0,0,1
FINNIFTY21MAY2420650CE.NFO,2024-05-09,14:34:00,2024-05-21,120.0,120.0,120.0,120.0,0,0,1
FINNIFTY21MAY2420650CE.NFO,2024-05-09,14:35:00,2024-05-21,120.0,120.0,120.0,120.0,0,0,1
FINNIFTY21MAY2420650CE.NFO,2024-05-09,14:36:00,2024-05-21,120.0,120.0,120.0,120.0,0,0,1
FINNIFTY21MAY2420650CE.NFO,2024-05-09,14:37:00,2024-05-21,120.0,120.0,120.0,120.0,0,0,1
FINNIFTY21MAY2420650CE.NFO,2024-05-09,14:38:00,2024-05-21,120.0,120.0,120.0,120.0,0,0,1
FINNIFTY21MAY2420650CE.NFO,2024-05-09,14:39:00,2024-05-21,120.0,120.0,120.0,120.0,0,0,1
FINNIFTY21MAY2420650CE.NFO,2024-05-09,14:40:00,2024-05-21,120.0,120.0,120.0,120.0,0,0,1
FINNIFTY21MAY2420650CE.NFO,2024-05-09,14:41:00,2024-05-21,120.0,120.0,120.0,120.0,0,0,1
FINNIFTY21MAY2420650CE.NFO,2024-05-09,14:42:00,2024-05-21,120.0,120.0,120.0,120.0,0,0,1
FINNIFTY21MAY2420650CE.NFO,2024-05-09,14:43:00,2024-05-21,120.0,120.0,120.0,120.0,0,0,1
FINNIFTY21MAY2420650CE.NFO,2024-05-09,14:44:00,2024-05-21,120.0,120.0,120.0,120.0,0,0,1
FINNIFTY21MAY2420650CE.NFO,2024-05-09,14:45:00,2024-05-21,120.0,120.0,120.0,120.0,0,0,1
FINNIFTY21MAY2420650CE.NFO,2024-05-09,14:46:00,2024-05-21,120.0,120.0,120.0,120.0,0,0,1
FINNIFTY21MAY2420650CE.NFO,2024-05-09,14:47:00,2024-05-21,120.0,120.0,120.0,120.0,0,0,1
FINNIFTY21MAY2420650CE.NFO,2024-05-09,14:48:00,2024-05-21,120.0,120.0,120.0,120.0,0,0,1
FINNIFTY21MAY2420650CE.NFO,2024-05-09,14:49:00,2024-05-21,120.0,120.0,120.0,120.0,0,0,1
FINNIFTY21MAY2420650CE.NFO,2024-05-09,14:50:00,2024-05-21,120.0,120.0,120.0,120.0,0,0,1
FINNIFTY21MAY2420650CE.NFO,2024-05-09,14:51:00,2024-05-21,120.0,120.0,120.0,120.0,0,0,1
FINNIFTY21MAY2420650CE.NFO,2024-05-09,14:52:00,2024-05-21,120.0,120.0,120.0,120.0,0,0,1
FINNIFTY21MAY2420650CE.NFO,2024-05-09,14:53:00,2024-05-21,120.0,120.0,120.0,120.0,0,0,1
FINNIFTY21MAY2420650CE.NFO,2024-05-09,14:54:00,2024-05-21,120.0,120.0,120.0,120.0,0,0,1
FINNIFTY21MAY2420650CE.NFO,2024-05-09,14:55:00,2024-05-21,120.0,120.0,120.0,120.0,0,0,1
FINNIFTY21MAY2420650CE.NFO,2024-05-09,14:56:00,2024-05-21,120.0,120.0,120.0,120.0,0,0,1
FINNIFTY21MAY2420650CE.NFO,2024-05-09,14:57:00,2024-05-21,120.0,120.0,120.0,120.0,0,0,1
FINNIFTY21MAY2420650CE.NFO,2024-05-09,14:58:00,2024-05-21,120.0,120.0,120.0,120.0,0,0,1
FINNIFTY21MAY2420650CE.NFO,2024-05-09,14:59:00,2024-05-21,120.0,120.0,120.0,120.0,0,0,1
FINNIFTY21MAY2420650CE.NFO,2024-05-09,15:00:00,2024-05-21,120.0,120.0,120.0,120.0,0,0,1
FINNIFTY21MAY2420650CE.NFO,2024-05-09,15:01:00,2024-05-21,120.0,120.0,120.0,120.0,0,0,1
FINNIFTY21MAY2420650CE.NFO,2024-05-09,15:02:00,2024-05-21,120.0,120.0,120.0,120.0,0,0,1
FINNIFTY21MAY2420650CE.NFO,2024-05-09,15:03:00,2024-05-21,120.0,120.0,120.0,120.0,0,0,1
FINNIFTY21MAY2420650CE.NFO,2024-05-09,15:04:00,2024-05-21,120.0,120.0,120.0,120.0,0,0,1
FINNIFTY21MAY2420650CE.NFO,2024-05-09,15:05:00,2024-05-21,120.0,120.0,120.0,120.0,0,0,1
FINNIFTY21MAY2420650CE.NFO,2024-05-09,15:06:00,2024-05-21,120.0,120.0,120.0,120.0,0,0,1
FINNIFTY21MAY2420650CE.NFO,2024-05-09,15:07:00,2024-05-21,120.0,120.0,120.0,120.0,0,0,1
FINNIFTY21MAY2420650CE.NFO,2024-05-09,15:08:00,2024-05-21,120.0,120.0,120.0,120.0,0,0,1
FINNIFTY21MAY2420650CE.NFO,2024-05-09,15:09:00,2024-05-21,120.0,120.0,120.0,120.0,0,0,1
FINNIFTY21MAY2420650CE.NFO,2024-05-09,15:10:00,2024-05-21,120.0,120.0,120.0,120.0,0,0,1
FINNIFTY21MAY2420650CE.NFO,2024-05-09,15:11:00,2024-05-21,120.0,120.0,120.0,120.0,0,0,1
FINNIFTY21MAY2420650CE.NFO,2024-05-09,15:12:00,2024-05-21,120.0,120.0,120.0,120.0,0,0,1
FINNIFTY21MAY2420650CE.NFO,2024-05-09,15:13:00,2024-05-21,120.0,120.0,120.0,120.0,0,0,1
FINNIFTY21MAY2420650CE.NFO,2024-05-09,15:14:00,2024-05-21,120.0,120.0,120.0,120.0,0,0,1
FINNIFTY21MAY2420650CE.NFO,2024-05-09,15:15:00,2024-05-21,120.0,120.0,120.0,120.0,0,0,1
FINNIFTY21MAY2420650CE.NFO,2024-05-09,15:16:00,2024-05-21,120.0,120.0,120.0,120.0,0,0,1
FINNIFTY21MAY2420650CE.NFO,2024-05-09,15:17:00,2024-05-21,120.0,120.0,120.0,120.0,0,0,1
FINNIFTY21MAY2420650CE.NFO,2024-05-09,15:18:00,2024-05-21,120.0,120.0,120.0,120.0,0,0,1
FINNIFTY21MAY2420650CE.NFO,2024-05-09,15:19:00,2024-05-21,120.0,120.0,120.0,120.0,0,0,1
FINNIFTY21MAY2420650CE.NFO,2024-05-09,15:20:00,2024-05-21,120.0,120.0,120.0,120.0,0,0,1
FINNIFTY21MAY2420650CE.NFO,2024-05-09,15:21:00,2024-05-21,120.0,120.0,120.0,120.0,0,0,1
FINNIFTY21MAY2420650CE.NFO,2024-05-09,15:22:00,2024-05-21,120.0,120.0,120.0,120.0,0,0,1
FINNIFTY21MAY2420650CE.NFO,2024-05-09,15:23:00,2024-05-21,120.0,120.0,120.0,120.0,0,0,1
FINNIFTY21MAY2420650CE.NFO,2024-05-09,15:24:00,2024-05-21,120.0,120.0,120.0,120.0,0,0,1
FINNIFTY21MAY2420650CE.NFO,2024-05-09,15:25:00,2024-05-21,120.0,120.0,120.0,120.0,0,0,1
FINNIFTY21MAY2420650CE.NFO,2024-05-09,15:26:00,2024-05-21,120.0,120.0,120.0,120.0,0,0,1
FINNIFTY21MAY2420650CE.NFO,2024-05-09,15:27:00,2024-05-21,120.0,120.0,120.0,120.0,0,0,1
FINNIFTY21MAY2420650CE.NFO,2024-05-09,15:28:00,2024-05-21,120.0,120.0,120.0,120.0,0,0,1
FINNIFTY21MAY2420650CE.NFO,2024-05-09,15:29:00,2024-05-21,120.0,120.0,120.0,120.0,0,0,1
FINNIFTY21MAY2420650CE.NFO,2024-05-09,15:30:00,2024-05-21,120.0,120.0,120.0,120.0,0,0,1
FINNIFTY21MAY2420650CE.NFO,2024-05-10,09:15:00,2024-05-21,120.0,120.0,120.0,120.0,0,0,0
FINNIFTY21MAY2420650CE.NFO,2024-05-10,09:16:00,2024-05-21,120.0,120.0,120.0,120.0,0,0,1
FINNIFTY21MAY2420650CE.NFO,2024-05-10,09:17:00,2024-05-21,120.0,120.0,120.0,120.0,0,0,1
FINNIFTY21MAY2420650CE.NFO,2024-05-10,09:18:00,2024-05-21,120.0,120.0,120.0,120.0,0,0,1
FINNIFTY21MAY2420650CE.NFO,2024-05-10,09:19:00,2024-05-21,120.0,120.0,120.0,120.0,0,0,1
FINNIFTY21MAY2420650CE.NFO,2024-05-10,09:20:00,2024-05-21,120.0,120.0,120.0,120.0,0,0,1
FINNIFTY21MAY2420650CE.NFO,2024-05-10,09:21:00,2024-05-21,120.0,120.0,120.0,120.0,0,0,1
FINNIFTY21MAY2420650CE.NFO,2024-05-10,09:22:00,2024-05-21,120.0,120.0,120.0,120.0,0,0,1
FINNIFTY21MAY2420650CE.NFO,2024-05-10,09:23:00,2024-05-21,120.0,120.0,120.0,120.0,0,0,1
FINNIFTY21MAY2420650CE.NFO,2024-05-10,09:24:00,2024-05-21,120.0,120.0,120.0,120.0,0,0,1
FINNIFTY21MAY2420650CE.NFO,2024-05-10,09:25:00,2024-05-21,120.0,120.0,120.0,120.0,0,0,1
FINNIFTY21MAY2420650CE.NFO,2024-05-10,09:26:00,2024-05-21,120.0,120.0,120.0,120.0,0,0,1
FINNIFTY21MAY2420650CE.NFO,2024-05-10,09:27:00,2024-05-21,120.0,120.0,120.0,120.0,0,0,1
FINNIFTY21MAY2420650CE.NFO,2024-05-10,09:28:00,2024-05-21,120.0,120.0,120.0,120.0,0,0,1
FINNIFTY21MAY2420650CE.NFO,2024-05-10,09:29:00,2024-05-21,120.0,120.0,120.0,120.0,0,0,1
FINNIFTY21MAY2420650CE.NFO,2024-05-10,09:30:00,2024-05-21,120.0,120.0,120.0,120.0,0,0,1
FINNIFTY21MAY2420650CE.NFO,2024-05-10,09:31:00,2024-05-21,120.0,120.0,120.0,120.0,0,0,1
FINNIFTY21MAY2420650CE.NFO,2024-05-10,09:32:00,2024-05-21,120.0,120.0,120.0,120.0,0,0,1
FINNIFTY21MAY2420650CE.NFO,2024-05-10,09:33:00,2024-05-21,120.0,120.0,120.0,120.0,0,0,1
FINNIFTY21MAY2420650CE.NFO,2024-05-10,09:34:00,2024-05-21,120.0,120.0,120.0,120.0,0,0,1
FINNIFTY21MAY2420650CE.NFO,2024-05-10,09:35:00,2024-05-21,120.0,120.0,120.0,120.0,0,0,1
FINNIFTY21MAY2420650CE.NFO,2024-05-10,09:36:00,2024-05-21,120.0,120.0,120.0,120.0,0,0,1
FINNIFTY21MAY2420650CE.NFO,2024-05-10,09:37:00,2024-05-21,120.0,120.0,120.0,120.0,0,0,1
FINNIFTY21MAY2420650CE.NFO,2024-05-10,09:38:00,2024-05-21,120.0,120.0,120.0,120.0,0,0,1
FINNIFTY21MAY2420650CE.NFO,2024-05-10,09:39:00,2024-05-21,120.0,120.0,120.0,120.0,0,0,1
FINNIFTY21MAY2420650CE.NFO,2024-05-10,09:40:00,2024-05-21,120.0,120.0,120.0,120.0,0,0,1
FINNIFTY21MAY2420650CE.NFO,2024-05-10,09:41:00,2024-05-21,120.0,120.0,120.0,120.0,0,0,1
FINNIFTY21MAY2420650CE.NFO,2024-05-10,09:42:00,2024-05-21,120.0,120.0,120.0,120.0,0,0,1
FINNIFTY21MAY2420650CE.NFO,2024-05-10,09:43:00,2024-05-21,120.0,120.0,120.0,120.0,0,0,1
FINNIFTY21MAY2420650CE.NFO,2024-05-10,09:44:00,2024-05-21,120.0,120.0,120.0,120.0,0,0,1
FINNIFTY21MAY2420650CE.NFO,2024-05-10,09:45:00,2024-05-21,120.0,120.0,120.0,120.0,0,0,1
FINNIFTY21MAY2420650CE.NFO,2024-05-10,09:46:00,2024-05-21,120.0,120.0,120.0,120.0,0,0,1
FINNIFTY21MAY2420650CE.NFO,2024-05-10,09:47:00,2024-05-21,120.0,120.0,120.0,120.0,0,0,1
FINNIFTY21MAY2420650CE.NFO,2024-05-10,09:48:00,2024-05-21,120.0,120.0,120.0,120.0,0,0,1
FINNIFTY21MAY2420650CE.NFO,2024-05-10,09:49:00,2024-05-21,120.0,120.0,120.0,120.0,0,0,1
FINNIFTY21MAY2420650CE.NFO,2024-05-10,09:50:00,2024-05-21,120.0,120.0,120.0,120.0,0,0,1
FINNIFTY21MAY2420650CE.NFO,2024-05-10,09:51:00,2024-05-21,120.0,120.0,120.0,120.0,0,0,1
FINNIFTY21MAY2420650CE.NFO,2024-05-10,09:52:00,2024-05-21,120.0,120.0,120.0,120.0,0,0,1
FINNIFTY21MAY2420650CE.NFO,2024-05-10,09:53:00,2024-05-21,120.0,120.0,120.0,120.0,0,0,1
FINNIFTY21MAY2420650CE.NFO,2024-05-10,09:54:00,2024-05-21,120.0,120.0,120.0,120.0,0,0,1
FINNIFTY21MAY2420650CE.NFO,2024-05-10,09:55:00,2024-05-21,120.0,120.0,120.0,120.0,0,0,1
FINNIFTY21MAY2420650CE.NFO,2024-05-10,09:56:00,2024-05-21,120.0,120.0,120.0,120.0,0,0,1
FINNIFTY21MAY2420650CE.NFO,2024-05-10,09:57:00,2024-05-21,120.0,120.0,120.0,120.0,0,0,1
FINNIFTY21MAY2420650CE.NFO,2024-05-10,09:58:00,2024-05-21,120.0,120.0,120.0,120.0,0,0,1
FINNIFTY21MAY2420650CE.NFO,2024-05-10,09:59:00,2024-05-21,120.0,120.0,120.0,120.0,0,0,1
FINNIFTY21MAY2420650CE.NFO,2024-05-10,10:00:00,2024-05-21,120.0,120.0,120.0,120.0,0,0,1
FINNIFTY21MAY2420650CE.NFO,2024-05-10,10:01:00,2024-05-21,120.0,120.0,120.0,120.0,0,0,1
FINNIFTY21MAY2420650CE.NFO,2024-05-10,10:02:00,2024-05-21,120.0,120.0,120.0,120.0,0,0,1
FINNIFTY21MAY2420650CE.NFO,2024-05-10,10:03:00,2024-05-21,120.0,120.0,120.0,120.0,0,0,1
FINNIFTY21MAY2420650CE.NFO,2024-05-10,10:04:00,2024-05-21,120.0,120.0,120.0,120.0,0,0,1
FINNIFTY21MAY2420650CE.NFO,2024-05-10,10:05:00,2024-05-21,120.0,120.0,120.0,120.0,0,0,1
FINNIFTY21MAY2420650CE.NFO,2024-05-10,10:06:00,2024-05-21,120.0,120.0,120.0,120.0,0,0,1
FINNIFTY21MAY2420650CE.NFO,2024-05-10,10:07:00,2024-05-21,120.0,120.0,120.0,120.0,0,0,1
FINNIFTY21MAY2420650CE.NFO,2024-05-10,10:08:00,2024-05-21,120.0,120.0,120.0,120.0,0,0,1
FINNIFTY21MAY2420650CE.NFO,2024-05-10,10:09:00,2024-05-21,120.0,120.0,120.0,120.0,0,0,1
FINNIFTY21MAY2420650CE.NFO,2024-05-10,10:10:00,2024-05-21,120.0,120.0,120.0,120.0,0,0,1
FINNIFTY21MAY2420650CE.NFO,2024-05-10,10:11:00,2024-05-21,120.0,120.0,120.0,120.0,0,0,1
FINNIFTY21MAY2420650CE.NFO,2024-05-10,10:12:00,2024-05-21,120.0,120.0,120.0,120.0,0,0,1
FINNIFTY21MAY2420650CE.NFO,2024-05-10,10:13:00,2024-05-21,120.0,120.0,120.0,120.0,0,0,1
FINNIFTY21MAY2420650CE.NFO,2024-05-10,10:14:00,2024-05-21,120.0,120.0,120.0,120.0,0,0,1
FINNIFTY21MAY2420650CE.NFO,2024-05-10,10:15:00,2024-05-21,120.0,120.0,120.0,120.0,0,0,1
FINNIFTY21MAY2420650CE.NFO,2024-05-10,10:16:00,2024-05-21,120.0,120.0,120.0,120.0,0,0,1
FINNIFTY21MAY2420650CE.NFO,2024-05-10,10:17:00,2024-05-21,120.0,120.0,120.0,120.0,0,0,1
FINNIFTY21MAY2420650CE.NFO,2024-05-10,10:18:00,2024-05-21,120.0,120.0,120.0,120.0,0,0,1
FINNIFTY21MAY2420650CE.NFO,2024-05-10,10:19:00,2024-05-21,120.0,120.0,120.0,120.0,0,0,1
FINNIFTY21MAY2420650CE.NFO,2024-05-10,10:20:00,2024-05-21,120.0,120.0,120.0,120.0,0,0,1
FINNIFTY21MAY2420650CE.NFO,2024-05-10,10:21:00,2024-05-21,120.0,120.0,120.0,120.0,0,0,1
FINNIFTY21MAY2420650CE.NFO,2024-05-10,10:22:00,2024-05-21,120.0,120.0,120.0,120.0,0,0,1
FINNIFTY21MAY2420650CE.NFO,2024-05-10,10:23:00,2024-05-21,120.0,120.0,120.0,120.0,0,0,1
FINNIFTY21MAY2420650CE.NFO,2024-05-10,10:24:00,2024-05-21,120.0,120.0,120.0,120.0,0,0,1
FINNIFTY21MAY2420650CE.NFO,2024-05-10,10:25:00,2024-05-21,120.0,120.0,120.0,120.0,0,0,1
FINNIFTY21MAY2420650CE.NFO,2024-05-10,10:26:00,2024-05-21,120.0,120.0,120.0,120.0,0,0,1
FINNIFTY21MAY2420650CE.NFO,2024-05-10,10:27:00,2024-05-21,120.0,120.0,120.0,120.0,0,0,1
FINNIFTY21MAY2420650CE.NFO,2024-05-10,10:28:00,2024-05-21,120.0,120.0,120.0,120.0,0,0,1
FINNIFTY21MAY2420650CE.NFO,2024-05-10,10:29:00,2024-05-21,120.0,120.0,120.0,120.0,0,0,1
FINNIFTY21MAY2420650CE.NFO,2024-05-10,10:30:00,2024-05-21,120.0,120.0,120.0,120.0,0,0,1
FINNIFTY21MAY2420650CE.NFO,2024-05-10,10:31:00,2024-05-21,120.0,120.0,120.0,120.0,0,0,1
FINNIFTY21MAY2420650CE.NFO,2024-05-10,10:32:00,2024-05-21,120.0,120.0,120.0,120.0,0,0,1
FINNIFTY21MAY2420650CE.NFO,2024-05-10,10:33:00,2024-05-21,120.0,120.0,120.0,120.0,0,0,1
FINNIFTY21MAY2420650CE.NFO,2024-05-10,10:34:00,2024-05-21,120.0,120.0,120.0,120.0,0,0,1
FINNIFTY21MAY2420650CE.NFO,2024-05-10,10:35:00,2024-05-21,120.0,120.0,120.0,120.0,0,0,1
FINNIFTY21MAY2420650CE.NFO,2024-05-10,10:36:00,2024-05-21,120.0,120.0,120.0,120.0,0,0,1
FINNIFTY21MAY2420650CE.NFO,2024-05-10,10:37:00,2024-05-21,120.0,120.0,120.0,120.0,0,0,1
FINNIFTY21MAY2420650CE.NFO,2024-05-10,10:38:00,2024-05-21,120.0,120.0,120.0,120.0,0,0,1
FINNIFTY21MAY2420650CE.NFO,2024-05-10,10:39:00,2024-05-21,120.0,120.0,120.0,120.0,0,0,1
FINNIFTY21MAY2420650CE.NFO,2024-05-10,10:40:00,2024-05-21,120.0,120.0,120.0,120.0,0,0,1
FINNIFTY21MAY2420650CE.NFO,2024-05-10,10:41:00,2024-05-21,120.0,120.0,120.0,120.0,0,0,1
FINNIFTY21MAY2420650CE.NFO,2024-05-10,10:42:00,2024-05-21,120.0,120.0,120.0,120.0,0,0,1
FINNIFTY21MAY2420650CE.NFO,2024-05-10,10:43:00,2024-05-21,120.0,120.0,120.0,120.0,0,0,1
FINNIFTY21MAY2420650CE.NFO,2024-05-10,10:44:00,2024-05-21,120.0,120.0,120.0,120.0,0,0,1
FINNIFTY21MAY2420650CE.NFO,2024-05-10,10:45:00,2024-05-21,120.0,120.0,120.0,120.0,0,0,1
FINNIFTY21MAY2420650CE.NFO,2024-05-10,10:46:00,2024-05-21,120.0,120.0,120.0,120.0,0,0,1
FINNIFTY21MAY2420650CE.NFO,2024-05-10,10:47:00,2024-05-21,120.0,120.0,120.0,120.0,0,0,1
FINNIFTY21MAY2420650CE.NFO,2024-05-10,10:48:00,2024-05-21,120.0,120.0,120.0,120.0,0,0,1
FINNIFTY21MAY2420650CE.NFO,2024-05-10,10:49:00,2024-05-21,120.0,120.0,120.0,120.0,0,0,1
FINNIFTY21MAY2420650CE.NFO,2024-05-10,10:50:00,2024-05-21,120.0,120.0,120.0,120.0,0,0,1
FINNIFTY21MAY2420650CE.NFO,2024-05-10,10:51:00,2024-05-21,120.0,120.0,120.0,120.0,0,0,1
FINNIFTY21MAY2420650CE.NFO,2024-05-10,10:52:00,2024-05-21,120.0,120.0,120.0,120.0,0,0,1
FINNIFTY21MAY2420650CE.NFO,2024-05-10,10:53:00,2024-05-21,120.0,120.0,120.0,120.0,0,0,1
FINNIFTY21MAY2420650CE.NFO,2024-05-10,10:54:00,2024-05-21,120.0,120.0,120.0,120.0,0,0,1
FINNIFTY21MAY2420650CE.NFO,2024-05-10,10:55:00,2024-05-21,120.0,120.0,120.0,120.0,0,0,1
FINNIFTY21MAY2420650CE.NFO,2024-05-10,10:56:00,2024-05-21,120.0,120.0,120.0,120.0,0,0,1
FINNIFTY21MAY2420650CE.NFO,2024-05-10,10:57:00,2024-05-21,120.0,120.0,120.0,120.0,0,0,1
FINNIFTY21MAY2420650CE.NFO,2024-05-10,10:58:00,2024-05-21,120.0,120.0,120.0,120.0,0,0,1
FINNIFTY21MAY2420650CE.NFO,2024-05-10,10:59:00,2024-05-21,120.0,120.0,120.0,120.0,0,0,1
FINNIFTY21MAY2420650CE.NFO,2024-05-10,11:00:00,2024-05-21,120.0,120.0,120.0,120.0,0,0,1
FINNIFTY21MAY2420650CE.NFO,2024-05-10,11:01:00,2024-05-21,120.0,120.0,120.0,120.0,0,0,1
FINNIFTY21MAY2420650CE.NFO,2024-05-10,11:02:00,2024-05-21,120.0,120.0,120.0,120.0,0,0,1
FINNIFTY21MAY2420650CE.NFO,2024-05-10,11:03:00,2024-05-21,120.0,120.0,120.0,120.0,0,0,1
FINNIFTY21MAY2420650CE.NFO,2024-05-10,11:04:00,2024-05-21,120.0,120.0,120.0,120.0,0,0,1
FINNIFTY21MAY2420650CE.NFO,2024-05-10,11:05:00,2024-05-21,120.0,120.0,120.0,120.0,0,0,1
FINNIFTY21MAY2420650CE.NFO,2024-05-10,11:06:00,2024-05-21,120.0,120.0,120.0,120.0,0,0,1
FINNIFTY21MAY2420650CE.NFO,2024-05-10,11:07:00,2024-05-21,120.0,120.0,120.0,120.0,0,0,1
FINNIFTY21MAY2420650CE.NFO,2024-05-10,11:08:00,2024-05-21,120.0,120.0,120.0,120.0,0,0,1
FINNIFTY21MAY2420650CE.NFO,2024-05-10,11:09:00,2024-05-21,120.0,120.0,120.0,120.0,0,0,1
FINNIFTY21MAY2420650CE.NFO,2024-05-10,11:10:00,2024-05-21,120.0,120.0,120.0,120.0,0,0,1
FINNIFTY21MAY2420650CE.NFO,2024-05-10,11:11:00,2024-05-21,120.0,120.0,120.0,120.0,0,0,1
FINNIFTY21MAY2420650CE.NFO,2024-05-10,11:12:00,2024-05-21,120.0,120.0,120.0,120.0,0,0,1
FINNIFTY21MAY2420650CE.NFO,2024-05-10,11:13:00,2024-05-21,120.0,120.0,120.0,120.0,0,0,1
FINNIFTY21MAY2420650CE.NFO,2024-05-10,11:14:00,2024-05-21,120.0,120.0,120.0,120.0,0,0,1
FINNIFTY21MAY2420650CE.NFO,2024-05-10,11:15:00,2024-05-21,120.0,120.0,120.0,120.0,0,0,1
FINNIFTY21MAY2420650CE.NFO,2024-05-10,11:16:00,2024-05-21,120.0,120.0,120.0,120.0,0,0,1
FINNIFTY21MAY2420650CE.NFO,2024-05-10,11:17:00,2024-05-21,120.0,120.0,120.0,120.0,0,0,1
FINNIFTY21MAY2420650CE.NFO,2024-05-10,11:18:00,2024-05-21,120.0,120.0,120.0,120.0,0,0,1
FINNIFTY21MAY2420650CE.NFO,2024-05-10,11:19:00,2024-05-21,120.0,120.0,120.0,120.0,0,0,1
FINNIFTY21MAY2420650CE.NFO,2024-05-10,11:20:00,2024-05-21,120.0,120.0,120.0,120.0,0,0,1
FINNIFTY21MAY2420650CE.NFO,2024-05-10,11:21:00,2024-05-21,120.0,120.0,120.0,120.0,0,0,1
FINNIFTY21MAY2420650CE.NFO,2024-05-10,11:22:00,2024-05-21,120.0,120.0,120.0,120.0,0,0,1
FINNIFTY21MAY2420650CE.NFO,2024-05-10,11:23:00,2024-05-21,120.0,120.0,120.0,120.0,0,0,1
FINNIFTY21MAY2420650CE.NFO,2024-05-10,11:24:00,2024-05-21,120.0,120.0,120.0,120.0,0,0,1
FINNIFTY21MAY2420650CE.NFO,2024-05-10,11:25:00,2024-05-21,120.0,120.0,120.0,120.0,0,0,1
FINNIFTY21MAY2420650CE.NFO,2024-05-10,11:26:00,2024-05-21,120.0,120.0,120.0,120.0,0,0,1
FINNIFTY21MAY2420650CE.NFO,2024-05-10,11:27:00,2024-05-21,120.0,120.0,120.0,120.0,0,0,1
FINNIFTY21MAY2420650CE.NFO,2024-05-10,11:28:00,2024-05-21,120.0,120.0,120.0,120.0,0,0,1
FINNIFTY21MAY2420650CE.NFO,2024-05-10,11:29:00,2024-05-21,120.0,120.0,120.0,120.0,0,0,1
FINNIFTY21MAY2420650CE.NFO,2024-05-10,11:30:00,2024-05-21,120.0,120.0,120.0,120.0,0,0,1
FINNIFTY21MAY2420650CE.NFO,2024-05-10,11:31:00,2024-05-21,120.0,120.0,120.0,120.0,0,0,1
FINNIFTY21MAY2420650CE.NFO,2024-05-10,11:32:00,2024-05-21,120.0,120.0,120.0,120.0,0,0,1
FINNIFTY21MAY2420650CE.NFO,2024-05-10,11:33:00,2024-05-21,120.0,120.0,120.0,120.0,0,0,1
FINNIFTY21MAY2420650CE.NFO,2024-05-10,11:34:00,2024-05-21,120.0,120.0,120.0,120.0,0,0,1
FINNIFTY21MAY2420650CE.NFO,2024-05-10,11:35:00,2024-05-21,120.0,120.0,120.0,120.0,0,0,1
FINNIFTY21MAY2420650CE.NFO,2024-05-10,11:36:00,2024-05-21,120.0,120.0,120.0,120.0,0,0,1
FINNIFTY21MAY2420650CE.NFO,2024-05-10,11:37:00,2024-05-21,120.0,120.0,120.0,120.0,0,0,1
FINNIFTY21MAY2420650CE.NFO,2024-05-10,11:38:00,2024-05-21,120.0,120.0,120.0,120.0,0,0,1
FINNIFTY21MAY2420650CE.NFO,2024-05-10,11:39:00,2024-05-21,120.0,120.0,120.0,120.0,0,0,1
FINNIFTY21MAY2420650CE.NFO,2024-05-10,11:40:00,2024-05-21,120.0,120.0,120.0,120.0,0,0,1
FINNIFTY21MAY2420650CE.NFO,2024-05-10,11:41:00,2024-05-21,120.0,120.0,120.0,120.0,0,0,1
FINNIFTY21MAY2420650CE.NFO,2024-05-10,11:42:00,2024-05-21,120.0,120.0,120.0,120.0,0,0,1
FINNIFTY21MAY2420650CE.NFO,2024-05-10,11:43:00,2024-05-21,120.0,120.0,120.0,120.0,0,0,1
FINNIFTY21MAY2420650CE.NFO,2024-05-10,11:44:00,2024-05-21,120.0,120.0,120.0,120.0,0,0,1
FINNIFTY21MAY2420650CE.NFO,2024-05-10,11:45:00,2024-05-21,120.0,120.0,120.0,120.0,0,0,1
FINNIFTY21MAY2420650CE.NFO,2024-05-10,11:46:00,2024-05-21,120.0,120.0,120.0,120.0,0,0,1
FINNIFTY21MAY2420650CE.NFO,2024-05-10,11:47:00,2024-05-21,120.0,120.0,120.0,120.0,0,0,1
FINNIFTY21MAY2420650CE.NFO,2024-05-10,11:48:00,2024-05-21,120.0,120.0,120.0,120.0,0,0,1
FINNIFTY21MAY2420650CE.NFO,2024-05-10,11:49:00,2024-05-21,120.0,120.0,120.0,120.0,0,0,1
FINNIFTY21MAY2420650CE.NFO,2024-05-10,11:50:00,2024-05-21,120.0,120.0,120.0,120.0,0,0,1
FINNIFTY21MAY2420650CE.NFO,2024-05-10,11:51:00,2024-05-21,120.0,120.0,120.0,120.0,0,0,1
FINNIFTY21MAY2420650CE.NFO,2024-05-10,11:52:00,2024-05-21,120.0,120.0,120.0,120.0,0,0,1
FINNIFTY21MAY2420650CE.NFO,2024-05-10,11:53:00,2024-05-21,120.0,120.0,120.0,120.0,0,0,1
FINNIFTY21MAY2420650CE.NFO,2024-05-10,11:54:00,2024-05-21,120.0,120.0,120.0,120.0,0,0,1
FINNIFTY21MAY2420650CE.NFO,2024-05-10,11:55:00,2024-05-21,120.0,120.0,120.0,120.0,0,0,1
FINNIFTY21MAY2420650CE.NFO,2024-05-10,11:56:00,2024-05-21,120.0,120.0,120.0,120.0,0,0,1
FINNIFTY21MAY2420650CE.NFO,2024-05-10,11:57:00,2024-05-21,120.0,120.0,120.0,120.0,0,0,1
FINNIFTY21MAY2420650CE.NFO,2024-05-10,11:58:00,2024-05-21,120.0,120.0,120.0,120.0,0,0,1
FINNIFTY21MAY2420650CE.NFO,2024-05-10,11:59:00,2024-05-21,120.0,120.0,120.0,120.0,0,0,1
FINNIFTY21MAY2420650CE.NFO,2024-05-10,12:00:00,2024-05-21,120.0,120.0,120.0,120.0,0,0,1
FINNIFTY21MAY2420650CE.NFO,2024-05-10,12:01:00,2024-05-21,120.0,120.0,120.0,120.0,0,0,1
FINNIFTY21MAY2420650CE.NFO,2024-05-10,12:02:00,2024-05-21,120.0,120.0,120.0,120.0,0,0,1
FINNIFTY21MAY2420650CE.NFO,2024-05-10,12:03:00,2024-05-21,120.0,120.0,120.0,120.0,0,0,1
FINNIFTY21MAY2420650CE.NFO,2024-05-10,12:04:00,2024-05-21,120.0,120.0,120.0,120.0,0,0,1
FINNIFTY21MAY2420650CE.NFO,2024-05-10,12:05:00,2024-05-21,120.0,120.0,120.0,120.0,0,0,1
FINNIFTY21MAY2420650CE.NFO,2024-05-10,12:06:00,2024-05-21,120.0,120.0,120.0,120.0,0,0,1
FINNIFTY21MAY2420650CE.NFO,2024-05-10,12:07:00,2024-05-21,120.0,120.0,120.0,120.0,0,0,1
FINNIFTY21MAY2420650CE.NFO,2024-05-10,12:08:00,2024-05-21,120.0,120.0,120.0,120.0,0,0,1
FINNIFTY21MAY2420650CE.NFO,2024-05-10,12:09:00,2024-05-21,120.0,120.0,120.0,120.0,0,0,1
FINNIFTY21MAY2420650CE.NFO,2024-05-10,12:10:00,2024-05-21,120.0,120.0,120.0,120.0,0,0,1
FINNIFTY21MAY2420650CE.NFO,2024-05-10,12:11:00,2024-05-21,120.0,120.0,120.0,120.0,0,0,1
FINNIFTY21MAY2420650CE.NFO,2024-05-10,12:12:00,2024-05-21,120.0,120.0,120.0,120.0,0,0,1
FINNIFTY21MAY2420650CE.NFO,2024-05-10,12:13:00,2024-05-21,120.0,120.0,120.0,120.0,0,0,1
FINNIFTY21MAY2420650CE.NFO,2024-05-10,12:14:00,2024-05-21,120.0,120.0,120.0,120.0,0,0,1
FINNIFTY21MAY2420650CE.NFO,2024-05-10,12:15:00,2024-05-21,120.0,120.0,120.0,120.0,0,0,1
FINNIFTY21MAY2420650CE.NFO,2024-05-10,12:16:00,2024-05-21,120.0,120.0,120.0,120.0,0,0,1
FINNIFTY21MAY2420650CE.NFO,2024-05-10,12:17:00,2024-05-21,120.0,120.0,120.0,120.0,0,0,1
FINNIFTY21MAY2420650CE.NFO,2024-05-10,12:18:00,2024-05-21,120.0,120.0,120.0,120.0,0,0,1
FINNIFTY21MAY2420650CE.NFO,2024-05-10,12:19:00,2024-05-21,120.0,120.0,120.0,120.0,0,0,1
FINNIFTY21MAY2420650CE.NFO,2024-05-10,12:20:00,2024-05-21,120.0,120.0,120.0,120.0,0,0,1
FINNIFTY21MAY2420650CE.NFO,2024-05-10,12:21:00,2024-05-21,120.0,120.0,120.0,120.0,0,0,1
FINNIFTY21MAY2420650CE.NFO,2024-05-10,12:22:00,2024-05-21,120.0,120.0,120.0,120.0,0,0,1
FINNIFTY21MAY2420650CE.NFO,2024-05-10,12:23:00,2024-05-21,120.0,120.0,120.0,120.0,0,0,1
FINNIFTY21MAY2420650CE.NFO,2024-05-10,12:24:00,2024-05-21,120.0,120.0,120.0,120.0,0,0,1
FINNIFTY21MAY2420650CE.NFO,2024-05-10,12:25:00,2024-05-21,120.0,120.0,120.0,120.0,0,0,1
FINNIFTY21MAY2420650CE.NFO,2024-05-10,12:26:00,2024-05-21,120.0,120.0,120.0,120.0,0,0,1
FINNIFTY21MAY2420650CE.NFO,2024-05-10,12:27:00,2024-05-21,120.0,120.0,120.0,120.0,0,0,1
FINNIFTY21MAY2420650CE.NFO,2024-05-10,12:28:00,2024-05-21,120.0,120.0,120.0,120.0,0,0,1
FINNIFTY21MAY2420650CE.NFO,2024-05-10,12:29:00,2024-05-21,120.0,120.0,120.0,120.0,0,0,1
FINNIFTY21MAY2420650CE.NFO,2024-05-10,12:30:00,2024-05-21,120.0,120.0,120.0,120.0,0,0,1
FINNIFTY21MAY2420650CE.NFO,2024-05-10,12:31:00,2024-05-21,120.0,120.0,120.0,120.0,0,0,1
FINNIFTY21MAY2420650CE.NFO,2024-05-10,12:32:00,2024-05-21,120.0,120.0,120.0,120.0,0,0,1
FINNIFTY21MAY2420650CE.NFO,2024-05-10,12:33:00,2024-05-21,120.0,120.0,120.0,120.0,0,0,1
FINNIFTY21MAY2420650CE.NFO,2024-05-10,12:34:00,2024-05-21,120.0,120.0,120.0,120.0,0,0,1
FINNIFTY21MAY2420650CE.NFO,2024-05-10,12:35:00,2024-05-21,120.0,120.0,120.0,120.0,0,0,1
FINNIFTY21MAY2420650CE.NFO,2024-05-10,12:36:00,2024-05-21,120.0,120.0,120.0,120.0,0,0,1
FINNIFTY21MAY2420650CE.NFO,2024-05-10,12:37:00,2024-05-21,120.0,120.0,120.0,120.0,0,0,1
FINNIFTY21MAY2420650CE.NFO,2024-05-10,12:38:00,2024-05-21,120.0,120.0,120.0,120.0,0,0,1
FINNIFTY21MAY2420650CE.NFO,2024-05-10,12:39:00,2024-05-21,120.0,120.0,120.0,120.0,0,0,1
FINNIFTY21MAY2420650CE.NFO,2024-05-10,12:40:00,2024-05-21,120.0,120.0,120.0,120.0,0,0,1
FINNIFTY21MAY2420650CE.NFO,2024-05-10,12:41:00,2024-05-21,120.0,120.0,120.0,120.0,0,0,1
FINNIFTY21MAY2420650CE.NFO,2024-05-10,12:42:00,2024-05-21,120.0,120.0,120.0,120.0,0,0,1
FINNIFTY21MAY2420650CE.NFO,2024-05-10,12:43:00,2024-05-21,120.0,120.0,120.0,120.0,0,0,1
FINNIFTY21MAY2420650CE.NFO,2024-05-10,12:44:00,2024-05-21,120.0,120.0,120.0,120.0,0,0,1
FINNIFTY21MAY2420650CE.NFO,2024-05-10,12:45:00,2024-05-21,120.0,120.0,120.0,120.0,0,0,1
FINNIFTY21MAY2420650CE.NFO,2024-05-10,12:46:00,2024-05-21,120.0,120.0,120.0,120.0,0,0,1
FINNIFTY21MAY2420650CE.NFO,2024-05-10,12:47:00,2024-05-21,120.0,120.0,120.0,120.0,0,0,1
FINNIFTY21MAY2420650CE.NFO,2024-05-10,12:48:00,2024-05-21,120.0,120.0,120.0,120.0,0,0,1
FINNIFTY21MAY2420650CE.NFO,2024-05-10,12:49:00,2024-05-21,120.0,120.0,120.0,120.0,0,0,1
FINNIFTY21MAY2420650CE.NFO,2024-05-10,12:50:00,2024-05-21,120.0,120.0,120.0,120.0,0,0,1
FINNIFTY21MAY2420650CE.NFO,2024-05-10,12:51:00,2024-05-21,120.0,120.0,120.0,120.0,0,0,1
FINNIFTY21MAY2420650CE.NFO,2024-05-10,12:52:00,2024-05-21,120.0,120.0,120.0,120.0,0,0,1
FINNIFTY21MAY2420650CE.NFO,2024-05-10,12:53:00,2024-05-21,120.0,120.0,120.0,120.0,0,0,1
FINNIFTY21MAY2420650CE.NFO,2024-05-10,12:54:00,2024-05-21,120.0,120.0,120.0,120.0,0,0,1
FINNIFTY21MAY2420650CE.NFO,2024-05-10,12:55:00,2024-05-21,120.0,120.0,120.0,120.0,0,0,1
FINNIFTY21MAY2420650CE.NFO,2024-05-10,12:56:00,2024-05-21,120.0,120.0,120.0,120.0,0,0,1
FINNIFTY21MAY2420650CE.NFO,2024-05-10,12:57:00,2024-05-21,120.0,120.0,120.0,120.0,0,0,1
FINNIFTY21MAY2420650CE.NFO,2024-05-10,12:58:00,2024-05-21,120.0,120.0,120.0,120.0,0,0,1
FINNIFTY21MAY2420650CE.NFO,2024-05-10,12:59:00,2024-05-21,120.0,120.0,120.0,120.0,0,0,1
FINNIFTY21MAY2420650CE.NFO,2024-05-10,13:00:00,2024-05-21,120.0,120.0,120.0,120.0,0,0,1
FINNIFTY21MAY2420650CE.NFO,2024-05-10,13:01:00,2024-05-21,120.0,120.0,120.0,120.0,0,0,1
FINNIFTY21MAY2420650CE.NFO,2024-05-10,13:02:00,2024-05-21,120.0,120.0,120.0,120.0,0,0,1
FINNIFTY21MAY2420650CE.NFO,2024-05-10,13:03:00,2024-05-21,120.0,120.0,120.0,120.0,0,0,1
FINNIFTY21MAY2420650CE.NFO,2024-05-10,13:04:00,2024-05-21,120.0,120.0,120.0,120.0,0,0,1
FINNIFTY21MAY2420650CE.NFO,2024-05-10,13:05:00,2024-05-21,120.0,120.0,120.0,120.0,0,0,1
FINNIFTY21MAY2420650CE.NFO,2024-05-10,13:06:00,2024-05-21,120.0,120.0,120.0,120.0,0,0,1
FINNIFTY21MAY2420650CE.NFO,2024-05-10,13:07:00,2024-05-21,120.0,120.0,120.0,120.0,0,0,1
FINNIFTY21MAY2420650CE.NFO,2024-05-10,13:08:00,2024-05-21,120.0,120.0,120.0,120.0,0,0,1
FINNIFTY21MAY2420650CE.NFO,2024-05-10,13:09:00,2024-05-21,120.0,120.0,120.0,120.0,0,0,1
FINNIFTY21MAY2420650CE.NFO,2024-05-10,13:10:00,2024-05-21,120.0,120.0,120.0,120.0,0,0,1
FINNIFTY21MAY2420650CE.NFO,2024-05-10,13:11:00,2024-05-21,120.0,120.0,120.0,120.0,0,0,1
FINNIFTY21MAY2420650CE.NFO,2024-05-10,13:12:00,2024-05-21,120.0,120.0,120.0,120.0,0,0,1
FINNIFTY21MAY2420650CE.NFO,2024-05-10,13:13:00,2024-05-21,120.0,120.0,120.0,120.0,0,0,1
FINNIFTY21MAY2420650CE.NFO,2024-05-10,13:14:00,2024-05-21,120.0,120.0,120.0,120.0,0,0,1
FINNIFTY21MAY2420650CE.NFO,2024-05-10,13:15:00,2024-05-21,120.0,120.0,120.0,120.0,0,0,1
FINNIFTY21MAY2420650CE.NFO,2024-05-10,13:16:00,2024-05-21,120.0,120.0,120.0,120.0,0,0,1
FINNIFTY21MAY2420650CE.NFO,2024-05-10,13:17:00,2024-05-21,120.0,120.0,120.0,120.0,0,0,1
FINNIFTY21MAY2420650CE.NFO,2024-05-10,13:18:00,2024-05-21,120.0,120.0,120.0,120.0,0,0,1
FINNIFTY21MAY2420650CE.NFO,2024-05-10,13:19:00,2024-05-21,120.0,120.0,120.0,120.0,0,0,1
FINNIFTY21MAY2420650CE.NFO,2024-05-10,13:20:00,2024-05-21,120.0,120.0,120.0,120.0,0,0,1
FINNIFTY21MAY2420650CE.NFO,2024-05-10,13:21:00,2024-05-21,120.0,120.0,120.0,120.0,0,0,1
FINNIFTY21MAY2420650CE.NFO,2024-05-10,13:22:00,2024-05-21,120.0,120.0,120.0,120.0,0,0,1
FINNIFTY21MAY2420650CE.NFO,2024-05-10,13:23:00,2024-05-21,120.0,120.0,120.0,120.0,0,0,1
FINNIFTY21MAY2420650CE.NFO,2024-05-10,13:24:00,2024-05-21,120.0,120.0,120.0,120.0,0,0,1
FINNIFTY21MAY2420650CE.NFO,2024-05-10,13:25:00,2024-05-21,120.0,120.0,120.0,120.0,0,0,1
FINNIFTY21MAY2420650CE.NFO,2024-05-10,13:26:00,2024-05-21,120.0,120.0,120.0,120.0,0,0,1
FINNIFTY21MAY2420650CE.NFO,2024-05-10,13:27:00,2024-05-21,120.0,120.0,120.0,120.0,0,0,1
FINNIFTY21MAY2420650CE.NFO,2024-05-10,13:28:00,2024-05-21,120.0,120.0,120.0,120.0,0,0,1
FINNIFTY21MAY2420650CE.NFO,2024-05-10,13:29:00,2024-05-21,120.0,120.0,120.0,120.0,0,0,1
FINNIFTY21MAY2420650CE.NFO,2024-05-10,13:30:00,2024-05-21,120.0,120.0,120.0,120.0,0,0,1
FINNIFTY21MAY2420650CE.NFO,2024-05-10,13:31:00,2024-05-21,120.0,120.0,120.0,120.0,0,0,1
FINNIFTY21MAY2420650CE.NFO,2024-05-10,13:32:00,2024-05-21,120.0,120.0,120.0,120.0,0,0,1
FINNIFTY21MAY2420650CE.NFO,2024-05-10,13:33:00,2024-05-21,120.0,120.0,120.0,120.0,0,0,1
FINNIFTY21MAY2420650CE.NFO,2024-05-10,13:34:00,2024-05-21,120.0,120.0,120.0,120.0,0,0,1
FINNIFTY21MAY2420650CE.NFO,2024-05-10,13:35:00,2024-05-21,120.0,120.0,120.0,120.0,0,0,1
FINNIFTY21MAY2420650CE.NFO,2024-05-10,13:36:00,2024-05-21,120.0,120.0,120.0,120.0,0,0,1
FINNIFTY21MAY2420650CE.NFO,2024-05-10,13:37:00,2024-05-21,120.0,120.0,120.0,120.0,0,0,1
FINNIFTY21MAY2420650CE.NFO,2024-05-10,13:38:00,2024-05-21,120.0,120.0,120.0,120.0,0,0,1
FINNIFTY21MAY2420650CE.NFO,2024-05-10,13:39:00,2024-05-21,120.0,120.0,120.0,120.0,0,0,1
FINNIFTY21MAY2420650CE.NFO,2024-05-10,13:40:00,2024-05-21,120.0,120.0,120.0,120.0,0,0,1
FINNIFTY21MAY2420650CE.NFO,2024-05-10,13:41:00,2024-05-21,120.0,120.0,120.0,120.0,0,0,1
FINNIFTY21MAY2420650CE.NFO,2024-05-10,13:42:00,2024-05-21,120.0,120.0,120.0,120.0,0,0,1
FINNIFTY21MAY2420650CE.NFO,2024-05-10,13:43:00,2024-05-21,120.0,120.0,120.0,120.0,0,0,1
FINNIFTY21MAY2420650CE.NFO,2024-05-10,13:44:00,2024-05-21,120.0,120.0,120.0,120.0,0,0,1
FINNIFTY21MAY2420650CE.NFO,2024-05-10,13:45:00,2024-05-21,120.0,120.0,120.0,120.0,0,0,1
FINNIFTY21MAY2420650CE.NFO,2024-05-10,13:46:00,2024-05-21,120.0,120.0,120.0,120.0,0,0,1
FINNIFTY21MAY2420650CE.NFO,2024-05-10,13:47:00,2024-05-21,120.0,120.0,120.0,120.0,0,0,1
FINNIFTY21MAY2420650CE.NFO,2024-05-10,13:48:00,2024-05-21,120.0,120.0,120.0,120.0,0,0,1
FINNIFTY21MAY2420650CE.NFO,2024-05-10,13:49:00,2024-05-21,120.0,120.0,120.0,120.0,0,0,1
FINNIFTY21MAY2420650CE.NFO,2024-05-10,13:50:00,2024-05-21,120.0,120.0,120.0,120.0,0,0,1
FINNIFTY21MAY2420650CE.NFO,2024-05-10,13:51:00,2024-05-21,120.0,120.0,120.0,120.0,0,0,1
FINNIFTY21MAY2420650CE.NFO,2024-05-10,13:52:00,2024-05-21,120.0,120.0,120.0,120.0,0,0,1
FINNIFTY21MAY2420650CE.NFO,2024-05-10,13:53:00,2024-05-21,120.0,120.0,120.0,120.0,0,0,1
FINNIFTY21MAY2420650CE.NFO,2024-05-10,13:54:00,2024-05-21,120.0,120.0,120.0,120.0,0,0,1
FINNIFTY21MAY2420650CE.NFO,2024-05-10,13:55:00,2024-05-21,120.0,120.0,120.0,120.0,0,0,1
FINNIFTY21MAY2420650CE.NFO,2024-05-10,13:56:00,2024-05-21,120.0,120.0,120.0,120.0,0,0,1
FINNIFTY21MAY2420650CE.NFO,2024-05-10,13:57:00,2024-05-21,120.0,120.0,120.0,120.0,0,0,1
FINNIFTY21MAY2420650CE.NFO,2024-05-10,13:58:00,2024-05-21,120.0,120.0,120.0,120.0,0,0,1
FINNIFTY21MAY2420650CE.NFO,2024-05-10,13:59:00,2024-05-21,120.0,120.0,120.0,120.0,0,0,1
FINNIFTY21MAY2420650CE.NFO,2024-05-10,14:00:00,2024-05-21,120.0,120.0,120.0,120.0,0,0,1
FINNIFTY21MAY2420650CE.NFO,2024-05-10,14:01:00,2024-05-21,120.0,120.0,120.0,120.0,0,0,1
FINNIFTY21MAY2420650CE.NFO,2024-05-10,14:02:00,2024-05-21,120.0,120.0,120.0,120.0,0,0,1
FINNIFTY21MAY2420650CE.NFO,2024-05-10,14:03:00,2024-05-21,120.0,120.0,120.0,120.0,0,0,1
FINNIFTY21MAY2420650CE.NFO,2024-05-10,14:04:00,2024-05-21,120.0,120.0,120.0,120.0,0,0,1
FINNIFTY21MAY2420650CE.NFO,2024-05-10,14:05:00,2024-05-21,120.0,120.0,120.0,120.0,0,0,1
FINNIFTY21MAY2420650CE.NFO,2024-05-10,14:06:00,2024-05-21,120.0,120.0,120.0,120.0,0,0,1
FINNIFTY21MAY2420650CE.NFO,2024-05-10,14:07:00,2024-05-21,120.0,120.0,120.0,120.0,0,0,1
FINNIFTY21MAY2420650CE.NFO,2024-05-10,14:08:00,2024-05-21,120.0,120.0,120.0,120.0,0,0,1
FINNIFTY21MAY2420650CE.NFO,2024-05-10,14:09:00,2024-05-21,120.0,120.0,120.0,120.0,0,0,1
FINNIFTY21MAY2420650CE.NFO,2024-05-10,14:10:00,2024-05-21,120.0,120.0,120.0,120.0,0,0,1
FINNIFTY21MAY2420650CE.NFO,2024-05-10,14:11:00,2024-05-21,120.0,120.0,120.0,120.0,0,0,1
FINNIFTY21MAY2420650CE.NFO,2024-05-10,14:12:00,2024-05-21,120.0,120.0,120.0,120.0,0,0,1
FINNIFTY21MAY2420650CE.NFO,2024-05-10,14:13:00,2024-05-21,120.0,120.0,120.0,120.0,0,0,1
FINNIFTY21MAY2420650CE.NFO,2024-05-10,14:14:00,2024-05-21,120.0,120.0,120.0,120.0,0,0,1
FINNIFTY21MAY2420650CE.NFO,2024-05-10,14:15:00,2024-05-21,120.0,120.0,120.0,120.0,0,0,1
FINNIFTY21MAY2420650CE.NFO,2024-05-10,14:16:00,2024-05-21,120.0,120.0,120.0,120.0,0,0,1
FINNIFTY21MAY2420650CE.NFO,2024-05-10,14:17:00,2024-05-21,120.0,120.0,120.0,120.0,0,0,1
FINNIFTY21MAY2420650CE.NFO,2024-05-10,14:18:00,2024-05-21,120.0,120.0,120.0,120.0,0,0,1
FINNIFTY21MAY2420650CE.NFO,2024-05-10,14:19:00,2024-05-21,120.0,120.0,120.0,120.0,0,0,1
FINNIFTY21MAY2420650CE.NFO,2024-05-10,14:20:00,2024-05-21,120.0,120.0,120.0,120.0,0,0,1
FINNIFTY21MAY2420650CE.NFO,2024-05-10,14:21:00,2024-05-21,120.0,120.0,120.0,120.0,0,0,1
FINNIFTY21MAY2420650CE.NFO,2024-05-10,14:22:00,2024-05-21,120.0,120.0,120.0,120.0,0,0,1
FINNIFTY21MAY2420650CE.NFO,2024-05-10,14:23:00,2024-05-21,120.0,120.0,120.0,120.0,0,0,1
FINNIFTY21MAY2420650CE.NFO,2024-05-10,14:24:00,2024-05-21,120.0,120.0,120.0,120.0,0,0,1
FINNIFTY21MAY2420650CE.NFO,2024-05-10,14:25:00,2024-05-21,120.0,120.0,120.0,120.0,0,0,1
FINNIFTY21MAY2420650CE.NFO,2024-05-10,14:26:00,2024-05-21,120.0,120.0,120.0,120.0,0,0,1
FINNIFTY21MAY2420650CE.NFO,2024-05-10,14:27:00,2024-05-21,120.0,120.0,120.0,120.0,0,0,1
FINNIFTY21MAY2420650CE.NFO,2024-05-10,14:28:00,2024-05-21,120.0,120.0,120.0,120.0,0,0,1
FINNIFTY21MAY2420650CE.NFO,2024-05-10,14:29:00,2024-05-21,120.0,120.0,120.0,120.0,0,0,1
FINNIFTY21MAY2420650CE.NFO,2024-05-10,14:30:00,2024-05-21,120.0,120.0,120.0,120.0,0,0,1
FINNIFTY21MAY2420650CE.NFO,2024-05-10,14:31:00,2024-05-21,120.0,120.0,120.0,120.0,0,0,1
FINNIFTY21MAY2420650CE.NFO,2024-05-10,14:32:00,2024-05-21,120.0,120.0,120.0,120.0,0,0,1
FINNIFTY21MAY2420650CE.NFO,2024-05-10,14:33:00,2024-05-21,120.0,120.0,120.0,120.0,0,0,1
FINNIFTY21MAY2420650CE.NFO,2024-05-10,14:34:00,2024-05-21,120.0,120.0,120.0,120.0,0,0,1
FINNIFTY21MAY2420650CE.NFO,2024-05-10,14:35:00,2024-05-21,120.0,120.0,120.0,120.0,0,0,1
FINNIFTY21MAY2420650CE.NFO,2024-05-10,14:36:00,2024-05-21,120.0,120.0,120.0,120.0,0,0,1
FINNIFTY21MAY2420650CE.NFO,2024-05-10,14:37:00,2024-05-21,120.0,120.0,120.0,120.0,0,0,1
FINNIFTY21MAY2420650CE.NFO,2024-05-10,14:38:00,2024-05-21,120.0,120.0,120.0,120.0,0,0,1
FINNIFTY21MAY2420650CE.NFO,2024-05-10,14:39:00,2024-05-21,120.0,120.0,120.0,120.0,0,0,1
FINNIFTY21MAY2420650CE.NFO,2024-05-10,14:40:00,2024-05-21,120.0,120.0,120.0,120.0,0,0,1
FINNIFTY21MAY2420650CE.NFO,2024-05-10,14:41:00,2024-05-21,120.0,120.0,120.0,120.0,0,0,1
FINNIFTY21MAY2420650CE.NFO,2024-05-10,14:42:00,2024-05-21,120.0,120.0,120.0,120.0,0,0,1
FINNIFTY21MAY2420650CE.NFO,2024-05-10,14:43:00,2024-05-21,120.0,120.0,120.0,120.0,0,0,1
FINNIFTY21MAY2420650CE.NFO,2024-05-10,14:44:00,2024-05-21,120.0,120.0,120.0,120.0,0,0,1
FINNIFTY21MAY2420650CE.NFO,2024-05-10,14:45:00,2024-05-21,120.0,120.0,120.0,120.0,0,0,1
FINNIFTY21MAY2420650CE.NFO,2024-05-10,14:46:00,2024-05-21,120.0,120.0,120.0,120.0,0,0,1
FINNIFTY21MAY2420650CE.NFO,2024-05-10,14:47:00,2024-05-21,120.0,120.0,120.0,120.0,0,0,1
FINNIFTY21MAY2420650CE.NFO,2024-05-10,14:48:00,2024-05-21,120.0,120.0,120.0,120.0,0,0,1
FINNIFTY21MAY2420650CE.NFO,2024-05-10,14:49:00,2024-05-21,120.0,120.0,120.0,120.0,0,0,1
FINNIFTY21MAY2420650CE.NFO,2024-05-10,14:50:00,2024-05-21,120.0,120.0,120.0,120.0,0,0,1
FINNIFTY21MAY2420650CE.NFO,2024-05-10,14:51:00,2024-05-21,120.0,120.0,120.0,120.0,0,0,1
FINNIFTY21MAY2420650CE.NFO,2024-05-10,14:52:00,2024-05-21,120.0,120.0,120.0,120.0,0,0,1
FINNIFTY21MAY2420650CE.NFO,2024-05-10,14:53:00,2024-05-21,120.0,120.0,120.0,120.0,0,0,1
FINNIFTY21MAY2420650CE.NFO,2024-05-10,14:54:00,2024-05-21,120.0,120.0,120.0,120.0,0,0,1
FINNIFTY21MAY2420650CE.NFO,2024-05-10,14:55:00,2024-05-21,120.0,120.0,120.0,120.0,0,0,1
FINNIFTY21MAY2420650CE.NFO,2024-05-10,14:56:00,2024-05-21,120.0,120.0,120.0,120.0,0,0,1
FINNIFTY21MAY2420650CE.NFO,2024-05-10,14:57:00,2024-05-21,120.0,120.0,120.0,120.0,0,0,1
FINNIFTY21MAY2420650CE.NFO,2024-05-10,14:58:00,2024-05-21,120.0,120.0,120.0,120.0,0,0,1
FINNIFTY21MAY2420650CE.NFO,2024-05-10,14:59:00,2024-05-21,120.0,120.0,120.0,120.0,0,0,1
FINNIFTY21MAY2420650CE.NFO,2024-05-10,15:00:00,2024-05-21,120.0,120.0,120.0,120.0,0,0,1
FINNIFTY21MAY2420650CE.NFO,2024-05-10,15:01:00,2024-05-21,120.0,120.0,120.0,120.0,0,0,1
FINNIFTY21MAY2420650CE.NFO,2024-05-10,15:02:00,2024-05-21,120.0,120.0,120.0,120.0,0,0,1
FINNIFTY21MAY2420650CE.NFO,2024-05-10,15:03:00,2024-05-21,120.0,120.0,120.0,120.0,0,0,1
FINNIFTY21MAY2420650CE.NFO,2024-05-10,15:04:00,2024-05-21,120.0,120.0,120.0,120.0,0,0,1
FINNIFTY21MAY2420650CE.NFO,2024-05-10,15:05:00,2024-05-21,120.0,120.0,120.0,120.0,0,0,1
FINNIFTY21MAY2420650CE.NFO,2024-05-10,15:06:00,2024-05-21,120.0,120.0,120.0,120.0,0,0,1
FINNIFTY21MAY2420650CE.NFO,2024-05-10,15:07:00,2024-05-21,120.0,120.0,120.0,120.0,0,0,1
FINNIFTY21MAY2420650CE.NFO,2024-05-10,15:08:00,2024-05-21,120.0,120.0,120.0,120.0,0,0,1
FINNIFTY21MAY2420650CE.NFO,2024-05-10,15:09:00,2024-05-21,120.0,120.0,120.0,120.0,0,0,1
FINNIFTY21MAY2420650CE.NFO,2024-05-10,15:10:00,2024-05-21,120.0,120.0,120.0,120.0,0,0,1
FINNIFTY21MAY2420650CE.NFO,2024-05-10,15:11:00,2024-05-21,120.0,120.0,120.0,120.0,0,0,1
FINNIFTY21MAY2420650CE.NFO,2024-05-10,15:12:00,2024-05-21,120.0,120.0,120.0,120.0,0,0,1
FINNIFTY21MAY2420650CE.NFO,2024-05-10,15:13:00,2024-05-21,120.0,120.0,120.0,120.0,0,0,1
FINNIFTY21MAY2420650CE.NFO,2024-05-10,15:14:00,2024-05-21,120.0,120.0,120.0,120.0,0,0,1
FINNIFTY21MAY2420650CE.NFO,2024-05-10,15:15:00,2024-05-21,120.0,120.0,120.0,120.0,0,0,1
FINNIFTY21MAY2420650CE.NFO,2024-05-10,15:16:00,2024-05-21,120.0,120.0,120.0,120.0,0,0,1
FINNIFTY21MAY2420650CE.NFO,2024-05-10,15:17:00,2024-05-21,120.0,120.0,120.0,120.0,0,0,1
FINNIFTY21MAY2420650CE.NFO,2024-05-10,15:18:00,2024-05-21,120.0,120.0,120.0,120.0,0,0,1
FINNIFTY21MAY2420650CE.NFO,2024-05-10,15:19:00,2024-05-21,120.0,120.0,120.0,120.0,0,0,1
FINNIFTY21MAY2420650CE.NFO,2024-05-10,15:20:00,2024-05-21,120.0,120.0,120.0,120.0,0,0,1
FINNIFTY21MAY2420650CE.NFO,2024-05-10,15:21:00,2024-05-21,120.0,120.0,120.0,120.0,0,0,1
FINNIFTY21MAY2420650CE.NFO,2024-05-10,15:22:00,2024-05-21,120.0,120.0,120.0,120.0,0,0,1
FINNIFTY21MAY2420650CE.NFO,2024-05-10,15:23:00,2024-05-21,120.0,120.0,120.0,120.0,0,0,1
FINNIFTY21MAY2420650CE.NFO,2024-05-10,15:24:00,2024-05-21,120.0,120.0,120.0,120.0,0,0,1
FINNIFTY21MAY2420650CE.NFO,2024-05-10,15:25:00,2024-05-21,120.0,120.0,120.0,120.0,0,0,1
FINNIFTY21MAY2420650CE.NFO,2024-05-10,15:26:00,2024-05-21,120.0,120.0,120.0,120.0,0,0,1
FINNIFTY21MAY2420650CE.NFO,2024-05-10,15:27:00,2024-05-21,120.0,120.0,120.0,120.0,0,0,1
FINNIFTY21MAY2420650CE.NFO,2024-05-10,15:28:00,2024-05-21,120.0,120.0,120.0,120.0,0,0,1
FINNIFTY21MAY2420650CE.NFO,2024-05-10,15:29:00,2024-05-21,120.0,120.0,120.0,120.0,0,0,1
FINNIFTY21MAY2420650CE.NFO,2024-05-10,15:30:00,2024-05-21,120.0,120.0,120.0,120.0,0,0,1
FINNIFTY21MAY2420650CE.NFO,2024-05-13,09:15:00,2024-05-21,120.0,120.0,120.0,120.0,0,0,0
FINNIFTY21MAY2420650CE.NFO,2024-05-13,09:16:00,2024-05-21,120.0,120.0,120.0,120.0,0,0,1
FINNIFTY21MAY2420650CE.NFO,2024-05-13,09:17:00,2024-05-21,120.0,120.0,120.0,120.0,0,0,1
FINNIFTY21MAY2420650CE.NFO,2024-05-13,09:18:00,2024-05-21,120.0,120.0,120.0,120.0,0,0,1
FINNIFTY21MAY2420650CE.NFO,2024-05-13,09:19:00,2024-05-21,120.0,120.0,120.0,120.0,0,0,1
FINNIFTY21MAY2420650CE.NFO,2024-05-13,09:20:00,2024-05-21,120.0,120.0,120.0,120.0,0,0,1
FINNIFTY21MAY2420650CE.NFO,2024-05-13,09:21:00,2024-05-21,120.0,120.0,120.0,120.0,0,0,1
FINNIFTY21MAY2420650CE.NFO,2024-05-13,09:22:00,2024-05-21,120.0,120.0,120.0,120.0,0,0,1
FINNIFTY21MAY2420650CE.NFO,2024-05-13,09:23:00,2024-05-21,120.0,120.0,120.0,120.0,0,0,1
FINNIFTY21MAY2420650CE.NFO,2024-05-13,09:24:00,2024-05-21,120.0,120.0,120.0,120.0,0,0,1
FINNIFTY21MAY2420650CE.NFO,2024-05-13,09:25:00,2024-05-21,120.0,120.0,120.0,120.0,0,0,1
FINNIFTY21MAY2420650CE.NFO,2024-05-13,09:26:00,2024-05-21,120.0,120.0,120.0,120.0,0,0,1
FINNIFTY21MAY2420650CE.NFO,2024-05-13,09:27:00,2024-05-21,120.0,120.0,120.0,120.0,0,0,1
FINNIFTY21MAY2420650CE.NFO,2024-05-13,09:28:00,2024-05-21,120.0,120.0,120.0,120.0,0,0,1
FINNIFTY21MAY2420650CE.NFO,2024-05-13,09:29:00,2024-05-21,120.0,120.0,120.0,120.0,0,0,1
FINNIFTY21MAY2420650CE.NFO,2024-05-13,09:30:00,2024-05-21,120.0,120.0,120.0,120.0,0,0,1
FINNIFTY21MAY2420650CE.NFO,2024-05-13,09:31:00,2024-05-21,120.0,120.0,120.0,120.0,0,0,1
FINNIFTY21MAY2420650CE.NFO,2024-05-13,09:32:00,2024-05-21,120.0,120.0,120.0,120.0,0,0,1
FINNIFTY21MAY2420650CE.NFO,2024-05-13,09:33:00,2024-05-21,120.0,120.0,120.0,120.0,0,0,1
FINNIFTY21MAY2420650CE.NFO,2024-05-13,09:34:00,2024-05-21,120.0,120.0,120.0,120.0,0,0,1
FINNIFTY21MAY2420650CE.NFO,2024-05-13,09:35:00,2024-05-21,120.0,120.0,120.0,120.0,0,0,1
FINNIFTY21MAY2420650CE.NFO,2024-05-13,09:36:00,2024-05-21,120.0,120.0,120.0,120.0,0,0,1
FINNIFTY21MAY2420650CE.NFO,2024-05-13,09:37:00,2024-05-21,120.0,120.0,120.0,120.0,0,0,1
FINNIFTY21MAY2420650CE.NFO,2024-05-13,09:38:00,2024-05-21,120.0,120.0,120.0,120.0,0,0,1
FINNIFTY21MAY2420650CE.NFO,2024-05-13,09:39:00,2024-05-21,120.0,120.0,120.0,120.0,0,0,1
FINNIFTY21MAY2420650CE.NFO,2024-05-13,09:40:00,2024-05-21,120.0,120.0,120.0,120.0,0,0,1
FINNIFTY21MAY2420650CE.NFO,2024-05-13,09:41:00,2024-05-21,120.0,120.0,120.0,120.0,0,0,1
FINNIFTY21MAY2420650CE.NFO,2024-05-13,09:42:00,2024-05-21,120.0,120.0,120.0,120.0,0,0,1
FINNIFTY21MAY2420650CE.NFO,2024-05-13,09:43:00,2024-05-21,120.0,120.0,120.0,120.0,0,0,1
FINNIFTY21MAY2420650CE.NFO,2024-05-13,09:44:00,2024-05-21,120.0,120.0,120.0,120.0,0,0,1
FINNIFTY21MAY2420650CE.NFO,2024-05-13,09:45:00,2024-05-21,120.0,120.0,120.0,120.0,0,0,1
FINNIFTY21MAY2420650CE.NFO,2024-05-13,09:46:00,2024-05-21,120.0,120.0,120.0,120.0,0,0,1
FINNIFTY21MAY2420650CE.NFO,2024-05-13,09:47:00,2024-05-21,120.0,120.0,120.0,120.0,0,0,1
FINNIFTY21MAY2420650CE.NFO,2024-05-13,09:48:00,2024-05-21,120.0,120.0,120.0,120.0,0,0,1
FINNIFTY21MAY2420650CE.NFO,2024-05-13,09:49:00,2024-05-21,120.0,120.0,120.0,120.0,0,0,1
FINNIFTY21MAY2420650CE.NFO,2024-05-13,09:50:00,2024-05-21,120.0,120.0,120.0,120.0,0,0,1
FINNIFTY21MAY2420650CE.NFO,2024-05-13,09:51:00,2024-05-21,120.0,120.0,120.0,120.0,0,0,1
FINNIFTY21MAY2420650CE.NFO,2024-05-13,09:52:00,2024-05-21,120.0,120.0,120.0,120.0,0,0,1
FINNIFTY21MAY2420650CE.NFO,2024-05-13,09:53:00,2024-05-21,120.0,120.0,120.0,120.0,0,0,1
FINNIFTY21MAY2420650CE.NFO,2024-05-13,09:54:00,2024-05-21,120.0,120.0,120.0,120.0,0,0,1
FINNIFTY21MAY2420650CE.NFO,2024-05-13,09:55:00,2024-05-21,120.0,120.0,120.0,120.0,0,0,1
FINNIFTY21MAY2420650CE.NFO,2024-05-13,09:56:00,2024-05-21,120.0,120.0,120.0,120.0,0,0,1
FINNIFTY21MAY2420650CE.NFO,2024-05-13,09:57:00,2024-05-21,120.0,120.0,120.0,120.0,0,0,1
FINNIFTY21MAY2420650CE.NFO,2024-05-13,09:58:00,2024-05-21,120.0,120.0,120.0,120.0,0,0,1
FINNIFTY21MAY2420650CE.NFO,2024-05-13,09:59:00,2024-05-21,120.0,120.0,120.0,120.0,0,0,1
FINNIFTY21MAY2420650CE.NFO,2024-05-13,10:00:00,2024-05-21,120.0,120.0,120.0,120.0,0,0,1
FINNIFTY21MAY2420650CE.NFO,2024-05-13,10:01:00,2024-05-21,120.0,120.0,120.0,120.0,0,0,1
FINNIFTY21MAY2420650CE.NFO,2024-05-13,10:02:00,2024-05-21,120.0,120.0,120.0,120.0,0,0,1
FINNIFTY21MAY2420650CE.NFO,2024-05-13,10:03:00,2024-05-21,120.0,120.0,120.0,120.0,0,0,1
FINNIFTY21MAY2420650CE.NFO,2024-05-13,10:04:00,2024-05-21,120.0,120.0,120.0,120.0,0,0,1
FINNIFTY21MAY2420650CE.NFO,2024-05-13,10:05:00,2024-05-21,120.0,120.0,120.0,120.0,0,0,1
FINNIFTY21MAY2420650CE.NFO,2024-05-13,10:06:00,2024-05-21,120.0,120.0,120.0,120.0,0,0,1
FINNIFTY21MAY2420650CE.NFO,2024-05-13,10:07:00,2024-05-21,120.0,120.0,120.0,120.0,0,0,1
FINNIFTY21MAY2420650CE.NFO,2024-05-13,10:08:00,2024-05-21,120.0,120.0,120.0,120.0,0,0,1
FINNIFTY21MAY2420650CE.NFO,2024-05-13,10:09:00,2024-05-21,120.0,120.0,120.0,120.0,0,0,1
FINNIFTY21MAY2420650CE.NFO,2024-05-13,10:10:00,2024-05-21,120.0,120.0,120.0,120.0,0,0,1
FINNIFTY21MAY2420650CE.NFO,2024-05-13,10:11:00,2024-05-21,120.0,120.0,120.0,120.0,0,0,1
FINNIFTY21MAY2420650CE.NFO,2024-05-13,10:12:00,2024-05-21,120.0,120.0,120.0,120.0,0,0,1
FINNIFTY21MAY2420650CE.NFO,2024-05-13,10:13:00,2024-05-21,120.0,120.0,120.0,120.0,0,0,1
FINNIFTY21MAY2420650CE.NFO,2024-05-13,10:14:00,2024-05-21,120.0,120.0,120.0,120.0,0,0,1
FINNIFTY21MAY2420650CE.NFO,2024-05-13,10:15:00,2024-05-21,120.0,120.0,120.0,120.0,0,0,1
FINNIFTY21MAY2420650CE.NFO,2024-05-13,10:16:00,2024-05-21,120.0,120.0,120.0,120.0,0,0,1
FINNIFTY21MAY2420650CE.NFO,2024-05-13,10:17:00,2024-05-21,120.0,120.0,120.0,120.0,0,0,1
FINNIFTY21MAY2420650CE.NFO,2024-05-13,10:18:00,2024-05-21,120.0,120.0,120.0,120.0,0,0,1
FINNIFTY21MAY2420650CE.NFO,2024-05-13,10:19:00,2024-05-21,120.0,120.0,120.0,120.0,0,0,1
FINNIFTY21MAY2420650CE.NFO,2024-05-13,10:20:00,2024-05-21,120.0,120.0,120.0,120.0,0,0,1
FINNIFTY21MAY2420650CE.NFO,2024-05-13,10:21:00,2024-05-21,120.0,120.0,120.0,120.0,0,0,1
FINNIFTY21MAY2420650CE.NFO,2024-05-13,10:22:00,2024-05-21,120.0,120.0,120.0,120.0,0,0,1
FINNIFTY21MAY2420650CE.NFO,2024-05-13,10:23:00,2024-05-21,120.0,120.0,120.0,120.0,0,0,1
FINNIFTY21MAY2420650CE.NFO,2024-05-13,10:24:00,2024-05-21,120.0,120.0,120.0,120.0,0,0,1
FINNIFTY21MAY2420650CE.NFO,2024-05-13,10:25:00,2024-05-21,120.0,120.0,120.0,120.0,0,0,1
FINNIFTY21MAY2420650CE.NFO,2024-05-13,10:26:00,2024-05-21,120.0,120.0,120.0,120.0,0,0,1
FINNIFTY21MAY2420650CE.NFO,2024-05-13,10:27:00,2024-05-21,120.0,120.0,120.0,120.0,0,0,1
FINNIFTY21MAY2420650CE.NFO,2024-05-13,10:28:00,2024-05-21,120.0,120.0,120.0,120.0,0,0,1
FINNIFTY21MAY2420650CE.NFO,2024-05-13,10:29:00,2024-05-21,120.0,120.0,120.0,120.0,0,0,1
FINNIFTY21MAY2420650CE.NFO,2024-05-13,10:30:00,2024-05-21,120.0,120.0,120.0,120.0,0,0,1
FINNIFTY21MAY2420650CE.NFO,2024-05-13,10:31:00,2024-05-21,120.0,120.0,120.0,120.0,0,0,1
FINNIFTY21MAY2420650CE.NFO,2024-05-13,10:32:00,2024-05-21,120.0,120.0,120.0,120.0,0,0,1
FINNIFTY21MAY2420650CE.NFO,2024-05-13,10:33:00,2024-05-21,120.0,120.0,120.0,120.0,0,0,1
FINNIFTY21MAY2420650CE.NFO,2024-05-13,10:34:00,2024-05-21,120.0,120.0,120.0,120.0,0,0,1
FINNIFTY21MAY2420650CE.NFO,2024-05-13,10:35:00,2024-05-21,120.0,120.0,120.0,120.0,0,0,1
FINNIFTY21MAY2420650CE.NFO,2024-05-13,10:36:00,2024-05-21,120.0,120.0,120.0,120.0,0,0,1
FINNIFTY21MAY2420650CE.NFO,2024-05-13,10:37:00,2024-05-21,120.0,120.0,120.0,120.0,0,0,1
FINNIFTY21MAY2420650CE.NFO,2024-05-13,10:38:00,2024-05-21,120.0,120.0,120.0,120.0,0,0,1
FINNIFTY21MAY2420650CE.NFO,2024-05-13,10:39:00,2024-05-21,120.0,120.0,120.0,120.0,0,0,1
FINNIFTY21MAY2420650CE.NFO,2024-05-13,10:40:00,2024-05-21,120.0,120.0,120.0,120.0,0,0,1
FINNIFTY21MAY2420650CE.NFO,2024-05-13,10:41:00,2024-05-21,120.0,120.0,120.0,120.0,0,0,1
FINNIFTY21MAY2420650CE.NFO,2024-05-13,10:42:00,2024-05-21,120.0,120.0,120.0,120.0,0,0,1
FINNIFTY21MAY2420650CE.NFO,2024-05-13,10:43:00,2024-05-21,120.0,120.0,120.0,120.0,0,0,1
FINNIFTY21MAY2420650CE.NFO,2024-05-13,10:44:00,2024-05-21,120.0,120.0,120.0,120.0,0,0,1
FINNIFTY21MAY2420650CE.NFO,2024-05-13,10:45:00,2024-05-21,120.0,120.0,120.0,120.0,0,0,1
FINNIFTY21MAY2420650CE.NFO,2024-05-13,10:46:00,2024-05-21,120.0,120.0,120.0,120.0,0,0,1
FINNIFTY21MAY2420650CE.NFO,2024-05-13,10:47:00,2024-05-21,120.0,120.0,120.0,120.0,0,0,1
FINNIFTY21MAY2420650CE.NFO,2024-05-13,10:48:00,2024-05-21,120.0,120.0,120.0,120.0,0,0,1
FINNIFTY21MAY2420650CE.NFO,2024-05-13,10:49:00,2024-05-21,120.0,120.0,120.0,120.0,0,0,1
FINNIFTY21MAY2420650CE.NFO,2024-05-13,10:50:00,2024-05-21,120.0,120.0,120.0,120.0,0,0,1
FINNIFTY21MAY2420650CE.NFO,2024-05-13,10:51:00,2024-05-21,120.0,120.0,120.0,120.0,0,0,1
FINNIFTY21MAY2420650CE.NFO,2024-05-13,10:52:00,2024-05-21,120.0,120.0,120.0,120.0,0,0,1
FINNIFTY21MAY2420650CE.NFO,2024-05-13,10:53:00,2024-05-21,120.0,120.0,120.0,120.0,0,0,1
FINNIFTY21MAY2420650CE.NFO,2024-05-13,10:54:00,2024-05-21,120.0,120.0,120.0,120.0,0,0,1
FINNIFTY21MAY2420650CE.NFO,2024-05-13,10:55:00,2024-05-21,120.0,120.0,120.0,120.0,0,0,1
FINNIFTY21MAY2420650CE.NFO,2024-05-13,10:56:00,2024-05-21,120.0,120.0,120.0,120.0,0,0,1
FINNIFTY21MAY2420650CE.NFO,2024-05-13,10:57:00,2024-05-21,120.0,120.0,120.0,120.0,0,0,1
FINNIFTY21MAY2420650CE.NFO,2024-05-13,10:58:00,2024-05-21,120.0,120.0,120.0,120.0,0,0,1
FINNIFTY21MAY2420650CE.NFO,2024-05-13,10:59:00,2024-05-21,120.0,120.0,120.0,120.0,0,0,1
FINNIFTY21MAY2420650CE.NFO,2024-05-13,11:00:00,2024-05-21,120.0,120.0,120.0,120.0,0,0,1
FINNIFTY21MAY2420650CE.NFO,2024-05-13,11:01:00,2024-05-21,120.0,120.0,120.0,120.0,0,0,1
FINNIFTY21MAY2420650CE.NFO,2024-05-13,11:02:00,2024-05-21,120.0,120.0,120.0,120.0,0,0,1
FINNIFTY21MAY2420650CE.NFO,2024-05-13,11:03:00,2024-05-21,120.0,120.0,120.0,120.0,0,0,1
FINNIFTY21MAY2420650CE.NFO,2024-05-13,11:04:00,2024-05-21,120.0,120.0,120.0,120.0,0,0,1
FINNIFTY21MAY2420650CE.NFO,2024-05-13,11:05:00,2024-05-21,120.0,120.0,120.0,120.0,0,0,1
FINNIFTY21MAY2420650CE.NFO,2024-05-13,11:06:00,2024-05-21,120.0,120.0,120.0,120.0,0,0,1
FINNIFTY21MAY2420650CE.NFO,2024-05-13,11:07:00,2024-05-21,120.0,120.0,120.0,120.0,0,0,1
FINNIFTY21MAY2420650CE.NFO,2024-05-13,11:08:00,2024-05-21,120.0,120.0,120.0,120.0,0,0,1
FINNIFTY21MAY2420650CE.NFO,2024-05-13,11:09:00,2024-05-21,120.0,120.0,120.0,120.0,0,0,1
FINNIFTY21MAY2420650CE.NFO,2024-05-13,11:10:00,2024-05-21,120.0,120.0,120.0,120.0,0,0,1
FINNIFTY21MAY2420650CE.NFO,2024-05-13,11:11:00,2024-05-21,120.0,120.0,120.0,120.0,0,0,1
FINNIFTY21MAY2420650CE.NFO,2024-05-13,11:12:00,2024-05-21,120.0,120.0,120.0,120.0,0,0,1
FINNIFTY21MAY2420650CE.NFO,2024-05-13,11:13:00,2024-05-21,120.0,120.0,120.0,120.0,0,0,1
FINNIFTY21MAY2420650CE.NFO,2024-05-13,11:14:00,2024-05-21,120.0,120.0,120.0,120.0,0,0,1
FINNIFTY21MAY2420650CE.NFO,2024-05-13,11:15:00,2024-05-21,120.0,120.0,120.0,120.0,0,0,1
FINNIFTY21MAY2420650CE.NFO,2024-05-13,11:16:00,2024-05-21,120.0,120.0,120.0,120.0,0,0,1
FINNIFTY21MAY2420650CE.NFO,2024-05-13,11:17:00,2024-05-21,120.0,120.0,120.0,120.0,0,0,1
FINNIFTY21MAY2420650CE.NFO,2024-05-13,11:18:00,2024-05-21,120.0,120.0,120.0,120.0,0,0,1
FINNIFTY21MAY2420650CE.NFO,2024-05-13,11:19:00,2024-05-21,120.0,120.0,120.0,120.0,0,0,1
FINNIFTY21MAY2420650CE.NFO,2024-05-13,11:20:00,2024-05-21,120.0,120.0,120.0,120.0,0,0,1
FINNIFTY21MAY2420650CE.NFO,2024-05-13,11:21:00,2024-05-21,120.0,120.0,120.0,120.0,0,0,1
FINNIFTY21MAY2420650CE.NFO,2024-05-13,11:22:00,2024-05-21,120.0,120.0,120.0,120.0,0,0,1
FINNIFTY21MAY2420650CE.NFO,2024-05-13,11:23:00,2024-05-21,120.0,120.0,120.0,120.0,0,0,1
FINNIFTY21MAY2420650CE.NFO,2024-05-13,11:24:00,2024-05-21,120.0,120.0,120.0,120.0,0,0,1
FINNIFTY21MAY2420650CE.NFO,2024-05-13,11:25:00,2024-05-21,120.0,120.0,120.0,120.0,0,0,1
FINNIFTY21MAY2420650CE.NFO,2024-05-13,11:26:00,2024-05-21,120.0,120.0,120.0,120.0,0,0,1
FINNIFTY21MAY2420650CE.NFO,2024-05-13,11:27:00,2024-05-21,120.0,120.0,120.0,120.0,0,0,1
FINNIFTY21MAY2420650CE.NFO,2024-05-13,11:28:00,2024-05-21,120.0,120.0,120.0,120.0,0,0,1
FINNIFTY21MAY2420650CE.NFO,2024-05-13,11:29:00,2024-05-21,120.0,120.0,120.0,120.0,0,0,1
FINNIFTY21MAY2420650CE.NFO,2024-05-13,11:30:00,2024-05-21,120.0,120.0,120.0,120.0,0,0,1
FINNIFTY21MAY2420650CE.NFO,2024-05-13,11:31:00,2024-05-21,120.0,120.0,120.0,120.0,0,0,1
FINNIFTY21MAY2420650CE.NFO,2024-05-13,11:32:00,2024-05-21,120.0,120.0,120.0,120.0,0,0,1
FINNIFTY21MAY2420650CE.NFO,2024-05-13,11:33:00,2024-05-21,120.0,120.0,120.0,120.0,0,0,1
FINNIFTY21MAY2420650CE.NFO,2024-05-13,11:34:00,2024-05-21,120.0,120.0,120.0,120.0,0,0,1
FINNIFTY21MAY2420650CE.NFO,2024-05-13,11:35:00,2024-05-21,120.0,120.0,120.0,120.0,0,0,1
FINNIFTY21MAY2420650CE.NFO,2024-05-13,11:36:00,2024-05-21,120.0,120.0,120.0,120.0,0,0,1
FINNIFTY21MAY2420650CE.NFO,2024-05-13,11:37:00,2024-05-21,120.0,120.0,120.0,120.0,0,0,1
FINNIFTY21MAY2420650CE.NFO,2024-05-13,11:38:00,2024-05-21,120.0,120.0,120.0,120.0,0,0,1
FINNIFTY21MAY2420650CE.NFO,2024-05-13,11:39:00,2024-05-21,120.0,120.0,120.0,120.0,0,0,1
FINNIFTY21MAY2420650CE.NFO,2024-05-13,11:40:00,2024-05-21,120.0,120.0,120.0,120.0,0,0,1
FINNIFTY21MAY2420650CE.NFO,2024-05-13,11:41:00,2024-05-21,120.0,120.0,120.0,120.0,0,0,1
FINNIFTY21MAY2420650CE.NFO,2024-05-13,11:42:00,2024-05-21,120.0,120.0,120.0,120.0,0,0,1
FINNIFTY21MAY2420650CE.NFO,2024-05-13,11:43:00,2024-05-21,120.0,120.0,120.0,120.0,0,0,1
FINNIFTY21MAY2420650CE.NFO,2024-05-13,11:44:00,2024-05-21,120.0,120.0,120.0,120.0,0,0,1
FINNIFTY21MAY2420650CE.NFO,2024-05-13,11:45:00,2024-05-21,120.0,120.0,120.0,120.0,0,0,1
FINNIFTY21MAY2420650CE.NFO,2024-05-13,11:46:00,2024-05-21,120.0,120.0,120.0,120.0,0,0,1
FINNIFTY21MAY2420650CE.NFO,2024-05-13,11:47:00,2024-05-21,120.0,120.0,120.0,120.0,0,0,1
FINNIFTY21MAY2420650CE.NFO,2024-05-13,11:48:00,2024-05-21,120.0,120.0,120.0,120.0,0,0,1
FINNIFTY21MAY2420650CE.NFO,2024-05-13,11:49:00,2024-05-21,120.0,120.0,120.0,120.0,0,0,1
FINNIFTY21MAY2420650CE.NFO,2024-05-13,11:50:00,2024-05-21,120.0,120.0,120.0,120.0,0,0,1
FINNIFTY21MAY2420650CE.NFO,2024-05-13,11:51:00,2024-05-21,120.0,120.0,120.0,120.0,0,0,1
FINNIFTY21MAY2420650CE.NFO,2024-05-13,11:52:00,2024-05-21,120.0,120.0,120.0,120.0,0,0,1
FINNIFTY21MAY2420650CE.NFO,2024-05-13,11:53:00,2024-05-21,120.0,120.0,120.0,120.0,0,0,1
FINNIFTY21MAY2420650CE.NFO,2024-05-13,11:54:00,2024-05-21,120.0,120.0,120.0,120.0,0,0,1
FINNIFTY21MAY2420650CE.NFO,2024-05-13,11:55:00,2024-05-21,120.0,120.0,120.0,120.0,0,0,1
FINNIFTY21MAY2420650CE.NFO,2024-05-13,11:56:00,2024-05-21,120.0,120.0,120.0,120.0,0,0,1
FINNIFTY21MAY2420650CE.NFO,2024-05-13,11:57:00,2024-05-21,120.0,120.0,120.0,120.0,0,0,1
FINNIFTY21MAY2420650CE.NFO,2024-05-13,11:58:00,2024-05-21,120.0,120.0,120.0,120.0,0,0,1
FINNIFTY21MAY2420650CE.NFO,2024-05-13,11:59:00,2024-05-21,120.0,120.0,120.0,120.0,0,0,1
FINNIFTY21MAY2420650CE.NFO,2024-05-13,12:00:00,2024-05-21,120.0,120.0,120.0,120.0,0,0,1
FINNIFTY21MAY2420650CE.NFO,2024-05-13,12:01:00,2024-05-21,120.0,120.0,120.0,120.0,0,0,1
FINNIFTY21MAY2420650CE.NFO,2024-05-13,12:02:00,2024-05-21,120.0,120.0,120.0,120.0,0,0,1
FINNIFTY21MAY2420650CE.NFO,2024-05-13,12:03:00,2024-05-21,120.0,120.0,120.0,120.0,0,0,1
FINNIFTY21MAY2420650CE.NFO,2024-05-13,12:04:00,2024-05-21,120.0,120.0,120.0,120.0,0,0,1
FINNIFTY21MAY2420650CE.NFO,2024-05-13,12:05:00,2024-05-21,120.0,120.0,120.0,120.0,0,0,1
FINNIFTY21MAY2420650CE.NFO,2024-05-13,12:06:00,2024-05-21,120.0,120.0,120.0,120.0,0,0,1
FINNIFTY21MAY2420650CE.NFO,2024-05-13,12:07:00,2024-05-21,120.0,120.0,120.0,120.0,0,0,1
FINNIFTY21MAY2420650CE.NFO,2024-05-13,12:08:00,2024-05-21,120.0,120.0,120.0,120.0,0,0,1
FINNIFTY21MAY2420650CE.NFO,2024-05-13,12:09:00,2024-05-21,120.0,120.0,120.0,120.0,0,0,1
FINNIFTY21MAY2420650CE.NFO,2024-05-13,12:10:00,2024-05-21,120.0,120.0,120.0,120.0,0,0,1
FINNIFTY21MAY2420650CE.NFO,2024-05-13,12:11:00,2024-05-21,120.0,120.0,120.0,120.0,0,0,1
FINNIFTY21MAY2420650CE.NFO,2024-05-13,12:12:00,2024-05-21,120.0,120.0,120.0,120.0,0,0,1
FINNIFTY21MAY2420650CE.NFO,2024-05-13,12:13:00,2024-05-21,120.0,120.0,120.0,120.0,0,0,1
FINNIFTY21MAY2420650CE.NFO,2024-05-13,12:14:00,2024-05-21,120.0,120.0,120.0,120.0,0,0,1
FINNIFTY21MAY2420650CE.NFO,2024-05-13,12:15:00,2024-05-21,120.0,120.0,120.0,120.0,0,0,1
FINNIFTY21MAY2420650CE.NFO,2024-05-13,12:16:00,2024-05-21,120.0,120.0,120.0,120.0,0,0,1
FINNIFTY21MAY2420650CE.NFO,2024-05-13,12:17:00,2024-05-21,120.0,120.0,120.0,120.0,0,0,1
FINNIFTY21MAY2420650CE.NFO,2024-05-13,12:18:00,2024-05-21,120.0,120.0,120.0,120.0,0,0,1
FINNIFTY21MAY2420650CE.NFO,2024-05-13,12:19:00,2024-05-21,120.0,120.0,120.0,120.0,0,0,1
FINNIFTY21MAY2420650CE.NFO,2024-05-13,12:20:00,2024-05-21,120.0,120.0,120.0,120.0,0,0,1
FINNIFTY21MAY2420650CE.NFO,2024-05-13,12:21:00,2024-05-21,120.0,120.0,120.0,120.0,0,0,1
FINNIFTY21MAY2420650CE.NFO,2024-05-13,12:22:00,2024-05-21,120.0,120.0,120.0,120.0,0,0,1
FINNIFTY21MAY2420650CE.NFO,2024-05-13,12:23:00,2024-05-21,120.0,120.0,120.0,120.0,0,0,1
FINNIFTY21MAY2420650CE.NFO,2024-05-13,12:24:00,2024-05-21,120.0,120.0,120.0,120.0,0,0,1
FINNIFTY21MAY2420650CE.NFO,2024-05-13,12:25:00,2024-05-21,120.0,120.0,120.0,120.0,0,0,1
FINNIFTY21MAY2420650CE.NFO,2024-05-13,12:26:00,2024-05-21,120.0,120.0,120.0,120.0,0,0,1
FINNIFTY21MAY2420650CE.NFO,2024-05-13,12:27:00,2024-05-21,120.0,120.0,120.0,120.0,0,0,1
FINNIFTY21MAY2420650CE.NFO,2024-05-13,12:28:00,2024-05-21,120.0,120.0,120.0,120.0,0,0,1
FINNIFTY21MAY2420650CE.NFO,2024-05-13,12:29:00,2024-05-21,120.0,120.0,120.0,120.0,0,0,1
FINNIFTY21MAY2420650CE.NFO,2024-05-13,12:30:00,2024-05-21,120.0,120.0,120.0,120.0,0,0,1
FINNIFTY21MAY2420650CE.NFO,2024-05-13,12:31:00,2024-05-21,120.0,120.0,120.0,120.0,0,0,1
FINNIFTY21MAY2420650CE.NFO,2024-05-13,12:32:00,2024-05-21,120.0,120.0,120.0,120.0,0,0,1
FINNIFTY21MAY2420650CE.NFO,2024-05-13,12:33:00,2024-05-21,120.0,120.0,120.0,120.0,0,0,1
FINNIFTY21MAY2420650CE.NFO,2024-05-13,12:34:00,2024-05-21,120.0,120.0,120.0,120.0,0,0,1
FINNIFTY21MAY2420650CE.NFO,2024-05-13,12:35:00,2024-05-21,120.0,120.0,120.0,120.0,0,0,1
FINNIFTY21MAY2420650CE.NFO,2024-05-13,12:36:00,2024-05-21,120.0,120.0,120.0,120.0,0,0,1
FINNIFTY21MAY2420650CE.NFO,2024-05-13,12:37:00,2024-05-21,120.0,120.0,120.0,120.0,0,0,1
FINNIFTY21MAY2420650CE.NFO,2024-05-13,12:38:00,2024-05-21,120.0,120.0,120.0,120.0,0,0,1
FINNIFTY21MAY2420650CE.NFO,2024-05-13,12:39:00,2024-05-21,120.0,120.0,120.0,120.0,0,0,1
FINNIFTY21MAY2420650CE.NFO,2024-05-13,12:40:00,2024-05-21,120.0,120.0,120.0,120.0,0,0,1
FINNIFTY21MAY2420650CE.NFO,2024-05-13,12:41:00,2024-05-21,120.0,120.0,120.0,120.0,0,0,1
FINNIFTY21MAY2420650CE.NFO,2024-05-13,12:42:00,2024-05-21,120.0,120.0,120.0,120.0,0,0,1
FINNIFTY21MAY2420650CE.NFO,2024-05-13,12:43:00,2024-05-21,120.0,120.0,120.0,120.0,0,0,1
FINNIFTY21MAY2420650CE.NFO,2024-05-13,12:44:00,2024-05-21,120.0,120.0,120.0,120.0,0,0,1
FINNIFTY21MAY2420650CE.NFO,2024-05-13,12:45:00,2024-05-21,120.0,120.0,120.0,120.0,0,0,1
FINNIFTY21MAY2420650CE.NFO,2024-05-13,12:46:00,2024-05-21,120.0,120.0,120.0,120.0,0,0,1
FINNIFTY21MAY2420650CE.NFO,2024-05-13,12:47:00,2024-05-21,120.0,120.0,120.0,120.0,0,0,1
FINNIFTY21MAY2420650CE.NFO,2024-05-13,12:48:00,2024-05-21,120.0,120.0,120.0,120.0,0,0,1
FINNIFTY21MAY2420650CE.NFO,2024-05-13,12:49:00,2024-05-21,120.0,120.0,120.0,120.0,0,0,1
FINNIFTY21MAY2420650CE.NFO,2024-05-13,12:50:00,2024-05-21,120.0,120.0,120.0,120.0,0,0,1
FINNIFTY21MAY2420650CE.NFO,2024-05-13,12:51:00,2024-05-21,120.0,120.0,120.0,120.0,0,0,1
FINNIFTY21MAY2420650CE.NFO,2024-05-13,12:52:00,2024-05-21,120.0,120.0,120.0,120.0,0,0,1
FINNIFTY21MAY2420650CE.NFO,2024-05-13,12:53:00,2024-05-21,120.0,120.0,120.0,120.0,0,0,1
FINNIFTY21MAY2420650CE.NFO,2024-05-13,12:54:00,2024-05-21,120.0,120.0,120.0,120.0,0,0,1
FINNIFTY21MAY2420650CE.NFO,2024-05-13,12:55:00,2024-05-21,120.0,120.0,120.0,120.0,0,0,1
FINNIFTY21MAY2420650CE.NFO,2024-05-13,12:56:00,2024-05-21,120.0,120.0,120.0,120.0,0,0,1
FINNIFTY21MAY2420650CE.NFO,2024-05-13,12:57:00,2024-05-21,120.0,120.0,120.0,120.0,0,0,1
FINNIFTY21MAY2420650CE.NFO,2024-05-13,12:58:00,2024-05-21,120.0,120.0,120.0,120.0,0,0,1
FINNIFTY21MAY2420650CE.NFO,2024-05-13,12:59:00,2024-05-21,120.0,120.0,120.0,120.0,0,0,1
FINNIFTY21MAY2420650CE.NFO,2024-05-13,13:00:00,2024-05-21,120.0,120.0,120.0,120.0,0,0,1
FINNIFTY21MAY2420650CE.NFO,2024-05-13,13:01:00,2024-05-21,120.0,120.0,120.0,120.0,0,0,1
FINNIFTY21MAY2420650CE.NFO,2024-05-13,13:02:00,2024-05-21,120.0,120.0,120.0,120.0,0,0,1
FINNIFTY21MAY2420650CE.NFO,2024-05-13,13:03:00,2024-05-21,120.0,120.0,120.0,120.0,0,0,1
FINNIFTY21MAY2420650CE.NFO,2024-05-13,13:04:00,2024-05-21,120.0,120.0,120.0,120.0,0,0,1
FINNIFTY21MAY2420650CE.NFO,2024-05-13,13:05:00,2024-05-21,120.0,120.0,120.0,120.0,0,0,1
FINNIFTY21MAY2420650CE.NFO,2024-05-13,13:06:00,2024-05-21,120.0,120.0,120.0,120.0,0,0,1
FINNIFTY21MAY2420650CE.NFO,2024-05-13,13:07:00,2024-05-21,120.0,120.0,120.0,120.0,0,0,1
FINNIFTY21MAY2420650CE.NFO,2024-05-13,13:08:00,2024-05-21,120.0,120.0,120.0,120.0,0,0,1
FINNIFTY21MAY2420650CE.NFO,2024-05-13,13:09:00,2024-05-21,120.0,120.0,120.0,120.0,0,0,1
FINNIFTY21MAY2420650CE.NFO,2024-05-13,13:10:00,2024-05-21,120.0,120.0,120.0,120.0,0,0,1
FINNIFTY21MAY2420650CE.NFO,2024-05-13,13:11:00,2024-05-21,120.0,120.0,120.0,120.0,0,0,1
FINNIFTY21MAY2420650CE.NFO,2024-05-13,13:12:00,2024-05-21,120.0,120.0,120.0,120.0,0,0,1
FINNIFTY21MAY2420650CE.NFO,2024-05-13,13:13:00,2024-05-21,120.0,120.0,120.0,120.0,0,0,1
FINNIFTY21MAY2420650CE.NFO,2024-05-13,13:14:00,2024-05-21,120.0,120.0,120.0,120.0,0,0,1
FINNIFTY21MAY2420650CE.NFO,2024-05-13,13:15:00,2024-05-21,120.0,120.0,120.0,120.0,0,0,1
FINNIFTY21MAY2420650CE.NFO,2024-05-13,13:16:00,2024-05-21,120.0,120.0,120.0,120.0,0,0,1
FINNIFTY21MAY2420650CE.NFO,2024-05-13,13:17:00,2024-05-21,120.0,120.0,120.0,120.0,0,0,1
FINNIFTY21MAY2420650CE.NFO,2024-05-13,13:18:00,2024-05-21,120.0,120.0,120.0,120.0,0,0,1
FINNIFTY21MAY2420650CE.NFO,2024-05-13,13:19:00,2024-05-21,120.0,120.0,120.0,120.0,0,0,1
FINNIFTY21MAY2420650CE.NFO,2024-05-13,13:20:00,2024-05-21,120.0,120.0,120.0,120.0,0,0,1
FINNIFTY21MAY2420650CE.NFO,2024-05-13,13:21:00,2024-05-21,120.0,120.0,120.0,120.0,0,0,1
FINNIFTY21MAY2420650CE.NFO,2024-05-13,13:22:00,2024-05-21,120.0,120.0,120.0,120.0,0,0,1
FINNIFTY21MAY2420650CE.NFO,2024-05-13,13:23:00,2024-05-21,120.0,120.0,120.0,120.0,0,0,1
FINNIFTY21MAY2420650CE.NFO,2024-05-13,13:24:00,2024-05-21,120.0,120.0,120.0,120.0,0,0,1
FINNIFTY21MAY2420650CE.NFO,2024-05-13,13:25:00,2024-05-21,120.0,120.0,120.0,120.0,0,0,1
FINNIFTY21MAY2420650CE.NFO,2024-05-13,13:26:00,2024-05-21,120.0,120.0,120.0,120.0,0,0,1
FINNIFTY21MAY2420650CE.NFO,2024-05-13,13:27:00,2024-05-21,120.0,120.0,120.0,120.0,0,0,1
FINNIFTY21MAY2420650CE.NFO,2024-05-13,13:28:00,2024-05-21,120.0,120.0,120.0,120.0,0,0,1
FINNIFTY21MAY2420650CE.NFO,2024-05-13,13:29:00,2024-05-21,120.0,120.0,120.0,120.0,0,0,1
FINNIFTY21MAY2420650CE.NFO,2024-05-13,13:30:00,2024-05-21,120.0,120.0,120.0,120.0,0,0,1
FINNIFTY21MAY2420650CE.NFO,2024-05-13,13:31:00,2024-05-21,120.0,120.0,120.0,120.0,0,0,1
FINNIFTY21MAY2420650CE.NFO,2024-05-13,13:32:00,2024-05-21,120.0,120.0,120.0,120.0,0,0,1
FINNIFTY21MAY2420650CE.NFO,2024-05-13,13:33:00,2024-05-21,120.0,120.0,120.0,120.0,0,0,1
FINNIFTY21MAY2420650CE.NFO,2024-05-13,13:34:00,2024-05-21,120.0,120.0,120.0,120.0,0,0,1
FINNIFTY21MAY2420650CE.NFO,2024-05-13,13:35:00,2024-05-21,120.0,120.0,120.0,120.0,0,0,1
FINNIFTY21MAY2420650CE.NFO,2024-05-13,13:36:00,2024-05-21,120.0,120.0,120.0,120.0,0,0,1
FINNIFTY21MAY2420650CE.NFO,2024-05-13,13:37:00,2024-05-21,120.0,120.0,120.0,120.0,0,0,1
FINNIFTY21MAY2420650CE.NFO,2024-05-13,13:38:00,2024-05-21,120.0,120.0,120.0,120.0,0,0,1
FINNIFTY21MAY2420650CE.NFO,2024-05-13,13:39:00,2024-05-21,120.0,120.0,120.0,120.0,0,0,1
FINNIFTY21MAY2420650CE.NFO,2024-05-13,13:40:00,2024-05-21,120.0,120.0,120.0,120.0,0,0,1
FINNIFTY21MAY2420650CE.NFO,2024-05-13,13:41:00,2024-05-21,120.0,120.0,120.0,120.0,0,0,1
FINNIFTY21MAY2420650CE.NFO,2024-05-13,13:42:00,2024-05-21,120.0,120.0,120.0,120.0,0,0,1
FINNIFTY21MAY2420650CE.NFO,2024-05-13,13:43:00,2024-05-21,120.0,120.0,120.0,120.0,0,0,1
FINNIFTY21MAY2420650CE.NFO,2024-05-13,13:44:00,2024-05-21,120.0,120.0,120.0,120.0,0,0,1
FINNIFTY21MAY2420650CE.NFO,2024-05-13,13:45:00,2024-05-21,120.0,120.0,120.0,120.0,0,0,1
FINNIFTY21MAY2420650CE.NFO,2024-05-13,13:46:00,2024-05-21,120.0,120.0,120.0,120.0,0,0,1
FINNIFTY21MAY2420650CE.NFO,2024-05-13,13:47:00,2024-05-21,120.0,120.0,120.0,120.0,0,0,1
FINNIFTY21MAY2420650CE.NFO,2024-05-13,13:48:00,2024-05-21,120.0,120.0,120.0,120.0,0,0,1
FINNIFTY21MAY2420650CE.NFO,2024-05-13,13:49:00,2024-05-21,120.0,120.0,120.0,120.0,0,0,1
FINNIFTY21MAY2420650CE.NFO,2024-05-13,13:50:00,2024-05-21,120.0,120.0,120.0,120.0,0,0,1
FINNIFTY21MAY2420650CE.NFO,2024-05-13,13:51:00,2024-05-21,120.0,120.0,120.0,120.0,0,0,1
FINNIFTY21MAY2420650CE.NFO,2024-05-13,13:52:00,2024-05-21,120.0,120.0,120.0,120.0,0,0,1
FINNIFTY21MAY2420650CE.NFO,2024-05-13,13:53:00,2024-05-21,120.0,120.0,120.0,120.0,0,0,1
FINNIFTY21MAY2420650CE.NFO,2024-05-13,13:54:00,2024-05-21,120.0,120.0,120.0,120.0,0,0,1
FINNIFTY21MAY2420650CE.NFO,2024-05-13,13:55:00,2024-05-21,120.0,120.0,120.0,120.0,0,0,1
FINNIFTY21MAY2420650CE.NFO,2024-05-13,13:56:00,2024-05-21,120.0,120.0,120.0,120.0,0,0,1
FINNIFTY21MAY2420650CE.NFO,2024-05-13,13:57:00,2024-05-21,120.0,120.0,120.0,120.0,0,0,1
FINNIFTY21MAY2420650CE.NFO,2024-05-13,13:58:00,2024-05-21,120.0,120.0,120.0,120.0,0,0,1
FINNIFTY21MAY2420650CE.NFO,2024-05-13,13:59:00,2024-05-21,120.0,120.0,120.0,120.0,0,0,1
FINNIFTY21MAY2420650CE.NFO,2024-05-13,14:00:00,2024-05-21,120.0,120.0,120.0,120.0,0,0,1
FINNIFTY21MAY2420650CE.NFO,2024-05-13,14:01:00,2024-05-21,120.0,120.0,120.0,120.0,0,0,1
FINNIFTY21MAY2420650CE.NFO,2024-05-13,14:02:00,2024-05-21,120.0,120.0,120.0,120.0,0,0,1
FINNIFTY21MAY2420650CE.NFO,2024-05-13,14:03:00,2024-05-21,120.0,120.0,120.0,120.0,0,0,1
FINNIFTY21MAY2420650CE.NFO,2024-05-13,14:04:00,2024-05-21,120.0,120.0,120.0,120.0,0,0,1
FINNIFTY21MAY2420650CE.NFO,2024-05-13,14:05:00,2024-05-21,120.0,120.0,120.0,120.0,0,0,1
FINNIFTY21MAY2420650CE.NFO,2024-05-13,14:06:00,2024-05-21,120.0,120.0,120.0,120.0,0,0,1
FINNIFTY21MAY2420650CE.NFO,2024-05-13,14:07:00,2024-05-21,120.0,120.0,120.0,120.0,0,0,1
FINNIFTY21MAY2420650CE.NFO,2024-05-13,14:08:00,2024-05-21,120.0,120.0,120.0,120.0,0,0,1
FINNIFTY21MAY2420650CE.NFO,2024-05-13,14:09:00,2024-05-21,120.0,120.0,120.0,120.0,0,0,1
FINNIFTY21MAY2420650CE.NFO,2024-05-13,14:10:00,2024-05-21,120.0,120.0,120.0,120.0,0,0,1
FINNIFTY21MAY2420650CE.NFO,2024-05-13,14:11:00,2024-05-21,120.0,120.0,120.0,120.0,0,0,1
FINNIFTY21MAY2420650CE.NFO,2024-05-13,14:12:00,2024-05-21,120.0,120.0,120.0,120.0,0,0,1
FINNIFTY21MAY2420650CE.NFO,2024-05-13,14:13:00,2024-05-21,120.0,120.0,120.0,120.0,0,0,1
FINNIFTY21MAY2420650CE.NFO,2024-05-13,14:14:00,2024-05-21,120.0,120.0,120.0,120.0,0,0,1
FINNIFTY21MAY2420650CE.NFO,2024-05-13,14:15:00,2024-05-21,120.0,120.0,120.0,120.0,0,0,1
FINNIFTY21MAY2420650CE.NFO,2024-05-13,14:16:00,2024-05-21,120.0,120.0,120.0,120.0,0,0,1
FINNIFTY21MAY2420650CE.NFO,2024-05-13,14:17:00,2024-05-21,120.0,120.0,120.0,120.0,0,0,1
FINNIFTY21MAY2420650CE.NFO,2024-05-13,14:18:00,2024-05-21,120.0,120.0,120.0,120.0,0,0,1
FINNIFTY21MAY2420650CE.NFO,2024-05-13,14:19:00,2024-05-21,120.0,120.0,120.0,120.0,0,0,1
FINNIFTY21MAY2420650CE.NFO,2024-05-13,14:20:00,2024-05-21,120.0,120.0,120.0,120.0,0,0,1
FINNIFTY21MAY2420650CE.NFO,2024-05-13,14:21:00,2024-05-21,120.0,120.0,120.0,120.0,0,0,1
FINNIFTY21MAY2420650CE.NFO,2024-05-13,14:22:00,2024-05-21,120.0,120.0,120.0,120.0,0,0,1
FINNIFTY21MAY2420650CE.NFO,2024-05-13,14:23:00,2024-05-21,120.0,120.0,120.0,120.0,0,0,1
FINNIFTY21MAY2420650CE.NFO,2024-05-13,14:24:00,2024-05-21,120.0,120.0,120.0,120.0,0,0,1
FINNIFTY21MAY2420650CE.NFO,2024-05-13,14:25:00,2024-05-21,120.0,120.0,120.0,120.0,0,0,1
FINNIFTY21MAY2420650CE.NFO,2024-05-13,14:26:00,2024-05-21,120.0,120.0,120.0,120.0,0,0,1
FINNIFTY21MAY2420650CE.NFO,2024-05-13,14:27:00,2024-05-21,120.0,120.0,120.0,120.0,0,0,1
FINNIFTY21MAY2420650CE.NFO,2024-05-13,14:28:00,2024-05-21,120.0,120.0,120.0,120.0,0,0,1
FINNIFTY21MAY2420650CE.NFO,2024-05-13,14:29:00,2024-05-21,120.0,120.0,120.0,120.0,0,0,1
FINNIFTY21MAY2420650CE.NFO,2024-05-13,14:30:00,2024-05-21,120.0,120.0,120.0,120.0,0,0,1
FINNIFTY21MAY2420650CE.NFO,2024-05-13,14:31:00,2024-05-21,120.0,120.0,120.0,120.0,0,0,1
FINNIFTY21MAY2420650CE.NFO,2024-05-13,14:32:00,2024-05-21,120.0,120.0,120.0,120.0,0,0,1
FINNIFTY21MAY2420650CE.NFO,2024-05-13,14:33:00,2024-05-21,120.0,120.0,120.0,120.0,0,0,1
FINNIFTY21MAY2420650CE.NFO,2024-05-13,14:34:00,2024-05-21,120.0,120.0,120.0,120.0,0,0,1
FINNIFTY21MAY2420650CE.NFO,2024-05-13,14:35:00,2024-05-21,120.0,120.0,120.0,120.0,0,0,1
FINNIFTY21MAY2420650CE.NFO,2024-05-13,14:36:00,2024-05-21,120.0,120.0,120.0,120.0,0,0,1
FINNIFTY21MAY2420650CE.NFO,2024-05-13,14:37:00,2024-05-21,120.0,120.0,120.0,120.0,0,0,1
FINNIFTY21MAY2420650CE.NFO,2024-05-13,14:38:00,2024-05-21,120.0,120.0,120.0,120.0,0,0,1
FINNIFTY21MAY2420650CE.NFO,2024-05-13,14:39:00,2024-05-21,120.0,120.0,120.0,120.0,0,0,1
FINNIFTY21MAY2420650CE.NFO,2024-05-13,14:40:00,2024-05-21,120.0,120.0,120.0,120.0,0,0,1
FINNIFTY21MAY2420650CE.NFO,2024-05-13,14:41:00,2024-05-21,120.0,120.0,120.0,120.0,0,0,1
FINNIFTY21MAY2420650CE.NFO,2024-05-13,14:42:00,2024-05-21,120.0,120.0,120.0,120.0,0,0,1
FINNIFTY21MAY2420650CE.NFO,2024-05-13,14:43:00,2024-05-21,120.0,120.0,120.0,120.0,0,0,1
FINNIFTY21MAY2420650CE.NFO,2024-05-13,14:44:00,2024-05-21,120.0,120.0,120.0,120.0,0,0,1
FINNIFTY21MAY2420650CE.NFO,2024-05-13,14:45:00,2024-05-21,120.0,120.0,120.0,120.0,0,0,1
FINNIFTY21MAY2420650CE.NFO,2024-05-13,14:46:00,2024-05-21,120.0,120.0,120.0,120.0,0,0,1
FINNIFTY21MAY2420650CE.NFO,2024-05-13,14:47:00,2024-05-21,120.0,120.0,120.0,120.0,0,0,1
FINNIFTY21MAY2420650CE.NFO,2024-05-13,14:48:00,2024-05-21,120.0,120.0,120.0,120.0,0,0,1
FINNIFTY21MAY2420650CE.NFO,2024-05-13,14:49:00,2024-05-21,120.0,120.0,120.0,120.0,0,0,1
FINNIFTY21MAY2420650CE.NFO,2024-05-13,14:50:00,2024-05-21,120.0,120.0,120.0,120.0,0,0,1
FINNIFTY21MAY2420650CE.NFO,2024-05-13,14:51:00,2024-05-21,120.0,120.0,120.0,120.0,0,0,1
FINNIFTY21MAY2420650CE.NFO,2024-05-13,14:52:00,2024-05-21,120.0,120.0,120.0,120.0,0,0,1
FINNIFTY21MAY2420650CE.NFO,2024-05-13,14:53:00,2024-05-21,120.0,120.0,120.0,120.0,0,0,1
FINNIFTY21MAY2420650CE.NFO,2024-05-13,14:54:00,2024-05-21,120.0,120.0,120.0,120.0,0,0,1
FINNIFTY21MAY2420650CE.NFO,2024-05-13,14:55:00,2024-05-21,120.0,120.0,120.0,120.0,0,0,1
FINNIFTY21MAY2420650CE.NFO,2024-05-13,14:56:00,2024-05-21,120.0,120.0,120.0,120.0,0,0,1
FINNIFTY21MAY2420650CE.NFO,2024-05-13,14:57:00,2024-05-21,120.0,120.0,120.0,120.0,0,0,1
FINNIFTY21MAY2420650CE.NFO,2024-05-13,14:58:00,2024-05-21,120.0,120.0,120.0,120.0,0,0,1
FINNIFTY21MAY2420650CE.NFO,2024-05-13,14:59:00,2024-05-21,120.0,120.0,120.0,120.0,0,0,1
FINNIFTY21MAY2420650CE.NFO,2024-05-13,15:00:00,2024-05-21,120.0,120.0,120.0,120.0,0,0,1
FINNIFTY21MAY2420650CE.NFO,2024-05-13,15:01:00,2024-05-21,120.0,120.0,120.0,120.0,0,0,1
FINNIFTY21MAY2420650CE.NFO,2024-05-13,15:02:00,2024-05-21,120.0,120.0,120.0,120.0,0,0,1
FINNIFTY21MAY2420650CE.NFO,2024-05-13,15:03:00,2024-05-21,120.0,120.0,120.0,120.0,0,0,1
FINNIFTY21MAY2420650CE.NFO,2024-05-13,15:04:00,2024-05-21,120.0,120.0,120.0,120.0,0,0,1
FINNIFTY21MAY2420650CE.NFO,2024-05-13,15:05:00,2024-05-21,120.0,120.0,120.0,120.0,0,0,1
FINNIFTY21MAY2420650CE.NFO,2024-05-13,15:06:00,2024-05-21,120.0,120.0,120.0,120.0,0,0,1
FINNIFTY21MAY2420650CE.NFO,2024-05-13,15:07:00,2024-05-21,120.0,120.0,120.0,120.0,0,0,1
FINNIFTY21MAY2420650CE.NFO,2024-05-13,15:08:00,2024-05-21,120.0,120.0,120.0,120.0,0,0,1
FINNIFTY21MAY2420650CE.NFO,2024-05-13,15:09:00,2024-05-21,120.0,120.0,120.0,120.0,0,0,1
FINNIFTY21MAY2420650CE.NFO,2024-05-13,15:10:00,2024-05-21,120.0,120.0,120.0,120.0,0,0,1
FINNIFTY21MAY2420650CE.NFO,2024-05-13,15:11:00,2024-05-21,120.0,120.0,120.0,120.0,0,0,1
FINNIFTY21MAY2420650CE.NFO,2024-05-13,15:12:00,2024-05-21,120.0,120.0,120.0,120.0,0,0,1
FINNIFTY21MAY2420650CE.NFO,2024-05-13,15:13:00,2024-05-21,120.0,120.0,120.0,120.0,0,0,1
FINNIFTY21MAY2420650CE.NFO,2024-05-13,15:14:00,2024-05-21,120.0,120.0,120.0,120.0,0,0,1
FINNIFTY21MAY2420650CE.NFO,2024-05-13,15:15:00,2024-05-21,120.0,120.0,120.0,120.0,0,0,1
FINNIFTY21MAY2420650CE.NFO,2024-05-13,15:16:00,2024-05-21,120.0,120.0,120.0,120.0,0,0,1
FINNIFTY21MAY2420650CE.NFO,2024-05-13,15:17:00,2024-05-21,120.0,120.0,120.0,120.0,0,0,1
FINNIFTY21MAY2420650CE.NFO,2024-05-13,15:18:00,2024-05-21,120.0,120.0,120.0,120.0,0,0,1
FINNIFTY21MAY2420650CE.NFO,2024-05-13,15:19:00,2024-05-21,120.0,120.0,120.0,120.0,0,0,1
FINNIFTY21MAY2420650CE.NFO,2024-05-13,15:20:00,2024-05-21,120.0,120.0,120.0,120.0,0,0,1
FINNIFTY21MAY2420650CE.NFO,2024-05-13,15:21:00,2024-05-21,120.0,120.0,120.0,120.0,0,0,1
FINNIFTY21MAY2420650CE.NFO,2024-05-13,15:22:00,2024-05-21,120.0,120.0,120.0,120.0,0,0,1
FINNIFTY21MAY2420650CE.NFO,2024-05-13,15:23:00,2024-05-21,120.0,120.0,120.0,120.0,0,0,1
FINNIFTY21MAY2420650CE.NFO,2024-05-13,15:24:00,2024-05-21,120.0,120.0,120.0,120.0,0,0,1
FINNIFTY21MAY2420650CE.NFO,2024-05-13,15:25:00,2024-05-21,120.0,120.0,120.0,120.0,0,0,1
FINNIFTY21MAY2420650CE.NFO,2024-05-13,15:26:00,2024-05-21,120.0,120.0,120.0,120.0,0,0,1
FINNIFTY21MAY2420650CE.NFO,2024-05-13,15:27:00,2024-05-21,120.0,120.0,120.0,120.0,0,0,1
FINNIFTY21MAY2420650CE.NFO,2024-05-13,15:28:00,2024-05-21,120.0,120.0,120.0,120.0,0,0,1
FINNIFTY21MAY2420650CE.NFO,2024-05-13,15:29:00,2024-05-21,120.0,120.0,120.0,120.0,0,0,1
FINNIFTY21MAY2420650CE.NFO,2024-05-13,15:30:00,2024-05-21,120.0,120.0,120.0,120.0,0,0,1
FINNIFTY21MAY2420650CE.NFO,2024-05-17,09:15:00,2024-05-21,814.65,814.65,814.65,814.65,0,0,1
FINNIFTY21MAY2420650CE.NFO,2024-05-17,09:16:00,2024-05-21,814.65,814.65,814.65,814.65,0,0,1
FINNIFTY21MAY2420650CE.NFO,2024-05-17,09:17:00,2024-05-21,814.65,814.65,814.65,814.65,0,0,1
FINNIFTY21MAY2420650CE.NFO,2024-05-17,09:18:00,2024-05-21,814.65,814.65,814.65,814.65,0,0,1
FINNIFTY21MAY2420650CE.NFO,2024-05-17,09:19:00,2024-05-21,814.65,814.65,814.65,814.65,0,0,1
FINNIFTY21MAY2420650CE.NFO,2024-05-17,09:20:00,2024-05-21,814.65,814.65,814.65,814.65,0,0,1
FINNIFTY21MAY2420650CE.NFO,2024-05-17,09:21:00,2024-05-21,814.65,814.65,814.65,814.65,0,0,1
FINNIFTY21MAY2420650CE.NFO,2024-05-17,09:22:00,2024-05-21,814.65,814.65,814.65,814.65,0,0,1
FINNIFTY21MAY2420650CE.NFO,2024-05-17,09:23:00,2024-05-21,814.65,814.65,814.65,814.65,0,0,1
FINNIFTY21MAY2420650CE.NFO,2024-05-17,09:24:00,2024-05-21,814.65,814.65,814.65,814.65,0,0,1
FINNIFTY21MAY2420650CE.NFO,2024-05-17,09:25:00,2024-05-21,814.65,814.65,814.65,814.65,0,0,1
FINNIFTY21MAY2420650CE.NFO,2024-05-17,09:26:00,2024-05-21,814.65,814.65,814.65,814.65,0,0,1
FINNIFTY21MAY2420650CE.NFO,2024-05-17,09:27:00,2024-05-21,814.65,814.65,814.65,814.65,0,0,1
FINNIFTY21MAY2420650CE.NFO,2024-05-17,09:28:00,2024-05-21,814.65,814.65,814.65,814.65,0,0,1
FINNIFTY21MAY2420650CE.NFO,2024-05-17,09:29:00,2024-05-21,814.65,814.65,814.65,814.65,0,0,1
FINNIFTY21MAY2420650CE.NFO,2024-05-17,09:30:00,2024-05-21,814.65,814.65,814.65,814.65,0,0,1
FINNIFTY21MAY2420650CE.NFO,2024-05-17,09:31:00,2024-05-21,814.65,814.65,814.65,814.65,0,0,1
FINNIFTY21MAY2420650CE.NFO,2024-05-17,09:32:00,2024-05-21,814.65,814.65,814.65,814.65,0,0,1
FINNIFTY21MAY2420650CE.NFO,2024-05-17,09:33:00,2024-05-21,814.65,814.65,814.65,814.65,0,0,1
FINNIFTY21MAY2420650CE.NFO,2024-05-17,09:34:00,2024-05-21,814.65,814.65,814.65,814.65,0,0,1
FINNIFTY21MAY2420650CE.NFO,2024-05-17,09:35:00,2024-05-21,814.65,814.65,814.65,814.65,0,0,1
FINNIFTY21MAY2420650CE.NFO,2024-05-17,09:36:00,2024-05-21,814.65,814.65,814.65,814.65,0,0,1
FINNIFTY21MAY2420650CE.NFO,2024-05-17,09:37:00,2024-05-21,814.65,814.65,814.65,814.65,0,0,1
FINNIFTY21MAY2420650CE.NFO,2024-05-17,09:38:00,2024-05-21,814.65,814.65,814.65,814.65,0,0,1
FINNIFTY21MAY2420650CE.NFO,2024-05-17,09:39:00,2024-05-21,814.65,814.65,814.65,814.65,0,0,1
FINNIFTY21MAY2420650CE.NFO,2024-05-17,09:40:00,2024-05-21,814.65,814.65,814.65,814.65,0,0,1
FINNIFTY21MAY2420650CE.NFO,2024-05-17,09:41:00,2024-05-21,814.65,814.65,814.65,814.65,0,0,1
FINNIFTY21MAY2420650CE.NFO,2024-05-17,09:42:00,2024-05-21,814.65,814.65,814.65,814.65,0,0,1
FINNIFTY21MAY2420650CE.NFO,2024-05-17,09:43:00,2024-05-21,814.65,814.65,814.65,814.65,0,0,1
FINNIFTY21MAY2420650CE.NFO,2024-05-17,09:44:00,2024-05-21,814.65,814.65,814.65,814.65,0,0,1
FINNIFTY21MAY2420650CE.NFO,2024-05-17,09:45:00,2024-05-21,814.65,814.65,814.65,814.65,0,0,1
FINNIFTY21MAY2420650CE.NFO,2024-05-17,09:46:00,2024-05-21,814.65,814.65,814.65,814.65,0,0,1
FINNIFTY21MAY2420650CE.NFO,2024-05-17,09:47:00,2024-05-21,814.65,814.65,814.65,814.65,0,0,1
FINNIFTY21MAY2420650CE.NFO,2024-05-17,09:48:00,2024-05-21,814.65,814.65,814.65,814.65,0,0,1
FINNIFTY21MAY2420650CE.NFO,2024-05-17,09:49:00,2024-05-21,814.65,814.65,814.65,814.65,0,0,1
FINNIFTY21MAY2420650CE.NFO,2024-05-17,09:50:00,2024-05-21,814.65,814.65,814.65,814.65,0,0,1
FINNIFTY21MAY2420650CE.NFO,2024-05-17,09:51:00,2024-05-21,814.65,814.65,814.65,814.65,0,0,1
FINNIFTY21MAY2420650CE.NFO,2024-05-17,09:52:00,2024-05-21,814.65,814.65,814.65,814.65,0,0,1
FINNIFTY21MAY2420650CE.NFO,2024-05-17,09:53:00,2024-05-21,814.65,814.65,814.65,814.65,0,0,1
FINNIFTY21MAY2420650CE.NFO,2024-05-17,09:54:00,2024-05-21,814.65,814.65,814.65,814.65,0,0,1
FINNIFTY21MAY2420650CE.NFO,2024-05-17,09:55:00,2024-05-21,814.65,814.65,814.65,814.65,0,0,1
FINNIFTY21MAY2420650CE.NFO,2024-05-17,09:56:00,2024-05-21,814.65,814.65,814.65,814.65,0,0,1
FINNIFTY21MAY2420650CE.NFO,2024-05-17,09:57:00,2024-05-21,814.65,814.65,814.65,814.65,0,0,1
FINNIFTY21MAY2420650CE.NFO,2024-05-17,09:58:00,2024-05-21,814.65,814.65,814.65,814.65,0,0,1
FINNIFTY21MAY2420650CE.NFO,2024-05-17,09:59:00,2024-05-21,814.65,814.65,814.65,814.65,0,0,1
FINNIFTY21MAY2420650CE.NFO,2024-05-17,10:00:00,2024-05-21,814.65,814.65,814.65,814.65,0,0,1
FINNIFTY21MAY2420650CE.NFO,2024-05-17,10:01:00,2024-05-21,814.65,814.65,814.65,814.65,0,0,1
FINNIFTY21MAY2420650CE.NFO,2024-05-17,10:02:00,2024-05-21,814.65,814.65,814.65,814.65,0,0,1
FINNIFTY21MAY2420650CE.NFO,2024-05-17,10:03:00,2024-05-21,814.65,814.65,814.65,814.65,0,0,1
FINNIFTY21MAY2420650CE.NFO,2024-05-17,10:04:00,2024-05-21,814.65,814.65,814.65,814.65,0,0,1
FINNIFTY21MAY2420650CE.NFO,2024-05-17,10:05:00,2024-05-21,814.65,814.65,814.65,814.65,0,0,1
FINNIFTY21MAY2420650CE.NFO,2024-05-17,10:06:00,2024-05-21,814.65,814.65,814.65,814.65,0,0,1
FINNIFTY21MAY2420650CE.NFO,2024-05-17,10:07:00,2024-05-21,814.65,814.65,814.65,814.65,0,0,1
FINNIFTY21MAY2420650CE.NFO,2024-05-17,10:08:00,2024-05-21,814.65,814.65,814.65,814.65,0,0,1
FINNIFTY21MAY2420650CE.NFO,2024-05-17,10:09:00,2024-05-21,814.65,814.65,814.65,814.65,0,0,1
FINNIFTY21MAY2420650CE.NFO,2024-05-17,10:10:00,2024-05-21,814.65,814.65,814.65,814.65,0,0,1
FINNIFTY21MAY2420650CE.NFO,2024-05-17,10:11:00,2024-05-21,814.65,814.65,814.65,814.65,0,0,1
FINNIFTY21MAY2420650CE.NFO,2024-05-17,10:12:00,2024-05-21,814.65,814.65,814.65,814.65,0,0,1
FINNIFTY21MAY2420650CE.NFO,2024-05-17,10:13:00,2024-05-21,814.65,814.65,814.65,814.65,0,0,1
FINNIFTY21MAY2420650CE.NFO,2024-05-17,10:14:00,2024-05-21,814.65,814.65,814.65,814.65,0,0,1
FINNIFTY21MAY2420650CE.NFO,2024-05-17,10:15:00,2024-05-21,814.65,814.65,814.65,814.65,0,0,1
FINNIFTY21MAY2420650CE.NFO,2024-05-17,10:16:00,2024-05-21,814.65,814.65,814.65,814.65,0,0,1
FINNIFTY21MAY2420650CE.NFO,2024-05-17,10:17:00,2024-05-21,814.65,814.65,814.65,814.65,0,0,1
FINNIFTY21MAY2420650CE.NFO,2024-05-17,10:18:00,2024-05-21,814.65,814.65,814.65,814.65,0,0,1
FINNIFTY21MAY2420650CE.NFO,2024-05-17,10:19:00,2024-05-21,814.65,814.65,814.65,814.65,0,0,1
FINNIFTY21MAY2420650CE.NFO,2024-05-17,10:20:00,2024-05-21,814.65,814.65,814.65,814.65,0,0,1
FINNIFTY21MAY2420650CE.NFO,2024-05-17,10:21:00,2024-05-21,814.65,814.65,814.65,814.65,0,0,1
FINNIFTY21MAY2420650CE.NFO,2024-05-17,10:22:00,2024-05-21,814.65,814.65,814.65,814.65,0,0,1
FINNIFTY21MAY2420650CE.NFO,2024-05-17,10:23:00,2024-05-21,814.65,814.65,814.65,814.65,0,0,1
FINNIFTY21MAY2420650CE.NFO,2024-05-17,10:24:00,2024-05-21,814.65,814.65,814.65,814.65,0,0,1
FINNIFTY21MAY2420650CE.NFO,2024-05-17,10:25:00,2024-05-21,814.65,814.65,814.65,814.65,0,0,1
FINNIFTY21MAY2420650CE.NFO,2024-05-17,10:26:00,2024-05-21,814.65,814.65,814.65,814.65,0,0,1
FINNIFTY21MAY2420650CE.NFO,2024-05-17,10:27:00,2024-05-21,814.65,814.65,814.65,814.65,0,0,1
FINNIFTY21MAY2420650CE.NFO,2024-05-17,10:28:00,2024-05-21,814.65,814.65,814.65,814.65,0,0,1
FINNIFTY21MAY2420650CE.NFO,2024-05-17,10:29:00,2024-05-21,814.65,814.65,814.65,814.65,0,0,1
FINNIFTY21MAY2420650CE.NFO,2024-05-17,10:30:00,2024-05-21,814.65,814.65,814.65,814.65,0,0,1
FINNIFTY21MAY2420650CE.NFO,2024-05-17,10:31:00,2024-05-21,814.65,814.65,814.65,814.65,0,0,1
FINNIFTY21MAY2420650CE.NFO,2024-05-17,10:32:00,2024-05-21,814.65,814.65,814.65,814.65,0,0,1
FINNIFTY21MAY2420650CE.NFO,2024-05-17,10:33:00,2024-05-21,814.65,814.65,814.65,814.65,0,0,1
FINNIFTY21MAY2420650CE.NFO,2024-05-17,10:34:00,2024-05-21,814.65,814.65,814.65,814.65,0,0,1
FINNIFTY21MAY2420650CE.NFO,2024-05-17,10:35:00,2024-05-21,814.65,814.65,814.65,814.65,0,0,1
FINNIFTY21MAY2420650CE.NFO,2024-05-17,10:36:00,2024-05-21,814.65,814.65,814.65,814.65,0,0,1
FINNIFTY21MAY2420650CE.NFO,2024-05-17,10:37:00,2024-05-21,814.65,814.65,814.65,814.65,0,0,1
FINNIFTY21MAY2420650CE.NFO,2024-05-17,10:38:00,2024-05-21,814.65,814.65,814.65,814.65,0,0,1
FINNIFTY21MAY2420650CE.NFO,2024-05-17,10:39:00,2024-05-21,814.65,814.65,814.65,814.65,0,0,1
FINNIFTY21MAY2420650CE.NFO,2024-05-17,10:40:00,2024-05-21,814.65,814.65,814.65,814.65,0,0,1
FINNIFTY21MAY2420650CE.NFO,2024-05-17,10:41:00,2024-05-21,814.65,814.65,814.65,814.65,0,0,1
FINNIFTY21MAY2420650CE.NFO,2024-05-17,10:42:00,2024-05-21,814.65,814.65,814.65,814.65,0,0,1
FINNIFTY21MAY2420650CE.NFO,2024-05-17,10:43:00,2024-05-21,814.65,814.65,814.65,814.65,0,0,1
FINNIFTY21MAY2420650CE.NFO,2024-05-17,10:44:00,2024-05-21,814.65,814.65,814.65,814.65,0,0,1
FINNIFTY21MAY2420650CE.NFO,2024-05-17,10:45:00,2024-05-21,814.65,814.65,814.65,814.65,0,0,1
FINNIFTY21MAY2420650CE.NFO,2024-05-17,10:46:00,2024-05-21,814.65,814.65,814.65,814.65,0,0,1
FINNIFTY21MAY2420650CE.NFO,2024-05-17,10:47:00,2024-05-21,814.65,814.65,814.65,814.65,0,0,1
FINNIFTY21MAY2420650CE.NFO,2024-05-17,10:48:00,2024-05-21,814.65,814.65,814.65,814.65,0,0,1
FINNIFTY21MAY2420650CE.NFO,2024-05-17,10:49:00,2024-05-21,814.65,814.65,814.65,814.65,0,0,1
FINNIFTY21MAY2420650CE.NFO,2024-05-17,10:50:00,2024-05-21,814.65,814.65,814.65,814.65,0,0,1
FINNIFTY21MAY2420650CE.NFO,2024-05-17,10:51:00,2024-05-21,814.65,814.65,814.65,814.65,0,0,1
FINNIFTY21MAY2420650CE.NFO,2024-05-17,10:52:00,2024-05-21,814.65,814.65,814.65,814.65,0,0,1
FINNIFTY21MAY2420650CE.NFO,2024-05-17,10:53:00,2024-05-21,814.65,814.65,814.65,814.65,0,0,1
FINNIFTY21MAY2420650CE.NFO,2024-05-17,10:54:00,2024-05-21,814.65,814.65,814.65,814.65,0,0,1
FINNIFTY21MAY2420650CE.NFO,2024-05-17,10:55:00,2024-05-21,814.65,814.65,814.65,814.65,0,0,1
FINNIFTY21MAY2420650CE.NFO,2024-05-17,10:56:00,2024-05-21,814.65,814.65,814.65,814.65,0,0,1
FINNIFTY21MAY2420650CE.NFO,2024-05-17,10:57:00,2024-05-21,814.65,814.65,814.65,814.65,0,0,1
FINNIFTY21MAY2420650CE.NFO,2024-05-17,10:58:00,2024-05-21,814.65,814.65,814.65,814.65,0,0,1
FINNIFTY21MAY2420650CE.NFO,2024-05-17,10:59:00,2024-05-21,814.65,814.65,814.65,814.65,0,0,1
FINNIFTY21MAY2420650CE.NFO,2024-05-17,11:00:00,2024-05-21,814.65,814.65,814.65,814.65,0,0,1
FINNIFTY21MAY2420650CE.NFO,2024-05-17,11:01:00,2024-05-21,814.65,814.65,814.65,814.65,0,0,1
FINNIFTY21MAY2420650CE.NFO,2024-05-17,11:02:00,2024-05-21,814.65,814.65,814.65,814.65,0,0,1
FINNIFTY21MAY2420650CE.NFO,2024-05-17,11:03:00,2024-05-21,814.65,814.65,814.65,814.65,0,0,1
FINNIFTY21MAY2420650CE.NFO,2024-05-17,11:04:00,2024-05-21,814.65,814.65,814.65,814.65,0,0,1
FINNIFTY21MAY2420650CE.NFO,2024-05-17,11:05:00,2024-05-21,814.65,814.65,814.65,814.65,0,0,1
FINNIFTY21MAY2420650CE.NFO,2024-05-17,11:06:00,2024-05-21,814.65,814.65,814.65,814.65,0,0,1
FINNIFTY21MAY2420650CE.NFO,2024-05-17,11:07:00,2024-05-21,814.65,814.65,814.65,814.65,0,0,1
FINNIFTY21MAY2420650CE.NFO,2024-05-17,11:08:00,2024-05-21,814.65,814.65,814.65,814.65,0,0,1
FINNIFTY21MAY2420650CE.NFO,2024-05-17,11:09:00,2024-05-21,814.65,814.65,814.65,814.65,0,0,1
FINNIFTY21MAY2420650CE.NFO,2024-05-17,11:10:00,2024-05-21,814.65,814.65,814.65,814.65,0,0,1
FINNIFTY21MAY2420650CE.NFO,2024-05-17,11:11:00,2024-05-21,814.65,814.65,814.65,814.65,0,0,1
FINNIFTY21MAY2420650CE.NFO,2024-05-17,11:12:00,2024-05-21,814.65,814.65,814.65,814.65,0,0,1
FINNIFTY21MAY2420650CE.NFO,2024-05-17,11:13:00,2024-05-21,814.65,814.65,814.65,814.65,0,0,1
FINNIFTY21MAY2420650CE.NFO,2024-05-17,11:14:00,2024-05-21,814.65,814.65,814.65,814.65,0,0,1
FINNIFTY21MAY2420650CE.NFO,2024-05-17,11:15:00,2024-05-21,814.65,814.65,814.65,814.65,0,0,1
FINNIFTY21MAY2420650CE.NFO,2024-05-17,11:16:00,2024-05-21,814.65,814.65,814.65,814.65,0,0,1
FINNIFTY21MAY2420650CE.NFO,2024-05-17,11:17:00,2024-05-21,814.65,814.65,814.65,814.65,0,0,1
FINNIFTY21MAY2420650CE.NFO,2024-05-17,11:18:00,2024-05-21,814.65,814.65,814.65,814.65,0,0,1
FINNIFTY21MAY2420650CE.NFO,2024-05-17,11:19:00,2024-05-21,814.65,814.65,814.65,814.65,0,0,1
FINNIFTY21MAY2420650CE.NFO,2024-05-17,11:20:00,2024-05-21,814.65,814.65,814.65,814.65,0,0,1
FINNIFTY21MAY2420650CE.NFO,2024-05-17,11:21:00,2024-05-21,814.65,814.65,814.65,814.65,0,0,1
FINNIFTY21MAY2420650CE.NFO,2024-05-17,11:22:00,2024-05-21,814.65,814.65,814.65,814.65,0,0,1
FINNIFTY21MAY2420650CE.NFO,2024-05-17,11:23:00,2024-05-21,814.65,814.65,814.65,814.65,0,0,1
FINNIFTY21MAY2420650CE.NFO,2024-05-17,11:24:00,2024-05-21,814.65,814.65,814.65,814.65,0,0,1
FINNIFTY21MAY2420650CE.NFO,2024-05-17,11:25:00,2024-05-21,814.65,814.65,814.65,814.65,0,0,1
FINNIFTY21MAY2420650CE.NFO,2024-05-17,11:26:00,2024-05-21,814.65,814.65,814.65,814.65,0,0,1
FINNIFTY21MAY2420650CE.NFO,2024-05-17,11:27:00,2024-05-21,814.65,814.65,814.65,814.65,0,0,1
FINNIFTY21MAY2420650CE.NFO,2024-05-17,11:28:00,2024-05-21,814.65,814.65,814.65,814.65,0,0,1
FINNIFTY21MAY2420650CE.NFO,2024-05-17,11:29:00,2024-05-21,814.65,814.65,814.65,814.65,0,0,1
FINNIFTY21MAY2420650CE.NFO,2024-05-17,11:30:00,2024-05-21,814.65,814.65,814.65,814.65,0,0,1
FINNIFTY21MAY2420650CE.NFO,2024-05-17,11:31:00,2024-05-21,814.65,814.65,814.65,814.65,0,0,1
FINNIFTY21MAY2420650CE.NFO,2024-05-17,11:32:00,2024-05-21,814.65,814.65,814.65,814.65,0,0,1
FINNIFTY21MAY2420650CE.NFO,2024-05-17,11:33:00,2024-05-21,814.65,814.65,814.65,814.65,0,0,1
FINNIFTY21MAY2420650CE.NFO,2024-05-17,11:34:00,2024-05-21,814.65,814.65,814.65,814.65,0,0,1
FINNIFTY21MAY2420650CE.NFO,2024-05-17,11:35:00,2024-05-21,814.65,814.65,814.65,814.65,0,0,1
FINNIFTY21MAY2420650CE.NFO,2024-05-17,11:36:00,2024-05-21,814.65,814.65,814.65,814.65,0,0,1
FINNIFTY21MAY2420650CE.NFO,2024-05-17,11:37:00,2024-05-21,814.65,814.65,814.65,814.65,0,0,1
FINNIFTY21MAY2420650CE.NFO,2024-05-17,11:38:00,2024-05-21,814.65,814.65,814.65,814.65,0,0,1
FINNIFTY21MAY2420650CE.NFO,2024-05-17,11:39:00,2024-05-21,814.65,814.65,814.65,814.65,0,0,1
FINNIFTY21MAY2420650CE.NFO,2024-05-17,11:40:00,2024-05-21,814.65,814.65,814.65,814.65,0,0,1
FINNIFTY21MAY2420650CE.NFO,2024-05-17,11:41:00,2024-05-21,814.65,814.65,814.65,814.65,0,0,1
FINNIFTY21MAY2420650CE.NFO,2024-05-17,11:42:00,2024-05-21,814.65,814.65,814.65,814.65,0,0,1
FINNIFTY21MAY2420650CE.NFO,2024-05-17,11:43:00,2024-05-21,814.65,814.65,814.65,814.65,0,0,1
FINNIFTY21MAY2420650CE.NFO,2024-05-17,11:44:00,2024-05-21,814.65,814.65,814.65,814.65,0,0,1
FINNIFTY21MAY2420650CE.NFO,2024-05-17,11:45:00,2024-05-21,814.65,814.65,814.65,814.65,0,0,1
FINNIFTY21MAY2420650CE.NFO,2024-05-17,11:46:00,2024-05-21,814.65,814.65,814.65,814.65,0,0,1
FINNIFTY21MAY2420650CE.NFO,2024-05-17,11:47:00,2024-05-21,814.65,814.65,814.65,814.65,0,0,1
FINNIFTY21MAY2420650CE.NFO,2024-05-17,11:48:00,2024-05-21,814.65,814.65,814.65,814.65,0,0,1
FINNIFTY21MAY2420650CE.NFO,2024-05-17,11:49:00,2024-05-21,814.65,814.65,814.65,814.65,0,0,1
FINNIFTY21MAY2420650CE.NFO,2024-05-17,11:50:00,2024-05-21,814.65,814.65,814.65,814.65,0,0,1
FINNIFTY21MAY2420650CE.NFO,2024-05-17,11:51:00,2024-05-21,814.65,814.65,814.65,814.65,0,0,1
FINNIFTY21MAY2420650CE.NFO,2024-05-17,11:52:00,2024-05-21,814.65,814.65,814.65,814.65,0,0,1
FINNIFTY21MAY2420650CE.NFO,2024-05-17,11:53:00,2024-05-21,814.65,814.65,814.65,814.65,0,0,1
FINNIFTY21MAY2420650CE.NFO,2024-05-17,11:54:00,2024-05-21,814.65,814.65,814.65,814.65,0,0,1
FINNIFTY21MAY2420650CE.NFO,2024-05-17,11:55:00,2024-05-21,814.65,814.65,814.65,814.65,0,0,1
FINNIFTY21MAY2420650CE.NFO,2024-05-17,11:56:00,2024-05-21,814.65,814.65,814.65,814.65,0,0,1
FINNIFTY21MAY2420650CE.NFO,2024-05-17,11:57:00,2024-05-21,814.65,814.65,814.65,814.65,0,0,1
FINNIFTY21MAY2420650CE.NFO,2024-05-17,11:58:00,2024-05-21,814.65,814.65,814.65,814.65,0,0,1
FINNIFTY21MAY2420650CE.NFO,2024-05-17,11:59:00,2024-05-21,814.65,814.65,814.65,814.65,0,0,1
FINNIFTY21MAY2420650CE.NFO,2024-05-17,12:00:00,2024-05-21,814.65,814.65,814.65,814.65,0,0,1
FINNIFTY21MAY2420650CE.NFO,2024-05-17,12:01:00,2024-05-21,814.65,814.65,814.65,814.65,0,0,1
FINNIFTY21MAY2420650CE.NFO,2024-05-17,12:02:00,2024-05-21,814.65,814.65,814.65,814.65,0,0,1
FINNIFTY21MAY2420650CE.NFO,2024-05-17,12:03:00,2024-05-21,814.65,814.65,814.65,814.65,0,0,1
FINNIFTY21MAY2420650CE.NFO,2024-05-17,12:04:00,2024-05-21,814.65,814.65,814.65,814.65,0,0,1
FINNIFTY21MAY2420650CE.NFO,2024-05-17,12:05:00,2024-05-21,814.65,814.65,814.65,814.65,0,0,1
FINNIFTY21MAY2420650CE.NFO,2024-05-17,12:06:00,2024-05-21,814.65,814.65,814.65,814.65,0,0,1
FINNIFTY21MAY2420650CE.NFO,2024-05-17,12:07:00,2024-05-21,814.65,814.65,814.65,814.65,0,0,1
FINNIFTY21MAY2420650CE.NFO,2024-05-17,12:08:00,2024-05-21,814.65,814.65,814.65,814.65,0,0,1
FINNIFTY21MAY2420650CE.NFO,2024-05-17,12:09:00,2024-05-21,814.65,814.65,814.65,814.65,0,0,1
FINNIFTY21MAY2420650CE.NFO,2024-05-17,12:10:00,2024-05-21,814.65,814.65,814.65,814.65,0,0,1
FINNIFTY21MAY2420650CE.NFO,2024-05-17,12:11:00,2024-05-21,814.65,814.65,814.65,814.65,0,0,1
FINNIFTY21MAY2420650CE.NFO,2024-05-17,12:12:00,2024-05-21,814.65,814.65,814.65,814.65,0,0,1
FINNIFTY21MAY2420650CE.NFO,2024-05-17,12:13:00,2024-05-21,814.65,814.65,814.65,814.65,0,0,1
FINNIFTY21MAY2420650CE.NFO,2024-05-17,12:14:00,2024-05-21,814.65,814.65,814.65,814.65,0,0,1
FINNIFTY21MAY2420650CE.NFO,2024-05-17,12:15:00,2024-05-21,814.65,814.65,814.65,814.65,0,0,1
FINNIFTY21MAY2420650CE.NFO,2024-05-17,12:16:00,2024-05-21,814.65,814.65,814.65,814.65,0,0,1
FINNIFTY21MAY2420650CE.NFO,2024-05-17,12:17:00,2024-05-21,814.65,814.65,814.65,814.65,0,0,1
FINNIFTY21MAY2420650CE.NFO,2024-05-17,12:18:00,2024-05-21,814.65,814.65,814.65,814.65,0,0,1
FINNIFTY21MAY2420650CE.NFO,2024-05-17,12:19:00,2024-05-21,814.65,814.65,814.65,814.65,0,0,1
FINNIFTY21MAY2420650CE.NFO,2024-05-17,12:20:00,2024-05-21,814.65,814.65,814.65,814.65,0,0,1
FINNIFTY21MAY2420650CE.NFO,2024-05-17,12:21:00,2024-05-21,814.65,814.65,814.65,814.65,0,0,1
FINNIFTY21MAY2420650CE.NFO,2024-05-17,12:22:00,2024-05-21,814.65,814.65,814.65,814.65,0,0,1
FINNIFTY21MAY2420650CE.NFO,2024-05-17,12:23:00,2024-05-21,814.65,814.65,814.65,814.65,0,0,1
FINNIFTY21MAY2420650CE.NFO,2024-05-17,12:24:00,2024-05-21,814.65,814.65,814.65,814.65,0,0,1
FINNIFTY21MAY2420650CE.NFO,2024-05-17,12:25:00,2024-05-21,814.65,814.65,814.65,814.65,0,0,1
FINNIFTY21MAY2420650CE.NFO,2024-05-17,12:26:00,2024-05-21,814.65,814.65,814.65,814.65,0,0,1
FINNIFTY21MAY2420650CE.NFO,2024-05-17,12:27:00,2024-05-21,814.65,814.65,814.65,814.65,0,0,1
FINNIFTY21MAY2420650CE.NFO,2024-05-17,12:28:00,2024-05-21,814.65,814.65,814.65,814.65,0,0,1
FINNIFTY21MAY2420650CE.NFO,2024-05-17,12:29:00,2024-05-21,814.65,814.65,814.65,814.65,0,0,1
FINNIFTY21MAY2420650CE.NFO,2024-05-17,12:30:00,2024-05-21,814.65,814.65,814.65,814.65,0,0,1
FINNIFTY21MAY2420650CE.NFO,2024-05-17,12:31:00,2024-05-21,814.65,814.65,814.65,814.65,0,0,1
FINNIFTY21MAY2420650CE.NFO,2024-05-17,12:32:00,2024-05-21,814.65,814.65,814.65,814.65,0,0,1
FINNIFTY21MAY2420650CE.NFO,2024-05-17,12:33:00,2024-05-21,814.65,814.65,814.65,814.65,0,0,1
FINNIFTY21MAY2420650CE.NFO,2024-05-17,12:34:00,2024-05-21,814.65,814.65,814.65,814.65,0,0,1
FINNIFTY21MAY2420650CE.NFO,2024-05-17,12:35:00,2024-05-21,814.65,814.65,814.65,814.65,0,0,1
FINNIFTY21MAY2420650CE.NFO,2024-05-17,12:36:00,2024-05-21,814.65,814.65,814.65,814.65,0,0,1
FINNIFTY21MAY2420650CE.NFO,2024-05-17,12:37:00,2024-05-21,814.65,814.65,814.65,814.65,0,0,1
FINNIFTY21MAY2420650CE.NFO,2024-05-17,12:38:00,2024-05-21,814.65,814.65,814.65,814.65,0,0,1
FINNIFTY21MAY2420650CE.NFO,2024-05-17,12:39:00,2024-05-21,814.65,814.65,814.65,814.65,0,0,1
FINNIFTY21MAY2420650CE.NFO,2024-05-17,12:40:00,2024-05-21,814.65,814.65,814.65,814.65,0,0,1
FINNIFTY21MAY2420650CE.NFO,2024-05-17,12:41:00,2024-05-21,814.65,814.65,814.65,814.65,0,0,1
FINNIFTY21MAY2420650CE.NFO,2024-05-17,12:42:00,2024-05-21,814.65,814.65,814.65,814.65,0,0,1
FINNIFTY21MAY2420650CE.NFO,2024-05-17,12:43:00,2024-05-21,814.65,814.65,814.65,814.65,0,0,1
FINNIFTY21MAY2420650CE.NFO,2024-05-17,12:44:00,2024-05-21,814.65,814.65,814.65,814.65,0,0,1
FINNIFTY21MAY2420650CE.NFO,2024-05-17,12:45:00,2024-05-21,814.65,814.65,814.65,814.65,0,0,1
FINNIFTY21MAY2420650CE.NFO,2024-05-17,12:46:00,2024-05-21,814.65,814.65,814.65,814.65,0,0,1
FINNIFTY21MAY2420650CE.NFO,2024-05-17,12:47:00,2024-05-21,814.65,814.65,814.65,814.65,0,0,1
FINNIFTY21MAY2420650CE.NFO,2024-05-17,12:48:00,2024-05-21,814.65,814.65,814.65,814.65,0,0,1
FINNIFTY21MAY2420650CE.NFO,2024-05-17,12:49:00,2024-05-21,814.65,814.65,814.65,814.65,0,0,1
FINNIFTY21MAY2420650CE.NFO,2024-05-17,12:50:00,2024-05-21,814.65,814.65,814.65,814.65,0,0,1
FINNIFTY21MAY2420650CE.NFO,2024-05-17,12:51:00,2024-05-21,814.65,814.65,814.65,814.65,0,0,1
FINNIFTY21MAY2420650CE.NFO,2024-05-17,12:52:00,2024-05-21,814.65,814.65,814.65,814.65,0,0,1
FINNIFTY21MAY2420650CE.NFO,2024-05-17,12:53:00,2024-05-21,814.65,814.65,814.65,814.65,0,0,1
FINNIFTY21MAY2420650CE.NFO,2024-05-17,12:54:00,2024-05-21,814.65,814.65,814.65,814.65,0,0,1
FINNIFTY21MAY2420650CE.NFO,2024-05-17,12:55:00,2024-05-21,814.65,814.65,814.65,814.65,0,0,1
FINNIFTY21MAY2420650CE.NFO,2024-05-17,12:56:00,2024-05-21,814.65,814.65,814.65,814.65,0,0,1
FINNIFTY21MAY2420650CE.NFO,2024-05-17,12:57:00,2024-05-21,814.65,814.65,814.65,814.65,0,0,1
FINNIFTY21MAY2420650CE.NFO,2024-05-17,12:58:00,2024-05-21,814.65,814.65,814.65,814.65,0,0,1
FINNIFTY21MAY2420650CE.NFO,2024-05-17,12:59:00,2024-05-21,814.65,814.65,814.65,814.65,0,0,1
FINNIFTY21MAY2420650CE.NFO,2024-05-17,13:00:00,2024-05-21,814.65,814.65,814.65,814.65,0,0,1
FINNIFTY21MAY2420650CE.NFO,2024-05-17,13:01:00,2024-05-21,814.65,814.65,814.65,814.65,0,0,1
FINNIFTY21MAY2420650CE.NFO,2024-05-17,13:02:00,2024-05-21,814.65,814.65,814.65,814.65,0,0,1
FINNIFTY21MAY2420650CE.NFO,2024-05-17,13:03:00,2024-05-21,814.65,814.65,814.65,814.65,0,0,1
FINNIFTY21MAY2420650CE.NFO,2024-05-17,13:04:00,2024-05-21,814.65,814.65,814.65,814.65,0,0,1
FINNIFTY21MAY2420650CE.NFO,2024-05-17,13:05:00,2024-05-21,814.65,814.65,814.65,814.65,0,0,1
FINNIFTY21MAY2420650CE.NFO,2024-05-17,13:06:00,2024-05-21,814.65,814.65,814.65,814.65,0,0,1
FINNIFTY21MAY2420650CE.NFO,2024-05-17,13:07:00,2024-05-21,814.65,814.65,814.65,814.65,0,0,1
FINNIFTY21MAY2420650CE.NFO,2024-05-17,13:08:00,2024-05-21,814.65,814.65,814.65,814.65,0,0,1
FINNIFTY21MAY2420650CE.NFO,2024-05-17,13:09:00,2024-05-21,814.65,814.65,814.65,814.65,0,0,1
FINNIFTY21MAY2420650CE.NFO,2024-05-17,13:10:00,2024-05-21,814.65,814.65,814.65,814.65,0,0,1
FINNIFTY21MAY2420650CE.NFO,2024-05-17,13:11:00,2024-05-21,814.65,814.65,814.65,814.65,0,0,1
FINNIFTY21MAY2420650CE.NFO,2024-05-17,13:12:00,2024-05-21,814.65,814.65,814.65,814.65,0,0,1
FINNIFTY21MAY2420650CE.NFO,2024-05-17,13:13:00,2024-05-21,814.65,814.65,814.65,814.65,0,0,1
FINNIFTY21MAY2420650CE.NFO,2024-05-17,13:14:00,2024-05-21,814.65,814.65,814.65,814.65,0,0,1
FINNIFTY21MAY2420650CE.NFO,2024-05-17,13:15:00,2024-05-21,814.65,814.65,814.65,814.65,0,0,1
FINNIFTY21MAY2420650CE.NFO,2024-05-17,13:16:00,2024-05-21,814.65,814.65,814.65,814.65,0,0,1
FINNIFTY21MAY2420650CE.NFO,2024-05-17,13:17:00,2024-05-21,814.65,814.65,814.65,814.65,0,0,1
FINNIFTY21MAY2420650CE.NFO,2024-05-17,13:18:00,2024-05-21,814.65,814.65,814.65,814.65,0,0,1
FINNIFTY21MAY2420650CE.NFO,2024-05-17,13:19:00,2024-05-21,814.65,814.65,814.65,814.65,0,0,1
FINNIFTY21MAY2420650CE.NFO,2024-05-17,13:20:00,2024-05-21,814.65,814.65,814.65,814.65,0,0,1
FINNIFTY21MAY2420650CE.NFO,2024-05-17,13:21:00,2024-05-21,814.65,814.65,814.65,814.65,0,0,1
FINNIFTY21MAY2420650CE.NFO,2024-05-17,13:22:00,2024-05-21,814.65,814.65,814.65,814.65,0,0,1
FINNIFTY21MAY2420650CE.NFO,2024-05-17,13:23:00,2024-05-21,814.65,814.65,814.65,814.65,0,0,1
FINNIFTY21MAY2420650CE.NFO,2024-05-17,13:24:00,2024-05-21,814.65,814.65,814.65,814.65,0,0,1
FINNIFTY21MAY2420650CE.NFO,2024-05-17,13:25:00,2024-05-21,814.65,814.65,814.65,814.65,0,0,1
FINNIFTY21MAY2420650CE.NFO,2024-05-17,13:26:00,2024-05-21,814.65,814.65,814.65,814.65,0,0,1
FINNIFTY21MAY2420650CE.NFO,2024-05-17,13:27:00,2024-05-21,814.65,814.65,814.65,814.65,0,0,1
FINNIFTY21MAY2420650CE.NFO,2024-05-17,13:28:00,2024-05-21,814.65,814.65,814.65,814.65,0,0,1
FINNIFTY21MAY2420650CE.NFO,2024-05-17,13:29:00,2024-05-21,814.65,814.65,814.65,814.65,0,0,1
FINNIFTY21MAY2420650CE.NFO,2024-05-17,13:30:00,2024-05-21,814.65,814.65,814.65,814.65,0,0,1
FINNIFTY21MAY2420650CE.NFO,2024-05-17,13:31:00,2024-05-21,814.65,814.65,814.65,814.65,0,0,1
FINNIFTY21MAY2420650CE.NFO,2024-05-17,13:32:00,2024-05-21,814.65,814.65,814.65,814.65,0,0,1
FINNIFTY21MAY2420650CE.NFO,2024-05-17,13:33:00,2024-05-21,814.65,814.65,814.65,814.65,0,0,1
FINNIFTY21MAY2420650CE.NFO,2024-05-17,13:34:00,2024-05-21,814.65,814.65,814.65,814.65,0,0,1
FINNIFTY21MAY2420650CE.NFO,2024-05-17,13:35:00,2024-05-21,814.65,814.65,814.65,814.65,0,0,1
FINNIFTY21MAY2420650CE.NFO,2024-05-17,13:36:00,2024-05-21,814.65,814.65,814.65,814.65,0,0,1
FINNIFTY21MAY2420650CE.NFO,2024-05-17,13:37:00,2024-05-21,814.65,814.65,814.65,814.65,0,0,1
FINNIFTY21MAY2420650CE.NFO,2024-05-17,13:38:00,2024-05-21,814.65,814.65,814.65,814.65,0,0,1
FINNIFTY21MAY2420650CE.NFO,2024-05-17,13:39:00,2024-05-21,814.65,814.65,814.65,814.65,0,0,1
FINNIFTY21MAY2420650CE.NFO,2024-05-17,13:40:00,2024-05-21,814.65,814.65,814.65,814.65,0,0,1
FINNIFTY21MAY2420650CE.NFO,2024-05-17,13:41:00,2024-05-21,814.65,814.65,814.65,814.65,0,0,1
FINNIFTY21MAY2420650CE.NFO,2024-05-17,13:42:00,2024-05-21,814.65,814.65,814.65,814.65,0,0,1
FINNIFTY21MAY2420650CE.NFO,2024-05-17,13:43:00,2024-05-21,814.65,814.65,814.65,814.65,0,0,1
FINNIFTY21MAY2420650CE.NFO,2024-05-17,13:44:00,2024-05-21,814.65,814.65,814.65,814.65,0,0,1
FINNIFTY21MAY2420650CE.NFO,2024-05-17,13:45:00,2024-05-21,814.65,814.65,814.65,814.65,0,0,1
FINNIFTY21MAY2420650CE.NFO,2024-05-17,13:46:00,2024-05-21,814.65,814.65,814.65,814.65,0,0,1
FINNIFTY21MAY2420650CE.NFO,2024-05-17,13:47:00,2024-05-21,814.65,814.65,814.65,814.65,0,0,1
FINNIFTY21MAY2420650CE.NFO,2024-05-17,13:48:00,2024-05-21,814.65,814.65,814.65,814.65,0,0,1
FINNIFTY21MAY2420650CE.NFO,2024-05-17,13:49:00,2024-05-21,814.65,814.65,814.65,814.65,0,0,1
FINNIFTY21MAY2420650CE.NFO,2024-05-17,13:50:00,2024-05-21,814.65,814.65,814.65,814.65,0,0,1
FINNIFTY21MAY2420650CE.NFO,2024-05-17,13:51:00,2024-05-21,814.65,814.65,814.65,814.65,0,0,1
FINNIFTY21MAY2420650CE.NFO,2024-05-17,13:52:00,2024-05-21,814.65,814.65,814.65,814.65,0,0,1
FINNIFTY21MAY2420650CE.NFO,2024-05-17,13:53:00,2024-05-21,814.65,814.65,814.65,814.65,0,0,1
FINNIFTY21MAY2420650CE.NFO,2024-05-17,13:54:00,2024-05-21,814.65,814.65,814.65,814.65,0,0,1
FINNIFTY21MAY2420650CE.NFO,2024-05-17,13:55:00,2024-05-21,814.65,814.65,814.65,814.65,0,0,1
FINNIFTY21MAY2420650CE.NFO,2024-05-17,13:56:00,2024-05-21,814.65,814.65,814.65,814.65,0,0,1
FINNIFTY21MAY2420650CE.NFO,2024-05-17,13:57:00,2024-05-21,814.65,814.65,814.65,814.65,0,0,1
FINNIFTY21MAY2420650CE.NFO,2024-05-17,13:58:00,2024-05-21,814.65,814.65,814.65,814.65,0,0,1
FINNIFTY21MAY2420650CE.NFO,2024-05-17,13:59:00,2024-05-21,814.65,814.65,814.65,814.65,0,0,1
FINNIFTY21MAY2420650CE.NFO,2024-05-17,14:00:00,2024-05-21,814.65,814.65,814.65,814.65,0,0,1
FINNIFTY21MAY2420650CE.NFO,2024-05-17,14:01:00,2024-05-21,814.65,814.65,814.65,814.65,0,0,1
FINNIFTY21MAY2420650CE.NFO,2024-05-17,14:02:00,2024-05-21,814.65,814.65,814.65,814.65,0,0,1
FINNIFTY21MAY2420650CE.NFO,2024-05-17,14:03:00,2024-05-21,814.65,814.65,814.65,814.65,0,0,1
FINNIFTY21MAY2420650CE.NFO,2024-05-17,14:04:00,2024-05-21,814.65,814.65,814.65,814.65,0,0,1
FINNIFTY21MAY2420650CE.NFO,2024-05-17,14:05:00,2024-05-21,814.65,814.65,814.65,814.65,0,0,1
FINNIFTY21MAY2420650CE.NFO,2024-05-17,14:06:00,2024-05-21,814.65,814.65,814.65,814.65,0,0,1
FINNIFTY21MAY2420650CE.NFO,2024-05-17,14:07:00,2024-05-21,814.65,814.65,814.65,814.65,0,0,1
FINNIFTY21MAY2420650CE.NFO,2024-05-17,14:08:00,2024-05-21,814.65,814.65,814.65,814.65,0,0,1
FINNIFTY21MAY2420650CE.NFO,2024-05-17,14:09:00,2024-05-21,814.65,814.65,814.65,814.65,0,0,1
FINNIFTY21MAY2420650CE.NFO,2024-05-17,14:10:00,2024-05-21,814.65,814.65,814.65,814.65,0,0,1
FINNIFTY21MAY2420650CE.NFO,2024-05-17,14:11:00,2024-05-21,814.65,814.65,814.65,814.65,0,0,1
FINNIFTY21MAY2420650CE.NFO,2024-05-17,14:12:00,2024-05-21,814.65,814.65,814.65,814.65,0,0,1
FINNIFTY21MAY2420650CE.NFO,2024-05-17,14:13:00,2024-05-21,814.65,814.65,814.65,814.65,0,0,1
FINNIFTY21MAY2420650CE.NFO,2024-05-17,14:14:00,2024-05-21,814.65,814.65,814.65,814.65,0,0,1
FINNIFTY21MAY2420650CE.NFO,2024-05-17,14:15:00,2024-05-21,814.65,814.65,814.65,814.65,0,0,1
FINNIFTY21MAY2420650CE.NFO,2024-05-17,14:16:00,2024-05-21,814.65,814.65,814.65,814.65,0,0,1
FINNIFTY21MAY2420650CE.NFO,2024-05-17,14:17:00,2024-05-21,814.65,814.65,814.65,814.65,0,0,1
FINNIFTY21MAY2420650CE.NFO,2024-05-17,14:18:00,2024-05-21,814.65,814.65,814.65,814.65,0,0,1
FINNIFTY21MAY2420650CE.NFO,2024-05-17,14:19:00,2024-05-21,814.65,814.65,814.65,814.65,0,0,1
FINNIFTY21MAY2420650CE.NFO,2024-05-17,14:20:00,2024-05-21,814.65,814.65,814.65,814.65,0,0,1
FINNIFTY21MAY2420650CE.NFO,2024-05-17,14:21:00,2024-05-21,814.65,814.65,814.65,814.65,0,0,1
FINNIFTY21MAY2420650CE.NFO,2024-05-17,14:22:00,2024-05-21,814.65,814.65,814.65,814.65,0,0,1
FINNIFTY21MAY2420650CE.NFO,2024-05-17,14:23:00,2024-05-21,814.65,814.65,814.65,814.65,0,0,1
FINNIFTY21MAY2420650CE.NFO,2024-05-17,14:24:00,2024-05-21,814.65,814.65,814.65,814.65,0,0,1
FINNIFTY21MAY2420650CE.NFO,2024-05-17,14:25:00,2024-05-21,814.65,814.65,814.65,814.65,0,0,1
FINNIFTY21MAY2420650CE.NFO,2024-05-17,14:26:00,2024-05-21,814.65,814.65,814.65,814.65,0,0,1
FINNIFTY21MAY2420650CE.NFO,2024-05-17,14:27:00,2024-05-21,814.65,814.65,814.65,814.65,0,0,1
FINNIFTY21MAY2420650CE.NFO,2024-05-17,14:28:00,2024-05-21,814.65,814.65,814.65,814.65,0,0,1
FINNIFTY21MAY2420650CE.NFO,2024-05-17,14:29:00,2024-05-21,814.65,814.65,814.65,814.65,0,0,1
FINNIFTY21MAY2420650CE.NFO,2024-05-17,14:30:00,2024-05-21,814.65,814.65,814.65,814.65,0,0,1
FINNIFTY21MAY2420650CE.NFO,2024-05-17,14:31:00,2024-05-21,814.65,814.65,814.65,814.65,0,0,1
FINNIFTY21MAY2420650CE.NFO,2024-05-17,14:32:00,2024-05-21,814.65,814.65,814.65,814.65,0,0,1
FINNIFTY21MAY2420650CE.NFO,2024-05-17,14:33:00,2024-05-21,814.65,814.65,814.65,814.65,0,0,1
FINNIFTY21MAY2420650CE.NFO,2024-05-17,14:34:00,2024-05-21,814.65,814.65,814.65,814.65,0,0,1
FINNIFTY21MAY2420650CE.NFO,2024-05-17,14:35:00,2024-05-21,814.65,814.65,814.65,814.65,0,0,1
FINNIFTY21MAY2420650CE.NFO,2024-05-17,14:36:00,2024-05-21,814.65,814.65,814.65,814.65,0,0,1
FINNIFTY21MAY2420650CE.NFO,2024-05-17,14:37:00,2024-05-21,814.65,814.65,814.65,814.65,0,0,1
FINNIFTY21MAY2420650CE.NFO,2024-05-17,14:38:00,2024-05-21,814.65,814.65,814.65,814.65,0,0,1
FINNIFTY21MAY2420650CE.NFO,2024-05-17,14:39:00,2024-05-21,814.65,814.65,814.65,814.65,0,0,1
FINNIFTY21MAY2420650CE.NFO,2024-05-17,14:40:00,2024-05-21,814.65,814.65,814.65,814.65,0,0,1
FINNIFTY21MAY2420650CE.NFO,2024-05-17,14:41:00,2024-05-21,814.65,814.65,814.65,814.65,0,0,1
FINNIFTY21MAY2420650CE.NFO,2024-05-17,14:42:00,2024-05-21,814.65,814.65,814.65,814.65,0,0,1
FINNIFTY21MAY2420650CE.NFO,2024-05-17,14:43:00,2024-05-21,814.65,814.65,814.65,814.65,0,0,1
FINNIFTY21MAY2420650CE.NFO,2024-05-17,14:44:00,2024-05-21,814.65,814.65,814.65,814.65,0,0,1
FINNIFTY21MAY2420650CE.NFO,2024-05-17,14:45:00,2024-05-21,814.65,814.65,814.65,814.65,0,0,1
FINNIFTY21MAY2420650CE.NFO,2024-05-17,14:46:00,2024-05-21,814.65,814.65,814.65,814.65,0,0,1
FINNIFTY21MAY2420650CE.NFO,2024-05-17,14:47:00,2024-05-21,814.65,814.65,814.65,814.65,0,0,1
FINNIFTY21MAY2420650CE.NFO,2024-05-17,14:48:00,2024-05-21,814.65,814.65,814.65,814.65,0,0,1
FINNIFTY21MAY2420650CE.NFO,2024-05-17,14:49:00,2024-05-21,814.65,814.65,814.65,814.65,0,0,1
FINNIFTY21MAY2420650CE.NFO,2024-05-17,14:50:00,2024-05-21,814.65,814.65,814.65,814.65,0,0,1
FINNIFTY21MAY2420650CE.NFO,2024-05-17,14:51:00,2024-05-21,814.65,814.65,814.65,814.65,0,0,1
FINNIFTY21MAY2420650CE.NFO,2024-05-17,14:52:00,2024-05-21,814.65,814.65,814.65,814.65,0,0,1
FINNIFTY21MAY2420650CE.NFO,2024-05-17,14:53:00,2024-05-21,814.65,814.65,814.65,814.65,0,0,1
FINNIFTY21MAY2420650CE.NFO,2024-05-17,14:54:00,2024-05-21,814.65,814.65,814.65,814.65,0,0,1
FINNIFTY21MAY2420650CE.NFO,2024-05-17,14:55:00,2024-05-21,814.65,814.65,814.65,814.65,0,0,1
FINNIFTY21MAY2420650CE.NFO,2024-05-17,14:56:00,2024-05-21,814.65,814.65,814.65,814.65,0,0,1
FINNIFTY21MAY2420650CE.NFO,2024-05-17,14:57:00,2024-05-21,814.65,814.65,814.65,814.65,0,0,1
FINNIFTY21MAY2420650CE.NFO,2024-05-17,14:58:00,2024-05-21,814.65,814.65,814.65,814.65,0,0,1
FINNIFTY21MAY2420650CE.NFO,2024-05-17,14:59:00,2024-05-21,814.65,814.65,814.65,814.65,0,0,1
FINNIFTY21MAY2420650CE.NFO,2024-05-17,15:00:00,2024-05-21,814.65,814.65,814.65,814.65,0,0,1
FINNIFTY21MAY2420650CE.NFO,2024-05-17,15:01:00,2024-05-21,814.65,814.65,814.65,814.65,0,0,1
FINNIFTY21MAY2420650CE.NFO,2024-05-17,15:02:00,2024-05-21,814.65,814.65,814.65,814.65,0,0,1
FINNIFTY21MAY2420650CE.NFO,2024-05-17,15:03:00,2024-05-21,814.65,814.65,814.65,814.65,0,0,1
FINNIFTY21MAY2420650CE.NFO,2024-05-17,15:04:00,2024-05-21,814.65,814.65,814.65,814.65,0,0,1
FINNIFTY21MAY2420650CE.NFO,2024-05-17,15:05:00,2024-05-21,814.65,814.65,814.65,814.65,0,0,1
FINNIFTY21MAY2420650CE.NFO,2024-05-17,15:06:00,2024-05-21,814.65,814.65,814.65,814.65,0,0,1
FINNIFTY21MAY2420650CE.NFO,2024-05-17,15:07:00,2024-05-21,814.65,814.65,814.65,814.65,0,0,1
FINNIFTY21MAY2420650CE.NFO,2024-05-17,15:08:00,2024-05-21,814.65,814.65,814.65,814.65,0,0,1
FINNIFTY21MAY2420650CE.NFO,2024-05-17,15:09:00,2024-05-21,814.65,814.65,814.65,814.65,0,0,1
FINNIFTY21MAY2420650CE.NFO,2024-05-17,15:10:00,2024-05-21,814.65,814.65,814.65,814.65,0,0,1
FINNIFTY21MAY2420650CE.NFO,2024-05-17,15:11:00,2024-05-21,814.65,814.65,814.65,814.65,0,0,1
FINNIFTY21MAY2420650CE.NFO,2024-05-17,15:12:00,2024-05-21,814.65,814.65,814.65,814.65,0,0,1
FINNIFTY21MAY2420650CE.NFO,2024-05-17,15:13:00,2024-05-21,814.65,814.65,814.65,814.65,0,0,1
FINNIFTY21MAY2420650CE.NFO,2024-05-17,15:14:00,2024-05-21,814.65,814.65,814.65,814.65,0,0,1
FINNIFTY21MAY2420650CE.NFO,2024-05-17,15:15:00,2024-05-21,814.65,814.65,814.65,814.65,0,0,1
FINNIFTY21MAY2420650CE.NFO,2024-05-17,15:16:00,2024-05-21,814.65,814.65,814.65,814.65,0,0,1
FINNIFTY21MAY2420650CE.NFO,2024-05-17,15:17:00,2024-05-21,814.65,814.65,814.65,814.65,0,0,1
FINNIFTY21MAY2420650CE.NFO,2024-05-17,15:18:00,2024-05-21,814.65,814.65,814.65,814.65,0,0,1
FINNIFTY21MAY2420650CE.NFO,2024-05-17,15:19:00,2024-05-21,814.65,814.65,814.65,814.65,0,0,1
FINNIFTY21MAY2420650CE.NFO,2024-05-17,15:20:00,2024-05-21,814.65,814.65,814.65,814.65,0,0,1
FINNIFTY21MAY2420650CE.NFO,2024-05-17,15:21:00,2024-05-21,814.65,814.65,814.65,814.65,0,0,1
FINNIFTY21MAY2420650CE.NFO,2024-05-17,15:22:00,2024-05-21,814.65,814.65,814.65,814.65,0,0,1
FINNIFTY21MAY2420650CE.NFO,2024-05-17,15:23:00,2024-05-21,814.65,814.65,814.65,814.65,0,0,1
FINNIFTY21MAY2420650CE.NFO,2024-05-17,15:24:00,2024-05-21,814.65,814.65,814.65,814.65,0,0,1
FINNIFTY21MAY2420650CE.NFO,2024-05-17,15:25:00,2024-05-21,814.65,814.65,814.65,814.65,0,0,1
FINNIFTY21MAY2420650CE.NFO,2024-05-17,15:26:00,2024-05-21,814.65,814.65,814.65,814.65,0,0,1
FINNIFTY21MAY2420650CE.NFO,2024-05-17,15:27:00,2024-05-21,814.65,814.65,814.65,814.65,0,0,1
FINNIFTY21MAY2420650CE.NFO,2024-05-17,15:28:00,2024-05-21,814.65,814.65,814.65,814.65,0,0,1
FINNIFTY21MAY2420650CE.NFO,2024-05-17,15:29:00,2024-05-21,814.65,814.65,814.65,814.65,0,0,0
FINNIFTY21MAY2420650CE.NFO,2024-05-17,15:30:00,2024-05-21,814.65,814.65,814.65,814.65,0,0,1
FINNIFTY21MAY2420650CE.NFO,2024-05-18,09:15:00,2024-05-21,855.4,855.4,855.4,855.4,0,80,1
FINNIFTY21MAY2420650CE.NFO,2024-05-18,09:16:00,2024-05-21,855.4,855.4,855.4,855.4,0,80,1
FINNIFTY21MAY2420650CE.NFO,2024-05-18,09:17:00,2024-05-21,855.4,855.4,855.4,855.4,0,80,1
FINNIFTY21MAY2420650CE.NFO,2024-05-18,09:18:00,2024-05-21,855.4,855.4,855.4,855.4,0,80,1
FINNIFTY21MAY2420650CE.NFO,2024-05-18,09:19:00,2024-05-21,855.4,855.4,855.4,855.4,0,80,1
FINNIFTY21MAY2420650CE.NFO,2024-05-18,09:20:00,2024-05-21,855.4,855.4,855.4,855.4,0,80,1
FINNIFTY21MAY2420650CE.NFO,2024-05-18,09:21:00,2024-05-21,855.4,855.4,855.4,855.4,0,80,1
FINNIFTY21MAY2420650CE.NFO,2024-05-18,09:22:00,2024-05-21,855.4,855.4,855.4,855.4,0,80,0
FINNIFTY21MAY2420650CE.NFO,2024-05-18,09:23:00,2024-05-21,855.4,855.4,855.4,855.4,0,80,0
FINNIFTY21MAY2420650CE.NFO,2024-05-18,09:24:00,2024-05-21,855.4,855.4,855.4,855.4,0,80,0
FINNIFTY21MAY2420650CE.NFO,2024-05-18,09:25:00,2024-05-21,855.4,855.4,855.4,855.4,0,80,0
FINNIFTY21MAY2420650CE.NFO,2024-05-18,09:26:00,2024-05-21,855.4,855.4,855.4,855.4,0,80,0
FINNIFTY21MAY2420650CE.NFO,2024-05-18,09:27:00,2024-05-21,855.4,855.4,855.4,855.4,0,80,0
FINNIFTY21MAY2420650CE.NFO,2024-05-18,09:28:00,2024-05-21,855.4,855.4,855.4,855.4,0,80,0
FINNIFTY21MAY2420650CE.NFO,2024-05-18,09:29:00,2024-05-21,855.4,855.4,855.4,855.4,0,80,0
FINNIFTY21MAY2420650CE.NFO,2024-05-18,09:30:00,2024-05-21,855.4,855.4,855.4,855.4,0,80,0
FINNIFTY21MAY2420650CE.NFO,2024-05-18,09:31:00,2024-05-21,855.4,855.4,855.4,855.4,0,80,0
FINNIFTY21MAY2420650CE.NFO,2024-05-18,09:32:00,2024-05-21,855.4,855.4,855.4,855.4,0,80,0
FINNIFTY21MAY2420650CE.NFO,2024-05-18,09:33:00,2024-05-21,855.4,855.4,855.4,855.4,0,80,0
FINNIFTY21MAY2420650CE.NFO,2024-05-18,09:34:00,2024-05-21,855.4,855.4,855.4,855.4,0,80,0
FINNIFTY21MAY2420650CE.NFO,2024-05-18,09:35:00,2024-05-21,855.4,855.4,855.4,855.4,0,80,0
FINNIFTY21MAY2420650CE.NFO,2024-05-18,09:36:00,2024-05-21,855.4,855.4,855.4,855.4,0,80,0
FINNIFTY21MAY2420650CE.NFO,2024-05-18,09:37:00,2024-05-21,855.4,855.4,855.4,855.4,0,80,0
FINNIFTY21MAY2420650CE.NFO,2024-05-18,09:38:00,2024-05-21,855.4,855.4,855.4,855.4,0,80,0
FINNIFTY21MAY2420650CE.NFO,2024-05-18,09:39:00,2024-05-21,855.4,855.4,855.4,855.4,0,80,0
FINNIFTY21MAY2420650CE.NFO,2024-05-18,09:40:00,2024-05-21,855.4,855.4,855.4,855.4,0,80,0
FINNIFTY21MAY2420650CE.NFO,2024-05-18,09:41:00,2024-05-21,855.4,855.4,855.4,855.4,0,80,0
FINNIFTY21MAY2420650CE.NFO,2024-05-18,09:42:00,2024-05-21,855.4,855.4,855.4,855.4,0,80,0
FINNIFTY21MAY2420650CE.NFO,2024-05-18,09:43:00,2024-05-21,855.4,855.4,855.4,855.4,0,80,0
FINNIFTY21MAY2420650CE.NFO,2024-05-18,09:44:00,2024-05-21,855.4,855.4,855.4,855.4,0,80,0
FINNIFTY21MAY2420650CE.NFO,2024-05-18,09:45:00,2024-05-21,855.4,855.4,855.4,855.4,0,80,0
FINNIFTY21MAY2420650CE.NFO,2024-05-18,09:46:00,2024-05-21,855.4,855.4,855.4,855.4,0,80,1
FINNIFTY21MAY2420650CE.NFO,2024-05-18,09:47:00,2024-05-21,855.4,855.4,855.4,855.4,0,80,0
FINNIFTY21MAY2420650CE.NFO,2024-05-18,09:48:00,2024-05-21,855.4,855.4,855.4,855.4,0,80,0
FINNIFTY21MAY2420650CE.NFO,2024-05-18,09:49:00,2024-05-21,855.4,855.4,855.4,855.4,0,80,0
FINNIFTY21MAY2420650CE.NFO,2024-05-18,09:50:00,2024-05-21,855.4,855.4,855.4,855.4,0,80,0
FINNIFTY21MAY2420650CE.NFO,2024-05-18,09:51:00,2024-05-21,855.4,855.4,855.4,855.4,0,80,0
FINNIFTY21MAY2420650CE.NFO,2024-05-18,09:52:00,2024-05-21,855.4,855.4,855.4,855.4,0,80,0
FINNIFTY21MAY2420650CE.NFO,2024-05-18,09:53:00,2024-05-21,855.4,855.4,855.4,855.4,0,80,0
FINNIFTY21MAY2420650CE.NFO,2024-05-18,09:54:00,2024-05-21,855.4,855.4,855.4,855.4,0,80,0
FINNIFTY21MAY2420650CE.NFO,2024-05-18,09:55:00,2024-05-21,855.4,855.4,855.4,855.4,0,80,0
FINNIFTY21MAY2420650CE.NFO,2024-05-18,09:56:00,2024-05-21,855.4,855.4,855.4,855.4,0,80,0
FINNIFTY21MAY2420650CE.NFO,2024-05-18,09:57:00,2024-05-21,855.4,855.4,855.4,855.4,0,80,0
FINNIFTY21MAY2420650CE.NFO,2024-05-18,09:58:00,2024-05-21,855.4,855.4,855.4,855.4,0,80,0
FINNIFTY21MAY2420650CE.NFO,2024-05-18,09:59:00,2024-05-21,855.4,855.4,855.4,855.4,0,80,0
FINNIFTY21MAY2420650CE.NFO,2024-05-18,10:00:00,2024-05-21,855.4,855.4,855.4,855.4,0,80,1
FINNIFTY21MAY2420650CE.NFO,2024-05-18,10:01:00,2024-05-21,855.4,855.4,855.4,855.4,0,80,1
FINNIFTY21MAY2420650CE.NFO,2024-05-18,10:02:00,2024-05-21,855.4,855.4,855.4,855.4,0,80,1
FINNIFTY21MAY2420650CE.NFO,2024-05-18,10:03:00,2024-05-21,855.4,855.4,855.4,855.4,0,80,1
FINNIFTY21MAY2420650CE.NFO,2024-05-18,10:04:00,2024-05-21,855.4,855.4,855.4,855.4,0,80,1
FINNIFTY21MAY2420650CE.NFO,2024-05-18,10:05:00,2024-05-21,855.4,855.4,855.4,855.4,0,80,1
FINNIFTY21MAY2420650CE.NFO,2024-05-18,10:06:00,2024-05-21,855.4,855.4,855.4,855.4,0,80,1
FINNIFTY21MAY2420650CE.NFO,2024-05-18,10:07:00,2024-05-21,855.4,855.4,855.4,855.4,0,80,1
FINNIFTY21MAY2420650CE.NFO,2024-05-18,10:08:00,2024-05-21,855.4,855.4,855.4,855.4,0,80,1
FINNIFTY21MAY2420650CE.NFO,2024-05-18,10:09:00,2024-05-21,855.4,855.4,855.4,855.4,0,80,1
FINNIFTY21MAY2420650CE.NFO,2024-05-18,10:10:00,2024-05-21,855.4,855.4,855.4,855.4,0,80,1
FINNIFTY21MAY2420650CE.NFO,2024-05-18,10:11:00,2024-05-21,855.4,855.4,855.4,855.4,0,80,1
FINNIFTY21MAY2420650CE.NFO,2024-05-18,10:12:00,2024-05-21,855.4,855.4,855.4,855.4,0,80,1
FINNIFTY21MAY2420650CE.NFO,2024-05-18,10:13:00,2024-05-21,855.4,855.4,855.4,855.4,0,80,1
FINNIFTY21MAY2420650CE.NFO,2024-05-18,10:14:00,2024-05-21,855.4,855.4,855.4,855.4,0,80,1
FINNIFTY21MAY2420650CE.NFO,2024-05-18,10:15:00,2024-05-21,855.4,855.4,855.4,855.4,0,80,1
FINNIFTY21MAY2420650CE.NFO,2024-05-18,10:16:00,2024-05-21,855.4,855.4,855.4,855.4,0,80,1
FINNIFTY21MAY2420650CE.NFO,2024-05-18,10:17:00,2024-05-21,855.4,855.4,855.4,855.4,0,80,1
FINNIFTY21MAY2420650CE.NFO,2024-05-18,10:18:00,2024-05-21,855.4,855.4,855.4,855.4,0,80,1
FINNIFTY21MAY2420650CE.NFO,2024-05-18,10:19:00,2024-05-21,855.4,855.4,855.4,855.4,0,80,1
FINNIFTY21MAY2420650CE.NFO,2024-05-18,10:20:00,2024-05-21,855.4,855.4,855.4,855.4,0,80,1
FINNIFTY21MAY2420650CE.NFO,2024-05-18,10:21:00,2024-05-21,855.4,855.4,855.4,855.4,0,80,1
FINNIFTY21MAY2420650CE.NFO,2024-05-18,10:22:00,2024-05-21,855.4,855.4,855.4,855.4,0,80,1
FINNIFTY21MAY2420650CE.NFO,2024-05-18,10:23:00,2024-05-21,855.4,855.4,855.4,855.4,0,80,1
FINNIFTY21MAY2420650CE.NFO,2024-05-18,10:24:00,2024-05-21,855.4,855.4,855.4,855.4,0,80,1
FINNIFTY21MAY2420650CE.NFO,2024-05-18,10:25:00,2024-05-21,855.4,855.4,855.4,855.4,0,80,1
FINNIFTY21MAY2420650CE.NFO,2024-05-18,10:26:00,2024-05-21,855.4,855.4,855.4,855.4,0,80,1
FINNIFTY21MAY2420650CE.NFO,2024-05-18,10:27:00,2024-05-21,855.4,855.4,855.4,855.4,0,80,1
FINNIFTY21MAY2420650CE.NFO,2024-05-18,10:28:00,2024-05-21,855.4,855.4,855.4,855.4,0,80,1
FINNIFTY21MAY2420650CE.NFO,2024-05-18,10:29:00,2024-05-21,855.4,855.4,855.4,855.4,0,80,1
FINNIFTY21MAY2420650CE.NFO,2024-05-18,10:30:00,2024-05-21,855.4,855.4,855.4,855.4,0,80,1
FINNIFTY21MAY2420650CE.NFO,2024-05-18,10:31:00,2024-05-21,855.4,855.4,855.4,855.4,0,80,1
FINNIFTY21MAY2420650CE.NFO,2024-05-18,10:32:00,2024-05-21,855.4,855.4,855.4,855.4,0,80,1
FINNIFTY21MAY2420650CE.NFO,2024-05-18,10:33:00,2024-05-21,855.4,855.4,855.4,855.4,0,80,1
FINNIFTY21MAY2420650CE.NFO,2024-05-18,10:34:00,2024-05-21,855.4,855.4,855.4,855.4,0,80,1
FINNIFTY21MAY2420650CE.NFO,2024-05-18,10:35:00,2024-05-21,855.4,855.4,855.4,855.4,0,80,1
FINNIFTY21MAY2420650CE.NFO,2024-05-18,10:36:00,2024-05-21,855.4,855.4,855.4,855.4,0,80,1
FINNIFTY21MAY2420650CE.NFO,2024-05-18,10:37:00,2024-05-21,855.4,855.4,855.4,855.4,0,80,1
FINNIFTY21MAY2420650CE.NFO,2024-05-18,10:38:00,2024-05-21,855.4,855.4,855.4,855.4,0,80,1
FINNIFTY21MAY2420650CE.NFO,2024-05-18,10:39:00,2024-05-21,855.4,855.4,855.4,855.4,0,80,1
FINNIFTY21MAY2420650CE.NFO,2024-05-18,10:40:00,2024-05-21,855.4,855.4,855.4,855.4,0,80,1
FINNIFTY21MAY2420650CE.NFO,2024-05-18,10:41:00,2024-05-21,855.4,855.4,855.4,855.4,0,80,1
FINNIFTY21MAY2420650CE.NFO,2024-05-18,10:42:00,2024-05-21,855.4,855.4,855.4,855.4,0,80,1
FINNIFTY21MAY2420650CE.NFO,2024-05-18,10:43:00,2024-05-21,855.4,855.4,855.4,855.4,0,80,1
FINNIFTY21MAY2420650CE.NFO,2024-05-18,10:44:00,2024-05-21,855.4,855.4,855.4,855.4,0,80,1
FINNIFTY21MAY2420650CE.NFO,2024-05-18,10:45:00,2024-05-21,855.4,855.4,855.4,855.4,0,80,1
FINNIFTY21MAY2420650CE.NFO,2024-05-18,10:46:00,2024-05-21,855.4,855.4,855.4,855.4,0,80,1
FINNIFTY21MAY2420650CE.NFO,2024-05-18,10:47:00,2024-05-21,855.4,855.4,855.4,855.4,0,80,1
FINNIFTY21MAY2420650CE.NFO,2024-05-18,10:48:00,2024-05-21,855.4,855.4,855.4,855.4,0,80,1
FINNIFTY21MAY2420650CE.NFO,2024-05-18,10:49:00,2024-05-21,855.4,855.4,855.4,855.4,0,80,1
FINNIFTY21MAY2420650CE.NFO,2024-05-18,10:50:00,2024-05-21,855.4,855.4,855.4,855.4,0,80,1
FINNIFTY21MAY2420650CE.NFO,2024-05-18,10:51:00,2024-05-21,855.4,855.4,855.4,855.4,0,80,1
FINNIFTY21MAY2420650CE.NFO,2024-05-18,10:52:00,2024-05-21,855.4,855.4,855.4,855.4,0,80,1
FINNIFTY21MAY2420650CE.NFO,2024-05-18,10:53:00,2024-05-21,855.4,855.4,855.4,855.4,0,80,1
FINNIFTY21MAY2420650CE.NFO,2024-05-18,10:54:00,2024-05-21,855.4,855.4,855.4,855.4,0,80,1
FINNIFTY21MAY2420650CE.NFO,2024-05-18,10:55:00,2024-05-21,855.4,855.4,855.4,855.4,0,80,1
FINNIFTY21MAY2420650CE.NFO,2024-05-18,10:56:00,2024-05-21,855.4,855.4,855.4,855.4,0,80,1
FINNIFTY21MAY2420650CE.NFO,2024-05-18,10:57:00,2024-05-21,855.4,855.4,855.4,855.4,0,80,1
FINNIFTY21MAY2420650CE.NFO,2024-05-18,10:58:00,2024-05-21,855.4,855.4,855.4,855.4,0,80,1
FINNIFTY21MAY2420650CE.NFO,2024-05-18,10:59:00,2024-05-21,855.4,855.4,855.4,855.4,0,80,1
FINNIFTY21MAY2420650CE.NFO,2024-05-18,11:00:00,2024-05-21,855.4,855.4,855.4,855.4,0,80,1
FINNIFTY21MAY2420650CE.NFO,2024-05-18,11:01:00,2024-05-21,855.4,855.4,855.4,855.4,0,80,1
FINNIFTY21MAY2420650CE.NFO,2024-05-18,11:02:00,2024-05-21,855.4,855.4,855.4,855.4,0,80,1
FINNIFTY21MAY2420650CE.NFO,2024-05-18,11:03:00,2024-05-21,855.4,855.4,855.4,855.4,0,80,1
FINNIFTY21MAY2420650CE.NFO,2024-05-18,11:04:00,2024-05-21,855.4,855.4,855.4,855.4,0,80,1
FINNIFTY21MAY2420650CE.NFO,2024-05-18,11:05:00,2024-05-21,855.4,855.4,855.4,855.4,0,80,1
FINNIFTY21MAY2420650CE.NFO,2024-05-18,11:06:00,2024-05-21,855.4,855.4,855.4,855.4,0,80,1
FINNIFTY21MAY2420650CE.NFO,2024-05-18,11:07:00,2024-05-21,855.4,855.4,855.4,855.4,0,80,1
FINNIFTY21MAY2420650CE.NFO,2024-05-18,11:08:00,2024-05-21,855.4,855.4,855.4,855.4,0,80,1
FINNIFTY21MAY2420650CE.NFO,2024-05-18,11:09:00,2024-05-21,855.4,855.4,855.4,855.4,0,80,1
FINNIFTY21MAY2420650CE.NFO,2024-05-18,11:10:00,2024-05-21,855.4,855.4,855.4,855.4,0,80,1
FINNIFTY21MAY2420650CE.NFO,2024-05-18,11:11:00,2024-05-21,855.4,855.4,855.4,855.4,0,80,1
FINNIFTY21MAY2420650CE.NFO,2024-05-18,11:12:00,2024-05-21,855.4,855.4,855.4,855.4,0,80,1
FINNIFTY21MAY2420650CE.NFO,2024-05-18,11:13:00,2024-05-21,855.4,855.4,855.4,855.4,0,80,1
FINNIFTY21MAY2420650CE.NFO,2024-05-18,11:14:00,2024-05-21,855.4,855.4,855.4,855.4,0,80,1
FINNIFTY21MAY2420650CE.NFO,2024-05-18,11:15:00,2024-05-21,855.4,855.4,855.4,855.4,0,80,1
FINNIFTY21MAY2420650CE.NFO,2024-05-18,11:16:00,2024-05-21,855.4,855.4,855.4,855.4,0,80,1
FINNIFTY21MAY2420650CE.NFO,2024-05-18,11:17:00,2024-05-21,855.4,855.4,855.4,855.4,0,80,1
FINNIFTY21MAY2420650CE.NFO,2024-05-18,11:18:00,2024-05-21,855.4,855.4,855.4,855.4,0,80,1
FINNIFTY21MAY2420650CE.NFO,2024-05-18,11:19:00,2024-05-21,855.4,855.4,855.4,855.4,0,80,1
FINNIFTY21MAY2420650CE.NFO,2024-05-18,11:20:00,2024-05-21,855.4,855.4,855.4,855.4,0,80,1
FINNIFTY21MAY2420650CE.NFO,2024-05-18,11:21:00,2024-05-21,855.4,855.4,855.4,855.4,0,80,1
FINNIFTY21MAY2420650CE.NFO,2024-05-18,11:22:00,2024-05-21,855.4,855.4,855.4,855.4,0,80,1
FINNIFTY21MAY2420650CE.NFO,2024-05-18,11:23:00,2024-05-21,855.4,855.4,855.4,855.4,0,80,1
FINNIFTY21MAY2420650CE.NFO,2024-05-18,11:24:00,2024-05-21,855.4,855.4,855.4,855.4,0,80,1
FINNIFTY21MAY2420650CE.NFO,2024-05-18,11:25:00,2024-05-21,855.4,855.4,855.4,855.4,0,80,1
FINNIFTY21MAY2420650CE.NFO,2024-05-18,11:26:00,2024-05-21,855.4,855.4,855.4,855.4,0,80,1
FINNIFTY21MAY2420650CE.NFO,2024-05-18,11:27:00,2024-05-21,855.4,855.4,855.4,855.4,0,80,1
FINNIFTY21MAY2420650CE.NFO,2024-05-18,11:28:00,2024-05-21,855.4,855.4,855.4,855.4,0,80,1
FINNIFTY21MAY2420650CE.NFO,2024-05-18,11:29:00,2024-05-21,855.4,855.4,855.4,855.4,0,80,1
FINNIFTY21MAY2420650CE.NFO,2024-05-18,11:30:00,2024-05-21,855.4,855.4,855.4,855.4,0,80,1
FINNIFTY21MAY2420650CE.NFO,2024-05-18,11:31:00,2024-05-21,855.4,855.4,855.4,855.4,0,80,0
FINNIFTY21MAY2420650CE.NFO,2024-05-18,11:32:00,2024-05-21,855.4,855.4,855.4,855.4,0,80,0
FINNIFTY21MAY2420650CE.NFO,2024-05-18,11:33:00,2024-05-21,855.4,855.4,855.4,855.4,0,80,0
FINNIFTY21MAY2420650CE.NFO,2024-05-18,11:34:00,2024-05-21,855.4,855.4,855.4,855.4,0,80,0
FINNIFTY21MAY2420650CE.NFO,2024-05-18,11:35:00,2024-05-21,855.4,855.4,855.4,855.4,0,80,0
FINNIFTY21MAY2420650CE.NFO,2024-05-18,11:36:00,2024-05-21,855.4,855.4,855.4,855.4,0,80,0
FINNIFTY21MAY2420650CE.NFO,2024-05-18,11:37:00,2024-05-21,855.4,855.4,855.4,855.4,0,80,0
FINNIFTY21MAY2420650CE.NFO,2024-05-18,11:38:00,2024-05-21,855.4,855.4,855.4,855.4,0,80,0
FINNIFTY21MAY2420650CE.NFO,2024-05-18,11:39:00,2024-05-21,855.4,855.4,855.4,855.4,0,80,1
FINNIFTY21MAY2420650CE.NFO,2024-05-18,11:40:00,2024-05-21,855.4,855.4,855.4,855.4,0,80,0
FINNIFTY21MAY2420650CE.NFO,2024-05-18,11:41:00,2024-05-21,855.4,855.4,855.4,855.4,0,80,0
FINNIFTY21MAY2420650CE.NFO,2024-05-18,11:42:00,2024-05-21,855.4,855.4,855.4,855.4,0,80,0
FINNIFTY21MAY2420650CE.NFO,2024-05-18,11:43:00,2024-05-21,855.4,855.4,855.4,855.4,0,80,1
FINNIFTY21MAY2420650CE.NFO,2024-05-18,11:44:00,2024-05-21,855.4,855.4,855.4,855.4,0,80,1
FINNIFTY21MAY2420650CE.NFO,2024-05-18,11:45:00,2024-05-21,855.4,855.4,855.4,855.4,0,80,1
FINNIFTY21MAY2420650CE.NFO,2024-05-18,11:46:00,2024-05-21,855.4,855.4,855.4,855.4,0,80,0
FINNIFTY21MAY2420650CE.NFO,2024-05-18,11:47:00,2024-05-21,855.4,855.4,855.4,855.4,0,80,0
FINNIFTY21MAY2420650CE.NFO,2024-05-18,11:48:00,2024-05-21,855.4,855.4,855.4,855.4,0,80,0
FINNIFTY21MAY2420650CE.NFO,2024-05-18,11:49:00,2024-05-21,855.4,855.4,855.4,855.4,0,80,0
FINNIFTY21MAY2420650CE.NFO,2024-05-18,11:50:00,2024-05-21,855.4,855.4,855.4,855.4,0,80,0
FINNIFTY21MAY2420650CE.NFO,2024-05-18,11:51:00,2024-05-21,855.4,855.4,855.4,855.4,0,80,0
FINNIFTY21MAY2420650CE.NFO,2024-05-18,11:52:00,2024-05-21,855.4,855.4,855.4,855.4,0,80,0
FINNIFTY21MAY2420650CE.NFO,2024-05-18,11:53:00,2024-05-21,855.4,855.4,855.4,855.4,0,80,0
FINNIFTY21MAY2420650CE.NFO,2024-05-18,11:54:00,2024-05-21,855.4,855.4,855.4,855.4,0,80,0
FINNIFTY21MAY2420650CE.NFO,2024-05-18,11:55:00,2024-05-21,855.4,855.4,855.4,855.4,0,80,0
FINNIFTY21MAY2420650CE.NFO,2024-05-18,11:56:00,2024-05-21,855.4,855.4,855.4,855.4,0,80,0
FINNIFTY21MAY2420650CE.NFO,2024-05-18,11:57:00,2024-05-21,855.4,855.4,855.4,855.4,0,80,0
FINNIFTY21MAY2420650CE.NFO,2024-05-18,11:58:00,2024-05-21,855.4,855.4,855.4,855.4,0,80,0
FINNIFTY21MAY2420650CE.NFO,2024-05-18,11:59:00,2024-05-21,855.4,855.4,855.4,855.4,0,80,0
FINNIFTY21MAY2420650CE.NFO,2024-05-18,12:00:00,2024-05-21,855.4,855.4,855.4,855.4,0,80,0
FINNIFTY21MAY2420650CE.NFO,2024-05-18,12:01:00,2024-05-21,855.4,855.4,855.4,855.4,0,80,0
FINNIFTY21MAY2420650CE.NFO,2024-05-18,12:02:00,2024-05-21,855.4,855.4,855.4,855.4,0,80,0
FINNIFTY21MAY2420650CE.NFO,2024-05-18,12:03:00,2024-05-21,855.4,855.4,855.4,855.4,0,80,0
FINNIFTY21MAY2420650CE.NFO,2024-05-18,12:04:00,2024-05-21,855.4,855.4,855.4,855.4,0,80,0
FINNIFTY21MAY2420650CE.NFO,2024-05-18,12:05:00,2024-05-21,855.4,855.4,855.4,855.4,0,80,0
FINNIFTY21MAY2420650CE.NFO,2024-05-18,12:06:00,2024-05-21,855.4,855.4,855.4,855.4,0,80,0
FINNIFTY21MAY2420650CE.NFO,2024-05-18,12:07:00,2024-05-21,855.4,855.4,855.4,855.4,0,80,1
FINNIFTY21MAY2420650CE.NFO,2024-05-18,12:08:00,2024-05-21,855.4,855.4,855.4,855.4,0,80,1
FINNIFTY21MAY2420650CE.NFO,2024-05-18,12:09:00,2024-05-21,855.4,855.4,855.4,855.4,0,80,1
FINNIFTY21MAY2420650CE.NFO,2024-05-18,12:10:00,2024-05-21,855.4,855.4,855.4,855.4,0,80,0
FINNIFTY21MAY2420650CE.NFO,2024-05-18,12:11:00,2024-05-21,855.4,855.4,855.4,855.4,0,80,0
FINNIFTY21MAY2420650CE.NFO,2024-05-18,12:12:00,2024-05-21,855.4,855.4,855.4,855.4,0,80,0
FINNIFTY21MAY2420650CE.NFO,2024-05-18,12:13:00,2024-05-21,855.4,855.4,855.4,855.4,0,80,0
FINNIFTY21MAY2420650CE.NFO,2024-05-18,12:14:00,2024-05-21,855.4,855.4,855.4,855.4,0,80,1
FINNIFTY21MAY2420650CE.NFO,2024-05-18,12:15:00,2024-05-21,855.4,855.4,855.4,855.4,0,80,0
FINNIFTY21MAY2420650CE.NFO,2024-05-18,12:16:00,2024-05-21,855.4,855.4,855.4,855.4,0,80,1
FINNIFTY21MAY2420650CE.NFO,2024-05-18,12:17:00,2024-05-21,855.4,855.4,855.4,855.4,0,80,0
FINNIFTY21MAY2420650CE.NFO,2024-05-18,12:18:00,2024-05-21,855.4,855.4,855.4,855.4,0,80,0
FINNIFTY21MAY2420650CE.NFO,2024-05-18,12:19:00,2024-05-21,855.4,855.4,855.4,855.4,0,80,1
FINNIFTY21MAY2420650CE.NFO,2024-05-18,12:20:00,2024-05-21,855.4,855.4,855.4,855.4,0,80,1
FINNIFTY21MAY2420650CE.NFO,2024-05-18,12:21:00,2024-05-21,855.4,855.4,855.4,855.4,0,80,1
FINNIFTY21MAY2420650CE.NFO,2024-05-18,12:22:00,2024-05-21,855.4,855.4,855.4,855.4,0,80,0
FINNIFTY21MAY2420650CE.NFO,2024-05-18,12:23:00,2024-05-21,855.4,855.4,855.4,855.4,0,80,1
FINNIFTY21MAY2420650CE.NFO,2024-05-18,12:24:00,2024-05-21,855.4,855.4,855.4,855.4,0,80,0
FINNIFTY21MAY2420650CE.NFO,2024-05-18,12:25:00,2024-05-21,855.4,855.4,855.4,855.4,0,80,0
FINNIFTY21MAY2420650CE.NFO,2024-05-18,12:26:00,2024-05-21,855.4,855.4,855.4,855.4,0,80,1
FINNIFTY21MAY2420650CE.NFO,2024-05-18,12:27:00,2024-05-21,855.4,855.4,855.4,855.4,0,80,0
FINNIFTY21MAY2420650CE.NFO,2024-05-18,12:28:00,2024-05-21,855.4,855.4,855.4,855.4,0,80,0
FINNIFTY21MAY2420650CE.NFO,2024-05-18,12:29:00,2024-05-21,855.4,855.4,855.4,855.4,0,80,0
FINNIFTY21MAY2420650CE.NFO,2024-05-18,12:30:00,2024-05-21,855.4,855.4,855.4,855.4,0,80,1
FINNIFTY21MAY2420650CE.NFO,2024-05-18,12:31:00,2024-05-21,855.4,855.4,855.4,855.4,0,80,1
FINNIFTY21MAY2420650CE.NFO,2024-05-18,12:32:00,2024-05-21,855.4,855.4,855.4,855.4,0,80,1
FINNIFTY21MAY2420650CE.NFO,2024-05-18,12:33:00,2024-05-21,855.4,855.4,855.4,855.4,0,80,1
FINNIFTY21MAY2420650CE.NFO,2024-05-18,12:34:00,2024-05-21,855.4,855.4,855.4,855.4,0,80,1
FINNIFTY21MAY2420650CE.NFO,2024-05-18,12:35:00,2024-05-21,855.4,855.4,855.4,855.4,0,80,1
FINNIFTY21MAY2420650CE.NFO,2024-05-18,12:36:00,2024-05-21,855.4,855.4,855.4,855.4,0,80,1
FINNIFTY21MAY2420650CE.NFO,2024-05-18,12:37:00,2024-05-21,855.4,855.4,855.4,855.4,0,80,1
FINNIFTY21MAY2420650CE.NFO,2024-05-18,12:38:00,2024-05-21,855.4,855.4,855.4,855.4,0,80,1
FINNIFTY21MAY2420650CE.NFO,2024-05-18,12:39:00,2024-05-21,855.4,855.4,855.4,855.4,0,80,1
FINNIFTY21MAY2420650CE.NFO,2024-05-18,12:40:00,2024-05-21,855.4,855.4,855.4,855.4,0,80,1
FINNIFTY21MAY2420650CE.NFO,2024-05-18,12:41:00,2024-05-21,855.4,855.4,855.4,855.4,0,80,1
FINNIFTY21MAY2420650CE.NFO,2024-05-18,12:42:00,2024-05-21,855.4,855.4,855.4,855.4,0,80,1
FINNIFTY21MAY2420650CE.NFO,2024-05-18,12:43:00,2024-05-21,855.4,855.4,855.4,855.4,0,80,1
FINNIFTY21MAY2420650CE.NFO,2024-05-18,12:44:00,2024-05-21,855.4,855.4,855.4,855.4,0,80,1
FINNIFTY21MAY2420650CE.NFO,2024-05-18,12:45:00,2024-05-21,855.4,855.4,855.4,855.4,0,80,1
FINNIFTY21MAY2420650CE.NFO,2024-05-18,12:46:00,2024-05-21,855.4,855.4,855.4,855.4,0,80,1
FINNIFTY21MAY2420650CE.NFO,2024-05-18,12:47:00,2024-05-21,855.4,855.4,855.4,855.4,0,80,1
FINNIFTY21MAY2420650CE.NFO,2024-05-18,12:48:00,2024-05-21,855.4,855.4,855.4,855.4,0,80,1
FINNIFTY21MAY2420650CE.NFO,2024-05-18,12:49:00,2024-05-21,855.4,855.4,855.4,855.4,0,80,1
FINNIFTY21MAY2420650CE.NFO,2024-05-18,12:50:00,2024-05-21,855.4,855.4,855.4,855.4,0,80,1
FINNIFTY21MAY2420650CE.NFO,2024-05-18,12:51:00,2024-05-21,855.4,855.4,855.4,855.4,0,80,1
FINNIFTY21MAY2420650CE.NFO,2024-05-18,12:52:00,2024-05-21,855.4,855.4,855.4,855.4,0,80,1
FINNIFTY21MAY2420650CE.NFO,2024-05-18,12:53:00,2024-05-21,855.4,855.4,855.4,855.4,0,80,1
FINNIFTY21MAY2420650CE.NFO,2024-05-18,12:54:00,2024-05-21,855.4,855.4,855.4,855.4,0,80,1
FINNIFTY21MAY2420650CE.NFO,2024-05-18,12:55:00,2024-05-21,855.4,855.4,855.4,855.4,0,80,1
FINNIFTY21MAY2420650CE.NFO,2024-05-18,12:56:00,2024-05-21,855.4,855.4,855.4,855.4,0,80,1
FINNIFTY21MAY2420650CE.NFO,2024-05-18,12:57:00,2024-05-21,855.4,855.4,855.4,855.4,0,80,1
FINNIFTY21MAY2420650CE.NFO,2024-05-18,12:58:00,2024-05-21,855.4,855.4,855.4,855.4,0,80,1
FINNIFTY21MAY2420650CE.NFO,2024-05-18,12:59:00,2024-05-21,855.4,855.4,855.4,855.4,0,80,1
FINNIFTY21MAY2420650CE.NFO,2024-05-18,13:00:00,2024-05-21,855.4,855.4,855.4,855.4,0,80,1
FINNIFTY21MAY2420650CE.NFO,2024-05-18,13:01:00,2024-05-21,855.4,855.4,855.4,855.4,0,80,1
FINNIFTY21MAY2420650CE.NFO,2024-05-18,13:02:00,2024-05-21,855.4,855.4,855.4,855.4,0,80,1
FINNIFTY21MAY2420650CE.NFO,2024-05-18,13:03:00,2024-05-21,855.4,855.4,855.4,855.4,0,80,1
FINNIFTY21MAY2420650CE.NFO,2024-05-18,13:04:00,2024-05-21,855.4,855.4,855.4,855.4,0,80,1
FINNIFTY21MAY2420650CE.NFO,2024-05-18,13:05:00,2024-05-21,855.4,855.4,855.4,855.4,0,80,1
FINNIFTY21MAY2420650CE.NFO,2024-05-18,13:06:00,2024-05-21,855.4,855.4,855.4,855.4,0,80,1
FINNIFTY21MAY2420650CE.NFO,2024-05-18,13:07:00,2024-05-21,855.4,855.4,855.4,855.4,0,80,1
FINNIFTY21MAY2420650CE.NFO,2024-05-18,13:08:00,2024-05-21,855.4,855.4,855.4,855.4,0,80,1
FINNIFTY21MAY2420650CE.NFO,2024-05-18,13:09:00,2024-05-21,855.4,855.4,855.4,855.4,0,80,1
FINNIFTY21MAY2420650CE.NFO,2024-05-18,13:10:00,2024-05-21,855.4,855.4,855.4,855.4,0,80,1
FINNIFTY21MAY2420650CE.NFO,2024-05-18,13:11:00,2024-05-21,855.4,855.4,855.4,855.4,0,80,1
FINNIFTY21MAY2420650CE.NFO,2024-05-18,13:12:00,2024-05-21,855.4,855.4,855.4,855.4,0,80,1
FINNIFTY21MAY2420650CE.NFO,2024-05-18,13:13:00,2024-05-21,855.4,855.4,855.4,855.4,0,80,1
FINNIFTY21MAY2420650CE.NFO,2024-05-18,13:14:00,2024-05-21,855.4,855.4,855.4,855.4,0,80,1
FINNIFTY21MAY2420650CE.NFO,2024-05-18,13:15:00,2024-05-21,855.4,855.4,855.4,855.4,0,80,1
FINNIFTY21MAY2420650CE.NFO,2024-05-18,13:16:00,2024-05-21,855.4,855.4,855.4,855.4,0,80,1
FINNIFTY21MAY2420650CE.NFO,2024-05-18,13:17:00,2024-05-21,855.4,855.4,855.4,855.4,0,80,1
FINNIFTY21MAY2420650CE.NFO,2024-05-18,13:18:00,2024-05-21,855.4,855.4,855.4,855.4,0,80,1
FINNIFTY21MAY2420650CE.NFO,2024-05-18,13:19:00,2024-05-21,855.4,855.4,855.4,855.4,0,80,1
FINNIFTY21MAY2420650CE.NFO,2024-05-18,13:20:00,2024-05-21,855.4,855.4,855.4,855.4,0,80,1
FINNIFTY21MAY2420650CE.NFO,2024-05-18,13:21:00,2024-05-21,855.4,855.4,855.4,855.4,0,80,1
FINNIFTY21MAY2420650CE.NFO,2024-05-18,13:22:00,2024-05-21,855.4,855.4,855.4,855.4,0,80,1
FINNIFTY21MAY2420650CE.NFO,2024-05-18,13:23:00,2024-05-21,855.4,855.4,855.4,855.4,0,80,1
FINNIFTY21MAY2420650CE.NFO,2024-05-18,13:24:00,2024-05-21,855.4,855.4,855.4,855.4,0,80,1
FINNIFTY21MAY2420650CE.NFO,2024-05-18,13:25:00,2024-05-21,855.4,855.4,855.4,855.4,0,80,1
FINNIFTY21MAY2420650CE.NFO,2024-05-18,13:26:00,2024-05-21,855.4,855.4,855.4,855.4,0,80,1
FINNIFTY21MAY2420650CE.NFO,2024-05-18,13:27:00,2024-05-21,855.4,855.4,855.4,855.4,0,80,1
FINNIFTY21MAY2420650CE.NFO,2024-05-18,13:28:00,2024-05-21,855.4,855.4,855.4,855.4,0,80,1
FINNIFTY21MAY2420650CE.NFO,2024-05-18,13:29:00,2024-05-21,855.4,855.4,855.4,855.4,0,80,1
FINNIFTY21MAY2420650CE.NFO,2024-05-18,13:30:00,2024-05-21,855.4,855.4,855.4,855.4,0,80,1
FINNIFTY21MAY2420650CE.NFO,2024-05-18,13:31:00,2024-05-21,855.4,855.4,855.4,855.4,0,80,1
FINNIFTY21MAY2420650CE.NFO,2024-05-18,13:32:00,2024-05-21,855.4,855.4,855.4,855.4,0,80,1
FINNIFTY21MAY2420650CE.NFO,2024-05-18,13:33:00,2024-05-21,855.4,855.4,855.4,855.4,0,80,1
FINNIFTY21MAY2420650CE.NFO,2024-05-18,13:34:00,2024-05-21,855.4,855.4,855.4,855.4,0,80,1
FINNIFTY21MAY2420650CE.NFO,2024-05-18,13:35:00,2024-05-21,855.4,855.4,855.4,855.4,0,80,1
FINNIFTY21MAY2420650CE.NFO,2024-05-18,13:36:00,2024-05-21,855.4,855.4,855.4,855.4,0,80,1
FINNIFTY21MAY2420650CE.NFO,2024-05-18,13:37:00,2024-05-21,855.4,855.4,855.4,855.4,0,80,1
FINNIFTY21MAY2420650CE.NFO,2024-05-18,13:38:00,2024-05-21,855.4,855.4,855.4,855.4,0,80,1
FINNIFTY21MAY2420650CE.NFO,2024-05-18,13:39:00,2024-05-21,855.4,855.4,855.4,855.4,0,80,1
FINNIFTY21MAY2420650CE.NFO,2024-05-18,13:40:00,2024-05-21,855.4,855.4,855.4,855.4,0,80,1
FINNIFTY21MAY2420650CE.NFO,2024-05-18,13:41:00,2024-05-21,855.4,855.4,855.4,855.4,0,80,1
FINNIFTY21MAY2420650CE.NFO,2024-05-18,13:42:00,2024-05-21,855.4,855.4,855.4,855.4,0,80,1
FINNIFTY21MAY2420650CE.NFO,2024-05-18,13:43:00,2024-05-21,855.4,855.4,855.4,855.4,0,80,1
FINNIFTY21MAY2420650CE.NFO,2024-05-18,13:44:00,2024-05-21,855.4,855.4,855.4,855.4,0,80,1
FINNIFTY21MAY2420650CE.NFO,2024-05-18,13:45:00,2024-05-21,855.4,855.4,855.4,855.4,0,80,1
FINNIFTY21MAY2420650CE.NFO,2024-05-18,13:46:00,2024-05-21,855.4,855.4,855.4,855.4,0,80,1
FINNIFTY21MAY2420650CE.NFO,2024-05-18,13:47:00,2024-05-21,855.4,855.4,855.4,855.4,0,80,1
FINNIFTY21MAY2420650CE.NFO,2024-05-18,13:48:00,2024-05-21,855.4,855.4,855.4,855.4,0,80,1
FINNIFTY21MAY2420650CE.NFO,2024-05-18,13:49:00,2024-05-21,855.4,855.4,855.4,855.4,0,80,1
FINNIFTY21MAY2420650CE.NFO,2024-05-18,13:50:00,2024-05-21,855.4,855.4,855.4,855.4,0,80,1
FINNIFTY21MAY2420650CE.NFO,2024-05-18,13:51:00,2024-05-21,855.4,855.4,855.4,855.4,0,80,1
FINNIFTY21MAY2420650CE.NFO,2024-05-18,13:52:00,2024-05-21,855.4,855.4,855.4,855.4,0,80,1
FINNIFTY21MAY2420650CE.NFO,2024-05-18,13:53:00,2024-05-21,855.4,855.4,855.4,855.4,0,80,1
FINNIFTY21MAY2420650CE.NFO,2024-05-18,13:54:00,2024-05-21,855.4,855.4,855.4,855.4,0,80,1
FINNIFTY21MAY2420650CE.NFO,2024-05-18,13:55:00,2024-05-21,855.4,855.4,855.4,855.4,0,80,1
FINNIFTY21MAY2420650CE.NFO,2024-05-18,13:56:00,2024-05-21,855.4,855.4,855.4,855.4,0,80,1
FINNIFTY21MAY2420650CE.NFO,2024-05-18,13:57:00,2024-05-21,855.4,855.4,855.4,855.4,0,80,1
FINNIFTY21MAY2420650CE.NFO,2024-05-18,13:58:00,2024-05-21,855.4,855.4,855.4,855.4,0,80,1
FINNIFTY21MAY2420650CE.NFO,2024-05-18,13:59:00,2024-05-21,855.4,855.4,855.4,855.4,0,80,1
FINNIFTY21MAY2420650CE.NFO,2024-05-18,14:00:00,2024-05-21,855.4,855.4,855.4,855.4,0,80,1
FINNIFTY21MAY2420650CE.NFO,2024-05-18,14:01:00,2024-05-21,855.4,855.4,855.4,855.4,0,80,1
FINNIFTY21MAY2420650CE.NFO,2024-05-18,14:02:00,2024-05-21,855.4,855.4,855.4,855.4,0,80,1
FINNIFTY21MAY2420650CE.NFO,2024-05-18,14:03:00,2024-05-21,855.4,855.4,855.4,855.4,0,80,1
FINNIFTY21MAY2420650CE.NFO,2024-05-18,14:04:00,2024-05-21,855.4,855.4,855.4,855.4,0,80,1
FINNIFTY21MAY2420650CE.NFO,2024-05-18,14:05:00,2024-05-21,855.4,855.4,855.4,855.4,0,80,1
FINNIFTY21MAY2420650CE.NFO,2024-05-18,14:06:00,2024-05-21,855.4,855.4,855.4,855.4,0,80,1
FINNIFTY21MAY2420650CE.NFO,2024-05-18,14:07:00,2024-05-21,855.4,855.4,855.4,855.4,0,80,1
FINNIFTY21MAY2420650CE.NFO,2024-05-18,14:08:00,2024-05-21,855.4,855.4,855.4,855.4,0,80,1
FINNIFTY21MAY2420650CE.NFO,2024-05-18,14:09:00,2024-05-21,855.4,855.4,855.4,855.4,0,80,1
FINNIFTY21MAY2420650CE.NFO,2024-05-18,14:10:00,2024-05-21,855.4,855.4,855.4,855.4,0,80,1
FINNIFTY21MAY2420650CE.NFO,2024-05-18,14:11:00,2024-05-21,855.4,855.4,855.4,855.4,0,80,1
FINNIFTY21MAY2420650CE.NFO,2024-05-18,14:12:00,2024-05-21,855.4,855.4,855.4,855.4,0,80,1
FINNIFTY21MAY2420650CE.NFO,2024-05-18,14:13:00,2024-05-21,855.4,855.4,855.4,855.4,0,80,1
FINNIFTY21MAY2420650CE.NFO,2024-05-18,14:14:00,2024-05-21,855.4,855.4,855.4,855.4,0,80,1
FINNIFTY21MAY2420650CE.NFO,2024-05-18,14:15:00,2024-05-21,855.4,855.4,855.4,855.4,0,80,1
FINNIFTY21MAY2420650CE.NFO,2024-05-18,14:16:00,2024-05-21,855.4,855.4,855.4,855.4,0,80,1
FINNIFTY21MAY2420650CE.NFO,2024-05-18,14:17:00,2024-05-21,855.4,855.4,855.4,855.4,0,80,1
FINNIFTY21MAY2420650CE.NFO,2024-05-18,14:18:00,2024-05-21,855.4,855.4,855.4,855.4,0,80,1
FINNIFTY21MAY2420650CE.NFO,2024-05-18,14:19:00,2024-05-21,855.4,855.4,855.4,855.4,0,80,1
FINNIFTY21MAY2420650CE.NFO,2024-05-18,14:20:00,2024-05-21,855.4,855.4,855.4,855.4,0,80,1
FINNIFTY21MAY2420650CE.NFO,2024-05-18,14:21:00,2024-05-21,855.4,855.4,855.4,855.4,0,80,1
FINNIFTY21MAY2420650CE.NFO,2024-05-18,14:22:00,2024-05-21,855.4,855.4,855.4,855.4,0,80,1
FINNIFTY21MAY2420650CE.NFO,2024-05-18,14:23:00,2024-05-21,855.4,855.4,855.4,855.4,0,80,1
FINNIFTY21MAY2420650CE.NFO,2024-05-18,14:24:00,2024-05-21,855.4,855.4,855.4,855.4,0,80,1
FINNIFTY21MAY2420650CE.NFO,2024-05-18,14:25:00,2024-05-21,855.4,855.4,855.4,855.4,0,80,1
FINNIFTY21MAY2420650CE.NFO,2024-05-18,14:26:00,2024-05-21,855.4,855.4,855.4,855.4,0,80,1
FINNIFTY21MAY2420650CE.NFO,2024-05-18,14:27:00,2024-05-21,855.4,855.4,855.4,855.4,0,80,1
FINNIFTY21MAY2420650CE.NFO,2024-05-18,14:28:00,2024-05-21,855.4,855.4,855.4,855.4,0,80,1
FINNIFTY21MAY2420650CE.NFO,2024-05-18,14:29:00,2024-05-21,855.4,855.4,855.4,855.4,0,80,1
FINNIFTY21MAY2420650CE.NFO,2024-05-18,14:30:00,2024-05-21,855.4,855.4,855.4,855.4,0,80,1
FINNIFTY21MAY2420650CE.NFO,2024-05-18,14:31:00,2024-05-21,855.4,855.4,855.4,855.4,0,80,1
FINNIFTY21MAY2420650CE.NFO,2024-05-18,14:32:00,2024-05-21,855.4,855.4,855.4,855.4,0,80,1
FINNIFTY21MAY2420650CE.NFO,2024-05-18,14:33:00,2024-05-21,855.4,855.4,855.4,855.4,0,80,1
FINNIFTY21MAY2420650CE.NFO,2024-05-18,14:34:00,2024-05-21,855.4,855.4,855.4,855.4,0,80,1
FINNIFTY21MAY2420650CE.NFO,2024-05-18,14:35:00,2024-05-21,855.4,855.4,855.4,855.4,0,80,1
FINNIFTY21MAY2420650CE.NFO,2024-05-18,14:36:00,2024-05-21,855.4,855.4,855.4,855.4,0,80,1
FINNIFTY21MAY2420650CE.NFO,2024-05-18,14:37:00,2024-05-21,855.4,855.4,855.4,855.4,0,80,1
FINNIFTY21MAY2420650CE.NFO,2024-05-18,14:38:00,2024-05-21,855.4,855.4,855.4,855.4,0,80,1
FINNIFTY21MAY2420650CE.NFO,2024-05-18,14:39:00,2024-05-21,855.4,855.4,855.4,855.4,0,80,1
FINNIFTY21MAY2420650CE.NFO,2024-05-18,14:40:00,2024-05-21,855.4,855.4,855.4,855.4,0,80,1
FINNIFTY21MAY2420650CE.NFO,2024-05-18,14:41:00,2024-05-21,855.4,855.4,855.4,855.4,0,80,1
FINNIFTY21MAY2420650CE.NFO,2024-05-18,14:42:00,2024-05-21,855.4,855.4,855.4,855.4,0,80,1
FINNIFTY21MAY2420650CE.NFO,2024-05-18,14:43:00,2024-05-21,855.4,855.4,855.4,855.4,0,80,1
FINNIFTY21MAY2420650CE.NFO,2024-05-18,14:44:00,2024-05-21,855.4,855.4,855.4,855.4,0,80,1
FINNIFTY21MAY2420650CE.NFO,2024-05-18,14:45:00,2024-05-21,855.4,855.4,855.4,855.4,0,80,1
FINNIFTY21MAY2420650CE.NFO,2024-05-18,14:46:00,2024-05-21,855.4,855.4,855.4,855.4,0,80,1
FINNIFTY21MAY2420650CE.NFO,2024-05-18,14:47:00,2024-05-21,855.4,855.4,855.4,855.4,0,80,1
FINNIFTY21MAY2420650CE.NFO,2024-05-18,14:48:00,2024-05-21,855.4,855.4,855.4,855.4,0,80,1
FINNIFTY21MAY2420650CE.NFO,2024-05-18,14:49:00,2024-05-21,855.4,855.4,855.4,855.4,0,80,1
FINNIFTY21MAY2420650CE.NFO,2024-05-18,14:50:00,2024-05-21,855.4,855.4,855.4,855.4,0,80,1
FINNIFTY21MAY2420650CE.NFO,2024-05-18,14:51:00,2024-05-21,855.4,855.4,855.4,855.4,0,80,1
FINNIFTY21MAY2420650CE.NFO,2024-05-18,14:52:00,2024-05-21,855.4,855.4,855.4,855.4,0,80,1
FINNIFTY21MAY2420650CE.NFO,2024-05-18,14:53:00,2024-05-21,855.4,855.4,855.4,855.4,0,80,1
FINNIFTY21MAY2420650CE.NFO,2024-05-18,14:54:00,2024-05-21,855.4,855.4,855.4,855.4,0,80,1
FINNIFTY21MAY2420650CE.NFO,2024-05-18,14:55:00,2024-05-21,855.4,855.4,855.4,855.4,0,80,1
FINNIFTY21MAY2420650CE.NFO,2024-05-18,14:56:00,2024-05-21,855.4,855.4,855.4,855.4,0,80,1
FINNIFTY21MAY2420650CE.NFO,2024-05-18,14:57:00,2024-05-21,855.4,855.4,855.4,855.4,0,80,1
FINNIFTY21MAY2420650CE.NFO,2024-05-18,14:58:00,2024-05-21,855.4,855.4,855.4,855.4,0,80,1
FINNIFTY21MAY2420650CE.NFO,2024-05-18,14:59:00,2024-05-21,855.4,855.4,855.4,855.4,0,80,1
FINNIFTY21MAY2420650CE.NFO,2024-05-18,15:00:00,2024-05-21,855.4,855.4,855.4,855.4,0,80,1
FINNIFTY21MAY2420650CE.NFO,2024-05-18,15:01:00,2024-05-21,855.4,855.4,855.4,855.4,0,80,1
FINNIFTY21MAY2420650CE.NFO,2024-05-18,15:02:00,2024-05-21,855.4,855.4,855.4,855.4,0,80,1
FINNIFTY21MAY2420650CE.NFO,2024-05-18,15:03:00,2024-05-21,855.4,855.4,855.4,855.4,0,80,1
FINNIFTY21MAY2420650CE.NFO,2024-05-18,15:04:00,2024-05-21,855.4,855.4,855.4,855.4,0,80,1
FINNIFTY21MAY2420650CE.NFO,2024-05-18,15:05:00,2024-05-21,855.4,855.4,855.4,855.4,0,80,1
FINNIFTY21MAY2420650CE.NFO,2024-05-18,15:06:00,2024-05-21,855.4,855.4,855.4,855.4,0,80,1
FINNIFTY21MAY2420650CE.NFO,2024-05-18,15:07:00,2024-05-21,855.4,855.4,855.4,855.4,0,80,1
FINNIFTY21MAY2420650CE.NFO,2024-05-18,15:08:00,2024-05-21,855.4,855.4,855.4,855.4,0,80,1
FINNIFTY21MAY2420650CE.NFO,2024-05-18,15:09:00,2024-05-21,855.4,855.4,855.4,855.4,0,80,1
FINNIFTY21MAY2420650CE.NFO,2024-05-18,15:10:00,2024-05-21,855.4,855.4,855.4,855.4,0,80,1
FINNIFTY21MAY2420650CE.NFO,2024-05-18,15:11:00,2024-05-21,855.4,855.4,855.4,855.4,0,80,1
FINNIFTY21MAY2420650CE.NFO,2024-05-18,15:12:00,2024-05-21,855.4,855.4,855.4,855.4,0,80,1
FINNIFTY21MAY2420650CE.NFO,2024-05-18,15:13:00,2024-05-21,855.4,855.4,855.4,855.4,0,80,1
FINNIFTY21MAY2420650CE.NFO,2024-05-18,15:14:00,2024-05-21,855.4,855.4,855.4,855.4,0,80,1
FINNIFTY21MAY2420650CE.NFO,2024-05-18,15:15:00,2024-05-21,855.4,855.4,855.4,855.4,0,80,1
FINNIFTY21MAY2420650CE.NFO,2024-05-18,15:16:00,2024-05-21,855.4,855.4,855.4,855.4,0,80,1
FINNIFTY21MAY2420650CE.NFO,2024-05-18,15:17:00,2024-05-21,855.4,855.4,855.4,855.4,0,80,1
FINNIFTY21MAY2420650CE.NFO,2024-05-18,15:18:00,2024-05-21,855.4,855.4,855.4,855.4,0,80,1
FINNIFTY21MAY2420650CE.NFO,2024-05-18,15:19:00,2024-05-21,855.4,855.4,855.4,855.4,0,80,1
FINNIFTY21MAY2420650CE.NFO,2024-05-18,15:20:00,2024-05-21,855.4,855.4,855.4,855.4,0,80,1
FINNIFTY21MAY2420650CE.NFO,2024-05-18,15:21:00,2024-05-21,855.4,855.4,855.4,855.4,0,80,1
FINNIFTY21MAY2420650CE.NFO,2024-05-18,15:22:00,2024-05-21,855.4,855.4,855.4,855.4,0,80,1
FINNIFTY21MAY2420650CE.NFO,2024-05-18,15:23:00,2024-05-21,855.4,855.4,855.4,855.4,0,80,1
FINNIFTY21MAY2420650CE.NFO,2024-05-18,15:24:00,2024-05-21,855.4,855.4,855.4,855.4,0,80,1
FINNIFTY21MAY2420650CE.NFO,2024-05-18,15:25:00,2024-05-21,855.4,855.4,855.4,855.4,0,80,1
FINNIFTY21MAY2420650CE.NFO,2024-05-18,15:26:00,2024-05-21,855.4,855.4,855.4,855.4,0,80,1
FINNIFTY21MAY2420650CE.NFO,2024-05-18,15:27:00,2024-05-21,855.4,855.4,855.4,855.4,0,80,1
FINNIFTY21MAY2420650CE.NFO,2024-05-18,15:28:00,2024-05-21,855.4,855.4,855.4,855.4,0,80,1
FINNIFTY21MAY2420650CE.NFO,2024-05-18,15:29:00,2024-05-21,855.4,855.4,855.4,855.4,0,80,1
FINNIFTY21MAY2420650CE.NFO,2024-05-18,15:30:00,2024-05-21,855.4,855.4,855.4,855.4,0,80,1
FINNIFTY21MAY2420650CE.NFO,2024-05-21,09:15:00,2024-05-21,837.0,837.0,837.0,837.0,0,80,1
FINNIFTY21MAY2420650CE.NFO,2024-05-21,09:16:00,2024-05-21,837.0,837.0,837.0,837.0,0,80,1
FINNIFTY21MAY2420650CE.NFO,2024-05-21,09:17:00,2024-05-21,837.0,837.0,837.0,837.0,0,80,1
FINNIFTY21MAY2420650CE.NFO,2024-05-21,09:18:00,2024-05-21,837.0,837.0,837.0,837.0,0,80,1
FINNIFTY21MAY2420650CE.NFO,2024-05-21,09:19:00,2024-05-21,837.0,837.0,837.0,837.0,0,80,1
FINNIFTY21MAY2420650CE.NFO,2024-05-21,09:20:00,2024-05-21,837.0,837.0,837.0,837.0,0,80,1
FINNIFTY21MAY2420650CE.NFO,2024-05-21,09:21:00,2024-05-21,837.0,837.0,837.0,837.0,0,80,1
FINNIFTY21MAY2420650CE.NFO,2024-05-21,09:22:00,2024-05-21,837.0,837.0,837.0,837.0,0,80,1
FINNIFTY21MAY2420650CE.NFO,2024-05-21,09:23:00,2024-05-21,837.0,837.0,837.0,837.0,0,80,1
FINNIFTY21MAY2420650CE.NFO,2024-05-21,09:24:00,2024-05-21,837.0,837.0,837.0,837.0,0,80,1
FINNIFTY21MAY2420650CE.NFO,2024-05-21,09:25:00,2024-05-21,837.0,837.0,837.0,837.0,0,80,1
FINNIFTY21MAY2420650CE.NFO,2024-05-21,09:26:00,2024-05-21,837.0,837.0,837.0,837.0,0,80,1
FINNIFTY21MAY2420650CE.NFO,2024-05-21,09:27:00,2024-05-21,837.0,837.0,837.0,837.0,0,80,1
FINNIFTY21MAY2420650CE.NFO,2024-05-21,09:28:00,2024-05-21,837.0,837.0,837.0,837.0,0,80,1
FINNIFTY21MAY2420650CE.NFO,2024-05-21,09:29:00,2024-05-21,837.0,837.0,837.0,837.0,0,80,1
FINNIFTY21MAY2420650CE.NFO,2024-05-21,09:30:00,2024-05-21,837.0,837.0,837.0,837.0,0,80,1
FINNIFTY21MAY2420650CE.NFO,2024-05-21,09:31:00,2024-05-21,837.0,837.0,837.0,837.0,0,80,1
FINNIFTY21MAY2420650CE.NFO,2024-05-21,09:32:00,2024-05-21,837.0,837.0,837.0,837.0,0,80,1
FINNIFTY21MAY2420650CE.NFO,2024-05-21,09:33:00,2024-05-21,837.0,837.0,837.0,837.0,0,80,0
FINNIFTY21MAY2420650CE.NFO,2024-05-21,09:34:00,2024-05-21,837.0,837.0,837.0,837.0,0,80,0
FINNIFTY21MAY2420650CE.NFO,2024-05-21,09:35:00,2024-05-21,837.0,837.0,837.0,837.0,0,80,0
FINNIFTY21MAY2420650CE.NFO,2024-05-21,09:36:00,2024-05-21,837.0,837.0,837.0,837.0,0,80,0
FINNIFTY21MAY2420650CE.NFO,2024-05-21,09:37:00,2024-05-21,837.0,837.0,837.0,837.0,0,80,0
FINNIFTY21MAY2420650CE.NFO,2024-05-21,09:38:00,2024-05-21,837.0,837.0,837.0,837.0,0,80,0
FINNIFTY21MAY2420650CE.NFO,2024-05-21,09:39:00,2024-05-21,837.0,837.0,837.0,837.0,0,80,0
FINNIFTY21MAY2420650CE.NFO,2024-05-21,09:40:00,2024-05-21,837.0,837.0,837.0,837.0,0,80,0
FINNIFTY21MAY2420650CE.NFO,2024-05-21,09:41:00,2024-05-21,837.0,837.0,837.0,837.0,0,80,0
FINNIFTY21MAY2420650CE.NFO,2024-05-21,09:42:00,2024-05-21,837.0,837.0,837.0,837.0,0,80,0
FINNIFTY21MAY2420650CE.NFO,2024-05-21,09:43:00,2024-05-21,837.0,837.0,837.0,837.0,0,80,0
FINNIFTY21MAY2420650CE.NFO,2024-05-21,09:44:00,2024-05-21,837.0,837.0,837.0,837.0,0,80,0
FINNIFTY21MAY2420650CE.NFO,2024-05-21,09:45:00,2024-05-21,837.0,837.0,837.0,837.0,0,80,0
FINNIFTY21MAY2420650CE.NFO,2024-05-21,09:46:00,2024-05-21,837.0,837.0,837.0,837.0,0,80,0
FINNIFTY21MAY2420650CE.NFO,2024-05-21,09:47:00,2024-05-21,837.0,837.0,837.0,837.0,0,80,0
FINNIFTY21MAY2420650CE.NFO,2024-05-21,09:48:00,2024-05-21,837.0,837.0,837.0,837.0,0,80,0
FINNIFTY21MAY2420650CE.NFO,2024-05-21,09:49:00,2024-05-21,837.0,837.0,837.0,837.0,0,80,0
FINNIFTY21MAY2420650CE.NFO,2024-05-21,09:50:00,2024-05-21,837.0,837.0,837.0,837.0,0,80,0
FINNIFTY21MAY2420650CE.NFO,2024-05-21,09:51:00,2024-05-21,837.0,837.0,837.0,837.0,0,80,0
FINNIFTY21MAY2420650CE.NFO,2024-05-21,09:52:00,2024-05-21,837.0,837.0,837.0,837.0,0,80,0
FINNIFTY21MAY2420650CE.NFO,2024-05-21,09:53:00,2024-05-21,837.0,837.0,837.0,837.0,0,80,0
FINNIFTY21MAY2420650CE.NFO,2024-05-21,09:54:00,2024-05-21,837.0,837.0,837.0,837.0,0,80,0
FINNIFTY21MAY2420650CE.NFO,2024-05-21,09:55:00,2024-05-21,837.0,837.0,837.0,837.0,0,80,0
FINNIFTY21MAY2420650CE.NFO,2024-05-21,09:56:00,2024-05-21,837.0,837.0,837.0,837.0,0,80,0
FINNIFTY21MAY2420650CE.NFO,2024-05-21,09:57:00,2024-05-21,837.0,837.0,837.0,837.0,0,80,0
FINNIFTY21MAY2420650CE.NFO,2024-05-21,09:58:00,2024-05-21,837.0,837.0,837.0,837.0,0,80,0
FINNIFTY21MAY2420650CE.NFO,2024-05-21,09:59:00,2024-05-21,837.0,837.0,837.0,837.0,0,80,0
FINNIFTY21MAY2420650CE.NFO,2024-05-21,10:00:00,2024-05-21,837.0,837.0,837.0,837.0,0,80,0
FINNIFTY21MAY2420650CE.NFO,2024-05-21,10:01:00,2024-05-21,837.0,837.0,837.0,837.0,0,80,0
FINNIFTY21MAY2420650CE.NFO,2024-05-21,10:02:00,2024-05-21,837.0,837.0,837.0,837.0,0,80,0
FINNIFTY21MAY2420650CE.NFO,2024-05-21,10:03:00,2024-05-21,837.0,837.0,837.0,837.0,0,80,0
FINNIFTY21MAY2420650CE.NFO,2024-05-21,10:04:00,2024-05-21,837.0,837.0,837.0,837.0,0,80,0
FINNIFTY21MAY2420650CE.NFO,2024-05-21,10:05:00,2024-05-21,837.0,837.0,837.0,837.0,0,80,0
FINNIFTY21MAY2420650CE.NFO,2024-05-21,10:06:00,2024-05-21,837.0,837.0,837.0,837.0,0,80,0
FINNIFTY21MAY2420650CE.NFO,2024-05-21,10:07:00,2024-05-21,837.0,837.0,837.0,837.0,0,80,0
FINNIFTY21MAY2420650CE.NFO,2024-05-21,10:08:00,2024-05-21,837.0,837.0,837.0,837.0,0,80,0
FINNIFTY21MAY2420650CE.NFO,2024-05-21,10:09:00,2024-05-21,837.0,837.0,837.0,837.0,0,80,0
FINNIFTY21MAY2420650CE.NFO,2024-05-21,10:10:00,2024-05-21,837.0,837.0,837.0,837.0,0,80,0
FINNIFTY21MAY2420650CE.NFO,2024-05-21,10:11:00,2024-05-21,837.0,837.0,837.0,837.0,0,80,0
FINNIFTY21MAY2420650CE.NFO,2024-05-21,10:12:00,2024-05-21,837.0,837.0,837.0,837.0,0,80,0
FINNIFTY21MAY2420650CE.NFO,2024-05-21,10:13:00,2024-05-21,837.0,837.0,837.0,837.0,0,80,0
FINNIFTY21MAY2420650CE.NFO,2024-05-21,10:14:00,2024-05-21,837.0,837.0,837.0,837.0,0,80,0
FINNIFTY21MAY2420650CE.NFO,2024-05-21,10:15:00,2024-05-21,837.0,837.0,837.0,837.0,0,80,0
FINNIFTY21MAY2420650CE.NFO,2024-05-21,10:16:00,2024-05-21,837.0,837.0,837.0,837.0,0,80,0
FINNIFTY21MAY2420650CE.NFO,2024-05-21,10:17:00,2024-05-21,837.0,837.0,837.0,837.0,0,80,0
FINNIFTY21MAY2420650CE.NFO,2024-05-21,10:18:00,2024-05-21,837.0,837.0,837.0,837.0,0,80,0
FINNIFTY21MAY2420650CE.NFO,2024-05-21,10:19:00,2024-05-21,837.0,837.0,837.0,837.0,0,80,0
FINNIFTY21MAY2420650CE.NFO,2024-05-21,10:20:00,2024-05-21,837.0,837.0,837.0,837.0,0,80,0
FINNIFTY21MAY2420650CE.NFO,2024-05-21,10:21:00,2024-05-21,837.0,837.0,837.0,837.0,0,80,0
FINNIFTY21MAY2420650CE.NFO,2024-05-21,10:22:00,2024-05-21,837.0,837.0,837.0,837.0,0,80,0
FINNIFTY21MAY2420650CE.NFO,2024-05-21,10:23:00,2024-05-21,837.0,837.0,837.0,837.0,0,80,0
FINNIFTY21MAY2420650CE.NFO,2024-05-21,10:24:00,2024-05-21,837.0,837.0,837.0,837.0,0,80,0
FINNIFTY21MAY2420650CE.NFO,2024-05-21,10:25:00,2024-05-21,837.0,837.0,837.0,837.0,0,80,0
FINNIFTY21MAY2420650CE.NFO,2024-05-21,10:26:00,2024-05-21,837.0,837.0,837.0,837.0,0,80,0
FINNIFTY21MAY2420650CE.NFO,2024-05-21,10:27:00,2024-05-21,837.0,837.0,837.0,837.0,0,80,0
FINNIFTY21MAY2420650CE.NFO,2024-05-21,10:28:00,2024-05-21,837.0,837.0,837.0,837.0,0,80,0
FINNIFTY21MAY2420650CE.NFO,2024-05-21,10:29:00,2024-05-21,837.0,837.0,837.0,837.0,0,80,0
FINNIFTY21MAY2420650CE.NFO,2024-05-21,10:30:00,2024-05-21,837.0,837.0,837.0,837.0,0,80,0
FINNIFTY21MAY2420650CE.NFO,2024-05-21,10:31:00,2024-05-21,837.0,837.0,837.0,837.0,0,80,0
FINNIFTY21MAY2420650CE.NFO,2024-05-21,10:32:00,2024-05-21,837.0,837.0,837.0,837.0,0,80,0
FINNIFTY21MAY2420650CE.NFO,2024-05-21,10:33:00,2024-05-21,837.0,837.0,837.0,837.0,0,80,0
FINNIFTY21MAY2420650CE.NFO,2024-05-21,10:34:00,2024-05-21,837.0,837.0,837.0,837.0,0,80,0
FINNIFTY21MAY2420650CE.NFO,2024-05-21,10:35:00,2024-05-21,837.0,837.0,837.0,837.0,0,80,0
FINNIFTY21MAY2420650CE.NFO,2024-05-21,10:36:00,2024-05-21,837.0,837.0,837.0,837.0,0,80,0
FINNIFTY21MAY2420650CE.NFO,2024-05-21,10:37:00,2024-05-21,837.0,837.0,837.0,837.0,0,80,0
FINNIFTY21MAY2420650CE.NFO,2024-05-21,10:38:00,2024-05-21,837.0,837.0,837.0,837.0,0,80,0
FINNIFTY21MAY2420650CE.NFO,2024-05-21,10:39:00,2024-05-21,837.0,837.0,837.0,837.0,0,80,0
FINNIFTY21MAY2420650CE.NFO,2024-05-21,10:40:00,2024-05-21,837.0,837.0,837.0,837.0,0,80,0
FINNIFTY21MAY2420650CE.NFO,2024-05-21,10:41:00,2024-05-21,837.0,837.0,837.0,837.0,0,80,0
FINNIFTY21MAY2420650CE.NFO,2024-05-21,10:42:00,2024-05-21,837.0,837.0,837.0,837.0,0,80,0
FINNIFTY21MAY2420650CE.NFO,2024-05-21,10:43:00,2024-05-21,837.0,837.0,837.0,837.0,0,80,0
FINNIFTY21MAY2420650CE.NFO,2024-05-21,10:44:00,2024-05-21,837.0,837.0,837.0,837.0,0,80,0
FINNIFTY21MAY2420650CE.NFO,2024-05-21,10:45:00,2024-05-21,837.0,837.0,837.0,837.0,0,80,0
FINNIFTY21MAY2420650CE.NFO,2024-05-21,10:46:00,2024-05-21,837.0,837.0,837.0,837.0,0,80,0
FINNIFTY21MAY2420650CE.NFO,2024-05-21,10:47:00,2024-05-21,837.0,837.0,837.0,837.0,0,80,0
FINNIFTY21MAY2420650CE.NFO,2024-05-21,10:48:00,2024-05-21,837.0,837.0,837.0,837.0,0,80,0
FINNIFTY21MAY2420650CE.NFO,2024-05-21,10:49:00,2024-05-21,837.0,837.0,837.0,837.0,0,80,0
FINNIFTY21MAY2420650CE.NFO,2024-05-21,10:50:00,2024-05-21,837.0,837.0,837.0,837.0,0,80,0
FINNIFTY21MAY2420650CE.NFO,2024-05-21,10:51:00,2024-05-21,837.0,837.0,837.0,837.0,0,80,0
FINNIFTY21MAY2420650CE.NFO,2024-05-21,10:52:00,2024-05-21,837.0,837.0,837.0,837.0,0,80,0
FINNIFTY21MAY2420650CE.NFO,2024-05-21,10:53:00,2024-05-21,837.0,837.0,837.0,837.0,0,80,0
FINNIFTY21MAY2420650CE.NFO,2024-05-21,10:54:00,2024-05-21,837.0,837.0,837.0,837.0,0,80,0
FINNIFTY21MAY2420650CE.NFO,2024-05-21,10:55:00,2024-05-21,837.0,837.0,837.0,837.0,0,80,0
FINNIFTY21MAY2420650CE.NFO,2024-05-21,10:56:00,2024-05-21,837.0,837.0,837.0,837.0,0,80,0
FINNIFTY21MAY2420650CE.NFO,2024-05-21,10:57:00,2024-05-21,837.0,837.0,837.0,837.0,0,80,0
FINNIFTY21MAY2420650CE.NFO,2024-05-21,10:58:00,2024-05-21,837.0,837.0,837.0,837.0,0,80,0
FINNIFTY21MAY2420650CE.NFO,2024-05-21,10:59:00,2024-05-21,837.0,837.0,837.0,837.0,0,80,0
FINNIFTY21MAY2420650CE.NFO,2024-05-21,11:00:00,2024-05-21,837.0,837.0,837.0,837.0,0,80,0
FINNIFTY21MAY2420650CE.NFO,2024-05-21,11:01:00,2024-05-21,837.0,837.0,837.0,837.0,0,80,0
FINNIFTY21MAY2420650CE.NFO,2024-05-21,11:02:00,2024-05-21,837.0,837.0,837.0,837.0,0,80,0
FINNIFTY21MAY2420650CE.NFO,2024-05-21,11:03:00,2024-05-21,837.0,837.0,837.0,837.0,0,80,0
FINNIFTY21MAY2420650CE.NFO,2024-05-21,11:04:00,2024-05-21,837.0,837.0,837.0,837.0,0,80,0
FINNIFTY21MAY2420650CE.NFO,2024-05-21,11:05:00,2024-05-21,837.0,837.0,837.0,837.0,0,80,0
FINNIFTY21MAY2420650CE.NFO,2024-05-21,11:06:00,2024-05-21,837.0,837.0,837.0,837.0,0,80,0
FINNIFTY21MAY2420650CE.NFO,2024-05-21,11:07:00,2024-05-21,837.0,837.0,837.0,837.0,0,80,0
FINNIFTY21MAY2420650CE.NFO,2024-05-21,11:08:00,2024-05-21,837.0,837.0,837.0,837.0,0,80,0
FINNIFTY21MAY2420650CE.NFO,2024-05-21,11:09:00,2024-05-21,837.0,837.0,837.0,837.0,0,80,0
FINNIFTY21MAY2420650CE.NFO,2024-05-21,11:10:00,2024-05-21,837.0,837.0,837.0,837.0,0,80,0
FINNIFTY21MAY2420650CE.NFO,2024-05-21,11:11:00,2024-05-21,837.0,837.0,837.0,837.0,0,80,0
FINNIFTY21MAY2420650CE.NFO,2024-05-21,11:12:00,2024-05-21,837.0,837.0,837.0,837.0,0,80,0
FINNIFTY21MAY2420650CE.NFO,2024-05-21,11:13:00,2024-05-21,837.0,837.0,837.0,837.0,0,80,0
FINNIFTY21MAY2420650CE.NFO,2024-05-21,11:14:00,2024-05-21,837.0,837.0,837.0,837.0,0,80,0
FINNIFTY21MAY2420650CE.NFO,2024-05-21,11:15:00,2024-05-21,837.0,837.0,837.0,837.0,0,80,0
FINNIFTY21MAY2420650CE.NFO,2024-05-21,11:16:00,2024-05-21,837.0,837.0,837.0,837.0,0,80,0
FINNIFTY21MAY2420650CE.NFO,2024-05-21,11:17:00,2024-05-21,837.0,837.0,837.0,837.0,0,80,0
FINNIFTY21MAY2420650CE.NFO,2024-05-21,11:18:00,2024-05-21,837.0,837.0,837.0,837.0,0,80,0
FINNIFTY21MAY2420650CE.NFO,2024-05-21,11:19:00,2024-05-21,837.0,837.0,837.0,837.0,0,80,0
FINNIFTY21MAY2420650CE.NFO,2024-05-21,11:20:00,2024-05-21,837.0,837.0,837.0,837.0,0,80,0
FINNIFTY21MAY2420650CE.NFO,2024-05-21,11:21:00,2024-05-21,837.0,837.0,837.0,837.0,0,80,0
FINNIFTY21MAY2420650CE.NFO,2024-05-21,11:22:00,2024-05-21,837.0,837.0,837.0,837.0,0,80,0
FINNIFTY21MAY2420650CE.NFO,2024-05-21,11:23:00,2024-05-21,837.0,837.0,837.0,837.0,0,80,0
FINNIFTY21MAY2420650CE.NFO,2024-05-21,11:24:00,2024-05-21,837.0,837.0,837.0,837.0,0,80,0
FINNIFTY21MAY2420650CE.NFO,2024-05-21,11:25:00,2024-05-21,837.0,837.0,837.0,837.0,0,80,0
FINNIFTY21MAY2420650CE.NFO,2024-05-21,11:26:00,2024-05-21,837.0,837.0,837.0,837.0,0,80,0
FINNIFTY21MAY2420650CE.NFO,2024-05-21,11:27:00,2024-05-21,837.0,837.0,837.0,837.0,0,80,0
FINNIFTY21MAY2420650CE.NFO,2024-05-21,11:28:00,2024-05-21,837.0,837.0,837.0,837.0,0,80,0
FINNIFTY21MAY2420650CE.NFO,2024-05-21,11:29:00,2024-05-21,837.0,837.0,837.0,837.0,0,80,0
FINNIFTY21MAY2420650CE.NFO,2024-05-21,11:30:00,2024-05-21,837.0,837.0,837.0,837.0,0,80,0
FINNIFTY21MAY2420650CE.NFO,2024-05-21,11:31:00,2024-05-21,837.0,837.0,837.0,837.0,0,80,0
FINNIFTY21MAY2420650CE.NFO,2024-05-21,11:32:00,2024-05-21,837.0,837.0,837.0,837.0,0,80,0
FINNIFTY21MAY2420650CE.NFO,2024-05-21,11:33:00,2024-05-21,837.0,837.0,837.0,837.0,0,80,0
FINNIFTY21MAY2420650CE.NFO,2024-05-21,11:34:00,2024-05-21,837.0,837.0,837.0,837.0,0,80,0
FINNIFTY21MAY2420650CE.NFO,2024-05-21,11:35:00,2024-05-21,837.0,837.0,837.0,837.0,0,80,0
FINNIFTY21MAY2420650CE.NFO,2024-05-21,11:36:00,2024-05-21,837.0,837.0,837.0,837.0,0,80,0
FINNIFTY21MAY2420650CE.NFO,2024-05-21,11:37:00,2024-05-21,837.0,837.0,837.0,837.0,0,80,0
FINNIFTY21MAY2420650CE.NFO,2024-05-21,11:38:00,2024-05-21,837.0,837.0,837.0,837.0,0,80,0
FINNIFTY21MAY2420650CE.NFO,2024-05-21,11:39:00,2024-05-21,837.0,837.0,837.0,837.0,0,80,0
FINNIFTY21MAY2420650CE.NFO,2024-05-21,11:40:00,2024-05-21,837.0,837.0,837.0,837.0,0,80,0
FINNIFTY21MAY2420650CE.NFO,2024-05-21,11:41:00,2024-05-21,837.0,837.0,837.0,837.0,0,80,0
FINNIFTY21MAY2420650CE.NFO,2024-05-21,11:42:00,2024-05-21,837.0,837.0,837.0,837.0,0,80,0
FINNIFTY21MAY2420650CE.NFO,2024-05-21,11:43:00,2024-05-21,837.0,837.0,837.0,837.0,0,80,0
FINNIFTY21MAY2420650CE.NFO,2024-05-21,11:44:00,2024-05-21,837.0,837.0,837.0,837.0,0,80,0
FINNIFTY21MAY2420650CE.NFO,2024-05-21,11:45:00,2024-05-21,837.0,837.0,837.0,837.0,0,80,0
FINNIFTY21MAY2420650CE.NFO,2024-05-21,11:46:00,2024-05-21,837.0,837.0,837.0,837.0,0,80,0
FINNIFTY21MAY2420650CE.NFO,2024-05-21,11:47:00,2024-05-21,837.0,837.0,837.0,837.0,0,80,0
FINNIFTY21MAY2420650CE.NFO,2024-05-21,11:48:00,2024-05-21,837.0,837.0,837.0,837.0,0,80,0
FINNIFTY21MAY2420650CE.NFO,2024-05-21,11:49:00,2024-05-21,837.0,837.0,837.0,837.0,0,80,0
FINNIFTY21MAY2420650CE.NFO,2024-05-21,11:50:00,2024-05-21,837.0,837.0,837.0,837.0,0,80,0
FINNIFTY21MAY2420650CE.NFO,2024-05-21,11:51:00,2024-05-21,837.0,837.0,837.0,837.0,0,80,0
FINNIFTY21MAY2420650CE.NFO,2024-05-21,11:52:00,2024-05-21,837.0,837.0,837.0,837.0,0,80,0
FINNIFTY21MAY2420650CE.NFO,2024-05-21,11:53:00,2024-05-21,837.0,837.0,837.0,837.0,0,80,0
FINNIFTY21MAY2420650CE.NFO,2024-05-21,11:54:00,2024-05-21,837.0,837.0,837.0,837.0,0,80,0
FINNIFTY21MAY2420650CE.NFO,2024-05-21,11:55:00,2024-05-21,837.0,837.0,837.0,837.0,0,80,0
FINNIFTY21MAY2420650CE.NFO,2024-05-21,11:56:00,2024-05-21,837.0,837.0,837.0,837.0,0,80,0
FINNIFTY21MAY2420650CE.NFO,2024-05-21,11:57:00,2024-05-21,837.0,837.0,837.0,837.0,0,80,0
FINNIFTY21MAY2420650CE.NFO,2024-05-21,11:58:00,2024-05-21,837.0,837.0,837.0,837.0,0,80,0
FINNIFTY21MAY2420650CE.NFO,2024-05-21,11:59:00,2024-05-21,837.0,837.0,837.0,837.0,0,80,0
FINNIFTY21MAY2420650CE.NFO,2024-05-21,12:00:00,2024-05-21,837.0,837.0,837.0,837.0,0,80,0
FINNIFTY21MAY2420650CE.NFO,2024-05-21,12:01:00,2024-05-21,837.0,837.0,837.0,837.0,0,80,0
FINNIFTY21MAY2420650CE.NFO,2024-05-21,12:02:00,2024-05-21,837.0,837.0,837.0,837.0,0,80,0
FINNIFTY21MAY2420650CE.NFO,2024-05-21,12:03:00,2024-05-21,837.0,837.0,837.0,837.0,0,80,0
FINNIFTY21MAY2420650CE.NFO,2024-05-21,12:04:00,2024-05-21,837.0,837.0,837.0,837.0,0,80,0
FINNIFTY21MAY2420650CE.NFO,2024-05-21,12:05:00,2024-05-21,837.0,837.0,837.0,837.0,0,80,0
FINNIFTY21MAY2420650CE.NFO,2024-05-21,12:06:00,2024-05-21,837.0,837.0,837.0,837.0,0,80,0
FINNIFTY21MAY2420650CE.NFO,2024-05-21,12:07:00,2024-05-21,837.0,837.0,837.0,837.0,0,80,0
FINNIFTY21MAY2420650CE.NFO,2024-05-21,12:08:00,2024-05-21,837.0,837.0,837.0,837.0,0,80,0
FINNIFTY21MAY2420650CE.NFO,2024-05-21,12:09:00,2024-05-21,837.0,837.0,837.0,837.0,0,80,0
FINNIFTY21MAY2420650CE.NFO,2024-05-21,12:10:00,2024-05-21,837.0,837.0,837.0,837.0,0,80,0
FINNIFTY21MAY2420650CE.NFO,2024-05-21,12:11:00,2024-05-21,837.0,837.0,837.0,837.0,0,80,0
FINNIFTY21MAY2420650CE.NFO,2024-05-21,12:12:00,2024-05-21,837.0,837.0,837.0,837.0,0,80,0
FINNIFTY21MAY2420650CE.NFO,2024-05-21,12:13:00,2024-05-21,837.0,837.0,837.0,837.0,0,80,0
FINNIFTY21MAY2420650CE.NFO,2024-05-21,12:14:00,2024-05-21,837.0,837.0,837.0,837.0,0,80,0
FINNIFTY21MAY2420650CE.NFO,2024-05-21,12:15:00,2024-05-21,837.0,837.0,837.0,837.0,0,80,0
FINNIFTY21MAY2420650CE.NFO,2024-05-21,12:16:00,2024-05-21,837.0,837.0,837.0,837.0,0,80,0
FINNIFTY21MAY2420650CE.NFO,2024-05-21,12:17:00,2024-05-21,837.0,837.0,837.0,837.0,0,80,0
FINNIFTY21MAY2420650CE.NFO,2024-05-21,12:18:00,2024-05-21,837.0,837.0,837.0,837.0,0,80,0
FINNIFTY21MAY2420650CE.NFO,2024-05-21,12:19:00,2024-05-21,837.0,837.0,837.0,837.0,0,80,0
FINNIFTY21MAY2420650CE.NFO,2024-05-21,12:20:00,2024-05-21,837.0,837.0,837.0,837.0,0,80,0
FINNIFTY21MAY2420650CE.NFO,2024-05-21,12:21:00,2024-05-21,837.0,837.0,837.0,837.0,0,80,0
FINNIFTY21MAY2420650CE.NFO,2024-05-21,12:22:00,2024-05-21,837.0,837.0,837.0,837.0,0,80,0
FINNIFTY21MAY2420650CE.NFO,2024-05-21,12:23:00,2024-05-21,837.0,837.0,837.0,837.0,0,80,0
FINNIFTY21MAY2420650CE.NFO,2024-05-21,12:24:00,2024-05-21,837.0,837.0,837.0,837.0,0,80,0
FINNIFTY21MAY2420650CE.NFO,2024-05-21,12:25:00,2024-05-21,837.0,837.0,837.0,837.0,0,80,0
FINNIFTY21MAY2420650CE.NFO,2024-05-21,12:26:00,2024-05-21,837.0,837.0,837.0,837.0,0,80,0
FINNIFTY21MAY2420650CE.NFO,2024-05-21,12:27:00,2024-05-21,837.0,837.0,837.0,837.0,0,80,0
FINNIFTY21MAY2420650CE.NFO,2024-05-21,12:28:00,2024-05-21,837.0,837.0,837.0,837.0,0,80,0
FINNIFTY21MAY2420650CE.NFO,2024-05-21,12:29:00,2024-05-21,837.0,837.0,837.0,837.0,0,80,0
FINNIFTY21MAY2420650CE.NFO,2024-05-21,12:30:00,2024-05-21,837.0,837.0,837.0,837.0,0,80,0
FINNIFTY21MAY2420650CE.NFO,2024-05-21,12:31:00,2024-05-21,837.0,837.0,837.0,837.0,0,80,0
FINNIFTY21MAY2420650CE.NFO,2024-05-21,12:32:00,2024-05-21,837.0,837.0,837.0,837.0,0,80,0
FINNIFTY21MAY2420650CE.NFO,2024-05-21,12:33:00,2024-05-21,837.0,837.0,837.0,837.0,0,80,0
FINNIFTY21MAY2420650CE.NFO,2024-05-21,12:34:00,2024-05-21,837.0,837.0,837.0,837.0,0,80,0
FINNIFTY21MAY2420650CE.NFO,2024-05-21,12:35:00,2024-05-21,837.0,837.0,837.0,837.0,0,80,0
FINNIFTY21MAY2420650CE.NFO,2024-05-21,12:36:00,2024-05-21,837.0,837.0,837.0,837.0,0,80,0
FINNIFTY21MAY2420650CE.NFO,2024-05-21,12:37:00,2024-05-21,837.0,837.0,837.0,837.0,0,80,0
FINNIFTY21MAY2420650CE.NFO,2024-05-21,12:38:00,2024-05-21,837.0,837.0,837.0,837.0,0,80,0
FINNIFTY21MAY2420650CE.NFO,2024-05-21,12:39:00,2024-05-21,837.0,837.0,837.0,837.0,0,80,0
FINNIFTY21MAY2420650CE.NFO,2024-05-21,12:40:00,2024-05-21,837.0,837.0,837.0,837.0,0,80,0
FINNIFTY21MAY2420650CE.NFO,2024-05-21,12:41:00,2024-05-21,837.0,837.0,837.0,837.0,0,80,0
FINNIFTY21MAY2420650CE.NFO,2024-05-21,12:42:00,2024-05-21,837.0,837.0,837.0,837.0,0,80,0
FINNIFTY21MAY2420650CE.NFO,2024-05-21,12:43:00,2024-05-21,837.0,837.0,837.0,837.0,0,80,0
FINNIFTY21MAY2420650CE.NFO,2024-05-21,12:44:00,2024-05-21,837.0,837.0,837.0,837.0,0,80,0
FINNIFTY21MAY2420650CE.NFO,2024-05-21,12:45:00,2024-05-21,837.0,837.0,837.0,837.0,0,80,0
FINNIFTY21MAY2420650CE.NFO,2024-05-21,12:46:00,2024-05-21,837.0,837.0,837.0,837.0,0,80,0
FINNIFTY21MAY2420650CE.NFO,2024-05-21,12:47:00,2024-05-21,837.0,837.0,837.0,837.0,0,80,0
FINNIFTY21MAY2420650CE.NFO,2024-05-21,12:48:00,2024-05-21,837.0,837.0,837.0,837.0,0,80,0
FINNIFTY21MAY2420650CE.NFO,2024-05-21,12:49:00,2024-05-21,837.0,837.0,837.0,837.0,0,80,0
FINNIFTY21MAY2420650CE.NFO,2024-05-21,12:50:00,2024-05-21,837.0,837.0,837.0,837.0,0,80,0
FINNIFTY21MAY2420650CE.NFO,2024-05-21,12:51:00,2024-05-21,837.0,837.0,837.0,837.0,0,80,0
FINNIFTY21MAY2420650CE.NFO,2024-05-21,12:52:00,2024-05-21,837.0,837.0,837.0,837.0,0,80,0
FINNIFTY21MAY2420650CE.NFO,2024-05-21,12:53:00,2024-05-21,837.0,837.0,837.0,837.0,0,80,0
FINNIFTY21MAY2420650CE.NFO,2024-05-21,12:54:00,2024-05-21,837.0,837.0,837.0,837.0,0,80,0
FINNIFTY21MAY2420650CE.NFO,2024-05-21,12:55:00,2024-05-21,837.0,837.0,837.0,837.0,0,80,0
FINNIFTY21MAY2420650CE.NFO,2024-05-21,12:56:00,2024-05-21,837.0,837.0,837.0,837.0,0,80,0
FINNIFTY21MAY2420650CE.NFO,2024-05-21,12:57:00,2024-05-21,837.0,837.0,837.0,837.0,0,80,0
FINNIFTY21MAY2420650CE.NFO,2024-05-21,12:58:00,2024-05-21,837.0,837.0,837.0,837.0,0,80,0
FINNIFTY21MAY2420650CE.NFO,2024-05-21,12:59:00,2024-05-21,837.0,837.0,837.0,837.0,0,80,0
FINNIFTY21MAY2420650CE.NFO,2024-05-21,13:00:00,2024-05-21,837.0,837.0,837.0,837.0,0,80,0
FINNIFTY21MAY2420650CE.NFO,2024-05-21,13:01:00,2024-05-21,837.0,837.0,837.0,837.0,0,80,0
FINNIFTY21MAY2420650CE.NFO,2024-05-21,13:02:00,2024-05-21,837.0,837.0,837.0,837.0,0,80,0
FINNIFTY21MAY2420650CE.NFO,2024-05-21,13:03:00,2024-05-21,837.0,837.0,837.0,837.0,0,80,0
FINNIFTY21MAY2420650CE.NFO,2024-05-21,13:04:00,2024-05-21,837.0,837.0,837.0,837.0,0,80,0
FINNIFTY21MAY2420650CE.NFO,2024-05-21,13:05:00,2024-05-21,837.0,837.0,837.0,837.0,0,80,0
FINNIFTY21MAY2420650CE.NFO,2024-05-21,13:06:00,2024-05-21,837.0,837.0,837.0,837.0,0,80,0
FINNIFTY21MAY2420650CE.NFO,2024-05-21,13:07:00,2024-05-21,837.0,837.0,837.0,837.0,0,80,0
FINNIFTY21MAY2420650CE.NFO,2024-05-21,13:08:00,2024-05-21,837.0,837.0,837.0,837.0,0,80,0
FINNIFTY21MAY2420650CE.NFO,2024-05-21,13:09:00,2024-05-21,837.0,837.0,837.0,837.0,0,80,0
FINNIFTY21MAY2420650CE.NFO,2024-05-21,13:10:00,2024-05-21,837.0,837.0,837.0,837.0,0,80,0
FINNIFTY21MAY2420650CE.NFO,2024-05-21,13:11:00,2024-05-21,837.0,837.0,837.0,837.0,0,80,0
FINNIFTY21MAY2420650CE.NFO,2024-05-21,13:12:00,2024-05-21,837.0,837.0,837.0,837.0,0,80,0
FINNIFTY21MAY2420650CE.NFO,2024-05-21,13:13:00,2024-05-21,837.0,837.0,837.0,837.0,0,80,0
FINNIFTY21MAY2420650CE.NFO,2024-05-21,13:14:00,2024-05-21,837.0,837.0,837.0,837.0,0,80,0
FINNIFTY21MAY2420650CE.NFO,2024-05-21,13:15:00,2024-05-21,837.0,837.0,837.0,837.0,0,80,0
FINNIFTY21MAY2420650CE.NFO,2024-05-21,13:16:00,2024-05-21,837.0,837.0,837.0,837.0,0,80,0
FINNIFTY21MAY2420650CE.NFO,2024-05-21,13:17:00,2024-05-21,837.0,837.0,837.0,837.0,0,80,0
FINNIFTY21MAY2420650CE.NFO,2024-05-21,13:18:00,2024-05-21,837.0,837.0,837.0,837.0,0,80,0
FINNIFTY21MAY2420650CE.NFO,2024-05-21,13:19:00,2024-05-21,837.0,837.0,837.0,837.0,0,80,0
FINNIFTY21MAY2420650CE.NFO,2024-05-21,13:20:00,2024-05-21,837.0,837.0,837.0,837.0,0,80,0
FINNIFTY21MAY2420650CE.NFO,2024-05-21,13:21:00,2024-05-21,837.0,837.0,837.0,837.0,0,80,0
FINNIFTY21MAY2420650CE.NFO,2024-05-21,13:22:00,2024-05-21,837.0,837.0,837.0,837.0,0,80,0
FINNIFTY21MAY2420650CE.NFO,2024-05-21,13:23:00,2024-05-21,837.0,837.0,837.0,837.0,0,80,0
FINNIFTY21MAY2420650CE.NFO,2024-05-21,13:24:00,2024-05-21,837.0,837.0,837.0,837.0,0,80,0
FINNIFTY21MAY2420650CE.NFO,2024-05-21,13:25:00,2024-05-21,837.0,837.0,837.0,837.0,0,80,0
FINNIFTY21MAY2420650CE.NFO,2024-05-21,13:26:00,2024-05-21,837.0,837.0,837.0,837.0,0,80,0
FINNIFTY21MAY2420650CE.NFO,2024-05-21,13:27:00,2024-05-21,837.0,837.0,837.0,837.0,0,80,0
FINNIFTY21MAY2420650CE.NFO,2024-05-21,13:28:00,2024-05-21,837.0,837.0,837.0,837.0,0,80,0
FINNIFTY21MAY2420650CE.NFO,2024-05-21,13:29:00,2024-05-21,837.0,837.0,837.0,837.0,0,80,0
FINNIFTY21MAY2420650CE.NFO,2024-05-21,13:30:00,2024-05-21,837.0,837.0,837.0,837.0,0,80,0
FINNIFTY21MAY2420650CE.NFO,2024-05-21,13:31:00,2024-05-21,837.0,837.0,837.0,837.0,0,80,0
FINNIFTY21MAY2420650CE.NFO,2024-05-21,13:32:00,2024-05-21,837.0,837.0,837.0,837.0,0,80,0
FINNIFTY21MAY2420650CE.NFO,2024-05-21,13:33:00,2024-05-21,837.0,837.0,837.0,837.0,0,80,0
FINNIFTY21MAY2420650CE.NFO,2024-05-21,13:34:00,2024-05-21,837.0,837.0,837.0,837.0,0,80,0
FINNIFTY21MAY2420650CE.NFO,2024-05-21,13:35:00,2024-05-21,837.0,837.0,837.0,837.0,0,80,0
FINNIFTY21MAY2420650CE.NFO,2024-05-21,13:36:00,2024-05-21,837.0,837.0,837.0,837.0,0,80,0
FINNIFTY21MAY2420650CE.NFO,2024-05-21,13:37:00,2024-05-21,837.0,837.0,837.0,837.0,0,80,0
FINNIFTY21MAY2420650CE.NFO,2024-05-21,13:38:00,2024-05-21,837.0,837.0,837.0,837.0,0,80,0
FINNIFTY21MAY2420650CE.NFO,2024-05-21,13:39:00,2024-05-21,837.0,837.0,837.0,837.0,0,80,0
FINNIFTY21MAY2420650CE.NFO,2024-05-21,13:40:00,2024-05-21,837.0,837.0,837.0,837.0,0,80,0
FINNIFTY21MAY2420650CE.NFO,2024-05-21,13:41:00,2024-05-21,837.0,837.0,837.0,837.0,0,80,0
FINNIFTY21MAY2420650CE.NFO,2024-05-21,13:42:00,2024-05-21,837.0,837.0,837.0,837.0,0,80,0
FINNIFTY21MAY2420650CE.NFO,2024-05-21,13:43:00,2024-05-21,837.0,837.0,837.0,837.0,0,80,0
FINNIFTY21MAY2420650CE.NFO,2024-05-21,13:44:00,2024-05-21,837.0,837.0,837.0,837.0,0,80,0
FINNIFTY21MAY2420650CE.NFO,2024-05-21,13:45:00,2024-05-21,837.0,837.0,837.0,837.0,0,80,0
FINNIFTY21MAY2420650CE.NFO,2024-05-21,13:46:00,2024-05-21,837.0,837.0,837.0,837.0,0,80,0
FINNIFTY21MAY2420650CE.NFO,2024-05-21,13:47:00,2024-05-21,837.0,837.0,837.0,837.0,0,80,0
FINNIFTY21MAY2420650CE.NFO,2024-05-21,13:48:00,2024-05-21,837.0,837.0,837.0,837.0,0,80,0
FINNIFTY21MAY2420650CE.NFO,2024-05-21,13:49:00,2024-05-21,837.0,837.0,837.0,837.0,0,80,0
FINNIFTY21MAY2420650CE.NFO,2024-05-21,13:50:00,2024-05-21,837.0,837.0,837.0,837.0,0,80,0
FINNIFTY21MAY2420650CE.NFO,2024-05-21,13:51:00,2024-05-21,837.0,837.0,837.0,837.0,0,80,0
FINNIFTY21MAY2420650CE.NFO,2024-05-21,13:52:00,2024-05-21,837.0,837.0,837.0,837.0,0,80,0
FINNIFTY21MAY2420650CE.NFO,2024-05-21,13:53:00,2024-05-21,837.0,837.0,837.0,837.0,0,80,0
FINNIFTY21MAY2420650CE.NFO,2024-05-21,13:54:00,2024-05-21,837.0,837.0,837.0,837.0,0,80,0
FINNIFTY21MAY2420650CE.NFO,2024-05-21,13:55:00,2024-05-21,837.0,837.0,837.0,837.0,0,80,0
FINNIFTY21MAY2420650CE.NFO,2024-05-21,13:56:00,2024-05-21,837.0,837.0,837.0,837.0,0,80,0
FINNIFTY21MAY2420650CE.NFO,2024-05-21,13:57:00,2024-05-21,837.0,837.0,837.0,837.0,0,80,0
FINNIFTY21MAY2420650CE.NFO,2024-05-21,13:58:00,2024-05-21,837.0,837.0,837.0,837.0,0,80,0
FINNIFTY21MAY2420650CE.NFO,2024-05-21,13:59:00,2024-05-21,837.0,837.0,837.0,837.0,0,80,0
FINNIFTY21MAY2420650CE.NFO,2024-05-21,14:00:00,2024-05-21,837.0,837.0,837.0,837.0,0,80,0
FINNIFTY21MAY2420650CE.NFO,2024-05-21,14:01:00,2024-05-21,837.0,837.0,837.0,837.0,0,80,0
FINNIFTY21MAY2420650CE.NFO,2024-05-21,14:02:00,2024-05-21,837.0,837.0,837.0,837.0,0,80,0
FINNIFTY21MAY2420650CE.NFO,2024-05-21,14:03:00,2024-05-21,837.0,837.0,837.0,837.0,0,80,0
FINNIFTY21MAY2420650CE.NFO,2024-05-21,14:04:00,2024-05-21,837.0,837.0,837.0,837.0,0,80,0
FINNIFTY21MAY2420650CE.NFO,2024-05-21,14:05:00,2024-05-21,837.0,837.0,837.0,837.0,0,80,0
FINNIFTY21MAY2420650CE.NFO,2024-05-21,14:06:00,2024-05-21,837.0,837.0,837.0,837.0,0,80,0
FINNIFTY21MAY2420650CE.NFO,2024-05-21,14:07:00,2024-05-21,837.0,837.0,837.0,837.0,0,80,0
FINNIFTY21MAY2420650CE.NFO,2024-05-21,14:08:00,2024-05-21,837.0,837.0,837.0,837.0,0,80,0
FINNIFTY21MAY2420650CE.NFO,2024-05-21,14:09:00,2024-05-21,837.0,837.0,837.0,837.0,0,80,0
FINNIFTY21MAY2420650CE.NFO,2024-05-21,14:10:00,2024-05-21,837.0,837.0,837.0,837.0,0,80,0
FINNIFTY21MAY2420650CE.NFO,2024-05-21,14:11:00,2024-05-21,837.0,837.0,837.0,837.0,0,80,0
FINNIFTY21MAY2420650CE.NFO,2024-05-21,14:12:00,2024-05-21,837.0,837.0,837.0,837.0,0,80,0
FINNIFTY21MAY2420650CE.NFO,2024-05-21,14:13:00,2024-05-21,837.0,837.0,837.0,837.0,0,80,0
FINNIFTY21MAY2420650CE.NFO,2024-05-21,14:14:00,2024-05-21,837.0,837.0,837.0,837.0,0,80,0
FINNIFTY21MAY2420650CE.NFO,2024-05-21,14:15:00,2024-05-21,837.0,837.0,837.0,837.0,0,80,0
FINNIFTY21MAY2420650CE.NFO,2024-05-21,14:16:00,2024-05-21,837.0,837.0,837.0,837.0,0,80,0
FINNIFTY21MAY2420650CE.NFO,2024-05-21,14:17:00,2024-05-21,837.0,837.0,837.0,837.0,0,80,0
FINNIFTY21MAY2420650CE.NFO,2024-05-21,14:18:00,2024-05-21,837.0,837.0,837.0,837.0,0,80,0
FINNIFTY21MAY2420650CE.NFO,2024-05-21,14:19:00,2024-05-21,837.0,837.0,837.0,837.0,0,80,0
FINNIFTY21MAY2420650CE.NFO,2024-05-21,14:20:00,2024-05-21,837.0,837.0,837.0,837.0,0,80,0
FINNIFTY21MAY2420650CE.NFO,2024-05-21,14:21:00,2024-05-21,837.0,837.0,837.0,837.0,0,80,0
FINNIFTY21MAY2420650CE.NFO,2024-05-21,14:22:00,2024-05-21,837.0,837.0,837.0,837.0,0,80,0
FINNIFTY21MAY2420650CE.NFO,2024-05-21,14:23:00,2024-05-21,837.0,837.0,837.0,837.0,0,80,0
FINNIFTY21MAY2420650CE.NFO,2024-05-21,14:24:00,2024-05-21,837.0,837.0,837.0,837.0,0,80,0
FINNIFTY21MAY2420650CE.NFO,2024-05-21,14:25:00,2024-05-21,837.0,837.0,837.0,837.0,0,80,0
FINNIFTY21MAY2420650CE.NFO,2024-05-21,14:26:00,2024-05-21,837.0,837.0,837.0,837.0,0,80,0
FINNIFTY21MAY2420650CE.NFO,2024-05-21,14:27:00,2024-05-21,837.0,837.0,837.0,837.0,0,80,0
FINNIFTY21MAY2420650CE.NFO,2024-05-21,14:28:00,2024-05-21,837.0,837.0,837.0,837.0,0,80,0
FINNIFTY21MAY2420650CE.NFO,2024-05-21,14:29:00,2024-05-21,837.0,837.0,837.0,837.0,0,80,0
FINNIFTY21MAY2420650CE.NFO,2024-05-21,14:30:00,2024-05-21,837.0,837.0,837.0,837.0,0,80,0
FINNIFTY21MAY2420650CE.NFO,2024-05-21,14:31:00,2024-05-21,837.0,837.0,837.0,837.0,0,80,0
FINNIFTY21MAY2420650CE.NFO,2024-05-21,14:32:00,2024-05-21,837.0,837.0,837.0,837.0,0,80,0
FINNIFTY21MAY2420650CE.NFO,2024-05-21,14:33:00,2024-05-21,837.0,837.0,837.0,837.0,0,80,0
FINNIFTY21MAY2420650CE.NFO,2024-05-21,14:34:00,2024-05-21,837.0,837.0,837.0,837.0,0,80,0
FINNIFTY21MAY2420650CE.NFO,2024-05-21,14:35:00,2024-05-21,837.0,837.0,837.0,837.0,0,80,0
FINNIFTY21MAY2420650CE.NFO,2024-05-21,14:36:00,2024-05-21,837.0,837.0,837.0,837.0,0,80,0
FINNIFTY21MAY2420650CE.NFO,2024-05-21,14:37:00,2024-05-21,837.0,837.0,837.0,837.0,0,80,0
FINNIFTY21MAY2420650CE.NFO,2024-05-21,14:38:00,2024-05-21,837.0,837.0,837.0,837.0,0,80,0
FINNIFTY21MAY2420650CE.NFO,2024-05-21,14:39:00,2024-05-21,837.0,837.0,837.0,837.0,0,80,0
FINNIFTY21MAY2420650CE.NFO,2024-05-21,14:40:00,2024-05-21,837.0,837.0,837.0,837.0,0,80,0
FINNIFTY21MAY2420650CE.NFO,2024-05-21,14:41:00,2024-05-21,837.0,837.0,837.0,837.0,0,80,0
FINNIFTY21MAY2420650CE.NFO,2024-05-21,14:42:00,2024-05-21,837.0,837.0,837.0,837.0,0,80,0
FINNIFTY21MAY2420650CE.NFO,2024-05-21,14:43:00,2024-05-21,837.0,837.0,837.0,837.0,0,80,0
FINNIFTY21MAY2420650CE.NFO,2024-05-21,14:44:00,2024-05-21,837.0,837.0,837.0,837.0,0,80,0
FINNIFTY21MAY2420650CE.NFO,2024-05-21,14:45:00,2024-05-21,837.0,837.0,837.0,837.0,0,80,0
FINNIFTY21MAY2420650CE.NFO,2024-05-21,14:46:00,2024-05-21,837.0,837.0,837.0,837.0,0,80,0
FINNIFTY21MAY2420650CE.NFO,2024-05-21,14:47:00,2024-05-21,837.0,837.0,837.0,837.0,0,80,0
FINNIFTY21MAY2420650CE.NFO,2024-05-21,14:48:00,2024-05-21,837.0,837.0,837.0,837.0,0,80,0
FINNIFTY21MAY2420650CE.NFO,2024-05-21,14:49:00,2024-05-21,837.0,837.0,837.0,837.0,0,80,0
FINNIFTY21MAY2420650CE.NFO,2024-05-21,14:50:00,2024-05-21,837.0,837.0,837.0,837.0,0,80,0
FINNIFTY21MAY2420650CE.NFO,2024-05-21,14:51:00,2024-05-21,837.0,837.0,837.0,837.0,0,80,0
FINNIFTY21MAY2420650CE.NFO,2024-05-21,14:52:00,2024-05-21,837.0,837.0,837.0,837.0,0,80,0
FINNIFTY21MAY2420650CE.NFO,2024-05-21,14:53:00,2024-05-21,837.0,837.0,837.0,837.0,0,80,0
FINNIFTY21MAY2420650CE.NFO,2024-05-21,14:54:00,2024-05-21,837.0,837.0,837.0,837.0,0,80,0
FINNIFTY21MAY2420650CE.NFO,2024-05-21,14:55:00,2024-05-21,837.0,837.0,837.0,837.0,0,80,0
FINNIFTY21MAY2420650CE.NFO,2024-05-21,14:56:00,2024-05-21,837.0,837.0,837.0,837.0,0,80,0
FINNIFTY21MAY2420650CE.NFO,2024-05-21,14:57:00,2024-05-21,837.0,837.0,837.0,837.0,0,80,0
FINNIFTY21MAY2420650CE.NFO,2024-05-21,14:58:00,2024-05-21,837.0,837.0,837.0,837.0,0,80,0
FINNIFTY21MAY2420650CE.NFO,2024-05-21,14:59:00,2024-05-21,837.0,837.0,837.0,837.0,0,80,0
FINNIFTY21MAY2420650CE.NFO,2024-05-21,15:00:00,2024-05-21,837.0,837.0,837.0,837.0,0,80,0
FINNIFTY21MAY2420650CE.NFO,2024-05-21,15:01:00,2024-05-21,837.0,837.0,837.0,837.0,0,80,0
FINNIFTY21MAY2420650CE.NFO,2024-05-21,15:02:00,2024-05-21,837.0,837.0,837.0,837.0,0,80,0
FINNIFTY21MAY2420650CE.NFO,2024-05-21,15:03:00,2024-05-21,837.0,837.0,837.0,837.0,0,80,0
FINNIFTY21MAY2420650CE.NFO,2024-05-21,15:04:00,2024-05-21,837.0,837.0,837.0,837.0,0,80,0
FINNIFTY21MAY2420650CE.NFO,2024-05-21,15:05:00,2024-05-21,837.0,837.0,837.0,837.0,0,80,0
FINNIFTY21MAY2420650CE.NFO,2024-05-21,15:06:00,2024-05-21,837.0,837.0,837.0,837.0,0,80,0
FINNIFTY21MAY2420650CE.NFO,2024-05-21,15:07:00,2024-05-21,837.0,837.0,837.0,837.0,0,80,0
FINNIFTY21MAY2420650CE.NFO,2024-05-21,15:08:00,2024-05-21,837.0,837.0,837.0,837.0,0,80,0
FINNIFTY21MAY2420650CE.NFO,2024-05-21,15:09:00,2024-05-21,837.0,837.0,837.0,837.0,0,80,0
FINNIFTY21MAY2420650CE.NFO,2024-05-21,15:10:00,2024-05-21,837.0,837.0,837.0,837.0,0,80,0
FINNIFTY21MAY2420650CE.NFO,2024-05-21,15:11:00,2024-05-21,837.0,837.0,837.0,837.0,0,80,0
FINNIFTY21MAY2420650CE.NFO,2024-05-21,15:12:00,2024-05-21,837.0,837.0,837.0,837.0,0,80,0
FINNIFTY21MAY2420650CE.NFO,2024-05-21,15:13:00,2024-05-21,837.0,837.0,837.0,837.0,0,80,0
FINNIFTY21MAY2420650CE.NFO,2024-05-21,15:14:00,2024-05-21,837.0,837.0,837.0,837.0,0,80,0
FINNIFTY21MAY2420650CE.NFO,2024-05-21,15:15:00,2024-05-21,837.0,837.0,837.0,837.0,0,80,0
FINNIFTY21MAY2420650CE.NFO,2024-05-21,15:16:00,2024-05-21,837.0,837.0,837.0,837.0,0,80,0
FINNIFTY21MAY2420650CE.NFO,2024-05-21,15:17:00,2024-05-21,837.0,837.0,837.0,837.0,0,80,0
FINNIFTY21MAY2420650CE.NFO,2024-05-21,15:18:00,2024-05-21,837.0,837.0,837.0,837.0,0,80,0
FINNIFTY21MAY2420650CE.NFO,2024-05-21,15:19:00,2024-05-21,837.0,837.0,837.0,837.0,0,80,0
FINNIFTY21MAY2420650CE.NFO,2024-05-21,15:20:00,2024-05-21,837.0,837.0,837.0,837.0,0,80,0
FINNIFTY21MAY2420650CE.NFO,2024-05-21,15:21:00,2024-05-21,837.0,837.0,837.0,837.0,0,80,0
FINNIFTY21MAY2420650CE.NFO,2024-05-21,15:22:00,2024-05-21,837.0,837.0,837.0,837.0,0,80,0
FINNIFTY21MAY2420650CE.NFO,2024-05-21,15:23:00,2024-05-21,837.0,837.0,837.0,837.0,0,80,0
FINNIFTY21MAY2420650CE.NFO,2024-05-21,15:24:00,2024-05-21,837.0,837.0,837.0,837.0,0,80,0
FINNIFTY21MAY2420650CE.NFO,2024-05-21,15:25:00,2024-05-21,837.0,837.0,837.0,837.0,0,80,0
FINNIFTY21MAY2420650CE.NFO,2024-05-21,15:26:00,2024-05-21,837.0,837.0,837.0,837.0,0,80,0
FINNIFTY21MAY2420650CE.NFO,2024-05-21,15:27:00,2024-05-21,837.0,837.0,837.0,837.0,0,80,0
FINNIFTY21MAY2420650CE.NFO,2024-05-21,15:28:00,2024-05-21,837.0,837.0,837.0,837.0,0,80,0
FINNIFTY21MAY2420650CE.NFO,2024-05-21,15:29:00,2024-05-21,837.0,837.0,837.0,837.0,0,80,0
FINNIFTY21MAY2420650CE.NFO,2024-05-21,15:30:00,2024-05-21,837.0,837.0,837.0,837.0,0,80,1
