Ticker,Date,Time,Expiry Date,Open,High,Low,Close,Volume,Open Interest,Padding Flag
FINNIFTY28NOV2317500PE.NFO,2023-11-06,09:15:00,2023-11-28,8.45,8.45,8.45,8.45,0,0,1
FINNIFTY28NOV2317500PE.NFO,2023-11-06,09:16:00,2023-11-28,8.45,8.45,8.45,8.45,0,0,1
FINNIFTY28NOV2317500PE.NFO,2023-11-06,09:17:00,2023-11-28,8.45,8.45,8.45,8.45,0,0,1
FINNIFTY28NOV2317500PE.NFO,2023-11-06,09:18:00,2023-11-28,8.45,8.45,8.45,8.45,0,0,1
FINNIFTY28NOV2317500PE.NFO,2023-11-06,09:19:00,2023-11-28,8.45,8.45,8.45,8.45,0,0,1
FINNIFTY28NOV2317500PE.NFO,2023-11-06,09:20:00,2023-11-28,8.45,8.45,8.45,8.45,0,0,1
FINNIFTY28NOV2317500PE.NFO,2023-11-06,09:21:00,2023-11-28,8.45,8.45,8.45,8.45,0,0,1
FINNIFTY28NOV2317500PE.NFO,2023-11-06,09:22:00,2023-11-28,8.45,8.45,8.45,8.45,0,0,1
FINNIFTY28NOV2317500PE.NFO,2023-11-06,09:23:00,2023-11-28,8.45,8.45,8.45,8.45,0,0,1
FINNIFTY28NOV2317500PE.NFO,2023-11-06,09:24:00,2023-11-28,8.45,8.45,8.45,8.45,0,0,1
FINNIFTY28NOV2317500PE.NFO,2023-11-06,09:25:00,2023-11-28,8.45,8.45,8.45,8.45,0,0,1
FINNIFTY28NOV2317500PE.NFO,2023-11-06,09:26:00,2023-11-28,8.45,8.45,8.45,8.45,0,0,1
FINNIFTY28NOV2317500PE.NFO,2023-11-06,09:27:00,2023-11-28,8.45,8.45,8.45,8.45,0,0,1
FINNIFTY28NOV2317500PE.NFO,2023-11-06,09:28:00,2023-11-28,8.45,8.45,8.45,8.45,0,0,1
FINNIFTY28NOV2317500PE.NFO,2023-11-06,09:29:00,2023-11-28,8.45,8.45,8.45,8.45,0,0,1
FINNIFTY28NOV2317500PE.NFO,2023-11-06,09:30:00,2023-11-28,8.45,8.45,8.45,8.45,0,0,1
FINNIFTY28NOV2317500PE.NFO,2023-11-06,09:31:00,2023-11-28,8.45,8.45,8.45,8.45,0,0,1
FINNIFTY28NOV2317500PE.NFO,2023-11-06,09:32:00,2023-11-28,8.45,8.45,8.45,8.45,0,0,1
FINNIFTY28NOV2317500PE.NFO,2023-11-06,09:33:00,2023-11-28,8.45,8.45,8.45,8.45,0,0,1
FINNIFTY28NOV2317500PE.NFO,2023-11-06,09:34:00,2023-11-28,8.45,8.45,8.45,8.45,0,0,1
FINNIFTY28NOV2317500PE.NFO,2023-11-06,09:35:00,2023-11-28,8.45,8.45,8.45,8.45,0,0,1
FINNIFTY28NOV2317500PE.NFO,2023-11-06,09:36:00,2023-11-28,8.45,8.45,8.45,8.45,0,0,1
FINNIFTY28NOV2317500PE.NFO,2023-11-06,09:37:00,2023-11-28,8.45,8.45,8.45,8.45,0,0,1
FINNIFTY28NOV2317500PE.NFO,2023-11-06,09:38:00,2023-11-28,8.45,8.45,8.45,8.45,0,0,1
FINNIFTY28NOV2317500PE.NFO,2023-11-06,09:39:00,2023-11-28,8.45,8.45,8.45,8.45,0,0,1
FINNIFTY28NOV2317500PE.NFO,2023-11-06,09:40:00,2023-11-28,8.45,8.45,8.45,8.45,0,0,1
FINNIFTY28NOV2317500PE.NFO,2023-11-06,09:41:00,2023-11-28,8.45,8.45,8.45,8.45,0,0,1
FINNIFTY28NOV2317500PE.NFO,2023-11-06,09:42:00,2023-11-28,8.45,8.45,8.45,8.45,0,0,1
FINNIFTY28NOV2317500PE.NFO,2023-11-06,09:43:00,2023-11-28,8.45,8.45,8.45,8.45,0,0,1
FINNIFTY28NOV2317500PE.NFO,2023-11-06,09:44:00,2023-11-28,8.45,8.45,8.45,8.45,0,0,1
FINNIFTY28NOV2317500PE.NFO,2023-11-06,09:45:00,2023-11-28,8.45,8.45,8.45,8.45,0,0,1
FINNIFTY28NOV2317500PE.NFO,2023-11-06,09:46:00,2023-11-28,8.45,8.45,8.45,8.45,0,0,1
FINNIFTY28NOV2317500PE.NFO,2023-11-06,09:47:00,2023-11-28,8.45,8.45,8.45,8.45,0,0,1
FINNIFTY28NOV2317500PE.NFO,2023-11-06,09:48:00,2023-11-28,8.45,8.45,8.45,8.45,0,0,1
FINNIFTY28NOV2317500PE.NFO,2023-11-06,09:49:00,2023-11-28,8.45,8.45,8.45,8.45,0,0,1
FINNIFTY28NOV2317500PE.NFO,2023-11-06,09:50:00,2023-11-28,8.45,8.45,8.45,8.45,0,0,1
FINNIFTY28NOV2317500PE.NFO,2023-11-06,09:51:00,2023-11-28,8.45,8.45,8.45,8.45,0,0,1
FINNIFTY28NOV2317500PE.NFO,2023-11-06,09:52:00,2023-11-28,8.45,8.45,8.45,8.45,0,0,1
FINNIFTY28NOV2317500PE.NFO,2023-11-06,09:53:00,2023-11-28,8.45,8.45,8.45,8.45,0,0,1
FINNIFTY28NOV2317500PE.NFO,2023-11-06,09:54:00,2023-11-28,8.45,8.45,8.45,8.45,0,0,1
FINNIFTY28NOV2317500PE.NFO,2023-11-06,09:55:00,2023-11-28,8.45,8.45,8.45,8.45,0,0,1
FINNIFTY28NOV2317500PE.NFO,2023-11-06,09:56:00,2023-11-28,8.45,8.45,8.45,8.45,0,0,1
FINNIFTY28NOV2317500PE.NFO,2023-11-06,09:57:00,2023-11-28,8.45,8.45,8.45,8.45,0,0,1
FINNIFTY28NOV2317500PE.NFO,2023-11-06,09:58:00,2023-11-28,8.45,8.45,8.45,8.45,0,0,1
FINNIFTY28NOV2317500PE.NFO,2023-11-06,09:59:00,2023-11-28,8.45,8.45,8.45,8.45,0,0,1
FINNIFTY28NOV2317500PE.NFO,2023-11-06,10:00:00,2023-11-28,8.45,8.45,8.45,8.45,0,0,1
FINNIFTY28NOV2317500PE.NFO,2023-11-06,10:01:00,2023-11-28,8.45,8.45,8.45,8.45,0,0,1
FINNIFTY28NOV2317500PE.NFO,2023-11-06,10:02:00,2023-11-28,8.45,8.45,8.45,8.45,0,0,1
FINNIFTY28NOV2317500PE.NFO,2023-11-06,10:03:00,2023-11-28,8.45,8.45,8.45,8.45,0,0,1
FINNIFTY28NOV2317500PE.NFO,2023-11-06,10:04:00,2023-11-28,8.45,8.45,8.45,8.45,0,0,1
FINNIFTY28NOV2317500PE.NFO,2023-11-06,10:05:00,2023-11-28,8.45,8.45,8.45,8.45,0,0,1
FINNIFTY28NOV2317500PE.NFO,2023-11-06,10:06:00,2023-11-28,8.45,8.45,8.45,8.45,0,0,1
FINNIFTY28NOV2317500PE.NFO,2023-11-06,10:07:00,2023-11-28,8.45,8.45,8.45,8.45,0,0,1
FINNIFTY28NOV2317500PE.NFO,2023-11-06,10:08:00,2023-11-28,8.45,8.45,8.45,8.45,0,0,1
FINNIFTY28NOV2317500PE.NFO,2023-11-06,10:09:00,2023-11-28,8.45,8.45,8.45,8.45,0,0,1
FINNIFTY28NOV2317500PE.NFO,2023-11-06,10:10:00,2023-11-28,8.45,8.45,8.45,8.45,0,0,1
FINNIFTY28NOV2317500PE.NFO,2023-11-06,10:11:00,2023-11-28,8.45,8.45,8.45,8.45,0,0,1
FINNIFTY28NOV2317500PE.NFO,2023-11-06,10:12:00,2023-11-28,8.45,8.45,8.45,8.45,0,0,1
FINNIFTY28NOV2317500PE.NFO,2023-11-06,10:13:00,2023-11-28,8.45,8.45,8.45,8.45,0,0,1
FINNIFTY28NOV2317500PE.NFO,2023-11-06,10:14:00,2023-11-28,8.45,8.45,8.45,8.45,0,0,1
FINNIFTY28NOV2317500PE.NFO,2023-11-06,10:15:00,2023-11-28,8.45,8.45,8.45,8.45,0,0,1
FINNIFTY28NOV2317500PE.NFO,2023-11-06,10:16:00,2023-11-28,8.45,8.45,8.45,8.45,0,0,1
FINNIFTY28NOV2317500PE.NFO,2023-11-06,10:17:00,2023-11-28,8.45,8.45,8.45,8.45,0,0,1
FINNIFTY28NOV2317500PE.NFO,2023-11-06,10:18:00,2023-11-28,8.45,8.45,8.45,8.45,0,0,1
FINNIFTY28NOV2317500PE.NFO,2023-11-06,10:19:00,2023-11-28,8.45,8.45,8.45,8.45,0,0,1
FINNIFTY28NOV2317500PE.NFO,2023-11-06,10:20:00,2023-11-28,8.45,8.45,8.45,8.45,0,0,1
FINNIFTY28NOV2317500PE.NFO,2023-11-06,10:21:00,2023-11-28,8.45,8.45,8.45,8.45,0,0,1
FINNIFTY28NOV2317500PE.NFO,2023-11-06,10:22:00,2023-11-28,8.45,8.45,8.45,8.45,0,0,0
FINNIFTY28NOV2317500PE.NFO,2023-11-06,10:23:00,2023-11-28,8.45,8.45,8.45,8.45,0,0,1
FINNIFTY28NOV2317500PE.NFO,2023-11-06,10:24:00,2023-11-28,8.45,8.45,8.45,8.45,0,0,1
FINNIFTY28NOV2317500PE.NFO,2023-11-06,10:25:00,2023-11-28,8.45,8.45,8.45,8.45,0,0,1
FINNIFTY28NOV2317500PE.NFO,2023-11-06,10:26:00,2023-11-28,8.45,8.45,8.45,8.45,0,0,0
FINNIFTY28NOV2317500PE.NFO,2023-11-06,10:27:00,2023-11-28,8.45,8.45,8.45,8.45,0,0,0
FINNIFTY28NOV2317500PE.NFO,2023-11-06,10:28:00,2023-11-28,8.45,8.45,8.45,8.45,0,0,0
FINNIFTY28NOV2317500PE.NFO,2023-11-06,10:29:00,2023-11-28,8.45,8.45,8.45,8.45,0,0,1
FINNIFTY28NOV2317500PE.NFO,2023-11-06,10:30:00,2023-11-28,8.45,8.45,8.45,8.45,0,0,1
FINNIFTY28NOV2317500PE.NFO,2023-11-06,10:31:00,2023-11-28,8.45,8.45,8.45,8.45,0,0,1
FINNIFTY28NOV2317500PE.NFO,2023-11-06,10:32:00,2023-11-28,8.45,8.45,8.45,8.45,0,0,0
FINNIFTY28NOV2317500PE.NFO,2023-11-06,10:33:00,2023-11-28,8.45,8.45,8.45,8.45,0,0,1
FINNIFTY28NOV2317500PE.NFO,2023-11-06,10:34:00,2023-11-28,8.45,8.45,8.45,8.45,0,0,0
FINNIFTY28NOV2317500PE.NFO,2023-11-06,10:35:00,2023-11-28,8.45,8.45,8.45,8.45,0,0,1
FINNIFTY28NOV2317500PE.NFO,2023-11-06,10:36:00,2023-11-28,8.45,8.45,8.45,8.45,0,0,1
FINNIFTY28NOV2317500PE.NFO,2023-11-06,10:37:00,2023-11-28,8.45,8.45,8.45,8.45,0,0,0
FINNIFTY28NOV2317500PE.NFO,2023-11-06,10:38:00,2023-11-28,8.45,8.45,8.45,8.45,0,0,1
FINNIFTY28NOV2317500PE.NFO,2023-11-06,10:39:00,2023-11-28,8.45,8.45,8.45,8.45,0,0,1
FINNIFTY28NOV2317500PE.NFO,2023-11-06,10:40:00,2023-11-28,8.45,8.45,8.45,8.45,0,0,1
FINNIFTY28NOV2317500PE.NFO,2023-11-06,10:41:00,2023-11-28,8.45,8.45,8.45,8.45,0,0,1
FINNIFTY28NOV2317500PE.NFO,2023-11-06,10:42:00,2023-11-28,8.45,8.45,8.45,8.45,0,0,1
FINNIFTY28NOV2317500PE.NFO,2023-11-06,10:43:00,2023-11-28,8.45,8.45,8.45,8.45,0,0,1
FINNIFTY28NOV2317500PE.NFO,2023-11-06,10:44:00,2023-11-28,8.45,8.45,8.45,8.45,0,0,1
FINNIFTY28NOV2317500PE.NFO,2023-11-06,10:45:00,2023-11-28,8.45,8.45,8.45,8.45,0,0,1
FINNIFTY28NOV2317500PE.NFO,2023-11-06,10:46:00,2023-11-28,8.45,8.45,8.45,8.45,0,0,1
FINNIFTY28NOV2317500PE.NFO,2023-11-06,10:47:00,2023-11-28,8.45,8.45,8.45,8.45,0,0,1
FINNIFTY28NOV2317500PE.NFO,2023-11-06,10:48:00,2023-11-28,8.45,8.45,8.45,8.45,0,0,1
FINNIFTY28NOV2317500PE.NFO,2023-11-06,10:49:00,2023-11-28,8.45,8.45,8.45,8.45,0,0,1
FINNIFTY28NOV2317500PE.NFO,2023-11-06,10:50:00,2023-11-28,8.45,8.45,8.45,8.45,0,0,1
FINNIFTY28NOV2317500PE.NFO,2023-11-06,10:51:00,2023-11-28,8.45,8.45,8.45,8.45,0,0,1
FINNIFTY28NOV2317500PE.NFO,2023-11-06,10:52:00,2023-11-28,8.45,8.45,8.45,8.45,0,0,0
FINNIFTY28NOV2317500PE.NFO,2023-11-06,10:53:00,2023-11-28,8.45,8.45,8.45,8.45,0,0,1
FINNIFTY28NOV2317500PE.NFO,2023-11-06,10:54:00,2023-11-28,8.45,8.45,8.45,8.45,0,0,1
FINNIFTY28NOV2317500PE.NFO,2023-11-06,10:55:00,2023-11-28,8.45,8.45,8.45,8.45,0,0,1
FINNIFTY28NOV2317500PE.NFO,2023-11-06,10:56:00,2023-11-28,8.45,8.45,8.45,8.45,0,0,1
FINNIFTY28NOV2317500PE.NFO,2023-11-06,10:57:00,2023-11-28,8.45,8.45,8.45,8.45,0,0,1
FINNIFTY28NOV2317500PE.NFO,2023-11-06,10:58:00,2023-11-28,8.45,8.45,8.45,8.45,0,0,1
FINNIFTY28NOV2317500PE.NFO,2023-11-06,10:59:00,2023-11-28,8.45,8.45,8.45,8.45,0,0,1
FINNIFTY28NOV2317500PE.NFO,2023-11-06,11:00:00,2023-11-28,8.45,8.45,8.45,8.45,0,0,1
FINNIFTY28NOV2317500PE.NFO,2023-11-06,11:01:00,2023-11-28,8.45,8.45,8.45,8.45,0,0,1
FINNIFTY28NOV2317500PE.NFO,2023-11-06,11:02:00,2023-11-28,8.45,8.45,8.45,8.45,0,0,1
FINNIFTY28NOV2317500PE.NFO,2023-11-06,11:03:00,2023-11-28,8.45,8.45,8.45,8.45,0,0,1
FINNIFTY28NOV2317500PE.NFO,2023-11-06,11:04:00,2023-11-28,8.45,8.45,8.45,8.45,0,0,1
FINNIFTY28NOV2317500PE.NFO,2023-11-06,11:05:00,2023-11-28,8.45,8.45,8.45,8.45,0,0,1
FINNIFTY28NOV2317500PE.NFO,2023-11-06,11:06:00,2023-11-28,8.45,8.45,8.45,8.45,0,0,1
FINNIFTY28NOV2317500PE.NFO,2023-11-06,11:07:00,2023-11-28,8.45,8.45,8.45,8.45,0,0,0
FINNIFTY28NOV2317500PE.NFO,2023-11-06,11:08:00,2023-11-28,8.45,8.45,8.45,8.45,0,0,1
FINNIFTY28NOV2317500PE.NFO,2023-11-06,11:09:00,2023-11-28,8.45,8.45,8.45,8.45,0,0,1
FINNIFTY28NOV2317500PE.NFO,2023-11-06,11:10:00,2023-11-28,8.45,8.45,8.45,8.45,0,0,1
FINNIFTY28NOV2317500PE.NFO,2023-11-06,11:11:00,2023-11-28,8.45,8.45,8.45,8.45,0,0,1
FINNIFTY28NOV2317500PE.NFO,2023-11-06,11:12:00,2023-11-28,8.45,8.45,8.45,8.45,0,0,1
FINNIFTY28NOV2317500PE.NFO,2023-11-06,11:13:00,2023-11-28,8.45,8.45,8.45,8.45,0,0,1
FINNIFTY28NOV2317500PE.NFO,2023-11-06,11:14:00,2023-11-28,8.45,8.45,8.45,8.45,0,0,1
FINNIFTY28NOV2317500PE.NFO,2023-11-06,11:15:00,2023-11-28,8.45,8.45,8.45,8.45,0,0,1
FINNIFTY28NOV2317500PE.NFO,2023-11-06,11:16:00,2023-11-28,8.45,8.45,8.45,8.45,0,0,1
FINNIFTY28NOV2317500PE.NFO,2023-11-06,11:17:00,2023-11-28,8.45,8.45,8.45,8.45,0,0,1
FINNIFTY28NOV2317500PE.NFO,2023-11-06,11:18:00,2023-11-28,8.45,8.45,8.45,8.45,0,0,1
FINNIFTY28NOV2317500PE.NFO,2023-11-06,11:19:00,2023-11-28,8.45,8.45,8.45,8.45,0,0,1
FINNIFTY28NOV2317500PE.NFO,2023-11-06,11:20:00,2023-11-28,8.45,8.45,8.45,8.45,0,0,1
FINNIFTY28NOV2317500PE.NFO,2023-11-06,11:21:00,2023-11-28,8.45,8.45,8.45,8.45,0,0,1
FINNIFTY28NOV2317500PE.NFO,2023-11-06,11:22:00,2023-11-28,8.45,8.45,8.45,8.45,0,0,0
FINNIFTY28NOV2317500PE.NFO,2023-11-06,11:23:00,2023-11-28,8.45,8.45,8.45,8.45,0,0,1
FINNIFTY28NOV2317500PE.NFO,2023-11-06,11:24:00,2023-11-28,8.45,8.45,8.45,8.45,0,0,1
FINNIFTY28NOV2317500PE.NFO,2023-11-06,11:25:00,2023-11-28,8.45,8.45,8.45,8.45,0,0,0
FINNIFTY28NOV2317500PE.NFO,2023-11-06,11:26:00,2023-11-28,8.45,8.45,8.45,8.45,0,0,1
FINNIFTY28NOV2317500PE.NFO,2023-11-06,11:27:00,2023-11-28,8.45,8.45,8.45,8.45,0,0,0
FINNIFTY28NOV2317500PE.NFO,2023-11-06,11:28:00,2023-11-28,8.45,8.45,8.45,8.45,0,0,1
FINNIFTY28NOV2317500PE.NFO,2023-11-06,11:29:00,2023-11-28,8.45,8.45,8.45,8.45,0,0,0
FINNIFTY28NOV2317500PE.NFO,2023-11-06,11:30:00,2023-11-28,8.45,8.45,8.45,8.45,0,0,0
FINNIFTY28NOV2317500PE.NFO,2023-11-06,11:31:00,2023-11-28,8.45,8.45,8.45,8.45,0,0,1
FINNIFTY28NOV2317500PE.NFO,2023-11-06,11:32:00,2023-11-28,8.45,8.45,8.45,8.45,0,0,1
FINNIFTY28NOV2317500PE.NFO,2023-11-06,11:33:00,2023-11-28,8.45,8.45,8.45,8.45,0,0,1
FINNIFTY28NOV2317500PE.NFO,2023-11-06,11:34:00,2023-11-28,8.45,8.45,8.45,8.45,0,0,1
FINNIFTY28NOV2317500PE.NFO,2023-11-06,11:35:00,2023-11-28,8.45,8.45,8.45,8.45,0,0,1
FINNIFTY28NOV2317500PE.NFO,2023-11-06,11:36:00,2023-11-28,8.45,8.45,8.45,8.45,0,0,1
FINNIFTY28NOV2317500PE.NFO,2023-11-06,11:37:00,2023-11-28,8.45,8.45,8.45,8.45,0,0,0
FINNIFTY28NOV2317500PE.NFO,2023-11-06,11:38:00,2023-11-28,8.45,8.45,8.45,8.45,0,0,1
FINNIFTY28NOV2317500PE.NFO,2023-11-06,11:39:00,2023-11-28,8.45,8.45,8.45,8.45,0,0,1
FINNIFTY28NOV2317500PE.NFO,2023-11-06,11:40:00,2023-11-28,8.45,8.45,8.45,8.45,0,0,1
FINNIFTY28NOV2317500PE.NFO,2023-11-06,11:41:00,2023-11-28,8.45,8.45,8.45,8.45,0,0,1
FINNIFTY28NOV2317500PE.NFO,2023-11-06,11:42:00,2023-11-28,8.45,8.45,8.45,8.45,0,0,1
FINNIFTY28NOV2317500PE.NFO,2023-11-06,11:43:00,2023-11-28,8.45,8.45,8.45,8.45,0,0,0
FINNIFTY28NOV2317500PE.NFO,2023-11-06,11:44:00,2023-11-28,8.45,8.45,8.45,8.45,0,0,1
FINNIFTY28NOV2317500PE.NFO,2023-11-06,11:45:00,2023-11-28,8.45,8.45,8.45,8.45,0,0,1
FINNIFTY28NOV2317500PE.NFO,2023-11-06,11:46:00,2023-11-28,8.45,8.45,8.45,8.45,0,0,1
FINNIFTY28NOV2317500PE.NFO,2023-11-06,11:47:00,2023-11-28,8.45,8.45,8.45,8.45,0,0,0
FINNIFTY28NOV2317500PE.NFO,2023-11-06,11:48:00,2023-11-28,8.45,8.45,8.45,8.45,0,0,0
FINNIFTY28NOV2317500PE.NFO,2023-11-06,11:49:00,2023-11-28,8.45,8.45,8.45,8.45,0,0,0
FINNIFTY28NOV2317500PE.NFO,2023-11-06,11:50:00,2023-11-28,8.45,8.45,8.45,8.45,0,0,1
FINNIFTY28NOV2317500PE.NFO,2023-11-06,11:51:00,2023-11-28,8.45,8.45,8.45,8.45,0,0,1
FINNIFTY28NOV2317500PE.NFO,2023-11-06,11:52:00,2023-11-28,8.45,8.45,8.45,8.45,0,0,0
FINNIFTY28NOV2317500PE.NFO,2023-11-06,11:53:00,2023-11-28,8.45,8.45,8.45,8.45,0,0,1
FINNIFTY28NOV2317500PE.NFO,2023-11-06,11:54:00,2023-11-28,8.45,8.45,8.45,8.45,0,0,1
FINNIFTY28NOV2317500PE.NFO,2023-11-06,11:55:00,2023-11-28,8.45,8.45,8.45,8.45,0,0,1
FINNIFTY28NOV2317500PE.NFO,2023-11-06,11:56:00,2023-11-28,8.45,8.45,8.45,8.45,0,0,1
FINNIFTY28NOV2317500PE.NFO,2023-11-06,11:57:00,2023-11-28,8.45,8.45,8.45,8.45,0,0,1
FINNIFTY28NOV2317500PE.NFO,2023-11-06,11:58:00,2023-11-28,8.45,8.45,8.45,8.45,0,0,1
FINNIFTY28NOV2317500PE.NFO,2023-11-06,11:59:00,2023-11-28,8.45,8.45,8.45,8.45,0,0,1
FINNIFTY28NOV2317500PE.NFO,2023-11-06,12:00:00,2023-11-28,8.45,8.45,8.45,8.45,0,0,1
FINNIFTY28NOV2317500PE.NFO,2023-11-06,12:01:00,2023-11-28,8.45,8.45,8.45,8.45,0,0,1
FINNIFTY28NOV2317500PE.NFO,2023-11-06,12:02:00,2023-11-28,8.45,8.45,8.45,8.45,0,0,1
FINNIFTY28NOV2317500PE.NFO,2023-11-06,12:03:00,2023-11-28,8.45,8.45,8.45,8.45,0,0,1
FINNIFTY28NOV2317500PE.NFO,2023-11-06,12:04:00,2023-11-28,8.45,8.45,8.45,8.45,0,0,1
FINNIFTY28NOV2317500PE.NFO,2023-11-06,12:05:00,2023-11-28,8.45,8.45,8.45,8.45,0,0,1
FINNIFTY28NOV2317500PE.NFO,2023-11-06,12:06:00,2023-11-28,8.45,8.45,8.45,8.45,0,0,1
FINNIFTY28NOV2317500PE.NFO,2023-11-06,12:07:00,2023-11-28,8.45,8.45,8.45,8.45,0,0,0
FINNIFTY28NOV2317500PE.NFO,2023-11-06,12:08:00,2023-11-28,8.45,8.45,8.45,8.45,0,0,1
FINNIFTY28NOV2317500PE.NFO,2023-11-06,12:09:00,2023-11-28,8.45,8.45,8.45,8.45,0,0,1
FINNIFTY28NOV2317500PE.NFO,2023-11-06,12:10:00,2023-11-28,8.45,8.45,8.45,8.45,0,0,1
FINNIFTY28NOV2317500PE.NFO,2023-11-06,12:11:00,2023-11-28,8.45,8.45,8.45,8.45,0,0,1
FINNIFTY28NOV2317500PE.NFO,2023-11-06,12:12:00,2023-11-28,8.45,8.45,8.45,8.45,0,0,1
FINNIFTY28NOV2317500PE.NFO,2023-11-06,12:13:00,2023-11-28,8.45,8.45,8.45,8.45,0,0,1
FINNIFTY28NOV2317500PE.NFO,2023-11-06,12:14:00,2023-11-28,8.45,8.45,8.45,8.45,0,0,1
FINNIFTY28NOV2317500PE.NFO,2023-11-06,12:15:00,2023-11-28,8.45,8.45,8.45,8.45,0,0,1
FINNIFTY28NOV2317500PE.NFO,2023-11-06,12:16:00,2023-11-28,8.45,8.45,8.45,8.45,0,0,1
FINNIFTY28NOV2317500PE.NFO,2023-11-06,12:17:00,2023-11-28,8.45,8.45,8.45,8.45,0,0,1
FINNIFTY28NOV2317500PE.NFO,2023-11-06,12:18:00,2023-11-28,8.45,8.45,8.45,8.45,0,0,1
FINNIFTY28NOV2317500PE.NFO,2023-11-06,12:19:00,2023-11-28,8.45,8.45,8.45,8.45,0,0,1
FINNIFTY28NOV2317500PE.NFO,2023-11-06,12:20:00,2023-11-28,8.45,8.45,8.45,8.45,0,0,1
FINNIFTY28NOV2317500PE.NFO,2023-11-06,12:21:00,2023-11-28,8.45,8.45,8.45,8.45,0,0,1
FINNIFTY28NOV2317500PE.NFO,2023-11-06,12:22:00,2023-11-28,8.45,8.45,8.45,8.45,0,0,1
FINNIFTY28NOV2317500PE.NFO,2023-11-06,12:23:00,2023-11-28,8.45,8.45,8.45,8.45,0,0,1
FINNIFTY28NOV2317500PE.NFO,2023-11-06,12:24:00,2023-11-28,8.45,8.45,8.45,8.45,0,0,0
FINNIFTY28NOV2317500PE.NFO,2023-11-06,12:25:00,2023-11-28,8.45,8.45,8.45,8.45,0,0,1
FINNIFTY28NOV2317500PE.NFO,2023-11-06,12:26:00,2023-11-28,8.45,8.45,8.45,8.45,0,0,1
FINNIFTY28NOV2317500PE.NFO,2023-11-06,12:27:00,2023-11-28,8.45,8.45,8.45,8.45,0,0,1
FINNIFTY28NOV2317500PE.NFO,2023-11-06,12:28:00,2023-11-28,8.45,8.45,8.45,8.45,0,0,1
FINNIFTY28NOV2317500PE.NFO,2023-11-06,12:29:00,2023-11-28,8.45,8.45,8.45,8.45,0,0,1
FINNIFTY28NOV2317500PE.NFO,2023-11-06,12:30:00,2023-11-28,8.45,8.45,8.45,8.45,0,0,1
FINNIFTY28NOV2317500PE.NFO,2023-11-06,12:31:00,2023-11-28,8.45,8.45,8.45,8.45,0,0,1
FINNIFTY28NOV2317500PE.NFO,2023-11-06,12:32:00,2023-11-28,8.45,8.45,8.45,8.45,0,0,1
FINNIFTY28NOV2317500PE.NFO,2023-11-06,12:33:00,2023-11-28,8.45,8.45,8.45,8.45,0,0,1
FINNIFTY28NOV2317500PE.NFO,2023-11-06,12:34:00,2023-11-28,8.45,8.45,8.45,8.45,0,0,1
FINNIFTY28NOV2317500PE.NFO,2023-11-06,12:35:00,2023-11-28,8.45,8.45,8.45,8.45,0,0,1
FINNIFTY28NOV2317500PE.NFO,2023-11-06,12:36:00,2023-11-28,8.45,8.45,8.45,8.45,0,0,1
FINNIFTY28NOV2317500PE.NFO,2023-11-06,12:37:00,2023-11-28,8.45,8.45,8.45,8.45,0,0,0
FINNIFTY28NOV2317500PE.NFO,2023-11-06,12:38:00,2023-11-28,8.45,8.45,8.45,8.45,0,0,1
FINNIFTY28NOV2317500PE.NFO,2023-11-06,12:39:00,2023-11-28,8.45,8.45,8.45,8.45,0,0,1
FINNIFTY28NOV2317500PE.NFO,2023-11-06,12:40:00,2023-11-28,8.45,8.45,8.45,8.45,0,0,1
FINNIFTY28NOV2317500PE.NFO,2023-11-06,12:41:00,2023-11-28,8.45,8.45,8.45,8.45,0,0,1
FINNIFTY28NOV2317500PE.NFO,2023-11-06,12:42:00,2023-11-28,8.45,8.45,8.45,8.45,0,0,1
FINNIFTY28NOV2317500PE.NFO,2023-11-06,12:43:00,2023-11-28,8.45,8.45,8.45,8.45,0,0,1
FINNIFTY28NOV2317500PE.NFO,2023-11-06,12:44:00,2023-11-28,8.45,8.45,8.45,8.45,0,0,1
FINNIFTY28NOV2317500PE.NFO,2023-11-06,12:45:00,2023-11-28,8.45,8.45,8.45,8.45,0,0,1
FINNIFTY28NOV2317500PE.NFO,2023-11-06,12:46:00,2023-11-28,8.45,8.45,8.45,8.45,0,0,1
FINNIFTY28NOV2317500PE.NFO,2023-11-06,12:47:00,2023-11-28,8.45,8.45,8.45,8.45,0,0,0
FINNIFTY28NOV2317500PE.NFO,2023-11-06,12:48:00,2023-11-28,8.45,8.45,8.45,8.45,0,0,1
FINNIFTY28NOV2317500PE.NFO,2023-11-06,12:49:00,2023-11-28,8.45,8.45,8.45,8.45,0,0,1
FINNIFTY28NOV2317500PE.NFO,2023-11-06,12:50:00,2023-11-28,8.45,8.45,8.45,8.45,0,0,1
FINNIFTY28NOV2317500PE.NFO,2023-11-06,12:51:00,2023-11-28,8.45,8.45,8.45,8.45,0,0,1
FINNIFTY28NOV2317500PE.NFO,2023-11-06,12:52:00,2023-11-28,8.45,8.45,8.45,8.45,0,0,1
FINNIFTY28NOV2317500PE.NFO,2023-11-06,12:53:00,2023-11-28,8.45,8.45,8.45,8.45,0,0,1
FINNIFTY28NOV2317500PE.NFO,2023-11-06,12:54:00,2023-11-28,8.45,8.45,8.45,8.45,0,0,1
FINNIFTY28NOV2317500PE.NFO,2023-11-06,12:55:00,2023-11-28,8.45,8.45,8.45,8.45,0,0,1
FINNIFTY28NOV2317500PE.NFO,2023-11-06,12:56:00,2023-11-28,8.45,8.45,8.45,8.45,0,0,1
FINNIFTY28NOV2317500PE.NFO,2023-11-06,12:57:00,2023-11-28,8.45,8.45,8.45,8.45,0,0,1
FINNIFTY28NOV2317500PE.NFO,2023-11-06,12:58:00,2023-11-28,8.45,8.45,8.45,8.45,0,0,1
FINNIFTY28NOV2317500PE.NFO,2023-11-06,12:59:00,2023-11-28,8.45,8.45,8.45,8.45,0,0,1
FINNIFTY28NOV2317500PE.NFO,2023-11-06,13:00:00,2023-11-28,8.45,8.45,8.45,8.45,0,0,1
FINNIFTY28NOV2317500PE.NFO,2023-11-06,13:01:00,2023-11-28,8.45,8.45,8.45,8.45,0,0,1
FINNIFTY28NOV2317500PE.NFO,2023-11-06,13:02:00,2023-11-28,8.45,8.45,8.45,8.45,0,0,1
FINNIFTY28NOV2317500PE.NFO,2023-11-06,13:03:00,2023-11-28,8.45,8.45,8.45,8.45,0,0,1
FINNIFTY28NOV2317500PE.NFO,2023-11-06,13:04:00,2023-11-28,8.45,8.45,8.45,8.45,0,0,1
FINNIFTY28NOV2317500PE.NFO,2023-11-06,13:05:00,2023-11-28,8.45,8.45,8.45,8.45,0,0,1
FINNIFTY28NOV2317500PE.NFO,2023-11-06,13:06:00,2023-11-28,8.45,8.45,8.45,8.45,0,0,1
FINNIFTY28NOV2317500PE.NFO,2023-11-06,13:07:00,2023-11-28,8.45,8.45,8.45,8.45,0,0,0
FINNIFTY28NOV2317500PE.NFO,2023-11-06,13:08:00,2023-11-28,8.45,8.45,8.45,8.45,0,0,1
FINNIFTY28NOV2317500PE.NFO,2023-11-06,13:09:00,2023-11-28,8.45,8.45,8.45,8.45,0,0,1
FINNIFTY28NOV2317500PE.NFO,2023-11-06,13:10:00,2023-11-28,8.45,8.45,8.45,8.45,0,0,1
FINNIFTY28NOV2317500PE.NFO,2023-11-06,13:11:00,2023-11-28,8.45,8.45,8.45,8.45,0,0,1
FINNIFTY28NOV2317500PE.NFO,2023-11-06,13:12:00,2023-11-28,8.45,8.45,8.45,8.45,0,0,1
FINNIFTY28NOV2317500PE.NFO,2023-11-06,13:13:00,2023-11-28,8.45,8.45,8.45,8.45,0,0,1
FINNIFTY28NOV2317500PE.NFO,2023-11-06,13:14:00,2023-11-28,8.45,8.45,8.45,8.45,0,0,1
FINNIFTY28NOV2317500PE.NFO,2023-11-06,13:15:00,2023-11-28,8.45,8.45,8.45,8.45,0,0,1
FINNIFTY28NOV2317500PE.NFO,2023-11-06,13:16:00,2023-11-28,8.45,8.45,8.45,8.45,0,0,1
FINNIFTY28NOV2317500PE.NFO,2023-11-06,13:17:00,2023-11-28,8.45,8.45,8.45,8.45,0,0,1
FINNIFTY28NOV2317500PE.NFO,2023-11-06,13:18:00,2023-11-28,8.45,8.45,8.45,8.45,0,0,1
FINNIFTY28NOV2317500PE.NFO,2023-11-06,13:19:00,2023-11-28,8.45,8.45,8.45,8.45,0,0,1
FINNIFTY28NOV2317500PE.NFO,2023-11-06,13:20:00,2023-11-28,8.45,8.45,8.45,8.45,0,0,1
FINNIFTY28NOV2317500PE.NFO,2023-11-06,13:21:00,2023-11-28,8.45,8.45,8.45,8.45,0,0,1
FINNIFTY28NOV2317500PE.NFO,2023-11-06,13:22:00,2023-11-28,8.45,8.45,8.45,8.45,0,0,0
FINNIFTY28NOV2317500PE.NFO,2023-11-06,13:23:00,2023-11-28,8.45,8.45,8.45,8.45,0,0,1
FINNIFTY28NOV2317500PE.NFO,2023-11-06,13:24:00,2023-11-28,8.45,8.45,8.45,8.45,0,0,1
FINNIFTY28NOV2317500PE.NFO,2023-11-06,13:25:00,2023-11-28,8.45,8.45,8.45,8.45,0,0,1
FINNIFTY28NOV2317500PE.NFO,2023-11-06,13:26:00,2023-11-28,8.45,8.45,8.45,8.45,0,0,1
FINNIFTY28NOV2317500PE.NFO,2023-11-06,13:27:00,2023-11-28,8.45,8.45,8.45,8.45,0,0,1
FINNIFTY28NOV2317500PE.NFO,2023-11-06,13:28:00,2023-11-28,8.45,8.45,8.45,8.45,0,0,1
FINNIFTY28NOV2317500PE.NFO,2023-11-06,13:29:00,2023-11-28,8.45,8.45,8.45,8.45,0,0,1
FINNIFTY28NOV2317500PE.NFO,2023-11-06,13:30:00,2023-11-28,8.45,8.45,8.45,8.45,0,0,1
FINNIFTY28NOV2317500PE.NFO,2023-11-06,13:31:00,2023-11-28,8.45,8.45,8.45,8.45,0,0,1
FINNIFTY28NOV2317500PE.NFO,2023-11-06,13:32:00,2023-11-28,8.45,8.45,8.45,8.45,0,0,1
FINNIFTY28NOV2317500PE.NFO,2023-11-06,13:33:00,2023-11-28,8.45,8.45,8.45,8.45,0,0,1
FINNIFTY28NOV2317500PE.NFO,2023-11-06,13:34:00,2023-11-28,8.45,8.45,8.45,8.45,0,0,1
FINNIFTY28NOV2317500PE.NFO,2023-11-06,13:35:00,2023-11-28,8.45,8.45,8.45,8.45,0,0,1
FINNIFTY28NOV2317500PE.NFO,2023-11-06,13:36:00,2023-11-28,8.45,8.45,8.45,8.45,0,0,1
FINNIFTY28NOV2317500PE.NFO,2023-11-06,13:37:00,2023-11-28,8.45,8.45,8.45,8.45,0,0,0
FINNIFTY28NOV2317500PE.NFO,2023-11-06,13:38:00,2023-11-28,8.45,8.45,8.45,8.45,0,0,1
FINNIFTY28NOV2317500PE.NFO,2023-11-06,13:39:00,2023-11-28,8.45,8.45,8.45,8.45,0,0,1
FINNIFTY28NOV2317500PE.NFO,2023-11-06,13:40:00,2023-11-28,8.45,8.45,8.45,8.45,0,0,1
FINNIFTY28NOV2317500PE.NFO,2023-11-06,13:41:00,2023-11-28,8.45,8.45,8.45,8.45,0,0,1
FINNIFTY28NOV2317500PE.NFO,2023-11-06,13:42:00,2023-11-28,8.45,8.45,8.45,8.45,0,0,1
FINNIFTY28NOV2317500PE.NFO,2023-11-06,13:43:00,2023-11-28,8.45,8.45,8.45,8.45,0,0,1
FINNIFTY28NOV2317500PE.NFO,2023-11-06,13:44:00,2023-11-28,8.45,8.45,8.45,8.45,0,0,1
FINNIFTY28NOV2317500PE.NFO,2023-11-06,13:45:00,2023-11-28,8.45,8.45,8.45,8.45,0,0,1
FINNIFTY28NOV2317500PE.NFO,2023-11-06,13:46:00,2023-11-28,8.45,8.45,8.45,8.45,0,0,1
FINNIFTY28NOV2317500PE.NFO,2023-11-06,13:47:00,2023-11-28,8.45,8.45,8.45,8.45,0,0,1
FINNIFTY28NOV2317500PE.NFO,2023-11-06,13:48:00,2023-11-28,8.45,8.45,8.45,8.45,0,0,1
FINNIFTY28NOV2317500PE.NFO,2023-11-06,13:49:00,2023-11-28,8.45,8.45,8.45,8.45,0,0,1
FINNIFTY28NOV2317500PE.NFO,2023-11-06,13:50:00,2023-11-28,8.45,8.45,8.45,8.45,0,0,1
FINNIFTY28NOV2317500PE.NFO,2023-11-06,13:51:00,2023-11-28,8.45,8.45,8.45,8.45,0,0,1
FINNIFTY28NOV2317500PE.NFO,2023-11-06,13:52:00,2023-11-28,8.45,8.45,8.45,8.45,0,0,0
FINNIFTY28NOV2317500PE.NFO,2023-11-06,13:53:00,2023-11-28,8.45,8.45,8.45,8.45,0,0,1
FINNIFTY28NOV2317500PE.NFO,2023-11-06,13:54:00,2023-11-28,8.45,8.45,8.45,8.45,0,0,1
FINNIFTY28NOV2317500PE.NFO,2023-11-06,13:55:00,2023-11-28,8.45,8.45,8.45,8.45,0,0,1
FINNIFTY28NOV2317500PE.NFO,2023-11-06,13:56:00,2023-11-28,8.45,8.45,8.45,8.45,0,0,1
FINNIFTY28NOV2317500PE.NFO,2023-11-06,13:57:00,2023-11-28,8.45,8.45,8.45,8.45,0,0,1
FINNIFTY28NOV2317500PE.NFO,2023-11-06,13:58:00,2023-11-28,8.45,8.45,8.45,8.45,0,0,1
FINNIFTY28NOV2317500PE.NFO,2023-11-06,13:59:00,2023-11-28,8.45,8.45,8.45,8.45,0,0,1
FINNIFTY28NOV2317500PE.NFO,2023-11-06,14:00:00,2023-11-28,8.45,8.45,8.45,8.45,0,0,1
FINNIFTY28NOV2317500PE.NFO,2023-11-06,14:01:00,2023-11-28,8.45,8.45,8.45,8.45,0,0,1
FINNIFTY28NOV2317500PE.NFO,2023-11-06,14:02:00,2023-11-28,8.45,8.45,8.45,8.45,0,0,1
FINNIFTY28NOV2317500PE.NFO,2023-11-06,14:03:00,2023-11-28,8.45,8.45,8.45,8.45,0,0,1
FINNIFTY28NOV2317500PE.NFO,2023-11-06,14:04:00,2023-11-28,8.45,8.45,8.45,8.45,0,0,1
FINNIFTY28NOV2317500PE.NFO,2023-11-06,14:05:00,2023-11-28,8.45,8.45,8.45,8.45,0,0,1
FINNIFTY28NOV2317500PE.NFO,2023-11-06,14:06:00,2023-11-28,8.45,8.45,8.45,8.45,0,0,1
FINNIFTY28NOV2317500PE.NFO,2023-11-06,14:07:00,2023-11-28,8.45,8.45,8.45,8.45,0,0,0
FINNIFTY28NOV2317500PE.NFO,2023-11-06,14:08:00,2023-11-28,8.45,8.45,8.45,8.45,0,0,1
FINNIFTY28NOV2317500PE.NFO,2023-11-06,14:09:00,2023-11-28,8.45,8.45,8.45,8.45,0,0,1
FINNIFTY28NOV2317500PE.NFO,2023-11-06,14:10:00,2023-11-28,8.45,8.45,8.45,8.45,0,0,1
FINNIFTY28NOV2317500PE.NFO,2023-11-06,14:11:00,2023-11-28,8.45,8.45,8.45,8.45,0,0,1
FINNIFTY28NOV2317500PE.NFO,2023-11-06,14:12:00,2023-11-28,8.45,8.45,8.45,8.45,0,0,1
FINNIFTY28NOV2317500PE.NFO,2023-11-06,14:13:00,2023-11-28,8.45,8.45,8.45,8.45,0,0,1
FINNIFTY28NOV2317500PE.NFO,2023-11-06,14:14:00,2023-11-28,8.45,8.45,8.45,8.45,0,0,1
FINNIFTY28NOV2317500PE.NFO,2023-11-06,14:15:00,2023-11-28,8.45,8.45,8.45,8.45,0,0,1
FINNIFTY28NOV2317500PE.NFO,2023-11-06,14:16:00,2023-11-28,8.45,8.45,8.45,8.45,0,0,1
FINNIFTY28NOV2317500PE.NFO,2023-11-06,14:17:00,2023-11-28,8.45,8.45,8.45,8.45,0,0,1
FINNIFTY28NOV2317500PE.NFO,2023-11-06,14:18:00,2023-11-28,8.45,8.45,8.45,8.45,0,0,1
FINNIFTY28NOV2317500PE.NFO,2023-11-06,14:19:00,2023-11-28,8.45,8.45,8.45,8.45,0,0,1
FINNIFTY28NOV2317500PE.NFO,2023-11-06,14:20:00,2023-11-28,8.45,8.45,8.45,8.45,0,0,0
FINNIFTY28NOV2317500PE.NFO,2023-11-06,14:21:00,2023-11-28,8.45,8.45,8.45,8.45,0,0,1
FINNIFTY28NOV2317500PE.NFO,2023-11-06,14:22:00,2023-11-28,8.45,8.45,8.45,8.45,0,0,0
FINNIFTY28NOV2317500PE.NFO,2023-11-06,14:23:00,2023-11-28,8.45,8.45,8.45,8.45,0,0,1
FINNIFTY28NOV2317500PE.NFO,2023-11-06,14:24:00,2023-11-28,8.45,8.45,8.45,8.45,0,0,1
FINNIFTY28NOV2317500PE.NFO,2023-11-06,14:25:00,2023-11-28,8.45,8.45,8.45,8.45,0,0,1
FINNIFTY28NOV2317500PE.NFO,2023-11-06,14:26:00,2023-11-28,8.45,8.45,8.45,8.45,0,0,1
FINNIFTY28NOV2317500PE.NFO,2023-11-06,14:27:00,2023-11-28,8.45,8.45,8.45,8.45,0,0,1
FINNIFTY28NOV2317500PE.NFO,2023-11-06,14:28:00,2023-11-28,8.45,8.45,8.45,8.45,0,0,1
FINNIFTY28NOV2317500PE.NFO,2023-11-06,14:29:00,2023-11-28,8.45,8.45,8.45,8.45,0,0,1
FINNIFTY28NOV2317500PE.NFO,2023-11-06,14:30:00,2023-11-28,8.45,8.45,8.45,8.45,0,0,1
FINNIFTY28NOV2317500PE.NFO,2023-11-06,14:31:00,2023-11-28,8.45,8.45,8.45,8.45,0,0,1
FINNIFTY28NOV2317500PE.NFO,2023-11-06,14:32:00,2023-11-28,8.45,8.45,8.45,8.45,0,0,1
FINNIFTY28NOV2317500PE.NFO,2023-11-06,14:33:00,2023-11-28,8.45,8.45,8.45,8.45,0,0,1
FINNIFTY28NOV2317500PE.NFO,2023-11-06,14:34:00,2023-11-28,8.45,8.45,8.45,8.45,0,0,1
FINNIFTY28NOV2317500PE.NFO,2023-11-06,14:35:00,2023-11-28,8.45,8.45,8.45,8.45,0,0,1
FINNIFTY28NOV2317500PE.NFO,2023-11-06,14:36:00,2023-11-28,8.45,8.45,8.45,8.45,0,0,1
FINNIFTY28NOV2317500PE.NFO,2023-11-06,14:37:00,2023-11-28,8.45,8.45,8.45,8.45,0,0,0
FINNIFTY28NOV2317500PE.NFO,2023-11-06,14:38:00,2023-11-28,8.45,8.45,8.45,8.45,0,0,1
FINNIFTY28NOV2317500PE.NFO,2023-11-06,14:39:00,2023-11-28,8.45,8.45,8.45,8.45,0,0,1
FINNIFTY28NOV2317500PE.NFO,2023-11-06,14:40:00,2023-11-28,8.45,8.45,8.45,8.45,0,0,1
FINNIFTY28NOV2317500PE.NFO,2023-11-06,14:41:00,2023-11-28,8.45,8.45,8.45,8.45,0,0,0
FINNIFTY28NOV2317500PE.NFO,2023-11-06,14:42:00,2023-11-28,8.45,8.45,8.45,8.45,0,0,1
FINNIFTY28NOV2317500PE.NFO,2023-11-06,14:43:00,2023-11-28,8.45,8.45,8.45,8.45,0,0,1
FINNIFTY28NOV2317500PE.NFO,2023-11-06,14:44:00,2023-11-28,8.45,8.45,8.45,8.45,0,0,1
FINNIFTY28NOV2317500PE.NFO,2023-11-06,14:45:00,2023-11-28,8.45,8.45,8.45,8.45,0,0,0
FINNIFTY28NOV2317500PE.NFO,2023-11-06,14:46:00,2023-11-28,8.45,8.45,8.45,8.45,0,0,1
FINNIFTY28NOV2317500PE.NFO,2023-11-06,14:47:00,2023-11-28,8.45,8.45,8.45,8.45,0,0,1
FINNIFTY28NOV2317500PE.NFO,2023-11-06,14:48:00,2023-11-28,8.45,8.45,8.45,8.45,0,0,1
FINNIFTY28NOV2317500PE.NFO,2023-11-06,14:49:00,2023-11-28,8.45,8.45,8.45,8.45,0,0,1
FINNIFTY28NOV2317500PE.NFO,2023-11-06,14:50:00,2023-11-28,8.45,8.45,8.45,8.45,0,0,1
FINNIFTY28NOV2317500PE.NFO,2023-11-06,14:51:00,2023-11-28,8.45,8.45,8.45,8.45,0,0,1
FINNIFTY28NOV2317500PE.NFO,2023-11-06,14:52:00,2023-11-28,8.45,8.45,8.45,8.45,0,0,0
FINNIFTY28NOV2317500PE.NFO,2023-11-06,14:53:00,2023-11-28,8.45,8.45,8.45,8.45,0,0,1
FINNIFTY28NOV2317500PE.NFO,2023-11-06,14:54:00,2023-11-28,8.45,8.45,8.45,8.45,0,0,1
FINNIFTY28NOV2317500PE.NFO,2023-11-06,14:55:00,2023-11-28,8.45,8.45,8.45,8.45,0,0,1
FINNIFTY28NOV2317500PE.NFO,2023-11-06,14:56:00,2023-11-28,8.45,8.45,8.45,8.45,0,0,1
FINNIFTY28NOV2317500PE.NFO,2023-11-06,14:57:00,2023-11-28,8.45,8.45,8.45,8.45,0,0,1
FINNIFTY28NOV2317500PE.NFO,2023-11-06,14:58:00,2023-11-28,8.45,8.45,8.45,8.45,0,0,1
FINNIFTY28NOV2317500PE.NFO,2023-11-06,14:59:00,2023-11-28,8.45,8.45,8.45,8.45,0,0,1
FINNIFTY28NOV2317500PE.NFO,2023-11-06,15:00:00,2023-11-28,8.45,8.45,8.45,8.45,0,0,1
FINNIFTY28NOV2317500PE.NFO,2023-11-06,15:01:00,2023-11-28,8.45,8.45,8.45,8.45,0,0,1
FINNIFTY28NOV2317500PE.NFO,2023-11-06,15:02:00,2023-11-28,8.45,8.45,8.45,8.45,0,0,1
FINNIFTY28NOV2317500PE.NFO,2023-11-06,15:03:00,2023-11-28,8.45,8.45,8.45,8.45,0,0,1
FINNIFTY28NOV2317500PE.NFO,2023-11-06,15:04:00,2023-11-28,8.45,8.45,8.45,8.45,0,0,1
FINNIFTY28NOV2317500PE.NFO,2023-11-06,15:05:00,2023-11-28,8.45,8.45,8.45,8.45,0,0,1
FINNIFTY28NOV2317500PE.NFO,2023-11-06,15:06:00,2023-11-28,8.45,8.45,8.45,8.45,0,0,1
FINNIFTY28NOV2317500PE.NFO,2023-11-06,15:07:00,2023-11-28,8.45,8.45,8.45,8.45,0,0,0
FINNIFTY28NOV2317500PE.NFO,2023-11-06,15:08:00,2023-11-28,8.45,8.45,8.45,8.45,0,0,0
FINNIFTY28NOV2317500PE.NFO,2023-11-06,15:09:00,2023-11-28,8.45,8.45,8.45,8.45,0,0,1
FINNIFTY28NOV2317500PE.NFO,2023-11-06,15:10:00,2023-11-28,8.45,8.45,8.45,8.45,0,0,1
FINNIFTY28NOV2317500PE.NFO,2023-11-06,15:11:00,2023-11-28,8.45,8.45,8.45,8.45,0,0,0
FINNIFTY28NOV2317500PE.NFO,2023-11-06,15:12:00,2023-11-28,8.45,8.45,8.45,8.45,0,0,1
FINNIFTY28NOV2317500PE.NFO,2023-11-06,15:13:00,2023-11-28,8.45,8.45,8.45,8.45,0,0,1
FINNIFTY28NOV2317500PE.NFO,2023-11-06,15:14:00,2023-11-28,8.45,8.45,8.45,8.45,0,0,1
FINNIFTY28NOV2317500PE.NFO,2023-11-06,15:15:00,2023-11-28,8.45,8.45,8.45,8.45,0,0,1
FINNIFTY28NOV2317500PE.NFO,2023-11-06,15:16:00,2023-11-28,8.45,8.45,8.45,8.45,0,0,1
FINNIFTY28NOV2317500PE.NFO,2023-11-06,15:17:00,2023-11-28,8.45,8.45,8.45,8.45,0,0,1
FINNIFTY28NOV2317500PE.NFO,2023-11-06,15:18:00,2023-11-28,8.45,8.45,8.45,8.45,0,0,1
FINNIFTY28NOV2317500PE.NFO,2023-11-06,15:19:00,2023-11-28,8.45,8.45,8.45,8.45,0,0,0
FINNIFTY28NOV2317500PE.NFO,2023-11-06,15:20:00,2023-11-28,8.45,8.45,8.45,8.45,0,0,1
FINNIFTY28NOV2317500PE.NFO,2023-11-06,15:21:00,2023-11-28,8.45,8.45,8.45,8.45,0,0,1
FINNIFTY28NOV2317500PE.NFO,2023-11-06,15:22:00,2023-11-28,8.45,8.45,8.45,8.45,0,0,0
FINNIFTY28NOV2317500PE.NFO,2023-11-06,15:23:00,2023-11-28,8.45,8.45,8.45,8.45,0,0,1
FINNIFTY28NOV2317500PE.NFO,2023-11-06,15:24:00,2023-11-28,8.45,8.45,8.45,8.45,0,0,1
FINNIFTY28NOV2317500PE.NFO,2023-11-06,15:25:00,2023-11-28,8.45,8.45,8.45,8.45,0,0,1
FINNIFTY28NOV2317500PE.NFO,2023-11-06,15:26:00,2023-11-28,8.45,8.45,8.45,8.45,0,0,1
FINNIFTY28NOV2317500PE.NFO,2023-11-06,15:27:00,2023-11-28,8.45,8.45,8.45,8.45,0,0,1
FINNIFTY28NOV2317500PE.NFO,2023-11-06,15:28:00,2023-11-28,8.45,8.45,8.45,8.45,0,0,1
FINNIFTY28NOV2317500PE.NFO,2023-11-06,15:29:00,2023-11-28,8.45,8.45,8.45,8.45,0,0,1
FINNIFTY28NOV2317500PE.NFO,2023-11-06,15:30:00,2023-11-28,8.45,8.45,8.45,8.45,0,0,1
FINNIFTY28NOV2317500PE.NFO,2023-11-07,09:15:00,2023-11-28,8.45,8.45,8.45,8.45,0,0,0
FINNIFTY28NOV2317500PE.NFO,2023-11-07,09:16:00,2023-11-28,8.45,8.45,8.45,8.45,0,0,1
FINNIFTY28NOV2317500PE.NFO,2023-11-07,09:17:00,2023-11-28,8.45,8.45,8.45,8.45,0,0,1
FINNIFTY28NOV2317500PE.NFO,2023-11-07,09:18:00,2023-11-28,8.45,8.45,8.45,8.45,0,0,1
FINNIFTY28NOV2317500PE.NFO,2023-11-07,09:19:00,2023-11-28,8.45,8.45,8.45,8.45,0,0,1
FINNIFTY28NOV2317500PE.NFO,2023-11-07,09:20:00,2023-11-28,8.45,8.45,8.45,8.45,0,0,1
FINNIFTY28NOV2317500PE.NFO,2023-11-07,09:21:00,2023-11-28,8.45,8.45,8.45,8.45,0,0,1
FINNIFTY28NOV2317500PE.NFO,2023-11-07,09:22:00,2023-11-28,8.45,8.45,8.45,8.45,0,0,1
FINNIFTY28NOV2317500PE.NFO,2023-11-07,09:23:00,2023-11-28,8.45,8.45,8.45,8.45,0,0,1
FINNIFTY28NOV2317500PE.NFO,2023-11-07,09:24:00,2023-11-28,8.45,8.45,8.45,8.45,0,0,1
FINNIFTY28NOV2317500PE.NFO,2023-11-07,09:25:00,2023-11-28,8.45,8.45,8.45,8.45,0,0,1
FINNIFTY28NOV2317500PE.NFO,2023-11-07,09:26:00,2023-11-28,8.45,8.45,8.45,8.45,0,0,1
FINNIFTY28NOV2317500PE.NFO,2023-11-07,09:27:00,2023-11-28,8.45,8.45,8.45,8.45,0,0,1
FINNIFTY28NOV2317500PE.NFO,2023-11-07,09:28:00,2023-11-28,8.45,8.45,8.45,8.45,0,0,1
FINNIFTY28NOV2317500PE.NFO,2023-11-07,09:29:00,2023-11-28,8.45,8.45,8.45,8.45,0,0,1
FINNIFTY28NOV2317500PE.NFO,2023-11-07,09:30:00,2023-11-28,8.45,8.45,8.45,8.45,0,0,1
FINNIFTY28NOV2317500PE.NFO,2023-11-07,09:31:00,2023-11-28,8.45,8.45,8.45,8.45,0,0,1
FINNIFTY28NOV2317500PE.NFO,2023-11-07,09:32:00,2023-11-28,8.45,8.45,8.45,8.45,0,0,1
FINNIFTY28NOV2317500PE.NFO,2023-11-07,09:33:00,2023-11-28,8.45,8.45,8.45,8.45,0,0,1
FINNIFTY28NOV2317500PE.NFO,2023-11-07,09:34:00,2023-11-28,8.45,8.45,8.45,8.45,0,0,1
FINNIFTY28NOV2317500PE.NFO,2023-11-07,09:35:00,2023-11-28,8.45,8.45,8.45,8.45,0,0,1
FINNIFTY28NOV2317500PE.NFO,2023-11-07,09:36:00,2023-11-28,8.45,8.45,8.45,8.45,0,0,1
FINNIFTY28NOV2317500PE.NFO,2023-11-07,09:37:00,2023-11-28,8.45,8.45,8.45,8.45,0,0,1
FINNIFTY28NOV2317500PE.NFO,2023-11-07,09:38:00,2023-11-28,8.45,8.45,8.45,8.45,0,0,1
FINNIFTY28NOV2317500PE.NFO,2023-11-07,09:39:00,2023-11-28,8.45,8.45,8.45,8.45,0,0,1
FINNIFTY28NOV2317500PE.NFO,2023-11-07,09:40:00,2023-11-28,8.45,8.45,8.45,8.45,0,0,1
FINNIFTY28NOV2317500PE.NFO,2023-11-07,09:41:00,2023-11-28,8.45,8.45,8.45,8.45,0,0,1
FINNIFTY28NOV2317500PE.NFO,2023-11-07,09:42:00,2023-11-28,8.45,8.45,8.45,8.45,0,0,1
FINNIFTY28NOV2317500PE.NFO,2023-11-07,09:43:00,2023-11-28,8.45,8.45,8.45,8.45,0,0,1
FINNIFTY28NOV2317500PE.NFO,2023-11-07,09:44:00,2023-11-28,8.45,8.45,8.45,8.45,0,0,1
FINNIFTY28NOV2317500PE.NFO,2023-11-07,09:45:00,2023-11-28,8.45,8.45,8.45,8.45,0,0,1
FINNIFTY28NOV2317500PE.NFO,2023-11-07,09:46:00,2023-11-28,8.45,8.45,8.45,8.45,0,0,1
FINNIFTY28NOV2317500PE.NFO,2023-11-07,09:47:00,2023-11-28,8.45,8.45,8.45,8.45,0,0,1
FINNIFTY28NOV2317500PE.NFO,2023-11-07,09:48:00,2023-11-28,8.45,8.45,8.45,8.45,0,0,1
FINNIFTY28NOV2317500PE.NFO,2023-11-07,09:49:00,2023-11-28,8.45,8.45,8.45,8.45,0,0,1
FINNIFTY28NOV2317500PE.NFO,2023-11-07,09:50:00,2023-11-28,8.45,8.45,8.45,8.45,0,0,1
FINNIFTY28NOV2317500PE.NFO,2023-11-07,09:51:00,2023-11-28,8.45,8.45,8.45,8.45,0,0,1
FINNIFTY28NOV2317500PE.NFO,2023-11-07,09:52:00,2023-11-28,8.45,8.45,8.45,8.45,0,0,1
FINNIFTY28NOV2317500PE.NFO,2023-11-07,09:53:00,2023-11-28,8.45,8.45,8.45,8.45,0,0,1
FINNIFTY28NOV2317500PE.NFO,2023-11-07,09:54:00,2023-11-28,8.45,8.45,8.45,8.45,0,0,1
FINNIFTY28NOV2317500PE.NFO,2023-11-07,09:55:00,2023-11-28,8.45,8.45,8.45,8.45,0,0,1
FINNIFTY28NOV2317500PE.NFO,2023-11-07,09:56:00,2023-11-28,8.45,8.45,8.45,8.45,0,0,1
FINNIFTY28NOV2317500PE.NFO,2023-11-07,09:57:00,2023-11-28,8.45,8.45,8.45,8.45,0,0,1
FINNIFTY28NOV2317500PE.NFO,2023-11-07,09:58:00,2023-11-28,8.45,8.45,8.45,8.45,0,0,1
FINNIFTY28NOV2317500PE.NFO,2023-11-07,09:59:00,2023-11-28,8.45,8.45,8.45,8.45,0,0,1
FINNIFTY28NOV2317500PE.NFO,2023-11-07,10:00:00,2023-11-28,8.45,8.45,8.45,8.45,0,0,1
FINNIFTY28NOV2317500PE.NFO,2023-11-07,10:01:00,2023-11-28,8.45,8.45,8.45,8.45,0,0,1
FINNIFTY28NOV2317500PE.NFO,2023-11-07,10:02:00,2023-11-28,8.45,8.45,8.45,8.45,0,0,1
FINNIFTY28NOV2317500PE.NFO,2023-11-07,10:03:00,2023-11-28,8.45,8.45,8.45,8.45,0,0,1
FINNIFTY28NOV2317500PE.NFO,2023-11-07,10:04:00,2023-11-28,8.45,8.45,8.45,8.45,0,0,1
FINNIFTY28NOV2317500PE.NFO,2023-11-07,10:05:00,2023-11-28,8.45,8.45,8.45,8.45,0,0,1
FINNIFTY28NOV2317500PE.NFO,2023-11-07,10:06:00,2023-11-28,8.45,8.45,8.45,8.45,0,0,1
FINNIFTY28NOV2317500PE.NFO,2023-11-07,10:07:00,2023-11-28,8.45,8.45,8.45,8.45,0,0,1
FINNIFTY28NOV2317500PE.NFO,2023-11-07,10:08:00,2023-11-28,8.45,8.45,8.45,8.45,0,0,1
FINNIFTY28NOV2317500PE.NFO,2023-11-07,10:09:00,2023-11-28,8.45,8.45,8.45,8.45,0,0,1
FINNIFTY28NOV2317500PE.NFO,2023-11-07,10:10:00,2023-11-28,8.45,8.45,8.45,8.45,0,0,1
FINNIFTY28NOV2317500PE.NFO,2023-11-07,10:11:00,2023-11-28,8.45,8.45,8.45,8.45,0,0,1
FINNIFTY28NOV2317500PE.NFO,2023-11-07,10:12:00,2023-11-28,8.45,8.45,8.45,8.45,0,0,1
FINNIFTY28NOV2317500PE.NFO,2023-11-07,10:13:00,2023-11-28,8.45,8.45,8.45,8.45,0,0,1
FINNIFTY28NOV2317500PE.NFO,2023-11-07,10:14:00,2023-11-28,8.45,8.45,8.45,8.45,0,0,1
FINNIFTY28NOV2317500PE.NFO,2023-11-07,10:15:00,2023-11-28,8.45,8.45,8.45,8.45,0,0,1
FINNIFTY28NOV2317500PE.NFO,2023-11-07,10:16:00,2023-11-28,8.45,8.45,8.45,8.45,0,0,1
FINNIFTY28NOV2317500PE.NFO,2023-11-07,10:17:00,2023-11-28,8.45,8.45,8.45,8.45,0,0,1
FINNIFTY28NOV2317500PE.NFO,2023-11-07,10:18:00,2023-11-28,8.45,8.45,8.45,8.45,0,0,1
FINNIFTY28NOV2317500PE.NFO,2023-11-07,10:19:00,2023-11-28,8.45,8.45,8.45,8.45,0,0,1
FINNIFTY28NOV2317500PE.NFO,2023-11-07,10:20:00,2023-11-28,8.45,8.45,8.45,8.45,0,0,1
FINNIFTY28NOV2317500PE.NFO,2023-11-07,10:21:00,2023-11-28,8.45,8.45,8.45,8.45,0,0,1
FINNIFTY28NOV2317500PE.NFO,2023-11-07,10:22:00,2023-11-28,8.45,8.45,8.45,8.45,0,0,1
FINNIFTY28NOV2317500PE.NFO,2023-11-07,10:23:00,2023-11-28,8.45,8.45,8.45,8.45,0,0,1
FINNIFTY28NOV2317500PE.NFO,2023-11-07,10:24:00,2023-11-28,8.45,8.45,8.45,8.45,0,0,1
FINNIFTY28NOV2317500PE.NFO,2023-11-07,10:25:00,2023-11-28,8.45,8.45,8.45,8.45,0,0,1
FINNIFTY28NOV2317500PE.NFO,2023-11-07,10:26:00,2023-11-28,8.45,8.45,8.45,8.45,0,0,1
FINNIFTY28NOV2317500PE.NFO,2023-11-07,10:27:00,2023-11-28,8.45,8.45,8.45,8.45,0,0,1
FINNIFTY28NOV2317500PE.NFO,2023-11-07,10:28:00,2023-11-28,8.45,8.45,8.45,8.45,0,0,1
FINNIFTY28NOV2317500PE.NFO,2023-11-07,10:29:00,2023-11-28,8.45,8.45,8.45,8.45,0,0,1
FINNIFTY28NOV2317500PE.NFO,2023-11-07,10:30:00,2023-11-28,8.45,8.45,8.45,8.45,0,0,1
FINNIFTY28NOV2317500PE.NFO,2023-11-07,10:31:00,2023-11-28,8.45,8.45,8.45,8.45,0,0,1
FINNIFTY28NOV2317500PE.NFO,2023-11-07,10:32:00,2023-11-28,8.45,8.45,8.45,8.45,0,0,1
FINNIFTY28NOV2317500PE.NFO,2023-11-07,10:33:00,2023-11-28,8.45,8.45,8.45,8.45,0,0,1
FINNIFTY28NOV2317500PE.NFO,2023-11-07,10:34:00,2023-11-28,8.45,8.45,8.45,8.45,0,0,1
FINNIFTY28NOV2317500PE.NFO,2023-11-07,10:35:00,2023-11-28,8.45,8.45,8.45,8.45,0,0,1
FINNIFTY28NOV2317500PE.NFO,2023-11-07,10:36:00,2023-11-28,8.45,8.45,8.45,8.45,0,0,1
FINNIFTY28NOV2317500PE.NFO,2023-11-07,10:37:00,2023-11-28,8.45,8.45,8.45,8.45,0,0,1
FINNIFTY28NOV2317500PE.NFO,2023-11-07,10:38:00,2023-11-28,8.45,8.45,8.45,8.45,0,0,1
FINNIFTY28NOV2317500PE.NFO,2023-11-07,10:39:00,2023-11-28,8.45,8.45,8.45,8.45,0,0,1
FINNIFTY28NOV2317500PE.NFO,2023-11-07,10:40:00,2023-11-28,8.45,8.45,8.45,8.45,0,0,1
FINNIFTY28NOV2317500PE.NFO,2023-11-07,10:41:00,2023-11-28,8.45,8.45,8.45,8.45,0,0,1
FINNIFTY28NOV2317500PE.NFO,2023-11-07,10:42:00,2023-11-28,8.45,8.45,8.45,8.45,0,0,1
FINNIFTY28NOV2317500PE.NFO,2023-11-07,10:43:00,2023-11-28,8.45,8.45,8.45,8.45,0,0,1
FINNIFTY28NOV2317500PE.NFO,2023-11-07,10:44:00,2023-11-28,8.45,8.45,8.45,8.45,0,0,1
FINNIFTY28NOV2317500PE.NFO,2023-11-07,10:45:00,2023-11-28,8.45,8.45,8.45,8.45,0,0,1
FINNIFTY28NOV2317500PE.NFO,2023-11-07,10:46:00,2023-11-28,8.45,8.45,8.45,8.45,0,0,1
FINNIFTY28NOV2317500PE.NFO,2023-11-07,10:47:00,2023-11-28,8.45,8.45,8.45,8.45,0,0,1
FINNIFTY28NOV2317500PE.NFO,2023-11-07,10:48:00,2023-11-28,8.45,8.45,8.45,8.45,0,0,1
FINNIFTY28NOV2317500PE.NFO,2023-11-07,10:49:00,2023-11-28,8.45,8.45,8.45,8.45,0,0,1
FINNIFTY28NOV2317500PE.NFO,2023-11-07,10:50:00,2023-11-28,8.45,8.45,8.45,8.45,0,0,1
FINNIFTY28NOV2317500PE.NFO,2023-11-07,10:51:00,2023-11-28,8.45,8.45,8.45,8.45,0,0,1
FINNIFTY28NOV2317500PE.NFO,2023-11-07,10:52:00,2023-11-28,8.45,8.45,8.45,8.45,0,0,1
FINNIFTY28NOV2317500PE.NFO,2023-11-07,10:53:00,2023-11-28,8.45,8.45,8.45,8.45,0,0,1
FINNIFTY28NOV2317500PE.NFO,2023-11-07,10:54:00,2023-11-28,8.45,8.45,8.45,8.45,0,0,1
FINNIFTY28NOV2317500PE.NFO,2023-11-07,10:55:00,2023-11-28,8.45,8.45,8.45,8.45,0,0,1
FINNIFTY28NOV2317500PE.NFO,2023-11-07,10:56:00,2023-11-28,8.45,8.45,8.45,8.45,0,0,1
FINNIFTY28NOV2317500PE.NFO,2023-11-07,10:57:00,2023-11-28,8.45,8.45,8.45,8.45,0,0,1
FINNIFTY28NOV2317500PE.NFO,2023-11-07,10:58:00,2023-11-28,8.45,8.45,8.45,8.45,0,0,1
FINNIFTY28NOV2317500PE.NFO,2023-11-07,10:59:00,2023-11-28,8.45,8.45,8.45,8.45,0,0,1
FINNIFTY28NOV2317500PE.NFO,2023-11-07,11:00:00,2023-11-28,8.45,8.45,8.45,8.45,0,0,1
FINNIFTY28NOV2317500PE.NFO,2023-11-07,11:01:00,2023-11-28,8.45,8.45,8.45,8.45,0,0,1
FINNIFTY28NOV2317500PE.NFO,2023-11-07,11:02:00,2023-11-28,8.45,8.45,8.45,8.45,0,0,1
FINNIFTY28NOV2317500PE.NFO,2023-11-07,11:03:00,2023-11-28,8.45,8.45,8.45,8.45,0,0,1
FINNIFTY28NOV2317500PE.NFO,2023-11-07,11:04:00,2023-11-28,8.45,8.45,8.45,8.45,0,0,1
FINNIFTY28NOV2317500PE.NFO,2023-11-07,11:05:00,2023-11-28,8.45,8.45,8.45,8.45,0,0,1
FINNIFTY28NOV2317500PE.NFO,2023-11-07,11:06:00,2023-11-28,8.45,8.45,8.45,8.45,0,0,1
FINNIFTY28NOV2317500PE.NFO,2023-11-07,11:07:00,2023-11-28,8.45,8.45,8.45,8.45,0,0,1
FINNIFTY28NOV2317500PE.NFO,2023-11-07,11:08:00,2023-11-28,8.45,8.45,8.45,8.45,0,0,1
FINNIFTY28NOV2317500PE.NFO,2023-11-07,11:09:00,2023-11-28,8.45,8.45,8.45,8.45,0,0,1
FINNIFTY28NOV2317500PE.NFO,2023-11-07,11:10:00,2023-11-28,8.45,8.45,8.45,8.45,0,0,1
FINNIFTY28NOV2317500PE.NFO,2023-11-07,11:11:00,2023-11-28,8.45,8.45,8.45,8.45,0,0,1
FINNIFTY28NOV2317500PE.NFO,2023-11-07,11:12:00,2023-11-28,8.45,8.45,8.45,8.45,0,0,1
FINNIFTY28NOV2317500PE.NFO,2023-11-07,11:13:00,2023-11-28,8.45,8.45,8.45,8.45,0,0,1
FINNIFTY28NOV2317500PE.NFO,2023-11-07,11:14:00,2023-11-28,8.45,8.45,8.45,8.45,0,0,1
FINNIFTY28NOV2317500PE.NFO,2023-11-07,11:15:00,2023-11-28,8.45,8.45,8.45,8.45,0,0,1
FINNIFTY28NOV2317500PE.NFO,2023-11-07,11:16:00,2023-11-28,8.45,8.45,8.45,8.45,0,0,1
FINNIFTY28NOV2317500PE.NFO,2023-11-07,11:17:00,2023-11-28,8.45,8.45,8.45,8.45,0,0,1
FINNIFTY28NOV2317500PE.NFO,2023-11-07,11:18:00,2023-11-28,8.45,8.45,8.45,8.45,0,0,1
FINNIFTY28NOV2317500PE.NFO,2023-11-07,11:19:00,2023-11-28,8.45,8.45,8.45,8.45,0,0,1
FINNIFTY28NOV2317500PE.NFO,2023-11-07,11:20:00,2023-11-28,8.45,8.45,8.45,8.45,0,0,1
FINNIFTY28NOV2317500PE.NFO,2023-11-07,11:21:00,2023-11-28,8.45,8.45,8.45,8.45,0,0,1
FINNIFTY28NOV2317500PE.NFO,2023-11-07,11:22:00,2023-11-28,8.45,8.45,8.45,8.45,0,0,1
FINNIFTY28NOV2317500PE.NFO,2023-11-07,11:23:00,2023-11-28,8.45,8.45,8.45,8.45,0,0,1
FINNIFTY28NOV2317500PE.NFO,2023-11-07,11:24:00,2023-11-28,8.45,8.45,8.45,8.45,0,0,1
FINNIFTY28NOV2317500PE.NFO,2023-11-07,11:25:00,2023-11-28,8.45,8.45,8.45,8.45,0,0,1
FINNIFTY28NOV2317500PE.NFO,2023-11-07,11:26:00,2023-11-28,8.45,8.45,8.45,8.45,0,0,1
FINNIFTY28NOV2317500PE.NFO,2023-11-07,11:27:00,2023-11-28,8.45,8.45,8.45,8.45,0,0,1
FINNIFTY28NOV2317500PE.NFO,2023-11-07,11:28:00,2023-11-28,8.45,8.45,8.45,8.45,0,0,1
FINNIFTY28NOV2317500PE.NFO,2023-11-07,11:29:00,2023-11-28,8.45,8.45,8.45,8.45,0,0,1
FINNIFTY28NOV2317500PE.NFO,2023-11-07,11:30:00,2023-11-28,8.45,8.45,8.45,8.45,0,0,1
FINNIFTY28NOV2317500PE.NFO,2023-11-07,11:31:00,2023-11-28,8.45,8.45,8.45,8.45,0,0,1
FINNIFTY28NOV2317500PE.NFO,2023-11-07,11:32:00,2023-11-28,8.45,8.45,8.45,8.45,0,0,1
FINNIFTY28NOV2317500PE.NFO,2023-11-07,11:33:00,2023-11-28,8.45,8.45,8.45,8.45,0,0,1
FINNIFTY28NOV2317500PE.NFO,2023-11-07,11:34:00,2023-11-28,8.45,8.45,8.45,8.45,0,0,1
FINNIFTY28NOV2317500PE.NFO,2023-11-07,11:35:00,2023-11-28,8.45,8.45,8.45,8.45,0,0,1
FINNIFTY28NOV2317500PE.NFO,2023-11-07,11:36:00,2023-11-28,8.45,8.45,8.45,8.45,0,0,1
FINNIFTY28NOV2317500PE.NFO,2023-11-07,11:37:00,2023-11-28,8.45,8.45,8.45,8.45,0,0,1
FINNIFTY28NOV2317500PE.NFO,2023-11-07,11:38:00,2023-11-28,8.45,8.45,8.45,8.45,0,0,1
FINNIFTY28NOV2317500PE.NFO,2023-11-07,11:39:00,2023-11-28,8.45,8.45,8.45,8.45,0,0,1
FINNIFTY28NOV2317500PE.NFO,2023-11-07,11:40:00,2023-11-28,8.45,8.45,8.45,8.45,0,0,1
FINNIFTY28NOV2317500PE.NFO,2023-11-07,11:41:00,2023-11-28,8.45,8.45,8.45,8.45,0,0,1
FINNIFTY28NOV2317500PE.NFO,2023-11-07,11:42:00,2023-11-28,8.45,8.45,8.45,8.45,0,0,1
FINNIFTY28NOV2317500PE.NFO,2023-11-07,11:43:00,2023-11-28,8.45,8.45,8.45,8.45,0,0,1
FINNIFTY28NOV2317500PE.NFO,2023-11-07,11:44:00,2023-11-28,8.45,8.45,8.45,8.45,0,0,1
FINNIFTY28NOV2317500PE.NFO,2023-11-07,11:45:00,2023-11-28,8.45,8.45,8.45,8.45,0,0,1
FINNIFTY28NOV2317500PE.NFO,2023-11-07,11:46:00,2023-11-28,8.45,8.45,8.45,8.45,0,0,1
FINNIFTY28NOV2317500PE.NFO,2023-11-07,11:47:00,2023-11-28,8.45,8.45,8.45,8.45,0,0,1
FINNIFTY28NOV2317500PE.NFO,2023-11-07,11:48:00,2023-11-28,8.45,8.45,8.45,8.45,0,0,1
FINNIFTY28NOV2317500PE.NFO,2023-11-07,11:49:00,2023-11-28,8.45,8.45,8.45,8.45,0,0,1
FINNIFTY28NOV2317500PE.NFO,2023-11-07,11:50:00,2023-11-28,8.45,8.45,8.45,8.45,0,0,1
FINNIFTY28NOV2317500PE.NFO,2023-11-07,11:51:00,2023-11-28,8.45,8.45,8.45,8.45,0,0,1
FINNIFTY28NOV2317500PE.NFO,2023-11-07,11:52:00,2023-11-28,8.45,8.45,8.45,8.45,0,0,1
FINNIFTY28NOV2317500PE.NFO,2023-11-07,11:53:00,2023-11-28,8.45,8.45,8.45,8.45,0,0,1
FINNIFTY28NOV2317500PE.NFO,2023-11-07,11:54:00,2023-11-28,8.45,8.45,8.45,8.45,0,0,1
FINNIFTY28NOV2317500PE.NFO,2023-11-07,11:55:00,2023-11-28,8.45,8.45,8.45,8.45,0,0,1
FINNIFTY28NOV2317500PE.NFO,2023-11-07,11:56:00,2023-11-28,8.45,8.45,8.45,8.45,0,0,1
FINNIFTY28NOV2317500PE.NFO,2023-11-07,11:57:00,2023-11-28,8.45,8.45,8.45,8.45,0,0,1
FINNIFTY28NOV2317500PE.NFO,2023-11-07,11:58:00,2023-11-28,8.45,8.45,8.45,8.45,0,0,1
FINNIFTY28NOV2317500PE.NFO,2023-11-07,11:59:00,2023-11-28,8.45,8.45,8.45,8.45,0,0,1
FINNIFTY28NOV2317500PE.NFO,2023-11-07,12:00:00,2023-11-28,8.45,8.45,8.45,8.45,0,0,1
FINNIFTY28NOV2317500PE.NFO,2023-11-07,12:01:00,2023-11-28,8.45,8.45,8.45,8.45,0,0,1
FINNIFTY28NOV2317500PE.NFO,2023-11-07,12:02:00,2023-11-28,8.45,8.45,8.45,8.45,0,0,1
FINNIFTY28NOV2317500PE.NFO,2023-11-07,12:03:00,2023-11-28,8.45,8.45,8.45,8.45,0,0,1
FINNIFTY28NOV2317500PE.NFO,2023-11-07,12:04:00,2023-11-28,8.45,8.45,8.45,8.45,0,0,1
FINNIFTY28NOV2317500PE.NFO,2023-11-07,12:05:00,2023-11-28,8.45,8.45,8.45,8.45,0,0,1
FINNIFTY28NOV2317500PE.NFO,2023-11-07,12:06:00,2023-11-28,8.45,8.45,8.45,8.45,0,0,1
FINNIFTY28NOV2317500PE.NFO,2023-11-07,12:07:00,2023-11-28,8.45,8.45,8.45,8.45,0,0,1
FINNIFTY28NOV2317500PE.NFO,2023-11-07,12:08:00,2023-11-28,8.45,8.45,8.45,8.45,0,0,1
FINNIFTY28NOV2317500PE.NFO,2023-11-07,12:09:00,2023-11-28,8.45,8.45,8.45,8.45,0,0,1
FINNIFTY28NOV2317500PE.NFO,2023-11-07,12:10:00,2023-11-28,8.45,8.45,8.45,8.45,0,0,1
FINNIFTY28NOV2317500PE.NFO,2023-11-07,12:11:00,2023-11-28,8.45,8.45,8.45,8.45,0,0,1
FINNIFTY28NOV2317500PE.NFO,2023-11-07,12:12:00,2023-11-28,8.45,8.45,8.45,8.45,0,0,1
FINNIFTY28NOV2317500PE.NFO,2023-11-07,12:13:00,2023-11-28,8.45,8.45,8.45,8.45,0,0,1
FINNIFTY28NOV2317500PE.NFO,2023-11-07,12:14:00,2023-11-28,8.45,8.45,8.45,8.45,0,0,1
FINNIFTY28NOV2317500PE.NFO,2023-11-07,12:15:00,2023-11-28,8.45,8.45,8.45,8.45,0,0,1
FINNIFTY28NOV2317500PE.NFO,2023-11-07,12:16:00,2023-11-28,8.45,8.45,8.45,8.45,0,0,1
FINNIFTY28NOV2317500PE.NFO,2023-11-07,12:17:00,2023-11-28,8.45,8.45,8.45,8.45,0,0,1
FINNIFTY28NOV2317500PE.NFO,2023-11-07,12:18:00,2023-11-28,8.45,8.45,8.45,8.45,0,0,1
FINNIFTY28NOV2317500PE.NFO,2023-11-07,12:19:00,2023-11-28,8.45,8.45,8.45,8.45,0,0,1
FINNIFTY28NOV2317500PE.NFO,2023-11-07,12:20:00,2023-11-28,8.45,8.45,8.45,8.45,0,0,1
FINNIFTY28NOV2317500PE.NFO,2023-11-07,12:21:00,2023-11-28,8.45,8.45,8.45,8.45,0,0,1
FINNIFTY28NOV2317500PE.NFO,2023-11-07,12:22:00,2023-11-28,8.45,8.45,8.45,8.45,0,0,1
FINNIFTY28NOV2317500PE.NFO,2023-11-07,12:23:00,2023-11-28,8.45,8.45,8.45,8.45,0,0,1
FINNIFTY28NOV2317500PE.NFO,2023-11-07,12:24:00,2023-11-28,8.45,8.45,8.45,8.45,0,0,1
FINNIFTY28NOV2317500PE.NFO,2023-11-07,12:25:00,2023-11-28,8.45,8.45,8.45,8.45,0,0,1
FINNIFTY28NOV2317500PE.NFO,2023-11-07,12:26:00,2023-11-28,8.45,8.45,8.45,8.45,0,0,1
FINNIFTY28NOV2317500PE.NFO,2023-11-07,12:27:00,2023-11-28,8.45,8.45,8.45,8.45,0,0,1
FINNIFTY28NOV2317500PE.NFO,2023-11-07,12:28:00,2023-11-28,8.45,8.45,8.45,8.45,0,0,1
FINNIFTY28NOV2317500PE.NFO,2023-11-07,12:29:00,2023-11-28,8.45,8.45,8.45,8.45,0,0,1
FINNIFTY28NOV2317500PE.NFO,2023-11-07,12:30:00,2023-11-28,8.45,8.45,8.45,8.45,0,0,1
FINNIFTY28NOV2317500PE.NFO,2023-11-07,12:31:00,2023-11-28,8.45,8.45,8.45,8.45,0,0,1
FINNIFTY28NOV2317500PE.NFO,2023-11-07,12:32:00,2023-11-28,8.45,8.45,8.45,8.45,0,0,1
FINNIFTY28NOV2317500PE.NFO,2023-11-07,12:33:00,2023-11-28,8.45,8.45,8.45,8.45,0,0,1
FINNIFTY28NOV2317500PE.NFO,2023-11-07,12:34:00,2023-11-28,8.45,8.45,8.45,8.45,0,0,1
FINNIFTY28NOV2317500PE.NFO,2023-11-07,12:35:00,2023-11-28,8.45,8.45,8.45,8.45,0,0,1
FINNIFTY28NOV2317500PE.NFO,2023-11-07,12:36:00,2023-11-28,8.45,8.45,8.45,8.45,0,0,1
FINNIFTY28NOV2317500PE.NFO,2023-11-07,12:37:00,2023-11-28,8.45,8.45,8.45,8.45,0,0,1
FINNIFTY28NOV2317500PE.NFO,2023-11-07,12:38:00,2023-11-28,8.45,8.45,8.45,8.45,0,0,1
FINNIFTY28NOV2317500PE.NFO,2023-11-07,12:39:00,2023-11-28,8.45,8.45,8.45,8.45,0,0,1
FINNIFTY28NOV2317500PE.NFO,2023-11-07,12:40:00,2023-11-28,8.45,8.45,8.45,8.45,0,0,1
FINNIFTY28NOV2317500PE.NFO,2023-11-07,12:41:00,2023-11-28,8.45,8.45,8.45,8.45,0,0,1
FINNIFTY28NOV2317500PE.NFO,2023-11-07,12:42:00,2023-11-28,8.45,8.45,8.45,8.45,0,0,1
FINNIFTY28NOV2317500PE.NFO,2023-11-07,12:43:00,2023-11-28,8.45,8.45,8.45,8.45,0,0,1
FINNIFTY28NOV2317500PE.NFO,2023-11-07,12:44:00,2023-11-28,8.45,8.45,8.45,8.45,0,0,1
FINNIFTY28NOV2317500PE.NFO,2023-11-07,12:45:00,2023-11-28,8.45,8.45,8.45,8.45,0,0,1
FINNIFTY28NOV2317500PE.NFO,2023-11-07,12:46:00,2023-11-28,8.45,8.45,8.45,8.45,0,0,1
FINNIFTY28NOV2317500PE.NFO,2023-11-07,12:47:00,2023-11-28,8.45,8.45,8.45,8.45,0,0,1
FINNIFTY28NOV2317500PE.NFO,2023-11-07,12:48:00,2023-11-28,8.45,8.45,8.45,8.45,0,0,1
FINNIFTY28NOV2317500PE.NFO,2023-11-07,12:49:00,2023-11-28,8.45,8.45,8.45,8.45,0,0,1
FINNIFTY28NOV2317500PE.NFO,2023-11-07,12:50:00,2023-11-28,8.45,8.45,8.45,8.45,0,0,1
FINNIFTY28NOV2317500PE.NFO,2023-11-07,12:51:00,2023-11-28,8.45,8.45,8.45,8.45,0,0,1
FINNIFTY28NOV2317500PE.NFO,2023-11-07,12:52:00,2023-11-28,8.45,8.45,8.45,8.45,0,0,1
FINNIFTY28NOV2317500PE.NFO,2023-11-07,12:53:00,2023-11-28,8.45,8.45,8.45,8.45,0,0,1
FINNIFTY28NOV2317500PE.NFO,2023-11-07,12:54:00,2023-11-28,8.45,8.45,8.45,8.45,0,0,1
FINNIFTY28NOV2317500PE.NFO,2023-11-07,12:55:00,2023-11-28,8.45,8.45,8.45,8.45,0,0,1
FINNIFTY28NOV2317500PE.NFO,2023-11-07,12:56:00,2023-11-28,8.45,8.45,8.45,8.45,0,0,1
FINNIFTY28NOV2317500PE.NFO,2023-11-07,12:57:00,2023-11-28,8.45,8.45,8.45,8.45,0,0,1
FINNIFTY28NOV2317500PE.NFO,2023-11-07,12:58:00,2023-11-28,8.45,8.45,8.45,8.45,0,0,1
FINNIFTY28NOV2317500PE.NFO,2023-11-07,12:59:00,2023-11-28,8.45,8.45,8.45,8.45,0,0,1
FINNIFTY28NOV2317500PE.NFO,2023-11-07,13:00:00,2023-11-28,8.45,8.45,8.45,8.45,0,0,1
FINNIFTY28NOV2317500PE.NFO,2023-11-07,13:01:00,2023-11-28,8.45,8.45,8.45,8.45,0,0,1
FINNIFTY28NOV2317500PE.NFO,2023-11-07,13:02:00,2023-11-28,8.45,8.45,8.45,8.45,0,0,1
FINNIFTY28NOV2317500PE.NFO,2023-11-07,13:03:00,2023-11-28,8.45,8.45,8.45,8.45,0,0,1
FINNIFTY28NOV2317500PE.NFO,2023-11-07,13:04:00,2023-11-28,8.45,8.45,8.45,8.45,0,0,1
FINNIFTY28NOV2317500PE.NFO,2023-11-07,13:05:00,2023-11-28,8.45,8.45,8.45,8.45,0,0,1
FINNIFTY28NOV2317500PE.NFO,2023-11-07,13:06:00,2023-11-28,8.45,8.45,8.45,8.45,0,0,1
FINNIFTY28NOV2317500PE.NFO,2023-11-07,13:07:00,2023-11-28,8.45,8.45,8.45,8.45,0,0,1
FINNIFTY28NOV2317500PE.NFO,2023-11-07,13:08:00,2023-11-28,8.45,8.45,8.45,8.45,0,0,1
FINNIFTY28NOV2317500PE.NFO,2023-11-07,13:09:00,2023-11-28,8.45,8.45,8.45,8.45,0,0,1
FINNIFTY28NOV2317500PE.NFO,2023-11-07,13:10:00,2023-11-28,8.45,8.45,8.45,8.45,0,0,1
FINNIFTY28NOV2317500PE.NFO,2023-11-07,13:11:00,2023-11-28,8.45,8.45,8.45,8.45,0,0,1
FINNIFTY28NOV2317500PE.NFO,2023-11-07,13:12:00,2023-11-28,8.45,8.45,8.45,8.45,0,0,1
FINNIFTY28NOV2317500PE.NFO,2023-11-07,13:13:00,2023-11-28,8.45,8.45,8.45,8.45,0,0,1
FINNIFTY28NOV2317500PE.NFO,2023-11-07,13:14:00,2023-11-28,8.45,8.45,8.45,8.45,0,0,1
FINNIFTY28NOV2317500PE.NFO,2023-11-07,13:15:00,2023-11-28,8.45,8.45,8.45,8.45,0,0,1
FINNIFTY28NOV2317500PE.NFO,2023-11-07,13:16:00,2023-11-28,8.45,8.45,8.45,8.45,0,0,1
FINNIFTY28NOV2317500PE.NFO,2023-11-07,13:17:00,2023-11-28,8.45,8.45,8.45,8.45,0,0,1
FINNIFTY28NOV2317500PE.NFO,2023-11-07,13:18:00,2023-11-28,8.45,8.45,8.45,8.45,0,0,1
FINNIFTY28NOV2317500PE.NFO,2023-11-07,13:19:00,2023-11-28,8.45,8.45,8.45,8.45,0,0,1
FINNIFTY28NOV2317500PE.NFO,2023-11-07,13:20:00,2023-11-28,8.45,8.45,8.45,8.45,0,0,1
FINNIFTY28NOV2317500PE.NFO,2023-11-07,13:21:00,2023-11-28,8.45,8.45,8.45,8.45,0,0,1
FINNIFTY28NOV2317500PE.NFO,2023-11-07,13:22:00,2023-11-28,8.45,8.45,8.45,8.45,0,0,1
FINNIFTY28NOV2317500PE.NFO,2023-11-07,13:23:00,2023-11-28,8.45,8.45,8.45,8.45,0,0,1
FINNIFTY28NOV2317500PE.NFO,2023-11-07,13:24:00,2023-11-28,8.45,8.45,8.45,8.45,0,0,1
FINNIFTY28NOV2317500PE.NFO,2023-11-07,13:25:00,2023-11-28,8.45,8.45,8.45,8.45,0,0,1
FINNIFTY28NOV2317500PE.NFO,2023-11-07,13:26:00,2023-11-28,8.45,8.45,8.45,8.45,0,0,1
FINNIFTY28NOV2317500PE.NFO,2023-11-07,13:27:00,2023-11-28,8.45,8.45,8.45,8.45,0,0,1
FINNIFTY28NOV2317500PE.NFO,2023-11-07,13:28:00,2023-11-28,8.45,8.45,8.45,8.45,0,0,1
FINNIFTY28NOV2317500PE.NFO,2023-11-07,13:29:00,2023-11-28,8.45,8.45,8.45,8.45,0,0,1
FINNIFTY28NOV2317500PE.NFO,2023-11-07,13:30:00,2023-11-28,8.45,8.45,8.45,8.45,0,0,1
FINNIFTY28NOV2317500PE.NFO,2023-11-07,13:31:00,2023-11-28,8.45,8.45,8.45,8.45,0,0,1
FINNIFTY28NOV2317500PE.NFO,2023-11-07,13:32:00,2023-11-28,8.45,8.45,8.45,8.45,0,0,1
FINNIFTY28NOV2317500PE.NFO,2023-11-07,13:33:00,2023-11-28,8.45,8.45,8.45,8.45,0,0,1
FINNIFTY28NOV2317500PE.NFO,2023-11-07,13:34:00,2023-11-28,8.45,8.45,8.45,8.45,0,0,1
FINNIFTY28NOV2317500PE.NFO,2023-11-07,13:35:00,2023-11-28,8.45,8.45,8.45,8.45,0,0,1
FINNIFTY28NOV2317500PE.NFO,2023-11-07,13:36:00,2023-11-28,8.45,8.45,8.45,8.45,0,0,1
FINNIFTY28NOV2317500PE.NFO,2023-11-07,13:37:00,2023-11-28,8.45,8.45,8.45,8.45,0,0,1
FINNIFTY28NOV2317500PE.NFO,2023-11-07,13:38:00,2023-11-28,8.45,8.45,8.45,8.45,0,0,1
FINNIFTY28NOV2317500PE.NFO,2023-11-07,13:39:00,2023-11-28,8.45,8.45,8.45,8.45,0,0,1
FINNIFTY28NOV2317500PE.NFO,2023-11-07,13:40:00,2023-11-28,8.45,8.45,8.45,8.45,0,0,1
FINNIFTY28NOV2317500PE.NFO,2023-11-07,13:41:00,2023-11-28,8.45,8.45,8.45,8.45,0,0,1
FINNIFTY28NOV2317500PE.NFO,2023-11-07,13:42:00,2023-11-28,8.45,8.45,8.45,8.45,0,0,1
FINNIFTY28NOV2317500PE.NFO,2023-11-07,13:43:00,2023-11-28,8.45,8.45,8.45,8.45,0,0,1
FINNIFTY28NOV2317500PE.NFO,2023-11-07,13:44:00,2023-11-28,8.45,8.45,8.45,8.45,0,0,1
FINNIFTY28NOV2317500PE.NFO,2023-11-07,13:45:00,2023-11-28,8.45,8.45,8.45,8.45,0,0,1
FINNIFTY28NOV2317500PE.NFO,2023-11-07,13:46:00,2023-11-28,8.45,8.45,8.45,8.45,0,0,1
FINNIFTY28NOV2317500PE.NFO,2023-11-07,13:47:00,2023-11-28,8.45,8.45,8.45,8.45,0,0,1
FINNIFTY28NOV2317500PE.NFO,2023-11-07,13:48:00,2023-11-28,8.45,8.45,8.45,8.45,0,0,1
FINNIFTY28NOV2317500PE.NFO,2023-11-07,13:49:00,2023-11-28,8.45,8.45,8.45,8.45,0,0,1
FINNIFTY28NOV2317500PE.NFO,2023-11-07,13:50:00,2023-11-28,8.45,8.45,8.45,8.45,0,0,1
FINNIFTY28NOV2317500PE.NFO,2023-11-07,13:51:00,2023-11-28,8.45,8.45,8.45,8.45,0,0,1
FINNIFTY28NOV2317500PE.NFO,2023-11-07,13:52:00,2023-11-28,8.45,8.45,8.45,8.45,0,0,1
FINNIFTY28NOV2317500PE.NFO,2023-11-07,13:53:00,2023-11-28,8.45,8.45,8.45,8.45,0,0,1
FINNIFTY28NOV2317500PE.NFO,2023-11-07,13:54:00,2023-11-28,8.45,8.45,8.45,8.45,0,0,1
FINNIFTY28NOV2317500PE.NFO,2023-11-07,13:55:00,2023-11-28,8.45,8.45,8.45,8.45,0,0,1
FINNIFTY28NOV2317500PE.NFO,2023-11-07,13:56:00,2023-11-28,8.45,8.45,8.45,8.45,0,0,1
FINNIFTY28NOV2317500PE.NFO,2023-11-07,13:57:00,2023-11-28,8.45,8.45,8.45,8.45,0,0,1
FINNIFTY28NOV2317500PE.NFO,2023-11-07,13:58:00,2023-11-28,8.45,8.45,8.45,8.45,0,0,1
FINNIFTY28NOV2317500PE.NFO,2023-11-07,13:59:00,2023-11-28,8.45,8.45,8.45,8.45,0,0,1
FINNIFTY28NOV2317500PE.NFO,2023-11-07,14:00:00,2023-11-28,8.45,8.45,8.45,8.45,0,0,1
FINNIFTY28NOV2317500PE.NFO,2023-11-07,14:01:00,2023-11-28,8.45,8.45,8.45,8.45,0,0,1
FINNIFTY28NOV2317500PE.NFO,2023-11-07,14:02:00,2023-11-28,8.45,8.45,8.45,8.45,0,0,1
FINNIFTY28NOV2317500PE.NFO,2023-11-07,14:03:00,2023-11-28,8.45,8.45,8.45,8.45,0,0,1
FINNIFTY28NOV2317500PE.NFO,2023-11-07,14:04:00,2023-11-28,8.45,8.45,8.45,8.45,0,0,1
FINNIFTY28NOV2317500PE.NFO,2023-11-07,14:05:00,2023-11-28,8.45,8.45,8.45,8.45,0,0,1
FINNIFTY28NOV2317500PE.NFO,2023-11-07,14:06:00,2023-11-28,8.45,8.45,8.45,8.45,0,0,1
FINNIFTY28NOV2317500PE.NFO,2023-11-07,14:07:00,2023-11-28,8.45,8.45,8.45,8.45,0,0,1
FINNIFTY28NOV2317500PE.NFO,2023-11-07,14:08:00,2023-11-28,8.45,8.45,8.45,8.45,0,0,1
FINNIFTY28NOV2317500PE.NFO,2023-11-07,14:09:00,2023-11-28,8.45,8.45,8.45,8.45,0,0,1
FINNIFTY28NOV2317500PE.NFO,2023-11-07,14:10:00,2023-11-28,8.45,8.45,8.45,8.45,0,0,1
FINNIFTY28NOV2317500PE.NFO,2023-11-07,14:11:00,2023-11-28,8.45,8.45,8.45,8.45,0,0,1
FINNIFTY28NOV2317500PE.NFO,2023-11-07,14:12:00,2023-11-28,8.45,8.45,8.45,8.45,0,0,1
FINNIFTY28NOV2317500PE.NFO,2023-11-07,14:13:00,2023-11-28,8.45,8.45,8.45,8.45,0,0,1
FINNIFTY28NOV2317500PE.NFO,2023-11-07,14:14:00,2023-11-28,8.45,8.45,8.45,8.45,0,0,1
FINNIFTY28NOV2317500PE.NFO,2023-11-07,14:15:00,2023-11-28,8.45,8.45,8.45,8.45,0,0,1
FINNIFTY28NOV2317500PE.NFO,2023-11-07,14:16:00,2023-11-28,8.45,8.45,8.45,8.45,0,0,1
FINNIFTY28NOV2317500PE.NFO,2023-11-07,14:17:00,2023-11-28,8.45,8.45,8.45,8.45,0,0,1
FINNIFTY28NOV2317500PE.NFO,2023-11-07,14:18:00,2023-11-28,8.45,8.45,8.45,8.45,0,0,1
FINNIFTY28NOV2317500PE.NFO,2023-11-07,14:19:00,2023-11-28,8.45,8.45,8.45,8.45,0,0,1
FINNIFTY28NOV2317500PE.NFO,2023-11-07,14:20:00,2023-11-28,8.45,8.45,8.45,8.45,0,0,1
FINNIFTY28NOV2317500PE.NFO,2023-11-07,14:21:00,2023-11-28,8.45,8.45,8.45,8.45,0,0,1
FINNIFTY28NOV2317500PE.NFO,2023-11-07,14:22:00,2023-11-28,8.45,8.45,8.45,8.45,0,0,1
FINNIFTY28NOV2317500PE.NFO,2023-11-07,14:23:00,2023-11-28,8.45,8.45,8.45,8.45,0,0,1
FINNIFTY28NOV2317500PE.NFO,2023-11-07,14:24:00,2023-11-28,8.45,8.45,8.45,8.45,0,0,1
FINNIFTY28NOV2317500PE.NFO,2023-11-07,14:25:00,2023-11-28,8.45,8.45,8.45,8.45,0,0,1
FINNIFTY28NOV2317500PE.NFO,2023-11-07,14:26:00,2023-11-28,8.45,8.45,8.45,8.45,0,0,1
FINNIFTY28NOV2317500PE.NFO,2023-11-07,14:27:00,2023-11-28,8.45,8.45,8.45,8.45,0,0,1
FINNIFTY28NOV2317500PE.NFO,2023-11-07,14:28:00,2023-11-28,8.45,8.45,8.45,8.45,0,0,1
FINNIFTY28NOV2317500PE.NFO,2023-11-07,14:29:00,2023-11-28,8.45,8.45,8.45,8.45,0,0,1
FINNIFTY28NOV2317500PE.NFO,2023-11-07,14:30:00,2023-11-28,8.45,8.45,8.45,8.45,0,0,1
FINNIFTY28NOV2317500PE.NFO,2023-11-07,14:31:00,2023-11-28,8.45,8.45,8.45,8.45,0,0,1
FINNIFTY28NOV2317500PE.NFO,2023-11-07,14:32:00,2023-11-28,8.45,8.45,8.45,8.45,0,0,1
FINNIFTY28NOV2317500PE.NFO,2023-11-07,14:33:00,2023-11-28,8.45,8.45,8.45,8.45,0,0,1
FINNIFTY28NOV2317500PE.NFO,2023-11-07,14:34:00,2023-11-28,8.45,8.45,8.45,8.45,0,0,1
FINNIFTY28NOV2317500PE.NFO,2023-11-07,14:35:00,2023-11-28,8.45,8.45,8.45,8.45,0,0,1
FINNIFTY28NOV2317500PE.NFO,2023-11-07,14:36:00,2023-11-28,8.45,8.45,8.45,8.45,0,0,1
FINNIFTY28NOV2317500PE.NFO,2023-11-07,14:37:00,2023-11-28,8.45,8.45,8.45,8.45,0,0,1
FINNIFTY28NOV2317500PE.NFO,2023-11-07,14:38:00,2023-11-28,8.45,8.45,8.45,8.45,0,0,1
FINNIFTY28NOV2317500PE.NFO,2023-11-07,14:39:00,2023-11-28,8.45,8.45,8.45,8.45,0,0,1
FINNIFTY28NOV2317500PE.NFO,2023-11-07,14:40:00,2023-11-28,8.45,8.45,8.45,8.45,0,0,1
FINNIFTY28NOV2317500PE.NFO,2023-11-07,14:41:00,2023-11-28,8.45,8.45,8.45,8.45,0,0,1
FINNIFTY28NOV2317500PE.NFO,2023-11-07,14:42:00,2023-11-28,8.45,8.45,8.45,8.45,0,0,1
FINNIFTY28NOV2317500PE.NFO,2023-11-07,14:43:00,2023-11-28,8.45,8.45,8.45,8.45,0,0,1
FINNIFTY28NOV2317500PE.NFO,2023-11-07,14:44:00,2023-11-28,8.45,8.45,8.45,8.45,0,0,1
FINNIFTY28NOV2317500PE.NFO,2023-11-07,14:45:00,2023-11-28,8.45,8.45,8.45,8.45,0,0,1
FINNIFTY28NOV2317500PE.NFO,2023-11-07,14:46:00,2023-11-28,8.45,8.45,8.45,8.45,0,0,1
FINNIFTY28NOV2317500PE.NFO,2023-11-07,14:47:00,2023-11-28,8.45,8.45,8.45,8.45,0,0,1
FINNIFTY28NOV2317500PE.NFO,2023-11-07,14:48:00,2023-11-28,8.45,8.45,8.45,8.45,0,0,1
FINNIFTY28NOV2317500PE.NFO,2023-11-07,14:49:00,2023-11-28,8.45,8.45,8.45,8.45,0,0,1
FINNIFTY28NOV2317500PE.NFO,2023-11-07,14:50:00,2023-11-28,8.45,8.45,8.45,8.45,0,0,1
FINNIFTY28NOV2317500PE.NFO,2023-11-07,14:51:00,2023-11-28,8.45,8.45,8.45,8.45,0,0,1
FINNIFTY28NOV2317500PE.NFO,2023-11-07,14:52:00,2023-11-28,8.45,8.45,8.45,8.45,0,0,1
FINNIFTY28NOV2317500PE.NFO,2023-11-07,14:53:00,2023-11-28,8.45,8.45,8.45,8.45,0,0,1
FINNIFTY28NOV2317500PE.NFO,2023-11-07,14:54:00,2023-11-28,8.45,8.45,8.45,8.45,0,0,1
FINNIFTY28NOV2317500PE.NFO,2023-11-07,14:55:00,2023-11-28,8.45,8.45,8.45,8.45,0,0,1
FINNIFTY28NOV2317500PE.NFO,2023-11-07,14:56:00,2023-11-28,8.45,8.45,8.45,8.45,0,0,1
FINNIFTY28NOV2317500PE.NFO,2023-11-07,14:57:00,2023-11-28,8.45,8.45,8.45,8.45,0,0,1
FINNIFTY28NOV2317500PE.NFO,2023-11-07,14:58:00,2023-11-28,8.45,8.45,8.45,8.45,0,0,1
FINNIFTY28NOV2317500PE.NFO,2023-11-07,14:59:00,2023-11-28,8.45,8.45,8.45,8.45,0,0,1
FINNIFTY28NOV2317500PE.NFO,2023-11-07,15:00:00,2023-11-28,8.45,8.45,8.45,8.45,0,0,1
FINNIFTY28NOV2317500PE.NFO,2023-11-07,15:01:00,2023-11-28,8.45,8.45,8.45,8.45,0,0,1
FINNIFTY28NOV2317500PE.NFO,2023-11-07,15:02:00,2023-11-28,8.45,8.45,8.45,8.45,0,0,1
FINNIFTY28NOV2317500PE.NFO,2023-11-07,15:03:00,2023-11-28,8.45,8.45,8.45,8.45,0,0,1
FINNIFTY28NOV2317500PE.NFO,2023-11-07,15:04:00,2023-11-28,8.45,8.45,8.45,8.45,0,0,1
FINNIFTY28NOV2317500PE.NFO,2023-11-07,15:05:00,2023-11-28,8.45,8.45,8.45,8.45,0,0,1
FINNIFTY28NOV2317500PE.NFO,2023-11-07,15:06:00,2023-11-28,8.45,8.45,8.45,8.45,0,0,1
FINNIFTY28NOV2317500PE.NFO,2023-11-07,15:07:00,2023-11-28,8.45,8.45,8.45,8.45,0,0,1
FINNIFTY28NOV2317500PE.NFO,2023-11-07,15:08:00,2023-11-28,8.45,8.45,8.45,8.45,0,0,1
FINNIFTY28NOV2317500PE.NFO,2023-11-07,15:09:00,2023-11-28,8.45,8.45,8.45,8.45,0,0,1
FINNIFTY28NOV2317500PE.NFO,2023-11-07,15:10:00,2023-11-28,8.45,8.45,8.45,8.45,0,0,1
FINNIFTY28NOV2317500PE.NFO,2023-11-07,15:11:00,2023-11-28,8.45,8.45,8.45,8.45,0,0,1
FINNIFTY28NOV2317500PE.NFO,2023-11-07,15:12:00,2023-11-28,8.45,8.45,8.45,8.45,0,0,1
FINNIFTY28NOV2317500PE.NFO,2023-11-07,15:13:00,2023-11-28,8.45,8.45,8.45,8.45,0,0,1
FINNIFTY28NOV2317500PE.NFO,2023-11-07,15:14:00,2023-11-28,8.45,8.45,8.45,8.45,0,0,1
FINNIFTY28NOV2317500PE.NFO,2023-11-07,15:15:00,2023-11-28,8.45,8.45,8.45,8.45,0,0,1
FINNIFTY28NOV2317500PE.NFO,2023-11-07,15:16:00,2023-11-28,8.45,8.45,8.45,8.45,0,0,1
FINNIFTY28NOV2317500PE.NFO,2023-11-07,15:17:00,2023-11-28,8.45,8.45,8.45,8.45,0,0,1
FINNIFTY28NOV2317500PE.NFO,2023-11-07,15:18:00,2023-11-28,8.45,8.45,8.45,8.45,0,0,1
FINNIFTY28NOV2317500PE.NFO,2023-11-07,15:19:00,2023-11-28,8.45,8.45,8.45,8.45,0,0,1
FINNIFTY28NOV2317500PE.NFO,2023-11-07,15:20:00,2023-11-28,8.45,8.45,8.45,8.45,0,0,1
FINNIFTY28NOV2317500PE.NFO,2023-11-07,15:21:00,2023-11-28,8.45,8.45,8.45,8.45,0,0,1
FINNIFTY28NOV2317500PE.NFO,2023-11-07,15:22:00,2023-11-28,8.45,8.45,8.45,8.45,0,0,1
FINNIFTY28NOV2317500PE.NFO,2023-11-07,15:23:00,2023-11-28,8.45,8.45,8.45,8.45,0,0,1
FINNIFTY28NOV2317500PE.NFO,2023-11-07,15:24:00,2023-11-28,8.45,8.45,8.45,8.45,0,0,1
FINNIFTY28NOV2317500PE.NFO,2023-11-07,15:25:00,2023-11-28,8.45,8.45,8.45,8.45,0,0,1
FINNIFTY28NOV2317500PE.NFO,2023-11-07,15:26:00,2023-11-28,8.45,8.45,8.45,8.45,0,0,1
FINNIFTY28NOV2317500PE.NFO,2023-11-07,15:27:00,2023-11-28,8.45,8.45,8.45,8.45,0,0,1
FINNIFTY28NOV2317500PE.NFO,2023-11-07,15:28:00,2023-11-28,8.45,8.45,8.45,8.45,0,0,1
FINNIFTY28NOV2317500PE.NFO,2023-11-07,15:29:00,2023-11-28,8.45,8.45,8.45,8.45,0,0,1
FINNIFTY28NOV2317500PE.NFO,2023-11-07,15:30:00,2023-11-28,8.45,8.45,8.45,8.45,0,0,1
FINNIFTY28NOV2317500PE.NFO,2023-11-20,09:15:00,2023-11-28,2.0,2.0,2.0,2.0,0,400,1
FINNIFTY28NOV2317500PE.NFO,2023-11-20,09:16:00,2023-11-28,2.0,2.0,2.0,2.0,0,400,1
FINNIFTY28NOV2317500PE.NFO,2023-11-20,09:17:00,2023-11-28,2.0,2.0,2.0,2.0,0,400,1
FINNIFTY28NOV2317500PE.NFO,2023-11-20,09:18:00,2023-11-28,2.0,2.0,2.0,2.0,0,400,1
FINNIFTY28NOV2317500PE.NFO,2023-11-20,09:19:00,2023-11-28,2.0,2.0,2.0,2.0,0,400,1
FINNIFTY28NOV2317500PE.NFO,2023-11-20,09:20:00,2023-11-28,2.0,2.0,2.0,2.0,0,400,1
FINNIFTY28NOV2317500PE.NFO,2023-11-20,09:21:00,2023-11-28,2.0,2.0,2.0,2.0,0,400,1
FINNIFTY28NOV2317500PE.NFO,2023-11-20,09:22:00,2023-11-28,2.0,2.0,2.0,2.0,0,400,1
FINNIFTY28NOV2317500PE.NFO,2023-11-20,09:23:00,2023-11-28,2.0,2.0,2.0,2.0,0,400,1
FINNIFTY28NOV2317500PE.NFO,2023-11-20,09:24:00,2023-11-28,2.0,2.0,2.0,2.0,0,400,1
FINNIFTY28NOV2317500PE.NFO,2023-11-20,09:25:00,2023-11-28,2.0,2.0,2.0,2.0,0,400,1
FINNIFTY28NOV2317500PE.NFO,2023-11-20,09:26:00,2023-11-28,2.0,2.0,2.0,2.0,0,400,1
FINNIFTY28NOV2317500PE.NFO,2023-11-20,09:27:00,2023-11-28,2.0,2.0,2.0,2.0,0,400,1
FINNIFTY28NOV2317500PE.NFO,2023-11-20,09:28:00,2023-11-28,2.0,2.0,2.0,2.0,0,400,1
FINNIFTY28NOV2317500PE.NFO,2023-11-20,09:29:00,2023-11-28,2.0,2.0,2.0,2.0,0,400,1
FINNIFTY28NOV2317500PE.NFO,2023-11-20,09:30:00,2023-11-28,2.0,2.0,2.0,2.0,0,400,1
FINNIFTY28NOV2317500PE.NFO,2023-11-20,09:31:00,2023-11-28,2.0,2.0,2.0,2.0,0,400,1
FINNIFTY28NOV2317500PE.NFO,2023-11-20,09:32:00,2023-11-28,2.0,2.0,2.0,2.0,0,400,1
FINNIFTY28NOV2317500PE.NFO,2023-11-20,09:33:00,2023-11-28,2.0,2.0,2.0,2.0,0,400,1
FINNIFTY28NOV2317500PE.NFO,2023-11-20,09:34:00,2023-11-28,2.0,2.0,2.0,2.0,0,400,1
FINNIFTY28NOV2317500PE.NFO,2023-11-20,09:35:00,2023-11-28,2.0,2.0,2.0,2.0,0,400,1
FINNIFTY28NOV2317500PE.NFO,2023-11-20,09:36:00,2023-11-28,2.0,2.0,2.0,2.0,0,400,1
FINNIFTY28NOV2317500PE.NFO,2023-11-20,09:37:00,2023-11-28,2.0,2.0,2.0,2.0,0,400,1
FINNIFTY28NOV2317500PE.NFO,2023-11-20,09:38:00,2023-11-28,2.0,2.0,2.0,2.0,0,400,1
FINNIFTY28NOV2317500PE.NFO,2023-11-20,09:39:00,2023-11-28,2.0,2.0,2.0,2.0,0,400,1
FINNIFTY28NOV2317500PE.NFO,2023-11-20,09:40:00,2023-11-28,2.0,2.0,2.0,2.0,0,400,1
FINNIFTY28NOV2317500PE.NFO,2023-11-20,09:41:00,2023-11-28,2.0,2.0,2.0,2.0,0,400,1
FINNIFTY28NOV2317500PE.NFO,2023-11-20,09:42:00,2023-11-28,2.0,2.0,2.0,2.0,0,400,1
FINNIFTY28NOV2317500PE.NFO,2023-11-20,09:43:00,2023-11-28,2.0,2.0,2.0,2.0,0,400,1
FINNIFTY28NOV2317500PE.NFO,2023-11-20,09:44:00,2023-11-28,2.0,2.0,2.0,2.0,0,400,1
FINNIFTY28NOV2317500PE.NFO,2023-11-20,09:45:00,2023-11-28,2.0,2.0,2.0,2.0,0,400,1
FINNIFTY28NOV2317500PE.NFO,2023-11-20,09:46:00,2023-11-28,2.0,2.0,2.0,2.0,0,400,1
FINNIFTY28NOV2317500PE.NFO,2023-11-20,09:47:00,2023-11-28,2.0,2.0,2.0,2.0,0,400,1
FINNIFTY28NOV2317500PE.NFO,2023-11-20,09:48:00,2023-11-28,2.0,2.0,2.0,2.0,0,400,1
FINNIFTY28NOV2317500PE.NFO,2023-11-20,09:49:00,2023-11-28,2.0,2.0,2.0,2.0,0,400,1
FINNIFTY28NOV2317500PE.NFO,2023-11-20,09:50:00,2023-11-28,2.0,2.0,2.0,2.0,0,400,1
FINNIFTY28NOV2317500PE.NFO,2023-11-20,09:51:00,2023-11-28,2.0,2.0,2.0,2.0,0,400,1
FINNIFTY28NOV2317500PE.NFO,2023-11-20,09:52:00,2023-11-28,2.0,2.0,2.0,2.0,0,400,1
FINNIFTY28NOV2317500PE.NFO,2023-11-20,09:53:00,2023-11-28,2.0,2.0,2.0,2.0,0,400,1
FINNIFTY28NOV2317500PE.NFO,2023-11-20,09:54:00,2023-11-28,2.0,2.0,2.0,2.0,0,400,1
FINNIFTY28NOV2317500PE.NFO,2023-11-20,09:55:00,2023-11-28,2.0,2.0,2.0,2.0,0,400,1
FINNIFTY28NOV2317500PE.NFO,2023-11-20,09:56:00,2023-11-28,2.0,2.0,2.0,2.0,0,400,1
FINNIFTY28NOV2317500PE.NFO,2023-11-20,09:57:00,2023-11-28,2.0,2.0,2.0,2.0,0,400,1
FINNIFTY28NOV2317500PE.NFO,2023-11-20,09:58:00,2023-11-28,2.0,2.0,2.0,2.0,0,400,1
FINNIFTY28NOV2317500PE.NFO,2023-11-20,09:59:00,2023-11-28,2.0,2.0,2.0,2.0,0,400,1
FINNIFTY28NOV2317500PE.NFO,2023-11-20,10:00:00,2023-11-28,2.0,2.0,2.0,2.0,0,400,1
FINNIFTY28NOV2317500PE.NFO,2023-11-20,10:01:00,2023-11-28,2.0,2.0,2.0,2.0,0,400,1
FINNIFTY28NOV2317500PE.NFO,2023-11-20,10:02:00,2023-11-28,2.0,2.0,2.0,2.0,0,400,1
FINNIFTY28NOV2317500PE.NFO,2023-11-20,10:03:00,2023-11-28,2.0,2.0,2.0,2.0,0,400,1
FINNIFTY28NOV2317500PE.NFO,2023-11-20,10:04:00,2023-11-28,2.0,2.0,2.0,2.0,0,400,1
FINNIFTY28NOV2317500PE.NFO,2023-11-20,10:05:00,2023-11-28,2.0,2.0,2.0,2.0,0,400,1
FINNIFTY28NOV2317500PE.NFO,2023-11-20,10:06:00,2023-11-28,2.0,2.0,2.0,2.0,0,400,1
FINNIFTY28NOV2317500PE.NFO,2023-11-20,10:07:00,2023-11-28,2.0,2.0,2.0,2.0,0,400,1
FINNIFTY28NOV2317500PE.NFO,2023-11-20,10:08:00,2023-11-28,2.0,2.0,2.0,2.0,0,400,1
FINNIFTY28NOV2317500PE.NFO,2023-11-20,10:09:00,2023-11-28,2.0,2.0,2.0,2.0,0,400,1
FINNIFTY28NOV2317500PE.NFO,2023-11-20,10:10:00,2023-11-28,2.0,2.0,2.0,2.0,0,400,1
FINNIFTY28NOV2317500PE.NFO,2023-11-20,10:11:00,2023-11-28,2.0,2.0,2.0,2.0,0,400,1
FINNIFTY28NOV2317500PE.NFO,2023-11-20,10:12:00,2023-11-28,2.0,2.0,2.0,2.0,0,400,1
FINNIFTY28NOV2317500PE.NFO,2023-11-20,10:13:00,2023-11-28,2.0,2.0,2.0,2.0,0,400,1
FINNIFTY28NOV2317500PE.NFO,2023-11-20,10:14:00,2023-11-28,2.0,2.0,2.0,2.0,0,400,1
FINNIFTY28NOV2317500PE.NFO,2023-11-20,10:15:00,2023-11-28,2.0,2.0,2.0,2.0,0,400,1
FINNIFTY28NOV2317500PE.NFO,2023-11-20,10:16:00,2023-11-28,2.0,2.0,2.0,2.0,0,400,1
FINNIFTY28NOV2317500PE.NFO,2023-11-20,10:17:00,2023-11-28,2.0,2.0,2.0,2.0,0,400,1
FINNIFTY28NOV2317500PE.NFO,2023-11-20,10:18:00,2023-11-28,2.0,2.0,2.0,2.0,0,400,1
FINNIFTY28NOV2317500PE.NFO,2023-11-20,10:19:00,2023-11-28,2.0,2.0,2.0,2.0,0,400,1
FINNIFTY28NOV2317500PE.NFO,2023-11-20,10:20:00,2023-11-28,2.0,2.0,2.0,2.0,0,400,1
FINNIFTY28NOV2317500PE.NFO,2023-11-20,10:21:00,2023-11-28,2.0,2.0,2.0,2.0,0,400,1
FINNIFTY28NOV2317500PE.NFO,2023-11-20,10:22:00,2023-11-28,2.0,2.0,2.0,2.0,0,400,1
FINNIFTY28NOV2317500PE.NFO,2023-11-20,10:23:00,2023-11-28,2.0,2.0,2.0,2.0,0,400,1
FINNIFTY28NOV2317500PE.NFO,2023-11-20,10:24:00,2023-11-28,2.0,2.0,2.0,2.0,0,400,1
FINNIFTY28NOV2317500PE.NFO,2023-11-20,10:25:00,2023-11-28,2.0,2.0,2.0,2.0,0,400,1
FINNIFTY28NOV2317500PE.NFO,2023-11-20,10:26:00,2023-11-28,2.0,2.0,2.0,2.0,0,400,1
FINNIFTY28NOV2317500PE.NFO,2023-11-20,10:27:00,2023-11-28,2.0,2.0,2.0,2.0,0,400,1
FINNIFTY28NOV2317500PE.NFO,2023-11-20,10:28:00,2023-11-28,2.0,2.0,2.0,2.0,0,400,1
FINNIFTY28NOV2317500PE.NFO,2023-11-20,10:29:00,2023-11-28,2.0,2.0,2.0,2.0,0,400,1
FINNIFTY28NOV2317500PE.NFO,2023-11-20,10:30:00,2023-11-28,2.0,2.0,2.0,2.0,0,400,1
FINNIFTY28NOV2317500PE.NFO,2023-11-20,10:31:00,2023-11-28,2.0,2.0,2.0,2.0,0,400,1
FINNIFTY28NOV2317500PE.NFO,2023-11-20,10:32:00,2023-11-28,2.0,2.0,2.0,2.0,0,400,1
FINNIFTY28NOV2317500PE.NFO,2023-11-20,10:33:00,2023-11-28,2.0,2.0,2.0,2.0,0,400,1
FINNIFTY28NOV2317500PE.NFO,2023-11-20,10:34:00,2023-11-28,2.0,2.0,2.0,2.0,0,400,1
FINNIFTY28NOV2317500PE.NFO,2023-11-20,10:35:00,2023-11-28,2.0,2.0,2.0,2.0,0,400,1
FINNIFTY28NOV2317500PE.NFO,2023-11-20,10:36:00,2023-11-28,2.0,2.0,2.0,2.0,0,400,1
FINNIFTY28NOV2317500PE.NFO,2023-11-20,10:37:00,2023-11-28,2.0,2.0,2.0,2.0,0,400,1
FINNIFTY28NOV2317500PE.NFO,2023-11-20,10:38:00,2023-11-28,2.0,2.0,2.0,2.0,0,400,1
FINNIFTY28NOV2317500PE.NFO,2023-11-20,10:39:00,2023-11-28,2.0,2.0,2.0,2.0,0,400,1
FINNIFTY28NOV2317500PE.NFO,2023-11-20,10:40:00,2023-11-28,2.0,2.0,2.0,2.0,0,400,1
FINNIFTY28NOV2317500PE.NFO,2023-11-20,10:41:00,2023-11-28,2.0,2.0,2.0,2.0,0,400,1
FINNIFTY28NOV2317500PE.NFO,2023-11-20,10:42:00,2023-11-28,2.0,2.0,2.0,2.0,0,400,1
FINNIFTY28NOV2317500PE.NFO,2023-11-20,10:43:00,2023-11-28,2.0,2.0,2.0,2.0,0,400,1
FINNIFTY28NOV2317500PE.NFO,2023-11-20,10:44:00,2023-11-28,2.0,2.0,2.0,2.0,0,400,1
FINNIFTY28NOV2317500PE.NFO,2023-11-20,10:45:00,2023-11-28,2.0,2.0,2.0,2.0,0,400,1
FINNIFTY28NOV2317500PE.NFO,2023-11-20,10:46:00,2023-11-28,2.0,2.0,2.0,2.0,0,400,1
FINNIFTY28NOV2317500PE.NFO,2023-11-20,10:47:00,2023-11-28,2.0,2.0,2.0,2.0,0,400,1
FINNIFTY28NOV2317500PE.NFO,2023-11-20,10:48:00,2023-11-28,2.0,2.0,2.0,2.0,0,400,1
FINNIFTY28NOV2317500PE.NFO,2023-11-20,10:49:00,2023-11-28,2.0,2.0,2.0,2.0,0,400,1
FINNIFTY28NOV2317500PE.NFO,2023-11-20,10:50:00,2023-11-28,2.0,2.0,2.0,2.0,0,400,1
FINNIFTY28NOV2317500PE.NFO,2023-11-20,10:51:00,2023-11-28,2.0,2.0,2.0,2.0,0,400,1
FINNIFTY28NOV2317500PE.NFO,2023-11-20,10:52:00,2023-11-28,2.0,2.0,2.0,2.0,0,400,1
FINNIFTY28NOV2317500PE.NFO,2023-11-20,10:53:00,2023-11-28,2.0,2.0,2.0,2.0,0,400,1
FINNIFTY28NOV2317500PE.NFO,2023-11-20,10:54:00,2023-11-28,2.0,2.0,2.0,2.0,0,400,1
FINNIFTY28NOV2317500PE.NFO,2023-11-20,10:55:00,2023-11-28,2.0,2.0,2.0,2.0,0,400,1
FINNIFTY28NOV2317500PE.NFO,2023-11-20,10:56:00,2023-11-28,2.0,2.0,2.0,2.0,0,400,1
FINNIFTY28NOV2317500PE.NFO,2023-11-20,10:57:00,2023-11-28,2.0,2.0,2.0,2.0,0,400,1
FINNIFTY28NOV2317500PE.NFO,2023-11-20,10:58:00,2023-11-28,2.0,2.0,2.0,2.0,0,400,1
FINNIFTY28NOV2317500PE.NFO,2023-11-20,10:59:00,2023-11-28,2.0,2.0,2.0,2.0,0,400,1
FINNIFTY28NOV2317500PE.NFO,2023-11-20,11:00:00,2023-11-28,2.0,2.0,2.0,2.0,0,400,1
FINNIFTY28NOV2317500PE.NFO,2023-11-20,11:01:00,2023-11-28,2.0,2.0,2.0,2.0,0,400,1
FINNIFTY28NOV2317500PE.NFO,2023-11-20,11:02:00,2023-11-28,2.0,2.0,2.0,2.0,0,400,1
FINNIFTY28NOV2317500PE.NFO,2023-11-20,11:03:00,2023-11-28,2.0,2.0,2.0,2.0,0,400,1
FINNIFTY28NOV2317500PE.NFO,2023-11-20,11:04:00,2023-11-28,2.0,2.0,2.0,2.0,0,400,1
FINNIFTY28NOV2317500PE.NFO,2023-11-20,11:05:00,2023-11-28,2.0,2.0,2.0,2.0,0,400,1
FINNIFTY28NOV2317500PE.NFO,2023-11-20,11:06:00,2023-11-28,2.0,2.0,2.0,2.0,0,400,1
FINNIFTY28NOV2317500PE.NFO,2023-11-20,11:07:00,2023-11-28,2.0,2.0,2.0,2.0,0,400,1
FINNIFTY28NOV2317500PE.NFO,2023-11-20,11:08:00,2023-11-28,2.0,2.0,2.0,2.0,0,400,1
FINNIFTY28NOV2317500PE.NFO,2023-11-20,11:09:00,2023-11-28,2.0,2.0,2.0,2.0,0,400,1
FINNIFTY28NOV2317500PE.NFO,2023-11-20,11:10:00,2023-11-28,2.0,2.0,2.0,2.0,0,400,1
FINNIFTY28NOV2317500PE.NFO,2023-11-20,11:11:00,2023-11-28,2.0,2.0,2.0,2.0,0,400,1
FINNIFTY28NOV2317500PE.NFO,2023-11-20,11:12:00,2023-11-28,2.0,2.0,2.0,2.0,0,400,1
FINNIFTY28NOV2317500PE.NFO,2023-11-20,11:13:00,2023-11-28,2.0,2.0,2.0,2.0,0,400,1
FINNIFTY28NOV2317500PE.NFO,2023-11-20,11:14:00,2023-11-28,2.0,2.0,2.0,2.0,0,400,1
FINNIFTY28NOV2317500PE.NFO,2023-11-20,11:15:00,2023-11-28,2.0,2.0,2.0,2.0,0,400,1
FINNIFTY28NOV2317500PE.NFO,2023-11-20,11:16:00,2023-11-28,2.0,2.0,2.0,2.0,0,400,1
FINNIFTY28NOV2317500PE.NFO,2023-11-20,11:17:00,2023-11-28,2.0,2.0,2.0,2.0,0,400,1
FINNIFTY28NOV2317500PE.NFO,2023-11-20,11:18:00,2023-11-28,2.0,2.0,2.0,2.0,0,400,1
FINNIFTY28NOV2317500PE.NFO,2023-11-20,11:19:00,2023-11-28,2.0,2.0,2.0,2.0,0,400,1
FINNIFTY28NOV2317500PE.NFO,2023-11-20,11:20:00,2023-11-28,2.0,2.0,2.0,2.0,0,400,1
FINNIFTY28NOV2317500PE.NFO,2023-11-20,11:21:00,2023-11-28,2.0,2.0,2.0,2.0,0,400,1
FINNIFTY28NOV2317500PE.NFO,2023-11-20,11:22:00,2023-11-28,2.0,2.0,2.0,2.0,0,400,1
FINNIFTY28NOV2317500PE.NFO,2023-11-20,11:23:00,2023-11-28,2.0,2.0,2.0,2.0,0,400,1
FINNIFTY28NOV2317500PE.NFO,2023-11-20,11:24:00,2023-11-28,2.0,2.0,2.0,2.0,0,400,1
FINNIFTY28NOV2317500PE.NFO,2023-11-20,11:25:00,2023-11-28,2.0,2.0,2.0,2.0,0,400,1
FINNIFTY28NOV2317500PE.NFO,2023-11-20,11:26:00,2023-11-28,2.0,2.0,2.0,2.0,0,400,1
FINNIFTY28NOV2317500PE.NFO,2023-11-20,11:27:00,2023-11-28,2.0,2.0,2.0,2.0,0,400,1
FINNIFTY28NOV2317500PE.NFO,2023-11-20,11:28:00,2023-11-28,2.0,2.0,2.0,2.0,0,400,1
FINNIFTY28NOV2317500PE.NFO,2023-11-20,11:29:00,2023-11-28,2.0,2.0,2.0,2.0,0,400,1
FINNIFTY28NOV2317500PE.NFO,2023-11-20,11:30:00,2023-11-28,2.0,2.0,2.0,2.0,0,400,1
FINNIFTY28NOV2317500PE.NFO,2023-11-20,11:31:00,2023-11-28,2.0,2.0,2.0,2.0,0,400,1
FINNIFTY28NOV2317500PE.NFO,2023-11-20,11:32:00,2023-11-28,2.0,2.0,2.0,2.0,0,400,1
FINNIFTY28NOV2317500PE.NFO,2023-11-20,11:33:00,2023-11-28,2.0,2.0,2.0,2.0,0,400,1
FINNIFTY28NOV2317500PE.NFO,2023-11-20,11:34:00,2023-11-28,2.0,2.0,2.0,2.0,0,400,1
FINNIFTY28NOV2317500PE.NFO,2023-11-20,11:35:00,2023-11-28,2.0,2.0,2.0,2.0,0,400,1
FINNIFTY28NOV2317500PE.NFO,2023-11-20,11:36:00,2023-11-28,2.0,2.0,2.0,2.0,0,400,1
FINNIFTY28NOV2317500PE.NFO,2023-11-20,11:37:00,2023-11-28,2.0,2.0,2.0,2.0,0,400,1
FINNIFTY28NOV2317500PE.NFO,2023-11-20,11:38:00,2023-11-28,2.0,2.0,2.0,2.0,0,400,1
FINNIFTY28NOV2317500PE.NFO,2023-11-20,11:39:00,2023-11-28,2.0,2.0,2.0,2.0,0,400,1
FINNIFTY28NOV2317500PE.NFO,2023-11-20,11:40:00,2023-11-28,2.0,2.0,2.0,2.0,0,400,1
FINNIFTY28NOV2317500PE.NFO,2023-11-20,11:41:00,2023-11-28,2.0,2.0,2.0,2.0,0,400,1
FINNIFTY28NOV2317500PE.NFO,2023-11-20,11:42:00,2023-11-28,2.0,2.0,2.0,2.0,0,400,1
FINNIFTY28NOV2317500PE.NFO,2023-11-20,11:43:00,2023-11-28,2.0,2.0,2.0,2.0,0,400,1
FINNIFTY28NOV2317500PE.NFO,2023-11-20,11:44:00,2023-11-28,2.0,2.0,2.0,2.0,0,400,1
FINNIFTY28NOV2317500PE.NFO,2023-11-20,11:45:00,2023-11-28,2.0,2.0,2.0,2.0,0,400,1
FINNIFTY28NOV2317500PE.NFO,2023-11-20,11:46:00,2023-11-28,2.0,2.0,2.0,2.0,0,400,1
FINNIFTY28NOV2317500PE.NFO,2023-11-20,11:47:00,2023-11-28,2.0,2.0,2.0,2.0,0,400,1
FINNIFTY28NOV2317500PE.NFO,2023-11-20,11:48:00,2023-11-28,2.0,2.0,2.0,2.0,0,400,1
FINNIFTY28NOV2317500PE.NFO,2023-11-20,11:49:00,2023-11-28,2.0,2.0,2.0,2.0,0,400,1
FINNIFTY28NOV2317500PE.NFO,2023-11-20,11:50:00,2023-11-28,2.0,2.0,2.0,2.0,0,400,1
FINNIFTY28NOV2317500PE.NFO,2023-11-20,11:51:00,2023-11-28,2.0,2.0,2.0,2.0,0,400,1
FINNIFTY28NOV2317500PE.NFO,2023-11-20,11:52:00,2023-11-28,2.0,2.0,2.0,2.0,0,400,1
FINNIFTY28NOV2317500PE.NFO,2023-11-20,11:53:00,2023-11-28,2.0,2.0,2.0,2.0,0,400,1
FINNIFTY28NOV2317500PE.NFO,2023-11-20,11:54:00,2023-11-28,2.0,2.0,2.0,2.0,0,400,1
FINNIFTY28NOV2317500PE.NFO,2023-11-20,11:55:00,2023-11-28,2.0,2.0,2.0,2.0,0,400,1
FINNIFTY28NOV2317500PE.NFO,2023-11-20,11:56:00,2023-11-28,2.0,2.0,2.0,2.0,0,400,1
FINNIFTY28NOV2317500PE.NFO,2023-11-20,11:57:00,2023-11-28,2.0,2.0,2.0,2.0,0,400,1
FINNIFTY28NOV2317500PE.NFO,2023-11-20,11:58:00,2023-11-28,2.0,2.0,2.0,2.0,0,400,1
FINNIFTY28NOV2317500PE.NFO,2023-11-20,11:59:00,2023-11-28,2.0,2.0,2.0,2.0,0,400,1
FINNIFTY28NOV2317500PE.NFO,2023-11-20,12:00:00,2023-11-28,2.0,2.0,2.0,2.0,0,400,1
FINNIFTY28NOV2317500PE.NFO,2023-11-20,12:01:00,2023-11-28,2.0,2.0,2.0,2.0,0,400,1
FINNIFTY28NOV2317500PE.NFO,2023-11-20,12:02:00,2023-11-28,2.0,2.0,2.0,2.0,0,400,1
FINNIFTY28NOV2317500PE.NFO,2023-11-20,12:03:00,2023-11-28,2.0,2.0,2.0,2.0,0,400,1
FINNIFTY28NOV2317500PE.NFO,2023-11-20,12:04:00,2023-11-28,2.0,2.0,2.0,2.0,0,400,1
FINNIFTY28NOV2317500PE.NFO,2023-11-20,12:05:00,2023-11-28,2.0,2.0,2.0,2.0,0,400,1
FINNIFTY28NOV2317500PE.NFO,2023-11-20,12:06:00,2023-11-28,2.0,2.0,2.0,2.0,0,400,1
FINNIFTY28NOV2317500PE.NFO,2023-11-20,12:07:00,2023-11-28,2.0,2.0,2.0,2.0,0,400,1
FINNIFTY28NOV2317500PE.NFO,2023-11-20,12:08:00,2023-11-28,2.0,2.0,2.0,2.0,0,400,1
FINNIFTY28NOV2317500PE.NFO,2023-11-20,12:09:00,2023-11-28,2.0,2.0,2.0,2.0,0,400,1
FINNIFTY28NOV2317500PE.NFO,2023-11-20,12:10:00,2023-11-28,2.0,2.0,2.0,2.0,0,400,1
FINNIFTY28NOV2317500PE.NFO,2023-11-20,12:11:00,2023-11-28,2.0,2.0,2.0,2.0,0,400,1
FINNIFTY28NOV2317500PE.NFO,2023-11-20,12:12:00,2023-11-28,2.0,2.0,2.0,2.0,0,400,1
FINNIFTY28NOV2317500PE.NFO,2023-11-20,12:13:00,2023-11-28,2.0,2.0,2.0,2.0,0,400,1
FINNIFTY28NOV2317500PE.NFO,2023-11-20,12:14:00,2023-11-28,2.0,2.0,2.0,2.0,0,400,1
FINNIFTY28NOV2317500PE.NFO,2023-11-20,12:15:00,2023-11-28,2.0,2.0,2.0,2.0,0,400,1
FINNIFTY28NOV2317500PE.NFO,2023-11-20,12:16:00,2023-11-28,2.0,2.0,2.0,2.0,0,400,1
FINNIFTY28NOV2317500PE.NFO,2023-11-20,12:17:00,2023-11-28,2.0,2.0,2.0,2.0,0,400,1
FINNIFTY28NOV2317500PE.NFO,2023-11-20,12:18:00,2023-11-28,2.0,2.0,2.0,2.0,0,400,1
FINNIFTY28NOV2317500PE.NFO,2023-11-20,12:19:00,2023-11-28,2.0,2.0,2.0,2.0,0,400,1
FINNIFTY28NOV2317500PE.NFO,2023-11-20,12:20:00,2023-11-28,2.0,2.0,2.0,2.0,0,400,1
FINNIFTY28NOV2317500PE.NFO,2023-11-20,12:21:00,2023-11-28,2.0,2.0,2.0,2.0,0,400,1
FINNIFTY28NOV2317500PE.NFO,2023-11-20,12:22:00,2023-11-28,2.0,2.0,2.0,2.0,0,400,1
FINNIFTY28NOV2317500PE.NFO,2023-11-20,12:23:00,2023-11-28,2.0,2.0,2.0,2.0,0,400,1
FINNIFTY28NOV2317500PE.NFO,2023-11-20,12:24:00,2023-11-28,2.0,2.0,2.0,2.0,0,400,1
FINNIFTY28NOV2317500PE.NFO,2023-11-20,12:25:00,2023-11-28,2.0,2.0,2.0,2.0,0,400,1
FINNIFTY28NOV2317500PE.NFO,2023-11-20,12:26:00,2023-11-28,2.0,2.0,2.0,2.0,0,400,1
FINNIFTY28NOV2317500PE.NFO,2023-11-20,12:27:00,2023-11-28,2.0,2.0,2.0,2.0,0,400,1
FINNIFTY28NOV2317500PE.NFO,2023-11-20,12:28:00,2023-11-28,2.0,2.0,2.0,2.0,0,400,1
FINNIFTY28NOV2317500PE.NFO,2023-11-20,12:29:00,2023-11-28,2.0,2.0,2.0,2.0,0,400,1
FINNIFTY28NOV2317500PE.NFO,2023-11-20,12:30:00,2023-11-28,2.0,2.0,2.0,2.0,0,400,1
FINNIFTY28NOV2317500PE.NFO,2023-11-20,12:31:00,2023-11-28,2.0,2.0,2.0,2.0,0,400,1
FINNIFTY28NOV2317500PE.NFO,2023-11-20,12:32:00,2023-11-28,2.0,2.0,2.0,2.0,0,400,1
FINNIFTY28NOV2317500PE.NFO,2023-11-20,12:33:00,2023-11-28,2.0,2.0,2.0,2.0,0,400,1
FINNIFTY28NOV2317500PE.NFO,2023-11-20,12:34:00,2023-11-28,2.0,2.0,2.0,2.0,0,400,1
FINNIFTY28NOV2317500PE.NFO,2023-11-20,12:35:00,2023-11-28,2.0,2.0,2.0,2.0,0,400,1
FINNIFTY28NOV2317500PE.NFO,2023-11-20,12:36:00,2023-11-28,2.0,2.0,2.0,2.0,0,400,1
FINNIFTY28NOV2317500PE.NFO,2023-11-20,12:37:00,2023-11-28,2.0,2.0,2.0,2.0,0,400,1
FINNIFTY28NOV2317500PE.NFO,2023-11-20,12:38:00,2023-11-28,2.0,2.0,2.0,2.0,0,400,1
FINNIFTY28NOV2317500PE.NFO,2023-11-20,12:39:00,2023-11-28,2.0,2.0,2.0,2.0,0,400,1
FINNIFTY28NOV2317500PE.NFO,2023-11-20,12:40:00,2023-11-28,2.0,2.0,2.0,2.0,0,400,1
FINNIFTY28NOV2317500PE.NFO,2023-11-20,12:41:00,2023-11-28,2.0,2.0,2.0,2.0,0,400,1
FINNIFTY28NOV2317500PE.NFO,2023-11-20,12:42:00,2023-11-28,2.0,2.0,2.0,2.0,0,400,1
FINNIFTY28NOV2317500PE.NFO,2023-11-20,12:43:00,2023-11-28,2.0,2.0,2.0,2.0,0,400,1
FINNIFTY28NOV2317500PE.NFO,2023-11-20,12:44:00,2023-11-28,2.0,2.0,2.0,2.0,0,400,1
FINNIFTY28NOV2317500PE.NFO,2023-11-20,12:45:00,2023-11-28,2.0,2.0,2.0,2.0,0,400,1
FINNIFTY28NOV2317500PE.NFO,2023-11-20,12:46:00,2023-11-28,2.0,2.0,2.0,2.0,0,400,1
FINNIFTY28NOV2317500PE.NFO,2023-11-20,12:47:00,2023-11-28,2.0,2.0,2.0,2.0,0,400,1
FINNIFTY28NOV2317500PE.NFO,2023-11-20,12:48:00,2023-11-28,2.0,2.0,2.0,2.0,0,400,1
FINNIFTY28NOV2317500PE.NFO,2023-11-20,12:49:00,2023-11-28,2.0,2.0,2.0,2.0,0,400,1
FINNIFTY28NOV2317500PE.NFO,2023-11-20,12:50:00,2023-11-28,2.0,2.0,2.0,2.0,0,400,1
FINNIFTY28NOV2317500PE.NFO,2023-11-20,12:51:00,2023-11-28,2.0,2.0,2.0,2.0,0,400,1
FINNIFTY28NOV2317500PE.NFO,2023-11-20,12:52:00,2023-11-28,2.0,2.0,2.0,2.0,0,400,1
FINNIFTY28NOV2317500PE.NFO,2023-11-20,12:53:00,2023-11-28,2.0,2.0,2.0,2.0,0,400,1
FINNIFTY28NOV2317500PE.NFO,2023-11-20,12:54:00,2023-11-28,2.0,2.0,2.0,2.0,0,400,1
FINNIFTY28NOV2317500PE.NFO,2023-11-20,12:55:00,2023-11-28,2.0,2.0,2.0,2.0,0,400,1
FINNIFTY28NOV2317500PE.NFO,2023-11-20,12:56:00,2023-11-28,2.0,2.0,2.0,2.0,0,400,1
FINNIFTY28NOV2317500PE.NFO,2023-11-20,12:57:00,2023-11-28,2.0,2.0,2.0,2.0,0,400,1
FINNIFTY28NOV2317500PE.NFO,2023-11-20,12:58:00,2023-11-28,2.0,2.0,2.0,2.0,0,400,1
FINNIFTY28NOV2317500PE.NFO,2023-11-20,12:59:00,2023-11-28,2.0,2.0,2.0,2.0,0,400,1
FINNIFTY28NOV2317500PE.NFO,2023-11-20,13:00:00,2023-11-28,2.0,2.0,2.0,2.0,0,400,1
FINNIFTY28NOV2317500PE.NFO,2023-11-20,13:01:00,2023-11-28,2.0,2.0,2.0,2.0,0,400,1
FINNIFTY28NOV2317500PE.NFO,2023-11-20,13:02:00,2023-11-28,2.0,2.0,2.0,2.0,0,400,1
FINNIFTY28NOV2317500PE.NFO,2023-11-20,13:03:00,2023-11-28,2.0,2.0,2.0,2.0,0,400,1
FINNIFTY28NOV2317500PE.NFO,2023-11-20,13:04:00,2023-11-28,2.0,2.0,2.0,2.0,0,400,1
FINNIFTY28NOV2317500PE.NFO,2023-11-20,13:05:00,2023-11-28,2.0,2.0,2.0,2.0,0,400,1
FINNIFTY28NOV2317500PE.NFO,2023-11-20,13:06:00,2023-11-28,2.0,2.0,2.0,2.0,0,400,1
FINNIFTY28NOV2317500PE.NFO,2023-11-20,13:07:00,2023-11-28,2.0,2.0,2.0,2.0,0,400,1
FINNIFTY28NOV2317500PE.NFO,2023-11-20,13:08:00,2023-11-28,2.0,2.0,2.0,2.0,0,400,1
FINNIFTY28NOV2317500PE.NFO,2023-11-20,13:09:00,2023-11-28,2.0,2.0,2.0,2.0,0,400,1
FINNIFTY28NOV2317500PE.NFO,2023-11-20,13:10:00,2023-11-28,2.0,2.0,2.0,2.0,0,400,1
FINNIFTY28NOV2317500PE.NFO,2023-11-20,13:11:00,2023-11-28,2.0,2.0,2.0,2.0,0,400,1
FINNIFTY28NOV2317500PE.NFO,2023-11-20,13:12:00,2023-11-28,2.0,2.0,2.0,2.0,0,400,1
FINNIFTY28NOV2317500PE.NFO,2023-11-20,13:13:00,2023-11-28,2.0,2.0,2.0,2.0,0,400,1
FINNIFTY28NOV2317500PE.NFO,2023-11-20,13:14:00,2023-11-28,2.0,2.0,2.0,2.0,0,400,1
FINNIFTY28NOV2317500PE.NFO,2023-11-20,13:15:00,2023-11-28,2.0,2.0,2.0,2.0,0,400,1
FINNIFTY28NOV2317500PE.NFO,2023-11-20,13:16:00,2023-11-28,2.0,2.0,2.0,2.0,0,400,1
FINNIFTY28NOV2317500PE.NFO,2023-11-20,13:17:00,2023-11-28,2.0,2.0,2.0,2.0,0,400,1
FINNIFTY28NOV2317500PE.NFO,2023-11-20,13:18:00,2023-11-28,2.0,2.0,2.0,2.0,0,400,1
FINNIFTY28NOV2317500PE.NFO,2023-11-20,13:19:00,2023-11-28,2.0,2.0,2.0,2.0,0,400,1
FINNIFTY28NOV2317500PE.NFO,2023-11-20,13:20:00,2023-11-28,2.0,2.0,2.0,2.0,0,400,1
FINNIFTY28NOV2317500PE.NFO,2023-11-20,13:21:00,2023-11-28,2.0,2.0,2.0,2.0,0,400,1
FINNIFTY28NOV2317500PE.NFO,2023-11-20,13:22:00,2023-11-28,2.0,2.0,2.0,2.0,0,400,1
FINNIFTY28NOV2317500PE.NFO,2023-11-20,13:23:00,2023-11-28,2.0,2.0,2.0,2.0,0,400,1
FINNIFTY28NOV2317500PE.NFO,2023-11-20,13:24:00,2023-11-28,2.0,2.0,2.0,2.0,0,400,1
FINNIFTY28NOV2317500PE.NFO,2023-11-20,13:25:00,2023-11-28,2.0,2.0,2.0,2.0,0,400,1
FINNIFTY28NOV2317500PE.NFO,2023-11-20,13:26:00,2023-11-28,2.0,2.0,2.0,2.0,0,400,1
FINNIFTY28NOV2317500PE.NFO,2023-11-20,13:27:00,2023-11-28,2.0,2.0,2.0,2.0,0,400,1
FINNIFTY28NOV2317500PE.NFO,2023-11-20,13:28:00,2023-11-28,2.0,2.0,2.0,2.0,0,400,1
FINNIFTY28NOV2317500PE.NFO,2023-11-20,13:29:00,2023-11-28,2.0,2.0,2.0,2.0,0,400,1
FINNIFTY28NOV2317500PE.NFO,2023-11-20,13:30:00,2023-11-28,2.0,2.0,2.0,2.0,0,400,1
FINNIFTY28NOV2317500PE.NFO,2023-11-20,13:31:00,2023-11-28,2.0,2.0,2.0,2.0,0,400,0
FINNIFTY28NOV2317500PE.NFO,2023-11-20,13:32:00,2023-11-28,2.0,2.0,2.0,2.0,0,400,0
FINNIFTY28NOV2317500PE.NFO,2023-11-20,13:33:00,2023-11-28,2.0,2.0,2.0,2.0,0,400,1
FINNIFTY28NOV2317500PE.NFO,2023-11-20,13:34:00,2023-11-28,2.0,2.0,2.0,2.0,0,400,0
FINNIFTY28NOV2317500PE.NFO,2023-11-20,13:35:00,2023-11-28,2.0,2.0,2.0,2.0,0,400,1
FINNIFTY28NOV2317500PE.NFO,2023-11-20,13:36:00,2023-11-28,2.0,2.0,2.0,2.0,0,400,0
FINNIFTY28NOV2317500PE.NFO,2023-11-20,13:37:00,2023-11-28,2.0,2.0,2.0,2.0,0,400,1
FINNIFTY28NOV2317500PE.NFO,2023-11-20,13:38:00,2023-11-28,2.0,2.0,2.0,2.0,0,400,1
FINNIFTY28NOV2317500PE.NFO,2023-11-20,13:39:00,2023-11-28,2.0,2.0,2.0,2.0,0,400,0
FINNIFTY28NOV2317500PE.NFO,2023-11-20,13:40:00,2023-11-28,2.0,2.0,2.0,2.0,0,400,0
FINNIFTY28NOV2317500PE.NFO,2023-11-20,13:41:00,2023-11-28,2.65,2.65,2.65,2.65,320,640,0
FINNIFTY28NOV2317500PE.NFO,2023-11-20,13:42:00,2023-11-28,2.65,2.65,2.65,2.65,320,640,1
FINNIFTY28NOV2317500PE.NFO,2023-11-20,13:43:00,2023-11-28,2.65,2.65,2.65,2.65,320,640,1
FINNIFTY28NOV2317500PE.NFO,2023-11-20,13:44:00,2023-11-28,2.65,2.65,2.65,2.65,320,640,1
FINNIFTY28NOV2317500PE.NFO,2023-11-20,13:45:00,2023-11-28,2.65,2.65,2.65,2.65,0,640,0
FINNIFTY28NOV2317500PE.NFO,2023-11-20,13:46:00,2023-11-28,2.65,2.65,2.65,2.65,0,640,0
FINNIFTY28NOV2317500PE.NFO,2023-11-20,13:47:00,2023-11-28,2.65,2.65,2.65,2.65,0,640,1
FINNIFTY28NOV2317500PE.NFO,2023-11-20,13:48:00,2023-11-28,2.65,2.65,2.65,2.65,0,640,1
FINNIFTY28NOV2317500PE.NFO,2023-11-20,13:49:00,2023-11-28,2.65,2.65,2.65,2.65,0,640,1
FINNIFTY28NOV2317500PE.NFO,2023-11-20,13:50:00,2023-11-28,2.65,2.65,2.65,2.65,0,640,1
FINNIFTY28NOV2317500PE.NFO,2023-11-20,13:51:00,2023-11-28,2.65,2.65,2.65,2.65,0,640,1
FINNIFTY28NOV2317500PE.NFO,2023-11-20,13:52:00,2023-11-28,2.65,2.65,2.65,2.65,0,640,0
FINNIFTY28NOV2317500PE.NFO,2023-11-20,13:53:00,2023-11-28,2.65,2.65,2.65,2.65,0,640,1
FINNIFTY28NOV2317500PE.NFO,2023-11-20,13:54:00,2023-11-28,2.65,2.65,2.65,2.65,0,640,1
FINNIFTY28NOV2317500PE.NFO,2023-11-20,13:55:00,2023-11-28,2.65,2.65,2.65,2.65,0,640,1
FINNIFTY28NOV2317500PE.NFO,2023-11-20,13:56:00,2023-11-28,2.65,2.65,2.65,2.65,0,640,0
FINNIFTY28NOV2317500PE.NFO,2023-11-20,13:57:00,2023-11-28,2.65,2.65,2.65,2.65,0,640,1
FINNIFTY28NOV2317500PE.NFO,2023-11-20,13:58:00,2023-11-28,2.65,2.65,2.65,2.65,0,640,1
FINNIFTY28NOV2317500PE.NFO,2023-11-20,13:59:00,2023-11-28,2.65,2.65,2.65,2.65,0,640,0
FINNIFTY28NOV2317500PE.NFO,2023-11-20,14:00:00,2023-11-28,2.65,2.65,2.65,2.65,0,640,1
FINNIFTY28NOV2317500PE.NFO,2023-11-20,14:01:00,2023-11-28,2.65,2.65,2.65,2.65,0,640,0
FINNIFTY28NOV2317500PE.NFO,2023-11-20,14:02:00,2023-11-28,2.65,2.65,1.5,1.5,320,640,0
FINNIFTY28NOV2317500PE.NFO,2023-11-20,14:03:00,2023-11-28,1.5,1.5,1.5,1.5,0,640,0
FINNIFTY28NOV2317500PE.NFO,2023-11-20,14:04:00,2023-11-28,1.5,1.5,1.5,1.5,0,640,1
FINNIFTY28NOV2317500PE.NFO,2023-11-20,14:05:00,2023-11-28,1.5,1.5,1.5,1.5,0,640,0
FINNIFTY28NOV2317500PE.NFO,2023-11-20,14:06:00,2023-11-28,1.5,1.5,1.5,1.5,0,640,0
FINNIFTY28NOV2317500PE.NFO,2023-11-20,14:07:00,2023-11-28,1.5,1.5,1.5,1.5,0,640,1
FINNIFTY28NOV2317500PE.NFO,2023-11-20,14:08:00,2023-11-28,1.5,1.5,1.5,1.5,0,640,1
FINNIFTY28NOV2317500PE.NFO,2023-11-20,14:09:00,2023-11-28,1.5,1.5,1.5,1.5,0,640,1
FINNIFTY28NOV2317500PE.NFO,2023-11-20,14:10:00,2023-11-28,1.5,1.5,1.5,1.5,0,640,1
FINNIFTY28NOV2317500PE.NFO,2023-11-20,14:11:00,2023-11-28,1.5,1.5,1.5,1.5,0,640,1
FINNIFTY28NOV2317500PE.NFO,2023-11-20,14:12:00,2023-11-28,1.5,1.5,1.5,1.5,0,640,1
FINNIFTY28NOV2317500PE.NFO,2023-11-20,14:13:00,2023-11-28,1.5,1.5,1.5,1.5,0,640,1
FINNIFTY28NOV2317500PE.NFO,2023-11-20,14:14:00,2023-11-28,1.5,1.5,1.5,1.5,0,640,1
FINNIFTY28NOV2317500PE.NFO,2023-11-20,14:15:00,2023-11-28,1.5,1.5,1.5,1.5,0,640,1
FINNIFTY28NOV2317500PE.NFO,2023-11-20,14:16:00,2023-11-28,1.5,1.5,1.5,1.5,0,640,1
FINNIFTY28NOV2317500PE.NFO,2023-11-20,14:17:00,2023-11-28,1.5,1.5,1.5,1.5,0,640,0
FINNIFTY28NOV2317500PE.NFO,2023-11-20,14:18:00,2023-11-28,1.5,1.5,1.5,1.5,0,640,1
FINNIFTY28NOV2317500PE.NFO,2023-11-20,14:19:00,2023-11-28,1.5,1.5,1.5,1.5,0,640,1
FINNIFTY28NOV2317500PE.NFO,2023-11-20,14:20:00,2023-11-28,1.5,1.5,1.5,1.5,0,640,1
FINNIFTY28NOV2317500PE.NFO,2023-11-20,14:21:00,2023-11-28,1.5,1.5,1.5,1.5,0,640,1
FINNIFTY28NOV2317500PE.NFO,2023-11-20,14:22:00,2023-11-28,1.5,1.5,1.5,1.5,0,640,1
FINNIFTY28NOV2317500PE.NFO,2023-11-20,14:23:00,2023-11-28,1.5,1.5,1.5,1.5,0,640,1
FINNIFTY28NOV2317500PE.NFO,2023-11-20,14:24:00,2023-11-28,1.5,1.5,1.5,1.5,0,640,0
FINNIFTY28NOV2317500PE.NFO,2023-11-20,14:25:00,2023-11-28,1.5,1.5,1.5,1.5,0,640,1
FINNIFTY28NOV2317500PE.NFO,2023-11-20,14:26:00,2023-11-28,1.5,1.5,1.5,1.5,0,640,1
FINNIFTY28NOV2317500PE.NFO,2023-11-20,14:27:00,2023-11-28,1.5,1.5,1.5,1.5,0,640,1
FINNIFTY28NOV2317500PE.NFO,2023-11-20,14:28:00,2023-11-28,1.5,1.5,1.5,1.5,0,640,1
FINNIFTY28NOV2317500PE.NFO,2023-11-20,14:29:00,2023-11-28,1.5,1.5,1.5,1.5,0,640,1
FINNIFTY28NOV2317500PE.NFO,2023-11-20,14:30:00,2023-11-28,1.5,1.5,1.5,1.5,0,640,1
FINNIFTY28NOV2317500PE.NFO,2023-11-20,14:31:00,2023-11-28,1.5,1.5,1.5,1.5,0,640,1
FINNIFTY28NOV2317500PE.NFO,2023-11-20,14:32:00,2023-11-28,1.5,1.5,1.5,1.5,0,640,0
FINNIFTY28NOV2317500PE.NFO,2023-11-20,14:33:00,2023-11-28,1.5,1.5,1.5,1.5,0,640,1
FINNIFTY28NOV2317500PE.NFO,2023-11-20,14:34:00,2023-11-28,1.5,1.5,1.5,1.5,0,640,1
FINNIFTY28NOV2317500PE.NFO,2023-11-20,14:35:00,2023-11-28,1.5,1.5,1.5,1.5,0,640,1
FINNIFTY28NOV2317500PE.NFO,2023-11-20,14:36:00,2023-11-28,1.5,1.5,1.5,1.5,0,640,1
FINNIFTY28NOV2317500PE.NFO,2023-11-20,14:37:00,2023-11-28,1.5,1.5,1.5,1.5,0,640,1
FINNIFTY28NOV2317500PE.NFO,2023-11-20,14:38:00,2023-11-28,1.5,1.5,1.5,1.5,0,640,1
FINNIFTY28NOV2317500PE.NFO,2023-11-20,14:39:00,2023-11-28,1.5,1.5,1.5,1.5,0,640,1
FINNIFTY28NOV2317500PE.NFO,2023-11-20,14:40:00,2023-11-28,1.5,1.5,1.5,1.5,0,640,1
FINNIFTY28NOV2317500PE.NFO,2023-11-20,14:41:00,2023-11-28,1.5,1.5,1.5,1.5,0,640,1
FINNIFTY28NOV2317500PE.NFO,2023-11-20,14:42:00,2023-11-28,1.5,1.5,1.5,1.5,0,640,1
FINNIFTY28NOV2317500PE.NFO,2023-11-20,14:43:00,2023-11-28,1.5,1.5,1.5,1.5,0,640,1
FINNIFTY28NOV2317500PE.NFO,2023-11-20,14:44:00,2023-11-28,1.9,1.9,1.9,1.9,120,640,0
FINNIFTY28NOV2317500PE.NFO,2023-11-20,14:45:00,2023-11-28,1.9,1.9,1.9,1.9,0,640,0
FINNIFTY28NOV2317500PE.NFO,2023-11-20,14:46:00,2023-11-28,1.9,1.9,1.9,1.9,0,640,0
FINNIFTY28NOV2317500PE.NFO,2023-11-20,14:47:00,2023-11-28,1.9,1.9,1.9,1.9,0,640,1
FINNIFTY28NOV2317500PE.NFO,2023-11-20,14:48:00,2023-11-28,1.9,1.9,1.9,1.9,0,640,1
FINNIFTY28NOV2317500PE.NFO,2023-11-20,14:49:00,2023-11-28,1.9,1.9,1.9,1.9,0,640,1
FINNIFTY28NOV2317500PE.NFO,2023-11-20,14:50:00,2023-11-28,1.9,1.9,1.9,1.9,0,640,0
FINNIFTY28NOV2317500PE.NFO,2023-11-20,14:51:00,2023-11-28,1.9,1.9,1.9,1.9,0,640,1
FINNIFTY28NOV2317500PE.NFO,2023-11-20,14:52:00,2023-11-28,1.9,1.9,1.9,1.9,0,640,1
FINNIFTY28NOV2317500PE.NFO,2023-11-20,14:53:00,2023-11-28,1.9,1.9,1.9,1.9,0,640,1
FINNIFTY28NOV2317500PE.NFO,2023-11-20,14:54:00,2023-11-28,1.9,1.9,1.9,1.9,0,640,1
FINNIFTY28NOV2317500PE.NFO,2023-11-20,14:55:00,2023-11-28,1.9,1.9,1.9,1.9,0,640,1
FINNIFTY28NOV2317500PE.NFO,2023-11-20,14:56:00,2023-11-28,1.9,1.9,1.9,1.9,0,640,1
FINNIFTY28NOV2317500PE.NFO,2023-11-20,14:57:00,2023-11-28,1.9,1.9,1.9,1.9,0,640,1
FINNIFTY28NOV2317500PE.NFO,2023-11-20,14:58:00,2023-11-28,1.9,1.9,1.9,1.9,0,640,1
FINNIFTY28NOV2317500PE.NFO,2023-11-20,14:59:00,2023-11-28,1.9,1.9,1.9,1.9,0,640,0
FINNIFTY28NOV2317500PE.NFO,2023-11-20,15:00:00,2023-11-28,1.9,1.9,1.9,1.9,0,640,0
FINNIFTY28NOV2317500PE.NFO,2023-11-20,15:01:00,2023-11-28,1.9,1.9,1.9,1.9,0,640,0
FINNIFTY28NOV2317500PE.NFO,2023-11-20,15:02:00,2023-11-28,1.9,1.9,1.9,1.9,0,640,0
FINNIFTY28NOV2317500PE.NFO,2023-11-20,15:03:00,2023-11-28,1.9,1.9,1.9,1.9,0,640,1
FINNIFTY28NOV2317500PE.NFO,2023-11-20,15:04:00,2023-11-28,1.9,1.9,1.9,1.9,0,640,1
FINNIFTY28NOV2317500PE.NFO,2023-11-20,15:05:00,2023-11-28,1.9,1.9,1.9,1.9,0,640,1
FINNIFTY28NOV2317500PE.NFO,2023-11-20,15:06:00,2023-11-28,1.9,1.9,1.9,1.9,0,640,1
FINNIFTY28NOV2317500PE.NFO,2023-11-20,15:07:00,2023-11-28,1.9,1.9,1.9,1.9,0,640,1
FINNIFTY28NOV2317500PE.NFO,2023-11-20,15:08:00,2023-11-28,1.9,1.9,1.9,1.9,0,640,1
FINNIFTY28NOV2317500PE.NFO,2023-11-20,15:09:00,2023-11-28,1.9,1.9,1.9,1.9,0,640,1
FINNIFTY28NOV2317500PE.NFO,2023-11-20,15:10:00,2023-11-28,1.9,1.9,1.9,1.9,0,640,1
FINNIFTY28NOV2317500PE.NFO,2023-11-20,15:11:00,2023-11-28,1.9,1.9,1.9,1.9,0,640,1
FINNIFTY28NOV2317500PE.NFO,2023-11-20,15:12:00,2023-11-28,1.9,1.9,1.9,1.9,0,640,1
FINNIFTY28NOV2317500PE.NFO,2023-11-20,15:13:00,2023-11-28,1.9,1.9,1.9,1.9,0,640,0
FINNIFTY28NOV2317500PE.NFO,2023-11-20,15:14:00,2023-11-28,1.9,1.9,1.9,1.9,0,640,1
FINNIFTY28NOV2317500PE.NFO,2023-11-20,15:15:00,2023-11-28,1.9,1.9,1.9,1.9,0,640,0
FINNIFTY28NOV2317500PE.NFO,2023-11-20,15:16:00,2023-11-28,1.9,1.9,1.9,1.9,0,640,1
FINNIFTY28NOV2317500PE.NFO,2023-11-20,15:17:00,2023-11-28,1.9,1.9,1.9,1.9,0,640,1
FINNIFTY28NOV2317500PE.NFO,2023-11-20,15:18:00,2023-11-28,1.9,1.9,1.9,1.9,0,640,1
FINNIFTY28NOV2317500PE.NFO,2023-11-20,15:19:00,2023-11-28,1.9,1.9,1.9,1.9,0,640,1
FINNIFTY28NOV2317500PE.NFO,2023-11-20,15:20:00,2023-11-28,1.9,1.9,1.9,1.9,0,640,0
FINNIFTY28NOV2317500PE.NFO,2023-11-20,15:21:00,2023-11-28,1.9,1.9,1.9,1.9,0,640,1
FINNIFTY28NOV2317500PE.NFO,2023-11-20,15:22:00,2023-11-28,1.9,1.9,1.9,1.9,0,640,1
FINNIFTY28NOV2317500PE.NFO,2023-11-20,15:23:00,2023-11-28,1.9,1.9,1.9,1.9,0,640,1
FINNIFTY28NOV2317500PE.NFO,2023-11-20,15:24:00,2023-11-28,1.9,1.9,1.9,1.9,0,640,0
FINNIFTY28NOV2317500PE.NFO,2023-11-20,15:25:00,2023-11-28,1.9,1.9,1.9,1.9,0,640,1
FINNIFTY28NOV2317500PE.NFO,2023-11-20,15:26:00,2023-11-28,1.9,1.9,1.9,1.9,0,640,1
FINNIFTY28NOV2317500PE.NFO,2023-11-20,15:27:00,2023-11-28,1.9,1.9,1.9,1.9,0,640,0
FINNIFTY28NOV2317500PE.NFO,2023-11-20,15:28:00,2023-11-28,1.9,1.9,1.9,1.9,0,640,0
FINNIFTY28NOV2317500PE.NFO,2023-11-20,15:29:00,2023-11-28,1.9,1.9,1.9,1.9,0,640,1
FINNIFTY28NOV2317500PE.NFO,2023-11-20,15:30:00,2023-11-28,1.9,1.9,1.9,1.9,0,640,1
FINNIFTY28NOV2317500PE.NFO,2023-11-21,09:15:00,2023-11-28,1.5,1.5,1.5,1.5,320,760,1
FINNIFTY28NOV2317500PE.NFO,2023-11-21,09:16:00,2023-11-28,1.5,1.5,1.5,1.5,320,760,1
FINNIFTY28NOV2317500PE.NFO,2023-11-21,09:17:00,2023-11-28,1.5,1.5,1.5,1.5,320,760,1
FINNIFTY28NOV2317500PE.NFO,2023-11-21,09:18:00,2023-11-28,1.5,1.5,1.5,1.5,320,760,1
FINNIFTY28NOV2317500PE.NFO,2023-11-21,09:19:00,2023-11-28,1.5,1.5,1.5,1.5,320,760,1
FINNIFTY28NOV2317500PE.NFO,2023-11-21,09:20:00,2023-11-28,1.5,1.5,1.5,1.5,320,760,1
FINNIFTY28NOV2317500PE.NFO,2023-11-21,09:21:00,2023-11-28,1.5,1.5,1.5,1.5,320,760,1
FINNIFTY28NOV2317500PE.NFO,2023-11-21,09:22:00,2023-11-28,1.5,1.5,1.5,1.5,320,760,1
FINNIFTY28NOV2317500PE.NFO,2023-11-21,09:23:00,2023-11-28,1.5,1.5,1.5,1.5,320,760,1
FINNIFTY28NOV2317500PE.NFO,2023-11-21,09:24:00,2023-11-28,1.5,1.5,1.5,1.5,320,760,1
FINNIFTY28NOV2317500PE.NFO,2023-11-21,09:25:00,2023-11-28,1.5,1.5,1.5,1.5,320,760,1
FINNIFTY28NOV2317500PE.NFO,2023-11-21,09:26:00,2023-11-28,1.5,1.5,1.5,1.5,320,760,1
FINNIFTY28NOV2317500PE.NFO,2023-11-21,09:27:00,2023-11-28,1.5,1.5,1.5,1.5,320,760,1
FINNIFTY28NOV2317500PE.NFO,2023-11-21,09:28:00,2023-11-28,1.5,1.5,1.5,1.5,320,760,1
FINNIFTY28NOV2317500PE.NFO,2023-11-21,09:29:00,2023-11-28,1.5,1.5,1.5,1.5,320,760,1
FINNIFTY28NOV2317500PE.NFO,2023-11-21,09:30:00,2023-11-28,1.5,1.5,1.5,1.5,320,760,1
FINNIFTY28NOV2317500PE.NFO,2023-11-21,09:31:00,2023-11-28,1.5,1.5,1.5,1.5,320,760,1
FINNIFTY28NOV2317500PE.NFO,2023-11-21,09:32:00,2023-11-28,1.5,1.5,1.5,1.5,320,760,1
FINNIFTY28NOV2317500PE.NFO,2023-11-21,09:33:00,2023-11-28,1.5,1.5,1.5,1.5,320,760,1
FINNIFTY28NOV2317500PE.NFO,2023-11-21,09:34:00,2023-11-28,1.5,1.5,1.5,1.5,320,760,1
FINNIFTY28NOV2317500PE.NFO,2023-11-21,09:35:00,2023-11-28,1.5,1.5,1.5,1.5,320,760,1
FINNIFTY28NOV2317500PE.NFO,2023-11-21,09:36:00,2023-11-28,1.5,1.5,1.5,1.5,320,760,1
FINNIFTY28NOV2317500PE.NFO,2023-11-21,09:37:00,2023-11-28,1.5,1.5,1.5,1.5,320,760,1
FINNIFTY28NOV2317500PE.NFO,2023-11-21,09:38:00,2023-11-28,1.5,1.5,1.5,1.5,320,760,1
FINNIFTY28NOV2317500PE.NFO,2023-11-21,09:39:00,2023-11-28,1.5,1.5,1.5,1.5,320,760,1
FINNIFTY28NOV2317500PE.NFO,2023-11-21,09:40:00,2023-11-28,1.5,1.5,1.5,1.5,320,760,1
FINNIFTY28NOV2317500PE.NFO,2023-11-21,09:41:00,2023-11-28,1.5,1.5,1.5,1.5,320,760,1
FINNIFTY28NOV2317500PE.NFO,2023-11-21,09:42:00,2023-11-28,1.5,1.5,1.5,1.5,320,760,1
FINNIFTY28NOV2317500PE.NFO,2023-11-21,09:43:00,2023-11-28,1.5,1.5,1.5,1.5,320,760,1
FINNIFTY28NOV2317500PE.NFO,2023-11-21,09:44:00,2023-11-28,1.5,1.5,1.5,1.5,320,760,1
FINNIFTY28NOV2317500PE.NFO,2023-11-21,09:45:00,2023-11-28,1.5,1.5,1.5,1.5,320,760,1
FINNIFTY28NOV2317500PE.NFO,2023-11-21,09:46:00,2023-11-28,1.5,1.5,1.5,1.5,320,760,1
FINNIFTY28NOV2317500PE.NFO,2023-11-21,09:47:00,2023-11-28,1.5,1.5,1.5,1.5,320,760,1
FINNIFTY28NOV2317500PE.NFO,2023-11-21,09:48:00,2023-11-28,1.5,1.5,1.5,1.5,320,760,1
FINNIFTY28NOV2317500PE.NFO,2023-11-21,09:49:00,2023-11-28,1.5,1.5,1.5,1.5,320,760,1
FINNIFTY28NOV2317500PE.NFO,2023-11-21,09:50:00,2023-11-28,1.5,1.5,1.5,1.5,320,760,1
FINNIFTY28NOV2317500PE.NFO,2023-11-21,09:51:00,2023-11-28,1.5,1.5,1.5,1.5,320,760,1
FINNIFTY28NOV2317500PE.NFO,2023-11-21,09:52:00,2023-11-28,1.5,1.5,1.5,1.5,320,760,1
FINNIFTY28NOV2317500PE.NFO,2023-11-21,09:53:00,2023-11-28,1.5,1.5,1.5,1.5,320,760,1
FINNIFTY28NOV2317500PE.NFO,2023-11-21,09:54:00,2023-11-28,1.5,1.5,1.5,1.5,320,760,1
FINNIFTY28NOV2317500PE.NFO,2023-11-21,09:55:00,2023-11-28,1.5,1.5,1.5,1.5,320,760,1
FINNIFTY28NOV2317500PE.NFO,2023-11-21,09:56:00,2023-11-28,1.5,1.5,1.5,1.5,320,760,1
FINNIFTY28NOV2317500PE.NFO,2023-11-21,09:57:00,2023-11-28,0.5,1.5,0.5,1.5,320,760,0
FINNIFTY28NOV2317500PE.NFO,2023-11-21,09:58:00,2023-11-28,1.5,1.5,1.5,1.5,8240,760,0
FINNIFTY28NOV2317500PE.NFO,2023-11-21,09:59:00,2023-11-28,1.5,1.75,1.5,1.75,0,9440,0
FINNIFTY28NOV2317500PE.NFO,2023-11-21,10:00:00,2023-11-28,1.75,1.75,1.75,1.75,9000,9440,0
FINNIFTY28NOV2317500PE.NFO,2023-11-21,10:01:00,2023-11-28,1.75,1.75,1.75,1.75,0,9440,0
FINNIFTY28NOV2317500PE.NFO,2023-11-21,10:02:00,2023-11-28,1.75,1.75,1.75,1.75,0,9440,0
FINNIFTY28NOV2317500PE.NFO,2023-11-21,10:03:00,2023-11-28,1.75,1.75,1.75,1.75,0,9440,0
FINNIFTY28NOV2317500PE.NFO,2023-11-21,10:04:00,2023-11-28,1.75,1.75,1.75,1.75,0,9440,1
FINNIFTY28NOV2317500PE.NFO,2023-11-21,10:05:00,2023-11-28,1.75,1.75,1.75,1.75,0,9440,1
FINNIFTY28NOV2317500PE.NFO,2023-11-21,10:06:00,2023-11-28,1.4,1.4,1.4,1.4,160,1360,0
FINNIFTY28NOV2317500PE.NFO,2023-11-21,10:07:00,2023-11-28,1.4,1.4,1.4,1.4,0,1360,0
FINNIFTY28NOV2317500PE.NFO,2023-11-21,10:08:00,2023-11-28,1.4,1.4,1.4,1.4,0,1360,1
FINNIFTY28NOV2317500PE.NFO,2023-11-21,10:09:00,2023-11-28,1.4,1.4,1.4,1.4,0,1360,0
FINNIFTY28NOV2317500PE.NFO,2023-11-21,10:10:00,2023-11-28,1.4,1.4,1.4,1.4,0,1360,1
FINNIFTY28NOV2317500PE.NFO,2023-11-21,10:11:00,2023-11-28,1.4,1.4,1.4,1.4,0,1360,1
FINNIFTY28NOV2317500PE.NFO,2023-11-21,10:12:00,2023-11-28,1.4,1.4,1.4,1.4,0,1360,1
FINNIFTY28NOV2317500PE.NFO,2023-11-21,10:13:00,2023-11-28,1.4,1.4,1.4,1.4,0,1360,1
FINNIFTY28NOV2317500PE.NFO,2023-11-21,10:14:00,2023-11-28,1.4,1.4,1.4,1.4,0,1360,1
FINNIFTY28NOV2317500PE.NFO,2023-11-21,10:15:00,2023-11-28,1.4,1.4,1.4,1.4,0,1360,1
FINNIFTY28NOV2317500PE.NFO,2023-11-21,10:16:00,2023-11-28,1.4,1.4,1.4,1.4,0,1360,1
FINNIFTY28NOV2317500PE.NFO,2023-11-21,10:17:00,2023-11-28,1.4,1.4,1.4,1.4,0,1360,1
FINNIFTY28NOV2317500PE.NFO,2023-11-21,10:18:00,2023-11-28,1.4,1.4,1.4,1.4,0,1360,1
FINNIFTY28NOV2317500PE.NFO,2023-11-21,10:19:00,2023-11-28,1.4,1.4,1.4,1.4,0,1360,1
FINNIFTY28NOV2317500PE.NFO,2023-11-21,10:20:00,2023-11-28,1.4,1.4,1.4,1.4,0,1360,1
FINNIFTY28NOV2317500PE.NFO,2023-11-21,10:21:00,2023-11-28,1.4,1.4,1.4,1.4,0,1360,0
FINNIFTY28NOV2317500PE.NFO,2023-11-21,10:22:00,2023-11-28,1.4,1.4,1.4,1.4,0,1360,1
FINNIFTY28NOV2317500PE.NFO,2023-11-21,10:23:00,2023-11-28,1.4,1.4,1.4,1.4,0,1360,1
FINNIFTY28NOV2317500PE.NFO,2023-11-21,10:24:00,2023-11-28,1.4,1.4,1.4,1.4,0,1360,0
FINNIFTY28NOV2317500PE.NFO,2023-11-21,10:25:00,2023-11-28,1.4,1.4,1.4,1.4,0,1360,1
FINNIFTY28NOV2317500PE.NFO,2023-11-21,10:26:00,2023-11-28,1.4,1.4,1.4,1.4,0,1360,1
FINNIFTY28NOV2317500PE.NFO,2023-11-21,10:27:00,2023-11-28,1.4,1.4,1.4,1.4,0,1360,1
FINNIFTY28NOV2317500PE.NFO,2023-11-21,10:28:00,2023-11-28,1.4,1.4,1.4,1.4,0,1360,1
FINNIFTY28NOV2317500PE.NFO,2023-11-21,10:29:00,2023-11-28,1.4,1.4,1.4,1.4,0,1360,1
FINNIFTY28NOV2317500PE.NFO,2023-11-21,10:30:00,2023-11-28,1.4,1.4,1.4,1.4,0,1360,1
FINNIFTY28NOV2317500PE.NFO,2023-11-21,10:31:00,2023-11-28,1.4,1.4,1.4,1.4,0,1360,1
FINNIFTY28NOV2317500PE.NFO,2023-11-21,10:32:00,2023-11-28,1.4,1.4,1.4,1.4,0,1360,1
FINNIFTY28NOV2317500PE.NFO,2023-11-21,10:33:00,2023-11-28,1.4,1.4,1.4,1.4,0,1360,1
FINNIFTY28NOV2317500PE.NFO,2023-11-21,10:34:00,2023-11-28,1.4,1.4,1.4,1.4,0,1360,1
FINNIFTY28NOV2317500PE.NFO,2023-11-21,10:35:00,2023-11-28,1.4,1.4,1.4,1.4,0,1360,1
FINNIFTY28NOV2317500PE.NFO,2023-11-21,10:36:00,2023-11-28,1.4,1.4,1.4,1.4,0,1360,1
FINNIFTY28NOV2317500PE.NFO,2023-11-21,10:37:00,2023-11-28,1.4,1.4,1.4,1.4,0,1360,0
FINNIFTY28NOV2317500PE.NFO,2023-11-21,10:38:00,2023-11-28,1.4,1.4,1.4,1.4,0,1360,1
FINNIFTY28NOV2317500PE.NFO,2023-11-21,10:39:00,2023-11-28,1.4,1.4,1.4,1.4,0,1360,1
FINNIFTY28NOV2317500PE.NFO,2023-11-21,10:40:00,2023-11-28,1.4,1.4,1.4,1.4,0,1360,1
FINNIFTY28NOV2317500PE.NFO,2023-11-21,10:41:00,2023-11-28,1.4,1.4,1.4,1.4,0,1360,1
FINNIFTY28NOV2317500PE.NFO,2023-11-21,10:42:00,2023-11-28,1.4,1.4,1.4,1.4,0,1360,1
FINNIFTY28NOV2317500PE.NFO,2023-11-21,10:43:00,2023-11-28,1.4,1.4,1.4,1.4,0,1360,1
FINNIFTY28NOV2317500PE.NFO,2023-11-21,10:44:00,2023-11-28,1.4,1.4,1.4,1.4,0,1360,1
FINNIFTY28NOV2317500PE.NFO,2023-11-21,10:45:00,2023-11-28,1.4,1.4,1.4,1.4,0,1360,1
FINNIFTY28NOV2317500PE.NFO,2023-11-21,10:46:00,2023-11-28,1.4,1.4,1.4,1.4,0,1360,1
FINNIFTY28NOV2317500PE.NFO,2023-11-21,10:47:00,2023-11-28,1.4,1.4,1.4,1.4,0,1360,0
FINNIFTY28NOV2317500PE.NFO,2023-11-21,10:48:00,2023-11-28,1.4,1.4,1.4,1.4,0,1360,1
FINNIFTY28NOV2317500PE.NFO,2023-11-21,10:49:00,2023-11-28,1.4,1.4,1.4,1.4,0,1360,1
FINNIFTY28NOV2317500PE.NFO,2023-11-21,10:50:00,2023-11-28,1.4,1.4,1.4,1.4,0,1360,1
FINNIFTY28NOV2317500PE.NFO,2023-11-21,10:51:00,2023-11-28,1.4,1.4,1.4,1.4,0,1360,1
FINNIFTY28NOV2317500PE.NFO,2023-11-21,10:52:00,2023-11-28,1.4,1.4,1.4,1.4,0,1360,0
FINNIFTY28NOV2317500PE.NFO,2023-11-21,10:53:00,2023-11-28,1.4,1.4,1.4,1.4,0,1360,1
FINNIFTY28NOV2317500PE.NFO,2023-11-21,10:54:00,2023-11-28,1.4,1.4,1.4,1.4,0,1360,1
FINNIFTY28NOV2317500PE.NFO,2023-11-21,10:55:00,2023-11-28,1.4,1.4,1.4,1.4,0,1360,1
FINNIFTY28NOV2317500PE.NFO,2023-11-21,10:56:00,2023-11-28,1.4,1.4,1.4,1.4,0,1360,1
FINNIFTY28NOV2317500PE.NFO,2023-11-21,10:57:00,2023-11-28,1.4,1.4,1.4,1.4,0,1360,1
FINNIFTY28NOV2317500PE.NFO,2023-11-21,10:58:00,2023-11-28,1.4,1.4,1.4,1.4,0,1360,1
FINNIFTY28NOV2317500PE.NFO,2023-11-21,10:59:00,2023-11-28,1.4,1.4,1.4,1.4,0,1360,0
FINNIFTY28NOV2317500PE.NFO,2023-11-21,11:00:00,2023-11-28,1.4,1.4,1.4,1.4,0,1360,0
FINNIFTY28NOV2317500PE.NFO,2023-11-21,11:01:00,2023-11-28,1.4,1.4,1.4,1.4,0,1360,0
FINNIFTY28NOV2317500PE.NFO,2023-11-21,11:02:00,2023-11-28,1.4,1.4,1.4,1.4,0,1360,0
FINNIFTY28NOV2317500PE.NFO,2023-11-21,11:03:00,2023-11-28,1.4,1.4,1.4,1.4,0,1360,0
FINNIFTY28NOV2317500PE.NFO,2023-11-21,11:04:00,2023-11-28,1.4,1.4,1.4,1.4,0,1360,0
FINNIFTY28NOV2317500PE.NFO,2023-11-21,11:05:00,2023-11-28,1.4,1.4,1.4,1.4,0,1360,0
FINNIFTY28NOV2317500PE.NFO,2023-11-21,11:06:00,2023-11-28,1.4,1.4,1.4,1.4,0,1360,0
FINNIFTY28NOV2317500PE.NFO,2023-11-21,11:07:00,2023-11-28,1.4,1.4,1.4,1.4,0,1360,0
FINNIFTY28NOV2317500PE.NFO,2023-11-21,11:08:00,2023-11-28,1.4,1.4,1.4,1.4,0,1360,1
FINNIFTY28NOV2317500PE.NFO,2023-11-21,11:09:00,2023-11-28,1.4,1.4,1.4,1.4,0,1360,1
FINNIFTY28NOV2317500PE.NFO,2023-11-21,11:10:00,2023-11-28,1.4,1.4,1.4,1.4,0,1360,1
FINNIFTY28NOV2317500PE.NFO,2023-11-21,11:11:00,2023-11-28,1.4,1.4,1.4,1.4,0,1360,1
FINNIFTY28NOV2317500PE.NFO,2023-11-21,11:12:00,2023-11-28,1.4,1.4,1.4,1.4,0,1360,1
FINNIFTY28NOV2317500PE.NFO,2023-11-21,11:13:00,2023-11-28,1.4,1.4,1.4,1.4,0,1360,1
FINNIFTY28NOV2317500PE.NFO,2023-11-21,11:14:00,2023-11-28,1.4,1.4,1.4,1.4,0,1360,1
FINNIFTY28NOV2317500PE.NFO,2023-11-21,11:15:00,2023-11-28,1.4,1.4,1.4,1.4,0,1360,0
FINNIFTY28NOV2317500PE.NFO,2023-11-21,11:16:00,2023-11-28,1.4,1.4,1.4,1.4,0,1360,1
FINNIFTY28NOV2317500PE.NFO,2023-11-21,11:17:00,2023-11-28,1.4,1.4,1.4,1.4,0,1360,0
FINNIFTY28NOV2317500PE.NFO,2023-11-21,11:18:00,2023-11-28,1.4,1.4,1.4,1.4,0,1360,0
FINNIFTY28NOV2317500PE.NFO,2023-11-21,11:19:00,2023-11-28,1.4,1.4,1.4,1.4,0,1360,1
FINNIFTY28NOV2317500PE.NFO,2023-11-21,11:20:00,2023-11-28,1.4,1.4,1.4,1.4,0,1360,1
FINNIFTY28NOV2317500PE.NFO,2023-11-21,11:21:00,2023-11-28,1.4,1.4,1.4,1.4,0,1360,1
FINNIFTY28NOV2317500PE.NFO,2023-11-21,11:22:00,2023-11-28,1.4,1.4,1.4,1.4,0,1360,1
FINNIFTY28NOV2317500PE.NFO,2023-11-21,11:23:00,2023-11-28,1.4,1.4,1.4,1.4,0,1360,1
FINNIFTY28NOV2317500PE.NFO,2023-11-21,11:24:00,2023-11-28,1.4,1.4,1.4,1.4,0,1360,1
FINNIFTY28NOV2317500PE.NFO,2023-11-21,11:25:00,2023-11-28,1.4,1.4,1.4,1.4,0,1360,1
FINNIFTY28NOV2317500PE.NFO,2023-11-21,11:26:00,2023-11-28,1.4,1.4,1.4,1.4,0,1360,1
FINNIFTY28NOV2317500PE.NFO,2023-11-21,11:27:00,2023-11-28,1.4,1.4,1.4,1.4,0,1360,1
FINNIFTY28NOV2317500PE.NFO,2023-11-21,11:28:00,2023-11-28,1.4,1.4,1.4,1.4,0,1360,1
FINNIFTY28NOV2317500PE.NFO,2023-11-21,11:29:00,2023-11-28,1.4,1.4,1.4,1.4,0,1360,1
FINNIFTY28NOV2317500PE.NFO,2023-11-21,11:30:00,2023-11-28,1.4,1.4,1.4,1.4,0,1360,1
FINNIFTY28NOV2317500PE.NFO,2023-11-21,11:31:00,2023-11-28,1.4,1.4,1.4,1.4,0,1360,1
FINNIFTY28NOV2317500PE.NFO,2023-11-21,11:32:00,2023-11-28,1.4,1.4,1.4,1.4,0,1360,1
FINNIFTY28NOV2317500PE.NFO,2023-11-21,11:33:00,2023-11-28,1.4,1.4,1.4,1.4,0,1360,0
FINNIFTY28NOV2317500PE.NFO,2023-11-21,11:34:00,2023-11-28,1.4,1.4,1.4,1.4,0,1360,0
FINNIFTY28NOV2317500PE.NFO,2023-11-21,11:35:00,2023-11-28,1.4,1.4,1.4,1.4,0,1360,0
FINNIFTY28NOV2317500PE.NFO,2023-11-21,11:36:00,2023-11-28,1.4,1.4,1.4,1.4,0,1360,0
FINNIFTY28NOV2317500PE.NFO,2023-11-21,11:37:00,2023-11-28,1.4,1.4,1.4,1.4,0,1360,0
FINNIFTY28NOV2317500PE.NFO,2023-11-21,11:38:00,2023-11-28,1.4,1.4,1.4,1.4,0,1360,1
FINNIFTY28NOV2317500PE.NFO,2023-11-21,11:39:00,2023-11-28,1.4,1.4,1.4,1.4,0,1360,1
FINNIFTY28NOV2317500PE.NFO,2023-11-21,11:40:00,2023-11-28,1.4,1.4,1.4,1.4,0,1360,1
FINNIFTY28NOV2317500PE.NFO,2023-11-21,11:41:00,2023-11-28,1.4,1.4,1.4,1.4,0,1360,0
FINNIFTY28NOV2317500PE.NFO,2023-11-21,11:42:00,2023-11-28,1.4,1.4,1.4,1.4,0,1360,1
FINNIFTY28NOV2317500PE.NFO,2023-11-21,11:43:00,2023-11-28,1.4,1.4,1.4,1.4,0,1360,1
FINNIFTY28NOV2317500PE.NFO,2023-11-21,11:44:00,2023-11-28,1.4,1.4,1.4,1.4,0,1360,1
FINNIFTY28NOV2317500PE.NFO,2023-11-21,11:45:00,2023-11-28,1.4,1.4,1.4,1.4,0,1360,1
FINNIFTY28NOV2317500PE.NFO,2023-11-21,11:46:00,2023-11-28,1.4,1.4,1.4,1.4,0,1360,0
FINNIFTY28NOV2317500PE.NFO,2023-11-21,11:47:00,2023-11-28,1.4,1.4,1.4,1.4,0,1360,1
FINNIFTY28NOV2317500PE.NFO,2023-11-21,11:48:00,2023-11-28,1.4,1.4,1.4,1.4,0,1360,1
FINNIFTY28NOV2317500PE.NFO,2023-11-21,11:49:00,2023-11-28,1.4,1.4,1.4,1.4,0,1360,0
FINNIFTY28NOV2317500PE.NFO,2023-11-21,11:50:00,2023-11-28,1.4,1.4,1.4,1.4,0,1360,1
FINNIFTY28NOV2317500PE.NFO,2023-11-21,11:51:00,2023-11-28,1.4,1.4,1.4,1.4,0,1360,1
FINNIFTY28NOV2317500PE.NFO,2023-11-21,11:52:00,2023-11-28,1.4,1.4,1.4,1.4,0,1360,1
FINNIFTY28NOV2317500PE.NFO,2023-11-21,11:53:00,2023-11-28,1.4,1.4,1.4,1.4,0,1360,1
FINNIFTY28NOV2317500PE.NFO,2023-11-21,11:54:00,2023-11-28,1.4,1.4,1.4,1.4,0,1360,1
FINNIFTY28NOV2317500PE.NFO,2023-11-21,11:55:00,2023-11-28,1.4,1.4,1.4,1.4,0,1360,1
FINNIFTY28NOV2317500PE.NFO,2023-11-21,11:56:00,2023-11-28,1.4,1.4,1.4,1.4,0,1360,1
FINNIFTY28NOV2317500PE.NFO,2023-11-21,11:57:00,2023-11-28,1.4,1.4,1.4,1.4,0,1360,1
FINNIFTY28NOV2317500PE.NFO,2023-11-21,11:58:00,2023-11-28,1.4,1.4,1.4,1.4,0,1360,1
FINNIFTY28NOV2317500PE.NFO,2023-11-21,11:59:00,2023-11-28,1.4,1.4,1.4,1.4,0,1360,1
FINNIFTY28NOV2317500PE.NFO,2023-11-21,12:00:00,2023-11-28,1.4,1.4,1.4,1.4,0,1360,1
FINNIFTY28NOV2317500PE.NFO,2023-11-21,12:01:00,2023-11-28,1.4,1.4,1.4,1.4,0,1360,1
FINNIFTY28NOV2317500PE.NFO,2023-11-21,12:02:00,2023-11-28,1.4,1.4,1.4,1.4,0,1360,1
FINNIFTY28NOV2317500PE.NFO,2023-11-21,12:03:00,2023-11-28,1.4,1.4,1.4,1.4,0,1360,1
FINNIFTY28NOV2317500PE.NFO,2023-11-21,12:04:00,2023-11-28,1.4,1.4,1.4,1.4,0,1360,1
FINNIFTY28NOV2317500PE.NFO,2023-11-21,12:05:00,2023-11-28,1.4,1.4,1.4,1.4,0,1360,1
FINNIFTY28NOV2317500PE.NFO,2023-11-21,12:06:00,2023-11-28,1.4,1.4,1.4,1.4,0,1360,1
FINNIFTY28NOV2317500PE.NFO,2023-11-21,12:07:00,2023-11-28,1.4,1.4,1.4,1.4,0,1360,1
FINNIFTY28NOV2317500PE.NFO,2023-11-21,12:08:00,2023-11-28,1.4,1.4,1.4,1.4,0,1360,1
FINNIFTY28NOV2317500PE.NFO,2023-11-21,12:09:00,2023-11-28,1.4,1.4,1.4,1.4,0,1360,1
FINNIFTY28NOV2317500PE.NFO,2023-11-21,12:10:00,2023-11-28,1.4,1.4,1.4,1.4,0,1360,1
FINNIFTY28NOV2317500PE.NFO,2023-11-21,12:11:00,2023-11-28,1.4,1.4,1.4,1.4,80,1200,0
FINNIFTY28NOV2317500PE.NFO,2023-11-21,12:12:00,2023-11-28,1.4,1.4,1.4,1.4,80,1200,1
FINNIFTY28NOV2317500PE.NFO,2023-11-21,12:13:00,2023-11-28,1.4,1.4,1.4,1.4,80,1200,1
FINNIFTY28NOV2317500PE.NFO,2023-11-21,12:14:00,2023-11-28,1.4,1.4,1.4,1.4,80,1200,1
FINNIFTY28NOV2317500PE.NFO,2023-11-21,12:15:00,2023-11-28,1.4,1.4,1.4,1.4,80,1200,1
FINNIFTY28NOV2317500PE.NFO,2023-11-21,12:16:00,2023-11-28,1.4,1.4,1.4,1.4,80,1200,1
FINNIFTY28NOV2317500PE.NFO,2023-11-21,12:17:00,2023-11-28,1.4,1.4,1.4,1.4,80,1200,1
FINNIFTY28NOV2317500PE.NFO,2023-11-21,12:18:00,2023-11-28,1.4,1.4,1.4,1.4,80,1200,1
FINNIFTY28NOV2317500PE.NFO,2023-11-21,12:19:00,2023-11-28,1.4,1.4,1.4,1.4,80,1200,1
FINNIFTY28NOV2317500PE.NFO,2023-11-21,12:20:00,2023-11-28,1.4,1.4,1.4,1.4,80,1200,1
FINNIFTY28NOV2317500PE.NFO,2023-11-21,12:21:00,2023-11-28,1.4,1.4,1.4,1.4,80,1200,1
FINNIFTY28NOV2317500PE.NFO,2023-11-21,12:22:00,2023-11-28,1.4,1.4,1.4,1.4,80,1200,1
FINNIFTY28NOV2317500PE.NFO,2023-11-21,12:23:00,2023-11-28,1.4,1.4,1.4,1.4,80,1200,1
FINNIFTY28NOV2317500PE.NFO,2023-11-21,12:24:00,2023-11-28,1.4,1.4,1.4,1.4,0,1200,0
FINNIFTY28NOV2317500PE.NFO,2023-11-21,12:25:00,2023-11-28,1.4,1.4,1.4,1.4,0,1200,1
FINNIFTY28NOV2317500PE.NFO,2023-11-21,12:26:00,2023-11-28,1.4,1.4,1.4,1.4,0,1200,0
FINNIFTY28NOV2317500PE.NFO,2023-11-21,12:27:00,2023-11-28,1.4,1.4,1.4,1.4,0,1200,1
FINNIFTY28NOV2317500PE.NFO,2023-11-21,12:28:00,2023-11-28,1.4,1.4,1.4,1.4,0,1200,1
FINNIFTY28NOV2317500PE.NFO,2023-11-21,12:29:00,2023-11-28,1.75,1.75,1.75,1.75,400,1280,0
FINNIFTY28NOV2317500PE.NFO,2023-11-21,12:30:00,2023-11-28,1.75,1.75,1.75,1.75,0,1280,0
FINNIFTY28NOV2317500PE.NFO,2023-11-21,12:31:00,2023-11-28,1.75,1.75,1.75,1.75,0,1280,1
FINNIFTY28NOV2317500PE.NFO,2023-11-21,12:32:00,2023-11-28,1.75,1.75,1.75,1.75,0,1280,1
FINNIFTY28NOV2317500PE.NFO,2023-11-21,12:33:00,2023-11-28,1.75,1.75,1.75,1.75,0,1280,1
FINNIFTY28NOV2317500PE.NFO,2023-11-21,12:34:00,2023-11-28,1.75,1.75,1.75,1.75,0,1280,1
FINNIFTY28NOV2317500PE.NFO,2023-11-21,12:35:00,2023-11-28,1.75,1.75,1.75,1.75,0,1280,0
FINNIFTY28NOV2317500PE.NFO,2023-11-21,12:36:00,2023-11-28,1.75,1.75,1.75,1.75,0,1280,1
FINNIFTY28NOV2317500PE.NFO,2023-11-21,12:37:00,2023-11-28,1.75,1.75,1.75,1.75,0,1280,1
FINNIFTY28NOV2317500PE.NFO,2023-11-21,12:38:00,2023-11-28,1.75,1.75,1.75,1.75,0,1280,1
FINNIFTY28NOV2317500PE.NFO,2023-11-21,12:39:00,2023-11-28,1.75,1.75,1.75,1.75,0,1280,1
FINNIFTY28NOV2317500PE.NFO,2023-11-21,12:40:00,2023-11-28,1.75,1.75,1.75,1.75,0,1280,1
FINNIFTY28NOV2317500PE.NFO,2023-11-21,12:41:00,2023-11-28,1.75,1.75,1.75,1.75,0,1280,1
FINNIFTY28NOV2317500PE.NFO,2023-11-21,12:42:00,2023-11-28,1.75,1.75,1.75,1.75,0,1280,1
FINNIFTY28NOV2317500PE.NFO,2023-11-21,12:43:00,2023-11-28,1.75,1.75,1.75,1.75,0,1280,1
FINNIFTY28NOV2317500PE.NFO,2023-11-21,12:44:00,2023-11-28,1.75,1.75,1.75,1.75,0,1280,1
FINNIFTY28NOV2317500PE.NFO,2023-11-21,12:45:00,2023-11-28,1.75,1.75,1.75,1.75,0,1280,0
FINNIFTY28NOV2317500PE.NFO,2023-11-21,12:46:00,2023-11-28,1.75,1.75,1.75,1.75,0,1280,1
FINNIFTY28NOV2317500PE.NFO,2023-11-21,12:47:00,2023-11-28,1.75,1.75,1.75,1.75,0,1280,1
FINNIFTY28NOV2317500PE.NFO,2023-11-21,12:48:00,2023-11-28,1.75,1.75,1.75,1.75,0,1280,1
FINNIFTY28NOV2317500PE.NFO,2023-11-21,12:49:00,2023-11-28,1.75,1.75,1.75,1.75,0,1280,1
FINNIFTY28NOV2317500PE.NFO,2023-11-21,12:50:00,2023-11-28,1.75,1.75,1.75,1.75,0,1280,1
FINNIFTY28NOV2317500PE.NFO,2023-11-21,12:51:00,2023-11-28,1.75,1.75,1.75,1.75,0,1280,1
FINNIFTY28NOV2317500PE.NFO,2023-11-21,12:52:00,2023-11-28,1.75,1.75,1.75,1.75,0,1280,0
FINNIFTY28NOV2317500PE.NFO,2023-11-21,12:53:00,2023-11-28,1.75,1.75,1.75,1.75,0,1280,0
FINNIFTY28NOV2317500PE.NFO,2023-11-21,12:54:00,2023-11-28,1.75,1.75,1.75,1.75,0,1280,1
FINNIFTY28NOV2317500PE.NFO,2023-11-21,12:55:00,2023-11-28,1.75,1.75,1.75,1.75,0,1280,1
FINNIFTY28NOV2317500PE.NFO,2023-11-21,12:56:00,2023-11-28,1.75,1.75,1.75,1.75,0,1280,0
FINNIFTY28NOV2317500PE.NFO,2023-11-21,12:57:00,2023-11-28,1.75,1.75,1.75,1.75,0,1280,1
FINNIFTY28NOV2317500PE.NFO,2023-11-21,12:58:00,2023-11-28,1.75,1.75,1.75,1.75,0,1280,1
FINNIFTY28NOV2317500PE.NFO,2023-11-21,12:59:00,2023-11-28,1.75,1.75,1.75,1.75,0,1280,1
FINNIFTY28NOV2317500PE.NFO,2023-11-21,13:00:00,2023-11-28,1.75,1.75,1.75,1.75,0,1280,1
FINNIFTY28NOV2317500PE.NFO,2023-11-21,13:01:00,2023-11-28,1.75,1.75,1.75,1.75,0,1280,1
FINNIFTY28NOV2317500PE.NFO,2023-11-21,13:02:00,2023-11-28,1.75,1.75,1.75,1.75,0,1280,1
FINNIFTY28NOV2317500PE.NFO,2023-11-21,13:03:00,2023-11-28,1.75,1.75,1.75,1.75,0,1280,1
FINNIFTY28NOV2317500PE.NFO,2023-11-21,13:04:00,2023-11-28,1.75,1.75,1.75,1.75,0,1280,0
FINNIFTY28NOV2317500PE.NFO,2023-11-21,13:05:00,2023-11-28,1.75,1.75,1.75,1.75,0,1280,1
FINNIFTY28NOV2317500PE.NFO,2023-11-21,13:06:00,2023-11-28,1.75,1.75,1.75,1.75,0,1280,1
FINNIFTY28NOV2317500PE.NFO,2023-11-21,13:07:00,2023-11-28,1.75,1.75,1.75,1.75,0,1280,1
FINNIFTY28NOV2317500PE.NFO,2023-11-21,13:08:00,2023-11-28,1.75,1.75,1.75,1.75,0,1280,1
FINNIFTY28NOV2317500PE.NFO,2023-11-21,13:09:00,2023-11-28,1.75,1.75,1.75,1.75,0,1280,0
FINNIFTY28NOV2317500PE.NFO,2023-11-21,13:10:00,2023-11-28,1.75,1.75,1.75,1.75,0,1280,0
FINNIFTY28NOV2317500PE.NFO,2023-11-21,13:11:00,2023-11-28,1.75,1.75,1.75,1.75,0,1280,1
FINNIFTY28NOV2317500PE.NFO,2023-11-21,13:12:00,2023-11-28,1.75,1.75,1.75,1.75,0,1280,1
FINNIFTY28NOV2317500PE.NFO,2023-11-21,13:13:00,2023-11-28,1.75,1.75,1.75,1.75,0,1280,1
FINNIFTY28NOV2317500PE.NFO,2023-11-21,13:14:00,2023-11-28,1.75,1.75,1.75,1.75,0,1280,1
FINNIFTY28NOV2317500PE.NFO,2023-11-21,13:15:00,2023-11-28,1.75,1.75,1.75,1.75,0,1280,0
FINNIFTY28NOV2317500PE.NFO,2023-11-21,13:16:00,2023-11-28,1.75,1.75,1.75,1.75,0,1280,1
FINNIFTY28NOV2317500PE.NFO,2023-11-21,13:17:00,2023-11-28,1.75,1.75,1.75,1.75,0,1280,1
FINNIFTY28NOV2317500PE.NFO,2023-11-21,13:18:00,2023-11-28,1.75,1.75,1.75,1.75,0,1280,0
FINNIFTY28NOV2317500PE.NFO,2023-11-21,13:19:00,2023-11-28,1.75,1.75,1.75,1.75,0,1280,1
FINNIFTY28NOV2317500PE.NFO,2023-11-21,13:20:00,2023-11-28,1.75,1.75,1.75,1.75,0,1280,1
FINNIFTY28NOV2317500PE.NFO,2023-11-21,13:21:00,2023-11-28,1.75,1.75,1.75,1.75,0,1280,1
FINNIFTY28NOV2317500PE.NFO,2023-11-21,13:22:00,2023-11-28,1.75,1.75,1.75,1.75,0,1280,1
FINNIFTY28NOV2317500PE.NFO,2023-11-21,13:23:00,2023-11-28,1.75,1.75,1.75,1.75,0,1280,1
FINNIFTY28NOV2317500PE.NFO,2023-11-21,13:24:00,2023-11-28,1.75,1.75,1.75,1.75,0,1280,1
FINNIFTY28NOV2317500PE.NFO,2023-11-21,13:25:00,2023-11-28,1.75,1.75,1.75,1.75,0,1280,0
FINNIFTY28NOV2317500PE.NFO,2023-11-21,13:26:00,2023-11-28,1.75,1.75,1.75,1.75,0,1280,1
FINNIFTY28NOV2317500PE.NFO,2023-11-21,13:27:00,2023-11-28,1.75,1.75,1.75,1.75,0,1280,1
FINNIFTY28NOV2317500PE.NFO,2023-11-21,13:28:00,2023-11-28,1.75,1.75,1.75,1.75,0,1280,1
FINNIFTY28NOV2317500PE.NFO,2023-11-21,13:29:00,2023-11-28,1.75,1.75,1.75,1.75,0,1280,1
FINNIFTY28NOV2317500PE.NFO,2023-11-21,13:30:00,2023-11-28,1.75,1.75,1.75,1.75,0,1280,0
FINNIFTY28NOV2317500PE.NFO,2023-11-21,13:31:00,2023-11-28,1.75,1.75,1.75,1.75,0,1280,1
FINNIFTY28NOV2317500PE.NFO,2023-11-21,13:32:00,2023-11-28,1.75,1.75,1.75,1.75,0,1280,1
FINNIFTY28NOV2317500PE.NFO,2023-11-21,13:33:00,2023-11-28,1.75,1.75,1.75,1.75,0,1280,1
FINNIFTY28NOV2317500PE.NFO,2023-11-21,13:34:00,2023-11-28,1.75,1.75,1.75,1.75,0,1280,1
FINNIFTY28NOV2317500PE.NFO,2023-11-21,13:35:00,2023-11-28,1.75,1.75,1.75,1.75,0,1280,1
FINNIFTY28NOV2317500PE.NFO,2023-11-21,13:36:00,2023-11-28,1.75,1.75,1.75,1.75,0,1280,1
FINNIFTY28NOV2317500PE.NFO,2023-11-21,13:37:00,2023-11-28,1.75,1.75,1.75,1.75,0,1280,1
FINNIFTY28NOV2317500PE.NFO,2023-11-21,13:38:00,2023-11-28,1.75,1.75,1.75,1.75,0,1280,1
FINNIFTY28NOV2317500PE.NFO,2023-11-21,13:39:00,2023-11-28,1.75,1.75,1.75,1.75,0,1280,1
FINNIFTY28NOV2317500PE.NFO,2023-11-21,13:40:00,2023-11-28,1.75,1.75,1.75,1.75,0,1280,1
FINNIFTY28NOV2317500PE.NFO,2023-11-21,13:41:00,2023-11-28,1.75,1.75,1.75,1.75,0,1280,1
FINNIFTY28NOV2317500PE.NFO,2023-11-21,13:42:00,2023-11-28,1.65,1.65,1.65,1.65,120,1600,0
FINNIFTY28NOV2317500PE.NFO,2023-11-21,13:43:00,2023-11-28,1.65,1.65,1.65,1.65,0,1600,0
FINNIFTY28NOV2317500PE.NFO,2023-11-21,13:44:00,2023-11-28,1.65,1.65,1.65,1.65,0,1600,1
FINNIFTY28NOV2317500PE.NFO,2023-11-21,13:45:00,2023-11-28,1.65,1.65,1.65,1.65,0,1600,1
FINNIFTY28NOV2317500PE.NFO,2023-11-21,13:46:00,2023-11-28,1.65,1.65,1.65,1.65,0,1600,1
FINNIFTY28NOV2317500PE.NFO,2023-11-21,13:47:00,2023-11-28,1.65,1.65,1.65,1.65,0,1600,1
FINNIFTY28NOV2317500PE.NFO,2023-11-21,13:48:00,2023-11-28,1.65,1.65,1.65,1.65,0,1600,0
FINNIFTY28NOV2317500PE.NFO,2023-11-21,13:49:00,2023-11-28,1.65,1.65,1.65,1.65,0,1600,1
FINNIFTY28NOV2317500PE.NFO,2023-11-21,13:50:00,2023-11-28,1.65,1.65,1.65,1.65,0,1600,1
FINNIFTY28NOV2317500PE.NFO,2023-11-21,13:51:00,2023-11-28,1.65,1.65,1.65,1.65,0,1600,1
FINNIFTY28NOV2317500PE.NFO,2023-11-21,13:52:00,2023-11-28,1.65,1.65,1.65,1.65,0,1600,1
FINNIFTY28NOV2317500PE.NFO,2023-11-21,13:53:00,2023-11-28,1.65,1.65,1.65,1.65,0,1600,1
FINNIFTY28NOV2317500PE.NFO,2023-11-21,13:54:00,2023-11-28,1.65,1.65,1.65,1.65,0,1600,1
FINNIFTY28NOV2317500PE.NFO,2023-11-21,13:55:00,2023-11-28,1.65,1.65,1.65,1.65,0,1600,1
FINNIFTY28NOV2317500PE.NFO,2023-11-21,13:56:00,2023-11-28,1.65,1.65,1.65,1.65,0,1600,0
FINNIFTY28NOV2317500PE.NFO,2023-11-21,13:57:00,2023-11-28,1.65,1.65,1.65,1.65,0,1600,1
FINNIFTY28NOV2317500PE.NFO,2023-11-21,13:58:00,2023-11-28,1.65,1.65,1.65,1.65,0,1600,0
FINNIFTY28NOV2317500PE.NFO,2023-11-21,13:59:00,2023-11-28,1.65,1.65,1.65,1.65,0,1600,1
FINNIFTY28NOV2317500PE.NFO,2023-11-21,14:00:00,2023-11-28,1.65,1.65,1.65,1.65,0,1600,1
FINNIFTY28NOV2317500PE.NFO,2023-11-21,14:01:00,2023-11-28,1.65,1.65,1.65,1.65,0,1600,1
FINNIFTY28NOV2317500PE.NFO,2023-11-21,14:02:00,2023-11-28,1.65,1.65,1.65,1.65,0,1600,1
FINNIFTY28NOV2317500PE.NFO,2023-11-21,14:03:00,2023-11-28,1.65,1.65,1.65,1.65,0,1600,1
FINNIFTY28NOV2317500PE.NFO,2023-11-21,14:04:00,2023-11-28,1.65,1.65,1.65,1.65,0,1600,1
FINNIFTY28NOV2317500PE.NFO,2023-11-21,14:05:00,2023-11-28,1.65,1.65,1.65,1.65,0,1600,1
FINNIFTY28NOV2317500PE.NFO,2023-11-21,14:06:00,2023-11-28,1.65,1.65,1.65,1.65,0,1600,1
FINNIFTY28NOV2317500PE.NFO,2023-11-21,14:07:00,2023-11-28,1.65,1.65,1.65,1.65,0,1600,1
FINNIFTY28NOV2317500PE.NFO,2023-11-21,14:08:00,2023-11-28,1.65,1.65,1.65,1.65,0,1600,1
FINNIFTY28NOV2317500PE.NFO,2023-11-21,14:09:00,2023-11-28,1.65,1.65,1.65,1.65,0,1600,1
FINNIFTY28NOV2317500PE.NFO,2023-11-21,14:10:00,2023-11-28,1.65,1.65,1.65,1.65,0,1600,1
FINNIFTY28NOV2317500PE.NFO,2023-11-21,14:11:00,2023-11-28,1.65,1.65,1.65,1.65,0,1600,1
FINNIFTY28NOV2317500PE.NFO,2023-11-21,14:12:00,2023-11-28,1.65,1.65,1.65,1.65,0,1600,1
FINNIFTY28NOV2317500PE.NFO,2023-11-21,14:13:00,2023-11-28,1.65,1.65,1.65,1.65,0,1600,1
FINNIFTY28NOV2317500PE.NFO,2023-11-21,14:14:00,2023-11-28,1.65,1.65,1.65,1.65,0,1600,1
FINNIFTY28NOV2317500PE.NFO,2023-11-21,14:15:00,2023-11-28,1.65,1.65,1.65,1.65,0,1600,1
FINNIFTY28NOV2317500PE.NFO,2023-11-21,14:16:00,2023-11-28,1.65,1.65,1.65,1.65,0,1600,1
FINNIFTY28NOV2317500PE.NFO,2023-11-21,14:17:00,2023-11-28,1.65,1.65,1.65,1.65,0,1600,0
FINNIFTY28NOV2317500PE.NFO,2023-11-21,14:18:00,2023-11-28,1.65,1.65,1.65,1.65,0,1600,1
FINNIFTY28NOV2317500PE.NFO,2023-11-21,14:19:00,2023-11-28,1.65,1.65,1.65,1.65,0,1600,1
FINNIFTY28NOV2317500PE.NFO,2023-11-21,14:20:00,2023-11-28,1.65,1.65,1.65,1.65,0,1600,1
FINNIFTY28NOV2317500PE.NFO,2023-11-21,14:21:00,2023-11-28,1.65,1.65,1.65,1.65,0,1600,1
FINNIFTY28NOV2317500PE.NFO,2023-11-21,14:22:00,2023-11-28,1.65,1.65,1.65,1.65,0,1600,0
FINNIFTY28NOV2317500PE.NFO,2023-11-21,14:23:00,2023-11-28,1.65,1.65,1.65,1.65,0,1600,0
FINNIFTY28NOV2317500PE.NFO,2023-11-21,14:24:00,2023-11-28,1.65,1.65,1.65,1.65,0,1600,0
FINNIFTY28NOV2317500PE.NFO,2023-11-21,14:25:00,2023-11-28,1.65,1.65,1.65,1.65,0,1600,0
FINNIFTY28NOV2317500PE.NFO,2023-11-21,14:26:00,2023-11-28,1.65,1.65,1.65,1.65,0,1600,1
FINNIFTY28NOV2317500PE.NFO,2023-11-21,14:27:00,2023-11-28,1.65,1.65,1.65,1.65,0,1600,1
FINNIFTY28NOV2317500PE.NFO,2023-11-21,14:28:00,2023-11-28,1.65,1.65,1.65,1.65,0,1600,0
FINNIFTY28NOV2317500PE.NFO,2023-11-21,14:29:00,2023-11-28,1.65,1.65,1.65,1.65,0,1600,1
FINNIFTY28NOV2317500PE.NFO,2023-11-21,14:30:00,2023-11-28,1.65,1.65,1.65,1.65,0,1600,1
FINNIFTY28NOV2317500PE.NFO,2023-11-21,14:31:00,2023-11-28,1.65,1.65,1.65,1.65,0,1600,0
FINNIFTY28NOV2317500PE.NFO,2023-11-21,14:32:00,2023-11-28,1.65,1.65,1.65,1.65,0,1600,1
FINNIFTY28NOV2317500PE.NFO,2023-11-21,14:33:00,2023-11-28,1.65,1.65,1.65,1.65,0,1600,1
FINNIFTY28NOV2317500PE.NFO,2023-11-21,14:34:00,2023-11-28,1.65,1.65,1.65,1.65,0,1600,1
FINNIFTY28NOV2317500PE.NFO,2023-11-21,14:35:00,2023-11-28,1.65,1.65,1.65,1.65,0,1600,0
FINNIFTY28NOV2317500PE.NFO,2023-11-21,14:36:00,2023-11-28,1.65,1.65,1.65,1.65,0,1600,0
FINNIFTY28NOV2317500PE.NFO,2023-11-21,14:37:00,2023-11-28,1.65,1.65,1.65,1.65,0,1600,0
FINNIFTY28NOV2317500PE.NFO,2023-11-21,14:38:00,2023-11-28,1.65,1.65,1.65,1.65,0,1600,1
FINNIFTY28NOV2317500PE.NFO,2023-11-21,14:39:00,2023-11-28,1.65,1.65,1.65,1.65,0,1600,1
FINNIFTY28NOV2317500PE.NFO,2023-11-21,14:40:00,2023-11-28,1.65,1.65,1.65,1.65,0,1600,1
FINNIFTY28NOV2317500PE.NFO,2023-11-21,14:41:00,2023-11-28,1.65,1.65,1.65,1.65,0,1600,1
FINNIFTY28NOV2317500PE.NFO,2023-11-21,14:42:00,2023-11-28,1.65,1.65,1.65,1.65,0,1600,1
FINNIFTY28NOV2317500PE.NFO,2023-11-21,14:43:00,2023-11-28,1.65,1.65,1.65,1.65,0,1600,1
FINNIFTY28NOV2317500PE.NFO,2023-11-21,14:44:00,2023-11-28,1.65,1.65,1.65,1.65,0,1600,0
FINNIFTY28NOV2317500PE.NFO,2023-11-21,14:45:00,2023-11-28,1.35,1.35,1.35,1.35,120,1720,0
FINNIFTY28NOV2317500PE.NFO,2023-11-21,14:46:00,2023-11-28,1.35,1.35,1.35,1.35,0,1720,0
FINNIFTY28NOV2317500PE.NFO,2023-11-21,14:47:00,2023-11-28,1.35,1.35,1.35,1.35,0,1720,1
FINNIFTY28NOV2317500PE.NFO,2023-11-21,14:48:00,2023-11-28,1.35,1.35,1.35,1.35,0,1720,1
FINNIFTY28NOV2317500PE.NFO,2023-11-21,14:49:00,2023-11-28,1.35,1.35,1.35,1.35,0,1720,1
FINNIFTY28NOV2317500PE.NFO,2023-11-21,14:50:00,2023-11-28,1.35,1.35,1.35,1.35,0,1720,1
FINNIFTY28NOV2317500PE.NFO,2023-11-21,14:51:00,2023-11-28,1.35,1.35,1.35,1.35,0,1720,1
FINNIFTY28NOV2317500PE.NFO,2023-11-21,14:52:00,2023-11-28,1.35,1.35,1.35,1.35,0,1720,1
FINNIFTY28NOV2317500PE.NFO,2023-11-21,14:53:00,2023-11-28,1.35,1.35,1.35,1.35,0,1720,1
FINNIFTY28NOV2317500PE.NFO,2023-11-21,14:54:00,2023-11-28,1.35,1.35,1.35,1.35,0,1720,1
FINNIFTY28NOV2317500PE.NFO,2023-11-21,14:55:00,2023-11-28,1.35,1.35,1.35,1.35,0,1720,0
FINNIFTY28NOV2317500PE.NFO,2023-11-21,14:56:00,2023-11-28,1.35,1.35,1.35,1.35,0,1720,0
FINNIFTY28NOV2317500PE.NFO,2023-11-21,14:57:00,2023-11-28,1.35,1.35,1.35,1.35,0,1720,1
FINNIFTY28NOV2317500PE.NFO,2023-11-21,14:58:00,2023-11-28,1.35,1.35,1.35,1.35,0,1720,1
FINNIFTY28NOV2317500PE.NFO,2023-11-21,14:59:00,2023-11-28,1.35,1.35,1.35,1.35,0,1720,0
FINNIFTY28NOV2317500PE.NFO,2023-11-21,15:00:00,2023-11-28,1.35,1.35,1.35,1.35,0,1720,1
FINNIFTY28NOV2317500PE.NFO,2023-11-21,15:01:00,2023-11-28,1.35,1.35,1.35,1.35,0,1720,0
FINNIFTY28NOV2317500PE.NFO,2023-11-21,15:02:00,2023-11-28,1.35,1.35,1.35,1.35,0,1720,1
FINNIFTY28NOV2317500PE.NFO,2023-11-21,15:03:00,2023-11-28,1.35,1.35,1.35,1.35,0,1720,1
FINNIFTY28NOV2317500PE.NFO,2023-11-21,15:04:00,2023-11-28,1.35,1.35,1.35,1.35,0,1720,1
FINNIFTY28NOV2317500PE.NFO,2023-11-21,15:05:00,2023-11-28,1.35,1.35,1.35,1.35,0,1720,1
FINNIFTY28NOV2317500PE.NFO,2023-11-21,15:06:00,2023-11-28,1.35,1.35,1.35,1.35,0,1720,0
FINNIFTY28NOV2317500PE.NFO,2023-11-21,15:07:00,2023-11-28,1.35,1.35,1.35,1.35,0,1720,0
FINNIFTY28NOV2317500PE.NFO,2023-11-21,15:08:00,2023-11-28,1.35,1.35,1.35,1.35,0,1720,1
FINNIFTY28NOV2317500PE.NFO,2023-11-21,15:09:00,2023-11-28,1.35,1.35,1.35,1.35,0,1720,1
FINNIFTY28NOV2317500PE.NFO,2023-11-21,15:10:00,2023-11-28,1.35,1.35,1.35,1.35,0,1720,1
FINNIFTY28NOV2317500PE.NFO,2023-11-21,15:11:00,2023-11-28,1.35,1.35,1.35,1.35,0,1720,0
FINNIFTY28NOV2317500PE.NFO,2023-11-21,15:12:00,2023-11-28,1.35,1.35,1.35,1.35,0,1720,0
FINNIFTY28NOV2317500PE.NFO,2023-11-21,15:13:00,2023-11-28,1.35,1.35,1.35,1.35,0,1720,1
FINNIFTY28NOV2317500PE.NFO,2023-11-21,15:14:00,2023-11-28,1.35,1.35,1.35,1.35,0,1720,1
FINNIFTY28NOV2317500PE.NFO,2023-11-21,15:15:00,2023-11-28,1.35,1.35,1.35,1.35,0,1720,1
FINNIFTY28NOV2317500PE.NFO,2023-11-21,15:16:00,2023-11-28,1.35,1.35,1.35,1.35,0,1720,0
FINNIFTY28NOV2317500PE.NFO,2023-11-21,15:17:00,2023-11-28,1.45,1.45,1.45,1.45,200,1720,0
FINNIFTY28NOV2317500PE.NFO,2023-11-21,15:18:00,2023-11-28,1.45,1.45,1.45,1.45,200,1720,1
FINNIFTY28NOV2317500PE.NFO,2023-11-21,15:19:00,2023-11-28,1.45,1.45,1.45,1.45,200,1720,1
FINNIFTY28NOV2317500PE.NFO,2023-11-21,15:20:00,2023-11-28,1.45,1.45,1.45,1.45,0,1720,0
FINNIFTY28NOV2317500PE.NFO,2023-11-21,15:21:00,2023-11-28,1.45,1.45,1.45,1.45,0,1720,0
FINNIFTY28NOV2317500PE.NFO,2023-11-21,15:22:00,2023-11-28,1.45,1.65,1.45,1.65,240,1920,0
FINNIFTY28NOV2317500PE.NFO,2023-11-21,15:23:00,2023-11-28,1.65,1.65,1.65,1.65,0,1920,0
FINNIFTY28NOV2317500PE.NFO,2023-11-21,15:24:00,2023-11-28,1.65,1.65,1.65,1.65,0,1920,1
FINNIFTY28NOV2317500PE.NFO,2023-11-21,15:25:00,2023-11-28,1.65,1.65,1.65,1.65,0,1920,1
FINNIFTY28NOV2317500PE.NFO,2023-11-21,15:26:00,2023-11-28,1.65,1.65,1.65,1.65,0,1920,1
FINNIFTY28NOV2317500PE.NFO,2023-11-21,15:27:00,2023-11-28,1.65,1.65,1.65,1.65,0,1920,0
FINNIFTY28NOV2317500PE.NFO,2023-11-21,15:28:00,2023-11-28,1.65,1.65,1.65,1.65,0,1920,0
FINNIFTY28NOV2317500PE.NFO,2023-11-21,15:29:00,2023-11-28,1.65,1.65,1.25,1.25,0,2120,0
FINNIFTY28NOV2317500PE.NFO,2023-11-21,15:30:00,2023-11-28,1.25,1.25,1.25,1.25,0,2120,1
FINNIFTY28NOV2317500PE.NFO,2023-11-22,09:15:00,2023-11-28,1.35,1.35,1.35,1.35,0,0,0
FINNIFTY28NOV2317500PE.NFO,2023-11-22,09:16:00,2023-11-28,1.3,1.35,1.3,1.35,960,2720,0
FINNIFTY28NOV2317500PE.NFO,2023-11-22,09:17:00,2023-11-28,1.35,1.35,1.35,1.35,160,2720,0
FINNIFTY28NOV2317500PE.NFO,2023-11-22,09:18:00,2023-11-28,1.35,1.35,1.35,1.35,0,2720,0
FINNIFTY28NOV2317500PE.NFO,2023-11-22,09:19:00,2023-11-28,1.35,1.35,1.35,1.35,0,2720,0
FINNIFTY28NOV2317500PE.NFO,2023-11-22,09:20:00,2023-11-28,1.35,1.35,1.35,1.35,0,2720,1
FINNIFTY28NOV2317500PE.NFO,2023-11-22,09:21:00,2023-11-28,1.35,1.35,1.35,1.35,0,2720,0
FINNIFTY28NOV2317500PE.NFO,2023-11-22,09:22:00,2023-11-28,1.35,1.35,1.35,1.35,0,2720,1
FINNIFTY28NOV2317500PE.NFO,2023-11-22,09:23:00,2023-11-28,1.35,1.35,1.35,1.35,0,2720,0
FINNIFTY28NOV2317500PE.NFO,2023-11-22,09:24:00,2023-11-28,1.3,1.3,1.3,1.3,200,2760,0
FINNIFTY28NOV2317500PE.NFO,2023-11-22,09:25:00,2023-11-28,1.3,1.3,1.3,1.3,480,2760,0
FINNIFTY28NOV2317500PE.NFO,2023-11-22,09:26:00,2023-11-28,1.25,1.25,1.25,1.25,40,2360,0
FINNIFTY28NOV2317500PE.NFO,2023-11-22,09:27:00,2023-11-28,1.25,1.25,1.25,1.25,200,2360,0
FINNIFTY28NOV2317500PE.NFO,2023-11-22,09:28:00,2023-11-28,1.25,1.25,1.25,1.25,0,2360,0
FINNIFTY28NOV2317500PE.NFO,2023-11-22,09:29:00,2023-11-28,1.25,1.25,1.25,1.25,0,2360,0
FINNIFTY28NOV2317500PE.NFO,2023-11-22,09:30:00,2023-11-28,1.25,1.3,1.25,1.3,120,2320,0
FINNIFTY28NOV2317500PE.NFO,2023-11-22,09:31:00,2023-11-28,1.3,1.3,1.3,1.3,120,2320,1
FINNIFTY28NOV2317500PE.NFO,2023-11-22,09:32:00,2023-11-28,1.3,1.3,1.3,1.3,120,2320,1
FINNIFTY28NOV2317500PE.NFO,2023-11-22,09:33:00,2023-11-28,1.35,1.35,1.35,1.35,160,2280,0
FINNIFTY28NOV2317500PE.NFO,2023-11-22,09:34:00,2023-11-28,1.35,1.4,1.35,1.4,160,2280,0
FINNIFTY28NOV2317500PE.NFO,2023-11-22,09:35:00,2023-11-28,1.25,1.25,1.25,1.25,200,2280,0
FINNIFTY28NOV2317500PE.NFO,2023-11-22,09:36:00,2023-11-28,1.25,1.25,1.25,1.25,200,2280,1
FINNIFTY28NOV2317500PE.NFO,2023-11-22,09:37:00,2023-11-28,1.25,1.25,1.25,1.25,200,2280,1
FINNIFTY28NOV2317500PE.NFO,2023-11-22,09:38:00,2023-11-28,1.25,1.25,1.25,1.25,0,2280,0
FINNIFTY28NOV2317500PE.NFO,2023-11-22,09:39:00,2023-11-28,1.25,1.25,1.25,1.25,0,2280,1
FINNIFTY28NOV2317500PE.NFO,2023-11-22,09:40:00,2023-11-28,1.25,1.25,1.25,1.25,0,2280,1
FINNIFTY28NOV2317500PE.NFO,2023-11-22,09:41:00,2023-11-28,1.25,1.25,1.25,1.25,0,2280,1
FINNIFTY28NOV2317500PE.NFO,2023-11-22,09:42:00,2023-11-28,1.3,1.3,1.25,1.3,320,2280,0
FINNIFTY28NOV2317500PE.NFO,2023-11-22,09:43:00,2023-11-28,1.3,1.3,1.25,1.25,240,2280,0
FINNIFTY28NOV2317500PE.NFO,2023-11-22,09:44:00,2023-11-28,1.25,1.25,1.25,1.25,240,2280,1
FINNIFTY28NOV2317500PE.NFO,2023-11-22,09:45:00,2023-11-28,1.25,1.25,1.25,1.25,240,2280,1
FINNIFTY28NOV2317500PE.NFO,2023-11-22,09:46:00,2023-11-28,1.25,1.25,1.25,1.25,240,2280,1
FINNIFTY28NOV2317500PE.NFO,2023-11-22,09:47:00,2023-11-28,1.25,1.25,1.25,1.25,0,2280,0
FINNIFTY28NOV2317500PE.NFO,2023-11-22,09:48:00,2023-11-28,1.25,1.25,1.25,1.25,0,2280,1
FINNIFTY28NOV2317500PE.NFO,2023-11-22,09:49:00,2023-11-28,1.25,1.25,1.25,1.25,0,2280,1
FINNIFTY28NOV2317500PE.NFO,2023-11-22,09:50:00,2023-11-28,1.25,1.25,1.25,1.25,0,2280,1
FINNIFTY28NOV2317500PE.NFO,2023-11-22,09:51:00,2023-11-28,1.25,1.25,1.25,1.25,0,2280,1
FINNIFTY28NOV2317500PE.NFO,2023-11-22,09:52:00,2023-11-28,1.25,1.25,1.25,1.25,0,2280,1
FINNIFTY28NOV2317500PE.NFO,2023-11-22,09:53:00,2023-11-28,1.25,1.25,1.25,1.25,0,2280,1
FINNIFTY28NOV2317500PE.NFO,2023-11-22,09:54:00,2023-11-28,1.25,1.25,1.25,1.25,0,2280,0
FINNIFTY28NOV2317500PE.NFO,2023-11-22,09:55:00,2023-11-28,1.25,1.25,1.25,1.25,0,2280,1
FINNIFTY28NOV2317500PE.NFO,2023-11-22,09:56:00,2023-11-28,1.25,1.25,1.25,1.25,0,2280,0
FINNIFTY28NOV2317500PE.NFO,2023-11-22,09:57:00,2023-11-28,1.25,1.25,1.25,1.25,0,2280,1
FINNIFTY28NOV2317500PE.NFO,2023-11-22,09:58:00,2023-11-28,1.25,1.25,1.25,1.25,0,2280,1
FINNIFTY28NOV2317500PE.NFO,2023-11-22,09:59:00,2023-11-28,1.25,1.25,1.25,1.25,0,2280,0
FINNIFTY28NOV2317500PE.NFO,2023-11-22,10:00:00,2023-11-28,1.25,1.25,1.25,1.25,0,2280,0
FINNIFTY28NOV2317500PE.NFO,2023-11-22,10:01:00,2023-11-28,1.25,1.25,1.25,1.25,0,2280,0
FINNIFTY28NOV2317500PE.NFO,2023-11-22,10:02:00,2023-11-28,1.25,1.25,1.15,1.15,520,2640,0
FINNIFTY28NOV2317500PE.NFO,2023-11-22,10:03:00,2023-11-28,1.15,1.15,1.15,1.15,0,2640,0
FINNIFTY28NOV2317500PE.NFO,2023-11-22,10:04:00,2023-11-28,1.15,1.15,1.15,1.15,0,2640,1
FINNIFTY28NOV2317500PE.NFO,2023-11-22,10:05:00,2023-11-28,1.15,1.15,1.15,1.15,0,2640,1
FINNIFTY28NOV2317500PE.NFO,2023-11-22,10:06:00,2023-11-28,1.15,1.15,1.15,1.15,0,2640,1
FINNIFTY28NOV2317500PE.NFO,2023-11-22,10:07:00,2023-11-28,1.15,1.15,1.15,1.15,0,2640,0
FINNIFTY28NOV2317500PE.NFO,2023-11-22,10:08:00,2023-11-28,1.15,1.15,1.15,1.15,0,2640,0
FINNIFTY28NOV2317500PE.NFO,2023-11-22,10:09:00,2023-11-28,1.2,1.2,1.2,1.2,240,2840,0
FINNIFTY28NOV2317500PE.NFO,2023-11-22,10:10:00,2023-11-28,1.2,1.2,1.2,1.2,240,2840,1
FINNIFTY28NOV2317500PE.NFO,2023-11-22,10:11:00,2023-11-28,1.2,1.2,1.2,1.2,240,2840,1
FINNIFTY28NOV2317500PE.NFO,2023-11-22,10:12:00,2023-11-28,1.2,1.2,1.2,1.2,0,2840,0
FINNIFTY28NOV2317500PE.NFO,2023-11-22,10:13:00,2023-11-28,1.2,1.2,1.2,1.2,0,2840,1
FINNIFTY28NOV2317500PE.NFO,2023-11-22,10:14:00,2023-11-28,1.2,1.2,1.2,1.2,0,2840,1
FINNIFTY28NOV2317500PE.NFO,2023-11-22,10:15:00,2023-11-28,1.2,1.2,1.2,1.2,0,2840,1
FINNIFTY28NOV2317500PE.NFO,2023-11-22,10:16:00,2023-11-28,1.2,1.2,1.2,1.2,240,3080,0
FINNIFTY28NOV2317500PE.NFO,2023-11-22,10:17:00,2023-11-28,1.2,1.2,1.2,1.2,0,3080,0
FINNIFTY28NOV2317500PE.NFO,2023-11-22,10:18:00,2023-11-28,1.2,1.2,1.2,1.2,0,3080,0
FINNIFTY28NOV2317500PE.NFO,2023-11-22,10:19:00,2023-11-28,1.2,1.2,1.2,1.2,40,3320,0
FINNIFTY28NOV2317500PE.NFO,2023-11-22,10:20:00,2023-11-28,1.2,1.2,1.15,1.2,320,3320,0
FINNIFTY28NOV2317500PE.NFO,2023-11-22,10:21:00,2023-11-28,1.2,1.2,1.2,1.2,560,3520,0
FINNIFTY28NOV2317500PE.NFO,2023-11-22,10:22:00,2023-11-28,1.2,1.35,1.2,1.35,4480,3520,0
FINNIFTY28NOV2317500PE.NFO,2023-11-22,10:23:00,2023-11-28,1.35,1.35,1.35,1.35,1840,9720,0
FINNIFTY28NOV2317500PE.NFO,2023-11-22,10:24:00,2023-11-28,1.35,1.35,1.1,1.15,10040,9720,0
FINNIFTY28NOV2317500PE.NFO,2023-11-22,10:25:00,2023-11-28,1.15,1.15,1.05,1.05,3240,9720,0
FINNIFTY28NOV2317500PE.NFO,2023-11-22,10:26:00,2023-11-28,1.05,1.05,1.05,1.05,0,9720,0
FINNIFTY28NOV2317500PE.NFO,2023-11-22,10:27:00,2023-11-28,1.05,1.05,0.95,1.0,10080,9440,0
FINNIFTY28NOV2317500PE.NFO,2023-11-22,10:28:00,2023-11-28,1.0,1.0,1.0,1.0,40,9440,0
FINNIFTY28NOV2317500PE.NFO,2023-11-22,10:29:00,2023-11-28,1.0,1.0,1.0,1.0,0,9440,0
FINNIFTY28NOV2317500PE.NFO,2023-11-22,10:30:00,2023-11-28,1.0,1.0,1.0,1.0,0,9440,0
FINNIFTY28NOV2317500PE.NFO,2023-11-22,10:31:00,2023-11-28,1.0,1.0,1.0,1.0,40,18240,0
FINNIFTY28NOV2317500PE.NFO,2023-11-22,10:32:00,2023-11-28,0.95,0.95,0.9,0.9,4240,19560,0
FINNIFTY28NOV2317500PE.NFO,2023-11-22,10:33:00,2023-11-28,0.9,0.95,0.8,0.8,3000,19560,0
FINNIFTY28NOV2317500PE.NFO,2023-11-22,10:34:00,2023-11-28,0.8,0.9,0.75,0.85,5200,19560,0
FINNIFTY28NOV2317500PE.NFO,2023-11-22,10:35:00,2023-11-28,0.85,0.85,0.8,0.8,4800,19560,0
FINNIFTY28NOV2317500PE.NFO,2023-11-22,10:36:00,2023-11-28,0.8,0.85,0.8,0.8,920,27440,0
FINNIFTY28NOV2317500PE.NFO,2023-11-22,10:37:00,2023-11-28,0.8,0.8,0.75,0.75,2640,27440,0
FINNIFTY28NOV2317500PE.NFO,2023-11-22,10:38:00,2023-11-28,0.8,0.8,0.8,0.8,440,29240,0
FINNIFTY28NOV2317500PE.NFO,2023-11-22,10:39:00,2023-11-28,0.8,0.8,0.8,0.8,200,29240,0
FINNIFTY28NOV2317500PE.NFO,2023-11-22,10:40:00,2023-11-28,0.8,0.8,0.8,0.8,200,29240,1
FINNIFTY28NOV2317500PE.NFO,2023-11-22,10:41:00,2023-11-28,0.8,0.8,0.8,0.8,200,29240,1
FINNIFTY28NOV2317500PE.NFO,2023-11-22,10:42:00,2023-11-28,0.8,0.8,0.8,0.8,0,29240,0
FINNIFTY28NOV2317500PE.NFO,2023-11-22,10:43:00,2023-11-28,0.8,0.8,0.8,0.8,0,29240,1
FINNIFTY28NOV2317500PE.NFO,2023-11-22,10:44:00,2023-11-28,0.8,0.8,0.8,0.8,0,29240,0
FINNIFTY28NOV2317500PE.NFO,2023-11-22,10:45:00,2023-11-28,0.8,0.8,0.8,0.8,0,29240,1
FINNIFTY28NOV2317500PE.NFO,2023-11-22,10:46:00,2023-11-28,0.8,0.8,0.8,0.8,0,29240,0
FINNIFTY28NOV2317500PE.NFO,2023-11-22,10:47:00,2023-11-28,0.8,0.8,0.8,0.8,40,29240,0
FINNIFTY28NOV2317500PE.NFO,2023-11-22,10:48:00,2023-11-28,0.8,0.8,0.8,0.8,40,29240,1
FINNIFTY28NOV2317500PE.NFO,2023-11-22,10:49:00,2023-11-28,0.8,0.8,0.8,0.8,40,29240,1
FINNIFTY28NOV2317500PE.NFO,2023-11-22,10:50:00,2023-11-28,0.8,0.8,0.8,0.8,40,29240,1
FINNIFTY28NOV2317500PE.NFO,2023-11-22,10:51:00,2023-11-28,0.8,0.8,0.8,0.8,0,29240,0
FINNIFTY28NOV2317500PE.NFO,2023-11-22,10:52:00,2023-11-28,0.8,0.8,0.8,0.8,0,29240,0
FINNIFTY28NOV2317500PE.NFO,2023-11-22,10:53:00,2023-11-28,0.8,0.8,0.8,0.8,0,29240,1
FINNIFTY28NOV2317500PE.NFO,2023-11-22,10:54:00,2023-11-28,0.8,0.8,0.8,0.8,0,29240,1
FINNIFTY28NOV2317500PE.NFO,2023-11-22,10:55:00,2023-11-28,0.8,0.8,0.8,0.8,0,29240,1
FINNIFTY28NOV2317500PE.NFO,2023-11-22,10:56:00,2023-11-28,0.8,0.8,0.8,0.8,0,29240,1
FINNIFTY28NOV2317500PE.NFO,2023-11-22,10:57:00,2023-11-28,0.8,0.8,0.8,0.8,0,29240,0
FINNIFTY28NOV2317500PE.NFO,2023-11-22,10:58:00,2023-11-28,0.8,0.8,0.8,0.8,0,29240,0
FINNIFTY28NOV2317500PE.NFO,2023-11-22,10:59:00,2023-11-28,0.8,0.8,0.8,0.8,0,29240,0
FINNIFTY28NOV2317500PE.NFO,2023-11-22,11:00:00,2023-11-28,0.8,0.8,0.8,0.8,0,29240,1
FINNIFTY28NOV2317500PE.NFO,2023-11-22,11:01:00,2023-11-28,0.8,0.8,0.8,0.8,0,29240,0
FINNIFTY28NOV2317500PE.NFO,2023-11-22,11:02:00,2023-11-28,0.8,0.8,0.8,0.8,0,29240,0
FINNIFTY28NOV2317500PE.NFO,2023-11-22,11:03:00,2023-11-28,0.8,0.8,0.8,0.8,0,29240,0
FINNIFTY28NOV2317500PE.NFO,2023-11-22,11:04:00,2023-11-28,0.8,0.8,0.8,0.8,0,29240,0
FINNIFTY28NOV2317500PE.NFO,2023-11-22,11:05:00,2023-11-28,0.8,0.8,0.8,0.8,0,29240,1
FINNIFTY28NOV2317500PE.NFO,2023-11-22,11:06:00,2023-11-28,0.8,0.8,0.8,0.8,0,29240,1
FINNIFTY28NOV2317500PE.NFO,2023-11-22,11:07:00,2023-11-28,0.8,0.8,0.8,0.8,0,29240,1
FINNIFTY28NOV2317500PE.NFO,2023-11-22,11:08:00,2023-11-28,0.8,0.8,0.8,0.8,0,29240,1
FINNIFTY28NOV2317500PE.NFO,2023-11-22,11:09:00,2023-11-28,0.8,0.8,0.8,0.8,0,29240,1
FINNIFTY28NOV2317500PE.NFO,2023-11-22,11:10:00,2023-11-28,0.8,0.8,0.8,0.8,0,29240,1
FINNIFTY28NOV2317500PE.NFO,2023-11-22,11:11:00,2023-11-28,0.8,0.8,0.8,0.8,0,29240,1
FINNIFTY28NOV2317500PE.NFO,2023-11-22,11:12:00,2023-11-28,0.8,0.8,0.8,0.8,0,29240,1
FINNIFTY28NOV2317500PE.NFO,2023-11-22,11:13:00,2023-11-28,0.8,0.8,0.8,0.8,0,29240,1
FINNIFTY28NOV2317500PE.NFO,2023-11-22,11:14:00,2023-11-28,0.8,0.8,0.8,0.8,0,29240,1
FINNIFTY28NOV2317500PE.NFO,2023-11-22,11:15:00,2023-11-28,0.8,0.8,0.8,0.8,0,29240,1
FINNIFTY28NOV2317500PE.NFO,2023-11-22,11:16:00,2023-11-28,0.8,0.8,0.8,0.8,0,29240,1
FINNIFTY28NOV2317500PE.NFO,2023-11-22,11:17:00,2023-11-28,0.8,0.8,0.8,0.8,0,29240,1
FINNIFTY28NOV2317500PE.NFO,2023-11-22,11:18:00,2023-11-28,0.8,0.8,0.8,0.8,0,29240,1
FINNIFTY28NOV2317500PE.NFO,2023-11-22,11:19:00,2023-11-28,0.8,0.8,0.8,0.8,0,29240,1
FINNIFTY28NOV2317500PE.NFO,2023-11-22,11:20:00,2023-11-28,0.8,0.8,0.8,0.8,0,29240,1
FINNIFTY28NOV2317500PE.NFO,2023-11-22,11:21:00,2023-11-28,0.8,0.8,0.8,0.8,0,29240,1
FINNIFTY28NOV2317500PE.NFO,2023-11-22,11:22:00,2023-11-28,0.8,0.8,0.8,0.8,0,29240,1
FINNIFTY28NOV2317500PE.NFO,2023-11-22,11:23:00,2023-11-28,0.8,0.8,0.8,0.8,0,29240,1
FINNIFTY28NOV2317500PE.NFO,2023-11-22,11:24:00,2023-11-28,0.8,0.8,0.8,0.8,0,29240,1
FINNIFTY28NOV2317500PE.NFO,2023-11-22,11:25:00,2023-11-28,0.8,0.8,0.8,0.8,0,29240,1
FINNIFTY28NOV2317500PE.NFO,2023-11-22,11:26:00,2023-11-28,0.8,0.8,0.8,0.8,0,29240,1
FINNIFTY28NOV2317500PE.NFO,2023-11-22,11:27:00,2023-11-28,0.8,0.8,0.8,0.8,0,29240,1
FINNIFTY28NOV2317500PE.NFO,2023-11-22,11:28:00,2023-11-28,0.8,0.8,0.8,0.8,0,29240,1
FINNIFTY28NOV2317500PE.NFO,2023-11-22,11:29:00,2023-11-28,0.8,0.8,0.8,0.8,80,29200,0
FINNIFTY28NOV2317500PE.NFO,2023-11-22,11:30:00,2023-11-28,0.8,0.8,0.8,0.8,80,29200,1
FINNIFTY28NOV2317500PE.NFO,2023-11-22,11:31:00,2023-11-28,0.8,0.8,0.8,0.8,80,29200,1
FINNIFTY28NOV2317500PE.NFO,2023-11-22,11:32:00,2023-11-28,0.8,0.8,0.8,0.8,80,29200,1
FINNIFTY28NOV2317500PE.NFO,2023-11-22,11:33:00,2023-11-28,0.8,0.8,0.8,0.8,80,29200,1
FINNIFTY28NOV2317500PE.NFO,2023-11-22,11:34:00,2023-11-28,0.8,0.8,0.8,0.8,80,29200,1
FINNIFTY28NOV2317500PE.NFO,2023-11-22,11:35:00,2023-11-28,0.8,0.8,0.8,0.8,80,29200,1
FINNIFTY28NOV2317500PE.NFO,2023-11-22,11:36:00,2023-11-28,0.8,0.8,0.8,0.8,80,29200,1
FINNIFTY28NOV2317500PE.NFO,2023-11-22,11:37:00,2023-11-28,0.8,0.8,0.8,0.8,80,29200,1
FINNIFTY28NOV2317500PE.NFO,2023-11-22,11:38:00,2023-11-28,0.8,0.8,0.8,0.8,80,29200,1
FINNIFTY28NOV2317500PE.NFO,2023-11-22,11:39:00,2023-11-28,0.8,0.8,0.8,0.8,80,29200,1
FINNIFTY28NOV2317500PE.NFO,2023-11-22,11:40:00,2023-11-28,0.8,0.8,0.8,0.8,80,29200,1
FINNIFTY28NOV2317500PE.NFO,2023-11-22,11:41:00,2023-11-28,0.8,0.8,0.8,0.8,80,29200,1
FINNIFTY28NOV2317500PE.NFO,2023-11-22,11:42:00,2023-11-28,0.8,0.8,0.8,0.8,80,29200,1
FINNIFTY28NOV2317500PE.NFO,2023-11-22,11:43:00,2023-11-28,0.8,0.8,0.8,0.8,80,29200,1
FINNIFTY28NOV2317500PE.NFO,2023-11-22,11:44:00,2023-11-28,0.8,0.8,0.8,0.8,80,29200,1
FINNIFTY28NOV2317500PE.NFO,2023-11-22,11:45:00,2023-11-28,0.8,0.8,0.8,0.8,0,29200,0
FINNIFTY28NOV2317500PE.NFO,2023-11-22,11:46:00,2023-11-28,0.8,0.8,0.8,0.8,600,29120,0
FINNIFTY28NOV2317500PE.NFO,2023-11-22,11:47:00,2023-11-28,0.8,0.8,0.8,0.8,0,29120,0
FINNIFTY28NOV2317500PE.NFO,2023-11-22,11:48:00,2023-11-28,0.8,0.8,0.8,0.8,0,29120,0
FINNIFTY28NOV2317500PE.NFO,2023-11-22,11:49:00,2023-11-28,0.8,0.8,0.8,0.8,0,29120,0
FINNIFTY28NOV2317500PE.NFO,2023-11-22,11:50:00,2023-11-28,0.8,0.8,0.8,0.8,0,29120,0
FINNIFTY28NOV2317500PE.NFO,2023-11-22,11:51:00,2023-11-28,0.75,0.8,0.75,0.8,840,28880,0
FINNIFTY28NOV2317500PE.NFO,2023-11-22,11:52:00,2023-11-28,0.8,0.8,0.8,0.8,840,28880,1
FINNIFTY28NOV2317500PE.NFO,2023-11-22,11:53:00,2023-11-28,0.8,0.8,0.8,0.8,0,28880,0
FINNIFTY28NOV2317500PE.NFO,2023-11-22,11:54:00,2023-11-28,0.8,0.8,0.8,0.8,0,28880,1
FINNIFTY28NOV2317500PE.NFO,2023-11-22,11:55:00,2023-11-28,0.8,0.8,0.8,0.8,0,28880,1
FINNIFTY28NOV2317500PE.NFO,2023-11-22,11:56:00,2023-11-28,0.8,0.8,0.8,0.8,0,28880,1
FINNIFTY28NOV2317500PE.NFO,2023-11-22,11:57:00,2023-11-28,0.8,0.8,0.8,0.8,0,28880,1
FINNIFTY28NOV2317500PE.NFO,2023-11-22,11:58:00,2023-11-28,0.8,0.8,0.8,0.8,0,28880,0
FINNIFTY28NOV2317500PE.NFO,2023-11-22,11:59:00,2023-11-28,0.8,0.8,0.8,0.8,0,28880,1
FINNIFTY28NOV2317500PE.NFO,2023-11-22,12:00:00,2023-11-28,0.8,0.8,0.8,0.8,0,28880,1
FINNIFTY28NOV2317500PE.NFO,2023-11-22,12:01:00,2023-11-28,0.8,0.8,0.8,0.8,0,28880,0
FINNIFTY28NOV2317500PE.NFO,2023-11-22,12:02:00,2023-11-28,0.8,0.8,0.8,0.8,0,28880,0
FINNIFTY28NOV2317500PE.NFO,2023-11-22,12:03:00,2023-11-28,0.8,0.8,0.75,0.75,120,29440,0
FINNIFTY28NOV2317500PE.NFO,2023-11-22,12:04:00,2023-11-28,0.75,0.75,0.7,0.75,1920,29440,0
FINNIFTY28NOV2317500PE.NFO,2023-11-22,12:05:00,2023-11-28,0.75,0.75,0.75,0.75,0,29440,0
FINNIFTY28NOV2317500PE.NFO,2023-11-22,12:06:00,2023-11-28,0.75,0.75,0.6,0.7,10440,31240,0
FINNIFTY28NOV2317500PE.NFO,2023-11-22,12:07:00,2023-11-28,0.6,0.6,0.6,0.6,400,31240,0
FINNIFTY28NOV2317500PE.NFO,2023-11-22,12:08:00,2023-11-28,0.6,0.65,0.6,0.65,480,31240,0
FINNIFTY28NOV2317500PE.NFO,2023-11-22,12:09:00,2023-11-28,0.65,0.65,0.65,0.65,80,41560,0
FINNIFTY28NOV2317500PE.NFO,2023-11-22,12:10:00,2023-11-28,0.65,0.65,0.65,0.65,80,41560,0
FINNIFTY28NOV2317500PE.NFO,2023-11-22,12:11:00,2023-11-28,0.65,0.65,0.65,0.65,120,41560,0
FINNIFTY28NOV2317500PE.NFO,2023-11-22,12:12:00,2023-11-28,0.65,0.65,0.65,0.65,0,41560,0
FINNIFTY28NOV2317500PE.NFO,2023-11-22,12:13:00,2023-11-28,0.65,0.65,0.65,0.65,0,41560,0
FINNIFTY28NOV2317500PE.NFO,2023-11-22,12:14:00,2023-11-28,0.65,0.65,0.65,0.65,200,41560,0
FINNIFTY28NOV2317500PE.NFO,2023-11-22,12:15:00,2023-11-28,0.65,0.65,0.65,0.65,0,41560,0
FINNIFTY28NOV2317500PE.NFO,2023-11-22,12:16:00,2023-11-28,0.65,0.65,0.65,0.65,0,41560,0
FINNIFTY28NOV2317500PE.NFO,2023-11-22,12:17:00,2023-11-28,0.65,0.65,0.65,0.65,0,41560,0
FINNIFTY28NOV2317500PE.NFO,2023-11-22,12:18:00,2023-11-28,0.65,0.65,0.65,0.65,0,41560,0
FINNIFTY28NOV2317500PE.NFO,2023-11-22,12:19:00,2023-11-28,0.65,0.65,0.65,0.65,0,41560,0
FINNIFTY28NOV2317500PE.NFO,2023-11-22,12:20:00,2023-11-28,0.65,0.65,0.65,0.65,0,41560,1
FINNIFTY28NOV2317500PE.NFO,2023-11-22,12:21:00,2023-11-28,0.65,0.65,0.65,0.65,40,41560,0
FINNIFTY28NOV2317500PE.NFO,2023-11-22,12:22:00,2023-11-28,0.65,0.65,0.65,0.65,0,41560,0
FINNIFTY28NOV2317500PE.NFO,2023-11-22,12:23:00,2023-11-28,0.65,0.65,0.65,0.65,0,41560,0
FINNIFTY28NOV2317500PE.NFO,2023-11-22,12:24:00,2023-11-28,0.65,0.65,0.6,0.65,4040,41560,0
FINNIFTY28NOV2317500PE.NFO,2023-11-22,12:25:00,2023-11-28,0.65,0.65,0.65,0.65,0,41560,0
FINNIFTY28NOV2317500PE.NFO,2023-11-22,12:26:00,2023-11-28,0.65,0.65,0.6,0.6,920,41560,0
FINNIFTY28NOV2317500PE.NFO,2023-11-22,12:27:00,2023-11-28,0.6,0.65,0.6,0.65,8040,45560,0
FINNIFTY28NOV2317500PE.NFO,2023-11-22,12:28:00,2023-11-28,0.65,0.7,0.65,0.7,1800,45560,0
FINNIFTY28NOV2317500PE.NFO,2023-11-22,12:29:00,2023-11-28,0.7,0.7,0.65,0.7,2640,45560,0
FINNIFTY28NOV2317500PE.NFO,2023-11-22,12:30:00,2023-11-28,0.7,0.7,0.65,0.65,320,44120,0
FINNIFTY28NOV2317500PE.NFO,2023-11-22,12:31:00,2023-11-28,0.65,0.7,0.65,0.7,2000,44120,0
FINNIFTY28NOV2317500PE.NFO,2023-11-22,12:32:00,2023-11-28,0.7,0.7,0.7,0.7,0,44120,0
FINNIFTY28NOV2317500PE.NFO,2023-11-22,12:33:00,2023-11-28,0.7,0.7,0.7,0.7,0,44120,1
FINNIFTY28NOV2317500PE.NFO,2023-11-22,12:34:00,2023-11-28,0.7,0.7,0.7,0.7,0,44120,1
FINNIFTY28NOV2317500PE.NFO,2023-11-22,12:35:00,2023-11-28,0.7,0.7,0.7,0.7,0,44120,1
FINNIFTY28NOV2317500PE.NFO,2023-11-22,12:36:00,2023-11-28,0.7,0.7,0.7,0.7,0,44120,1
FINNIFTY28NOV2317500PE.NFO,2023-11-22,12:37:00,2023-11-28,0.7,0.7,0.7,0.7,0,44120,0
FINNIFTY28NOV2317500PE.NFO,2023-11-22,12:38:00,2023-11-28,0.7,0.7,0.7,0.7,0,44120,0
FINNIFTY28NOV2317500PE.NFO,2023-11-22,12:39:00,2023-11-28,0.7,0.7,0.7,0.7,0,44120,0
FINNIFTY28NOV2317500PE.NFO,2023-11-22,12:40:00,2023-11-28,0.7,0.7,0.7,0.7,40,43240,0
FINNIFTY28NOV2317500PE.NFO,2023-11-22,12:41:00,2023-11-28,0.7,0.7,0.7,0.7,0,43240,0
FINNIFTY28NOV2317500PE.NFO,2023-11-22,12:42:00,2023-11-28,0.7,0.7,0.7,0.7,0,43240,1
FINNIFTY28NOV2317500PE.NFO,2023-11-22,12:43:00,2023-11-28,0.7,0.7,0.7,0.7,0,43240,0
FINNIFTY28NOV2317500PE.NFO,2023-11-22,12:44:00,2023-11-28,0.7,0.7,0.7,0.7,0,43240,0
FINNIFTY28NOV2317500PE.NFO,2023-11-22,12:45:00,2023-11-28,0.7,0.7,0.7,0.7,0,43240,0
FINNIFTY28NOV2317500PE.NFO,2023-11-22,12:46:00,2023-11-28,0.7,0.7,0.7,0.7,0,43240,0
FINNIFTY28NOV2317500PE.NFO,2023-11-22,12:47:00,2023-11-28,0.7,0.7,0.7,0.7,0,43240,1
FINNIFTY28NOV2317500PE.NFO,2023-11-22,12:48:00,2023-11-28,0.7,0.7,0.7,0.7,0,43240,1
FINNIFTY28NOV2317500PE.NFO,2023-11-22,12:49:00,2023-11-28,0.7,0.7,0.7,0.7,0,43240,1
FINNIFTY28NOV2317500PE.NFO,2023-11-22,12:50:00,2023-11-28,0.7,0.7,0.7,0.7,0,43240,1
FINNIFTY28NOV2317500PE.NFO,2023-11-22,12:51:00,2023-11-28,0.7,0.7,0.7,0.7,0,43240,0
FINNIFTY28NOV2317500PE.NFO,2023-11-22,12:52:00,2023-11-28,0.7,0.7,0.7,0.7,80,43280,0
FINNIFTY28NOV2317500PE.NFO,2023-11-22,12:53:00,2023-11-28,0.7,0.7,0.7,0.7,0,43280,0
FINNIFTY28NOV2317500PE.NFO,2023-11-22,12:54:00,2023-11-28,0.7,0.7,0.65,0.65,40,43360,0
FINNIFTY28NOV2317500PE.NFO,2023-11-22,12:55:00,2023-11-28,0.65,0.65,0.65,0.65,1600,43360,0
FINNIFTY28NOV2317500PE.NFO,2023-11-22,12:56:00,2023-11-28,0.65,0.65,0.65,0.65,3240,43360,0
FINNIFTY28NOV2317500PE.NFO,2023-11-22,12:57:00,2023-11-28,0.65,0.65,0.65,0.65,3240,43360,1
FINNIFTY28NOV2317500PE.NFO,2023-11-22,12:58:00,2023-11-28,0.65,0.7,0.65,0.7,0,43120,0
FINNIFTY28NOV2317500PE.NFO,2023-11-22,12:59:00,2023-11-28,0.7,0.7,0.7,0.7,40,43120,0
FINNIFTY28NOV2317500PE.NFO,2023-11-22,13:00:00,2023-11-28,0.7,0.7,0.7,0.7,40,43120,1
FINNIFTY28NOV2317500PE.NFO,2023-11-22,13:01:00,2023-11-28,0.7,0.7,0.7,0.7,40,43120,1
FINNIFTY28NOV2317500PE.NFO,2023-11-22,13:02:00,2023-11-28,0.7,0.7,0.7,0.7,40,43120,1
FINNIFTY28NOV2317500PE.NFO,2023-11-22,13:03:00,2023-11-28,0.7,0.7,0.7,0.7,40,43120,1
FINNIFTY28NOV2317500PE.NFO,2023-11-22,13:04:00,2023-11-28,0.6,0.7,0.6,0.7,600,43120,0
FINNIFTY28NOV2317500PE.NFO,2023-11-22,13:05:00,2023-11-28,0.7,0.7,0.7,0.7,0,43120,0
FINNIFTY28NOV2317500PE.NFO,2023-11-22,13:06:00,2023-11-28,0.7,0.7,0.7,0.7,0,43120,0
FINNIFTY28NOV2317500PE.NFO,2023-11-22,13:07:00,2023-11-28,0.7,0.7,0.7,0.7,0,43120,0
FINNIFTY28NOV2317500PE.NFO,2023-11-22,13:08:00,2023-11-28,0.6,0.6,0.6,0.6,40,43160,0
FINNIFTY28NOV2317500PE.NFO,2023-11-22,13:09:00,2023-11-28,0.6,0.6,0.6,0.6,40,43160,1
FINNIFTY28NOV2317500PE.NFO,2023-11-22,13:10:00,2023-11-28,0.6,0.6,0.6,0.6,0,43160,0
FINNIFTY28NOV2317500PE.NFO,2023-11-22,13:11:00,2023-11-28,0.6,0.6,0.6,0.6,0,43160,1
FINNIFTY28NOV2317500PE.NFO,2023-11-22,13:12:00,2023-11-28,0.6,0.6,0.6,0.6,0,43160,1
FINNIFTY28NOV2317500PE.NFO,2023-11-22,13:13:00,2023-11-28,0.6,0.6,0.6,0.6,0,43160,1
FINNIFTY28NOV2317500PE.NFO,2023-11-22,13:14:00,2023-11-28,0.6,0.6,0.6,0.6,0,43160,1
FINNIFTY28NOV2317500PE.NFO,2023-11-22,13:15:00,2023-11-28,0.6,0.6,0.6,0.6,0,43160,1
FINNIFTY28NOV2317500PE.NFO,2023-11-22,13:16:00,2023-11-28,0.6,0.6,0.6,0.6,0,43160,1
FINNIFTY28NOV2317500PE.NFO,2023-11-22,13:17:00,2023-11-28,0.6,0.6,0.6,0.6,0,43160,0
FINNIFTY28NOV2317500PE.NFO,2023-11-22,13:18:00,2023-11-28,0.6,0.6,0.6,0.6,0,43160,1
FINNIFTY28NOV2317500PE.NFO,2023-11-22,13:19:00,2023-11-28,0.6,0.6,0.6,0.6,0,43160,1
FINNIFTY28NOV2317500PE.NFO,2023-11-22,13:20:00,2023-11-28,0.6,0.6,0.6,0.6,0,43160,1
FINNIFTY28NOV2317500PE.NFO,2023-11-22,13:21:00,2023-11-28,0.6,0.6,0.6,0.6,0,43160,1
FINNIFTY28NOV2317500PE.NFO,2023-11-22,13:22:00,2023-11-28,0.7,0.7,0.7,0.7,200,43200,0
FINNIFTY28NOV2317500PE.NFO,2023-11-22,13:23:00,2023-11-28,0.7,0.7,0.7,0.7,0,43200,0
FINNIFTY28NOV2317500PE.NFO,2023-11-22,13:24:00,2023-11-28,0.7,0.7,0.7,0.7,0,43200,0
FINNIFTY28NOV2317500PE.NFO,2023-11-22,13:25:00,2023-11-28,0.7,0.7,0.7,0.7,0,43200,1
FINNIFTY28NOV2317500PE.NFO,2023-11-22,13:26:00,2023-11-28,0.7,0.7,0.7,0.7,0,43200,1
FINNIFTY28NOV2317500PE.NFO,2023-11-22,13:27:00,2023-11-28,0.7,0.7,0.7,0.7,0,43200,1
FINNIFTY28NOV2317500PE.NFO,2023-11-22,13:28:00,2023-11-28,0.7,0.7,0.7,0.7,0,43200,1
FINNIFTY28NOV2317500PE.NFO,2023-11-22,13:29:00,2023-11-28,0.7,0.7,0.7,0.7,0,43200,1
FINNIFTY28NOV2317500PE.NFO,2023-11-22,13:30:00,2023-11-28,0.7,0.7,0.6,0.6,160,43160,0
FINNIFTY28NOV2317500PE.NFO,2023-11-22,13:31:00,2023-11-28,0.6,0.65,0.6,0.65,40,43160,0
FINNIFTY28NOV2317500PE.NFO,2023-11-22,13:32:00,2023-11-28,0.65,0.65,0.65,0.65,0,43160,0
FINNIFTY28NOV2317500PE.NFO,2023-11-22,13:33:00,2023-11-28,0.65,0.65,0.65,0.65,0,43160,1
FINNIFTY28NOV2317500PE.NFO,2023-11-22,13:34:00,2023-11-28,0.65,0.65,0.65,0.65,0,43160,1
FINNIFTY28NOV2317500PE.NFO,2023-11-22,13:35:00,2023-11-28,0.65,0.65,0.65,0.65,0,43160,1
FINNIFTY28NOV2317500PE.NFO,2023-11-22,13:36:00,2023-11-28,0.65,0.65,0.65,0.65,0,43160,1
FINNIFTY28NOV2317500PE.NFO,2023-11-22,13:37:00,2023-11-28,0.65,0.65,0.65,0.65,0,43160,1
FINNIFTY28NOV2317500PE.NFO,2023-11-22,13:38:00,2023-11-28,0.65,0.65,0.65,0.65,0,43160,1
FINNIFTY28NOV2317500PE.NFO,2023-11-22,13:39:00,2023-11-28,0.65,0.65,0.65,0.65,0,43160,1
FINNIFTY28NOV2317500PE.NFO,2023-11-22,13:40:00,2023-11-28,0.65,0.65,0.65,0.65,0,43160,1
FINNIFTY28NOV2317500PE.NFO,2023-11-22,13:41:00,2023-11-28,0.65,0.65,0.65,0.65,0,43160,1
FINNIFTY28NOV2317500PE.NFO,2023-11-22,13:42:00,2023-11-28,0.65,0.65,0.65,0.65,0,43160,0
FINNIFTY28NOV2317500PE.NFO,2023-11-22,13:43:00,2023-11-28,0.65,0.65,0.65,0.65,0,43160,1
FINNIFTY28NOV2317500PE.NFO,2023-11-22,13:44:00,2023-11-28,0.65,0.65,0.65,0.65,0,43160,1
FINNIFTY28NOV2317500PE.NFO,2023-11-22,13:45:00,2023-11-28,0.65,0.65,0.65,0.65,0,43160,1
FINNIFTY28NOV2317500PE.NFO,2023-11-22,13:46:00,2023-11-28,0.65,0.65,0.65,0.65,0,43160,1
FINNIFTY28NOV2317500PE.NFO,2023-11-22,13:47:00,2023-11-28,0.65,0.65,0.65,0.65,0,43160,1
FINNIFTY28NOV2317500PE.NFO,2023-11-22,13:48:00,2023-11-28,0.65,0.65,0.65,0.65,0,43160,0
FINNIFTY28NOV2317500PE.NFO,2023-11-22,13:49:00,2023-11-28,0.65,0.65,0.65,0.65,0,43160,1
FINNIFTY28NOV2317500PE.NFO,2023-11-22,13:50:00,2023-11-28,0.65,0.65,0.65,0.65,0,43160,1
FINNIFTY28NOV2317500PE.NFO,2023-11-22,13:51:00,2023-11-28,0.65,0.65,0.65,0.65,0,43160,1
FINNIFTY28NOV2317500PE.NFO,2023-11-22,13:52:00,2023-11-28,0.65,0.65,0.65,0.65,0,43160,0
FINNIFTY28NOV2317500PE.NFO,2023-11-22,13:53:00,2023-11-28,0.65,0.65,0.65,0.65,0,43160,1
FINNIFTY28NOV2317500PE.NFO,2023-11-22,13:54:00,2023-11-28,0.65,0.65,0.65,0.65,80,43160,0
FINNIFTY28NOV2317500PE.NFO,2023-11-22,13:55:00,2023-11-28,0.65,0.65,0.65,0.65,0,43160,0
FINNIFTY28NOV2317500PE.NFO,2023-11-22,13:56:00,2023-11-28,0.65,0.65,0.65,0.65,0,43160,1
FINNIFTY28NOV2317500PE.NFO,2023-11-22,13:57:00,2023-11-28,0.65,0.65,0.65,0.65,0,43160,1
FINNIFTY28NOV2317500PE.NFO,2023-11-22,13:58:00,2023-11-28,0.65,0.65,0.65,0.65,0,43160,1
FINNIFTY28NOV2317500PE.NFO,2023-11-22,13:59:00,2023-11-28,0.65,0.65,0.65,0.65,0,43160,1
FINNIFTY28NOV2317500PE.NFO,2023-11-22,14:00:00,2023-11-28,0.65,0.65,0.6,0.6,160,43160,0
FINNIFTY28NOV2317500PE.NFO,2023-11-22,14:01:00,2023-11-28,0.6,0.6,0.6,0.6,1640,43160,0
FINNIFTY28NOV2317500PE.NFO,2023-11-22,14:02:00,2023-11-28,0.6,0.6,0.6,0.6,1400,43160,0
FINNIFTY28NOV2317500PE.NFO,2023-11-22,14:03:00,2023-11-28,0.6,0.6,0.6,0.6,240,43080,0
FINNIFTY28NOV2317500PE.NFO,2023-11-22,14:04:00,2023-11-28,0.6,0.6,0.6,0.6,40,43080,0
FINNIFTY28NOV2317500PE.NFO,2023-11-22,14:05:00,2023-11-28,0.6,0.6,0.6,0.6,40,43080,1
FINNIFTY28NOV2317500PE.NFO,2023-11-22,14:06:00,2023-11-28,0.6,0.6,0.6,0.6,0,43080,0
FINNIFTY28NOV2317500PE.NFO,2023-11-22,14:07:00,2023-11-28,0.6,0.6,0.6,0.6,0,43080,1
FINNIFTY28NOV2317500PE.NFO,2023-11-22,14:08:00,2023-11-28,0.6,0.6,0.6,0.6,0,43080,0
FINNIFTY28NOV2317500PE.NFO,2023-11-22,14:09:00,2023-11-28,0.6,0.6,0.6,0.6,0,43080,0
FINNIFTY28NOV2317500PE.NFO,2023-11-22,14:10:00,2023-11-28,0.6,0.6,0.6,0.6,0,43080,0
FINNIFTY28NOV2317500PE.NFO,2023-11-22,14:11:00,2023-11-28,0.6,0.6,0.6,0.6,0,43080,0
FINNIFTY28NOV2317500PE.NFO,2023-11-22,14:12:00,2023-11-28,0.6,0.6,0.6,0.6,0,43080,1
FINNIFTY28NOV2317500PE.NFO,2023-11-22,14:13:00,2023-11-28,0.6,0.6,0.6,0.6,0,43080,1
FINNIFTY28NOV2317500PE.NFO,2023-11-22,14:14:00,2023-11-28,0.6,0.6,0.6,0.6,0,43080,1
FINNIFTY28NOV2317500PE.NFO,2023-11-22,14:15:00,2023-11-28,0.6,0.6,0.6,0.6,0,43080,0
FINNIFTY28NOV2317500PE.NFO,2023-11-22,14:16:00,2023-11-28,0.6,0.6,0.6,0.6,0,43080,0
FINNIFTY28NOV2317500PE.NFO,2023-11-22,14:17:00,2023-11-28,0.6,0.6,0.6,0.6,0,43080,0
FINNIFTY28NOV2317500PE.NFO,2023-11-22,14:18:00,2023-11-28,0.6,0.6,0.6,0.6,0,43080,1
FINNIFTY28NOV2317500PE.NFO,2023-11-22,14:19:00,2023-11-28,0.6,0.6,0.6,0.6,0,43080,1
FINNIFTY28NOV2317500PE.NFO,2023-11-22,14:20:00,2023-11-28,0.6,0.6,0.6,0.6,0,43080,1
FINNIFTY28NOV2317500PE.NFO,2023-11-22,14:21:00,2023-11-28,0.6,0.6,0.6,0.6,0,43080,1
FINNIFTY28NOV2317500PE.NFO,2023-11-22,14:22:00,2023-11-28,0.6,0.6,0.6,0.6,0,43080,1
FINNIFTY28NOV2317500PE.NFO,2023-11-22,14:23:00,2023-11-28,0.6,0.6,0.6,0.6,0,43080,1
FINNIFTY28NOV2317500PE.NFO,2023-11-22,14:24:00,2023-11-28,0.6,0.6,0.6,0.6,0,43080,1
FINNIFTY28NOV2317500PE.NFO,2023-11-22,14:25:00,2023-11-28,0.6,0.6,0.6,0.6,0,43080,0
FINNIFTY28NOV2317500PE.NFO,2023-11-22,14:26:00,2023-11-28,0.6,0.6,0.6,0.6,0,43080,0
FINNIFTY28NOV2317500PE.NFO,2023-11-22,14:27:00,2023-11-28,0.6,0.6,0.6,0.6,0,43080,1
FINNIFTY28NOV2317500PE.NFO,2023-11-22,14:28:00,2023-11-28,0.6,0.6,0.6,0.6,0,43080,0
FINNIFTY28NOV2317500PE.NFO,2023-11-22,14:29:00,2023-11-28,0.6,0.6,0.55,0.55,200,43080,0
FINNIFTY28NOV2317500PE.NFO,2023-11-22,14:30:00,2023-11-28,0.55,0.55,0.55,0.55,200,43080,1
FINNIFTY28NOV2317500PE.NFO,2023-11-22,14:31:00,2023-11-28,0.55,0.6,0.55,0.55,1520,43080,0
FINNIFTY28NOV2317500PE.NFO,2023-11-22,14:32:00,2023-11-28,0.6,0.6,0.6,0.6,840,43080,0
FINNIFTY28NOV2317500PE.NFO,2023-11-22,14:33:00,2023-11-28,0.6,0.65,0.6,0.65,4400,41320,0
FINNIFTY28NOV2317500PE.NFO,2023-11-22,14:34:00,2023-11-28,0.65,0.65,0.55,0.6,1600,41320,0
FINNIFTY28NOV2317500PE.NFO,2023-11-22,14:35:00,2023-11-28,0.6,0.6,0.6,0.6,0,41320,0
FINNIFTY28NOV2317500PE.NFO,2023-11-22,14:36:00,2023-11-28,0.6,0.6,0.55,0.55,1120,41520,0
FINNIFTY28NOV2317500PE.NFO,2023-11-22,14:37:00,2023-11-28,0.55,0.55,0.55,0.55,2240,41520,0
FINNIFTY28NOV2317500PE.NFO,2023-11-22,14:38:00,2023-11-28,0.55,0.55,0.55,0.55,120,41520,0
FINNIFTY28NOV2317500PE.NFO,2023-11-22,14:39:00,2023-11-28,0.55,0.55,0.55,0.55,0,41520,0
FINNIFTY28NOV2317500PE.NFO,2023-11-22,14:40:00,2023-11-28,0.55,0.55,0.55,0.55,200,41520,0
FINNIFTY28NOV2317500PE.NFO,2023-11-22,14:41:00,2023-11-28,0.6,0.6,0.6,0.6,40,41520,0
FINNIFTY28NOV2317500PE.NFO,2023-11-22,14:42:00,2023-11-28,0.6,0.6,0.6,0.6,40,41520,1
FINNIFTY28NOV2317500PE.NFO,2023-11-22,14:43:00,2023-11-28,0.6,0.6,0.6,0.6,1800,41520,0
FINNIFTY28NOV2317500PE.NFO,2023-11-22,14:44:00,2023-11-28,0.55,0.6,0.55,0.6,920,41520,0
FINNIFTY28NOV2317500PE.NFO,2023-11-22,14:45:00,2023-11-28,0.6,0.6,0.55,0.6,1840,42560,0
FINNIFTY28NOV2317500PE.NFO,2023-11-22,14:46:00,2023-11-28,0.6,0.6,0.6,0.6,160,42560,0
FINNIFTY28NOV2317500PE.NFO,2023-11-22,14:47:00,2023-11-28,0.6,0.6,0.6,0.6,2600,42560,0
FINNIFTY28NOV2317500PE.NFO,2023-11-22,14:48:00,2023-11-28,0.6,0.65,0.6,0.65,4400,42680,0
FINNIFTY28NOV2317500PE.NFO,2023-11-22,14:49:00,2023-11-28,0.7,0.75,0.55,0.7,7200,42680,0
FINNIFTY28NOV2317500PE.NFO,2023-11-22,14:50:00,2023-11-28,0.7,0.7,0.6,0.7,600,42680,0
FINNIFTY28NOV2317500PE.NFO,2023-11-22,14:51:00,2023-11-28,0.7,0.7,0.7,0.7,0,42680,0
FINNIFTY28NOV2317500PE.NFO,2023-11-22,14:52:00,2023-11-28,0.7,0.7,0.7,0.7,0,42680,0
FINNIFTY28NOV2317500PE.NFO,2023-11-22,14:53:00,2023-11-28,0.7,0.7,0.7,0.7,0,42680,0
FINNIFTY28NOV2317500PE.NFO,2023-11-22,14:54:00,2023-11-28,0.7,0.7,0.7,0.7,0,42680,0
FINNIFTY28NOV2317500PE.NFO,2023-11-22,14:55:00,2023-11-28,0.7,0.7,0.7,0.7,0,42680,0
FINNIFTY28NOV2317500PE.NFO,2023-11-22,14:56:00,2023-11-28,0.7,0.7,0.7,0.7,0,42680,0
FINNIFTY28NOV2317500PE.NFO,2023-11-22,14:57:00,2023-11-28,0.6,0.6,0.6,0.6,800,43280,0
FINNIFTY28NOV2317500PE.NFO,2023-11-22,14:58:00,2023-11-28,0.6,0.6,0.6,0.6,0,43280,0
FINNIFTY28NOV2317500PE.NFO,2023-11-22,14:59:00,2023-11-28,0.6,0.6,0.6,0.6,0,43280,0
FINNIFTY28NOV2317500PE.NFO,2023-11-22,15:00:00,2023-11-28,0.6,0.6,0.6,0.6,0,43280,0
FINNIFTY28NOV2317500PE.NFO,2023-11-22,15:01:00,2023-11-28,0.6,0.6,0.6,0.6,0,43280,1
FINNIFTY28NOV2317500PE.NFO,2023-11-22,15:02:00,2023-11-28,0.6,0.6,0.6,0.6,0,43280,0
FINNIFTY28NOV2317500PE.NFO,2023-11-22,15:03:00,2023-11-28,0.6,0.6,0.6,0.6,0,43280,0
FINNIFTY28NOV2317500PE.NFO,2023-11-22,15:04:00,2023-11-28,0.6,0.6,0.6,0.6,0,43280,0
FINNIFTY28NOV2317500PE.NFO,2023-11-22,15:05:00,2023-11-28,0.6,0.6,0.6,0.6,2440,42480,0
FINNIFTY28NOV2317500PE.NFO,2023-11-22,15:06:00,2023-11-28,0.6,0.6,0.55,0.55,520,42480,0
FINNIFTY28NOV2317500PE.NFO,2023-11-22,15:07:00,2023-11-28,0.55,0.55,0.55,0.55,0,42480,0
FINNIFTY28NOV2317500PE.NFO,2023-11-22,15:08:00,2023-11-28,0.55,0.55,0.55,0.55,680,41200,0
FINNIFTY28NOV2317500PE.NFO,2023-11-22,15:09:00,2023-11-28,0.55,0.65,0.55,0.65,120,41200,0
FINNIFTY28NOV2317500PE.NFO,2023-11-22,15:10:00,2023-11-28,0.65,0.65,0.65,0.65,120,41200,1
FINNIFTY28NOV2317500PE.NFO,2023-11-22,15:11:00,2023-11-28,0.65,0.65,0.65,0.65,120,41200,1
FINNIFTY28NOV2317500PE.NFO,2023-11-22,15:12:00,2023-11-28,0.65,0.65,0.65,0.65,120,41200,1
FINNIFTY28NOV2317500PE.NFO,2023-11-22,15:13:00,2023-11-28,0.65,0.65,0.55,0.55,320,41200,0
FINNIFTY28NOV2317500PE.NFO,2023-11-22,15:14:00,2023-11-28,0.55,0.55,0.55,0.55,1960,41200,0
FINNIFTY28NOV2317500PE.NFO,2023-11-22,15:15:00,2023-11-28,0.55,0.55,0.5,0.5,4800,41200,0
FINNIFTY28NOV2317500PE.NFO,2023-11-22,15:16:00,2023-11-28,0.5,0.5,0.5,0.5,0,41200,0
FINNIFTY28NOV2317500PE.NFO,2023-11-22,15:17:00,2023-11-28,0.5,0.5,0.5,0.5,0,41200,0
FINNIFTY28NOV2317500PE.NFO,2023-11-22,15:18:00,2023-11-28,0.5,0.5,0.5,0.5,0,41200,0
FINNIFTY28NOV2317500PE.NFO,2023-11-22,15:19:00,2023-11-28,0.5,0.55,0.5,0.55,200,40040,0
FINNIFTY28NOV2317500PE.NFO,2023-11-22,15:20:00,2023-11-28,0.55,0.55,0.55,0.55,0,40040,0
FINNIFTY28NOV2317500PE.NFO,2023-11-22,15:21:00,2023-11-28,0.55,0.55,0.55,0.55,0,40040,1
FINNIFTY28NOV2317500PE.NFO,2023-11-22,15:22:00,2023-11-28,0.55,0.55,0.55,0.55,200,39960,0
FINNIFTY28NOV2317500PE.NFO,2023-11-22,15:23:00,2023-11-28,0.55,0.55,0.55,0.55,0,39960,0
FINNIFTY28NOV2317500PE.NFO,2023-11-22,15:24:00,2023-11-28,0.55,0.55,0.55,0.55,0,39960,0
FINNIFTY28NOV2317500PE.NFO,2023-11-22,15:25:00,2023-11-28,0.55,0.55,0.55,0.55,0,39960,1
FINNIFTY28NOV2317500PE.NFO,2023-11-22,15:26:00,2023-11-28,0.55,0.55,0.55,0.55,0,39960,0
FINNIFTY28NOV2317500PE.NFO,2023-11-22,15:27:00,2023-11-28,0.55,0.55,0.5,0.5,40,39960,0
FINNIFTY28NOV2317500PE.NFO,2023-11-22,15:28:00,2023-11-28,0.5,0.55,0.5,0.55,1360,39960,0
FINNIFTY28NOV2317500PE.NFO,2023-11-22,15:29:00,2023-11-28,0.5,0.55,0.5,0.5,440,39960,0
FINNIFTY28NOV2317500PE.NFO,2023-11-22,15:30:00,2023-11-28,0.5,0.5,0.5,0.5,440,39960,1
FINNIFTY28NOV2317500PE.NFO,2023-11-23,09:15:00,2023-11-28,0.55,0.55,0.55,0.55,0,38960,1
FINNIFTY28NOV2317500PE.NFO,2023-11-23,09:16:00,2023-11-28,0.55,0.55,0.55,0.55,0,38960,1
FINNIFTY28NOV2317500PE.NFO,2023-11-23,09:17:00,2023-11-28,0.55,0.55,0.55,0.55,0,38960,1
FINNIFTY28NOV2317500PE.NFO,2023-11-23,09:18:00,2023-11-28,0.55,0.55,0.55,0.55,0,38960,1
FINNIFTY28NOV2317500PE.NFO,2023-11-23,09:19:00,2023-11-28,0.55,0.55,0.55,0.55,0,38960,1
FINNIFTY28NOV2317500PE.NFO,2023-11-23,09:20:00,2023-11-28,0.55,0.55,0.55,0.55,0,38960,1
FINNIFTY28NOV2317500PE.NFO,2023-11-23,09:21:00,2023-11-28,0.55,0.55,0.45,0.55,0,38960,0
FINNIFTY28NOV2317500PE.NFO,2023-11-23,09:22:00,2023-11-28,0.5,0.6,0.45,0.6,2800,38960,0
FINNIFTY28NOV2317500PE.NFO,2023-11-23,09:23:00,2023-11-28,0.6,0.6,0.6,0.6,0,38960,0
FINNIFTY28NOV2317500PE.NFO,2023-11-23,09:24:00,2023-11-28,0.5,0.5,0.5,0.5,400,39520,0
FINNIFTY28NOV2317500PE.NFO,2023-11-23,09:25:00,2023-11-28,0.5,0.5,0.5,0.5,0,39520,0
FINNIFTY28NOV2317500PE.NFO,2023-11-23,09:26:00,2023-11-28,0.5,0.5,0.5,0.5,0,39520,1
FINNIFTY28NOV2317500PE.NFO,2023-11-23,09:27:00,2023-11-28,0.5,0.5,0.5,0.5,0,39520,0
FINNIFTY28NOV2317500PE.NFO,2023-11-23,09:28:00,2023-11-28,0.5,0.5,0.5,0.5,0,39520,0
FINNIFTY28NOV2317500PE.NFO,2023-11-23,09:29:00,2023-11-28,0.5,0.5,0.5,0.5,0,39520,0
FINNIFTY28NOV2317500PE.NFO,2023-11-23,09:30:00,2023-11-28,0.5,0.5,0.5,0.5,0,39520,0
FINNIFTY28NOV2317500PE.NFO,2023-11-23,09:31:00,2023-11-28,0.5,0.5,0.5,0.5,0,39520,0
FINNIFTY28NOV2317500PE.NFO,2023-11-23,09:32:00,2023-11-28,0.5,0.5,0.5,0.5,0,39520,1
FINNIFTY28NOV2317500PE.NFO,2023-11-23,09:33:00,2023-11-28,0.5,0.5,0.5,0.5,0,39520,1
FINNIFTY28NOV2317500PE.NFO,2023-11-23,09:34:00,2023-11-28,0.5,0.5,0.5,0.5,0,39520,1
FINNIFTY28NOV2317500PE.NFO,2023-11-23,09:35:00,2023-11-28,0.5,0.5,0.5,0.5,200,39680,0
FINNIFTY28NOV2317500PE.NFO,2023-11-23,09:36:00,2023-11-28,0.6,0.6,0.6,0.6,80,39680,0
FINNIFTY28NOV2317500PE.NFO,2023-11-23,09:37:00,2023-11-28,0.5,0.5,0.5,0.5,800,39680,0
FINNIFTY28NOV2317500PE.NFO,2023-11-23,09:38:00,2023-11-28,0.5,0.5,0.5,0.5,0,39680,0
FINNIFTY28NOV2317500PE.NFO,2023-11-23,09:39:00,2023-11-28,0.5,0.5,0.5,0.5,200,40320,0
FINNIFTY28NOV2317500PE.NFO,2023-11-23,09:40:00,2023-11-28,0.5,0.5,0.5,0.5,200,40320,1
FINNIFTY28NOV2317500PE.NFO,2023-11-23,09:41:00,2023-11-28,0.5,0.5,0.5,0.5,2000,41720,0
FINNIFTY28NOV2317500PE.NFO,2023-11-23,09:42:00,2023-11-28,0.5,0.5,0.5,0.5,0,41720,0
FINNIFTY28NOV2317500PE.NFO,2023-11-23,09:43:00,2023-11-28,0.5,0.5,0.5,0.5,0,41720,1
FINNIFTY28NOV2317500PE.NFO,2023-11-23,09:44:00,2023-11-28,0.5,0.5,0.5,0.5,0,41720,1
FINNIFTY28NOV2317500PE.NFO,2023-11-23,09:45:00,2023-11-28,0.45,0.45,0.45,0.45,600,41720,0
FINNIFTY28NOV2317500PE.NFO,2023-11-23,09:46:00,2023-11-28,0.45,0.5,0.4,0.4,2080,41720,0
FINNIFTY28NOV2317500PE.NFO,2023-11-23,09:47:00,2023-11-28,0.4,0.4,0.4,0.4,2080,41720,0
FINNIFTY28NOV2317500PE.NFO,2023-11-23,09:48:00,2023-11-28,0.45,0.6,0.45,0.6,3480,42520,0
FINNIFTY28NOV2317500PE.NFO,2023-11-23,09:49:00,2023-11-28,0.6,0.6,0.5,0.5,560,42520,0
FINNIFTY28NOV2317500PE.NFO,2023-11-23,09:50:00,2023-11-28,0.5,0.55,0.5,0.55,400,43080,0
FINNIFTY28NOV2317500PE.NFO,2023-11-23,09:51:00,2023-11-28,0.55,0.55,0.55,0.55,0,43080,0
FINNIFTY28NOV2317500PE.NFO,2023-11-23,09:52:00,2023-11-28,0.55,0.55,0.55,0.55,0,43080,0
FINNIFTY28NOV2317500PE.NFO,2023-11-23,09:53:00,2023-11-28,0.55,0.55,0.55,0.55,0,43080,0
FINNIFTY28NOV2317500PE.NFO,2023-11-23,09:54:00,2023-11-28,0.55,0.55,0.55,0.55,320,43440,0
FINNIFTY28NOV2317500PE.NFO,2023-11-23,09:55:00,2023-11-28,0.55,0.55,0.55,0.55,320,43440,1
FINNIFTY28NOV2317500PE.NFO,2023-11-23,09:56:00,2023-11-28,0.55,0.55,0.55,0.55,0,43440,0
FINNIFTY28NOV2317500PE.NFO,2023-11-23,09:57:00,2023-11-28,0.55,0.6,0.55,0.6,320,43280,0
FINNIFTY28NOV2317500PE.NFO,2023-11-23,09:58:00,2023-11-28,0.6,0.6,0.6,0.6,0,43280,0
FINNIFTY28NOV2317500PE.NFO,2023-11-23,09:59:00,2023-11-28,0.6,0.6,0.6,0.6,0,43280,0
FINNIFTY28NOV2317500PE.NFO,2023-11-23,10:00:00,2023-11-28,0.6,0.6,0.45,0.45,1440,43280,0
FINNIFTY28NOV2317500PE.NFO,2023-11-23,10:01:00,2023-11-28,0.45,0.5,0.45,0.5,160,43280,0
FINNIFTY28NOV2317500PE.NFO,2023-11-23,10:02:00,2023-11-28,0.5,0.5,0.5,0.5,160,43280,0
FINNIFTY28NOV2317500PE.NFO,2023-11-23,10:03:00,2023-11-28,0.5,0.5,0.5,0.5,0,43280,0
FINNIFTY28NOV2317500PE.NFO,2023-11-23,10:04:00,2023-11-28,0.5,0.5,0.5,0.5,0,43280,1
FINNIFTY28NOV2317500PE.NFO,2023-11-23,10:05:00,2023-11-28,0.5,0.5,0.5,0.5,0,43280,1
FINNIFTY28NOV2317500PE.NFO,2023-11-23,10:06:00,2023-11-28,0.5,0.5,0.5,0.5,0,43280,1
FINNIFTY28NOV2317500PE.NFO,2023-11-23,10:07:00,2023-11-28,0.5,0.5,0.5,0.5,0,43280,1
FINNIFTY28NOV2317500PE.NFO,2023-11-23,10:08:00,2023-11-28,0.5,0.5,0.5,0.5,0,43280,0
FINNIFTY28NOV2317500PE.NFO,2023-11-23,10:09:00,2023-11-28,0.5,0.5,0.5,0.5,0,43280,1
FINNIFTY28NOV2317500PE.NFO,2023-11-23,10:10:00,2023-11-28,0.5,0.5,0.5,0.5,0,43280,1
FINNIFTY28NOV2317500PE.NFO,2023-11-23,10:11:00,2023-11-28,0.5,0.5,0.5,0.5,0,43280,1
FINNIFTY28NOV2317500PE.NFO,2023-11-23,10:12:00,2023-11-28,0.5,0.5,0.5,0.5,0,43280,1
FINNIFTY28NOV2317500PE.NFO,2023-11-23,10:13:00,2023-11-28,0.5,0.5,0.4,0.4,2840,43040,0
FINNIFTY28NOV2317500PE.NFO,2023-11-23,10:14:00,2023-11-28,0.4,0.4,0.4,0.4,1240,42880,0
FINNIFTY28NOV2317500PE.NFO,2023-11-23,10:15:00,2023-11-28,0.4,0.4,0.4,0.4,1240,42880,1
FINNIFTY28NOV2317500PE.NFO,2023-11-23,10:16:00,2023-11-28,0.4,0.4,0.4,0.4,0,42880,0
FINNIFTY28NOV2317500PE.NFO,2023-11-23,10:17:00,2023-11-28,0.4,0.4,0.4,0.4,80,42880,0
FINNIFTY28NOV2317500PE.NFO,2023-11-23,10:18:00,2023-11-28,0.4,0.4,0.4,0.4,80,42880,1
FINNIFTY28NOV2317500PE.NFO,2023-11-23,10:19:00,2023-11-28,0.4,0.4,0.4,0.4,80,42880,1
FINNIFTY28NOV2317500PE.NFO,2023-11-23,10:20:00,2023-11-28,0.4,0.4,0.4,0.4,80,42880,1
FINNIFTY28NOV2317500PE.NFO,2023-11-23,10:21:00,2023-11-28,0.4,0.4,0.4,0.4,0,42880,0
FINNIFTY28NOV2317500PE.NFO,2023-11-23,10:22:00,2023-11-28,0.4,0.4,0.4,0.4,0,42880,1
FINNIFTY28NOV2317500PE.NFO,2023-11-23,10:23:00,2023-11-28,0.4,0.4,0.4,0.4,0,42880,1
FINNIFTY28NOV2317500PE.NFO,2023-11-23,10:24:00,2023-11-28,0.4,0.4,0.4,0.4,0,42880,1
FINNIFTY28NOV2317500PE.NFO,2023-11-23,10:25:00,2023-11-28,0.4,0.4,0.4,0.4,0,42880,1
FINNIFTY28NOV2317500PE.NFO,2023-11-23,10:26:00,2023-11-28,0.4,0.4,0.4,0.4,0,42880,1
FINNIFTY28NOV2317500PE.NFO,2023-11-23,10:27:00,2023-11-28,0.4,0.4,0.4,0.4,0,42880,1
FINNIFTY28NOV2317500PE.NFO,2023-11-23,10:28:00,2023-11-28,0.4,0.4,0.4,0.4,0,42880,1
FINNIFTY28NOV2317500PE.NFO,2023-11-23,10:29:00,2023-11-28,0.45,0.45,0.45,0.45,200,42800,0
FINNIFTY28NOV2317500PE.NFO,2023-11-23,10:30:00,2023-11-28,0.45,0.45,0.45,0.45,0,42800,0
FINNIFTY28NOV2317500PE.NFO,2023-11-23,10:31:00,2023-11-28,0.45,0.45,0.45,0.45,0,42800,1
FINNIFTY28NOV2317500PE.NFO,2023-11-23,10:32:00,2023-11-28,0.45,0.45,0.45,0.45,0,42800,0
FINNIFTY28NOV2317500PE.NFO,2023-11-23,10:33:00,2023-11-28,0.45,0.45,0.45,0.45,0,42800,1
FINNIFTY28NOV2317500PE.NFO,2023-11-23,10:34:00,2023-11-28,0.45,0.45,0.45,0.45,0,42800,0
FINNIFTY28NOV2317500PE.NFO,2023-11-23,10:35:00,2023-11-28,0.45,0.45,0.45,0.45,0,42800,1
FINNIFTY28NOV2317500PE.NFO,2023-11-23,10:36:00,2023-11-28,0.45,0.45,0.45,0.45,0,42800,1
FINNIFTY28NOV2317500PE.NFO,2023-11-23,10:37:00,2023-11-28,0.45,0.45,0.45,0.45,0,42800,1
FINNIFTY28NOV2317500PE.NFO,2023-11-23,10:38:00,2023-11-28,0.45,0.45,0.45,0.45,0,42800,1
FINNIFTY28NOV2317500PE.NFO,2023-11-23,10:39:00,2023-11-28,0.45,0.45,0.45,0.45,0,42800,1
FINNIFTY28NOV2317500PE.NFO,2023-11-23,10:40:00,2023-11-28,0.45,0.45,0.45,0.45,0,42800,0
FINNIFTY28NOV2317500PE.NFO,2023-11-23,10:41:00,2023-11-28,0.45,0.45,0.45,0.45,360,42800,0
FINNIFTY28NOV2317500PE.NFO,2023-11-23,10:42:00,2023-11-28,0.45,0.45,0.45,0.45,360,42800,1
FINNIFTY28NOV2317500PE.NFO,2023-11-23,10:43:00,2023-11-28,0.45,0.45,0.45,0.45,0,42800,0
FINNIFTY28NOV2317500PE.NFO,2023-11-23,10:44:00,2023-11-28,0.45,0.45,0.45,0.45,0,42800,1
FINNIFTY28NOV2317500PE.NFO,2023-11-23,10:45:00,2023-11-28,0.45,0.45,0.45,0.45,0,42800,1
FINNIFTY28NOV2317500PE.NFO,2023-11-23,10:46:00,2023-11-28,0.45,0.45,0.45,0.45,0,42800,1
FINNIFTY28NOV2317500PE.NFO,2023-11-23,10:47:00,2023-11-28,0.45,0.45,0.45,0.45,0,42800,1
FINNIFTY28NOV2317500PE.NFO,2023-11-23,10:48:00,2023-11-28,0.45,0.45,0.45,0.45,0,42800,1
FINNIFTY28NOV2317500PE.NFO,2023-11-23,10:49:00,2023-11-28,0.45,0.45,0.45,0.45,0,42800,0
FINNIFTY28NOV2317500PE.NFO,2023-11-23,10:50:00,2023-11-28,0.45,0.45,0.45,0.45,0,42800,0
FINNIFTY28NOV2317500PE.NFO,2023-11-23,10:51:00,2023-11-28,0.45,0.45,0.45,0.45,0,42800,1
FINNIFTY28NOV2317500PE.NFO,2023-11-23,10:52:00,2023-11-28,0.45,0.45,0.45,0.45,40,42800,0
FINNIFTY28NOV2317500PE.NFO,2023-11-23,10:53:00,2023-11-28,0.45,0.45,0.45,0.45,40,42800,1
FINNIFTY28NOV2317500PE.NFO,2023-11-23,10:54:00,2023-11-28,0.45,0.45,0.45,0.45,40,42800,1
FINNIFTY28NOV2317500PE.NFO,2023-11-23,10:55:00,2023-11-28,0.45,0.45,0.45,0.45,40,42800,1
FINNIFTY28NOV2317500PE.NFO,2023-11-23,10:56:00,2023-11-28,0.45,0.45,0.45,0.45,40,42800,1
FINNIFTY28NOV2317500PE.NFO,2023-11-23,10:57:00,2023-11-28,0.45,0.45,0.45,0.45,40,42800,1
FINNIFTY28NOV2317500PE.NFO,2023-11-23,10:58:00,2023-11-28,0.45,0.45,0.45,0.45,40,42800,1
FINNIFTY28NOV2317500PE.NFO,2023-11-23,10:59:00,2023-11-28,0.45,0.45,0.45,0.45,0,42800,0
FINNIFTY28NOV2317500PE.NFO,2023-11-23,11:00:00,2023-11-28,0.45,0.45,0.45,0.45,0,42800,1
FINNIFTY28NOV2317500PE.NFO,2023-11-23,11:01:00,2023-11-28,0.45,0.45,0.45,0.45,0,42800,1
FINNIFTY28NOV2317500PE.NFO,2023-11-23,11:02:00,2023-11-28,0.45,0.45,0.45,0.45,0,42800,1
FINNIFTY28NOV2317500PE.NFO,2023-11-23,11:03:00,2023-11-28,0.45,0.45,0.45,0.45,0,42800,1
FINNIFTY28NOV2317500PE.NFO,2023-11-23,11:04:00,2023-11-28,0.45,0.45,0.45,0.45,0,42800,1
FINNIFTY28NOV2317500PE.NFO,2023-11-23,11:05:00,2023-11-28,0.45,0.45,0.45,0.45,0,42800,1
FINNIFTY28NOV2317500PE.NFO,2023-11-23,11:06:00,2023-11-28,0.45,0.45,0.45,0.45,0,42800,1
FINNIFTY28NOV2317500PE.NFO,2023-11-23,11:07:00,2023-11-28,0.45,0.45,0.45,0.45,0,42800,1
FINNIFTY28NOV2317500PE.NFO,2023-11-23,11:08:00,2023-11-28,0.45,0.45,0.45,0.45,0,42800,0
FINNIFTY28NOV2317500PE.NFO,2023-11-23,11:09:00,2023-11-28,0.45,0.45,0.45,0.45,0,42800,1
FINNIFTY28NOV2317500PE.NFO,2023-11-23,11:10:00,2023-11-28,0.45,0.45,0.45,0.45,0,42800,0
FINNIFTY28NOV2317500PE.NFO,2023-11-23,11:11:00,2023-11-28,0.45,0.45,0.45,0.45,0,42800,0
FINNIFTY28NOV2317500PE.NFO,2023-11-23,11:12:00,2023-11-28,0.45,0.45,0.4,0.45,0,42800,0
FINNIFTY28NOV2317500PE.NFO,2023-11-23,11:13:00,2023-11-28,0.4,0.4,0.4,0.4,80,42800,0
FINNIFTY28NOV2317500PE.NFO,2023-11-23,11:14:00,2023-11-28,0.4,0.4,0.4,0.4,0,42800,0
FINNIFTY28NOV2317500PE.NFO,2023-11-23,11:15:00,2023-11-28,0.4,0.4,0.4,0.4,0,42800,0
FINNIFTY28NOV2317500PE.NFO,2023-11-23,11:16:00,2023-11-28,0.4,0.4,0.4,0.4,0,42800,1
FINNIFTY28NOV2317500PE.NFO,2023-11-23,11:17:00,2023-11-28,0.4,0.4,0.4,0.4,0,42800,1
FINNIFTY28NOV2317500PE.NFO,2023-11-23,11:18:00,2023-11-28,0.45,0.45,0.45,0.45,1040,42840,0
FINNIFTY28NOV2317500PE.NFO,2023-11-23,11:19:00,2023-11-28,0.45,0.45,0.45,0.45,160,42840,0
FINNIFTY28NOV2317500PE.NFO,2023-11-23,11:20:00,2023-11-28,0.45,0.45,0.45,0.45,160,42840,1
FINNIFTY28NOV2317500PE.NFO,2023-11-23,11:21:00,2023-11-28,0.45,0.45,0.45,0.45,160,42840,1
FINNIFTY28NOV2317500PE.NFO,2023-11-23,11:22:00,2023-11-28,0.45,0.45,0.45,0.45,160,42840,1
FINNIFTY28NOV2317500PE.NFO,2023-11-23,11:23:00,2023-11-28,0.45,0.45,0.45,0.45,160,42840,1
FINNIFTY28NOV2317500PE.NFO,2023-11-23,11:24:00,2023-11-28,0.45,0.45,0.45,0.45,160,42840,1
FINNIFTY28NOV2317500PE.NFO,2023-11-23,11:25:00,2023-11-28,0.45,0.45,0.45,0.45,160,42840,1
FINNIFTY28NOV2317500PE.NFO,2023-11-23,11:26:00,2023-11-28,0.45,0.45,0.45,0.45,160,42840,1
FINNIFTY28NOV2317500PE.NFO,2023-11-23,11:27:00,2023-11-28,0.45,0.45,0.45,0.45,160,42840,1
FINNIFTY28NOV2317500PE.NFO,2023-11-23,11:28:00,2023-11-28,0.45,0.45,0.45,0.45,160,42840,1
FINNIFTY28NOV2317500PE.NFO,2023-11-23,11:29:00,2023-11-28,0.45,0.45,0.45,0.45,160,42840,1
FINNIFTY28NOV2317500PE.NFO,2023-11-23,11:30:00,2023-11-28,0.45,0.45,0.45,0.45,160,42840,1
FINNIFTY28NOV2317500PE.NFO,2023-11-23,11:31:00,2023-11-28,0.45,0.45,0.45,0.45,160,42840,1
FINNIFTY28NOV2317500PE.NFO,2023-11-23,11:32:00,2023-11-28,0.45,0.45,0.45,0.45,160,42840,1
FINNIFTY28NOV2317500PE.NFO,2023-11-23,11:33:00,2023-11-28,0.45,0.45,0.45,0.45,0,42840,0
FINNIFTY28NOV2317500PE.NFO,2023-11-23,11:34:00,2023-11-28,0.45,0.45,0.45,0.45,0,42840,0
FINNIFTY28NOV2317500PE.NFO,2023-11-23,11:35:00,2023-11-28,0.45,0.45,0.45,0.45,0,42840,0
FINNIFTY28NOV2317500PE.NFO,2023-11-23,11:36:00,2023-11-28,0.45,0.45,0.45,0.45,0,42840,0
FINNIFTY28NOV2317500PE.NFO,2023-11-23,11:37:00,2023-11-28,0.45,0.45,0.45,0.45,0,42840,1
FINNIFTY28NOV2317500PE.NFO,2023-11-23,11:38:00,2023-11-28,0.4,0.4,0.4,0.4,200,43480,0
FINNIFTY28NOV2317500PE.NFO,2023-11-23,11:39:00,2023-11-28,0.4,0.45,0.4,0.4,560,43280,0
FINNIFTY28NOV2317500PE.NFO,2023-11-23,11:40:00,2023-11-28,0.4,0.4,0.4,0.4,0,43280,0
FINNIFTY28NOV2317500PE.NFO,2023-11-23,11:41:00,2023-11-28,0.4,0.4,0.4,0.4,0,43280,1
FINNIFTY28NOV2317500PE.NFO,2023-11-23,11:42:00,2023-11-28,0.4,0.4,0.4,0.4,0,43280,1
FINNIFTY28NOV2317500PE.NFO,2023-11-23,11:43:00,2023-11-28,0.4,0.4,0.4,0.4,0,43280,1
FINNIFTY28NOV2317500PE.NFO,2023-11-23,11:44:00,2023-11-28,0.4,0.4,0.4,0.4,0,43280,1
FINNIFTY28NOV2317500PE.NFO,2023-11-23,11:45:00,2023-11-28,0.4,0.4,0.4,0.4,0,43280,1
FINNIFTY28NOV2317500PE.NFO,2023-11-23,11:46:00,2023-11-28,0.4,0.4,0.4,0.4,0,43280,1
FINNIFTY28NOV2317500PE.NFO,2023-11-23,11:47:00,2023-11-28,0.4,0.4,0.4,0.4,0,43280,1
FINNIFTY28NOV2317500PE.NFO,2023-11-23,11:48:00,2023-11-28,0.4,0.4,0.4,0.4,0,43280,0
FINNIFTY28NOV2317500PE.NFO,2023-11-23,11:49:00,2023-11-28,0.4,0.4,0.4,0.4,0,43280,1
FINNIFTY28NOV2317500PE.NFO,2023-11-23,11:50:00,2023-11-28,0.4,0.4,0.4,0.4,0,43280,1
FINNIFTY28NOV2317500PE.NFO,2023-11-23,11:51:00,2023-11-28,0.4,0.4,0.4,0.4,0,43280,1
FINNIFTY28NOV2317500PE.NFO,2023-11-23,11:52:00,2023-11-28,0.4,0.4,0.4,0.4,0,43280,1
FINNIFTY28NOV2317500PE.NFO,2023-11-23,11:53:00,2023-11-28,0.4,0.4,0.4,0.4,0,43280,1
FINNIFTY28NOV2317500PE.NFO,2023-11-23,11:54:00,2023-11-28,0.4,0.4,0.4,0.4,0,43280,1
FINNIFTY28NOV2317500PE.NFO,2023-11-23,11:55:00,2023-11-28,0.6,0.6,0.6,0.6,1040,43080,0
FINNIFTY28NOV2317500PE.NFO,2023-11-23,11:56:00,2023-11-28,0.6,0.6,0.6,0.6,0,43080,0
FINNIFTY28NOV2317500PE.NFO,2023-11-23,11:57:00,2023-11-28,0.6,0.6,0.6,0.6,0,43080,1
FINNIFTY28NOV2317500PE.NFO,2023-11-23,11:58:00,2023-11-28,0.6,0.6,0.6,0.6,0,43080,1
FINNIFTY28NOV2317500PE.NFO,2023-11-23,11:59:00,2023-11-28,0.6,0.6,0.6,0.6,0,43080,1
FINNIFTY28NOV2317500PE.NFO,2023-11-23,12:00:00,2023-11-28,0.6,0.6,0.6,0.6,0,43080,1
FINNIFTY28NOV2317500PE.NFO,2023-11-23,12:01:00,2023-11-28,0.6,0.6,0.6,0.6,0,43080,1
FINNIFTY28NOV2317500PE.NFO,2023-11-23,12:02:00,2023-11-28,0.6,0.6,0.6,0.6,0,43080,1
FINNIFTY28NOV2317500PE.NFO,2023-11-23,12:03:00,2023-11-28,0.6,0.6,0.6,0.6,0,43080,1
FINNIFTY28NOV2317500PE.NFO,2023-11-23,12:04:00,2023-11-28,0.6,0.6,0.6,0.6,0,43080,1
FINNIFTY28NOV2317500PE.NFO,2023-11-23,12:05:00,2023-11-28,0.6,0.6,0.6,0.6,0,43080,1
FINNIFTY28NOV2317500PE.NFO,2023-11-23,12:06:00,2023-11-28,0.6,0.6,0.6,0.6,0,43080,0
FINNIFTY28NOV2317500PE.NFO,2023-11-23,12:07:00,2023-11-28,0.6,0.6,0.6,0.6,0,43080,1
FINNIFTY28NOV2317500PE.NFO,2023-11-23,12:08:00,2023-11-28,0.6,0.6,0.6,0.6,0,43080,1
FINNIFTY28NOV2317500PE.NFO,2023-11-23,12:09:00,2023-11-28,0.6,0.6,0.6,0.6,0,43080,1
FINNIFTY28NOV2317500PE.NFO,2023-11-23,12:10:00,2023-11-28,0.6,0.6,0.6,0.6,0,43080,0
FINNIFTY28NOV2317500PE.NFO,2023-11-23,12:11:00,2023-11-28,0.6,0.6,0.6,0.6,0,43080,1
FINNIFTY28NOV2317500PE.NFO,2023-11-23,12:12:00,2023-11-28,0.6,0.6,0.6,0.6,0,43080,1
FINNIFTY28NOV2317500PE.NFO,2023-11-23,12:13:00,2023-11-28,0.6,0.6,0.6,0.6,0,43080,1
FINNIFTY28NOV2317500PE.NFO,2023-11-23,12:14:00,2023-11-28,0.6,0.6,0.6,0.6,0,43080,1
FINNIFTY28NOV2317500PE.NFO,2023-11-23,12:15:00,2023-11-28,0.6,0.6,0.6,0.6,0,43080,1
FINNIFTY28NOV2317500PE.NFO,2023-11-23,12:16:00,2023-11-28,0.5,0.5,0.5,0.5,40,42880,0
FINNIFTY28NOV2317500PE.NFO,2023-11-23,12:17:00,2023-11-28,0.5,0.5,0.5,0.5,0,42880,0
FINNIFTY28NOV2317500PE.NFO,2023-11-23,12:18:00,2023-11-28,0.5,0.5,0.5,0.5,0,42880,1
FINNIFTY28NOV2317500PE.NFO,2023-11-23,12:19:00,2023-11-28,0.5,0.5,0.5,0.5,0,42880,1
FINNIFTY28NOV2317500PE.NFO,2023-11-23,12:20:00,2023-11-28,0.5,0.5,0.5,0.5,0,42880,1
FINNIFTY28NOV2317500PE.NFO,2023-11-23,12:21:00,2023-11-28,0.5,0.5,0.5,0.5,320,42880,0
FINNIFTY28NOV2317500PE.NFO,2023-11-23,12:22:00,2023-11-28,0.5,0.5,0.5,0.5,320,42880,1
FINNIFTY28NOV2317500PE.NFO,2023-11-23,12:23:00,2023-11-28,0.5,0.5,0.5,0.5,320,42880,1
FINNIFTY28NOV2317500PE.NFO,2023-11-23,12:24:00,2023-11-28,0.5,0.6,0.5,0.55,3120,42560,0
FINNIFTY28NOV2317500PE.NFO,2023-11-23,12:25:00,2023-11-28,0.55,0.6,0.55,0.55,3240,42560,0
FINNIFTY28NOV2317500PE.NFO,2023-11-23,12:26:00,2023-11-28,0.55,0.55,0.55,0.55,0,42560,0
FINNIFTY28NOV2317500PE.NFO,2023-11-23,12:27:00,2023-11-28,0.55,0.55,0.55,0.55,0,42560,1
FINNIFTY28NOV2317500PE.NFO,2023-11-23,12:28:00,2023-11-28,0.55,0.55,0.55,0.55,0,42560,1
FINNIFTY28NOV2317500PE.NFO,2023-11-23,12:29:00,2023-11-28,0.55,0.55,0.55,0.55,0,42560,0
FINNIFTY28NOV2317500PE.NFO,2023-11-23,12:30:00,2023-11-28,0.55,0.55,0.55,0.55,0,42560,1
FINNIFTY28NOV2317500PE.NFO,2023-11-23,12:31:00,2023-11-28,0.55,0.55,0.55,0.55,0,42560,0
FINNIFTY28NOV2317500PE.NFO,2023-11-23,12:32:00,2023-11-28,0.55,0.55,0.55,0.55,0,42560,1
FINNIFTY28NOV2317500PE.NFO,2023-11-23,12:33:00,2023-11-28,0.55,0.55,0.55,0.55,0,42560,1
FINNIFTY28NOV2317500PE.NFO,2023-11-23,12:34:00,2023-11-28,0.55,0.55,0.55,0.55,0,42560,0
FINNIFTY28NOV2317500PE.NFO,2023-11-23,12:35:00,2023-11-28,0.6,0.6,0.6,0.6,1880,44720,0
FINNIFTY28NOV2317500PE.NFO,2023-11-23,12:36:00,2023-11-28,0.6,0.6,0.6,0.6,0,44720,0
FINNIFTY28NOV2317500PE.NFO,2023-11-23,12:37:00,2023-11-28,0.45,0.55,0.45,0.55,1840,44920,0
FINNIFTY28NOV2317500PE.NFO,2023-11-23,12:38:00,2023-11-28,0.55,0.55,0.55,0.55,0,44920,0
FINNIFTY28NOV2317500PE.NFO,2023-11-23,12:39:00,2023-11-28,0.55,0.6,0.55,0.6,1760,44400,0
FINNIFTY28NOV2317500PE.NFO,2023-11-23,12:40:00,2023-11-28,0.6,0.6,0.5,0.5,40,44400,0
FINNIFTY28NOV2317500PE.NFO,2023-11-23,12:41:00,2023-11-28,0.5,0.5,0.5,0.5,40,44400,1
FINNIFTY28NOV2317500PE.NFO,2023-11-23,12:42:00,2023-11-28,0.5,0.5,0.5,0.5,40,44400,1
FINNIFTY28NOV2317500PE.NFO,2023-11-23,12:43:00,2023-11-28,0.5,0.5,0.5,0.5,40,44400,1
FINNIFTY28NOV2317500PE.NFO,2023-11-23,12:44:00,2023-11-28,0.5,0.5,0.5,0.5,40,44400,1
FINNIFTY28NOV2317500PE.NFO,2023-11-23,12:45:00,2023-11-28,0.5,0.5,0.5,0.5,40,44400,1
FINNIFTY28NOV2317500PE.NFO,2023-11-23,12:46:00,2023-11-28,0.5,0.5,0.5,0.5,40,44400,1
FINNIFTY28NOV2317500PE.NFO,2023-11-23,12:47:00,2023-11-28,0.5,0.5,0.5,0.5,0,44400,0
FINNIFTY28NOV2317500PE.NFO,2023-11-23,12:48:00,2023-11-28,0.5,0.5,0.5,0.5,0,44400,0
FINNIFTY28NOV2317500PE.NFO,2023-11-23,12:49:00,2023-11-28,0.5,0.5,0.5,0.5,0,44400,0
FINNIFTY28NOV2317500PE.NFO,2023-11-23,12:50:00,2023-11-28,0.5,0.5,0.5,0.5,0,44400,1
FINNIFTY28NOV2317500PE.NFO,2023-11-23,12:51:00,2023-11-28,0.5,0.5,0.5,0.5,0,44400,1
FINNIFTY28NOV2317500PE.NFO,2023-11-23,12:52:00,2023-11-28,0.5,0.5,0.5,0.5,0,44400,1
FINNIFTY28NOV2317500PE.NFO,2023-11-23,12:53:00,2023-11-28,0.5,0.5,0.5,0.5,0,44400,1
FINNIFTY28NOV2317500PE.NFO,2023-11-23,12:54:00,2023-11-28,0.5,0.5,0.5,0.5,0,44400,1
FINNIFTY28NOV2317500PE.NFO,2023-11-23,12:55:00,2023-11-28,0.5,0.5,0.5,0.5,0,44400,1
FINNIFTY28NOV2317500PE.NFO,2023-11-23,12:56:00,2023-11-28,0.5,0.5,0.5,0.5,0,44400,0
FINNIFTY28NOV2317500PE.NFO,2023-11-23,12:57:00,2023-11-28,0.5,0.5,0.5,0.5,40,44440,0
FINNIFTY28NOV2317500PE.NFO,2023-11-23,12:58:00,2023-11-28,0.5,0.5,0.5,0.5,40,44440,1
FINNIFTY28NOV2317500PE.NFO,2023-11-23,12:59:00,2023-11-28,0.5,0.5,0.5,0.5,40,44440,1
FINNIFTY28NOV2317500PE.NFO,2023-11-23,13:00:00,2023-11-28,0.5,0.5,0.5,0.5,80,44440,0
FINNIFTY28NOV2317500PE.NFO,2023-11-23,13:01:00,2023-11-28,0.5,0.5,0.5,0.5,80,44440,1
FINNIFTY28NOV2317500PE.NFO,2023-11-23,13:02:00,2023-11-28,0.5,0.5,0.5,0.5,80,44440,1
FINNIFTY28NOV2317500PE.NFO,2023-11-23,13:03:00,2023-11-28,0.5,0.5,0.5,0.5,80,44440,1
FINNIFTY28NOV2317500PE.NFO,2023-11-23,13:04:00,2023-11-28,0.5,0.5,0.5,0.5,0,44440,0
FINNIFTY28NOV2317500PE.NFO,2023-11-23,13:05:00,2023-11-28,0.5,0.5,0.5,0.5,0,44440,1
FINNIFTY28NOV2317500PE.NFO,2023-11-23,13:06:00,2023-11-28,0.5,0.5,0.5,0.5,0,44440,1
FINNIFTY28NOV2317500PE.NFO,2023-11-23,13:07:00,2023-11-28,0.5,0.5,0.5,0.5,0,44440,1
FINNIFTY28NOV2317500PE.NFO,2023-11-23,13:08:00,2023-11-28,0.5,0.5,0.5,0.5,0,44440,1
FINNIFTY28NOV2317500PE.NFO,2023-11-23,13:09:00,2023-11-28,0.5,0.5,0.5,0.5,0,44440,1
FINNIFTY28NOV2317500PE.NFO,2023-11-23,13:10:00,2023-11-28,0.5,0.5,0.5,0.5,1600,44440,0
FINNIFTY28NOV2317500PE.NFO,2023-11-23,13:11:00,2023-11-28,0.5,0.5,0.45,0.45,1440,44440,0
FINNIFTY28NOV2317500PE.NFO,2023-11-23,13:12:00,2023-11-28,0.45,0.45,0.4,0.45,1800,44040,0
FINNIFTY28NOV2317500PE.NFO,2023-11-23,13:13:00,2023-11-28,0.45,0.45,0.45,0.45,0,44040,0
FINNIFTY28NOV2317500PE.NFO,2023-11-23,13:14:00,2023-11-28,0.45,0.45,0.45,0.45,520,44040,0
FINNIFTY28NOV2317500PE.NFO,2023-11-23,13:15:00,2023-11-28,0.45,0.45,0.4,0.4,2120,43840,0
FINNIFTY28NOV2317500PE.NFO,2023-11-23,13:16:00,2023-11-28,0.4,0.4,0.4,0.4,2120,43840,1
FINNIFTY28NOV2317500PE.NFO,2023-11-23,13:17:00,2023-11-28,0.4,0.4,0.4,0.4,2120,43840,1
FINNIFTY28NOV2317500PE.NFO,2023-11-23,13:18:00,2023-11-28,0.4,0.4,0.4,0.4,2120,43840,1
FINNIFTY28NOV2317500PE.NFO,2023-11-23,13:19:00,2023-11-28,0.4,0.4,0.4,0.4,2120,43840,1
FINNIFTY28NOV2317500PE.NFO,2023-11-23,13:20:00,2023-11-28,0.4,0.4,0.4,0.4,2120,43840,1
FINNIFTY28NOV2317500PE.NFO,2023-11-23,13:21:00,2023-11-28,0.4,0.4,0.4,0.4,2120,43840,1
FINNIFTY28NOV2317500PE.NFO,2023-11-23,13:22:00,2023-11-28,0.4,0.4,0.4,0.4,2120,43840,1
FINNIFTY28NOV2317500PE.NFO,2023-11-23,13:23:00,2023-11-28,0.4,0.4,0.4,0.4,2120,43840,1
FINNIFTY28NOV2317500PE.NFO,2023-11-23,13:24:00,2023-11-28,0.4,0.4,0.4,0.4,2120,43840,1
FINNIFTY28NOV2317500PE.NFO,2023-11-23,13:25:00,2023-11-28,0.4,0.4,0.4,0.4,2120,43840,1
FINNIFTY28NOV2317500PE.NFO,2023-11-23,13:26:00,2023-11-28,0.4,0.4,0.4,0.4,2120,43840,1
FINNIFTY28NOV2317500PE.NFO,2023-11-23,13:27:00,2023-11-28,0.4,0.4,0.4,0.4,2120,43840,1
FINNIFTY28NOV2317500PE.NFO,2023-11-23,13:28:00,2023-11-28,0.4,0.4,0.4,0.4,2120,43840,1
FINNIFTY28NOV2317500PE.NFO,2023-11-23,13:29:00,2023-11-28,0.4,0.4,0.4,0.4,2120,43840,1
FINNIFTY28NOV2317500PE.NFO,2023-11-23,13:30:00,2023-11-28,0.4,0.4,0.4,0.4,0,43840,0
FINNIFTY28NOV2317500PE.NFO,2023-11-23,13:31:00,2023-11-28,0.4,0.4,0.4,0.4,0,43840,1
FINNIFTY28NOV2317500PE.NFO,2023-11-23,13:32:00,2023-11-28,0.4,0.4,0.4,0.4,0,43840,1
FINNIFTY28NOV2317500PE.NFO,2023-11-23,13:33:00,2023-11-28,0.4,0.4,0.4,0.4,0,43840,1
FINNIFTY28NOV2317500PE.NFO,2023-11-23,13:34:00,2023-11-28,0.4,0.4,0.4,0.4,0,43840,1
FINNIFTY28NOV2317500PE.NFO,2023-11-23,13:35:00,2023-11-28,0.4,0.4,0.4,0.4,0,43840,0
FINNIFTY28NOV2317500PE.NFO,2023-11-23,13:36:00,2023-11-28,0.4,0.4,0.4,0.4,0,43840,0
FINNIFTY28NOV2317500PE.NFO,2023-11-23,13:37:00,2023-11-28,0.4,0.4,0.4,0.4,0,43840,1
FINNIFTY28NOV2317500PE.NFO,2023-11-23,13:38:00,2023-11-28,0.4,0.4,0.4,0.4,0,43840,1
FINNIFTY28NOV2317500PE.NFO,2023-11-23,13:39:00,2023-11-28,0.4,0.4,0.4,0.4,0,43840,0
FINNIFTY28NOV2317500PE.NFO,2023-11-23,13:40:00,2023-11-28,0.4,0.4,0.4,0.4,0,43840,1
FINNIFTY28NOV2317500PE.NFO,2023-11-23,13:41:00,2023-11-28,0.4,0.4,0.4,0.4,0,43840,1
FINNIFTY28NOV2317500PE.NFO,2023-11-23,13:42:00,2023-11-28,0.4,0.4,0.4,0.4,0,43840,1
FINNIFTY28NOV2317500PE.NFO,2023-11-23,13:43:00,2023-11-28,0.4,0.4,0.4,0.4,0,43840,1
FINNIFTY28NOV2317500PE.NFO,2023-11-23,13:44:00,2023-11-28,0.4,0.4,0.4,0.4,0,43840,0
FINNIFTY28NOV2317500PE.NFO,2023-11-23,13:45:00,2023-11-28,0.4,0.4,0.4,0.4,0,43840,0
FINNIFTY28NOV2317500PE.NFO,2023-11-23,13:46:00,2023-11-28,0.4,0.4,0.4,0.4,0,43840,1
FINNIFTY28NOV2317500PE.NFO,2023-11-23,13:47:00,2023-11-28,0.4,0.4,0.4,0.4,0,43840,1
FINNIFTY28NOV2317500PE.NFO,2023-11-23,13:48:00,2023-11-28,0.4,0.4,0.4,0.4,0,43840,1
FINNIFTY28NOV2317500PE.NFO,2023-11-23,13:49:00,2023-11-28,0.4,0.4,0.4,0.4,0,43840,1
FINNIFTY28NOV2317500PE.NFO,2023-11-23,13:50:00,2023-11-28,0.4,0.4,0.4,0.4,0,43840,0
FINNIFTY28NOV2317500PE.NFO,2023-11-23,13:51:00,2023-11-28,0.4,0.4,0.4,0.4,0,43840,1
FINNIFTY28NOV2317500PE.NFO,2023-11-23,13:52:00,2023-11-28,0.4,0.4,0.4,0.4,0,43840,1
FINNIFTY28NOV2317500PE.NFO,2023-11-23,13:53:00,2023-11-28,0.4,0.4,0.4,0.4,0,43840,1
FINNIFTY28NOV2317500PE.NFO,2023-11-23,13:54:00,2023-11-28,0.4,0.4,0.4,0.4,0,43840,0
FINNIFTY28NOV2317500PE.NFO,2023-11-23,13:55:00,2023-11-28,0.4,0.4,0.4,0.4,0,43840,1
FINNIFTY28NOV2317500PE.NFO,2023-11-23,13:56:00,2023-11-28,0.4,0.4,0.4,0.4,0,43840,1
FINNIFTY28NOV2317500PE.NFO,2023-11-23,13:57:00,2023-11-28,0.4,0.4,0.4,0.4,0,43840,1
FINNIFTY28NOV2317500PE.NFO,2023-11-23,13:58:00,2023-11-28,0.45,0.45,0.45,0.45,160,42280,0
FINNIFTY28NOV2317500PE.NFO,2023-11-23,13:59:00,2023-11-28,0.45,0.5,0.45,0.5,1600,42280,0
FINNIFTY28NOV2317500PE.NFO,2023-11-23,14:00:00,2023-11-28,0.5,0.5,0.5,0.5,2800,42280,0
FINNIFTY28NOV2317500PE.NFO,2023-11-23,14:01:00,2023-11-28,0.5,0.5,0.5,0.5,400,42920,0
FINNIFTY28NOV2317500PE.NFO,2023-11-23,14:02:00,2023-11-28,0.5,0.5,0.5,0.5,400,42920,1
FINNIFTY28NOV2317500PE.NFO,2023-11-23,14:03:00,2023-11-28,0.45,0.45,0.45,0.45,200,42520,0
FINNIFTY28NOV2317500PE.NFO,2023-11-23,14:04:00,2023-11-28,0.45,0.45,0.45,0.45,0,42520,0
FINNIFTY28NOV2317500PE.NFO,2023-11-23,14:05:00,2023-11-28,0.45,0.45,0.45,0.45,0,42520,1
FINNIFTY28NOV2317500PE.NFO,2023-11-23,14:06:00,2023-11-28,0.45,0.45,0.45,0.45,0,42520,1
FINNIFTY28NOV2317500PE.NFO,2023-11-23,14:07:00,2023-11-28,0.45,0.45,0.45,0.45,0,42520,1
FINNIFTY28NOV2317500PE.NFO,2023-11-23,14:08:00,2023-11-28,0.45,0.45,0.45,0.45,200,42320,0
FINNIFTY28NOV2317500PE.NFO,2023-11-23,14:09:00,2023-11-28,0.45,0.45,0.45,0.45,200,42120,0
FINNIFTY28NOV2317500PE.NFO,2023-11-23,14:10:00,2023-11-28,0.45,0.45,0.45,0.45,0,42120,0
FINNIFTY28NOV2317500PE.NFO,2023-11-23,14:11:00,2023-11-28,0.45,0.45,0.45,0.45,0,42120,1
FINNIFTY28NOV2317500PE.NFO,2023-11-23,14:12:00,2023-11-28,0.45,0.45,0.45,0.45,0,42120,1
FINNIFTY28NOV2317500PE.NFO,2023-11-23,14:13:00,2023-11-28,0.45,0.45,0.45,0.45,320,42280,0
FINNIFTY28NOV2317500PE.NFO,2023-11-23,14:14:00,2023-11-28,0.45,0.45,0.4,0.4,1800,42280,0
FINNIFTY28NOV2317500PE.NFO,2023-11-23,14:15:00,2023-11-28,0.4,0.4,0.4,0.4,1440,41760,0
FINNIFTY28NOV2317500PE.NFO,2023-11-23,14:16:00,2023-11-28,0.4,0.4,0.4,0.4,640,41760,0
FINNIFTY28NOV2317500PE.NFO,2023-11-23,14:17:00,2023-11-28,0.4,0.4,0.4,0.4,2080,41760,0
FINNIFTY28NOV2317500PE.NFO,2023-11-23,14:18:00,2023-11-28,0.4,0.4,0.4,0.4,0,41760,0
FINNIFTY28NOV2317500PE.NFO,2023-11-23,14:19:00,2023-11-28,0.4,0.4,0.4,0.4,0,41760,0
FINNIFTY28NOV2317500PE.NFO,2023-11-23,14:20:00,2023-11-28,0.4,0.4,0.4,0.4,0,41760,1
FINNIFTY28NOV2317500PE.NFO,2023-11-23,14:21:00,2023-11-28,0.4,0.4,0.4,0.4,0,41760,1
FINNIFTY28NOV2317500PE.NFO,2023-11-23,14:22:00,2023-11-28,0.4,0.4,0.4,0.4,0,41760,1
FINNIFTY28NOV2317500PE.NFO,2023-11-23,14:23:00,2023-11-28,0.4,0.4,0.4,0.4,0,41760,1
FINNIFTY28NOV2317500PE.NFO,2023-11-23,14:24:00,2023-11-28,0.4,0.4,0.4,0.4,0,41760,0
FINNIFTY28NOV2317500PE.NFO,2023-11-23,14:25:00,2023-11-28,0.4,0.4,0.4,0.4,0,41760,0
FINNIFTY28NOV2317500PE.NFO,2023-11-23,14:26:00,2023-11-28,0.4,0.4,0.4,0.4,0,41760,0
FINNIFTY28NOV2317500PE.NFO,2023-11-23,14:27:00,2023-11-28,0.4,0.4,0.4,0.4,0,41760,1
FINNIFTY28NOV2317500PE.NFO,2023-11-23,14:28:00,2023-11-28,0.4,0.4,0.4,0.4,0,41760,0
FINNIFTY28NOV2317500PE.NFO,2023-11-23,14:29:00,2023-11-28,0.4,0.4,0.4,0.4,0,41760,1
FINNIFTY28NOV2317500PE.NFO,2023-11-23,14:30:00,2023-11-28,0.4,0.4,0.4,0.4,0,41760,0
FINNIFTY28NOV2317500PE.NFO,2023-11-23,14:31:00,2023-11-28,0.4,0.4,0.4,0.4,0,41760,1
FINNIFTY28NOV2317500PE.NFO,2023-11-23,14:32:00,2023-11-28,0.4,0.4,0.4,0.4,0,41760,1
FINNIFTY28NOV2317500PE.NFO,2023-11-23,14:33:00,2023-11-28,0.4,0.4,0.4,0.4,0,41760,1
FINNIFTY28NOV2317500PE.NFO,2023-11-23,14:34:00,2023-11-28,0.4,0.4,0.4,0.4,0,41760,1
FINNIFTY28NOV2317500PE.NFO,2023-11-23,14:35:00,2023-11-28,0.4,0.4,0.4,0.4,0,41760,1
FINNIFTY28NOV2317500PE.NFO,2023-11-23,14:36:00,2023-11-28,0.4,0.4,0.4,0.4,0,41760,1
FINNIFTY28NOV2317500PE.NFO,2023-11-23,14:37:00,2023-11-28,0.4,0.4,0.4,0.4,0,41760,1
FINNIFTY28NOV2317500PE.NFO,2023-11-23,14:38:00,2023-11-28,0.4,0.4,0.4,0.4,0,41760,1
FINNIFTY28NOV2317500PE.NFO,2023-11-23,14:39:00,2023-11-28,0.4,0.4,0.4,0.4,0,41760,1
FINNIFTY28NOV2317500PE.NFO,2023-11-23,14:40:00,2023-11-28,0.4,0.4,0.4,0.4,0,41760,1
FINNIFTY28NOV2317500PE.NFO,2023-11-23,14:41:00,2023-11-28,0.4,0.4,0.4,0.4,0,41760,1
FINNIFTY28NOV2317500PE.NFO,2023-11-23,14:42:00,2023-11-28,0.4,0.4,0.4,0.4,0,41760,1
FINNIFTY28NOV2317500PE.NFO,2023-11-23,14:43:00,2023-11-28,0.4,0.4,0.4,0.4,0,41760,0
FINNIFTY28NOV2317500PE.NFO,2023-11-23,14:44:00,2023-11-28,0.4,0.4,0.4,0.4,0,41760,1
FINNIFTY28NOV2317500PE.NFO,2023-11-23,14:45:00,2023-11-28,0.4,0.4,0.4,0.4,0,41760,1
FINNIFTY28NOV2317500PE.NFO,2023-11-23,14:46:00,2023-11-28,0.4,0.4,0.4,0.4,0,41760,0
FINNIFTY28NOV2317500PE.NFO,2023-11-23,14:47:00,2023-11-28,0.4,0.4,0.4,0.4,0,41760,1
FINNIFTY28NOV2317500PE.NFO,2023-11-23,14:48:00,2023-11-28,0.4,0.4,0.4,0.4,0,41760,1
FINNIFTY28NOV2317500PE.NFO,2023-11-23,14:49:00,2023-11-28,0.4,0.4,0.4,0.4,0,41760,1
FINNIFTY28NOV2317500PE.NFO,2023-11-23,14:50:00,2023-11-28,0.4,0.4,0.4,0.4,0,41760,1
FINNIFTY28NOV2317500PE.NFO,2023-11-23,14:51:00,2023-11-28,0.4,0.4,0.4,0.4,0,41760,0
FINNIFTY28NOV2317500PE.NFO,2023-11-23,14:52:00,2023-11-28,0.4,0.4,0.4,0.4,0,41760,1
FINNIFTY28NOV2317500PE.NFO,2023-11-23,14:53:00,2023-11-28,0.4,0.4,0.4,0.4,0,41760,1
FINNIFTY28NOV2317500PE.NFO,2023-11-23,14:54:00,2023-11-28,0.4,0.4,0.4,0.4,0,41760,1
FINNIFTY28NOV2317500PE.NFO,2023-11-23,14:55:00,2023-11-28,0.4,0.4,0.4,0.4,0,41760,1
FINNIFTY28NOV2317500PE.NFO,2023-11-23,14:56:00,2023-11-28,0.4,0.4,0.4,0.4,0,41760,1
FINNIFTY28NOV2317500PE.NFO,2023-11-23,14:57:00,2023-11-28,0.4,0.4,0.4,0.4,0,41760,1
FINNIFTY28NOV2317500PE.NFO,2023-11-23,14:58:00,2023-11-28,0.4,0.4,0.4,0.4,0,41760,1
FINNIFTY28NOV2317500PE.NFO,2023-11-23,14:59:00,2023-11-28,0.4,0.4,0.4,0.4,0,41760,1
FINNIFTY28NOV2317500PE.NFO,2023-11-23,15:00:00,2023-11-28,0.4,0.4,0.4,0.4,0,41760,0
FINNIFTY28NOV2317500PE.NFO,2023-11-23,15:01:00,2023-11-28,0.4,0.4,0.4,0.4,0,41760,0
FINNIFTY28NOV2317500PE.NFO,2023-11-23,15:02:00,2023-11-28,0.4,0.4,0.4,0.4,0,41760,0
FINNIFTY28NOV2317500PE.NFO,2023-11-23,15:03:00,2023-11-28,0.4,0.4,0.4,0.4,0,41760,1
FINNIFTY28NOV2317500PE.NFO,2023-11-23,15:04:00,2023-11-28,0.4,0.4,0.4,0.4,0,41760,0
FINNIFTY28NOV2317500PE.NFO,2023-11-23,15:05:00,2023-11-28,0.4,0.4,0.4,0.4,0,41760,1
FINNIFTY28NOV2317500PE.NFO,2023-11-23,15:06:00,2023-11-28,0.4,0.45,0.4,0.45,240,39680,0
FINNIFTY28NOV2317500PE.NFO,2023-11-23,15:07:00,2023-11-28,0.45,0.45,0.4,0.4,0,39680,0
FINNIFTY28NOV2317500PE.NFO,2023-11-23,15:08:00,2023-11-28,0.4,0.45,0.4,0.45,960,39680,0
FINNIFTY28NOV2317500PE.NFO,2023-11-23,15:09:00,2023-11-28,0.45,0.5,0.45,0.45,720,40080,0
FINNIFTY28NOV2317500PE.NFO,2023-11-23,15:10:00,2023-11-28,0.45,0.5,0.45,0.5,2120,40080,0
FINNIFTY28NOV2317500PE.NFO,2023-11-23,15:11:00,2023-11-28,0.5,0.5,0.5,0.5,840,40080,0
FINNIFTY28NOV2317500PE.NFO,2023-11-23,15:12:00,2023-11-28,0.5,0.5,0.45,0.5,800,40080,0
FINNIFTY28NOV2317500PE.NFO,2023-11-23,15:13:00,2023-11-28,0.45,0.45,0.4,0.4,2200,40400,0
FINNIFTY28NOV2317500PE.NFO,2023-11-23,15:14:00,2023-11-28,0.4,0.4,0.35,0.4,1160,40400,0
FINNIFTY28NOV2317500PE.NFO,2023-11-23,15:15:00,2023-11-28,0.4,0.4,0.35,0.35,2640,40400,0
FINNIFTY28NOV2317500PE.NFO,2023-11-23,15:16:00,2023-11-28,0.35,0.35,0.35,0.35,2640,40400,1
FINNIFTY28NOV2317500PE.NFO,2023-11-23,15:17:00,2023-11-28,0.35,0.35,0.35,0.35,2640,40400,1
FINNIFTY28NOV2317500PE.NFO,2023-11-23,15:18:00,2023-11-28,0.35,0.35,0.35,0.35,2640,40400,1
FINNIFTY28NOV2317500PE.NFO,2023-11-23,15:19:00,2023-11-28,0.45,0.45,0.45,0.45,4640,38440,0
FINNIFTY28NOV2317500PE.NFO,2023-11-23,15:20:00,2023-11-28,0.45,0.45,0.45,0.45,0,38440,0
FINNIFTY28NOV2317500PE.NFO,2023-11-23,15:21:00,2023-11-28,0.45,0.45,0.45,0.45,0,38440,0
FINNIFTY28NOV2317500PE.NFO,2023-11-23,15:22:00,2023-11-28,0.45,0.45,0.45,0.45,0,38440,0
FINNIFTY28NOV2317500PE.NFO,2023-11-23,15:23:00,2023-11-28,0.45,0.45,0.45,0.45,0,38440,0
FINNIFTY28NOV2317500PE.NFO,2023-11-23,15:24:00,2023-11-28,0.45,0.45,0.45,0.45,0,38440,0
FINNIFTY28NOV2317500PE.NFO,2023-11-23,15:25:00,2023-11-28,0.45,0.45,0.45,0.45,0,38440,0
FINNIFTY28NOV2317500PE.NFO,2023-11-23,15:26:00,2023-11-28,0.45,0.45,0.45,0.45,0,38440,0
FINNIFTY28NOV2317500PE.NFO,2023-11-23,15:27:00,2023-11-28,0.45,0.45,0.45,0.45,0,38440,0
FINNIFTY28NOV2317500PE.NFO,2023-11-23,15:28:00,2023-11-28,0.45,0.5,0.45,0.5,1720,34640,0
FINNIFTY28NOV2317500PE.NFO,2023-11-23,15:29:00,2023-11-28,0.5,0.5,0.4,0.4,320,34640,0
FINNIFTY28NOV2317500PE.NFO,2023-11-23,15:30:00,2023-11-28,0.4,0.4,0.4,0.4,320,34640,1
FINNIFTY28NOV2317500PE.NFO,2023-11-24,09:15:00,2023-11-28,0.45,0.45,0.45,0.45,0,33640,0
FINNIFTY28NOV2317500PE.NFO,2023-11-24,09:16:00,2023-11-28,0.45,0.45,0.45,0.45,0,33640,0
FINNIFTY28NOV2317500PE.NFO,2023-11-24,09:17:00,2023-11-28,0.45,0.45,0.45,0.45,0,33640,0
FINNIFTY28NOV2317500PE.NFO,2023-11-24,09:18:00,2023-11-28,0.45,0.45,0.4,0.4,280,33640,0
FINNIFTY28NOV2317500PE.NFO,2023-11-24,09:19:00,2023-11-28,0.4,0.4,0.4,0.4,0,33640,0
FINNIFTY28NOV2317500PE.NFO,2023-11-24,09:20:00,2023-11-28,0.4,0.4,0.4,0.4,0,33640,0
FINNIFTY28NOV2317500PE.NFO,2023-11-24,09:21:00,2023-11-28,0.4,0.4,0.4,0.4,0,33640,0
FINNIFTY28NOV2317500PE.NFO,2023-11-24,09:22:00,2023-11-28,0.4,0.4,0.4,0.4,0,33640,1
FINNIFTY28NOV2317500PE.NFO,2023-11-24,09:23:00,2023-11-28,0.4,0.4,0.4,0.4,0,33640,0
FINNIFTY28NOV2317500PE.NFO,2023-11-24,09:24:00,2023-11-28,0.4,0.4,0.4,0.4,0,33640,0
FINNIFTY28NOV2317500PE.NFO,2023-11-24,09:25:00,2023-11-28,0.4,0.4,0.4,0.4,0,33640,1
FINNIFTY28NOV2317500PE.NFO,2023-11-24,09:26:00,2023-11-28,0.4,0.4,0.4,0.4,0,33640,0
FINNIFTY28NOV2317500PE.NFO,2023-11-24,09:27:00,2023-11-28,0.4,0.4,0.4,0.4,0,33640,1
FINNIFTY28NOV2317500PE.NFO,2023-11-24,09:28:00,2023-11-28,0.4,0.4,0.4,0.4,0,33640,1
FINNIFTY28NOV2317500PE.NFO,2023-11-24,09:29:00,2023-11-28,0.35,0.35,0.35,0.35,640,33640,0
FINNIFTY28NOV2317500PE.NFO,2023-11-24,09:30:00,2023-11-28,0.35,0.35,0.35,0.35,0,33640,0
FINNIFTY28NOV2317500PE.NFO,2023-11-24,09:31:00,2023-11-28,0.35,0.35,0.35,0.35,0,33640,0
FINNIFTY28NOV2317500PE.NFO,2023-11-24,09:32:00,2023-11-28,0.35,0.4,0.35,0.4,40,33960,0
FINNIFTY28NOV2317500PE.NFO,2023-11-24,09:33:00,2023-11-28,0.4,0.4,0.4,0.4,40,33960,0
FINNIFTY28NOV2317500PE.NFO,2023-11-24,09:34:00,2023-11-28,0.3,0.3,0.3,0.3,80,33960,0
FINNIFTY28NOV2317500PE.NFO,2023-11-24,09:35:00,2023-11-28,0.3,0.3,0.3,0.3,80,33960,1
FINNIFTY28NOV2317500PE.NFO,2023-11-24,09:36:00,2023-11-28,0.3,0.35,0.3,0.35,440,33960,0
FINNIFTY28NOV2317500PE.NFO,2023-11-24,09:37:00,2023-11-28,0.35,0.35,0.35,0.35,120,33960,0
FINNIFTY28NOV2317500PE.NFO,2023-11-24,09:38:00,2023-11-28,0.35,0.35,0.35,0.35,160,33960,0
FINNIFTY28NOV2317500PE.NFO,2023-11-24,09:39:00,2023-11-28,0.35,0.35,0.35,0.35,0,33960,0
FINNIFTY28NOV2317500PE.NFO,2023-11-24,09:40:00,2023-11-28,0.35,0.35,0.35,0.35,0,33960,0
FINNIFTY28NOV2317500PE.NFO,2023-11-24,09:41:00,2023-11-28,0.35,0.35,0.35,0.35,0,33960,1
FINNIFTY28NOV2317500PE.NFO,2023-11-24,09:42:00,2023-11-28,0.35,0.35,0.35,0.35,0,33960,0
FINNIFTY28NOV2317500PE.NFO,2023-11-24,09:43:00,2023-11-28,0.35,0.35,0.35,0.35,0,33960,1
FINNIFTY28NOV2317500PE.NFO,2023-11-24,09:44:00,2023-11-28,0.35,0.35,0.35,0.35,0,33960,0
FINNIFTY28NOV2317500PE.NFO,2023-11-24,09:45:00,2023-11-28,0.35,0.35,0.35,0.35,0,33960,1
FINNIFTY28NOV2317500PE.NFO,2023-11-24,09:46:00,2023-11-28,0.35,0.35,0.35,0.35,0,33960,1
FINNIFTY28NOV2317500PE.NFO,2023-11-24,09:47:00,2023-11-28,0.35,0.35,0.35,0.35,0,33960,0
FINNIFTY28NOV2317500PE.NFO,2023-11-24,09:48:00,2023-11-28,0.35,0.35,0.35,0.35,0,33960,0
FINNIFTY28NOV2317500PE.NFO,2023-11-24,09:49:00,2023-11-28,0.35,0.35,0.35,0.35,0,33960,0
FINNIFTY28NOV2317500PE.NFO,2023-11-24,09:50:00,2023-11-28,0.35,0.35,0.35,0.35,0,33960,0
FINNIFTY28NOV2317500PE.NFO,2023-11-24,09:51:00,2023-11-28,0.35,0.35,0.35,0.35,200,33960,0
FINNIFTY28NOV2317500PE.NFO,2023-11-24,09:52:00,2023-11-28,0.35,0.35,0.35,0.35,0,33960,0
FINNIFTY28NOV2317500PE.NFO,2023-11-24,09:53:00,2023-11-28,0.35,0.35,0.35,0.35,0,33960,0
FINNIFTY28NOV2317500PE.NFO,2023-11-24,09:54:00,2023-11-28,0.35,0.35,0.35,0.35,0,33960,1
FINNIFTY28NOV2317500PE.NFO,2023-11-24,09:55:00,2023-11-28,0.35,0.35,0.35,0.35,0,33960,1
FINNIFTY28NOV2317500PE.NFO,2023-11-24,09:56:00,2023-11-28,0.35,0.35,0.35,0.35,0,33960,0
FINNIFTY28NOV2317500PE.NFO,2023-11-24,09:57:00,2023-11-28,0.35,0.35,0.35,0.35,0,33960,1
FINNIFTY28NOV2317500PE.NFO,2023-11-24,09:58:00,2023-11-28,0.35,0.35,0.35,0.35,0,33960,0
FINNIFTY28NOV2317500PE.NFO,2023-11-24,09:59:00,2023-11-28,0.35,0.35,0.3,0.3,160,33760,0
FINNIFTY28NOV2317500PE.NFO,2023-11-24,10:00:00,2023-11-28,0.3,0.3,0.3,0.3,0,33760,0
FINNIFTY28NOV2317500PE.NFO,2023-11-24,10:01:00,2023-11-28,0.3,0.3,0.3,0.3,0,33760,1
FINNIFTY28NOV2317500PE.NFO,2023-11-24,10:02:00,2023-11-28,0.3,0.3,0.3,0.3,0,33760,0
FINNIFTY28NOV2317500PE.NFO,2023-11-24,10:03:00,2023-11-28,0.35,0.35,0.35,0.35,40,33760,0
FINNIFTY28NOV2317500PE.NFO,2023-11-24,10:04:00,2023-11-28,0.35,0.35,0.35,0.35,0,33760,0
FINNIFTY28NOV2317500PE.NFO,2023-11-24,10:05:00,2023-11-28,0.25,0.25,0.25,0.25,40,33760,0
FINNIFTY28NOV2317500PE.NFO,2023-11-24,10:06:00,2023-11-28,0.25,0.25,0.25,0.25,40,33760,1
FINNIFTY28NOV2317500PE.NFO,2023-11-24,10:07:00,2023-11-28,0.25,0.25,0.25,0.25,40,33760,1
FINNIFTY28NOV2317500PE.NFO,2023-11-24,10:08:00,2023-11-28,0.25,0.25,0.25,0.25,40,33760,1
FINNIFTY28NOV2317500PE.NFO,2023-11-24,10:09:00,2023-11-28,0.25,0.25,0.25,0.25,0,33760,0
FINNIFTY28NOV2317500PE.NFO,2023-11-24,10:10:00,2023-11-28,0.25,0.25,0.25,0.25,0,33760,0
FINNIFTY28NOV2317500PE.NFO,2023-11-24,10:11:00,2023-11-28,0.25,0.25,0.25,0.25,0,33760,0
FINNIFTY28NOV2317500PE.NFO,2023-11-24,10:12:00,2023-11-28,0.25,0.25,0.25,0.25,0,33760,1
FINNIFTY28NOV2317500PE.NFO,2023-11-24,10:13:00,2023-11-28,0.25,0.25,0.25,0.25,0,33760,1
FINNIFTY28NOV2317500PE.NFO,2023-11-24,10:14:00,2023-11-28,0.25,0.25,0.25,0.25,0,33760,0
FINNIFTY28NOV2317500PE.NFO,2023-11-24,10:15:00,2023-11-28,0.25,0.25,0.25,0.25,0,33760,0
FINNIFTY28NOV2317500PE.NFO,2023-11-24,10:16:00,2023-11-28,0.25,0.25,0.25,0.25,0,33760,0
FINNIFTY28NOV2317500PE.NFO,2023-11-24,10:17:00,2023-11-28,0.25,0.25,0.25,0.25,0,33760,0
FINNIFTY28NOV2317500PE.NFO,2023-11-24,10:18:00,2023-11-28,0.25,0.25,0.25,0.25,0,33760,0
FINNIFTY28NOV2317500PE.NFO,2023-11-24,10:19:00,2023-11-28,0.25,0.25,0.25,0.25,0,33760,0
FINNIFTY28NOV2317500PE.NFO,2023-11-24,10:20:00,2023-11-28,0.25,0.25,0.25,0.25,0,33760,0
FINNIFTY28NOV2317500PE.NFO,2023-11-24,10:21:00,2023-11-28,0.25,0.25,0.25,0.25,0,33760,0
FINNIFTY28NOV2317500PE.NFO,2023-11-24,10:22:00,2023-11-28,0.25,0.25,0.25,0.25,0,33760,1
FINNIFTY28NOV2317500PE.NFO,2023-11-24,10:23:00,2023-11-28,0.25,0.25,0.25,0.25,0,33760,1
FINNIFTY28NOV2317500PE.NFO,2023-11-24,10:24:00,2023-11-28,0.25,0.25,0.25,0.25,0,33760,0
FINNIFTY28NOV2317500PE.NFO,2023-11-24,10:25:00,2023-11-28,0.25,0.25,0.25,0.25,0,33760,1
FINNIFTY28NOV2317500PE.NFO,2023-11-24,10:26:00,2023-11-28,0.25,0.25,0.25,0.25,0,33760,1
FINNIFTY28NOV2317500PE.NFO,2023-11-24,10:27:00,2023-11-28,0.25,0.25,0.25,0.25,0,33760,0
FINNIFTY28NOV2317500PE.NFO,2023-11-24,10:28:00,2023-11-28,0.25,0.25,0.25,0.25,0,33760,1
FINNIFTY28NOV2317500PE.NFO,2023-11-24,10:29:00,2023-11-28,0.3,0.3,0.3,0.3,280,33760,0
FINNIFTY28NOV2317500PE.NFO,2023-11-24,10:30:00,2023-11-28,0.3,0.3,0.3,0.3,240,33760,0
FINNIFTY28NOV2317500PE.NFO,2023-11-24,10:31:00,2023-11-28,0.3,0.3,0.3,0.3,80,33760,0
FINNIFTY28NOV2317500PE.NFO,2023-11-24,10:32:00,2023-11-28,0.3,0.3,0.3,0.3,0,33760,0
FINNIFTY28NOV2317500PE.NFO,2023-11-24,10:33:00,2023-11-28,0.3,0.3,0.3,0.3,0,33760,0
FINNIFTY28NOV2317500PE.NFO,2023-11-24,10:34:00,2023-11-28,0.25,0.25,0.25,0.25,12880,33160,0
FINNIFTY28NOV2317500PE.NFO,2023-11-24,10:35:00,2023-11-28,0.25,0.25,0.25,0.25,0,33160,0
FINNIFTY28NOV2317500PE.NFO,2023-11-24,10:36:00,2023-11-28,0.25,0.25,0.25,0.25,0,33160,0
FINNIFTY28NOV2317500PE.NFO,2023-11-24,10:37:00,2023-11-28,0.25,0.3,0.25,0.3,40,32840,0
FINNIFTY28NOV2317500PE.NFO,2023-11-24,10:38:00,2023-11-28,0.3,0.3,0.3,0.3,0,32840,0
FINNIFTY28NOV2317500PE.NFO,2023-11-24,10:39:00,2023-11-28,0.3,0.3,0.25,0.3,1000,32840,0
FINNIFTY28NOV2317500PE.NFO,2023-11-24,10:40:00,2023-11-28,0.3,0.3,0.3,0.3,200,32840,0
FINNIFTY28NOV2317500PE.NFO,2023-11-24,10:41:00,2023-11-28,0.3,0.3,0.3,0.3,0,32840,0
FINNIFTY28NOV2317500PE.NFO,2023-11-24,10:42:00,2023-11-28,0.3,0.3,0.3,0.3,200,32840,0
FINNIFTY28NOV2317500PE.NFO,2023-11-24,10:43:00,2023-11-28,0.3,0.45,0.3,0.4,24440,32840,0
FINNIFTY28NOV2317500PE.NFO,2023-11-24,10:44:00,2023-11-28,0.4,0.45,0.4,0.45,2720,32840,0
FINNIFTY28NOV2317500PE.NFO,2023-11-24,10:45:00,2023-11-28,0.45,0.45,0.45,0.45,160,33840,0
FINNIFTY28NOV2317500PE.NFO,2023-11-24,10:46:00,2023-11-28,0.45,0.45,0.45,0.45,0,33840,0
FINNIFTY28NOV2317500PE.NFO,2023-11-24,10:47:00,2023-11-28,0.45,0.45,0.45,0.45,0,33840,1
FINNIFTY28NOV2317500PE.NFO,2023-11-24,10:48:00,2023-11-28,0.45,0.45,0.4,0.4,80,33840,0
FINNIFTY28NOV2317500PE.NFO,2023-11-24,10:49:00,2023-11-28,0.4,0.4,0.4,0.4,160,33840,0
FINNIFTY28NOV2317500PE.NFO,2023-11-24,10:50:00,2023-11-28,0.4,0.4,0.4,0.4,0,33840,0
FINNIFTY28NOV2317500PE.NFO,2023-11-24,10:51:00,2023-11-28,0.4,0.4,0.4,0.4,0,33840,0
FINNIFTY28NOV2317500PE.NFO,2023-11-24,10:52:00,2023-11-28,0.4,0.4,0.4,0.4,0,33840,0
FINNIFTY28NOV2317500PE.NFO,2023-11-24,10:53:00,2023-11-28,0.4,0.4,0.4,0.4,0,33840,0
FINNIFTY28NOV2317500PE.NFO,2023-11-24,10:54:00,2023-11-28,0.4,0.4,0.4,0.4,0,33840,1
FINNIFTY28NOV2317500PE.NFO,2023-11-24,10:55:00,2023-11-28,0.4,0.4,0.4,0.4,0,33840,0
FINNIFTY28NOV2317500PE.NFO,2023-11-24,10:56:00,2023-11-28,0.35,0.35,0.35,0.35,80,33840,0
FINNIFTY28NOV2317500PE.NFO,2023-11-24,10:57:00,2023-11-28,0.35,0.35,0.35,0.35,80,33840,1
FINNIFTY28NOV2317500PE.NFO,2023-11-24,10:58:00,2023-11-28,0.35,0.35,0.35,0.35,80,33840,1
FINNIFTY28NOV2317500PE.NFO,2023-11-24,10:59:00,2023-11-28,0.35,0.35,0.35,0.35,80,33840,1
FINNIFTY28NOV2317500PE.NFO,2023-11-24,11:00:00,2023-11-28,0.35,0.35,0.35,0.35,0,33840,0
FINNIFTY28NOV2317500PE.NFO,2023-11-24,11:01:00,2023-11-28,0.35,0.35,0.35,0.35,0,33840,1
FINNIFTY28NOV2317500PE.NFO,2023-11-24,11:02:00,2023-11-28,0.35,0.35,0.35,0.35,0,33840,0
FINNIFTY28NOV2317500PE.NFO,2023-11-24,11:03:00,2023-11-28,0.45,0.45,0.45,0.45,560,33760,0
FINNIFTY28NOV2317500PE.NFO,2023-11-24,11:04:00,2023-11-28,0.45,0.45,0.45,0.45,0,33760,0
FINNIFTY28NOV2317500PE.NFO,2023-11-24,11:05:00,2023-11-28,0.45,0.45,0.45,0.45,0,33760,1
FINNIFTY28NOV2317500PE.NFO,2023-11-24,11:06:00,2023-11-28,0.45,0.45,0.45,0.45,0,33760,1
FINNIFTY28NOV2317500PE.NFO,2023-11-24,11:07:00,2023-11-28,0.45,0.45,0.45,0.45,0,33760,0
FINNIFTY28NOV2317500PE.NFO,2023-11-24,11:08:00,2023-11-28,0.45,0.45,0.45,0.45,0,33760,0
FINNIFTY28NOV2317500PE.NFO,2023-11-24,11:09:00,2023-11-28,0.45,0.45,0.45,0.45,0,33760,1
FINNIFTY28NOV2317500PE.NFO,2023-11-24,11:10:00,2023-11-28,0.45,0.45,0.45,0.45,0,33760,1
FINNIFTY28NOV2317500PE.NFO,2023-11-24,11:11:00,2023-11-28,0.45,0.45,0.45,0.45,240,33760,0
FINNIFTY28NOV2317500PE.NFO,2023-11-24,11:12:00,2023-11-28,0.45,0.45,0.45,0.45,0,33760,0
FINNIFTY28NOV2317500PE.NFO,2023-11-24,11:13:00,2023-11-28,0.45,0.45,0.45,0.45,0,33760,0
FINNIFTY28NOV2317500PE.NFO,2023-11-24,11:14:00,2023-11-28,0.45,0.45,0.45,0.45,0,33760,1
FINNIFTY28NOV2317500PE.NFO,2023-11-24,11:15:00,2023-11-28,0.45,0.45,0.45,0.45,0,33760,1
FINNIFTY28NOV2317500PE.NFO,2023-11-24,11:16:00,2023-11-28,0.45,0.45,0.45,0.45,0,33760,1
FINNIFTY28NOV2317500PE.NFO,2023-11-24,11:17:00,2023-11-28,0.45,0.45,0.45,0.45,0,33760,0
FINNIFTY28NOV2317500PE.NFO,2023-11-24,11:18:00,2023-11-28,0.45,0.45,0.45,0.45,0,33760,0
FINNIFTY28NOV2317500PE.NFO,2023-11-24,11:19:00,2023-11-28,0.45,0.45,0.45,0.45,0,33760,0
FINNIFTY28NOV2317500PE.NFO,2023-11-24,11:20:00,2023-11-28,0.45,0.45,0.45,0.45,0,33760,0
FINNIFTY28NOV2317500PE.NFO,2023-11-24,11:21:00,2023-11-28,0.45,0.45,0.45,0.45,0,33760,1
FINNIFTY28NOV2317500PE.NFO,2023-11-24,11:22:00,2023-11-28,0.45,0.45,0.45,0.45,0,33760,1
FINNIFTY28NOV2317500PE.NFO,2023-11-24,11:23:00,2023-11-28,0.45,0.45,0.45,0.45,0,33760,1
FINNIFTY28NOV2317500PE.NFO,2023-11-24,11:24:00,2023-11-28,0.45,0.45,0.45,0.45,0,33760,1
FINNIFTY28NOV2317500PE.NFO,2023-11-24,11:25:00,2023-11-28,0.45,0.45,0.45,0.45,0,33760,1
FINNIFTY28NOV2317500PE.NFO,2023-11-24,11:26:00,2023-11-28,0.45,0.45,0.45,0.45,0,33760,1
FINNIFTY28NOV2317500PE.NFO,2023-11-24,11:27:00,2023-11-28,0.45,0.45,0.45,0.45,0,33760,0
FINNIFTY28NOV2317500PE.NFO,2023-11-24,11:28:00,2023-11-28,0.45,0.45,0.45,0.45,0,33760,0
FINNIFTY28NOV2317500PE.NFO,2023-11-24,11:29:00,2023-11-28,0.45,0.45,0.45,0.45,0,33760,1
FINNIFTY28NOV2317500PE.NFO,2023-11-24,11:30:00,2023-11-28,0.45,0.45,0.45,0.45,0,33760,0
FINNIFTY28NOV2317500PE.NFO,2023-11-24,11:31:00,2023-11-28,0.45,0.45,0.45,0.45,0,33760,0
FINNIFTY28NOV2317500PE.NFO,2023-11-24,11:32:00,2023-11-28,0.45,0.45,0.45,0.45,0,33760,0
FINNIFTY28NOV2317500PE.NFO,2023-11-24,11:33:00,2023-11-28,0.45,0.45,0.45,0.45,0,33760,0
FINNIFTY28NOV2317500PE.NFO,2023-11-24,11:34:00,2023-11-28,0.45,0.45,0.45,0.45,0,33760,0
FINNIFTY28NOV2317500PE.NFO,2023-11-24,11:35:00,2023-11-28,0.45,0.45,0.45,0.45,0,33760,1
FINNIFTY28NOV2317500PE.NFO,2023-11-24,11:36:00,2023-11-28,0.45,0.45,0.45,0.45,0,33760,1
FINNIFTY28NOV2317500PE.NFO,2023-11-24,11:37:00,2023-11-28,0.45,0.45,0.45,0.45,0,33760,0
FINNIFTY28NOV2317500PE.NFO,2023-11-24,11:38:00,2023-11-28,0.45,0.45,0.45,0.45,0,33760,1
FINNIFTY28NOV2317500PE.NFO,2023-11-24,11:39:00,2023-11-28,0.45,0.45,0.45,0.45,0,33760,1
FINNIFTY28NOV2317500PE.NFO,2023-11-24,11:40:00,2023-11-28,0.45,0.45,0.45,0.45,0,33760,1
FINNIFTY28NOV2317500PE.NFO,2023-11-24,11:41:00,2023-11-28,0.45,0.45,0.45,0.45,0,33760,0
FINNIFTY28NOV2317500PE.NFO,2023-11-24,11:42:00,2023-11-28,0.45,0.45,0.45,0.45,0,33760,0
FINNIFTY28NOV2317500PE.NFO,2023-11-24,11:43:00,2023-11-28,0.45,0.45,0.45,0.45,0,33760,0
FINNIFTY28NOV2317500PE.NFO,2023-11-24,11:44:00,2023-11-28,0.45,0.45,0.45,0.45,0,33760,0
FINNIFTY28NOV2317500PE.NFO,2023-11-24,11:45:00,2023-11-28,0.45,0.45,0.45,0.45,0,33760,1
FINNIFTY28NOV2317500PE.NFO,2023-11-24,11:46:00,2023-11-28,0.45,0.45,0.45,0.45,0,33760,1
FINNIFTY28NOV2317500PE.NFO,2023-11-24,11:47:00,2023-11-28,0.45,0.45,0.3,0.4,240,33760,0
FINNIFTY28NOV2317500PE.NFO,2023-11-24,11:48:00,2023-11-28,0.4,0.45,0.3,0.35,120,33760,0
FINNIFTY28NOV2317500PE.NFO,2023-11-24,11:49:00,2023-11-28,0.35,0.45,0.35,0.35,280,33760,0
FINNIFTY28NOV2317500PE.NFO,2023-11-24,11:50:00,2023-11-28,0.35,0.35,0.35,0.35,80,33760,0
FINNIFTY28NOV2317500PE.NFO,2023-11-24,11:51:00,2023-11-28,0.35,0.35,0.35,0.35,80,33760,1
FINNIFTY28NOV2317500PE.NFO,2023-11-24,11:52:00,2023-11-28,0.35,0.35,0.35,0.35,80,33760,1
FINNIFTY28NOV2317500PE.NFO,2023-11-24,11:53:00,2023-11-28,0.35,0.35,0.35,0.35,80,33760,1
FINNIFTY28NOV2317500PE.NFO,2023-11-24,11:54:00,2023-11-28,0.35,0.35,0.35,0.35,80,33760,1
FINNIFTY28NOV2317500PE.NFO,2023-11-24,11:55:00,2023-11-28,0.35,0.35,0.35,0.35,0,33760,0
FINNIFTY28NOV2317500PE.NFO,2023-11-24,11:56:00,2023-11-28,0.35,0.35,0.35,0.35,0,33760,0
FINNIFTY28NOV2317500PE.NFO,2023-11-24,11:57:00,2023-11-28,0.35,0.35,0.35,0.35,0,33760,0
FINNIFTY28NOV2317500PE.NFO,2023-11-24,11:58:00,2023-11-28,0.35,0.35,0.35,0.35,0,33760,1
FINNIFTY28NOV2317500PE.NFO,2023-11-24,11:59:00,2023-11-28,0.35,0.35,0.35,0.35,0,33760,1
FINNIFTY28NOV2317500PE.NFO,2023-11-24,12:00:00,2023-11-28,0.35,0.35,0.35,0.35,0,33760,1
FINNIFTY28NOV2317500PE.NFO,2023-11-24,12:01:00,2023-11-28,0.35,0.35,0.35,0.35,0,33760,0
FINNIFTY28NOV2317500PE.NFO,2023-11-24,12:02:00,2023-11-28,0.35,0.35,0.35,0.35,0,33760,0
FINNIFTY28NOV2317500PE.NFO,2023-11-24,12:03:00,2023-11-28,0.35,0.35,0.3,0.3,400,33760,0
FINNIFTY28NOV2317500PE.NFO,2023-11-24,12:04:00,2023-11-28,0.3,0.3,0.3,0.3,400,33760,1
FINNIFTY28NOV2317500PE.NFO,2023-11-24,12:05:00,2023-11-28,0.3,0.3,0.3,0.3,400,33760,1
FINNIFTY28NOV2317500PE.NFO,2023-11-24,12:06:00,2023-11-28,0.35,0.35,0.35,0.35,320,33760,0
FINNIFTY28NOV2317500PE.NFO,2023-11-24,12:07:00,2023-11-28,0.35,0.35,0.35,0.35,0,33760,0
FINNIFTY28NOV2317500PE.NFO,2023-11-24,12:08:00,2023-11-28,0.35,0.35,0.35,0.35,0,33760,1
FINNIFTY28NOV2317500PE.NFO,2023-11-24,12:09:00,2023-11-28,0.35,0.35,0.35,0.35,0,33760,0
FINNIFTY28NOV2317500PE.NFO,2023-11-24,12:10:00,2023-11-28,0.35,0.35,0.35,0.35,0,33760,1
FINNIFTY28NOV2317500PE.NFO,2023-11-24,12:11:00,2023-11-28,0.35,0.35,0.35,0.35,0,33760,0
FINNIFTY28NOV2317500PE.NFO,2023-11-24,12:12:00,2023-11-28,0.35,0.35,0.35,0.35,0,33760,0
FINNIFTY28NOV2317500PE.NFO,2023-11-24,12:13:00,2023-11-28,0.35,0.35,0.35,0.35,0,33760,0
FINNIFTY28NOV2317500PE.NFO,2023-11-24,12:14:00,2023-11-28,0.35,0.35,0.35,0.35,0,33760,0
FINNIFTY28NOV2317500PE.NFO,2023-11-24,12:15:00,2023-11-28,0.35,0.35,0.35,0.35,0,33760,0
FINNIFTY28NOV2317500PE.NFO,2023-11-24,12:16:00,2023-11-28,0.35,0.35,0.35,0.35,0,33760,1
FINNIFTY28NOV2317500PE.NFO,2023-11-24,12:17:00,2023-11-28,0.35,0.35,0.35,0.35,0,33760,0
FINNIFTY28NOV2317500PE.NFO,2023-11-24,12:18:00,2023-11-28,0.35,0.35,0.35,0.35,360,33760,0
FINNIFTY28NOV2317500PE.NFO,2023-11-24,12:19:00,2023-11-28,0.35,0.35,0.35,0.35,360,33760,1
FINNIFTY28NOV2317500PE.NFO,2023-11-24,12:20:00,2023-11-28,0.35,0.35,0.35,0.35,360,33760,1
FINNIFTY28NOV2317500PE.NFO,2023-11-24,12:21:00,2023-11-28,0.35,0.35,0.35,0.35,360,33760,1
FINNIFTY28NOV2317500PE.NFO,2023-11-24,12:22:00,2023-11-28,0.35,0.35,0.35,0.35,360,33760,1
FINNIFTY28NOV2317500PE.NFO,2023-11-24,12:23:00,2023-11-28,0.35,0.35,0.35,0.35,360,33760,1
FINNIFTY28NOV2317500PE.NFO,2023-11-24,12:24:00,2023-11-28,0.35,0.35,0.35,0.35,360,33760,1
FINNIFTY28NOV2317500PE.NFO,2023-11-24,12:25:00,2023-11-28,0.35,0.35,0.35,0.35,360,33760,1
FINNIFTY28NOV2317500PE.NFO,2023-11-24,12:26:00,2023-11-28,0.35,0.35,0.35,0.35,360,33760,1
FINNIFTY28NOV2317500PE.NFO,2023-11-24,12:27:00,2023-11-28,0.35,0.35,0.35,0.35,360,33760,1
FINNIFTY28NOV2317500PE.NFO,2023-11-24,12:28:00,2023-11-28,0.35,0.35,0.35,0.35,360,33760,1
FINNIFTY28NOV2317500PE.NFO,2023-11-24,12:29:00,2023-11-28,0.35,0.35,0.3,0.3,760,33760,0
FINNIFTY28NOV2317500PE.NFO,2023-11-24,12:30:00,2023-11-28,0.3,0.3,0.3,0.3,1960,33760,0
FINNIFTY28NOV2317500PE.NFO,2023-11-24,12:31:00,2023-11-28,0.3,0.3,0.3,0.3,760,33760,0
FINNIFTY28NOV2317500PE.NFO,2023-11-24,12:32:00,2023-11-28,0.3,0.3,0.3,0.3,1600,33760,0
FINNIFTY28NOV2317500PE.NFO,2023-11-24,12:33:00,2023-11-28,0.3,0.3,0.3,0.3,4360,33760,0
FINNIFTY28NOV2317500PE.NFO,2023-11-24,12:34:00,2023-11-28,0.3,0.3,0.25,0.25,5640,33760,0
FINNIFTY28NOV2317500PE.NFO,2023-11-24,12:35:00,2023-11-28,0.25,0.3,0.25,0.3,1080,32320,0
FINNIFTY28NOV2317500PE.NFO,2023-11-24,12:36:00,2023-11-28,0.3,0.3,0.25,0.25,3520,32320,0
FINNIFTY28NOV2317500PE.NFO,2023-11-24,12:37:00,2023-11-28,0.25,0.25,0.25,0.25,1600,32320,0
FINNIFTY28NOV2317500PE.NFO,2023-11-24,12:38:00,2023-11-28,0.25,0.25,0.25,0.25,40,32320,0
FINNIFTY28NOV2317500PE.NFO,2023-11-24,12:39:00,2023-11-28,0.25,0.25,0.25,0.25,440,31240,0
FINNIFTY28NOV2317500PE.NFO,2023-11-24,12:40:00,2023-11-28,0.25,0.25,0.25,0.25,80,31240,0
FINNIFTY28NOV2317500PE.NFO,2023-11-24,12:41:00,2023-11-28,0.25,0.25,0.25,0.25,0,31240,0
FINNIFTY28NOV2317500PE.NFO,2023-11-24,12:42:00,2023-11-28,0.25,0.25,0.25,0.25,0,31240,0
FINNIFTY28NOV2317500PE.NFO,2023-11-24,12:43:00,2023-11-28,0.25,0.25,0.25,0.25,0,31240,1
FINNIFTY28NOV2317500PE.NFO,2023-11-24,12:44:00,2023-11-28,0.25,0.25,0.25,0.25,0,31240,0
FINNIFTY28NOV2317500PE.NFO,2023-11-24,12:45:00,2023-11-28,0.25,0.25,0.25,0.25,0,31240,0
FINNIFTY28NOV2317500PE.NFO,2023-11-24,12:46:00,2023-11-28,0.25,0.25,0.25,0.25,160,31760,0
FINNIFTY28NOV2317500PE.NFO,2023-11-24,12:47:00,2023-11-28,0.25,0.25,0.25,0.25,200,31760,0
FINNIFTY28NOV2317500PE.NFO,2023-11-24,12:48:00,2023-11-28,0.25,0.25,0.25,0.25,0,31760,0
FINNIFTY28NOV2317500PE.NFO,2023-11-24,12:49:00,2023-11-28,0.25,0.25,0.25,0.25,0,31760,0
FINNIFTY28NOV2317500PE.NFO,2023-11-24,12:50:00,2023-11-28,0.25,0.25,0.25,0.25,240,32120,0
FINNIFTY28NOV2317500PE.NFO,2023-11-24,12:51:00,2023-11-28,0.25,0.25,0.25,0.25,240,32120,0
FINNIFTY28NOV2317500PE.NFO,2023-11-24,12:52:00,2023-11-28,0.25,0.25,0.2,0.2,360,32120,0
FINNIFTY28NOV2317500PE.NFO,2023-11-24,12:53:00,2023-11-28,0.2,0.2,0.2,0.2,1760,32120,0
FINNIFTY28NOV2317500PE.NFO,2023-11-24,12:54:00,2023-11-28,0.2,0.2,0.2,0.2,480,33280,0
FINNIFTY28NOV2317500PE.NFO,2023-11-24,12:55:00,2023-11-28,0.2,0.2,0.2,0.2,120,33280,0
FINNIFTY28NOV2317500PE.NFO,2023-11-24,12:56:00,2023-11-28,0.2,0.2,0.2,0.2,120,33280,0
FINNIFTY28NOV2317500PE.NFO,2023-11-24,12:57:00,2023-11-28,0.2,0.2,0.2,0.2,0,33280,0
FINNIFTY28NOV2317500PE.NFO,2023-11-24,12:58:00,2023-11-28,0.2,0.2,0.2,0.2,0,33280,1
FINNIFTY28NOV2317500PE.NFO,2023-11-24,12:59:00,2023-11-28,0.2,0.2,0.2,0.2,0,33280,0
FINNIFTY28NOV2317500PE.NFO,2023-11-24,13:00:00,2023-11-28,0.2,0.2,0.2,0.2,80,34000,0
FINNIFTY28NOV2317500PE.NFO,2023-11-24,13:01:00,2023-11-28,0.2,0.2,0.2,0.2,0,34000,0
FINNIFTY28NOV2317500PE.NFO,2023-11-24,13:02:00,2023-11-28,0.2,0.2,0.2,0.2,760,34000,0
FINNIFTY28NOV2317500PE.NFO,2023-11-24,13:03:00,2023-11-28,0.2,0.2,0.2,0.2,0,34000,0
FINNIFTY28NOV2317500PE.NFO,2023-11-24,13:04:00,2023-11-28,0.2,0.2,0.2,0.2,0,34000,1
FINNIFTY28NOV2317500PE.NFO,2023-11-24,13:05:00,2023-11-28,0.2,0.2,0.2,0.2,0,34000,0
FINNIFTY28NOV2317500PE.NFO,2023-11-24,13:06:00,2023-11-28,0.2,0.2,0.2,0.2,40,34440,0
FINNIFTY28NOV2317500PE.NFO,2023-11-24,13:07:00,2023-11-28,0.2,0.2,0.2,0.2,0,34440,0
FINNIFTY28NOV2317500PE.NFO,2023-11-24,13:08:00,2023-11-28,0.2,0.2,0.2,0.2,1200,34440,0
FINNIFTY28NOV2317500PE.NFO,2023-11-24,13:09:00,2023-11-28,0.2,0.2,0.2,0.2,0,34440,0
FINNIFTY28NOV2317500PE.NFO,2023-11-24,13:10:00,2023-11-28,0.2,0.2,0.2,0.2,0,34440,1
FINNIFTY28NOV2317500PE.NFO,2023-11-24,13:11:00,2023-11-28,0.2,0.2,0.2,0.2,0,34440,0
FINNIFTY28NOV2317500PE.NFO,2023-11-24,13:12:00,2023-11-28,0.2,0.2,0.2,0.2,0,34440,1
FINNIFTY28NOV2317500PE.NFO,2023-11-24,13:13:00,2023-11-28,0.2,0.2,0.2,0.2,0,34440,1
FINNIFTY28NOV2317500PE.NFO,2023-11-24,13:14:00,2023-11-28,0.2,0.2,0.2,0.2,0,34440,0
FINNIFTY28NOV2317500PE.NFO,2023-11-24,13:15:00,2023-11-28,0.2,0.2,0.2,0.2,0,34440,0
FINNIFTY28NOV2317500PE.NFO,2023-11-24,13:16:00,2023-11-28,0.2,0.2,0.2,0.2,0,34440,0
FINNIFTY28NOV2317500PE.NFO,2023-11-24,13:17:00,2023-11-28,0.2,0.2,0.2,0.2,0,34440,0
FINNIFTY28NOV2317500PE.NFO,2023-11-24,13:18:00,2023-11-28,0.2,0.2,0.2,0.2,0,34440,0
FINNIFTY28NOV2317500PE.NFO,2023-11-24,13:19:00,2023-11-28,0.2,0.2,0.2,0.2,0,34440,0
FINNIFTY28NOV2317500PE.NFO,2023-11-24,13:20:00,2023-11-28,0.2,0.2,0.2,0.2,0,34440,1
FINNIFTY28NOV2317500PE.NFO,2023-11-24,13:21:00,2023-11-28,0.2,0.2,0.2,0.2,0,34440,0
FINNIFTY28NOV2317500PE.NFO,2023-11-24,13:22:00,2023-11-28,0.2,0.2,0.2,0.2,0,34440,1
FINNIFTY28NOV2317500PE.NFO,2023-11-24,13:23:00,2023-11-28,0.2,0.2,0.2,0.2,0,34440,0
FINNIFTY28NOV2317500PE.NFO,2023-11-24,13:24:00,2023-11-28,0.2,0.2,0.2,0.2,0,34440,1
FINNIFTY28NOV2317500PE.NFO,2023-11-24,13:25:00,2023-11-28,0.2,0.2,0.2,0.2,0,34440,1
FINNIFTY28NOV2317500PE.NFO,2023-11-24,13:26:00,2023-11-28,0.2,0.2,0.2,0.2,0,34440,0
FINNIFTY28NOV2317500PE.NFO,2023-11-24,13:27:00,2023-11-28,0.25,0.25,0.25,0.25,400,34760,0
FINNIFTY28NOV2317500PE.NFO,2023-11-24,13:28:00,2023-11-28,0.25,0.25,0.25,0.25,400,34760,1
FINNIFTY28NOV2317500PE.NFO,2023-11-24,13:29:00,2023-11-28,0.25,0.25,0.25,0.25,400,34760,1
FINNIFTY28NOV2317500PE.NFO,2023-11-24,13:30:00,2023-11-28,0.25,0.25,0.25,0.25,0,34760,0
FINNIFTY28NOV2317500PE.NFO,2023-11-24,13:31:00,2023-11-28,0.25,0.25,0.25,0.25,0,34760,0
FINNIFTY28NOV2317500PE.NFO,2023-11-24,13:32:00,2023-11-28,0.25,0.25,0.25,0.25,0,34760,1
FINNIFTY28NOV2317500PE.NFO,2023-11-24,13:33:00,2023-11-28,0.25,0.25,0.25,0.25,0,34760,0
FINNIFTY28NOV2317500PE.NFO,2023-11-24,13:34:00,2023-11-28,0.25,0.25,0.25,0.25,0,34760,1
FINNIFTY28NOV2317500PE.NFO,2023-11-24,13:35:00,2023-11-28,0.25,0.25,0.25,0.25,0,34760,0
FINNIFTY28NOV2317500PE.NFO,2023-11-24,13:36:00,2023-11-28,0.25,0.25,0.25,0.25,0,34760,1
FINNIFTY28NOV2317500PE.NFO,2023-11-24,13:37:00,2023-11-28,0.25,0.25,0.25,0.25,0,34760,1
FINNIFTY28NOV2317500PE.NFO,2023-11-24,13:38:00,2023-11-28,0.25,0.25,0.25,0.25,0,34760,1
FINNIFTY28NOV2317500PE.NFO,2023-11-24,13:39:00,2023-11-28,0.25,0.25,0.25,0.25,0,34760,1
FINNIFTY28NOV2317500PE.NFO,2023-11-24,13:40:00,2023-11-28,0.25,0.25,0.25,0.25,0,34760,1
FINNIFTY28NOV2317500PE.NFO,2023-11-24,13:41:00,2023-11-28,0.25,0.25,0.25,0.25,0,34760,0
FINNIFTY28NOV2317500PE.NFO,2023-11-24,13:42:00,2023-11-28,0.25,0.25,0.2,0.2,400,34760,0
FINNIFTY28NOV2317500PE.NFO,2023-11-24,13:43:00,2023-11-28,0.2,0.2,0.2,0.2,0,34760,0
FINNIFTY28NOV2317500PE.NFO,2023-11-24,13:44:00,2023-11-28,0.25,0.25,0.2,0.25,320,34760,0
FINNIFTY28NOV2317500PE.NFO,2023-11-24,13:45:00,2023-11-28,0.2,0.25,0.2,0.2,320,34640,0
FINNIFTY28NOV2317500PE.NFO,2023-11-24,13:46:00,2023-11-28,0.25,0.25,0.2,0.2,320,34640,0
FINNIFTY28NOV2317500PE.NFO,2023-11-24,13:47:00,2023-11-28,0.25,0.25,0.2,0.25,400,34640,0
FINNIFTY28NOV2317500PE.NFO,2023-11-24,13:48:00,2023-11-28,0.25,0.25,0.2,0.2,320,34560,0
FINNIFTY28NOV2317500PE.NFO,2023-11-24,13:49:00,2023-11-28,0.25,0.25,0.2,0.2,320,34560,0
FINNIFTY28NOV2317500PE.NFO,2023-11-24,13:50:00,2023-11-28,0.2,0.25,0.2,0.25,200,34560,0
FINNIFTY28NOV2317500PE.NFO,2023-11-24,13:51:00,2023-11-28,0.2,0.25,0.2,0.2,120,34560,0
FINNIFTY28NOV2317500PE.NFO,2023-11-24,13:52:00,2023-11-28,0.2,0.2,0.2,0.2,120,34560,1
FINNIFTY28NOV2317500PE.NFO,2023-11-24,13:53:00,2023-11-28,0.2,0.2,0.2,0.2,120,34560,1
FINNIFTY28NOV2317500PE.NFO,2023-11-24,13:54:00,2023-11-28,0.2,0.2,0.2,0.2,120,34560,1
FINNIFTY28NOV2317500PE.NFO,2023-11-24,13:55:00,2023-11-28,0.2,0.2,0.2,0.2,120,34560,1
FINNIFTY28NOV2317500PE.NFO,2023-11-24,13:56:00,2023-11-28,0.2,0.2,0.2,0.2,120,34560,1
FINNIFTY28NOV2317500PE.NFO,2023-11-24,13:57:00,2023-11-28,0.2,0.2,0.2,0.2,120,34560,1
FINNIFTY28NOV2317500PE.NFO,2023-11-24,13:58:00,2023-11-28,0.2,0.2,0.2,0.2,0,34560,0
FINNIFTY28NOV2317500PE.NFO,2023-11-24,13:59:00,2023-11-28,0.2,0.2,0.2,0.2,0,34560,0
FINNIFTY28NOV2317500PE.NFO,2023-11-24,14:00:00,2023-11-28,0.2,0.2,0.2,0.2,0,34560,0
FINNIFTY28NOV2317500PE.NFO,2023-11-24,14:01:00,2023-11-28,0.2,0.2,0.2,0.2,0,34560,1
FINNIFTY28NOV2317500PE.NFO,2023-11-24,14:02:00,2023-11-28,0.2,0.2,0.2,0.2,0,34560,1
FINNIFTY28NOV2317500PE.NFO,2023-11-24,14:03:00,2023-11-28,0.2,0.2,0.2,0.2,0,34560,1
FINNIFTY28NOV2317500PE.NFO,2023-11-24,14:04:00,2023-11-28,0.2,0.2,0.2,0.2,0,34560,1
FINNIFTY28NOV2317500PE.NFO,2023-11-24,14:05:00,2023-11-28,0.2,0.2,0.2,0.2,0,34560,0
FINNIFTY28NOV2317500PE.NFO,2023-11-24,14:06:00,2023-11-28,0.2,0.2,0.2,0.2,0,34560,0
FINNIFTY28NOV2317500PE.NFO,2023-11-24,14:07:00,2023-11-28,0.2,0.2,0.2,0.2,0,34560,0
FINNIFTY28NOV2317500PE.NFO,2023-11-24,14:08:00,2023-11-28,0.2,0.2,0.2,0.2,0,34560,1
FINNIFTY28NOV2317500PE.NFO,2023-11-24,14:09:00,2023-11-28,0.2,0.2,0.2,0.2,0,34560,1
FINNIFTY28NOV2317500PE.NFO,2023-11-24,14:10:00,2023-11-28,0.2,0.2,0.2,0.2,0,34560,1
FINNIFTY28NOV2317500PE.NFO,2023-11-24,14:11:00,2023-11-28,0.2,0.2,0.2,0.2,0,34560,1
FINNIFTY28NOV2317500PE.NFO,2023-11-24,14:12:00,2023-11-28,0.2,0.2,0.2,0.2,0,34560,1
FINNIFTY28NOV2317500PE.NFO,2023-11-24,14:13:00,2023-11-28,0.2,0.2,0.2,0.2,0,34560,1
FINNIFTY28NOV2317500PE.NFO,2023-11-24,14:14:00,2023-11-28,0.2,0.2,0.2,0.2,0,34560,1
FINNIFTY28NOV2317500PE.NFO,2023-11-24,14:15:00,2023-11-28,0.2,0.2,0.2,0.2,0,34560,0
FINNIFTY28NOV2317500PE.NFO,2023-11-24,14:16:00,2023-11-28,0.2,0.2,0.2,0.2,0,34560,1
FINNIFTY28NOV2317500PE.NFO,2023-11-24,14:17:00,2023-11-28,0.2,0.2,0.2,0.2,0,34560,1
FINNIFTY28NOV2317500PE.NFO,2023-11-24,14:18:00,2023-11-28,0.2,0.2,0.2,0.2,0,34560,0
FINNIFTY28NOV2317500PE.NFO,2023-11-24,14:19:00,2023-11-28,0.2,0.2,0.2,0.2,0,34560,0
FINNIFTY28NOV2317500PE.NFO,2023-11-24,14:20:00,2023-11-28,0.2,0.2,0.2,0.2,0,34560,0
FINNIFTY28NOV2317500PE.NFO,2023-11-24,14:21:00,2023-11-28,0.2,0.2,0.2,0.2,0,34560,0
FINNIFTY28NOV2317500PE.NFO,2023-11-24,14:22:00,2023-11-28,0.2,0.2,0.2,0.2,0,34560,0
FINNIFTY28NOV2317500PE.NFO,2023-11-24,14:23:00,2023-11-28,0.2,0.2,0.2,0.2,0,34560,1
FINNIFTY28NOV2317500PE.NFO,2023-11-24,14:24:00,2023-11-28,0.2,0.2,0.2,0.2,0,34560,1
FINNIFTY28NOV2317500PE.NFO,2023-11-24,14:25:00,2023-11-28,0.2,0.2,0.2,0.2,0,34560,1
FINNIFTY28NOV2317500PE.NFO,2023-11-24,14:26:00,2023-11-28,0.2,0.2,0.2,0.2,0,34560,1
FINNIFTY28NOV2317500PE.NFO,2023-11-24,14:27:00,2023-11-28,0.2,0.2,0.2,0.2,0,34560,1
FINNIFTY28NOV2317500PE.NFO,2023-11-24,14:28:00,2023-11-28,0.2,0.2,0.2,0.2,0,34560,1
FINNIFTY28NOV2317500PE.NFO,2023-11-24,14:29:00,2023-11-28,0.2,0.2,0.2,0.2,0,34560,1
FINNIFTY28NOV2317500PE.NFO,2023-11-24,14:30:00,2023-11-28,0.2,0.2,0.2,0.2,0,34560,1
FINNIFTY28NOV2317500PE.NFO,2023-11-24,14:31:00,2023-11-28,0.2,0.2,0.2,0.2,0,34560,1
FINNIFTY28NOV2317500PE.NFO,2023-11-24,14:32:00,2023-11-28,0.2,0.2,0.2,0.2,0,34560,1
FINNIFTY28NOV2317500PE.NFO,2023-11-24,14:33:00,2023-11-28,0.2,0.2,0.2,0.2,0,34560,0
FINNIFTY28NOV2317500PE.NFO,2023-11-24,14:34:00,2023-11-28,0.2,0.2,0.2,0.2,0,34560,0
FINNIFTY28NOV2317500PE.NFO,2023-11-24,14:35:00,2023-11-28,0.2,0.2,0.2,0.2,0,34560,1
FINNIFTY28NOV2317500PE.NFO,2023-11-24,14:36:00,2023-11-28,0.2,0.2,0.2,0.2,0,34560,1
FINNIFTY28NOV2317500PE.NFO,2023-11-24,14:37:00,2023-11-28,0.2,0.2,0.2,0.2,0,34560,0
FINNIFTY28NOV2317500PE.NFO,2023-11-24,14:38:00,2023-11-28,0.2,0.2,0.2,0.2,0,34560,0
FINNIFTY28NOV2317500PE.NFO,2023-11-24,14:39:00,2023-11-28,0.2,0.2,0.2,0.2,0,34560,1
FINNIFTY28NOV2317500PE.NFO,2023-11-24,14:40:00,2023-11-28,0.2,0.2,0.2,0.2,0,34560,1
FINNIFTY28NOV2317500PE.NFO,2023-11-24,14:41:00,2023-11-28,0.2,0.2,0.2,0.2,0,34560,1
FINNIFTY28NOV2317500PE.NFO,2023-11-24,14:42:00,2023-11-28,0.2,0.2,0.2,0.2,0,34560,0
FINNIFTY28NOV2317500PE.NFO,2023-11-24,14:43:00,2023-11-28,0.2,0.2,0.2,0.2,240,34560,0
FINNIFTY28NOV2317500PE.NFO,2023-11-24,14:44:00,2023-11-28,0.2,0.2,0.2,0.2,0,34560,0
FINNIFTY28NOV2317500PE.NFO,2023-11-24,14:45:00,2023-11-28,0.2,0.2,0.2,0.2,0,34560,0
FINNIFTY28NOV2317500PE.NFO,2023-11-24,14:46:00,2023-11-28,0.2,0.2,0.2,0.2,0,34560,0
FINNIFTY28NOV2317500PE.NFO,2023-11-24,14:47:00,2023-11-28,0.2,0.2,0.2,0.2,0,34560,0
FINNIFTY28NOV2317500PE.NFO,2023-11-24,14:48:00,2023-11-28,0.2,0.2,0.2,0.2,120,34880,0
FINNIFTY28NOV2317500PE.NFO,2023-11-24,14:49:00,2023-11-28,0.2,0.2,0.2,0.2,120,34880,1
FINNIFTY28NOV2317500PE.NFO,2023-11-24,14:50:00,2023-11-28,0.25,0.25,0.25,0.25,560,34880,0
FINNIFTY28NOV2317500PE.NFO,2023-11-24,14:51:00,2023-11-28,0.25,0.25,0.25,0.25,0,34880,0
FINNIFTY28NOV2317500PE.NFO,2023-11-24,14:52:00,2023-11-28,0.25,0.25,0.25,0.25,0,34880,1
FINNIFTY28NOV2317500PE.NFO,2023-11-24,14:53:00,2023-11-28,0.25,0.25,0.25,0.25,0,34880,1
FINNIFTY28NOV2317500PE.NFO,2023-11-24,14:54:00,2023-11-28,0.25,0.25,0.25,0.25,0,34880,1
FINNIFTY28NOV2317500PE.NFO,2023-11-24,14:55:00,2023-11-28,0.25,0.25,0.25,0.25,0,34880,1
FINNIFTY28NOV2317500PE.NFO,2023-11-24,14:56:00,2023-11-28,0.25,0.25,0.25,0.25,0,34880,0
FINNIFTY28NOV2317500PE.NFO,2023-11-24,14:57:00,2023-11-28,0.25,0.25,0.25,0.25,0,34880,0
FINNIFTY28NOV2317500PE.NFO,2023-11-24,14:58:00,2023-11-28,0.25,0.25,0.25,0.25,0,34880,0
FINNIFTY28NOV2317500PE.NFO,2023-11-24,14:59:00,2023-11-28,0.25,0.25,0.25,0.25,0,34880,0
FINNIFTY28NOV2317500PE.NFO,2023-11-24,15:00:00,2023-11-28,0.25,0.25,0.25,0.25,0,34880,1
FINNIFTY28NOV2317500PE.NFO,2023-11-24,15:01:00,2023-11-28,0.25,0.25,0.25,0.25,200,34840,0
FINNIFTY28NOV2317500PE.NFO,2023-11-24,15:02:00,2023-11-28,0.25,0.25,0.2,0.2,1360,34840,0
FINNIFTY28NOV2317500PE.NFO,2023-11-24,15:03:00,2023-11-28,0.2,0.25,0.2,0.25,200,34840,0
FINNIFTY28NOV2317500PE.NFO,2023-11-24,15:04:00,2023-11-28,0.25,0.25,0.25,0.25,200,34840,0
FINNIFTY28NOV2317500PE.NFO,2023-11-24,15:05:00,2023-11-28,0.25,0.25,0.2,0.25,280,34840,0
FINNIFTY28NOV2317500PE.NFO,2023-11-24,15:06:00,2023-11-28,0.25,0.25,0.25,0.25,0,34840,0
FINNIFTY28NOV2317500PE.NFO,2023-11-24,15:07:00,2023-11-28,0.25,0.25,0.25,0.25,0,34840,0
FINNIFTY28NOV2317500PE.NFO,2023-11-24,15:08:00,2023-11-28,0.25,0.25,0.2,0.2,240,34920,0
FINNIFTY28NOV2317500PE.NFO,2023-11-24,15:09:00,2023-11-28,0.25,0.25,0.25,0.25,0,34960,0
FINNIFTY28NOV2317500PE.NFO,2023-11-24,15:10:00,2023-11-28,0.25,0.25,0.25,0.25,440,34960,0
FINNIFTY28NOV2317500PE.NFO,2023-11-24,15:11:00,2023-11-28,0.25,0.25,0.25,0.25,240,34960,0
FINNIFTY28NOV2317500PE.NFO,2023-11-24,15:12:00,2023-11-28,0.25,0.25,0.25,0.25,0,34960,0
FINNIFTY28NOV2317500PE.NFO,2023-11-24,15:13:00,2023-11-28,0.25,0.25,0.25,0.25,0,34960,0
FINNIFTY28NOV2317500PE.NFO,2023-11-24,15:14:00,2023-11-28,0.25,0.25,0.25,0.25,0,34960,0
FINNIFTY28NOV2317500PE.NFO,2023-11-24,15:15:00,2023-11-28,0.25,0.25,0.25,0.25,0,34960,0
FINNIFTY28NOV2317500PE.NFO,2023-11-24,15:16:00,2023-11-28,0.25,0.25,0.25,0.25,0,34960,1
FINNIFTY28NOV2317500PE.NFO,2023-11-24,15:17:00,2023-11-28,0.25,0.25,0.25,0.25,0,34960,1
FINNIFTY28NOV2317500PE.NFO,2023-11-24,15:18:00,2023-11-28,0.25,0.25,0.25,0.25,0,34960,1
FINNIFTY28NOV2317500PE.NFO,2023-11-24,15:19:00,2023-11-28,0.25,0.25,0.2,0.2,80,34960,0
FINNIFTY28NOV2317500PE.NFO,2023-11-24,15:20:00,2023-11-28,0.2,0.2,0.2,0.2,1800,34960,0
FINNIFTY28NOV2317500PE.NFO,2023-11-24,15:21:00,2023-11-28,0.2,0.2,0.2,0.2,0,34960,0
FINNIFTY28NOV2317500PE.NFO,2023-11-24,15:22:00,2023-11-28,0.2,0.25,0.2,0.25,160,34480,0
FINNIFTY28NOV2317500PE.NFO,2023-11-24,15:23:00,2023-11-28,0.25,0.25,0.25,0.25,160,34480,0
FINNIFTY28NOV2317500PE.NFO,2023-11-24,15:24:00,2023-11-28,0.25,0.25,0.25,0.25,0,34480,0
FINNIFTY28NOV2317500PE.NFO,2023-11-24,15:25:00,2023-11-28,0.25,0.25,0.2,0.2,1800,34480,0
FINNIFTY28NOV2317500PE.NFO,2023-11-24,15:26:00,2023-11-28,0.2,0.2,0.2,0.2,0,34480,0
FINNIFTY28NOV2317500PE.NFO,2023-11-24,15:27:00,2023-11-28,0.2,0.2,0.2,0.2,1080,35120,0
FINNIFTY28NOV2317500PE.NFO,2023-11-24,15:28:00,2023-11-28,0.2,0.2,0.15,0.15,680,35120,0
FINNIFTY28NOV2317500PE.NFO,2023-11-24,15:29:00,2023-11-28,0.15,0.15,0.15,0.15,120,35120,0
FINNIFTY28NOV2317500PE.NFO,2023-11-24,15:30:00,2023-11-28,0.15,0.15,0.15,0.15,120,35120,1
FINNIFTY28NOV2317500PE.NFO,2023-11-28,09:15:00,2023-11-28,1.5,1.5,0.15,0.15,18920,35440,0
FINNIFTY28NOV2317500PE.NFO,2023-11-28,09:16:00,2023-11-28,0.15,0.15,0.15,0.15,4840,35440,0
FINNIFTY28NOV2317500PE.NFO,2023-11-28,09:17:00,2023-11-28,0.15,0.2,0.15,0.2,1080,50880,0
FINNIFTY28NOV2317500PE.NFO,2023-11-28,09:18:00,2023-11-28,0.2,0.2,0.2,0.2,0,50880,0
FINNIFTY28NOV2317500PE.NFO,2023-11-28,09:19:00,2023-11-28,0.2,0.2,0.15,0.2,280,50880,0
FINNIFTY28NOV2317500PE.NFO,2023-11-28,09:20:00,2023-11-28,0.2,0.2,0.2,0.2,0,50880,0
FINNIFTY28NOV2317500PE.NFO,2023-11-28,09:21:00,2023-11-28,0.2,0.2,0.2,0.2,0,50880,0
FINNIFTY28NOV2317500PE.NFO,2023-11-28,09:22:00,2023-11-28,0.2,0.2,0.2,0.2,0,50880,0
FINNIFTY28NOV2317500PE.NFO,2023-11-28,09:23:00,2023-11-28,0.2,0.2,0.15,0.15,240,50640,0
FINNIFTY28NOV2317500PE.NFO,2023-11-28,09:24:00,2023-11-28,0.15,0.15,0.15,0.15,0,50640,0
FINNIFTY28NOV2317500PE.NFO,2023-11-28,09:25:00,2023-11-28,0.15,0.2,0.15,0.2,120,50640,0
FINNIFTY28NOV2317500PE.NFO,2023-11-28,09:26:00,2023-11-28,0.2,0.2,0.2,0.2,4000,51600,0
FINNIFTY28NOV2317500PE.NFO,2023-11-28,09:27:00,2023-11-28,0.2,0.2,0.2,0.2,3480,51600,0
FINNIFTY28NOV2317500PE.NFO,2023-11-28,09:28:00,2023-11-28,0.2,0.2,0.2,0.2,1080,51600,0
FINNIFTY28NOV2317500PE.NFO,2023-11-28,09:29:00,2023-11-28,0.2,0.2,0.15,0.15,2280,52480,0
FINNIFTY28NOV2317500PE.NFO,2023-11-28,09:30:00,2023-11-28,0.15,0.2,0.15,0.2,2600,52480,0
FINNIFTY28NOV2317500PE.NFO,2023-11-28,09:31:00,2023-11-28,0.2,0.2,0.2,0.2,360,52480,0
FINNIFTY28NOV2317500PE.NFO,2023-11-28,09:32:00,2023-11-28,0.2,0.2,0.15,0.15,560,52480,0
FINNIFTY28NOV2317500PE.NFO,2023-11-28,09:33:00,2023-11-28,0.2,0.2,0.2,0.2,240,51680,0
FINNIFTY28NOV2317500PE.NFO,2023-11-28,09:34:00,2023-11-28,0.2,0.2,0.2,0.2,400,51680,0
FINNIFTY28NOV2317500PE.NFO,2023-11-28,09:35:00,2023-11-28,0.15,0.2,0.15,0.2,280,51480,0
FINNIFTY28NOV2317500PE.NFO,2023-11-28,09:36:00,2023-11-28,0.2,0.2,0.15,0.2,2120,51480,0
FINNIFTY28NOV2317500PE.NFO,2023-11-28,09:37:00,2023-11-28,0.2,0.2,0.15,0.15,3520,51480,0
FINNIFTY28NOV2317500PE.NFO,2023-11-28,09:38:00,2023-11-28,0.15,0.15,0.15,0.15,0,51480,0
FINNIFTY28NOV2317500PE.NFO,2023-11-28,09:39:00,2023-11-28,0.2,0.2,0.2,0.2,120,50640,0
FINNIFTY28NOV2317500PE.NFO,2023-11-28,09:40:00,2023-11-28,0.2,0.2,0.2,0.2,120,50640,0
FINNIFTY28NOV2317500PE.NFO,2023-11-28,09:41:00,2023-11-28,0.2,0.2,0.15,0.15,200,50640,0
FINNIFTY28NOV2317500PE.NFO,2023-11-28,09:42:00,2023-11-28,0.15,0.2,0.15,0.2,0,50840,0
FINNIFTY28NOV2317500PE.NFO,2023-11-28,09:43:00,2023-11-28,0.2,0.2,0.2,0.2,2400,50840,0
FINNIFTY28NOV2317500PE.NFO,2023-11-28,09:44:00,2023-11-28,0.2,0.2,0.2,0.2,2400,50840,1
FINNIFTY28NOV2317500PE.NFO,2023-11-28,09:45:00,2023-11-28,0.2,0.2,0.2,0.2,2400,50840,1
FINNIFTY28NOV2317500PE.NFO,2023-11-28,09:46:00,2023-11-28,0.2,0.2,0.2,0.2,0,50840,0
FINNIFTY28NOV2317500PE.NFO,2023-11-28,09:47:00,2023-11-28,0.2,0.2,0.2,0.2,0,50840,0
FINNIFTY28NOV2317500PE.NFO,2023-11-28,09:48:00,2023-11-28,0.2,0.2,0.2,0.2,0,50840,0
FINNIFTY28NOV2317500PE.NFO,2023-11-28,09:49:00,2023-11-28,0.2,0.2,0.2,0.2,120,50640,0
FINNIFTY28NOV2317500PE.NFO,2023-11-28,09:50:00,2023-11-28,0.2,0.2,0.2,0.2,400,50640,0
FINNIFTY28NOV2317500PE.NFO,2023-11-28,09:51:00,2023-11-28,0.2,0.2,0.2,0.2,0,50640,0
FINNIFTY28NOV2317500PE.NFO,2023-11-28,09:52:00,2023-11-28,0.2,0.2,0.15,0.15,400,50640,0
FINNIFTY28NOV2317500PE.NFO,2023-11-28,09:53:00,2023-11-28,0.15,0.15,0.15,0.15,0,50640,0
FINNIFTY28NOV2317500PE.NFO,2023-11-28,09:54:00,2023-11-28,0.15,0.15,0.15,0.15,0,50640,1
FINNIFTY28NOV2317500PE.NFO,2023-11-28,09:55:00,2023-11-28,0.15,0.15,0.15,0.15,0,50640,0
FINNIFTY28NOV2317500PE.NFO,2023-11-28,09:56:00,2023-11-28,0.15,0.15,0.15,0.15,0,50640,0
FINNIFTY28NOV2317500PE.NFO,2023-11-28,09:57:00,2023-11-28,0.15,0.2,0.15,0.2,1800,50640,0
FINNIFTY28NOV2317500PE.NFO,2023-11-28,09:58:00,2023-11-28,0.2,0.2,0.2,0.2,120,50640,0
FINNIFTY28NOV2317500PE.NFO,2023-11-28,09:59:00,2023-11-28,0.2,0.2,0.2,0.2,0,50640,0
FINNIFTY28NOV2317500PE.NFO,2023-11-28,10:00:00,2023-11-28,0.2,0.2,0.2,0.2,320,50640,0
FINNIFTY28NOV2317500PE.NFO,2023-11-28,10:01:00,2023-11-28,0.2,0.2,0.2,0.2,320,50640,1
FINNIFTY28NOV2317500PE.NFO,2023-11-28,10:02:00,2023-11-28,0.2,0.2,0.2,0.2,320,50640,1
FINNIFTY28NOV2317500PE.NFO,2023-11-28,10:03:00,2023-11-28,0.15,0.15,0.15,0.15,9000,50640,0
FINNIFTY28NOV2317500PE.NFO,2023-11-28,10:04:00,2023-11-28,0.15,0.15,0.15,0.15,6560,50640,0
FINNIFTY28NOV2317500PE.NFO,2023-11-28,10:05:00,2023-11-28,0.15,0.15,0.1,0.1,15320,50640,0
FINNIFTY28NOV2317500PE.NFO,2023-11-28,10:06:00,2023-11-28,0.15,0.15,0.15,0.15,560,59800,0
FINNIFTY28NOV2317500PE.NFO,2023-11-28,10:07:00,2023-11-28,0.15,0.15,0.15,0.15,80,59800,0
FINNIFTY28NOV2317500PE.NFO,2023-11-28,10:08:00,2023-11-28,0.15,0.15,0.1,0.1,1920,59800,0
FINNIFTY28NOV2317500PE.NFO,2023-11-28,10:09:00,2023-11-28,0.1,0.1,0.1,0.1,0,59800,0
FINNIFTY28NOV2317500PE.NFO,2023-11-28,10:10:00,2023-11-28,0.1,0.1,0.1,0.1,0,59800,1
FINNIFTY28NOV2317500PE.NFO,2023-11-28,10:11:00,2023-11-28,0.1,0.1,0.1,0.1,200,59800,0
FINNIFTY28NOV2317500PE.NFO,2023-11-28,10:12:00,2023-11-28,0.1,0.1,0.1,0.1,400,61600,0
FINNIFTY28NOV2317500PE.NFO,2023-11-28,10:13:00,2023-11-28,0.15,0.15,0.15,0.15,1200,61600,0
FINNIFTY28NOV2317500PE.NFO,2023-11-28,10:14:00,2023-11-28,0.15,0.15,0.15,0.15,0,61600,0
FINNIFTY28NOV2317500PE.NFO,2023-11-28,10:15:00,2023-11-28,0.1,0.1,0.1,0.1,920,61600,0
FINNIFTY28NOV2317500PE.NFO,2023-11-28,10:16:00,2023-11-28,0.1,0.1,0.1,0.1,10560,61600,0
FINNIFTY28NOV2317500PE.NFO,2023-11-28,10:17:00,2023-11-28,0.1,0.1,0.1,0.1,0,61600,0
FINNIFTY28NOV2317500PE.NFO,2023-11-28,10:18:00,2023-11-28,0.1,0.1,0.1,0.1,0,61600,0
FINNIFTY28NOV2317500PE.NFO,2023-11-28,10:19:00,2023-11-28,0.1,0.1,0.1,0.1,0,61600,0
FINNIFTY28NOV2317500PE.NFO,2023-11-28,10:20:00,2023-11-28,0.15,0.15,0.15,0.15,2000,73080,0
FINNIFTY28NOV2317500PE.NFO,2023-11-28,10:21:00,2023-11-28,0.15,0.15,0.15,0.15,2000,73080,1
FINNIFTY28NOV2317500PE.NFO,2023-11-28,10:22:00,2023-11-28,0.15,0.15,0.15,0.15,2000,73080,1
FINNIFTY28NOV2317500PE.NFO,2023-11-28,10:23:00,2023-11-28,0.15,0.15,0.15,0.15,400,73080,0
FINNIFTY28NOV2317500PE.NFO,2023-11-28,10:24:00,2023-11-28,0.15,0.15,0.15,0.15,400,73080,1
FINNIFTY28NOV2317500PE.NFO,2023-11-28,10:25:00,2023-11-28,0.15,0.15,0.15,0.15,400,73080,1
FINNIFTY28NOV2317500PE.NFO,2023-11-28,10:26:00,2023-11-28,0.15,0.15,0.15,0.15,400,73080,1
FINNIFTY28NOV2317500PE.NFO,2023-11-28,10:27:00,2023-11-28,0.15,0.15,0.15,0.15,400,73080,1
FINNIFTY28NOV2317500PE.NFO,2023-11-28,10:28:00,2023-11-28,0.15,0.15,0.15,0.15,400,73080,1
FINNIFTY28NOV2317500PE.NFO,2023-11-28,10:29:00,2023-11-28,0.15,0.15,0.1,0.1,0,73080,0
FINNIFTY28NOV2317500PE.NFO,2023-11-28,10:30:00,2023-11-28,0.1,0.1,0.1,0.1,0,73080,0
FINNIFTY28NOV2317500PE.NFO,2023-11-28,10:31:00,2023-11-28,0.1,0.1,0.1,0.1,0,73080,0
FINNIFTY28NOV2317500PE.NFO,2023-11-28,10:32:00,2023-11-28,0.1,0.1,0.1,0.1,0,73080,1
FINNIFTY28NOV2317500PE.NFO,2023-11-28,10:33:00,2023-11-28,0.1,0.1,0.1,0.1,0,73080,1
FINNIFTY28NOV2317500PE.NFO,2023-11-28,10:34:00,2023-11-28,0.1,0.1,0.1,0.1,800,73080,0
FINNIFTY28NOV2317500PE.NFO,2023-11-28,10:35:00,2023-11-28,0.15,0.15,0.15,0.15,560,73080,0
FINNIFTY28NOV2317500PE.NFO,2023-11-28,10:36:00,2023-11-28,0.15,0.15,0.15,0.15,560,73080,1
FINNIFTY28NOV2317500PE.NFO,2023-11-28,10:37:00,2023-11-28,0.15,0.15,0.15,0.15,0,73080,0
FINNIFTY28NOV2317500PE.NFO,2023-11-28,10:38:00,2023-11-28,0.15,0.15,0.15,0.15,0,73080,0
FINNIFTY28NOV2317500PE.NFO,2023-11-28,10:39:00,2023-11-28,0.15,0.15,0.15,0.15,0,73080,0
FINNIFTY28NOV2317500PE.NFO,2023-11-28,10:40:00,2023-11-28,0.15,0.15,0.15,0.15,0,73080,0
FINNIFTY28NOV2317500PE.NFO,2023-11-28,10:41:00,2023-11-28,0.15,0.15,0.15,0.15,0,73080,1
FINNIFTY28NOV2317500PE.NFO,2023-11-28,10:42:00,2023-11-28,0.15,0.15,0.15,0.15,0,73080,0
FINNIFTY28NOV2317500PE.NFO,2023-11-28,10:43:00,2023-11-28,0.1,0.1,0.1,0.1,360,73080,0
FINNIFTY28NOV2317500PE.NFO,2023-11-28,10:44:00,2023-11-28,0.1,0.1,0.1,0.1,360,73080,1
FINNIFTY28NOV2317500PE.NFO,2023-11-28,10:45:00,2023-11-28,0.1,0.1,0.1,0.1,360,73080,1
FINNIFTY28NOV2317500PE.NFO,2023-11-28,10:46:00,2023-11-28,0.1,0.1,0.1,0.1,0,73080,0
FINNIFTY28NOV2317500PE.NFO,2023-11-28,10:47:00,2023-11-28,0.1,0.1,0.1,0.1,0,73080,1
FINNIFTY28NOV2317500PE.NFO,2023-11-28,10:48:00,2023-11-28,0.1,0.1,0.1,0.1,0,73080,1
FINNIFTY28NOV2317500PE.NFO,2023-11-28,10:49:00,2023-11-28,0.1,0.1,0.1,0.1,0,73080,1
FINNIFTY28NOV2317500PE.NFO,2023-11-28,10:50:00,2023-11-28,0.1,0.15,0.1,0.15,1160,74400,0
FINNIFTY28NOV2317500PE.NFO,2023-11-28,10:51:00,2023-11-28,0.15,0.15,0.15,0.15,16240,74400,0
FINNIFTY28NOV2317500PE.NFO,2023-11-28,10:52:00,2023-11-28,0.15,0.15,0.15,0.15,4040,74400,0
FINNIFTY28NOV2317500PE.NFO,2023-11-28,10:53:00,2023-11-28,0.15,0.3,0.15,0.2,61680,50120,0
FINNIFTY28NOV2317500PE.NFO,2023-11-28,10:54:00,2023-11-28,0.2,0.2,0.2,0.2,2120,50120,0
FINNIFTY28NOV2317500PE.NFO,2023-11-28,10:55:00,2023-11-28,0.2,0.2,0.2,0.2,4760,50120,0
FINNIFTY28NOV2317500PE.NFO,2023-11-28,10:56:00,2023-11-28,0.15,0.25,0.15,0.15,7880,24520,0
FINNIFTY28NOV2317500PE.NFO,2023-11-28,10:57:00,2023-11-28,0.15,0.2,0.15,0.2,3040,24520,0
FINNIFTY28NOV2317500PE.NFO,2023-11-28,10:58:00,2023-11-28,0.2,0.2,0.2,0.2,440,24520,0
FINNIFTY28NOV2317500PE.NFO,2023-11-28,10:59:00,2023-11-28,0.2,0.2,0.15,0.15,1760,24520,0
FINNIFTY28NOV2317500PE.NFO,2023-11-28,11:00:00,2023-11-28,0.15,0.15,0.15,0.15,0,24520,0
FINNIFTY28NOV2317500PE.NFO,2023-11-28,11:01:00,2023-11-28,0.2,0.2,0.15,0.2,1240,19240,0
FINNIFTY28NOV2317500PE.NFO,2023-11-28,11:02:00,2023-11-28,0.2,0.2,0.2,0.2,0,19240,0
FINNIFTY28NOV2317500PE.NFO,2023-11-28,11:03:00,2023-11-28,0.2,0.2,0.2,0.2,0,19240,0
FINNIFTY28NOV2317500PE.NFO,2023-11-28,11:04:00,2023-11-28,0.2,0.2,0.15,0.15,1200,20040,0
FINNIFTY28NOV2317500PE.NFO,2023-11-28,11:05:00,2023-11-28,0.15,0.15,0.15,0.15,0,20040,0
FINNIFTY28NOV2317500PE.NFO,2023-11-28,11:06:00,2023-11-28,0.15,0.15,0.15,0.15,0,20040,0
FINNIFTY28NOV2317500PE.NFO,2023-11-28,11:07:00,2023-11-28,0.15,0.15,0.15,0.15,0,20040,0
FINNIFTY28NOV2317500PE.NFO,2023-11-28,11:08:00,2023-11-28,0.15,0.15,0.15,0.15,0,20040,1
FINNIFTY28NOV2317500PE.NFO,2023-11-28,11:09:00,2023-11-28,0.15,0.15,0.15,0.15,0,20040,1
FINNIFTY28NOV2317500PE.NFO,2023-11-28,11:10:00,2023-11-28,0.15,0.15,0.15,0.15,0,20040,0
FINNIFTY28NOV2317500PE.NFO,2023-11-28,11:11:00,2023-11-28,0.15,0.15,0.15,0.15,0,20040,0
FINNIFTY28NOV2317500PE.NFO,2023-11-28,11:12:00,2023-11-28,0.15,0.15,0.15,0.15,3440,21240,0
FINNIFTY28NOV2317500PE.NFO,2023-11-28,11:13:00,2023-11-28,0.15,0.15,0.15,0.15,0,21240,0
FINNIFTY28NOV2317500PE.NFO,2023-11-28,11:14:00,2023-11-28,0.15,0.15,0.15,0.15,0,21240,0
FINNIFTY28NOV2317500PE.NFO,2023-11-28,11:15:00,2023-11-28,0.15,0.15,0.15,0.15,160,18440,0
FINNIFTY28NOV2317500PE.NFO,2023-11-28,11:16:00,2023-11-28,0.15,0.15,0.15,0.15,0,18440,0
FINNIFTY28NOV2317500PE.NFO,2023-11-28,11:17:00,2023-11-28,0.15,0.15,0.15,0.15,0,18440,1
FINNIFTY28NOV2317500PE.NFO,2023-11-28,11:18:00,2023-11-28,0.15,0.15,0.15,0.15,0,18440,0
FINNIFTY28NOV2317500PE.NFO,2023-11-28,11:19:00,2023-11-28,0.15,0.15,0.15,0.15,600,18440,0
FINNIFTY28NOV2317500PE.NFO,2023-11-28,11:20:00,2023-11-28,0.15,0.15,0.15,0.15,0,18440,0
FINNIFTY28NOV2317500PE.NFO,2023-11-28,11:21:00,2023-11-28,0.15,0.15,0.15,0.15,0,18440,0
FINNIFTY28NOV2317500PE.NFO,2023-11-28,11:22:00,2023-11-28,0.15,0.15,0.15,0.15,200,18800,0
FINNIFTY28NOV2317500PE.NFO,2023-11-28,11:23:00,2023-11-28,0.15,0.15,0.15,0.15,200,18800,1
FINNIFTY28NOV2317500PE.NFO,2023-11-28,11:24:00,2023-11-28,0.15,0.15,0.15,0.15,160,18800,0
FINNIFTY28NOV2317500PE.NFO,2023-11-28,11:25:00,2023-11-28,0.15,0.15,0.15,0.15,0,18800,0
FINNIFTY28NOV2317500PE.NFO,2023-11-28,11:26:00,2023-11-28,0.15,0.15,0.15,0.15,0,18800,0
FINNIFTY28NOV2317500PE.NFO,2023-11-28,11:27:00,2023-11-28,0.15,0.15,0.15,0.15,0,18800,0
FINNIFTY28NOV2317500PE.NFO,2023-11-28,11:28:00,2023-11-28,0.15,0.15,0.15,0.15,400,18800,0
FINNIFTY28NOV2317500PE.NFO,2023-11-28,11:29:00,2023-11-28,0.15,0.15,0.15,0.15,0,18800,0
FINNIFTY28NOV2317500PE.NFO,2023-11-28,11:30:00,2023-11-28,0.15,0.15,0.15,0.15,0,18800,1
FINNIFTY28NOV2317500PE.NFO,2023-11-28,11:31:00,2023-11-28,0.15,0.15,0.15,0.15,1000,18400,0
FINNIFTY28NOV2317500PE.NFO,2023-11-28,11:32:00,2023-11-28,0.15,0.15,0.15,0.15,1000,18400,1
FINNIFTY28NOV2317500PE.NFO,2023-11-28,11:33:00,2023-11-28,0.15,0.15,0.15,0.15,1000,18400,1
FINNIFTY28NOV2317500PE.NFO,2023-11-28,11:34:00,2023-11-28,0.15,0.15,0.15,0.15,0,18400,0
FINNIFTY28NOV2317500PE.NFO,2023-11-28,11:35:00,2023-11-28,0.15,0.15,0.15,0.15,0,18400,0
FINNIFTY28NOV2317500PE.NFO,2023-11-28,11:36:00,2023-11-28,0.15,0.15,0.15,0.15,0,18400,1
FINNIFTY28NOV2317500PE.NFO,2023-11-28,11:37:00,2023-11-28,0.2,0.2,0.15,0.2,1120,19280,0
FINNIFTY28NOV2317500PE.NFO,2023-11-28,11:38:00,2023-11-28,0.2,0.2,0.2,0.2,400,19560,0
FINNIFTY28NOV2317500PE.NFO,2023-11-28,11:39:00,2023-11-28,0.2,0.2,0.15,0.15,600,19560,0
FINNIFTY28NOV2317500PE.NFO,2023-11-28,11:40:00,2023-11-28,0.15,0.15,0.15,0.15,0,19560,0
FINNIFTY28NOV2317500PE.NFO,2023-11-28,11:41:00,2023-11-28,0.15,0.15,0.15,0.15,1040,19560,0
FINNIFTY28NOV2317500PE.NFO,2023-11-28,11:42:00,2023-11-28,0.15,0.2,0.1,0.1,120,18440,0
FINNIFTY28NOV2317500PE.NFO,2023-11-28,11:43:00,2023-11-28,0.2,0.2,0.1,0.2,960,18440,0
FINNIFTY28NOV2317500PE.NFO,2023-11-28,11:44:00,2023-11-28,0.15,0.2,0.15,0.2,400,18880,0
FINNIFTY28NOV2317500PE.NFO,2023-11-28,11:45:00,2023-11-28,0.15,0.2,0.15,0.15,280,18880,0
FINNIFTY28NOV2317500PE.NFO,2023-11-28,11:46:00,2023-11-28,0.15,0.15,0.15,0.15,2840,18880,0
FINNIFTY28NOV2317500PE.NFO,2023-11-28,11:47:00,2023-11-28,0.15,0.2,0.15,0.15,2480,23880,0
FINNIFTY28NOV2317500PE.NFO,2023-11-28,11:48:00,2023-11-28,0.15,0.15,0.15,0.15,0,23880,0
FINNIFTY28NOV2317500PE.NFO,2023-11-28,11:49:00,2023-11-28,0.15,0.15,0.15,0.15,960,23880,0
FINNIFTY28NOV2317500PE.NFO,2023-11-28,11:50:00,2023-11-28,0.15,0.15,0.15,0.15,0,23880,0
FINNIFTY28NOV2317500PE.NFO,2023-11-28,11:51:00,2023-11-28,0.15,0.15,0.15,0.15,280,24360,0
FINNIFTY28NOV2317500PE.NFO,2023-11-28,11:52:00,2023-11-28,0.15,0.15,0.15,0.15,280,24360,1
FINNIFTY28NOV2317500PE.NFO,2023-11-28,11:53:00,2023-11-28,0.15,0.15,0.15,0.15,160,24360,0
FINNIFTY28NOV2317500PE.NFO,2023-11-28,11:54:00,2023-11-28,0.15,0.15,0.15,0.15,0,24360,0
FINNIFTY28NOV2317500PE.NFO,2023-11-28,11:55:00,2023-11-28,0.15,0.15,0.15,0.15,0,24360,1
FINNIFTY28NOV2317500PE.NFO,2023-11-28,11:56:00,2023-11-28,0.15,0.15,0.15,0.15,0,24360,0
FINNIFTY28NOV2317500PE.NFO,2023-11-28,11:57:00,2023-11-28,0.15,0.15,0.15,0.15,280,24640,0
FINNIFTY28NOV2317500PE.NFO,2023-11-28,11:58:00,2023-11-28,0.15,0.15,0.15,0.15,280,24640,1
FINNIFTY28NOV2317500PE.NFO,2023-11-28,11:59:00,2023-11-28,0.15,0.15,0.15,0.15,0,24640,0
FINNIFTY28NOV2317500PE.NFO,2023-11-28,12:00:00,2023-11-28,0.15,0.15,0.15,0.15,0,24640,0
FINNIFTY28NOV2317500PE.NFO,2023-11-28,12:01:00,2023-11-28,0.15,0.15,0.15,0.15,0,24640,0
FINNIFTY28NOV2317500PE.NFO,2023-11-28,12:02:00,2023-11-28,0.15,0.15,0.15,0.15,0,24640,0
FINNIFTY28NOV2317500PE.NFO,2023-11-28,12:03:00,2023-11-28,0.15,0.15,0.15,0.15,0,24640,1
FINNIFTY28NOV2317500PE.NFO,2023-11-28,12:04:00,2023-11-28,0.15,0.15,0.15,0.15,0,24640,0
FINNIFTY28NOV2317500PE.NFO,2023-11-28,12:05:00,2023-11-28,0.15,0.15,0.15,0.15,80,25520,0
FINNIFTY28NOV2317500PE.NFO,2023-11-28,12:06:00,2023-11-28,0.15,0.15,0.15,0.15,80,25520,1
FINNIFTY28NOV2317500PE.NFO,2023-11-28,12:07:00,2023-11-28,0.15,0.15,0.15,0.15,80,25520,1
FINNIFTY28NOV2317500PE.NFO,2023-11-28,12:08:00,2023-11-28,0.1,0.1,0.1,0.1,2680,25440,0
FINNIFTY28NOV2317500PE.NFO,2023-11-28,12:09:00,2023-11-28,0.1,0.1,0.1,0.1,2000,25440,0
FINNIFTY28NOV2317500PE.NFO,2023-11-28,12:10:00,2023-11-28,0.1,0.1,0.1,0.1,0,25440,0
FINNIFTY28NOV2317500PE.NFO,2023-11-28,12:11:00,2023-11-28,0.1,0.1,0.1,0.1,0,25440,0
FINNIFTY28NOV2317500PE.NFO,2023-11-28,12:12:00,2023-11-28,0.1,0.1,0.1,0.1,0,25440,1
FINNIFTY28NOV2317500PE.NFO,2023-11-28,12:13:00,2023-11-28,0.1,0.1,0.1,0.1,0,25440,1
FINNIFTY28NOV2317500PE.NFO,2023-11-28,12:14:00,2023-11-28,0.1,0.1,0.1,0.1,0,25440,1
FINNIFTY28NOV2317500PE.NFO,2023-11-28,12:15:00,2023-11-28,0.1,0.1,0.1,0.1,0,25440,1
FINNIFTY28NOV2317500PE.NFO,2023-11-28,12:16:00,2023-11-28,0.15,0.15,0.1,0.1,320,25440,0
FINNIFTY28NOV2317500PE.NFO,2023-11-28,12:17:00,2023-11-28,0.15,0.15,0.1,0.1,320,25440,0
FINNIFTY28NOV2317500PE.NFO,2023-11-28,12:18:00,2023-11-28,0.1,0.15,0.1,0.1,320,25440,0
FINNIFTY28NOV2317500PE.NFO,2023-11-28,12:19:00,2023-11-28,0.15,0.15,0.1,0.1,320,25440,0
FINNIFTY28NOV2317500PE.NFO,2023-11-28,12:20:00,2023-11-28,0.15,0.15,0.1,0.1,320,25440,0
FINNIFTY28NOV2317500PE.NFO,2023-11-28,12:21:00,2023-11-28,0.15,0.15,0.1,0.1,320,25440,0
FINNIFTY28NOV2317500PE.NFO,2023-11-28,12:22:00,2023-11-28,0.15,0.15,0.1,0.1,320,25440,0
FINNIFTY28NOV2317500PE.NFO,2023-11-28,12:23:00,2023-11-28,0.1,0.15,0.1,0.1,320,25440,0
FINNIFTY28NOV2317500PE.NFO,2023-11-28,12:24:00,2023-11-28,0.15,0.15,0.1,0.1,160,25440,0
FINNIFTY28NOV2317500PE.NFO,2023-11-28,12:25:00,2023-11-28,0.1,0.15,0.1,0.1,80,25440,0
FINNIFTY28NOV2317500PE.NFO,2023-11-28,12:26:00,2023-11-28,0.1,0.15,0.1,0.1,2600,25440,0
FINNIFTY28NOV2317500PE.NFO,2023-11-28,12:27:00,2023-11-28,0.1,0.1,0.1,0.1,0,25440,0
FINNIFTY28NOV2317500PE.NFO,2023-11-28,12:28:00,2023-11-28,0.1,0.1,0.1,0.1,0,25440,1
FINNIFTY28NOV2317500PE.NFO,2023-11-28,12:29:00,2023-11-28,0.1,0.1,0.1,0.1,0,25440,0
FINNIFTY28NOV2317500PE.NFO,2023-11-28,12:30:00,2023-11-28,0.1,0.1,0.1,0.1,0,25440,1
FINNIFTY28NOV2317500PE.NFO,2023-11-28,12:31:00,2023-11-28,0.1,0.1,0.1,0.1,0,25440,0
FINNIFTY28NOV2317500PE.NFO,2023-11-28,12:32:00,2023-11-28,0.15,0.15,0.15,0.15,0,25440,0
FINNIFTY28NOV2317500PE.NFO,2023-11-28,12:33:00,2023-11-28,0.15,0.15,0.15,0.15,360,25440,0
FINNIFTY28NOV2317500PE.NFO,2023-11-28,12:34:00,2023-11-28,0.15,0.15,0.15,0.15,800,25440,0
FINNIFTY28NOV2317500PE.NFO,2023-11-28,12:35:00,2023-11-28,0.15,0.15,0.1,0.1,520,25440,0
FINNIFTY28NOV2317500PE.NFO,2023-11-28,12:36:00,2023-11-28,0.15,0.15,0.1,0.1,160,25440,0
FINNIFTY28NOV2317500PE.NFO,2023-11-28,12:37:00,2023-11-28,0.15,0.15,0.1,0.1,320,25440,0
FINNIFTY28NOV2317500PE.NFO,2023-11-28,12:38:00,2023-11-28,0.1,0.15,0.1,0.1,320,25440,0
FINNIFTY28NOV2317500PE.NFO,2023-11-28,12:39:00,2023-11-28,0.15,0.15,0.1,0.1,440,25440,0
FINNIFTY28NOV2317500PE.NFO,2023-11-28,12:40:00,2023-11-28,0.15,0.15,0.15,0.15,280,25440,0
FINNIFTY28NOV2317500PE.NFO,2023-11-28,12:41:00,2023-11-28,0.15,0.15,0.15,0.15,400,25440,0
FINNIFTY28NOV2317500PE.NFO,2023-11-28,12:42:00,2023-11-28,0.15,0.15,0.15,0.15,3400,25440,0
FINNIFTY28NOV2317500PE.NFO,2023-11-28,12:43:00,2023-11-28,0.15,0.15,0.15,0.15,1160,25440,0
FINNIFTY28NOV2317500PE.NFO,2023-11-28,12:44:00,2023-11-28,0.15,0.15,0.15,0.15,1160,23760,0
FINNIFTY28NOV2317500PE.NFO,2023-11-28,12:45:00,2023-11-28,0.15,0.15,0.15,0.15,1280,23760,0
FINNIFTY28NOV2317500PE.NFO,2023-11-28,12:46:00,2023-11-28,0.15,0.15,0.1,0.1,440,23760,0
FINNIFTY28NOV2317500PE.NFO,2023-11-28,12:47:00,2023-11-28,0.1,0.15,0.1,0.15,2080,23760,0
FINNIFTY28NOV2317500PE.NFO,2023-11-28,12:48:00,2023-11-28,0.1,0.15,0.1,0.1,2080,23640,0
FINNIFTY28NOV2317500PE.NFO,2023-11-28,12:49:00,2023-11-28,0.1,0.15,0.1,0.15,1320,23640,0
FINNIFTY28NOV2317500PE.NFO,2023-11-28,12:50:00,2023-11-28,0.15,0.15,0.15,0.15,0,23640,0
FINNIFTY28NOV2317500PE.NFO,2023-11-28,12:51:00,2023-11-28,0.15,0.15,0.15,0.15,840,22600,0
FINNIFTY28NOV2317500PE.NFO,2023-11-28,12:52:00,2023-11-28,0.15,0.15,0.15,0.15,0,22600,0
FINNIFTY28NOV2317500PE.NFO,2023-11-28,12:53:00,2023-11-28,0.15,0.15,0.1,0.15,120,22000,0
FINNIFTY28NOV2317500PE.NFO,2023-11-28,12:54:00,2023-11-28,0.1,0.15,0.1,0.1,280,22000,0
FINNIFTY28NOV2317500PE.NFO,2023-11-28,12:55:00,2023-11-28,0.15,0.15,0.1,0.1,320,22000,0
FINNIFTY28NOV2317500PE.NFO,2023-11-28,12:56:00,2023-11-28,0.15,0.15,0.1,0.15,240,22120,0
FINNIFTY28NOV2317500PE.NFO,2023-11-28,12:57:00,2023-11-28,0.1,0.15,0.1,0.1,320,22120,0
FINNIFTY28NOV2317500PE.NFO,2023-11-28,12:58:00,2023-11-28,0.1,0.15,0.1,0.1,360,22120,0
FINNIFTY28NOV2317500PE.NFO,2023-11-28,12:59:00,2023-11-28,0.1,0.15,0.1,0.1,320,22120,0
FINNIFTY28NOV2317500PE.NFO,2023-11-28,13:00:00,2023-11-28,0.1,0.15,0.1,0.1,320,22600,0
FINNIFTY28NOV2317500PE.NFO,2023-11-28,13:01:00,2023-11-28,0.15,0.15,0.1,0.1,320,22600,0
FINNIFTY28NOV2317500PE.NFO,2023-11-28,13:02:00,2023-11-28,0.1,0.1,0.1,0.1,320,22600,1
FINNIFTY28NOV2317500PE.NFO,2023-11-28,13:03:00,2023-11-28,0.1,0.1,0.1,0.1,0,22600,0
FINNIFTY28NOV2317500PE.NFO,2023-11-28,13:04:00,2023-11-28,0.15,0.15,0.15,0.15,120,22920,0
FINNIFTY28NOV2317500PE.NFO,2023-11-28,13:05:00,2023-11-28,0.15,0.15,0.15,0.15,120,22920,1
FINNIFTY28NOV2317500PE.NFO,2023-11-28,13:06:00,2023-11-28,0.15,0.15,0.1,0.1,280,23040,0
FINNIFTY28NOV2317500PE.NFO,2023-11-28,13:07:00,2023-11-28,0.15,0.15,0.1,0.1,160,23040,0
FINNIFTY28NOV2317500PE.NFO,2023-11-28,13:08:00,2023-11-28,0.1,0.1,0.1,0.1,200,23040,0
FINNIFTY28NOV2317500PE.NFO,2023-11-28,13:09:00,2023-11-28,0.1,0.15,0.1,0.15,2120,23520,0
FINNIFTY28NOV2317500PE.NFO,2023-11-28,13:10:00,2023-11-28,0.15,0.15,0.15,0.15,0,23520,0
FINNIFTY28NOV2317500PE.NFO,2023-11-28,13:11:00,2023-11-28,0.15,0.15,0.15,0.15,0,23520,1
FINNIFTY28NOV2317500PE.NFO,2023-11-28,13:12:00,2023-11-28,0.1,0.1,0.1,0.1,200,23800,0
FINNIFTY28NOV2317500PE.NFO,2023-11-28,13:13:00,2023-11-28,0.1,0.1,0.1,0.1,200,23800,1
FINNIFTY28NOV2317500PE.NFO,2023-11-28,13:14:00,2023-11-28,0.15,0.15,0.15,0.15,240,23800,0
FINNIFTY28NOV2317500PE.NFO,2023-11-28,13:15:00,2023-11-28,0.15,0.15,0.15,0.15,360,24000,0
FINNIFTY28NOV2317500PE.NFO,2023-11-28,13:16:00,2023-11-28,0.1,0.1,0.1,0.1,560,24000,0
FINNIFTY28NOV2317500PE.NFO,2023-11-28,13:17:00,2023-11-28,0.1,0.1,0.1,0.1,1440,24000,0
FINNIFTY28NOV2317500PE.NFO,2023-11-28,13:18:00,2023-11-28,0.1,0.1,0.1,0.1,640,24000,0
FINNIFTY28NOV2317500PE.NFO,2023-11-28,13:19:00,2023-11-28,0.15,0.15,0.15,0.15,400,24000,0
FINNIFTY28NOV2317500PE.NFO,2023-11-28,13:20:00,2023-11-28,0.15,0.15,0.15,0.15,1120,24000,0
FINNIFTY28NOV2317500PE.NFO,2023-11-28,13:21:00,2023-11-28,0.15,0.15,0.15,0.15,0,24000,0
FINNIFTY28NOV2317500PE.NFO,2023-11-28,13:22:00,2023-11-28,0.15,0.15,0.15,0.15,240,24000,0
FINNIFTY28NOV2317500PE.NFO,2023-11-28,13:23:00,2023-11-28,0.15,0.15,0.1,0.1,1160,24000,0
FINNIFTY28NOV2317500PE.NFO,2023-11-28,13:24:00,2023-11-28,0.1,0.15,0.1,0.15,1560,24000,0
FINNIFTY28NOV2317500PE.NFO,2023-11-28,13:25:00,2023-11-28,0.15,0.15,0.15,0.15,960,24000,0
FINNIFTY28NOV2317500PE.NFO,2023-11-28,13:26:00,2023-11-28,0.15,0.15,0.15,0.15,120,24000,0
FINNIFTY28NOV2317500PE.NFO,2023-11-28,13:27:00,2023-11-28,0.15,0.15,0.15,0.15,120,24000,0
FINNIFTY28NOV2317500PE.NFO,2023-11-28,13:28:00,2023-11-28,0.15,0.15,0.15,0.15,120,24000,0
FINNIFTY28NOV2317500PE.NFO,2023-11-28,13:29:00,2023-11-28,0.15,0.15,0.15,0.15,120,24000,1
FINNIFTY28NOV2317500PE.NFO,2023-11-28,13:30:00,2023-11-28,0.15,0.15,0.15,0.15,120,24000,0
FINNIFTY28NOV2317500PE.NFO,2023-11-28,13:31:00,2023-11-28,0.15,0.15,0.15,0.15,520,24000,0
FINNIFTY28NOV2317500PE.NFO,2023-11-28,13:32:00,2023-11-28,0.15,0.15,0.15,0.15,120,24000,0
FINNIFTY28NOV2317500PE.NFO,2023-11-28,13:33:00,2023-11-28,0.1,0.1,0.1,0.1,1280,23600,0
FINNIFTY28NOV2317500PE.NFO,2023-11-28,13:34:00,2023-11-28,0.1,0.1,0.1,0.1,1280,23600,1
FINNIFTY28NOV2317500PE.NFO,2023-11-28,13:35:00,2023-11-28,0.1,0.1,0.1,0.1,1280,23600,1
FINNIFTY28NOV2317500PE.NFO,2023-11-28,13:36:00,2023-11-28,0.1,0.1,0.1,0.1,1280,23600,1
FINNIFTY28NOV2317500PE.NFO,2023-11-28,13:37:00,2023-11-28,0.1,0.1,0.1,0.1,1280,23600,1
FINNIFTY28NOV2317500PE.NFO,2023-11-28,13:38:00,2023-11-28,0.1,0.1,0.1,0.1,1280,23600,1
FINNIFTY28NOV2317500PE.NFO,2023-11-28,13:39:00,2023-11-28,0.1,0.1,0.1,0.1,0,23600,0
FINNIFTY28NOV2317500PE.NFO,2023-11-28,13:40:00,2023-11-28,0.1,0.1,0.1,0.1,0,23600,1
FINNIFTY28NOV2317500PE.NFO,2023-11-28,13:41:00,2023-11-28,0.15,0.15,0.15,0.15,120,23600,0
FINNIFTY28NOV2317500PE.NFO,2023-11-28,13:42:00,2023-11-28,0.15,0.15,0.15,0.15,0,23600,0
FINNIFTY28NOV2317500PE.NFO,2023-11-28,13:43:00,2023-11-28,0.15,0.15,0.15,0.15,0,23600,0
FINNIFTY28NOV2317500PE.NFO,2023-11-28,13:44:00,2023-11-28,0.15,0.15,0.15,0.15,0,23600,1
FINNIFTY28NOV2317500PE.NFO,2023-11-28,13:45:00,2023-11-28,0.15,0.15,0.15,0.15,0,23600,1
FINNIFTY28NOV2317500PE.NFO,2023-11-28,13:46:00,2023-11-28,0.15,0.15,0.15,0.15,120,23600,0
FINNIFTY28NOV2317500PE.NFO,2023-11-28,13:47:00,2023-11-28,0.15,0.15,0.15,0.15,120,23600,1
FINNIFTY28NOV2317500PE.NFO,2023-11-28,13:48:00,2023-11-28,0.15,0.15,0.15,0.15,120,23600,1
FINNIFTY28NOV2317500PE.NFO,2023-11-28,13:49:00,2023-11-28,0.15,0.15,0.15,0.15,120,23600,1
FINNIFTY28NOV2317500PE.NFO,2023-11-28,13:50:00,2023-11-28,0.1,0.1,0.1,0.1,2200,23600,0
FINNIFTY28NOV2317500PE.NFO,2023-11-28,13:51:00,2023-11-28,0.1,0.1,0.1,0.1,0,23600,0
FINNIFTY28NOV2317500PE.NFO,2023-11-28,13:52:00,2023-11-28,0.15,0.15,0.15,0.15,120,23600,0
FINNIFTY28NOV2317500PE.NFO,2023-11-28,13:53:00,2023-11-28,0.15,0.15,0.15,0.15,0,23600,0
FINNIFTY28NOV2317500PE.NFO,2023-11-28,13:54:00,2023-11-28,0.15,0.15,0.15,0.15,40,23600,0
FINNIFTY28NOV2317500PE.NFO,2023-11-28,13:55:00,2023-11-28,0.1,0.1,0.1,0.1,3640,23600,0
FINNIFTY28NOV2317500PE.NFO,2023-11-28,13:56:00,2023-11-28,0.1,0.1,0.1,0.1,0,23600,0
FINNIFTY28NOV2317500PE.NFO,2023-11-28,13:57:00,2023-11-28,0.1,0.1,0.1,0.1,80,21720,0
FINNIFTY28NOV2317500PE.NFO,2023-11-28,13:58:00,2023-11-28,0.1,0.1,0.1,0.1,80,21720,1
FINNIFTY28NOV2317500PE.NFO,2023-11-28,13:59:00,2023-11-28,0.1,0.1,0.1,0.1,0,21720,0
FINNIFTY28NOV2317500PE.NFO,2023-11-28,14:00:00,2023-11-28,0.1,0.1,0.1,0.1,440,21720,0
FINNIFTY28NOV2317500PE.NFO,2023-11-28,14:01:00,2023-11-28,0.1,0.15,0.1,0.1,8640,21720,0
FINNIFTY28NOV2317500PE.NFO,2023-11-28,14:02:00,2023-11-28,0.1,0.15,0.1,0.15,1680,21720,0
FINNIFTY28NOV2317500PE.NFO,2023-11-28,14:03:00,2023-11-28,0.15,0.15,0.15,0.15,2040,18120,0
FINNIFTY28NOV2317500PE.NFO,2023-11-28,14:04:00,2023-11-28,0.15,0.15,0.1,0.15,1360,18120,0
FINNIFTY28NOV2317500PE.NFO,2023-11-28,14:05:00,2023-11-28,0.15,0.15,0.1,0.1,3360,18120,0
FINNIFTY28NOV2317500PE.NFO,2023-11-28,14:06:00,2023-11-28,0.1,0.1,0.1,0.1,1520,18120,0
FINNIFTY28NOV2317500PE.NFO,2023-11-28,14:07:00,2023-11-28,0.1,0.1,0.1,0.1,1520,18120,1
FINNIFTY28NOV2317500PE.NFO,2023-11-28,14:08:00,2023-11-28,0.1,0.1,0.1,0.1,40,18120,0
FINNIFTY28NOV2317500PE.NFO,2023-11-28,14:09:00,2023-11-28,0.1,0.1,0.1,0.1,0,18120,0
FINNIFTY28NOV2317500PE.NFO,2023-11-28,14:10:00,2023-11-28,0.1,0.1,0.1,0.1,0,18120,0
FINNIFTY28NOV2317500PE.NFO,2023-11-28,14:11:00,2023-11-28,0.15,0.15,0.15,0.15,2080,18120,0
FINNIFTY28NOV2317500PE.NFO,2023-11-28,14:12:00,2023-11-28,0.15,0.15,0.1,0.15,2640,18120,0
FINNIFTY28NOV2317500PE.NFO,2023-11-28,14:13:00,2023-11-28,0.15,0.15,0.1,0.15,1280,18120,0
FINNIFTY28NOV2317500PE.NFO,2023-11-28,14:14:00,2023-11-28,0.15,0.15,0.15,0.15,240,18120,0
FINNIFTY28NOV2317500PE.NFO,2023-11-28,14:15:00,2023-11-28,0.15,0.15,0.15,0.15,680,18200,0
FINNIFTY28NOV2317500PE.NFO,2023-11-28,14:16:00,2023-11-28,0.15,0.15,0.15,0.15,1760,18200,0
FINNIFTY28NOV2317500PE.NFO,2023-11-28,14:17:00,2023-11-28,0.15,0.15,0.1,0.1,800,18200,0
FINNIFTY28NOV2317500PE.NFO,2023-11-28,14:18:00,2023-11-28,0.1,0.15,0.1,0.15,120,18400,0
FINNIFTY28NOV2317500PE.NFO,2023-11-28,14:19:00,2023-11-28,0.15,0.15,0.15,0.15,360,18400,0
FINNIFTY28NOV2317500PE.NFO,2023-11-28,14:20:00,2023-11-28,0.1,0.15,0.1,0.15,600,18400,0
FINNIFTY28NOV2317500PE.NFO,2023-11-28,14:21:00,2023-11-28,0.15,0.15,0.1,0.15,1640,18400,0
FINNIFTY28NOV2317500PE.NFO,2023-11-28,14:22:00,2023-11-28,0.15,0.15,0.15,0.15,1840,18400,0
FINNIFTY28NOV2317500PE.NFO,2023-11-28,14:23:00,2023-11-28,0.15,0.15,0.15,0.15,0,18400,0
FINNIFTY28NOV2317500PE.NFO,2023-11-28,14:24:00,2023-11-28,0.15,0.15,0.1,0.1,2880,20400,0
FINNIFTY28NOV2317500PE.NFO,2023-11-28,14:25:00,2023-11-28,0.1,0.1,0.1,0.1,240,20400,0
FINNIFTY28NOV2317500PE.NFO,2023-11-28,14:26:00,2023-11-28,0.1,0.1,0.1,0.1,40,20400,0
FINNIFTY28NOV2317500PE.NFO,2023-11-28,14:27:00,2023-11-28,0.1,0.1,0.1,0.1,200,20400,0
FINNIFTY28NOV2317500PE.NFO,2023-11-28,14:28:00,2023-11-28,0.1,0.1,0.1,0.1,0,20400,0
FINNIFTY28NOV2317500PE.NFO,2023-11-28,14:29:00,2023-11-28,0.1,0.1,0.1,0.1,0,20400,0
FINNIFTY28NOV2317500PE.NFO,2023-11-28,14:30:00,2023-11-28,0.1,0.1,0.1,0.1,600,23520,0
FINNIFTY28NOV2317500PE.NFO,2023-11-28,14:31:00,2023-11-28,0.1,0.1,0.1,0.1,0,23520,0
FINNIFTY28NOV2317500PE.NFO,2023-11-28,14:32:00,2023-11-28,0.1,0.1,0.1,0.1,0,23520,0
FINNIFTY28NOV2317500PE.NFO,2023-11-28,14:33:00,2023-11-28,0.1,0.1,0.1,0.1,120,23960,0
FINNIFTY28NOV2317500PE.NFO,2023-11-28,14:34:00,2023-11-28,0.1,0.1,0.1,0.1,0,23960,0
FINNIFTY28NOV2317500PE.NFO,2023-11-28,14:35:00,2023-11-28,0.1,0.1,0.1,0.1,0,23960,1
FINNIFTY28NOV2317500PE.NFO,2023-11-28,14:36:00,2023-11-28,0.1,0.1,0.1,0.1,0,23960,1
FINNIFTY28NOV2317500PE.NFO,2023-11-28,14:37:00,2023-11-28,0.1,0.1,0.1,0.1,1920,23840,0
FINNIFTY28NOV2317500PE.NFO,2023-11-28,14:38:00,2023-11-28,0.1,0.1,0.1,0.1,0,23840,0
FINNIFTY28NOV2317500PE.NFO,2023-11-28,14:39:00,2023-11-28,0.1,0.1,0.1,0.1,0,23840,0
FINNIFTY28NOV2317500PE.NFO,2023-11-28,14:40:00,2023-11-28,0.1,0.1,0.1,0.1,0,23840,0
FINNIFTY28NOV2317500PE.NFO,2023-11-28,14:41:00,2023-11-28,0.1,0.1,0.1,0.1,0,23840,0
FINNIFTY28NOV2317500PE.NFO,2023-11-28,14:42:00,2023-11-28,0.1,0.1,0.1,0.1,0,23840,0
FINNIFTY28NOV2317500PE.NFO,2023-11-28,14:43:00,2023-11-28,0.1,0.1,0.1,0.1,0,23840,0
FINNIFTY28NOV2317500PE.NFO,2023-11-28,14:44:00,2023-11-28,0.1,0.1,0.1,0.1,0,23840,0
FINNIFTY28NOV2317500PE.NFO,2023-11-28,14:45:00,2023-11-28,0.1,0.1,0.1,0.1,0,23840,1
FINNIFTY28NOV2317500PE.NFO,2023-11-28,14:46:00,2023-11-28,0.1,0.1,0.1,0.1,0,23840,1
FINNIFTY28NOV2317500PE.NFO,2023-11-28,14:47:00,2023-11-28,0.1,0.1,0.1,0.1,0,23840,1
FINNIFTY28NOV2317500PE.NFO,2023-11-28,14:48:00,2023-11-28,0.1,0.1,0.1,0.1,0,23840,1
FINNIFTY28NOV2317500PE.NFO,2023-11-28,14:49:00,2023-11-28,0.05,0.05,0.05,0.05,0,23000,0
FINNIFTY28NOV2317500PE.NFO,2023-11-28,14:50:00,2023-11-28,0.05,0.05,0.05,0.05,1000,23000,0
FINNIFTY28NOV2317500PE.NFO,2023-11-28,14:51:00,2023-11-28,0.05,0.05,0.05,0.05,200,23000,0
FINNIFTY28NOV2317500PE.NFO,2023-11-28,14:52:00,2023-11-28,0.05,0.05,0.05,0.05,200,23000,0
FINNIFTY28NOV2317500PE.NFO,2023-11-28,14:53:00,2023-11-28,0.05,0.05,0.05,0.05,5000,23000,0
FINNIFTY28NOV2317500PE.NFO,2023-11-28,14:54:00,2023-11-28,0.05,0.05,0.05,0.05,11960,23000,0
FINNIFTY28NOV2317500PE.NFO,2023-11-28,14:55:00,2023-11-28,0.05,0.05,0.05,0.05,0,23000,0
FINNIFTY28NOV2317500PE.NFO,2023-11-28,14:56:00,2023-11-28,0.05,0.05,0.05,0.05,0,23000,1
FINNIFTY28NOV2317500PE.NFO,2023-11-28,14:57:00,2023-11-28,0.05,0.05,0.05,0.05,0,23000,1
FINNIFTY28NOV2317500PE.NFO,2023-11-28,14:58:00,2023-11-28,0.05,0.05,0.05,0.05,0,23000,0
FINNIFTY28NOV2317500PE.NFO,2023-11-28,14:59:00,2023-11-28,0.05,0.05,0.05,0.05,0,23000,1
FINNIFTY28NOV2317500PE.NFO,2023-11-28,15:00:00,2023-11-28,0.05,0.05,0.05,0.05,0,23000,0
FINNIFTY28NOV2317500PE.NFO,2023-11-28,15:01:00,2023-11-28,0.05,0.05,0.05,0.05,0,23000,1
FINNIFTY28NOV2317500PE.NFO,2023-11-28,15:02:00,2023-11-28,0.05,0.05,0.05,0.05,0,23000,0
FINNIFTY28NOV2317500PE.NFO,2023-11-28,15:03:00,2023-11-28,0.05,0.05,0.05,0.05,0,23000,1
FINNIFTY28NOV2317500PE.NFO,2023-11-28,15:04:00,2023-11-28,0.05,0.05,0.05,0.05,0,23000,0
FINNIFTY28NOV2317500PE.NFO,2023-11-28,15:05:00,2023-11-28,0.05,0.05,0.05,0.05,0,23000,0
FINNIFTY28NOV2317500PE.NFO,2023-11-28,15:06:00,2023-11-28,0.05,0.05,0.05,0.05,0,23000,0
FINNIFTY28NOV2317500PE.NFO,2023-11-28,15:07:00,2023-11-28,0.05,0.05,0.05,0.05,800,16800,0
FINNIFTY28NOV2317500PE.NFO,2023-11-28,15:08:00,2023-11-28,0.05,0.05,0.05,0.05,0,16800,0
FINNIFTY28NOV2317500PE.NFO,2023-11-28,15:09:00,2023-11-28,0.05,0.05,0.05,0.05,0,16800,0
FINNIFTY28NOV2317500PE.NFO,2023-11-28,15:10:00,2023-11-28,0.05,0.05,0.05,0.05,200,16000,0
FINNIFTY28NOV2317500PE.NFO,2023-11-28,15:11:00,2023-11-28,0.05,0.05,0.05,0.05,0,16000,0
FINNIFTY28NOV2317500PE.NFO,2023-11-28,15:12:00,2023-11-28,0.05,0.05,0.05,0.05,800,15800,0
FINNIFTY28NOV2317500PE.NFO,2023-11-28,15:13:00,2023-11-28,0.05,0.05,0.05,0.05,800,15800,1
FINNIFTY28NOV2317500PE.NFO,2023-11-28,15:14:00,2023-11-28,0.05,0.05,0.05,0.05,800,15800,1
FINNIFTY28NOV2317500PE.NFO,2023-11-28,15:15:00,2023-11-28,0.05,0.05,0.05,0.05,800,15800,1
FINNIFTY28NOV2317500PE.NFO,2023-11-28,15:16:00,2023-11-28,0.05,0.05,0.05,0.05,800,15800,1
FINNIFTY28NOV2317500PE.NFO,2023-11-28,15:17:00,2023-11-28,0.05,0.05,0.05,0.05,800,15800,1
FINNIFTY28NOV2317500PE.NFO,2023-11-28,15:18:00,2023-11-28,0.05,0.05,0.05,0.05,800,15800,1
FINNIFTY28NOV2317500PE.NFO,2023-11-28,15:19:00,2023-11-28,0.05,0.05,0.05,0.05,0,15800,0
FINNIFTY28NOV2317500PE.NFO,2023-11-28,15:20:00,2023-11-28,0.05,0.05,0.05,0.05,0,15800,1
FINNIFTY28NOV2317500PE.NFO,2023-11-28,15:21:00,2023-11-28,0.05,0.05,0.05,0.05,0,15800,1
FINNIFTY28NOV2317500PE.NFO,2023-11-28,15:22:00,2023-11-28,0.05,0.05,0.05,0.05,0,15800,0
FINNIFTY28NOV2317500PE.NFO,2023-11-28,15:23:00,2023-11-28,0.05,0.05,0.05,0.05,0,15800,0
FINNIFTY28NOV2317500PE.NFO,2023-11-28,15:24:00,2023-11-28,0.05,0.05,0.05,0.05,1080,15200,0
FINNIFTY28NOV2317500PE.NFO,2023-11-28,15:25:00,2023-11-28,0.05,0.05,0.05,0.05,400,15200,0
FINNIFTY28NOV2317500PE.NFO,2023-11-28,15:26:00,2023-11-28,0.05,0.05,0.05,0.05,160,15200,0
FINNIFTY28NOV2317500PE.NFO,2023-11-28,15:27:00,2023-11-28,0.05,0.05,0.05,0.05,0,15200,0
FINNIFTY28NOV2317500PE.NFO,2023-11-28,15:28:00,2023-11-28,0.05,0.05,0.05,0.05,0,15200,0
FINNIFTY28NOV2317500PE.NFO,2023-11-28,15:29:00,2023-11-28,0.05,0.05,0.05,0.05,0,15200,0
FINNIFTY28NOV2317500PE.NFO,2023-11-28,15:30:00,2023-11-28,0.05,0.05,0.05,0.05,0,15200,1
