Ticker,Date,Time,Expiry Date,Open,High,Low,Close,Volume,Open Interest,Padding Flag
FINNIFTY30DEC2527400CE.NFO,2025-11-25,09:15:00,2025-12-30,544.25,544.25,544.25,544.25,0,0,1
FINNIFTY30DEC2527400CE.NFO,2025-11-25,09:16:00,2025-12-30,544.25,544.25,544.25,544.25,0,0,1
FINNIFTY30DEC2527400CE.NFO,2025-11-25,09:17:00,2025-12-30,544.25,544.25,544.25,544.25,0,0,1
FINNIFTY30DEC2527400CE.NFO,2025-11-25,09:18:00,2025-12-30,544.25,544.25,544.25,544.25,0,0,1
FINNIFTY30DEC2527400CE.NFO,2025-11-25,09:19:00,2025-12-30,544.25,544.25,544.25,544.25,0,0,1
FINNIFTY30DEC2527400CE.NFO,2025-11-25,09:20:00,2025-12-30,544.25,544.25,544.25,544.25,0,0,1
FINNIFTY30DEC2527400CE.NFO,2025-11-25,09:21:00,2025-12-30,544.25,544.25,544.25,544.25,0,0,1
FINNIFTY30DEC2527400CE.NFO,2025-11-25,09:22:00,2025-12-30,544.25,544.25,544.25,544.25,0,0,1
FINNIFTY30DEC2527400CE.NFO,2025-11-25,09:23:00,2025-12-30,544.25,544.25,544.25,544.25,0,0,1
FINNIFTY30DEC2527400CE.NFO,2025-11-25,09:24:00,2025-12-30,544.25,544.25,544.25,544.25,0,0,1
FINNIFTY30DEC2527400CE.NFO,2025-11-25,09:25:00,2025-12-30,544.25,544.25,544.25,544.25,0,0,1
FINNIFTY30DEC2527400CE.NFO,2025-11-25,09:26:00,2025-12-30,544.25,544.25,544.25,544.25,0,0,1
FINNIFTY30DEC2527400CE.NFO,2025-11-25,09:27:00,2025-12-30,544.25,544.25,544.25,544.25,0,0,1
FINNIFTY30DEC2527400CE.NFO,2025-11-25,09:28:00,2025-12-30,544.25,544.25,544.25,544.25,0,0,1
FINNIFTY30DEC2527400CE.NFO,2025-11-25,09:29:00,2025-12-30,544.25,544.25,544.25,544.25,0,0,1
FINNIFTY30DEC2527400CE.NFO,2025-11-25,09:30:00,2025-12-30,544.25,544.25,544.25,544.25,0,0,1
FINNIFTY30DEC2527400CE.NFO,2025-11-25,09:31:00,2025-12-30,544.25,544.25,544.25,544.25,0,0,1
FINNIFTY30DEC2527400CE.NFO,2025-11-25,09:32:00,2025-12-30,544.25,544.25,544.25,544.25,0,0,1
FINNIFTY30DEC2527400CE.NFO,2025-11-25,09:33:00,2025-12-30,544.25,544.25,544.25,544.25,0,0,1
FINNIFTY30DEC2527400CE.NFO,2025-11-25,09:34:00,2025-12-30,544.25,544.25,544.25,544.25,0,0,1
FINNIFTY30DEC2527400CE.NFO,2025-11-25,09:35:00,2025-12-30,544.25,544.25,544.25,544.25,0,0,1
FINNIFTY30DEC2527400CE.NFO,2025-11-25,09:36:00,2025-12-30,544.25,544.25,544.25,544.25,0,0,1
FINNIFTY30DEC2527400CE.NFO,2025-11-25,09:37:00,2025-12-30,544.25,544.25,544.25,544.25,0,0,1
FINNIFTY30DEC2527400CE.NFO,2025-11-25,09:38:00,2025-12-30,544.25,544.25,544.25,544.25,0,0,1
FINNIFTY30DEC2527400CE.NFO,2025-11-25,09:39:00,2025-12-30,544.25,544.25,544.25,544.25,0,0,1
FINNIFTY30DEC2527400CE.NFO,2025-11-25,09:40:00,2025-12-30,544.25,544.25,544.25,544.25,0,0,1
FINNIFTY30DEC2527400CE.NFO,2025-11-25,09:41:00,2025-12-30,544.25,544.25,544.25,544.25,0,0,1
FINNIFTY30DEC2527400CE.NFO,2025-11-25,09:42:00,2025-12-30,544.25,544.25,544.25,544.25,0,0,1
FINNIFTY30DEC2527400CE.NFO,2025-11-25,09:43:00,2025-12-30,544.25,544.25,544.25,544.25,0,0,1
FINNIFTY30DEC2527400CE.NFO,2025-11-25,09:44:00,2025-12-30,544.25,544.25,544.25,544.25,0,0,1
FINNIFTY30DEC2527400CE.NFO,2025-11-25,09:45:00,2025-12-30,544.25,544.25,544.25,544.25,0,0,1
FINNIFTY30DEC2527400CE.NFO,2025-11-25,09:46:00,2025-12-30,544.25,544.25,544.25,544.25,0,0,1
FINNIFTY30DEC2527400CE.NFO,2025-11-25,09:47:00,2025-12-30,544.25,544.25,544.25,544.25,0,0,1
FINNIFTY30DEC2527400CE.NFO,2025-11-25,09:48:00,2025-12-30,544.25,544.25,544.25,544.25,0,0,1
FINNIFTY30DEC2527400CE.NFO,2025-11-25,09:49:00,2025-12-30,544.25,544.25,544.25,544.25,0,0,1
FINNIFTY30DEC2527400CE.NFO,2025-11-25,09:50:00,2025-12-30,544.25,544.25,544.25,544.25,0,0,1
FINNIFTY30DEC2527400CE.NFO,2025-11-25,09:51:00,2025-12-30,544.25,544.25,544.25,544.25,0,0,1
FINNIFTY30DEC2527400CE.NFO,2025-11-25,09:52:00,2025-12-30,544.25,544.25,544.25,544.25,0,0,1
FINNIFTY30DEC2527400CE.NFO,2025-11-25,09:53:00,2025-12-30,544.25,544.25,544.25,544.25,0,0,1
FINNIFTY30DEC2527400CE.NFO,2025-11-25,09:54:00,2025-12-30,544.25,544.25,544.25,544.25,0,0,1
FINNIFTY30DEC2527400CE.NFO,2025-11-25,09:55:00,2025-12-30,544.25,544.25,544.25,544.25,0,0,1
FINNIFTY30DEC2527400CE.NFO,2025-11-25,09:56:00,2025-12-30,544.25,544.25,544.25,544.25,0,0,1
FINNIFTY30DEC2527400CE.NFO,2025-11-25,09:57:00,2025-12-30,544.25,544.25,544.25,544.25,0,0,1
FINNIFTY30DEC2527400CE.NFO,2025-11-25,09:58:00,2025-12-30,544.25,544.25,544.25,544.25,0,0,1
FINNIFTY30DEC2527400CE.NFO,2025-11-25,09:59:00,2025-12-30,544.25,544.25,544.25,544.25,0,0,1
FINNIFTY30DEC2527400CE.NFO,2025-11-25,10:00:00,2025-12-30,544.25,544.25,544.25,544.25,0,0,1
FINNIFTY30DEC2527400CE.NFO,2025-11-25,10:01:00,2025-12-30,544.25,544.25,544.25,544.25,0,0,1
FINNIFTY30DEC2527400CE.NFO,2025-11-25,10:02:00,2025-12-30,544.25,544.25,544.25,544.25,0,0,1
FINNIFTY30DEC2527400CE.NFO,2025-11-25,10:03:00,2025-12-30,544.25,544.25,544.25,544.25,0,0,1
FINNIFTY30DEC2527400CE.NFO,2025-11-25,10:04:00,2025-12-30,544.25,544.25,544.25,544.25,0,0,1
FINNIFTY30DEC2527400CE.NFO,2025-11-25,10:05:00,2025-12-30,544.25,544.25,544.25,544.25,0,0,1
FINNIFTY30DEC2527400CE.NFO,2025-11-25,10:06:00,2025-12-30,544.25,544.25,544.25,544.25,0,0,1
FINNIFTY30DEC2527400CE.NFO,2025-11-25,10:07:00,2025-12-30,544.25,544.25,544.25,544.25,0,0,1
FINNIFTY30DEC2527400CE.NFO,2025-11-25,10:08:00,2025-12-30,544.25,544.25,544.25,544.25,0,0,1
FINNIFTY30DEC2527400CE.NFO,2025-11-25,10:09:00,2025-12-30,544.25,544.25,544.25,544.25,0,0,1
FINNIFTY30DEC2527400CE.NFO,2025-11-25,10:10:00,2025-12-30,544.25,544.25,544.25,544.25,0,0,1
FINNIFTY30DEC2527400CE.NFO,2025-11-25,10:11:00,2025-12-30,544.25,544.25,544.25,544.25,0,0,1
FINNIFTY30DEC2527400CE.NFO,2025-11-25,10:12:00,2025-12-30,544.25,544.25,544.25,544.25,0,0,1
FINNIFTY30DEC2527400CE.NFO,2025-11-25,10:13:00,2025-12-30,544.25,544.25,544.25,544.25,0,0,1
FINNIFTY30DEC2527400CE.NFO,2025-11-25,10:14:00,2025-12-30,544.25,544.25,544.25,544.25,0,0,1
FINNIFTY30DEC2527400CE.NFO,2025-11-25,10:15:00,2025-12-30,544.25,544.25,544.25,544.25,0,0,1
FINNIFTY30DEC2527400CE.NFO,2025-11-25,10:16:00,2025-12-30,544.25,544.25,544.25,544.25,0,0,1
FINNIFTY30DEC2527400CE.NFO,2025-11-25,10:17:00,2025-12-30,544.25,544.25,544.25,544.25,0,0,1
FINNIFTY30DEC2527400CE.NFO,2025-11-25,10:18:00,2025-12-30,544.25,544.25,544.25,544.25,0,0,1
FINNIFTY30DEC2527400CE.NFO,2025-11-25,10:19:00,2025-12-30,544.25,544.25,544.25,544.25,0,0,1
FINNIFTY30DEC2527400CE.NFO,2025-11-25,10:20:00,2025-12-30,544.25,544.25,544.25,544.25,0,0,1
FINNIFTY30DEC2527400CE.NFO,2025-11-25,10:21:00,2025-12-30,544.25,544.25,544.25,544.25,0,0,1
FINNIFTY30DEC2527400CE.NFO,2025-11-25,10:22:00,2025-12-30,544.25,544.25,544.25,544.25,0,0,1
FINNIFTY30DEC2527400CE.NFO,2025-11-25,10:23:00,2025-12-30,544.25,544.25,544.25,544.25,0,0,1
FINNIFTY30DEC2527400CE.NFO,2025-11-25,10:24:00,2025-12-30,544.25,544.25,544.25,544.25,0,0,1
FINNIFTY30DEC2527400CE.NFO,2025-11-25,10:25:00,2025-12-30,544.25,544.25,544.25,544.25,0,0,1
FINNIFTY30DEC2527400CE.NFO,2025-11-25,10:26:00,2025-12-30,544.25,544.25,544.25,544.25,0,0,1
FINNIFTY30DEC2527400CE.NFO,2025-11-25,10:27:00,2025-12-30,544.25,544.25,544.25,544.25,0,0,1
FINNIFTY30DEC2527400CE.NFO,2025-11-25,10:28:00,2025-12-30,544.25,544.25,544.25,544.25,0,0,1
FINNIFTY30DEC2527400CE.NFO,2025-11-25,10:29:00,2025-12-30,544.25,544.25,544.25,544.25,0,0,1
FINNIFTY30DEC2527400CE.NFO,2025-11-25,10:30:00,2025-12-30,544.25,544.25,544.25,544.25,0,0,1
FINNIFTY30DEC2527400CE.NFO,2025-11-25,10:31:00,2025-12-30,544.25,544.25,544.25,544.25,0,0,1
FINNIFTY30DEC2527400CE.NFO,2025-11-25,10:32:00,2025-12-30,544.25,544.25,544.25,544.25,0,0,1
FINNIFTY30DEC2527400CE.NFO,2025-11-25,10:33:00,2025-12-30,544.25,544.25,544.25,544.25,0,0,1
FINNIFTY30DEC2527400CE.NFO,2025-11-25,10:34:00,2025-12-30,544.25,544.25,544.25,544.25,0,0,1
FINNIFTY30DEC2527400CE.NFO,2025-11-25,10:35:00,2025-12-30,544.25,544.25,544.25,544.25,0,0,1
FINNIFTY30DEC2527400CE.NFO,2025-11-25,10:36:00,2025-12-30,544.25,544.25,544.25,544.25,0,0,1
FINNIFTY30DEC2527400CE.NFO,2025-11-25,10:37:00,2025-12-30,544.25,544.25,544.25,544.25,0,0,1
FINNIFTY30DEC2527400CE.NFO,2025-11-25,10:38:00,2025-12-30,544.25,544.25,544.25,544.25,0,0,1
FINNIFTY30DEC2527400CE.NFO,2025-11-25,10:39:00,2025-12-30,544.25,544.25,544.25,544.25,0,0,1
FINNIFTY30DEC2527400CE.NFO,2025-11-25,10:40:00,2025-12-30,544.25,544.25,544.25,544.25,0,0,1
FINNIFTY30DEC2527400CE.NFO,2025-11-25,10:41:00,2025-12-30,544.25,544.25,544.25,544.25,0,0,1
FINNIFTY30DEC2527400CE.NFO,2025-11-25,10:42:00,2025-12-30,544.25,544.25,544.25,544.25,0,0,1
FINNIFTY30DEC2527400CE.NFO,2025-11-25,10:43:00,2025-12-30,544.25,544.25,544.25,544.25,0,0,1
FINNIFTY30DEC2527400CE.NFO,2025-11-25,10:44:00,2025-12-30,544.25,544.25,544.25,544.25,0,0,1
FINNIFTY30DEC2527400CE.NFO,2025-11-25,10:45:00,2025-12-30,544.25,544.25,544.25,544.25,0,0,1
FINNIFTY30DEC2527400CE.NFO,2025-11-25,10:46:00,2025-12-30,544.25,544.25,544.25,544.25,0,0,1
FINNIFTY30DEC2527400CE.NFO,2025-11-25,10:47:00,2025-12-30,544.25,544.25,544.25,544.25,0,0,1
FINNIFTY30DEC2527400CE.NFO,2025-11-25,10:48:00,2025-12-30,544.25,544.25,544.25,544.25,0,0,1
FINNIFTY30DEC2527400CE.NFO,2025-11-25,10:49:00,2025-12-30,544.25,544.25,544.25,544.25,0,0,1
FINNIFTY30DEC2527400CE.NFO,2025-11-25,10:50:00,2025-12-30,544.25,544.25,544.25,544.25,0,0,1
FINNIFTY30DEC2527400CE.NFO,2025-11-25,10:51:00,2025-12-30,544.25,544.25,544.25,544.25,0,0,1
FINNIFTY30DEC2527400CE.NFO,2025-11-25,10:52:00,2025-12-30,544.25,544.25,544.25,544.25,0,0,1
FINNIFTY30DEC2527400CE.NFO,2025-11-25,10:53:00,2025-12-30,544.25,544.25,544.25,544.25,0,0,1
FINNIFTY30DEC2527400CE.NFO,2025-11-25,10:54:00,2025-12-30,544.25,544.25,544.25,544.25,0,0,1
FINNIFTY30DEC2527400CE.NFO,2025-11-25,10:55:00,2025-12-30,544.25,544.25,544.25,544.25,0,0,1
FINNIFTY30DEC2527400CE.NFO,2025-11-25,10:56:00,2025-12-30,544.25,544.25,544.25,544.25,0,0,1
FINNIFTY30DEC2527400CE.NFO,2025-11-25,10:57:00,2025-12-30,544.25,544.25,544.25,544.25,0,0,1
FINNIFTY30DEC2527400CE.NFO,2025-11-25,10:58:00,2025-12-30,544.25,544.25,544.25,544.25,0,0,1
FINNIFTY30DEC2527400CE.NFO,2025-11-25,10:59:00,2025-12-30,544.25,544.25,544.25,544.25,0,0,1
FINNIFTY30DEC2527400CE.NFO,2025-11-25,11:00:00,2025-12-30,544.25,544.25,544.25,544.25,0,0,1
FINNIFTY30DEC2527400CE.NFO,2025-11-25,11:01:00,2025-12-30,544.25,544.25,544.25,544.25,0,0,1
FINNIFTY30DEC2527400CE.NFO,2025-11-25,11:02:00,2025-12-30,544.25,544.25,544.25,544.25,0,0,1
FINNIFTY30DEC2527400CE.NFO,2025-11-25,11:03:00,2025-12-30,544.25,544.25,544.25,544.25,0,0,1
FINNIFTY30DEC2527400CE.NFO,2025-11-25,11:04:00,2025-12-30,544.25,544.25,544.25,544.25,0,0,1
FINNIFTY30DEC2527400CE.NFO,2025-11-25,11:05:00,2025-12-30,544.25,544.25,544.25,544.25,0,0,1
FINNIFTY30DEC2527400CE.NFO,2025-11-25,11:06:00,2025-12-30,544.25,544.25,544.25,544.25,0,0,1
FINNIFTY30DEC2527400CE.NFO,2025-11-25,11:07:00,2025-12-30,544.25,544.25,544.25,544.25,0,0,1
FINNIFTY30DEC2527400CE.NFO,2025-11-25,11:08:00,2025-12-30,544.25,544.25,544.25,544.25,0,0,1
FINNIFTY30DEC2527400CE.NFO,2025-11-25,11:09:00,2025-12-30,544.25,544.25,544.25,544.25,0,0,1
FINNIFTY30DEC2527400CE.NFO,2025-11-25,11:10:00,2025-12-30,544.25,544.25,544.25,544.25,0,0,1
FINNIFTY30DEC2527400CE.NFO,2025-11-25,11:11:00,2025-12-30,544.25,544.25,544.25,544.25,0,0,1
FINNIFTY30DEC2527400CE.NFO,2025-11-25,11:12:00,2025-12-30,544.25,544.25,544.25,544.25,0,0,1
FINNIFTY30DEC2527400CE.NFO,2025-11-25,11:13:00,2025-12-30,544.25,544.25,544.25,544.25,0,0,1
FINNIFTY30DEC2527400CE.NFO,2025-11-25,11:14:00,2025-12-30,544.25,544.25,544.25,544.25,0,0,1
FINNIFTY30DEC2527400CE.NFO,2025-11-25,11:15:00,2025-12-30,544.25,544.25,544.25,544.25,0,0,1
FINNIFTY30DEC2527400CE.NFO,2025-11-25,11:16:00,2025-12-30,544.25,544.25,544.25,544.25,0,0,1
FINNIFTY30DEC2527400CE.NFO,2025-11-25,11:17:00,2025-12-30,544.25,544.25,544.25,544.25,0,0,1
FINNIFTY30DEC2527400CE.NFO,2025-11-25,11:18:00,2025-12-30,544.25,544.25,544.25,544.25,0,0,1
FINNIFTY30DEC2527400CE.NFO,2025-11-25,11:19:00,2025-12-30,544.25,544.25,544.25,544.25,0,0,1
FINNIFTY30DEC2527400CE.NFO,2025-11-25,11:20:00,2025-12-30,544.25,544.25,544.25,544.25,0,0,1
FINNIFTY30DEC2527400CE.NFO,2025-11-25,11:21:00,2025-12-30,544.25,544.25,544.25,544.25,0,0,1
FINNIFTY30DEC2527400CE.NFO,2025-11-25,11:22:00,2025-12-30,544.25,544.25,544.25,544.25,0,0,1
FINNIFTY30DEC2527400CE.NFO,2025-11-25,11:23:00,2025-12-30,544.25,544.25,544.25,544.25,0,0,1
FINNIFTY30DEC2527400CE.NFO,2025-11-25,11:24:00,2025-12-30,544.25,544.25,544.25,544.25,0,0,1
FINNIFTY30DEC2527400CE.NFO,2025-11-25,11:25:00,2025-12-30,544.25,544.25,544.25,544.25,0,0,1
FINNIFTY30DEC2527400CE.NFO,2025-11-25,11:26:00,2025-12-30,544.25,544.25,544.25,544.25,0,0,1
FINNIFTY30DEC2527400CE.NFO,2025-11-25,11:27:00,2025-12-30,544.25,544.25,544.25,544.25,0,0,1
FINNIFTY30DEC2527400CE.NFO,2025-11-25,11:28:00,2025-12-30,544.25,544.25,544.25,544.25,0,0,1
FINNIFTY30DEC2527400CE.NFO,2025-11-25,11:29:00,2025-12-30,544.25,544.25,544.25,544.25,0,0,1
FINNIFTY30DEC2527400CE.NFO,2025-11-25,11:30:00,2025-12-30,544.25,544.25,544.25,544.25,0,0,1
FINNIFTY30DEC2527400CE.NFO,2025-11-25,11:31:00,2025-12-30,544.25,544.25,544.25,544.25,0,0,1
FINNIFTY30DEC2527400CE.NFO,2025-11-25,11:32:00,2025-12-30,544.25,544.25,544.25,544.25,0,0,1
FINNIFTY30DEC2527400CE.NFO,2025-11-25,11:33:00,2025-12-30,544.25,544.25,544.25,544.25,0,0,1
FINNIFTY30DEC2527400CE.NFO,2025-11-25,11:34:00,2025-12-30,544.25,544.25,544.25,544.25,0,0,1
FINNIFTY30DEC2527400CE.NFO,2025-11-25,11:35:00,2025-12-30,544.25,544.25,544.25,544.25,0,0,1
FINNIFTY30DEC2527400CE.NFO,2025-11-25,11:36:00,2025-12-30,544.25,544.25,544.25,544.25,0,0,1
FINNIFTY30DEC2527400CE.NFO,2025-11-25,11:37:00,2025-12-30,544.25,544.25,544.25,544.25,0,0,1
FINNIFTY30DEC2527400CE.NFO,2025-11-25,11:38:00,2025-12-30,544.25,544.25,544.25,544.25,0,0,1
FINNIFTY30DEC2527400CE.NFO,2025-11-25,11:39:00,2025-12-30,544.25,544.25,544.25,544.25,0,0,1
FINNIFTY30DEC2527400CE.NFO,2025-11-25,11:40:00,2025-12-30,544.25,544.25,544.25,544.25,0,0,1
FINNIFTY30DEC2527400CE.NFO,2025-11-25,11:41:00,2025-12-30,544.25,544.25,544.25,544.25,0,0,1
FINNIFTY30DEC2527400CE.NFO,2025-11-25,11:42:00,2025-12-30,544.25,544.25,544.25,544.25,0,0,1
FINNIFTY30DEC2527400CE.NFO,2025-11-25,11:43:00,2025-12-30,544.25,544.25,544.25,544.25,0,0,1
FINNIFTY30DEC2527400CE.NFO,2025-11-25,11:44:00,2025-12-30,544.25,544.25,544.25,544.25,0,0,1
FINNIFTY30DEC2527400CE.NFO,2025-11-25,11:45:00,2025-12-30,544.25,544.25,544.25,544.25,0,0,1
FINNIFTY30DEC2527400CE.NFO,2025-11-25,11:46:00,2025-12-30,544.25,544.25,544.25,544.25,0,0,1
FINNIFTY30DEC2527400CE.NFO,2025-11-25,11:47:00,2025-12-30,544.25,544.25,544.25,544.25,0,0,1
FINNIFTY30DEC2527400CE.NFO,2025-11-25,11:48:00,2025-12-30,544.25,544.25,544.25,544.25,0,0,1
FINNIFTY30DEC2527400CE.NFO,2025-11-25,11:49:00,2025-12-30,544.25,544.25,544.25,544.25,0,0,1
FINNIFTY30DEC2527400CE.NFO,2025-11-25,11:50:00,2025-12-30,544.25,544.25,544.25,544.25,0,0,1
FINNIFTY30DEC2527400CE.NFO,2025-11-25,11:51:00,2025-12-30,544.25,544.25,544.25,544.25,0,0,1
FINNIFTY30DEC2527400CE.NFO,2025-11-25,11:52:00,2025-12-30,544.25,544.25,544.25,544.25,0,0,1
FINNIFTY30DEC2527400CE.NFO,2025-11-25,11:53:00,2025-12-30,544.25,544.25,544.25,544.25,0,0,1
FINNIFTY30DEC2527400CE.NFO,2025-11-25,11:54:00,2025-12-30,544.25,544.25,544.25,544.25,0,0,1
FINNIFTY30DEC2527400CE.NFO,2025-11-25,11:55:00,2025-12-30,544.25,544.25,544.25,544.25,0,0,1
FINNIFTY30DEC2527400CE.NFO,2025-11-25,11:56:00,2025-12-30,544.25,544.25,544.25,544.25,0,0,1
FINNIFTY30DEC2527400CE.NFO,2025-11-25,11:57:00,2025-12-30,544.25,544.25,544.25,544.25,0,0,1
FINNIFTY30DEC2527400CE.NFO,2025-11-25,11:58:00,2025-12-30,544.25,544.25,544.25,544.25,0,0,1
FINNIFTY30DEC2527400CE.NFO,2025-11-25,11:59:00,2025-12-30,544.25,544.25,544.25,544.25,0,0,1
FINNIFTY30DEC2527400CE.NFO,2025-11-25,12:00:00,2025-12-30,544.25,544.25,544.25,544.25,0,0,1
FINNIFTY30DEC2527400CE.NFO,2025-11-25,12:01:00,2025-12-30,544.25,544.25,544.25,544.25,0,0,1
FINNIFTY30DEC2527400CE.NFO,2025-11-25,12:02:00,2025-12-30,544.25,544.25,544.25,544.25,0,0,1
FINNIFTY30DEC2527400CE.NFO,2025-11-25,12:03:00,2025-12-30,544.25,544.25,544.25,544.25,0,0,1
FINNIFTY30DEC2527400CE.NFO,2025-11-25,12:04:00,2025-12-30,544.25,544.25,544.25,544.25,0,0,1
FINNIFTY30DEC2527400CE.NFO,2025-11-25,12:05:00,2025-12-30,544.25,544.25,544.25,544.25,0,0,1
FINNIFTY30DEC2527400CE.NFO,2025-11-25,12:06:00,2025-12-30,544.25,544.25,544.25,544.25,0,0,1
FINNIFTY30DEC2527400CE.NFO,2025-11-25,12:07:00,2025-12-30,544.25,544.25,544.25,544.25,0,0,1
FINNIFTY30DEC2527400CE.NFO,2025-11-25,12:08:00,2025-12-30,544.25,544.25,544.25,544.25,0,0,1
FINNIFTY30DEC2527400CE.NFO,2025-11-25,12:09:00,2025-12-30,544.25,544.25,544.25,544.25,0,0,1
FINNIFTY30DEC2527400CE.NFO,2025-11-25,12:10:00,2025-12-30,544.25,544.25,544.25,544.25,0,0,1
FINNIFTY30DEC2527400CE.NFO,2025-11-25,12:11:00,2025-12-30,544.25,544.25,544.25,544.25,0,0,1
FINNIFTY30DEC2527400CE.NFO,2025-11-25,12:12:00,2025-12-30,544.25,544.25,544.25,544.25,0,0,1
FINNIFTY30DEC2527400CE.NFO,2025-11-25,12:13:00,2025-12-30,544.25,544.25,544.25,544.25,0,0,1
FINNIFTY30DEC2527400CE.NFO,2025-11-25,12:14:00,2025-12-30,544.25,544.25,544.25,544.25,0,0,1
FINNIFTY30DEC2527400CE.NFO,2025-11-25,12:15:00,2025-12-30,544.25,544.25,544.25,544.25,0,0,1
FINNIFTY30DEC2527400CE.NFO,2025-11-25,12:16:00,2025-12-30,544.25,544.25,544.25,544.25,0,0,1
FINNIFTY30DEC2527400CE.NFO,2025-11-25,12:17:00,2025-12-30,544.25,544.25,544.25,544.25,0,0,1
FINNIFTY30DEC2527400CE.NFO,2025-11-25,12:18:00,2025-12-30,544.25,544.25,544.25,544.25,0,0,1
FINNIFTY30DEC2527400CE.NFO,2025-11-25,12:19:00,2025-12-30,544.25,544.25,544.25,544.25,0,0,1
FINNIFTY30DEC2527400CE.NFO,2025-11-25,12:20:00,2025-12-30,544.25,544.25,544.25,544.25,0,0,1
FINNIFTY30DEC2527400CE.NFO,2025-11-25,12:21:00,2025-12-30,544.25,544.25,544.25,544.25,0,0,1
FINNIFTY30DEC2527400CE.NFO,2025-11-25,12:22:00,2025-12-30,544.25,544.25,544.25,544.25,0,0,1
FINNIFTY30DEC2527400CE.NFO,2025-11-25,12:23:00,2025-12-30,544.25,544.25,544.25,544.25,0,0,1
FINNIFTY30DEC2527400CE.NFO,2025-11-25,12:24:00,2025-12-30,544.25,544.25,544.25,544.25,0,0,1
FINNIFTY30DEC2527400CE.NFO,2025-11-25,12:25:00,2025-12-30,544.25,544.25,544.25,544.25,0,0,1
FINNIFTY30DEC2527400CE.NFO,2025-11-25,12:26:00,2025-12-30,544.25,544.25,544.25,544.25,0,0,1
FINNIFTY30DEC2527400CE.NFO,2025-11-25,12:27:00,2025-12-30,544.25,544.25,544.25,544.25,0,0,1
FINNIFTY30DEC2527400CE.NFO,2025-11-25,12:28:00,2025-12-30,544.25,544.25,544.25,544.25,0,0,1
FINNIFTY30DEC2527400CE.NFO,2025-11-25,12:29:00,2025-12-30,544.25,544.25,544.25,544.25,0,0,1
FINNIFTY30DEC2527400CE.NFO,2025-11-25,12:30:00,2025-12-30,544.25,544.25,544.25,544.25,0,0,1
FINNIFTY30DEC2527400CE.NFO,2025-11-25,12:31:00,2025-12-30,544.25,544.25,544.25,544.25,0,0,1
FINNIFTY30DEC2527400CE.NFO,2025-11-25,12:32:00,2025-12-30,544.25,544.25,544.25,544.25,0,0,1
FINNIFTY30DEC2527400CE.NFO,2025-11-25,12:33:00,2025-12-30,544.25,544.25,544.25,544.25,0,0,1
FINNIFTY30DEC2527400CE.NFO,2025-11-25,12:34:00,2025-12-30,544.25,544.25,544.25,544.25,0,0,1
FINNIFTY30DEC2527400CE.NFO,2025-11-25,12:35:00,2025-12-30,544.25,544.25,544.25,544.25,0,0,1
FINNIFTY30DEC2527400CE.NFO,2025-11-25,12:36:00,2025-12-30,544.25,544.25,544.25,544.25,0,0,1
FINNIFTY30DEC2527400CE.NFO,2025-11-25,12:37:00,2025-12-30,544.25,544.25,544.25,544.25,0,0,1
FINNIFTY30DEC2527400CE.NFO,2025-11-25,12:38:00,2025-12-30,544.25,544.25,544.25,544.25,0,0,1
FINNIFTY30DEC2527400CE.NFO,2025-11-25,12:39:00,2025-12-30,544.25,544.25,544.25,544.25,0,0,1
FINNIFTY30DEC2527400CE.NFO,2025-11-25,12:40:00,2025-12-30,544.25,544.25,544.25,544.25,0,0,1
FINNIFTY30DEC2527400CE.NFO,2025-11-25,12:41:00,2025-12-30,544.25,544.25,544.25,544.25,0,0,1
FINNIFTY30DEC2527400CE.NFO,2025-11-25,12:42:00,2025-12-30,544.25,544.25,544.25,544.25,0,0,1
FINNIFTY30DEC2527400CE.NFO,2025-11-25,12:43:00,2025-12-30,544.25,544.25,544.25,544.25,0,0,1
FINNIFTY30DEC2527400CE.NFO,2025-11-25,12:44:00,2025-12-30,544.25,544.25,544.25,544.25,0,0,1
FINNIFTY30DEC2527400CE.NFO,2025-11-25,12:45:00,2025-12-30,544.25,544.25,544.25,544.25,0,0,1
FINNIFTY30DEC2527400CE.NFO,2025-11-25,12:46:00,2025-12-30,544.25,544.25,544.25,544.25,0,0,1
FINNIFTY30DEC2527400CE.NFO,2025-11-25,12:47:00,2025-12-30,544.25,544.25,544.25,544.25,0,0,1
FINNIFTY30DEC2527400CE.NFO,2025-11-25,12:48:00,2025-12-30,544.25,544.25,544.25,544.25,0,0,1
FINNIFTY30DEC2527400CE.NFO,2025-11-25,12:49:00,2025-12-30,544.25,544.25,544.25,544.25,0,0,1
FINNIFTY30DEC2527400CE.NFO,2025-11-25,12:50:00,2025-12-30,544.25,544.25,544.25,544.25,0,0,1
FINNIFTY30DEC2527400CE.NFO,2025-11-25,12:51:00,2025-12-30,544.25,544.25,544.25,544.25,0,0,1
FINNIFTY30DEC2527400CE.NFO,2025-11-25,12:52:00,2025-12-30,544.25,544.25,544.25,544.25,0,0,1
FINNIFTY30DEC2527400CE.NFO,2025-11-25,12:53:00,2025-12-30,544.25,544.25,544.25,544.25,0,0,1
FINNIFTY30DEC2527400CE.NFO,2025-11-25,12:54:00,2025-12-30,544.25,544.25,544.25,544.25,0,0,1
FINNIFTY30DEC2527400CE.NFO,2025-11-25,12:55:00,2025-12-30,544.25,544.25,544.25,544.25,0,0,1
FINNIFTY30DEC2527400CE.NFO,2025-11-25,12:56:00,2025-12-30,544.25,544.25,544.25,544.25,0,0,1
FINNIFTY30DEC2527400CE.NFO,2025-11-25,12:57:00,2025-12-30,544.25,544.25,544.25,544.25,0,0,1
FINNIFTY30DEC2527400CE.NFO,2025-11-25,12:58:00,2025-12-30,544.25,544.25,544.25,544.25,0,0,1
FINNIFTY30DEC2527400CE.NFO,2025-11-25,12:59:00,2025-12-30,544.25,544.25,544.25,544.25,0,0,1
FINNIFTY30DEC2527400CE.NFO,2025-11-25,13:00:00,2025-12-30,544.25,544.25,544.25,544.25,0,0,1
FINNIFTY30DEC2527400CE.NFO,2025-11-25,13:01:00,2025-12-30,544.25,544.25,544.25,544.25,0,0,0
FINNIFTY30DEC2527400CE.NFO,2025-11-25,13:02:00,2025-12-30,544.25,544.25,544.25,544.25,0,0,0
FINNIFTY30DEC2527400CE.NFO,2025-11-25,13:03:00,2025-12-30,544.25,544.25,544.25,544.25,0,0,0
FINNIFTY30DEC2527400CE.NFO,2025-11-25,13:04:00,2025-12-30,544.25,544.25,544.25,544.25,0,0,0
FINNIFTY30DEC2527400CE.NFO,2025-11-25,13:05:00,2025-12-30,544.25,544.25,544.25,544.25,0,0,0
FINNIFTY30DEC2527400CE.NFO,2025-11-25,13:06:00,2025-12-30,544.25,544.25,544.25,544.25,0,0,0
FINNIFTY30DEC2527400CE.NFO,2025-11-25,13:07:00,2025-12-30,544.25,544.25,544.25,544.25,0,0,0
FINNIFTY30DEC2527400CE.NFO,2025-11-25,13:08:00,2025-12-30,544.25,544.25,544.25,544.25,0,0,0
FINNIFTY30DEC2527400CE.NFO,2025-11-25,13:09:00,2025-12-30,544.25,544.25,544.25,544.25,0,0,0
FINNIFTY30DEC2527400CE.NFO,2025-11-25,13:10:00,2025-12-30,544.25,544.25,544.25,544.25,0,0,0
FINNIFTY30DEC2527400CE.NFO,2025-11-25,13:11:00,2025-12-30,544.25,544.25,544.25,544.25,0,0,0
FINNIFTY30DEC2527400CE.NFO,2025-11-25,13:12:00,2025-12-30,544.25,544.25,544.25,544.25,0,0,0
FINNIFTY30DEC2527400CE.NFO,2025-11-25,13:13:00,2025-12-30,544.25,544.25,544.25,544.25,0,0,0
FINNIFTY30DEC2527400CE.NFO,2025-11-25,13:14:00,2025-12-30,544.25,544.25,544.25,544.25,0,0,0
FINNIFTY30DEC2527400CE.NFO,2025-11-25,13:15:00,2025-12-30,544.25,544.25,544.25,544.25,0,0,0
FINNIFTY30DEC2527400CE.NFO,2025-11-25,13:16:00,2025-12-30,544.25,544.25,544.25,544.25,0,0,0
FINNIFTY30DEC2527400CE.NFO,2025-11-25,13:17:00,2025-12-30,544.25,544.25,544.25,544.25,0,0,0
FINNIFTY30DEC2527400CE.NFO,2025-11-25,13:18:00,2025-12-30,544.25,544.25,544.25,544.25,0,0,0
FINNIFTY30DEC2527400CE.NFO,2025-11-25,13:19:00,2025-12-30,544.25,544.25,544.25,544.25,0,0,0
FINNIFTY30DEC2527400CE.NFO,2025-11-25,13:20:00,2025-12-30,544.25,544.3,544.25,544.25,130,65,0
FINNIFTY30DEC2527400CE.NFO,2025-11-25,13:21:00,2025-12-30,544.25,544.25,544.25,544.25,0,65,0
FINNIFTY30DEC2527400CE.NFO,2025-11-25,13:22:00,2025-12-30,544.25,544.25,544.25,544.25,0,65,0
FINNIFTY30DEC2527400CE.NFO,2025-11-25,13:23:00,2025-12-30,544.25,544.25,544.25,544.25,0,65,0
FINNIFTY30DEC2527400CE.NFO,2025-11-25,13:24:00,2025-12-30,544.25,544.25,544.25,544.25,0,65,0
FINNIFTY30DEC2527400CE.NFO,2025-11-25,13:25:00,2025-12-30,544.25,544.25,544.25,544.25,0,65,0
FINNIFTY30DEC2527400CE.NFO,2025-11-25,13:26:00,2025-12-30,544.25,544.25,544.25,544.25,0,65,0
FINNIFTY30DEC2527400CE.NFO,2025-11-25,13:27:00,2025-12-30,544.25,544.25,544.25,544.25,0,65,0
FINNIFTY30DEC2527400CE.NFO,2025-11-25,13:28:00,2025-12-30,544.25,544.25,544.25,544.25,0,65,0
FINNIFTY30DEC2527400CE.NFO,2025-11-25,13:29:00,2025-12-30,544.25,544.25,544.25,544.25,0,65,0
FINNIFTY30DEC2527400CE.NFO,2025-11-25,13:30:00,2025-12-30,544.25,544.25,544.25,544.25,0,65,0
FINNIFTY30DEC2527400CE.NFO,2025-11-25,13:31:00,2025-12-30,544.25,544.25,544.25,544.25,0,65,0
FINNIFTY30DEC2527400CE.NFO,2025-11-25,13:32:00,2025-12-30,544.25,544.25,544.25,544.25,0,65,0
FINNIFTY30DEC2527400CE.NFO,2025-11-25,13:33:00,2025-12-30,544.25,544.25,544.25,544.25,0,65,0
FINNIFTY30DEC2527400CE.NFO,2025-11-25,13:34:00,2025-12-30,544.25,544.25,544.25,544.25,0,65,0
FINNIFTY30DEC2527400CE.NFO,2025-11-25,13:35:00,2025-12-30,544.25,544.25,544.25,544.25,0,65,0
FINNIFTY30DEC2527400CE.NFO,2025-11-25,13:36:00,2025-12-30,544.25,544.25,544.25,544.25,0,65,0
FINNIFTY30DEC2527400CE.NFO,2025-11-25,13:37:00,2025-12-30,544.25,544.25,544.25,544.25,0,65,0
FINNIFTY30DEC2527400CE.NFO,2025-11-25,13:38:00,2025-12-30,544.25,544.25,544.25,544.25,0,65,0
FINNIFTY30DEC2527400CE.NFO,2025-11-25,13:39:00,2025-12-30,544.25,544.25,544.25,544.25,0,65,0
FINNIFTY30DEC2527400CE.NFO,2025-11-25,13:40:00,2025-12-30,544.25,544.25,544.25,544.25,0,65,0
FINNIFTY30DEC2527400CE.NFO,2025-11-25,13:41:00,2025-12-30,544.25,544.25,544.25,544.25,0,65,0
FINNIFTY30DEC2527400CE.NFO,2025-11-25,13:42:00,2025-12-30,544.25,544.25,544.25,544.25,0,65,0
FINNIFTY30DEC2527400CE.NFO,2025-11-25,13:43:00,2025-12-30,544.25,544.25,544.25,544.25,0,65,0
FINNIFTY30DEC2527400CE.NFO,2025-11-25,13:44:00,2025-12-30,544.25,544.25,544.25,544.25,0,65,0
FINNIFTY30DEC2527400CE.NFO,2025-11-25,13:45:00,2025-12-30,544.25,544.25,544.25,544.25,0,65,0
FINNIFTY30DEC2527400CE.NFO,2025-11-25,13:46:00,2025-12-30,544.25,544.25,544.25,544.25,0,65,0
FINNIFTY30DEC2527400CE.NFO,2025-11-25,13:47:00,2025-12-30,544.25,544.25,544.25,544.25,0,65,0
FINNIFTY30DEC2527400CE.NFO,2025-11-25,13:48:00,2025-12-30,544.25,544.25,544.25,544.25,0,65,0
FINNIFTY30DEC2527400CE.NFO,2025-11-25,13:49:00,2025-12-30,544.25,544.25,544.25,544.25,0,65,0
FINNIFTY30DEC2527400CE.NFO,2025-11-25,13:50:00,2025-12-30,544.25,544.25,544.25,544.25,0,65,0
FINNIFTY30DEC2527400CE.NFO,2025-11-25,13:51:00,2025-12-30,544.25,544.25,544.25,544.25,0,65,0
FINNIFTY30DEC2527400CE.NFO,2025-11-25,13:52:00,2025-12-30,544.25,544.25,544.25,544.25,0,65,0
FINNIFTY30DEC2527400CE.NFO,2025-11-25,13:53:00,2025-12-30,544.25,544.25,544.25,544.25,0,65,0
FINNIFTY30DEC2527400CE.NFO,2025-11-25,13:54:00,2025-12-30,544.25,544.25,544.25,544.25,0,65,0
FINNIFTY30DEC2527400CE.NFO,2025-11-25,13:55:00,2025-12-30,544.25,544.25,544.25,544.25,0,65,0
FINNIFTY30DEC2527400CE.NFO,2025-11-25,13:56:00,2025-12-30,544.25,544.25,544.25,544.25,0,65,0
FINNIFTY30DEC2527400CE.NFO,2025-11-25,13:57:00,2025-12-30,544.25,544.25,544.25,544.25,0,65,0
FINNIFTY30DEC2527400CE.NFO,2025-11-25,13:58:00,2025-12-30,544.25,544.25,544.25,544.25,0,65,0
FINNIFTY30DEC2527400CE.NFO,2025-11-25,13:59:00,2025-12-30,544.25,544.25,544.25,544.25,0,65,0
FINNIFTY30DEC2527400CE.NFO,2025-11-25,14:00:00,2025-12-30,544.25,544.25,544.25,544.25,0,65,0
FINNIFTY30DEC2527400CE.NFO,2025-11-25,14:01:00,2025-12-30,544.25,544.25,544.25,544.25,0,65,0
FINNIFTY30DEC2527400CE.NFO,2025-11-25,14:02:00,2025-12-30,544.25,544.25,544.25,544.25,0,65,0
FINNIFTY30DEC2527400CE.NFO,2025-11-25,14:03:00,2025-12-30,544.25,544.25,544.25,544.25,0,65,0
FINNIFTY30DEC2527400CE.NFO,2025-11-25,14:04:00,2025-12-30,544.25,544.25,544.25,544.25,0,65,0
FINNIFTY30DEC2527400CE.NFO,2025-11-25,14:05:00,2025-12-30,544.25,544.25,544.25,544.25,0,65,0
FINNIFTY30DEC2527400CE.NFO,2025-11-25,14:06:00,2025-12-30,544.25,544.25,544.25,544.25,0,65,0
FINNIFTY30DEC2527400CE.NFO,2025-11-25,14:07:00,2025-12-30,544.25,544.25,544.25,544.25,0,65,0
FINNIFTY30DEC2527400CE.NFO,2025-11-25,14:08:00,2025-12-30,544.25,544.25,544.25,544.25,0,65,0
FINNIFTY30DEC2527400CE.NFO,2025-11-25,14:09:00,2025-12-30,544.25,544.25,544.25,544.25,0,65,0
FINNIFTY30DEC2527400CE.NFO,2025-11-25,14:10:00,2025-12-30,544.25,544.25,544.25,544.25,0,65,0
FINNIFTY30DEC2527400CE.NFO,2025-11-25,14:11:00,2025-12-30,544.25,544.25,544.25,544.25,0,65,0
FINNIFTY30DEC2527400CE.NFO,2025-11-25,14:12:00,2025-12-30,544.25,544.25,544.25,544.25,0,65,0
FINNIFTY30DEC2527400CE.NFO,2025-11-25,14:13:00,2025-12-30,544.25,544.25,544.25,544.25,0,65,0
FINNIFTY30DEC2527400CE.NFO,2025-11-25,14:14:00,2025-12-30,544.25,544.25,544.25,544.25,0,65,0
FINNIFTY30DEC2527400CE.NFO,2025-11-25,14:15:00,2025-12-30,544.25,544.25,544.25,544.25,0,65,0
FINNIFTY30DEC2527400CE.NFO,2025-11-25,14:16:00,2025-12-30,544.25,544.25,544.25,544.25,0,65,0
FINNIFTY30DEC2527400CE.NFO,2025-11-25,14:17:00,2025-12-30,544.25,544.25,544.25,544.25,0,65,0
FINNIFTY30DEC2527400CE.NFO,2025-11-25,14:18:00,2025-12-30,544.25,544.25,544.25,544.25,0,65,0
FINNIFTY30DEC2527400CE.NFO,2025-11-25,14:19:00,2025-12-30,544.25,544.25,544.25,544.25,0,65,0
FINNIFTY30DEC2527400CE.NFO,2025-11-25,14:20:00,2025-12-30,544.25,544.25,544.25,544.25,0,65,0
FINNIFTY30DEC2527400CE.NFO,2025-11-25,14:21:00,2025-12-30,544.25,544.25,544.25,544.25,0,65,0
FINNIFTY30DEC2527400CE.NFO,2025-11-25,14:22:00,2025-12-30,544.25,544.25,544.25,544.25,0,65,0
FINNIFTY30DEC2527400CE.NFO,2025-11-25,14:23:00,2025-12-30,544.25,544.25,544.25,544.25,0,65,0
FINNIFTY30DEC2527400CE.NFO,2025-11-25,14:24:00,2025-12-30,544.25,544.25,544.25,544.25,0,65,0
FINNIFTY30DEC2527400CE.NFO,2025-11-25,14:25:00,2025-12-30,544.25,544.25,544.25,544.25,0,65,0
FINNIFTY30DEC2527400CE.NFO,2025-11-25,14:26:00,2025-12-30,544.25,544.25,544.25,544.25,0,65,0
FINNIFTY30DEC2527400CE.NFO,2025-11-25,14:27:00,2025-12-30,544.25,544.25,544.25,544.25,0,65,0
FINNIFTY30DEC2527400CE.NFO,2025-11-25,14:28:00,2025-12-30,544.25,544.25,544.25,544.25,0,65,0
FINNIFTY30DEC2527400CE.NFO,2025-11-25,14:29:00,2025-12-30,544.25,544.25,544.25,544.25,0,65,0
FINNIFTY30DEC2527400CE.NFO,2025-11-25,14:30:00,2025-12-30,544.25,544.25,544.25,544.25,0,65,0
FINNIFTY30DEC2527400CE.NFO,2025-11-25,14:31:00,2025-12-30,544.25,544.25,544.25,544.25,0,65,0
FINNIFTY30DEC2527400CE.NFO,2025-11-25,14:32:00,2025-12-30,544.25,544.25,544.25,544.25,0,65,0
FINNIFTY30DEC2527400CE.NFO,2025-11-25,14:33:00,2025-12-30,544.25,544.25,544.25,544.25,0,65,0
FINNIFTY30DEC2527400CE.NFO,2025-11-25,14:34:00,2025-12-30,544.25,544.25,544.25,544.25,0,65,0
FINNIFTY30DEC2527400CE.NFO,2025-11-25,14:35:00,2025-12-30,544.25,544.25,525.3,527.7,195,195,0
FINNIFTY30DEC2527400CE.NFO,2025-11-25,14:36:00,2025-12-30,527.7,527.7,527.7,527.7,0,195,0
FINNIFTY30DEC2527400CE.NFO,2025-11-25,14:37:00,2025-12-30,527.7,527.7,527.7,527.7,0,195,0
FINNIFTY30DEC2527400CE.NFO,2025-11-25,14:38:00,2025-12-30,527.7,527.7,527.7,527.7,0,195,0
FINNIFTY30DEC2527400CE.NFO,2025-11-25,14:39:00,2025-12-30,527.7,527.7,527.7,527.7,0,195,0
FINNIFTY30DEC2527400CE.NFO,2025-11-25,14:40:00,2025-12-30,527.7,527.7,527.7,527.7,0,195,0
FINNIFTY30DEC2527400CE.NFO,2025-11-25,14:41:00,2025-12-30,527.7,527.7,527.7,527.7,0,195,0
FINNIFTY30DEC2527400CE.NFO,2025-11-25,14:42:00,2025-12-30,527.7,527.7,527.7,527.7,0,195,0
FINNIFTY30DEC2527400CE.NFO,2025-11-25,14:43:00,2025-12-30,527.7,527.7,527.7,527.7,0,195,0
FINNIFTY30DEC2527400CE.NFO,2025-11-25,14:44:00,2025-12-30,527.7,527.7,527.7,527.7,0,195,0
FINNIFTY30DEC2527400CE.NFO,2025-11-25,14:45:00,2025-12-30,527.7,527.7,527.7,527.7,0,195,0
FINNIFTY30DEC2527400CE.NFO,2025-11-25,14:46:00,2025-12-30,527.7,527.7,527.7,527.7,0,195,0
FINNIFTY30DEC2527400CE.NFO,2025-11-25,14:47:00,2025-12-30,527.7,527.7,527.7,527.7,0,195,0
FINNIFTY30DEC2527400CE.NFO,2025-11-25,14:48:00,2025-12-30,527.7,527.7,527.7,527.7,0,195,0
FINNIFTY30DEC2527400CE.NFO,2025-11-25,14:49:00,2025-12-30,527.7,527.7,527.7,527.7,0,195,0
FINNIFTY30DEC2527400CE.NFO,2025-11-25,14:50:00,2025-12-30,527.7,527.7,527.7,527.7,0,195,0
FINNIFTY30DEC2527400CE.NFO,2025-11-25,14:51:00,2025-12-30,527.7,527.7,527.7,527.7,0,195,1
FINNIFTY30DEC2527400CE.NFO,2025-11-25,14:52:00,2025-12-30,527.7,527.7,527.7,527.7,0,195,0
FINNIFTY30DEC2527400CE.NFO,2025-11-25,14:53:00,2025-12-30,527.7,527.7,508.3,508.35,195,390,0
FINNIFTY30DEC2527400CE.NFO,2025-11-25,14:54:00,2025-12-30,508.35,508.35,508.35,508.35,0,390,0
FINNIFTY30DEC2527400CE.NFO,2025-11-25,14:55:00,2025-12-30,508.35,508.35,500.05,500.05,195,390,0
FINNIFTY30DEC2527400CE.NFO,2025-11-25,14:56:00,2025-12-30,500.05,500.05,500.05,500.05,0,390,0
FINNIFTY30DEC2527400CE.NFO,2025-11-25,14:57:00,2025-12-30,500.05,512.55,500.05,512.55,65,585,0
FINNIFTY30DEC2527400CE.NFO,2025-11-25,14:58:00,2025-12-30,512.55,512.55,512.55,512.55,65,585,0
FINNIFTY30DEC2527400CE.NFO,2025-11-25,14:59:00,2025-12-30,512.55,512.55,500.0,500.0,65,585,0
FINNIFTY30DEC2527400CE.NFO,2025-11-25,15:00:00,2025-12-30,500.0,500.0,500.0,500.0,0,585,0
FINNIFTY30DEC2527400CE.NFO,2025-11-25,15:01:00,2025-12-30,500.0,500.0,500.0,500.0,0,585,0
FINNIFTY30DEC2527400CE.NFO,2025-11-25,15:02:00,2025-12-30,500.0,500.0,475.0,475.0,65,715,0
FINNIFTY30DEC2527400CE.NFO,2025-11-25,15:03:00,2025-12-30,475.0,475.0,475.0,475.0,0,715,0
FINNIFTY30DEC2527400CE.NFO,2025-11-25,15:04:00,2025-12-30,475.0,486.85,475.0,486.85,130,715,0
FINNIFTY30DEC2527400CE.NFO,2025-11-25,15:05:00,2025-12-30,486.85,486.85,486.85,486.85,0,715,0
FINNIFTY30DEC2527400CE.NFO,2025-11-25,15:06:00,2025-12-30,486.85,499.0,486.85,499.0,195,715,0
FINNIFTY30DEC2527400CE.NFO,2025-11-25,15:07:00,2025-12-30,499.0,499.0,479.85,479.85,260,715,0
FINNIFTY30DEC2527400CE.NFO,2025-11-25,15:08:00,2025-12-30,479.85,479.85,479.85,479.85,0,715,0
FINNIFTY30DEC2527400CE.NFO,2025-11-25,15:09:00,2025-12-30,479.85,479.85,479.85,479.85,0,715,0
FINNIFTY30DEC2527400CE.NFO,2025-11-25,15:10:00,2025-12-30,479.85,479.85,479.85,479.85,0,715,0
FINNIFTY30DEC2527400CE.NFO,2025-11-25,15:11:00,2025-12-30,479.85,479.85,479.85,479.85,0,715,0
FINNIFTY30DEC2527400CE.NFO,2025-11-25,15:12:00,2025-12-30,479.85,479.85,479.85,479.85,0,715,0
FINNIFTY30DEC2527400CE.NFO,2025-11-25,15:13:00,2025-12-30,479.85,479.85,479.85,479.85,0,715,0
FINNIFTY30DEC2527400CE.NFO,2025-11-25,15:14:00,2025-12-30,479.85,479.85,479.85,479.85,0,715,0
FINNIFTY30DEC2527400CE.NFO,2025-11-25,15:15:00,2025-12-30,479.85,479.85,479.85,479.85,0,715,0
FINNIFTY30DEC2527400CE.NFO,2025-11-25,15:16:00,2025-12-30,479.85,479.85,479.85,479.85,0,715,0
FINNIFTY30DEC2527400CE.NFO,2025-11-25,15:17:00,2025-12-30,479.85,479.85,479.85,479.85,0,715,0
FINNIFTY30DEC2527400CE.NFO,2025-11-25,15:18:00,2025-12-30,479.85,479.85,479.85,479.85,0,715,0
FINNIFTY30DEC2527400CE.NFO,2025-11-25,15:19:00,2025-12-30,479.85,479.85,479.85,479.85,0,715,0
FINNIFTY30DEC2527400CE.NFO,2025-11-25,15:20:00,2025-12-30,479.85,479.85,475.0,475.0,65,910,0
FINNIFTY30DEC2527400CE.NFO,2025-11-25,15:21:00,2025-12-30,475.0,486.85,475.0,486.85,195,910,0
FINNIFTY30DEC2527400CE.NFO,2025-11-25,15:22:00,2025-12-30,486.85,499.45,480.0,480.0,260,910,0
FINNIFTY30DEC2527400CE.NFO,2025-11-25,15:23:00,2025-12-30,480.0,490.0,480.0,490.0,65,910,0
FINNIFTY30DEC2527400CE.NFO,2025-11-25,15:24:00,2025-12-30,490.0,490.0,490.0,490.0,0,910,0
FINNIFTY30DEC2527400CE.NFO,2025-11-25,15:25:00,2025-12-30,490.0,490.0,490.0,490.0,0,910,0
FINNIFTY30DEC2527400CE.NFO,2025-11-25,15:26:00,2025-12-30,490.0,490.0,490.0,490.0,0,910,0
FINNIFTY30DEC2527400CE.NFO,2025-11-25,15:27:00,2025-12-30,490.0,490.0,490.0,490.0,0,910,0
FINNIFTY30DEC2527400CE.NFO,2025-11-25,15:28:00,2025-12-30,490.0,490.0,485.0,485.0,65,1170,0
FINNIFTY30DEC2527400CE.NFO,2025-11-25,15:29:00,2025-12-30,485.0,485.0,485.0,485.0,65,1170,0
FINNIFTY30DEC2527400CE.NFO,2025-11-25,15:30:00,2025-12-30,485.0,485.0,485.0,485.0,65,1170,1
FINNIFTY30DEC2527400CE.NFO,2025-11-26,09:15:00,2025-12-30,605.0,605.0,605.0,605.0,520,1170,1
FINNIFTY30DEC2527400CE.NFO,2025-11-26,09:16:00,2025-12-30,605.0,605.0,605.0,605.0,520,1170,1
FINNIFTY30DEC2527400CE.NFO,2025-11-26,09:17:00,2025-12-30,605.0,605.0,605.0,605.0,520,1170,1
FINNIFTY30DEC2527400CE.NFO,2025-11-26,09:18:00,2025-12-30,605.0,605.0,605.0,605.0,520,1170,1
FINNIFTY30DEC2527400CE.NFO,2025-11-26,09:19:00,2025-12-30,605.0,605.0,605.0,605.0,520,1170,1
FINNIFTY30DEC2527400CE.NFO,2025-11-26,09:20:00,2025-12-30,605.0,605.0,605.0,605.0,520,1170,1
FINNIFTY30DEC2527400CE.NFO,2025-11-26,09:21:00,2025-12-30,605.0,605.0,605.0,605.0,520,1170,1
FINNIFTY30DEC2527400CE.NFO,2025-11-26,09:22:00,2025-12-30,605.0,605.0,605.0,605.0,520,1170,1
FINNIFTY30DEC2527400CE.NFO,2025-11-26,09:23:00,2025-12-30,605.0,605.0,605.0,605.0,520,1170,1
FINNIFTY30DEC2527400CE.NFO,2025-11-26,09:24:00,2025-12-30,605.0,605.0,605.0,605.0,520,1170,1
FINNIFTY30DEC2527400CE.NFO,2025-11-26,09:25:00,2025-12-30,605.0,605.0,605.0,605.0,520,1170,1
FINNIFTY30DEC2527400CE.NFO,2025-11-26,09:26:00,2025-12-30,605.0,605.0,605.0,605.0,520,1170,1
FINNIFTY30DEC2527400CE.NFO,2025-11-26,09:27:00,2025-12-30,605.0,605.0,605.0,605.0,520,1170,1
FINNIFTY30DEC2527400CE.NFO,2025-11-26,09:28:00,2025-12-30,605.0,605.0,605.0,605.0,520,1170,1
FINNIFTY30DEC2527400CE.NFO,2025-11-26,09:29:00,2025-12-30,605.0,605.0,605.0,605.0,520,1170,1
FINNIFTY30DEC2527400CE.NFO,2025-11-26,09:30:00,2025-12-30,605.0,605.0,605.0,605.0,520,1170,1
FINNIFTY30DEC2527400CE.NFO,2025-11-26,09:31:00,2025-12-30,605.0,605.0,605.0,605.0,520,1170,1
FINNIFTY30DEC2527400CE.NFO,2025-11-26,09:32:00,2025-12-30,605.0,605.0,605.0,605.0,520,1170,1
FINNIFTY30DEC2527400CE.NFO,2025-11-26,09:33:00,2025-12-30,605.0,605.0,605.0,605.0,520,1170,1
FINNIFTY30DEC2527400CE.NFO,2025-11-26,09:34:00,2025-12-30,605.0,605.0,605.0,605.0,520,1170,1
FINNIFTY30DEC2527400CE.NFO,2025-11-26,09:35:00,2025-12-30,605.0,605.0,605.0,605.0,520,1170,1
FINNIFTY30DEC2527400CE.NFO,2025-11-26,09:36:00,2025-12-30,605.0,605.0,605.0,605.0,520,1170,1
FINNIFTY30DEC2527400CE.NFO,2025-11-26,09:37:00,2025-12-30,604.2,614.5,601.55,605.0,520,1170,0
FINNIFTY30DEC2527400CE.NFO,2025-11-26,09:38:00,2025-12-30,605.0,605.0,605.0,605.0,0,1170,0
FINNIFTY30DEC2527400CE.NFO,2025-11-26,09:39:00,2025-12-30,605.0,605.0,605.0,605.0,0,1170,0
FINNIFTY30DEC2527400CE.NFO,2025-11-26,09:40:00,2025-12-30,605.0,605.0,605.0,605.0,0,1170,0
FINNIFTY30DEC2527400CE.NFO,2025-11-26,09:41:00,2025-12-30,605.0,605.0,605.0,605.0,0,1170,0
FINNIFTY30DEC2527400CE.NFO,2025-11-26,09:42:00,2025-12-30,605.0,605.0,605.0,605.0,0,1170,0
FINNIFTY30DEC2527400CE.NFO,2025-11-26,09:43:00,2025-12-30,605.0,605.0,605.0,605.0,0,1170,0
FINNIFTY30DEC2527400CE.NFO,2025-11-26,09:44:00,2025-12-30,605.0,605.0,605.0,605.0,0,1170,0
FINNIFTY30DEC2527400CE.NFO,2025-11-26,09:45:00,2025-12-30,605.0,605.0,605.0,605.0,0,1170,0
FINNIFTY30DEC2527400CE.NFO,2025-11-26,09:46:00,2025-12-30,605.0,605.0,605.0,605.0,0,1170,0
FINNIFTY30DEC2527400CE.NFO,2025-11-26,09:47:00,2025-12-30,605.0,605.0,605.0,605.0,0,1170,0
FINNIFTY30DEC2527400CE.NFO,2025-11-26,09:48:00,2025-12-30,605.0,605.0,605.0,605.0,0,1170,0
FINNIFTY30DEC2527400CE.NFO,2025-11-26,09:49:00,2025-12-30,605.0,605.0,605.0,605.0,0,1170,0
FINNIFTY30DEC2527400CE.NFO,2025-11-26,09:50:00,2025-12-30,605.0,605.0,605.0,605.0,0,1170,0
FINNIFTY30DEC2527400CE.NFO,2025-11-26,09:51:00,2025-12-30,605.0,605.0,605.0,605.0,0,1170,0
FINNIFTY30DEC2527400CE.NFO,2025-11-26,09:52:00,2025-12-30,605.0,605.0,605.0,605.0,0,1170,0
FINNIFTY30DEC2527400CE.NFO,2025-11-26,09:53:00,2025-12-30,605.0,674.1,605.0,674.1,130,1105,0
FINNIFTY30DEC2527400CE.NFO,2025-11-26,09:54:00,2025-12-30,674.1,674.1,657.25,657.25,65,1105,0
FINNIFTY30DEC2527400CE.NFO,2025-11-26,09:55:00,2025-12-30,657.25,657.25,657.25,657.25,0,1105,0
FINNIFTY30DEC2527400CE.NFO,2025-11-26,09:56:00,2025-12-30,657.25,657.25,657.25,657.25,0,1105,0
FINNIFTY30DEC2527400CE.NFO,2025-11-26,09:57:00,2025-12-30,657.25,657.25,657.25,657.25,0,1105,0
FINNIFTY30DEC2527400CE.NFO,2025-11-26,09:58:00,2025-12-30,657.25,657.25,657.25,657.25,0,1105,0
FINNIFTY30DEC2527400CE.NFO,2025-11-26,09:59:00,2025-12-30,657.25,657.25,657.25,657.25,0,1105,0
FINNIFTY30DEC2527400CE.NFO,2025-11-26,10:00:00,2025-12-30,657.25,657.25,657.25,657.25,0,1105,0
FINNIFTY30DEC2527400CE.NFO,2025-11-26,10:01:00,2025-12-30,657.25,657.25,657.25,657.25,0,1105,0
FINNIFTY30DEC2527400CE.NFO,2025-11-26,10:02:00,2025-12-30,657.25,657.25,657.25,657.25,0,1105,0
FINNIFTY30DEC2527400CE.NFO,2025-11-26,10:03:00,2025-12-30,657.25,657.25,657.25,657.25,0,1105,0
FINNIFTY30DEC2527400CE.NFO,2025-11-26,10:04:00,2025-12-30,657.25,657.25,657.25,657.25,0,1105,0
FINNIFTY30DEC2527400CE.NFO,2025-11-26,10:05:00,2025-12-30,657.25,657.25,657.25,657.25,0,1105,0
FINNIFTY30DEC2527400CE.NFO,2025-11-26,10:06:00,2025-12-30,657.25,657.25,657.25,657.25,0,1105,0
FINNIFTY30DEC2527400CE.NFO,2025-11-26,10:07:00,2025-12-30,657.25,657.25,657.25,657.25,0,1105,0
FINNIFTY30DEC2527400CE.NFO,2025-11-26,10:08:00,2025-12-30,657.25,657.25,657.25,657.25,0,1105,0
FINNIFTY30DEC2527400CE.NFO,2025-11-26,10:09:00,2025-12-30,657.25,657.25,657.25,657.25,0,1105,0
FINNIFTY30DEC2527400CE.NFO,2025-11-26,10:10:00,2025-12-30,657.25,657.25,657.25,657.25,0,1105,0
FINNIFTY30DEC2527400CE.NFO,2025-11-26,10:11:00,2025-12-30,657.25,657.25,657.25,657.25,0,1105,0
FINNIFTY30DEC2527400CE.NFO,2025-11-26,10:12:00,2025-12-30,657.25,657.25,657.25,657.25,0,1105,0
FINNIFTY30DEC2527400CE.NFO,2025-11-26,10:13:00,2025-12-30,657.25,657.25,657.25,657.25,0,1105,0
FINNIFTY30DEC2527400CE.NFO,2025-11-26,10:14:00,2025-12-30,657.25,657.25,657.25,657.25,0,1105,0
FINNIFTY30DEC2527400CE.NFO,2025-11-26,10:15:00,2025-12-30,657.25,657.25,657.25,657.25,0,1105,0
FINNIFTY30DEC2527400CE.NFO,2025-11-26,10:16:00,2025-12-30,657.25,657.25,657.25,657.25,0,1105,0
FINNIFTY30DEC2527400CE.NFO,2025-11-26,10:17:00,2025-12-30,657.25,684.5,657.25,684.5,65,1105,0
FINNIFTY30DEC2527400CE.NFO,2025-11-26,10:18:00,2025-12-30,684.5,684.5,684.5,684.5,0,1105,0
FINNIFTY30DEC2527400CE.NFO,2025-11-26,10:19:00,2025-12-30,684.5,684.5,684.5,684.5,0,1105,0
FINNIFTY30DEC2527400CE.NFO,2025-11-26,10:20:00,2025-12-30,684.5,684.5,684.5,684.5,0,1105,0
FINNIFTY30DEC2527400CE.NFO,2025-11-26,10:21:00,2025-12-30,684.5,684.5,684.5,684.5,0,1105,0
FINNIFTY30DEC2527400CE.NFO,2025-11-26,10:22:00,2025-12-30,684.5,684.5,684.5,684.5,0,1105,0
FINNIFTY30DEC2527400CE.NFO,2025-11-26,10:23:00,2025-12-30,684.5,684.5,684.5,684.5,0,1105,0
FINNIFTY30DEC2527400CE.NFO,2025-11-26,10:24:00,2025-12-30,684.5,684.5,684.5,684.5,0,1105,0
FINNIFTY30DEC2527400CE.NFO,2025-11-26,10:25:00,2025-12-30,684.5,684.5,684.5,684.5,0,1105,0
FINNIFTY30DEC2527400CE.NFO,2025-11-26,10:26:00,2025-12-30,684.5,684.5,684.5,684.5,0,1105,0
FINNIFTY30DEC2527400CE.NFO,2025-11-26,10:27:00,2025-12-30,684.5,684.5,650.0,650.0,130,1170,0
FINNIFTY30DEC2527400CE.NFO,2025-11-26,10:28:00,2025-12-30,650.0,650.0,650.0,650.0,0,1170,0
FINNIFTY30DEC2527400CE.NFO,2025-11-26,10:29:00,2025-12-30,650.0,650.0,650.0,650.0,0,1170,0
FINNIFTY30DEC2527400CE.NFO,2025-11-26,10:30:00,2025-12-30,650.0,650.0,650.0,650.0,0,1170,0
FINNIFTY30DEC2527400CE.NFO,2025-11-26,10:31:00,2025-12-30,650.0,650.0,650.0,650.0,0,1170,0
FINNIFTY30DEC2527400CE.NFO,2025-11-26,10:32:00,2025-12-30,650.0,650.0,650.0,650.0,0,1170,0
FINNIFTY30DEC2527400CE.NFO,2025-11-26,10:33:00,2025-12-30,650.0,650.0,650.0,650.0,0,1170,0
FINNIFTY30DEC2527400CE.NFO,2025-11-26,10:34:00,2025-12-30,650.0,650.0,650.0,650.0,0,1170,0
FINNIFTY30DEC2527400CE.NFO,2025-11-26,10:35:00,2025-12-30,650.0,650.0,650.0,650.0,0,1170,0
FINNIFTY30DEC2527400CE.NFO,2025-11-26,10:36:00,2025-12-30,650.0,650.0,650.0,650.0,0,1170,0
FINNIFTY30DEC2527400CE.NFO,2025-11-26,10:37:00,2025-12-30,650.0,650.0,650.0,650.0,0,1170,0
FINNIFTY30DEC2527400CE.NFO,2025-11-26,10:38:00,2025-12-30,650.0,650.0,650.0,650.0,0,1170,0
FINNIFTY30DEC2527400CE.NFO,2025-11-26,10:39:00,2025-12-30,650.0,650.0,650.0,650.0,0,1170,0
FINNIFTY30DEC2527400CE.NFO,2025-11-26,10:40:00,2025-12-30,650.0,650.0,650.0,650.0,0,1170,0
FINNIFTY30DEC2527400CE.NFO,2025-11-26,10:41:00,2025-12-30,650.0,650.0,650.0,650.0,0,1170,0
FINNIFTY30DEC2527400CE.NFO,2025-11-26,10:42:00,2025-12-30,650.0,650.0,650.0,650.0,0,1170,0
FINNIFTY30DEC2527400CE.NFO,2025-11-26,10:43:00,2025-12-30,650.0,650.0,650.0,650.0,0,1170,0
FINNIFTY30DEC2527400CE.NFO,2025-11-26,10:44:00,2025-12-30,650.0,650.0,650.0,650.0,0,1170,0
FINNIFTY30DEC2527400CE.NFO,2025-11-26,10:45:00,2025-12-30,650.0,650.0,650.0,650.0,0,1170,0
FINNIFTY30DEC2527400CE.NFO,2025-11-26,10:46:00,2025-12-30,650.0,650.0,650.0,650.0,0,1170,0
FINNIFTY30DEC2527400CE.NFO,2025-11-26,10:47:00,2025-12-30,650.0,650.0,650.0,650.0,0,1170,0
FINNIFTY30DEC2527400CE.NFO,2025-11-26,10:48:00,2025-12-30,650.0,650.0,650.0,650.0,0,1170,0
FINNIFTY30DEC2527400CE.NFO,2025-11-26,10:49:00,2025-12-30,650.0,650.0,650.0,650.0,0,1170,0
FINNIFTY30DEC2527400CE.NFO,2025-11-26,10:50:00,2025-12-30,650.0,650.0,650.0,650.0,0,1170,0
FINNIFTY30DEC2527400CE.NFO,2025-11-26,10:51:00,2025-12-30,650.0,650.0,650.0,650.0,0,1170,0
FINNIFTY30DEC2527400CE.NFO,2025-11-26,10:52:00,2025-12-30,650.0,650.0,650.0,650.0,0,1170,0
FINNIFTY30DEC2527400CE.NFO,2025-11-26,10:53:00,2025-12-30,650.0,650.0,650.0,650.0,0,1170,0
FINNIFTY30DEC2527400CE.NFO,2025-11-26,10:54:00,2025-12-30,650.0,650.0,650.0,650.0,0,1170,0
FINNIFTY30DEC2527400CE.NFO,2025-11-26,10:55:00,2025-12-30,650.0,650.0,650.0,650.0,0,1170,0
FINNIFTY30DEC2527400CE.NFO,2025-11-26,10:56:00,2025-12-30,650.0,650.0,650.0,650.0,0,1170,0
FINNIFTY30DEC2527400CE.NFO,2025-11-26,10:57:00,2025-12-30,650.0,650.0,650.0,650.0,0,1170,0
FINNIFTY30DEC2527400CE.NFO,2025-11-26,10:58:00,2025-12-30,650.0,650.0,650.0,650.0,0,1170,0
FINNIFTY30DEC2527400CE.NFO,2025-11-26,10:59:00,2025-12-30,650.0,650.0,650.0,650.0,0,1170,0
FINNIFTY30DEC2527400CE.NFO,2025-11-26,11:00:00,2025-12-30,650.0,650.0,650.0,650.0,0,1170,0
FINNIFTY30DEC2527400CE.NFO,2025-11-26,11:01:00,2025-12-30,650.0,650.0,650.0,650.0,0,1170,0
FINNIFTY30DEC2527400CE.NFO,2025-11-26,11:02:00,2025-12-30,650.0,650.0,650.0,650.0,0,1170,0
FINNIFTY30DEC2527400CE.NFO,2025-11-26,11:03:00,2025-12-30,650.0,650.0,650.0,650.0,0,1170,0
FINNIFTY30DEC2527400CE.NFO,2025-11-26,11:04:00,2025-12-30,650.0,650.0,650.0,650.0,0,1170,0
FINNIFTY30DEC2527400CE.NFO,2025-11-26,11:05:00,2025-12-30,650.0,650.0,650.0,650.0,0,1170,0
FINNIFTY30DEC2527400CE.NFO,2025-11-26,11:06:00,2025-12-30,650.0,650.0,650.0,650.0,0,1170,0
FINNIFTY30DEC2527400CE.NFO,2025-11-26,11:07:00,2025-12-30,650.0,650.0,650.0,650.0,0,1170,0
FINNIFTY30DEC2527400CE.NFO,2025-11-26,11:08:00,2025-12-30,650.0,650.0,650.0,650.0,0,1170,0
FINNIFTY30DEC2527400CE.NFO,2025-11-26,11:09:00,2025-12-30,650.0,650.0,650.0,650.0,0,1170,0
FINNIFTY30DEC2527400CE.NFO,2025-11-26,11:10:00,2025-12-30,650.0,650.0,650.0,650.0,0,1170,0
FINNIFTY30DEC2527400CE.NFO,2025-11-26,11:11:00,2025-12-30,650.0,650.0,650.0,650.0,0,1170,0
FINNIFTY30DEC2527400CE.NFO,2025-11-26,11:12:00,2025-12-30,650.0,650.0,650.0,650.0,0,1170,0
FINNIFTY30DEC2527400CE.NFO,2025-11-26,11:13:00,2025-12-30,650.0,650.0,650.0,650.0,0,1170,0
FINNIFTY30DEC2527400CE.NFO,2025-11-26,11:14:00,2025-12-30,650.0,650.0,650.0,650.0,0,1170,0
FINNIFTY30DEC2527400CE.NFO,2025-11-26,11:15:00,2025-12-30,650.0,650.0,650.0,650.0,0,1170,0
FINNIFTY30DEC2527400CE.NFO,2025-11-26,11:16:00,2025-12-30,650.0,650.0,650.0,650.0,0,1170,0
FINNIFTY30DEC2527400CE.NFO,2025-11-26,11:17:00,2025-12-30,650.0,650.0,650.0,650.0,0,1170,0
FINNIFTY30DEC2527400CE.NFO,2025-11-26,11:18:00,2025-12-30,650.0,650.0,650.0,650.0,0,1170,0
FINNIFTY30DEC2527400CE.NFO,2025-11-26,11:19:00,2025-12-30,650.0,650.0,650.0,650.0,0,1170,0
FINNIFTY30DEC2527400CE.NFO,2025-11-26,11:20:00,2025-12-30,650.0,650.0,650.0,650.0,0,1170,0
FINNIFTY30DEC2527400CE.NFO,2025-11-26,11:21:00,2025-12-30,650.0,650.0,650.0,650.0,0,1170,0
FINNIFTY30DEC2527400CE.NFO,2025-11-26,11:22:00,2025-12-30,650.0,650.0,650.0,650.0,0,1170,0
FINNIFTY30DEC2527400CE.NFO,2025-11-26,11:23:00,2025-12-30,650.0,650.0,650.0,650.0,0,1170,0
FINNIFTY30DEC2527400CE.NFO,2025-11-26,11:24:00,2025-12-30,650.0,650.0,650.0,650.0,0,1170,0
FINNIFTY30DEC2527400CE.NFO,2025-11-26,11:25:00,2025-12-30,650.0,650.0,650.0,650.0,0,1170,0
FINNIFTY30DEC2527400CE.NFO,2025-11-26,11:26:00,2025-12-30,650.0,650.0,650.0,650.0,0,1170,0
FINNIFTY30DEC2527400CE.NFO,2025-11-26,11:27:00,2025-12-30,650.0,701.9,650.0,701.9,65,1170,0
FINNIFTY30DEC2527400CE.NFO,2025-11-26,11:28:00,2025-12-30,701.9,701.9,701.9,701.9,0,1170,0
FINNIFTY30DEC2527400CE.NFO,2025-11-26,11:29:00,2025-12-30,701.9,701.9,701.9,701.9,0,1170,0
FINNIFTY30DEC2527400CE.NFO,2025-11-26,11:30:00,2025-12-30,701.9,701.9,701.9,701.9,0,1170,0
FINNIFTY30DEC2527400CE.NFO,2025-11-26,11:31:00,2025-12-30,701.9,701.9,701.9,701.9,0,1170,0
FINNIFTY30DEC2527400CE.NFO,2025-11-26,11:32:00,2025-12-30,701.9,701.9,701.9,701.9,0,1170,0
FINNIFTY30DEC2527400CE.NFO,2025-11-26,11:33:00,2025-12-30,701.9,701.9,701.9,701.9,0,1170,0
FINNIFTY30DEC2527400CE.NFO,2025-11-26,11:34:00,2025-12-30,701.9,701.9,701.9,701.9,0,1170,0
FINNIFTY30DEC2527400CE.NFO,2025-11-26,11:35:00,2025-12-30,701.9,701.9,701.9,701.9,0,1170,0
FINNIFTY30DEC2527400CE.NFO,2025-11-26,11:36:00,2025-12-30,701.9,701.9,701.9,701.9,0,1170,0
FINNIFTY30DEC2527400CE.NFO,2025-11-26,11:37:00,2025-12-30,701.9,701.9,701.9,701.9,0,1170,0
FINNIFTY30DEC2527400CE.NFO,2025-11-26,11:38:00,2025-12-30,701.9,701.9,701.9,701.9,0,1170,0
FINNIFTY30DEC2527400CE.NFO,2025-11-26,11:39:00,2025-12-30,701.9,701.9,701.9,701.9,0,1170,0
FINNIFTY30DEC2527400CE.NFO,2025-11-26,11:40:00,2025-12-30,701.9,701.9,701.9,701.9,0,1170,0
FINNIFTY30DEC2527400CE.NFO,2025-11-26,11:41:00,2025-12-30,701.9,701.9,701.9,701.9,0,1170,0
FINNIFTY30DEC2527400CE.NFO,2025-11-26,11:42:00,2025-12-30,701.9,701.9,701.9,701.9,0,1170,0
FINNIFTY30DEC2527400CE.NFO,2025-11-26,11:43:00,2025-12-30,701.9,701.9,701.9,701.9,0,1170,0
FINNIFTY30DEC2527400CE.NFO,2025-11-26,11:44:00,2025-12-30,701.9,701.9,701.9,701.9,0,1170,0
FINNIFTY30DEC2527400CE.NFO,2025-11-26,11:45:00,2025-12-30,701.9,701.9,701.9,701.9,0,1170,0
FINNIFTY30DEC2527400CE.NFO,2025-11-26,11:46:00,2025-12-30,701.9,701.9,701.9,701.9,0,1170,0
FINNIFTY30DEC2527400CE.NFO,2025-11-26,11:47:00,2025-12-30,701.9,701.9,701.9,701.9,0,1170,0
FINNIFTY30DEC2527400CE.NFO,2025-11-26,11:48:00,2025-12-30,701.9,701.9,701.9,701.9,0,1170,0
FINNIFTY30DEC2527400CE.NFO,2025-11-26,11:49:00,2025-12-30,701.9,701.9,701.9,701.9,0,1170,0
FINNIFTY30DEC2527400CE.NFO,2025-11-26,11:50:00,2025-12-30,701.9,701.9,701.9,701.9,0,1170,0
FINNIFTY30DEC2527400CE.NFO,2025-11-26,11:51:00,2025-12-30,701.9,701.9,701.9,701.9,0,1170,0
FINNIFTY30DEC2527400CE.NFO,2025-11-26,11:52:00,2025-12-30,701.9,701.9,701.9,701.9,0,1170,0
FINNIFTY30DEC2527400CE.NFO,2025-11-26,11:53:00,2025-12-30,701.9,701.9,701.9,701.9,0,1170,0
FINNIFTY30DEC2527400CE.NFO,2025-11-26,11:54:00,2025-12-30,701.9,701.9,701.9,701.9,0,1170,0
FINNIFTY30DEC2527400CE.NFO,2025-11-26,11:55:00,2025-12-30,701.9,701.9,701.9,701.9,0,1170,0
FINNIFTY30DEC2527400CE.NFO,2025-11-26,11:56:00,2025-12-30,701.9,701.9,701.9,701.9,0,1170,0
FINNIFTY30DEC2527400CE.NFO,2025-11-26,11:57:00,2025-12-30,701.9,701.9,701.9,701.9,0,1170,0
FINNIFTY30DEC2527400CE.NFO,2025-11-26,11:58:00,2025-12-30,701.9,701.9,701.9,701.9,0,1170,0
FINNIFTY30DEC2527400CE.NFO,2025-11-26,11:59:00,2025-12-30,701.9,701.9,701.9,701.9,0,1170,0
FINNIFTY30DEC2527400CE.NFO,2025-11-26,12:00:00,2025-12-30,701.9,701.9,701.9,701.9,0,1170,0
FINNIFTY30DEC2527400CE.NFO,2025-11-26,12:01:00,2025-12-30,701.9,701.9,701.9,701.9,0,1170,0
FINNIFTY30DEC2527400CE.NFO,2025-11-26,12:02:00,2025-12-30,701.9,701.9,701.9,701.9,0,1170,0
FINNIFTY30DEC2527400CE.NFO,2025-11-26,12:03:00,2025-12-30,701.9,701.9,701.9,701.9,0,1170,0
FINNIFTY30DEC2527400CE.NFO,2025-11-26,12:04:00,2025-12-30,701.9,701.9,701.9,701.9,0,1170,0
FINNIFTY30DEC2527400CE.NFO,2025-11-26,12:05:00,2025-12-30,701.9,701.9,701.9,701.9,0,1170,0
FINNIFTY30DEC2527400CE.NFO,2025-11-26,12:06:00,2025-12-30,701.9,701.9,701.9,701.9,0,1170,0
FINNIFTY30DEC2527400CE.NFO,2025-11-26,12:07:00,2025-12-30,701.9,701.9,701.9,701.9,0,1170,0
FINNIFTY30DEC2527400CE.NFO,2025-11-26,12:08:00,2025-12-30,701.9,701.9,701.9,701.9,0,1170,0
FINNIFTY30DEC2527400CE.NFO,2025-11-26,12:09:00,2025-12-30,701.9,701.9,701.9,701.9,0,1170,0
FINNIFTY30DEC2527400CE.NFO,2025-11-26,12:10:00,2025-12-30,701.9,701.9,701.9,701.9,0,1170,0
FINNIFTY30DEC2527400CE.NFO,2025-11-26,12:11:00,2025-12-30,701.9,701.9,701.9,701.9,0,1170,0
FINNIFTY30DEC2527400CE.NFO,2025-11-26,12:12:00,2025-12-30,701.9,701.9,701.9,701.9,0,1170,0
FINNIFTY30DEC2527400CE.NFO,2025-11-26,12:13:00,2025-12-30,701.9,701.9,701.9,701.9,0,1170,0
FINNIFTY30DEC2527400CE.NFO,2025-11-26,12:14:00,2025-12-30,701.9,701.9,701.9,701.9,0,1170,0
FINNIFTY30DEC2527400CE.NFO,2025-11-26,12:15:00,2025-12-30,701.9,701.9,701.9,701.9,0,1170,0
FINNIFTY30DEC2527400CE.NFO,2025-11-26,12:16:00,2025-12-30,701.9,701.9,701.9,701.9,0,1170,0
FINNIFTY30DEC2527400CE.NFO,2025-11-26,12:17:00,2025-12-30,701.9,701.9,701.9,701.9,0,1170,0
FINNIFTY30DEC2527400CE.NFO,2025-11-26,12:18:00,2025-12-30,701.9,701.9,701.9,701.9,0,1170,0
FINNIFTY30DEC2527400CE.NFO,2025-11-26,12:19:00,2025-12-30,701.9,701.9,701.9,701.9,0,1170,0
FINNIFTY30DEC2527400CE.NFO,2025-11-26,12:20:00,2025-12-30,701.9,701.9,701.9,701.9,0,1170,0
FINNIFTY30DEC2527400CE.NFO,2025-11-26,12:21:00,2025-12-30,701.9,701.9,701.9,701.9,0,1170,0
FINNIFTY30DEC2527400CE.NFO,2025-11-26,12:22:00,2025-12-30,701.9,701.9,701.9,701.9,0,1170,0
FINNIFTY30DEC2527400CE.NFO,2025-11-26,12:23:00,2025-12-30,701.9,701.9,701.9,701.9,0,1170,0
FINNIFTY30DEC2527400CE.NFO,2025-11-26,12:24:00,2025-12-30,701.9,701.9,701.9,701.9,0,1170,0
FINNIFTY30DEC2527400CE.NFO,2025-11-26,12:25:00,2025-12-30,701.9,701.9,701.9,701.9,0,1170,0
FINNIFTY30DEC2527400CE.NFO,2025-11-26,12:26:00,2025-12-30,701.9,701.9,701.9,701.9,0,1170,0
FINNIFTY30DEC2527400CE.NFO,2025-11-26,12:27:00,2025-12-30,701.9,701.9,701.9,701.9,0,1170,0
FINNIFTY30DEC2527400CE.NFO,2025-11-26,12:28:00,2025-12-30,701.9,701.9,701.9,701.9,0,1170,0
FINNIFTY30DEC2527400CE.NFO,2025-11-26,12:29:00,2025-12-30,701.9,701.9,701.9,701.9,0,1170,0
FINNIFTY30DEC2527400CE.NFO,2025-11-26,12:30:00,2025-12-30,701.9,701.9,701.9,701.9,0,1170,0
FINNIFTY30DEC2527400CE.NFO,2025-11-26,12:31:00,2025-12-30,701.9,701.9,701.9,701.9,0,1170,0
FINNIFTY30DEC2527400CE.NFO,2025-11-26,12:32:00,2025-12-30,701.9,701.9,701.9,701.9,0,1170,0
FINNIFTY30DEC2527400CE.NFO,2025-11-26,12:33:00,2025-12-30,701.9,701.9,701.9,701.9,0,1170,0
FINNIFTY30DEC2527400CE.NFO,2025-11-26,12:34:00,2025-12-30,701.9,701.9,701.9,701.9,0,1170,0
FINNIFTY30DEC2527400CE.NFO,2025-11-26,12:35:00,2025-12-30,701.9,701.9,701.9,701.9,0,1170,0
FINNIFTY30DEC2527400CE.NFO,2025-11-26,12:36:00,2025-12-30,701.9,701.9,701.9,701.9,0,1170,0
FINNIFTY30DEC2527400CE.NFO,2025-11-26,12:37:00,2025-12-30,701.9,701.9,701.9,701.9,0,1170,0
FINNIFTY30DEC2527400CE.NFO,2025-11-26,12:38:00,2025-12-30,701.9,701.9,701.9,701.9,0,1170,0
FINNIFTY30DEC2527400CE.NFO,2025-11-26,12:39:00,2025-12-30,701.9,701.9,701.9,701.9,0,1170,0
FINNIFTY30DEC2527400CE.NFO,2025-11-26,12:40:00,2025-12-30,701.9,701.9,701.9,701.9,0,1170,0
FINNIFTY30DEC2527400CE.NFO,2025-11-26,12:41:00,2025-12-30,701.9,701.9,701.9,701.9,0,1170,0
FINNIFTY30DEC2527400CE.NFO,2025-11-26,12:42:00,2025-12-30,701.9,701.9,701.9,701.9,0,1170,0
FINNIFTY30DEC2527400CE.NFO,2025-11-26,12:43:00,2025-12-30,701.9,701.9,701.9,701.9,0,1170,0
FINNIFTY30DEC2527400CE.NFO,2025-11-26,12:44:00,2025-12-30,701.9,701.9,701.9,701.9,0,1170,0
FINNIFTY30DEC2527400CE.NFO,2025-11-26,12:45:00,2025-12-30,701.9,701.9,701.9,701.9,0,1170,0
FINNIFTY30DEC2527400CE.NFO,2025-11-26,12:46:00,2025-12-30,701.9,701.9,701.9,701.9,0,1170,0
FINNIFTY30DEC2527400CE.NFO,2025-11-26,12:47:00,2025-12-30,701.9,701.9,701.9,701.9,0,1170,0
FINNIFTY30DEC2527400CE.NFO,2025-11-26,12:48:00,2025-12-30,701.9,701.9,701.9,701.9,0,1170,0
FINNIFTY30DEC2527400CE.NFO,2025-11-26,12:49:00,2025-12-30,701.9,701.9,701.9,701.9,0,1170,0
FINNIFTY30DEC2527400CE.NFO,2025-11-26,12:50:00,2025-12-30,701.9,701.9,701.9,701.9,0,1170,0
FINNIFTY30DEC2527400CE.NFO,2025-11-26,12:51:00,2025-12-30,701.9,701.9,701.9,701.9,0,1170,0
FINNIFTY30DEC2527400CE.NFO,2025-11-26,12:52:00,2025-12-30,701.9,701.9,701.9,701.9,0,1170,0
FINNIFTY30DEC2527400CE.NFO,2025-11-26,12:53:00,2025-12-30,701.9,701.9,701.9,701.9,0,1170,0
FINNIFTY30DEC2527400CE.NFO,2025-11-26,12:54:00,2025-12-30,701.9,701.9,701.9,701.9,0,1170,0
FINNIFTY30DEC2527400CE.NFO,2025-11-26,12:55:00,2025-12-30,701.9,701.9,701.9,701.9,0,1170,0
FINNIFTY30DEC2527400CE.NFO,2025-11-26,12:56:00,2025-12-30,701.9,701.9,701.9,701.9,0,1170,0
FINNIFTY30DEC2527400CE.NFO,2025-11-26,12:57:00,2025-12-30,701.9,701.9,701.9,701.9,0,1170,0
FINNIFTY30DEC2527400CE.NFO,2025-11-26,12:58:00,2025-12-30,701.9,701.9,701.9,701.9,0,1170,0
FINNIFTY30DEC2527400CE.NFO,2025-11-26,12:59:00,2025-12-30,701.9,701.9,701.9,701.9,0,1170,0
FINNIFTY30DEC2527400CE.NFO,2025-11-26,13:00:00,2025-12-30,701.9,701.9,701.9,701.9,0,1170,0
FINNIFTY30DEC2527400CE.NFO,2025-11-26,13:01:00,2025-12-30,701.9,701.9,701.9,701.9,0,1170,0
FINNIFTY30DEC2527400CE.NFO,2025-11-26,13:02:00,2025-12-30,701.9,701.9,701.9,701.9,0,1170,0
FINNIFTY30DEC2527400CE.NFO,2025-11-26,13:03:00,2025-12-30,701.9,701.9,701.9,701.9,0,1170,0
FINNIFTY30DEC2527400CE.NFO,2025-11-26,13:04:00,2025-12-30,701.9,701.9,701.9,701.9,0,1170,0
FINNIFTY30DEC2527400CE.NFO,2025-11-26,13:05:00,2025-12-30,701.9,701.9,701.9,701.9,0,1170,0
FINNIFTY30DEC2527400CE.NFO,2025-11-26,13:06:00,2025-12-30,701.9,701.9,701.9,701.9,0,1170,0
FINNIFTY30DEC2527400CE.NFO,2025-11-26,13:07:00,2025-12-30,701.9,701.9,701.9,701.9,0,1170,0
FINNIFTY30DEC2527400CE.NFO,2025-11-26,13:08:00,2025-12-30,701.9,701.9,701.9,701.9,0,1170,0
FINNIFTY30DEC2527400CE.NFO,2025-11-26,13:09:00,2025-12-30,701.9,701.9,701.9,701.9,0,1170,0
FINNIFTY30DEC2527400CE.NFO,2025-11-26,13:10:00,2025-12-30,701.9,701.9,701.9,701.9,0,1170,0
FINNIFTY30DEC2527400CE.NFO,2025-11-26,13:11:00,2025-12-30,701.9,732.25,701.9,732.25,455,1170,0
FINNIFTY30DEC2527400CE.NFO,2025-11-26,13:12:00,2025-12-30,732.25,732.25,732.25,732.25,0,1170,0
FINNIFTY30DEC2527400CE.NFO,2025-11-26,13:13:00,2025-12-30,732.25,732.25,732.25,732.25,0,1170,0
FINNIFTY30DEC2527400CE.NFO,2025-11-26,13:14:00,2025-12-30,732.25,732.25,732.25,732.25,0,1170,0
FINNIFTY30DEC2527400CE.NFO,2025-11-26,13:15:00,2025-12-30,732.25,732.25,732.25,732.25,0,1170,0
FINNIFTY30DEC2527400CE.NFO,2025-11-26,13:16:00,2025-12-30,732.25,732.25,732.25,732.25,0,1170,0
FINNIFTY30DEC2527400CE.NFO,2025-11-26,13:17:00,2025-12-30,732.25,732.25,732.25,732.25,0,1170,0
FINNIFTY30DEC2527400CE.NFO,2025-11-26,13:18:00,2025-12-30,732.25,732.25,732.25,732.25,0,1170,0
FINNIFTY30DEC2527400CE.NFO,2025-11-26,13:19:00,2025-12-30,732.25,732.25,732.25,732.25,0,1170,0
FINNIFTY30DEC2527400CE.NFO,2025-11-26,13:20:00,2025-12-30,732.25,732.25,732.25,732.25,0,1170,0
FINNIFTY30DEC2527400CE.NFO,2025-11-26,13:21:00,2025-12-30,732.25,732.25,732.25,732.25,0,1170,0
FINNIFTY30DEC2527400CE.NFO,2025-11-26,13:22:00,2025-12-30,732.25,732.25,732.25,732.25,0,1170,0
FINNIFTY30DEC2527400CE.NFO,2025-11-26,13:23:00,2025-12-30,732.25,732.25,732.25,732.25,0,1170,0
FINNIFTY30DEC2527400CE.NFO,2025-11-26,13:24:00,2025-12-30,732.25,732.25,732.25,732.25,0,1170,0
FINNIFTY30DEC2527400CE.NFO,2025-11-26,13:25:00,2025-12-30,732.25,732.25,732.25,732.25,0,1170,0
FINNIFTY30DEC2527400CE.NFO,2025-11-26,13:26:00,2025-12-30,732.25,732.25,732.25,732.25,0,1170,0
FINNIFTY30DEC2527400CE.NFO,2025-11-26,13:27:00,2025-12-30,732.25,732.25,732.25,732.25,0,1170,0
FINNIFTY30DEC2527400CE.NFO,2025-11-26,13:28:00,2025-12-30,732.25,732.25,732.25,732.25,0,1170,0
FINNIFTY30DEC2527400CE.NFO,2025-11-26,13:29:00,2025-12-30,732.25,732.25,732.25,732.25,0,1170,0
FINNIFTY30DEC2527400CE.NFO,2025-11-26,13:30:00,2025-12-30,732.25,732.25,732.25,732.25,0,1170,0
FINNIFTY30DEC2527400CE.NFO,2025-11-26,13:31:00,2025-12-30,732.25,732.25,732.25,732.25,0,1170,0
FINNIFTY30DEC2527400CE.NFO,2025-11-26,13:32:00,2025-12-30,732.25,732.25,732.25,732.25,0,1170,0
FINNIFTY30DEC2527400CE.NFO,2025-11-26,13:33:00,2025-12-30,732.25,732.25,732.25,732.25,0,1170,0
FINNIFTY30DEC2527400CE.NFO,2025-11-26,13:34:00,2025-12-30,732.25,732.25,732.25,732.25,0,1170,0
FINNIFTY30DEC2527400CE.NFO,2025-11-26,13:35:00,2025-12-30,732.25,732.25,732.25,732.25,0,1170,0
FINNIFTY30DEC2527400CE.NFO,2025-11-26,13:36:00,2025-12-30,732.25,732.25,732.25,732.25,0,1170,0
FINNIFTY30DEC2527400CE.NFO,2025-11-26,13:37:00,2025-12-30,732.25,732.25,732.25,732.25,0,1170,0
FINNIFTY30DEC2527400CE.NFO,2025-11-26,13:38:00,2025-12-30,732.25,732.25,732.25,732.25,0,1170,0
FINNIFTY30DEC2527400CE.NFO,2025-11-26,13:39:00,2025-12-30,732.25,732.25,732.25,732.25,0,1170,0
FINNIFTY30DEC2527400CE.NFO,2025-11-26,13:40:00,2025-12-30,732.25,732.25,732.25,732.25,0,1170,0
FINNIFTY30DEC2527400CE.NFO,2025-11-26,13:41:00,2025-12-30,732.25,732.25,732.25,732.25,0,1170,0
FINNIFTY30DEC2527400CE.NFO,2025-11-26,13:42:00,2025-12-30,732.25,732.25,732.25,732.25,0,1170,0
FINNIFTY30DEC2527400CE.NFO,2025-11-26,13:43:00,2025-12-30,732.25,732.25,732.25,732.25,0,1170,0
FINNIFTY30DEC2527400CE.NFO,2025-11-26,13:44:00,2025-12-30,732.25,732.25,732.25,732.25,0,1170,0
FINNIFTY30DEC2527400CE.NFO,2025-11-26,13:45:00,2025-12-30,732.25,732.25,732.25,732.25,0,1170,0
FINNIFTY30DEC2527400CE.NFO,2025-11-26,13:46:00,2025-12-30,732.25,732.25,732.25,732.25,0,1170,0
FINNIFTY30DEC2527400CE.NFO,2025-11-26,13:47:00,2025-12-30,732.25,732.25,732.25,732.25,0,1170,0
FINNIFTY30DEC2527400CE.NFO,2025-11-26,13:48:00,2025-12-30,732.25,732.25,732.25,732.25,0,1170,0
FINNIFTY30DEC2527400CE.NFO,2025-11-26,13:49:00,2025-12-30,732.25,732.25,732.25,732.25,0,1170,0
FINNIFTY30DEC2527400CE.NFO,2025-11-26,13:50:00,2025-12-30,732.25,732.25,732.25,732.25,0,1170,0
FINNIFTY30DEC2527400CE.NFO,2025-11-26,13:51:00,2025-12-30,732.25,732.25,732.25,732.25,0,1170,0
FINNIFTY30DEC2527400CE.NFO,2025-11-26,13:52:00,2025-12-30,732.25,732.25,732.25,732.25,0,1170,0
FINNIFTY30DEC2527400CE.NFO,2025-11-26,13:53:00,2025-12-30,732.25,732.25,732.25,732.25,0,1170,0
FINNIFTY30DEC2527400CE.NFO,2025-11-26,13:54:00,2025-12-30,732.25,732.25,732.25,732.25,0,1170,0
FINNIFTY30DEC2527400CE.NFO,2025-11-26,13:55:00,2025-12-30,732.25,732.25,732.25,732.25,0,1170,0
FINNIFTY30DEC2527400CE.NFO,2025-11-26,13:56:00,2025-12-30,732.25,732.25,732.25,732.25,0,1170,0
FINNIFTY30DEC2527400CE.NFO,2025-11-26,13:57:00,2025-12-30,732.25,732.25,732.25,732.25,0,1170,0
FINNIFTY30DEC2527400CE.NFO,2025-11-26,13:58:00,2025-12-30,732.25,732.25,732.25,732.25,0,1170,0
FINNIFTY30DEC2527400CE.NFO,2025-11-26,13:59:00,2025-12-30,732.25,732.25,732.25,732.25,0,1170,0
FINNIFTY30DEC2527400CE.NFO,2025-11-26,14:00:00,2025-12-30,732.25,732.25,732.25,732.25,0,1170,0
FINNIFTY30DEC2527400CE.NFO,2025-11-26,14:01:00,2025-12-30,732.25,732.25,732.25,732.25,0,1170,0
FINNIFTY30DEC2527400CE.NFO,2025-11-26,14:02:00,2025-12-30,732.25,732.25,732.25,732.25,0,1170,0
FINNIFTY30DEC2527400CE.NFO,2025-11-26,14:03:00,2025-12-30,732.25,732.25,732.25,732.25,0,1170,0
FINNIFTY30DEC2527400CE.NFO,2025-11-26,14:04:00,2025-12-30,732.25,732.25,732.25,732.25,0,1170,0
FINNIFTY30DEC2527400CE.NFO,2025-11-26,14:05:00,2025-12-30,732.25,732.25,732.25,732.25,0,1170,0
FINNIFTY30DEC2527400CE.NFO,2025-11-26,14:06:00,2025-12-30,732.25,732.25,732.25,732.25,0,1170,0
FINNIFTY30DEC2527400CE.NFO,2025-11-26,14:07:00,2025-12-30,732.25,732.25,732.25,732.25,0,1170,0
FINNIFTY30DEC2527400CE.NFO,2025-11-26,14:08:00,2025-12-30,732.25,732.25,732.25,732.25,0,1170,0
FINNIFTY30DEC2527400CE.NFO,2025-11-26,14:09:00,2025-12-30,732.25,732.25,732.25,732.25,0,1170,0
FINNIFTY30DEC2527400CE.NFO,2025-11-26,14:10:00,2025-12-30,732.25,732.25,732.25,732.25,0,1170,0
FINNIFTY30DEC2527400CE.NFO,2025-11-26,14:11:00,2025-12-30,732.25,732.25,732.25,732.25,0,1170,0
FINNIFTY30DEC2527400CE.NFO,2025-11-26,14:12:00,2025-12-30,732.25,732.25,732.25,732.25,0,1170,0
FINNIFTY30DEC2527400CE.NFO,2025-11-26,14:13:00,2025-12-30,732.25,732.25,732.25,732.25,0,1170,0
FINNIFTY30DEC2527400CE.NFO,2025-11-26,14:14:00,2025-12-30,732.25,732.25,732.25,732.25,0,1170,0
FINNIFTY30DEC2527400CE.NFO,2025-11-26,14:15:00,2025-12-30,732.25,732.25,732.25,732.25,0,1170,0
FINNIFTY30DEC2527400CE.NFO,2025-11-26,14:16:00,2025-12-30,732.25,732.25,732.25,732.25,0,1170,0
FINNIFTY30DEC2527400CE.NFO,2025-11-26,14:17:00,2025-12-30,732.25,732.25,732.25,732.25,0,1170,0
FINNIFTY30DEC2527400CE.NFO,2025-11-26,14:18:00,2025-12-30,732.25,732.25,732.25,732.25,0,1170,0
FINNIFTY30DEC2527400CE.NFO,2025-11-26,14:19:00,2025-12-30,732.25,732.25,732.25,732.25,0,1170,0
FINNIFTY30DEC2527400CE.NFO,2025-11-26,14:20:00,2025-12-30,732.25,732.25,732.25,732.25,0,1170,0
FINNIFTY30DEC2527400CE.NFO,2025-11-26,14:21:00,2025-12-30,732.25,732.25,732.25,732.25,0,1170,0
FINNIFTY30DEC2527400CE.NFO,2025-11-26,14:22:00,2025-12-30,732.25,732.25,732.25,732.25,0,1170,0
FINNIFTY30DEC2527400CE.NFO,2025-11-26,14:23:00,2025-12-30,732.25,745.2,732.25,745.2,130,845,0
FINNIFTY30DEC2527400CE.NFO,2025-11-26,14:24:00,2025-12-30,745.2,745.2,745.2,745.2,0,845,0
FINNIFTY30DEC2527400CE.NFO,2025-11-26,14:25:00,2025-12-30,745.2,745.2,745.2,745.2,0,845,0
FINNIFTY30DEC2527400CE.NFO,2025-11-26,14:26:00,2025-12-30,745.2,745.2,745.2,745.2,0,845,0
FINNIFTY30DEC2527400CE.NFO,2025-11-26,14:27:00,2025-12-30,745.2,745.2,745.2,745.2,0,845,0
FINNIFTY30DEC2527400CE.NFO,2025-11-26,14:28:00,2025-12-30,745.2,745.2,745.2,745.2,0,845,0
FINNIFTY30DEC2527400CE.NFO,2025-11-26,14:29:00,2025-12-30,745.2,745.2,745.2,745.2,0,845,0
FINNIFTY30DEC2527400CE.NFO,2025-11-26,14:30:00,2025-12-30,745.2,745.2,745.2,745.2,0,845,0
FINNIFTY30DEC2527400CE.NFO,2025-11-26,14:31:00,2025-12-30,745.2,745.2,745.2,745.2,0,845,0
FINNIFTY30DEC2527400CE.NFO,2025-11-26,14:32:00,2025-12-30,745.2,745.2,745.2,745.2,0,845,0
FINNIFTY30DEC2527400CE.NFO,2025-11-26,14:33:00,2025-12-30,745.2,745.2,745.2,745.2,0,845,0
FINNIFTY30DEC2527400CE.NFO,2025-11-26,14:34:00,2025-12-30,745.2,745.2,745.2,745.2,0,845,0
FINNIFTY30DEC2527400CE.NFO,2025-11-26,14:35:00,2025-12-30,745.2,745.2,745.2,745.2,0,845,0
FINNIFTY30DEC2527400CE.NFO,2025-11-26,14:36:00,2025-12-30,745.2,745.2,745.2,745.2,0,845,0
FINNIFTY30DEC2527400CE.NFO,2025-11-26,14:37:00,2025-12-30,745.2,745.2,745.2,745.2,0,845,0
FINNIFTY30DEC2527400CE.NFO,2025-11-26,14:38:00,2025-12-30,745.2,745.2,745.2,745.2,0,845,0
FINNIFTY30DEC2527400CE.NFO,2025-11-26,14:39:00,2025-12-30,745.2,745.2,745.2,745.2,0,845,0
FINNIFTY30DEC2527400CE.NFO,2025-11-26,14:40:00,2025-12-30,745.2,745.2,745.2,745.2,0,845,0
FINNIFTY30DEC2527400CE.NFO,2025-11-26,14:41:00,2025-12-30,745.2,745.2,745.2,745.2,0,845,0
FINNIFTY30DEC2527400CE.NFO,2025-11-26,14:42:00,2025-12-30,745.2,745.2,745.2,745.2,0,845,0
FINNIFTY30DEC2527400CE.NFO,2025-11-26,14:43:00,2025-12-30,745.2,745.2,745.2,745.2,0,845,0
FINNIFTY30DEC2527400CE.NFO,2025-11-26,14:44:00,2025-12-30,745.2,745.2,745.2,745.2,0,845,0
FINNIFTY30DEC2527400CE.NFO,2025-11-26,14:45:00,2025-12-30,745.2,745.2,745.2,745.2,0,845,0
FINNIFTY30DEC2527400CE.NFO,2025-11-26,14:46:00,2025-12-30,745.2,745.2,745.2,745.2,0,845,0
FINNIFTY30DEC2527400CE.NFO,2025-11-26,14:47:00,2025-12-30,745.2,745.2,745.2,745.2,0,845,0
FINNIFTY30DEC2527400CE.NFO,2025-11-26,14:48:00,2025-12-30,745.2,745.2,745.2,745.2,0,845,0
FINNIFTY30DEC2527400CE.NFO,2025-11-26,14:49:00,2025-12-30,745.2,745.2,745.2,745.2,0,845,0
FINNIFTY30DEC2527400CE.NFO,2025-11-26,14:50:00,2025-12-30,745.2,745.2,745.2,745.2,0,845,0
FINNIFTY30DEC2527400CE.NFO,2025-11-26,14:51:00,2025-12-30,745.2,745.2,745.2,745.2,0,845,0
FINNIFTY30DEC2527400CE.NFO,2025-11-26,14:52:00,2025-12-30,745.2,745.2,745.2,745.2,0,845,0
FINNIFTY30DEC2527400CE.NFO,2025-11-26,14:53:00,2025-12-30,745.2,745.2,745.2,745.2,0,845,0
FINNIFTY30DEC2527400CE.NFO,2025-11-26,14:54:00,2025-12-30,745.2,745.2,745.2,745.2,0,845,0
FINNIFTY30DEC2527400CE.NFO,2025-11-26,14:55:00,2025-12-30,745.2,745.2,745.2,745.2,0,845,0
FINNIFTY30DEC2527400CE.NFO,2025-11-26,14:56:00,2025-12-30,745.2,745.2,745.2,745.2,0,845,0
FINNIFTY30DEC2527400CE.NFO,2025-11-26,14:57:00,2025-12-30,745.2,745.2,745.2,745.2,0,845,0
FINNIFTY30DEC2527400CE.NFO,2025-11-26,14:58:00,2025-12-30,745.2,745.2,745.2,745.2,0,845,0
FINNIFTY30DEC2527400CE.NFO,2025-11-26,14:59:00,2025-12-30,745.2,745.2,745.2,745.2,0,845,0
FINNIFTY30DEC2527400CE.NFO,2025-11-26,15:00:00,2025-12-30,745.2,745.2,745.2,745.2,0,845,0
FINNIFTY30DEC2527400CE.NFO,2025-11-26,15:01:00,2025-12-30,745.2,745.2,745.2,745.2,0,845,0
FINNIFTY30DEC2527400CE.NFO,2025-11-26,15:02:00,2025-12-30,745.2,745.2,745.2,745.2,0,845,0
FINNIFTY30DEC2527400CE.NFO,2025-11-26,15:03:00,2025-12-30,745.2,745.2,745.2,745.2,0,845,0
FINNIFTY30DEC2527400CE.NFO,2025-11-26,15:04:00,2025-12-30,745.2,745.2,745.2,745.2,0,845,0
FINNIFTY30DEC2527400CE.NFO,2025-11-26,15:05:00,2025-12-30,745.2,745.2,745.2,745.2,0,845,0
FINNIFTY30DEC2527400CE.NFO,2025-11-26,15:06:00,2025-12-30,745.2,745.2,742.9,742.9,65,975,0
FINNIFTY30DEC2527400CE.NFO,2025-11-26,15:07:00,2025-12-30,742.9,742.9,742.9,742.9,0,975,0
FINNIFTY30DEC2527400CE.NFO,2025-11-26,15:08:00,2025-12-30,742.9,742.9,742.9,742.9,0,975,0
FINNIFTY30DEC2527400CE.NFO,2025-11-26,15:09:00,2025-12-30,742.9,742.9,742.9,742.9,0,975,0
FINNIFTY30DEC2527400CE.NFO,2025-11-26,15:10:00,2025-12-30,742.9,742.9,742.9,742.9,0,975,0
FINNIFTY30DEC2527400CE.NFO,2025-11-26,15:11:00,2025-12-30,742.9,742.9,742.9,742.9,0,975,0
FINNIFTY30DEC2527400CE.NFO,2025-11-26,15:12:00,2025-12-30,742.9,742.9,742.9,742.9,0,975,0
FINNIFTY30DEC2527400CE.NFO,2025-11-26,15:13:00,2025-12-30,742.9,742.9,742.9,742.9,0,975,0
FINNIFTY30DEC2527400CE.NFO,2025-11-26,15:14:00,2025-12-30,742.9,742.9,742.9,742.9,0,975,0
FINNIFTY30DEC2527400CE.NFO,2025-11-26,15:15:00,2025-12-30,742.9,742.9,742.9,742.9,0,975,0
FINNIFTY30DEC2527400CE.NFO,2025-11-26,15:16:00,2025-12-30,742.9,742.9,733.35,733.35,130,910,0
FINNIFTY30DEC2527400CE.NFO,2025-11-26,15:17:00,2025-12-30,733.35,733.35,733.35,733.35,0,910,0
FINNIFTY30DEC2527400CE.NFO,2025-11-26,15:18:00,2025-12-30,733.35,733.35,733.35,733.35,0,910,0
FINNIFTY30DEC2527400CE.NFO,2025-11-26,15:19:00,2025-12-30,733.35,733.35,733.35,733.35,0,910,0
FINNIFTY30DEC2527400CE.NFO,2025-11-26,15:20:00,2025-12-30,733.35,733.35,733.35,733.35,0,910,0
FINNIFTY30DEC2527400CE.NFO,2025-11-26,15:21:00,2025-12-30,733.35,733.35,733.35,733.35,0,910,0
FINNIFTY30DEC2527400CE.NFO,2025-11-26,15:22:00,2025-12-30,733.35,733.35,733.35,733.35,0,910,0
FINNIFTY30DEC2527400CE.NFO,2025-11-26,15:23:00,2025-12-30,733.35,733.35,733.35,733.35,0,910,0
FINNIFTY30DEC2527400CE.NFO,2025-11-26,15:24:00,2025-12-30,733.35,733.35,733.35,733.35,0,910,0
FINNIFTY30DEC2527400CE.NFO,2025-11-26,15:25:00,2025-12-30,733.35,733.35,733.35,733.35,0,910,0
FINNIFTY30DEC2527400CE.NFO,2025-11-26,15:26:00,2025-12-30,733.35,733.35,733.35,733.35,0,910,0
FINNIFTY30DEC2527400CE.NFO,2025-11-26,15:27:00,2025-12-30,733.35,733.35,733.35,733.35,0,910,0
FINNIFTY30DEC2527400CE.NFO,2025-11-26,15:28:00,2025-12-30,733.35,749.0,733.35,749.0,65,910,0
FINNIFTY30DEC2527400CE.NFO,2025-11-26,15:29:00,2025-12-30,749.0,749.0,749.0,749.0,0,910,0
FINNIFTY30DEC2527400CE.NFO,2025-11-26,15:30:00,2025-12-30,749.0,749.0,749.0,749.0,0,910,1
FINNIFTY30DEC2527400CE.NFO,2025-11-27,09:15:00,2025-12-30,800.0,800.0,800.0,800.0,0,910,1
FINNIFTY30DEC2527400CE.NFO,2025-11-27,09:16:00,2025-12-30,800.0,800.0,800.0,800.0,0,910,1
FINNIFTY30DEC2527400CE.NFO,2025-11-27,09:17:00,2025-12-30,800.0,800.0,800.0,800.0,0,910,1
FINNIFTY30DEC2527400CE.NFO,2025-11-27,09:18:00,2025-12-30,800.0,800.0,800.0,800.0,0,910,1
FINNIFTY30DEC2527400CE.NFO,2025-11-27,09:19:00,2025-12-30,800.0,800.0,800.0,800.0,0,910,0
FINNIFTY30DEC2527400CE.NFO,2025-11-27,09:20:00,2025-12-30,800.0,800.0,800.0,800.0,0,910,0
FINNIFTY30DEC2527400CE.NFO,2025-11-27,09:21:00,2025-12-30,800.0,800.0,800.0,800.0,0,910,0
FINNIFTY30DEC2527400CE.NFO,2025-11-27,09:22:00,2025-12-30,800.0,800.0,800.0,800.0,0,910,0
FINNIFTY30DEC2527400CE.NFO,2025-11-27,09:23:00,2025-12-30,800.0,800.0,800.0,800.0,0,910,0
FINNIFTY30DEC2527400CE.NFO,2025-11-27,09:24:00,2025-12-30,800.0,800.0,800.0,800.0,0,910,0
FINNIFTY30DEC2527400CE.NFO,2025-11-27,09:25:00,2025-12-30,800.0,800.0,800.0,800.0,0,910,0
FINNIFTY30DEC2527400CE.NFO,2025-11-27,09:26:00,2025-12-30,800.0,800.0,800.0,800.0,0,910,0
FINNIFTY30DEC2527400CE.NFO,2025-11-27,09:27:00,2025-12-30,800.0,800.0,800.0,800.0,0,910,0
FINNIFTY30DEC2527400CE.NFO,2025-11-27,09:28:00,2025-12-30,800.0,800.0,800.0,800.0,0,910,0
FINNIFTY30DEC2527400CE.NFO,2025-11-27,09:29:00,2025-12-30,800.0,800.0,800.0,800.0,0,910,0
FINNIFTY30DEC2527400CE.NFO,2025-11-27,09:30:00,2025-12-30,800.0,800.0,800.0,800.0,0,910,0
FINNIFTY30DEC2527400CE.NFO,2025-11-27,09:31:00,2025-12-30,800.0,800.0,800.0,800.0,0,910,0
FINNIFTY30DEC2527400CE.NFO,2025-11-27,09:32:00,2025-12-30,800.0,800.0,800.0,800.0,0,910,0
FINNIFTY30DEC2527400CE.NFO,2025-11-27,09:33:00,2025-12-30,800.0,800.0,800.0,800.0,0,910,0
FINNIFTY30DEC2527400CE.NFO,2025-11-27,09:34:00,2025-12-30,800.0,800.0,800.0,800.0,0,910,0
FINNIFTY30DEC2527400CE.NFO,2025-11-27,09:35:00,2025-12-30,800.0,800.0,800.0,800.0,0,910,0
FINNIFTY30DEC2527400CE.NFO,2025-11-27,09:36:00,2025-12-30,800.0,800.0,800.0,800.0,0,910,0
FINNIFTY30DEC2527400CE.NFO,2025-11-27,09:37:00,2025-12-30,800.0,800.0,800.0,800.0,0,910,0
FINNIFTY30DEC2527400CE.NFO,2025-11-27,09:38:00,2025-12-30,800.0,800.0,800.0,800.0,0,910,0
FINNIFTY30DEC2527400CE.NFO,2025-11-27,09:39:00,2025-12-30,800.0,800.0,800.0,800.0,0,910,0
FINNIFTY30DEC2527400CE.NFO,2025-11-27,09:40:00,2025-12-30,800.0,800.0,800.0,800.0,0,910,0
FINNIFTY30DEC2527400CE.NFO,2025-11-27,09:41:00,2025-12-30,800.0,800.0,800.0,800.0,0,910,0
FINNIFTY30DEC2527400CE.NFO,2025-11-27,09:42:00,2025-12-30,800.0,800.0,800.0,800.0,0,910,0
FINNIFTY30DEC2527400CE.NFO,2025-11-27,09:43:00,2025-12-30,800.0,800.0,800.0,800.0,0,910,0
FINNIFTY30DEC2527400CE.NFO,2025-11-27,09:44:00,2025-12-30,800.0,800.0,800.0,800.0,0,910,0
FINNIFTY30DEC2527400CE.NFO,2025-11-27,09:45:00,2025-12-30,800.0,800.0,800.0,800.0,0,910,0
FINNIFTY30DEC2527400CE.NFO,2025-11-27,09:46:00,2025-12-30,800.0,800.0,800.0,800.0,0,910,0
FINNIFTY30DEC2527400CE.NFO,2025-11-27,09:47:00,2025-12-30,800.0,800.0,800.0,800.0,0,910,0
FINNIFTY30DEC2527400CE.NFO,2025-11-27,09:48:00,2025-12-30,800.0,800.0,800.0,800.0,0,910,0
FINNIFTY30DEC2527400CE.NFO,2025-11-27,09:49:00,2025-12-30,800.0,800.0,800.0,800.0,0,910,0
FINNIFTY30DEC2527400CE.NFO,2025-11-27,09:50:00,2025-12-30,800.0,800.0,800.0,800.0,0,910,0
FINNIFTY30DEC2527400CE.NFO,2025-11-27,09:51:00,2025-12-30,800.0,800.0,800.0,800.0,0,910,0
FINNIFTY30DEC2527400CE.NFO,2025-11-27,09:52:00,2025-12-30,800.0,800.0,800.0,800.0,0,910,0
FINNIFTY30DEC2527400CE.NFO,2025-11-27,09:53:00,2025-12-30,800.0,800.0,800.0,800.0,0,910,0
FINNIFTY30DEC2527400CE.NFO,2025-11-27,09:54:00,2025-12-30,800.0,800.0,800.0,800.0,0,910,0
FINNIFTY30DEC2527400CE.NFO,2025-11-27,09:55:00,2025-12-30,800.0,800.0,800.0,800.0,0,910,0
FINNIFTY30DEC2527400CE.NFO,2025-11-27,09:56:00,2025-12-30,800.0,800.0,800.0,800.0,0,910,0
FINNIFTY30DEC2527400CE.NFO,2025-11-27,09:57:00,2025-12-30,800.0,800.0,800.0,800.0,0,910,0
FINNIFTY30DEC2527400CE.NFO,2025-11-27,09:58:00,2025-12-30,800.0,800.0,800.0,800.0,0,910,0
FINNIFTY30DEC2527400CE.NFO,2025-11-27,09:59:00,2025-12-30,800.0,800.0,800.0,800.0,0,910,0
FINNIFTY30DEC2527400CE.NFO,2025-11-27,10:00:00,2025-12-30,800.0,800.0,800.0,800.0,0,910,0
FINNIFTY30DEC2527400CE.NFO,2025-11-27,10:01:00,2025-12-30,800.0,800.0,800.0,800.0,0,910,0
FINNIFTY30DEC2527400CE.NFO,2025-11-27,10:02:00,2025-12-30,800.0,800.0,800.0,800.0,0,910,0
FINNIFTY30DEC2527400CE.NFO,2025-11-27,10:03:00,2025-12-30,800.0,800.0,800.0,800.0,0,910,0
FINNIFTY30DEC2527400CE.NFO,2025-11-27,10:04:00,2025-12-30,800.0,800.0,800.0,800.0,0,910,0
FINNIFTY30DEC2527400CE.NFO,2025-11-27,10:05:00,2025-12-30,800.0,800.0,800.0,800.0,0,910,0
FINNIFTY30DEC2527400CE.NFO,2025-11-27,10:06:00,2025-12-30,800.0,800.0,800.0,800.0,0,910,0
FINNIFTY30DEC2527400CE.NFO,2025-11-27,10:07:00,2025-12-30,800.0,800.0,800.0,800.0,0,910,0
FINNIFTY30DEC2527400CE.NFO,2025-11-27,10:08:00,2025-12-30,800.0,800.0,800.0,800.0,0,910,0
FINNIFTY30DEC2527400CE.NFO,2025-11-27,10:09:00,2025-12-30,800.0,800.0,800.0,800.0,0,910,0
FINNIFTY30DEC2527400CE.NFO,2025-11-27,10:10:00,2025-12-30,800.0,800.0,800.0,800.0,0,910,0
FINNIFTY30DEC2527400CE.NFO,2025-11-27,10:11:00,2025-12-30,800.0,800.0,800.0,800.0,0,910,0
FINNIFTY30DEC2527400CE.NFO,2025-11-27,10:12:00,2025-12-30,800.0,800.0,800.0,800.0,0,910,0
FINNIFTY30DEC2527400CE.NFO,2025-11-27,10:13:00,2025-12-30,800.0,800.0,800.0,800.0,0,910,0
FINNIFTY30DEC2527400CE.NFO,2025-11-27,10:14:00,2025-12-30,800.0,800.0,800.0,800.0,0,910,0
FINNIFTY30DEC2527400CE.NFO,2025-11-27,10:15:00,2025-12-30,800.0,800.0,800.0,800.0,0,910,0
FINNIFTY30DEC2527400CE.NFO,2025-11-27,10:16:00,2025-12-30,800.0,800.0,800.0,800.0,0,910,0
FINNIFTY30DEC2527400CE.NFO,2025-11-27,10:17:00,2025-12-30,800.0,800.0,800.0,800.0,0,910,0
FINNIFTY30DEC2527400CE.NFO,2025-11-27,10:18:00,2025-12-30,800.0,800.0,800.0,800.0,0,910,0
FINNIFTY30DEC2527400CE.NFO,2025-11-27,10:19:00,2025-12-30,800.0,800.0,800.0,800.0,0,910,0
FINNIFTY30DEC2527400CE.NFO,2025-11-27,10:20:00,2025-12-30,800.0,800.0,800.0,800.0,0,910,0
FINNIFTY30DEC2527400CE.NFO,2025-11-27,10:21:00,2025-12-30,800.0,800.0,800.0,800.0,0,910,0
FINNIFTY30DEC2527400CE.NFO,2025-11-27,10:22:00,2025-12-30,800.0,800.0,800.0,800.0,0,910,0
FINNIFTY30DEC2527400CE.NFO,2025-11-27,10:23:00,2025-12-30,800.0,800.0,800.0,800.0,0,910,0
FINNIFTY30DEC2527400CE.NFO,2025-11-27,10:24:00,2025-12-30,800.0,800.0,800.0,800.0,0,910,0
FINNIFTY30DEC2527400CE.NFO,2025-11-27,10:25:00,2025-12-30,800.0,800.0,800.0,800.0,0,910,0
FINNIFTY30DEC2527400CE.NFO,2025-11-27,10:26:00,2025-12-30,800.0,800.0,800.0,800.0,0,910,0
FINNIFTY30DEC2527400CE.NFO,2025-11-27,10:27:00,2025-12-30,800.0,800.0,800.0,800.0,0,910,0
FINNIFTY30DEC2527400CE.NFO,2025-11-27,10:28:00,2025-12-30,800.0,800.0,800.0,800.0,0,910,0
FINNIFTY30DEC2527400CE.NFO,2025-11-27,10:29:00,2025-12-30,800.0,800.0,800.0,800.0,0,910,1
FINNIFTY30DEC2527400CE.NFO,2025-11-27,10:30:00,2025-12-30,800.0,800.0,800.0,800.0,0,910,0
FINNIFTY30DEC2527400CE.NFO,2025-11-27,10:31:00,2025-12-30,800.0,800.0,800.0,800.0,0,910,0
FINNIFTY30DEC2527400CE.NFO,2025-11-27,10:32:00,2025-12-30,800.0,800.0,800.0,800.0,0,910,0
FINNIFTY30DEC2527400CE.NFO,2025-11-27,10:33:00,2025-12-30,800.0,800.0,800.0,800.0,0,910,0
FINNIFTY30DEC2527400CE.NFO,2025-11-27,10:34:00,2025-12-30,800.0,800.0,800.0,800.0,0,910,0
FINNIFTY30DEC2527400CE.NFO,2025-11-27,10:35:00,2025-12-30,800.0,800.0,800.0,800.0,0,910,0
FINNIFTY30DEC2527400CE.NFO,2025-11-27,10:36:00,2025-12-30,800.0,800.0,800.0,800.0,0,910,0
FINNIFTY30DEC2527400CE.NFO,2025-11-27,10:37:00,2025-12-30,800.0,800.0,800.0,800.0,0,910,0
FINNIFTY30DEC2527400CE.NFO,2025-11-27,10:38:00,2025-12-30,800.0,800.0,800.0,800.0,0,910,0
FINNIFTY30DEC2527400CE.NFO,2025-11-27,10:39:00,2025-12-30,800.0,800.0,800.0,800.0,0,910,0
FINNIFTY30DEC2527400CE.NFO,2025-11-27,10:40:00,2025-12-30,800.0,800.0,800.0,800.0,0,910,0
FINNIFTY30DEC2527400CE.NFO,2025-11-27,10:41:00,2025-12-30,800.0,800.0,800.0,800.0,0,910,0
FINNIFTY30DEC2527400CE.NFO,2025-11-27,10:42:00,2025-12-30,800.0,800.0,800.0,800.0,0,910,0
FINNIFTY30DEC2527400CE.NFO,2025-11-27,10:43:00,2025-12-30,800.0,800.0,800.0,800.0,0,910,0
FINNIFTY30DEC2527400CE.NFO,2025-11-27,10:44:00,2025-12-30,800.0,800.0,800.0,800.0,0,910,0
FINNIFTY30DEC2527400CE.NFO,2025-11-27,10:45:00,2025-12-30,800.0,800.0,800.0,800.0,0,910,0
FINNIFTY30DEC2527400CE.NFO,2025-11-27,10:46:00,2025-12-30,800.0,800.0,800.0,800.0,0,910,0
FINNIFTY30DEC2527400CE.NFO,2025-11-27,10:47:00,2025-12-30,800.0,800.0,800.0,800.0,0,910,0
FINNIFTY30DEC2527400CE.NFO,2025-11-27,10:48:00,2025-12-30,800.0,800.0,800.0,800.0,0,910,0
FINNIFTY30DEC2527400CE.NFO,2025-11-27,10:49:00,2025-12-30,800.0,947.8,800.0,947.8,65,910,0
FINNIFTY30DEC2527400CE.NFO,2025-11-27,10:50:00,2025-12-30,947.8,947.8,947.8,947.8,0,910,0
FINNIFTY30DEC2527400CE.NFO,2025-11-27,10:51:00,2025-12-30,947.8,947.8,947.8,947.8,0,910,0
FINNIFTY30DEC2527400CE.NFO,2025-11-27,10:52:00,2025-12-30,947.8,947.8,947.8,947.8,0,910,0
FINNIFTY30DEC2527400CE.NFO,2025-11-27,10:53:00,2025-12-30,947.8,947.8,947.8,947.8,0,910,0
FINNIFTY30DEC2527400CE.NFO,2025-11-27,10:54:00,2025-12-30,947.8,947.8,947.8,947.8,0,910,0
FINNIFTY30DEC2527400CE.NFO,2025-11-27,10:55:00,2025-12-30,947.8,947.8,947.8,947.8,0,910,0
FINNIFTY30DEC2527400CE.NFO,2025-11-27,10:56:00,2025-12-30,947.8,947.8,947.8,947.8,0,910,0
FINNIFTY30DEC2527400CE.NFO,2025-11-27,10:57:00,2025-12-30,947.8,947.8,947.8,947.8,0,910,0
FINNIFTY30DEC2527400CE.NFO,2025-11-27,10:58:00,2025-12-30,947.8,947.8,947.8,947.8,0,910,0
FINNIFTY30DEC2527400CE.NFO,2025-11-27,10:59:00,2025-12-30,947.8,947.8,947.8,947.8,0,910,0
FINNIFTY30DEC2527400CE.NFO,2025-11-27,11:00:00,2025-12-30,947.8,947.8,947.8,947.8,0,910,0
FINNIFTY30DEC2527400CE.NFO,2025-11-27,11:01:00,2025-12-30,947.8,947.8,947.8,947.8,0,910,0
FINNIFTY30DEC2527400CE.NFO,2025-11-27,11:02:00,2025-12-30,947.8,947.8,947.8,947.8,0,910,0
FINNIFTY30DEC2527400CE.NFO,2025-11-27,11:03:00,2025-12-30,947.8,947.8,947.8,947.8,0,910,0
FINNIFTY30DEC2527400CE.NFO,2025-11-27,11:04:00,2025-12-30,947.8,947.8,947.8,947.8,0,910,0
FINNIFTY30DEC2527400CE.NFO,2025-11-27,11:05:00,2025-12-30,947.8,947.8,947.8,947.8,0,910,0
FINNIFTY30DEC2527400CE.NFO,2025-11-27,11:06:00,2025-12-30,947.8,947.8,947.8,947.8,0,910,0
FINNIFTY30DEC2527400CE.NFO,2025-11-27,11:07:00,2025-12-30,947.8,947.8,947.8,947.8,0,910,0
FINNIFTY30DEC2527400CE.NFO,2025-11-27,11:08:00,2025-12-30,947.8,947.8,947.8,947.8,0,910,0
FINNIFTY30DEC2527400CE.NFO,2025-11-27,11:09:00,2025-12-30,947.8,947.8,947.8,947.8,0,910,0
FINNIFTY30DEC2527400CE.NFO,2025-11-27,11:10:00,2025-12-30,947.8,947.8,947.8,947.8,0,910,0
FINNIFTY30DEC2527400CE.NFO,2025-11-27,11:11:00,2025-12-30,947.8,947.8,947.8,947.8,0,910,0
FINNIFTY30DEC2527400CE.NFO,2025-11-27,11:12:00,2025-12-30,947.8,947.8,947.8,947.8,0,910,0
FINNIFTY30DEC2527400CE.NFO,2025-11-27,11:13:00,2025-12-30,947.8,947.8,947.8,947.8,0,910,0
FINNIFTY30DEC2527400CE.NFO,2025-11-27,11:14:00,2025-12-30,947.8,947.8,947.8,947.8,0,910,0
FINNIFTY30DEC2527400CE.NFO,2025-11-27,11:15:00,2025-12-30,947.8,947.8,947.8,947.8,0,910,0
FINNIFTY30DEC2527400CE.NFO,2025-11-27,11:16:00,2025-12-30,947.8,947.8,947.8,947.8,0,910,0
FINNIFTY30DEC2527400CE.NFO,2025-11-27,11:17:00,2025-12-30,947.8,947.8,947.8,947.8,0,910,0
FINNIFTY30DEC2527400CE.NFO,2025-11-27,11:18:00,2025-12-30,947.8,947.8,947.8,947.8,0,910,0
FINNIFTY30DEC2527400CE.NFO,2025-11-27,11:19:00,2025-12-30,947.8,947.8,947.8,947.8,0,910,0
FINNIFTY30DEC2527400CE.NFO,2025-11-27,11:20:00,2025-12-30,947.8,947.8,947.8,947.8,0,910,0
FINNIFTY30DEC2527400CE.NFO,2025-11-27,11:21:00,2025-12-30,947.8,947.8,908.05,908.05,130,975,0
FINNIFTY30DEC2527400CE.NFO,2025-11-27,11:22:00,2025-12-30,908.05,908.05,908.05,908.05,0,975,0
FINNIFTY30DEC2527400CE.NFO,2025-11-27,11:23:00,2025-12-30,908.05,908.05,908.05,908.05,0,975,0
FINNIFTY30DEC2527400CE.NFO,2025-11-27,11:24:00,2025-12-30,908.05,908.05,908.05,908.05,0,975,0
FINNIFTY30DEC2527400CE.NFO,2025-11-27,11:25:00,2025-12-30,908.05,908.05,908.05,908.05,0,975,0
FINNIFTY30DEC2527400CE.NFO,2025-11-27,11:26:00,2025-12-30,908.05,908.05,908.05,908.05,0,975,0
FINNIFTY30DEC2527400CE.NFO,2025-11-27,11:27:00,2025-12-30,908.05,908.05,908.05,908.05,0,975,0
FINNIFTY30DEC2527400CE.NFO,2025-11-27,11:28:00,2025-12-30,908.05,908.05,908.05,908.05,0,975,0
FINNIFTY30DEC2527400CE.NFO,2025-11-27,11:29:00,2025-12-30,908.05,908.05,908.05,908.05,0,975,0
FINNIFTY30DEC2527400CE.NFO,2025-11-27,11:30:00,2025-12-30,908.05,908.05,908.05,908.05,0,975,0
FINNIFTY30DEC2527400CE.NFO,2025-11-27,11:31:00,2025-12-30,908.05,908.05,908.05,908.05,0,975,0
FINNIFTY30DEC2527400CE.NFO,2025-11-27,11:32:00,2025-12-30,908.05,908.05,908.05,908.05,0,975,0
FINNIFTY30DEC2527400CE.NFO,2025-11-27,11:33:00,2025-12-30,908.05,908.05,908.05,908.05,0,975,0
FINNIFTY30DEC2527400CE.NFO,2025-11-27,11:34:00,2025-12-30,908.05,908.05,908.05,908.05,0,975,0
FINNIFTY30DEC2527400CE.NFO,2025-11-27,11:35:00,2025-12-30,908.05,908.05,908.05,908.05,0,975,0
FINNIFTY30DEC2527400CE.NFO,2025-11-27,11:36:00,2025-12-30,908.05,908.05,908.05,908.05,0,975,0
FINNIFTY30DEC2527400CE.NFO,2025-11-27,11:37:00,2025-12-30,908.05,908.05,898.75,898.75,130,910,0
FINNIFTY30DEC2527400CE.NFO,2025-11-27,11:38:00,2025-12-30,898.75,898.75,898.75,898.75,0,910,0
FINNIFTY30DEC2527400CE.NFO,2025-11-27,11:39:00,2025-12-30,898.75,898.75,898.75,898.75,0,910,0
FINNIFTY30DEC2527400CE.NFO,2025-11-27,11:40:00,2025-12-30,898.75,898.75,898.75,898.75,0,910,0
FINNIFTY30DEC2527400CE.NFO,2025-11-27,11:41:00,2025-12-30,898.75,898.75,898.75,898.75,0,910,0
FINNIFTY30DEC2527400CE.NFO,2025-11-27,11:42:00,2025-12-30,898.75,898.75,898.75,898.75,0,910,0
FINNIFTY30DEC2527400CE.NFO,2025-11-27,11:43:00,2025-12-30,898.75,898.75,898.75,898.75,0,910,0
FINNIFTY30DEC2527400CE.NFO,2025-11-27,11:44:00,2025-12-30,898.75,898.75,898.75,898.75,0,910,0
FINNIFTY30DEC2527400CE.NFO,2025-11-27,11:45:00,2025-12-30,898.75,898.75,898.75,898.75,0,910,0
FINNIFTY30DEC2527400CE.NFO,2025-11-27,11:46:00,2025-12-30,898.75,898.75,898.75,898.75,0,910,0
FINNIFTY30DEC2527400CE.NFO,2025-11-27,11:47:00,2025-12-30,898.75,898.75,898.75,898.75,0,910,0
FINNIFTY30DEC2527400CE.NFO,2025-11-27,11:48:00,2025-12-30,898.75,898.75,861.3,861.3,65,910,0
FINNIFTY30DEC2527400CE.NFO,2025-11-27,11:49:00,2025-12-30,861.3,861.3,861.3,861.3,0,910,0
FINNIFTY30DEC2527400CE.NFO,2025-11-27,11:50:00,2025-12-30,861.3,861.3,861.3,861.3,0,910,0
FINNIFTY30DEC2527400CE.NFO,2025-11-27,11:51:00,2025-12-30,861.3,861.3,861.3,861.3,0,910,0
FINNIFTY30DEC2527400CE.NFO,2025-11-27,11:52:00,2025-12-30,861.3,861.3,861.3,861.3,0,910,0
FINNIFTY30DEC2527400CE.NFO,2025-11-27,11:53:00,2025-12-30,861.3,861.3,861.3,861.3,0,910,0
FINNIFTY30DEC2527400CE.NFO,2025-11-27,11:54:00,2025-12-30,861.3,861.3,861.3,861.3,0,910,0
FINNIFTY30DEC2527400CE.NFO,2025-11-27,11:55:00,2025-12-30,861.3,861.3,861.3,861.3,0,910,0
FINNIFTY30DEC2527400CE.NFO,2025-11-27,11:56:00,2025-12-30,861.3,861.3,861.3,861.3,0,910,0
FINNIFTY30DEC2527400CE.NFO,2025-11-27,11:57:00,2025-12-30,861.3,861.3,861.3,861.3,0,910,0
FINNIFTY30DEC2527400CE.NFO,2025-11-27,11:58:00,2025-12-30,861.3,861.3,861.3,861.3,0,910,0
FINNIFTY30DEC2527400CE.NFO,2025-11-27,11:59:00,2025-12-30,861.3,861.3,861.3,861.3,0,910,0
FINNIFTY30DEC2527400CE.NFO,2025-11-27,12:00:00,2025-12-30,861.3,861.3,861.3,861.3,0,910,0
FINNIFTY30DEC2527400CE.NFO,2025-11-27,12:01:00,2025-12-30,861.3,861.3,861.3,861.3,0,910,0
FINNIFTY30DEC2527400CE.NFO,2025-11-27,12:02:00,2025-12-30,861.3,861.3,861.3,861.3,0,910,0
FINNIFTY30DEC2527400CE.NFO,2025-11-27,12:03:00,2025-12-30,861.3,861.3,861.3,861.3,0,910,0
FINNIFTY30DEC2527400CE.NFO,2025-11-27,12:04:00,2025-12-30,861.3,861.3,861.3,861.3,0,910,0
FINNIFTY30DEC2527400CE.NFO,2025-11-27,12:05:00,2025-12-30,861.3,861.3,861.3,861.3,0,910,0
FINNIFTY30DEC2527400CE.NFO,2025-11-27,12:06:00,2025-12-30,861.3,861.3,861.3,861.3,0,910,0
FINNIFTY30DEC2527400CE.NFO,2025-11-27,12:07:00,2025-12-30,861.3,861.3,861.3,861.3,0,910,0
FINNIFTY30DEC2527400CE.NFO,2025-11-27,12:08:00,2025-12-30,861.3,861.3,861.3,861.3,0,910,0
FINNIFTY30DEC2527400CE.NFO,2025-11-27,12:09:00,2025-12-30,861.3,861.3,861.3,861.3,0,910,0
FINNIFTY30DEC2527400CE.NFO,2025-11-27,12:10:00,2025-12-30,861.3,861.3,861.3,861.3,0,910,0
FINNIFTY30DEC2527400CE.NFO,2025-11-27,12:11:00,2025-12-30,861.3,861.3,861.3,861.3,0,910,0
FINNIFTY30DEC2527400CE.NFO,2025-11-27,12:12:00,2025-12-30,861.3,861.3,861.3,861.3,0,910,0
FINNIFTY30DEC2527400CE.NFO,2025-11-27,12:13:00,2025-12-30,861.3,861.3,861.3,861.3,0,910,0
FINNIFTY30DEC2527400CE.NFO,2025-11-27,12:14:00,2025-12-30,861.3,861.3,861.3,861.3,0,910,0
FINNIFTY30DEC2527400CE.NFO,2025-11-27,12:15:00,2025-12-30,861.3,861.3,861.3,861.3,0,910,0
FINNIFTY30DEC2527400CE.NFO,2025-11-27,12:16:00,2025-12-30,861.3,861.3,861.3,861.3,0,910,0
FINNIFTY30DEC2527400CE.NFO,2025-11-27,12:17:00,2025-12-30,861.3,861.3,861.3,861.3,0,910,0
FINNIFTY30DEC2527400CE.NFO,2025-11-27,12:18:00,2025-12-30,861.3,861.3,861.3,861.3,0,910,0
FINNIFTY30DEC2527400CE.NFO,2025-11-27,12:19:00,2025-12-30,861.3,861.3,861.3,861.3,0,910,0
FINNIFTY30DEC2527400CE.NFO,2025-11-27,12:20:00,2025-12-30,861.3,861.3,861.3,861.3,0,910,0
FINNIFTY30DEC2527400CE.NFO,2025-11-27,12:21:00,2025-12-30,861.3,861.3,861.3,861.3,0,910,0
FINNIFTY30DEC2527400CE.NFO,2025-11-27,12:22:00,2025-12-30,861.3,861.3,861.3,861.3,0,910,0
FINNIFTY30DEC2527400CE.NFO,2025-11-27,12:23:00,2025-12-30,861.3,861.3,861.3,861.3,0,910,0
FINNIFTY30DEC2527400CE.NFO,2025-11-27,12:24:00,2025-12-30,861.3,861.3,861.3,861.3,0,910,0
FINNIFTY30DEC2527400CE.NFO,2025-11-27,12:25:00,2025-12-30,861.3,861.3,861.3,861.3,0,910,0
FINNIFTY30DEC2527400CE.NFO,2025-11-27,12:26:00,2025-12-30,861.3,861.3,861.3,861.3,0,910,0
FINNIFTY30DEC2527400CE.NFO,2025-11-27,12:27:00,2025-12-30,861.3,861.3,861.3,861.3,0,910,0
FINNIFTY30DEC2527400CE.NFO,2025-11-27,12:28:00,2025-12-30,861.3,861.3,861.3,861.3,0,910,0
FINNIFTY30DEC2527400CE.NFO,2025-11-27,12:29:00,2025-12-30,861.3,861.3,861.3,861.3,0,910,0
FINNIFTY30DEC2527400CE.NFO,2025-11-27,12:30:00,2025-12-30,861.3,861.3,861.3,861.3,0,910,0
FINNIFTY30DEC2527400CE.NFO,2025-11-27,12:31:00,2025-12-30,861.3,861.3,861.3,861.3,0,910,0
FINNIFTY30DEC2527400CE.NFO,2025-11-27,12:32:00,2025-12-30,861.3,861.3,861.3,861.3,0,910,0
FINNIFTY30DEC2527400CE.NFO,2025-11-27,12:33:00,2025-12-30,861.3,861.3,861.3,861.3,0,910,0
FINNIFTY30DEC2527400CE.NFO,2025-11-27,12:34:00,2025-12-30,861.3,861.3,861.3,861.3,0,910,0
FINNIFTY30DEC2527400CE.NFO,2025-11-27,12:35:00,2025-12-30,861.3,861.3,861.3,861.3,0,910,0
FINNIFTY30DEC2527400CE.NFO,2025-11-27,12:36:00,2025-12-30,861.3,861.3,861.3,861.3,0,910,0
FINNIFTY30DEC2527400CE.NFO,2025-11-27,12:37:00,2025-12-30,861.3,861.3,861.3,861.3,0,910,0
FINNIFTY30DEC2527400CE.NFO,2025-11-27,12:38:00,2025-12-30,861.3,861.3,861.3,861.3,0,910,0
FINNIFTY30DEC2527400CE.NFO,2025-11-27,12:39:00,2025-12-30,861.3,861.3,861.3,861.3,0,910,0
FINNIFTY30DEC2527400CE.NFO,2025-11-27,12:40:00,2025-12-30,861.3,861.3,861.3,861.3,0,910,0
FINNIFTY30DEC2527400CE.NFO,2025-11-27,12:41:00,2025-12-30,861.3,861.3,861.3,861.3,0,910,0
FINNIFTY30DEC2527400CE.NFO,2025-11-27,12:42:00,2025-12-30,861.3,861.3,861.3,861.3,0,910,0
FINNIFTY30DEC2527400CE.NFO,2025-11-27,12:43:00,2025-12-30,861.3,861.3,861.3,861.3,0,910,0
FINNIFTY30DEC2527400CE.NFO,2025-11-27,12:44:00,2025-12-30,861.3,861.3,861.3,861.3,0,910,0
FINNIFTY30DEC2527400CE.NFO,2025-11-27,12:45:00,2025-12-30,861.3,861.3,861.3,861.3,0,910,0
FINNIFTY30DEC2527400CE.NFO,2025-11-27,12:46:00,2025-12-30,861.3,861.3,861.3,861.3,0,910,0
FINNIFTY30DEC2527400CE.NFO,2025-11-27,12:47:00,2025-12-30,861.3,861.3,861.3,861.3,0,910,0
FINNIFTY30DEC2527400CE.NFO,2025-11-27,12:48:00,2025-12-30,861.3,861.3,861.3,861.3,0,910,0
FINNIFTY30DEC2527400CE.NFO,2025-11-27,12:49:00,2025-12-30,861.3,861.3,861.3,861.3,0,910,0
FINNIFTY30DEC2527400CE.NFO,2025-11-27,12:50:00,2025-12-30,861.3,861.3,861.3,861.3,0,910,0
FINNIFTY30DEC2527400CE.NFO,2025-11-27,12:51:00,2025-12-30,861.3,861.3,861.3,861.3,0,910,0
FINNIFTY30DEC2527400CE.NFO,2025-11-27,12:52:00,2025-12-30,861.3,861.3,861.3,861.3,0,910,0
FINNIFTY30DEC2527400CE.NFO,2025-11-27,12:53:00,2025-12-30,861.3,861.3,861.3,861.3,0,910,0
FINNIFTY30DEC2527400CE.NFO,2025-11-27,12:54:00,2025-12-30,861.3,861.3,861.3,861.3,0,910,0
FINNIFTY30DEC2527400CE.NFO,2025-11-27,12:55:00,2025-12-30,861.3,861.3,861.3,861.3,0,910,0
FINNIFTY30DEC2527400CE.NFO,2025-11-27,12:56:00,2025-12-30,861.3,861.3,861.3,861.3,0,910,0
FINNIFTY30DEC2527400CE.NFO,2025-11-27,12:57:00,2025-12-30,861.3,861.3,861.3,861.3,0,910,0
FINNIFTY30DEC2527400CE.NFO,2025-11-27,12:58:00,2025-12-30,861.3,861.3,861.3,861.3,0,910,0
FINNIFTY30DEC2527400CE.NFO,2025-11-27,12:59:00,2025-12-30,861.3,861.3,861.3,861.3,0,910,0
FINNIFTY30DEC2527400CE.NFO,2025-11-27,13:00:00,2025-12-30,861.3,861.3,861.3,861.3,0,910,0
FINNIFTY30DEC2527400CE.NFO,2025-11-27,13:01:00,2025-12-30,861.3,861.3,861.3,861.3,0,910,0
FINNIFTY30DEC2527400CE.NFO,2025-11-27,13:02:00,2025-12-30,861.3,861.3,861.3,861.3,0,910,0
FINNIFTY30DEC2527400CE.NFO,2025-11-27,13:03:00,2025-12-30,861.3,861.3,861.3,861.3,0,910,0
FINNIFTY30DEC2527400CE.NFO,2025-11-27,13:04:00,2025-12-30,861.3,861.3,861.3,861.3,0,910,0
FINNIFTY30DEC2527400CE.NFO,2025-11-27,13:05:00,2025-12-30,861.3,861.3,861.3,861.3,0,910,0
FINNIFTY30DEC2527400CE.NFO,2025-11-27,13:06:00,2025-12-30,861.3,861.3,861.3,861.3,0,910,0
FINNIFTY30DEC2527400CE.NFO,2025-11-27,13:07:00,2025-12-30,861.3,861.3,861.3,861.3,0,910,0
FINNIFTY30DEC2527400CE.NFO,2025-11-27,13:08:00,2025-12-30,861.3,861.3,861.3,861.3,0,910,0
FINNIFTY30DEC2527400CE.NFO,2025-11-27,13:09:00,2025-12-30,861.3,861.3,861.3,861.3,0,910,0
FINNIFTY30DEC2527400CE.NFO,2025-11-27,13:10:00,2025-12-30,861.3,861.3,861.3,861.3,0,910,0
FINNIFTY30DEC2527400CE.NFO,2025-11-27,13:11:00,2025-12-30,861.3,861.3,861.3,861.3,0,910,0
FINNIFTY30DEC2527400CE.NFO,2025-11-27,13:12:00,2025-12-30,861.3,861.3,861.3,861.3,0,910,0
FINNIFTY30DEC2527400CE.NFO,2025-11-27,13:13:00,2025-12-30,861.3,861.3,861.3,861.3,0,910,0
FINNIFTY30DEC2527400CE.NFO,2025-11-27,13:14:00,2025-12-30,861.3,861.3,861.3,861.3,0,910,0
FINNIFTY30DEC2527400CE.NFO,2025-11-27,13:15:00,2025-12-30,861.3,861.3,861.3,861.3,0,910,0
FINNIFTY30DEC2527400CE.NFO,2025-11-27,13:16:00,2025-12-30,861.3,861.3,861.3,861.3,0,910,0
FINNIFTY30DEC2527400CE.NFO,2025-11-27,13:17:00,2025-12-30,861.3,861.3,861.3,861.3,0,910,0
FINNIFTY30DEC2527400CE.NFO,2025-11-27,13:18:00,2025-12-30,861.3,861.3,861.3,861.3,0,910,0
FINNIFTY30DEC2527400CE.NFO,2025-11-27,13:19:00,2025-12-30,861.3,861.3,861.3,861.3,0,910,0
FINNIFTY30DEC2527400CE.NFO,2025-11-27,13:20:00,2025-12-30,861.3,861.3,861.3,861.3,0,910,0
FINNIFTY30DEC2527400CE.NFO,2025-11-27,13:21:00,2025-12-30,861.3,861.3,861.3,861.3,0,910,0
FINNIFTY30DEC2527400CE.NFO,2025-11-27,13:22:00,2025-12-30,861.3,861.3,861.3,861.3,0,910,0
FINNIFTY30DEC2527400CE.NFO,2025-11-27,13:23:00,2025-12-30,861.3,861.3,861.3,861.3,0,910,0
FINNIFTY30DEC2527400CE.NFO,2025-11-27,13:24:00,2025-12-30,861.3,861.3,861.3,861.3,0,910,0
FINNIFTY30DEC2527400CE.NFO,2025-11-27,13:25:00,2025-12-30,861.3,861.3,861.3,861.3,0,910,0
FINNIFTY30DEC2527400CE.NFO,2025-11-27,13:26:00,2025-12-30,861.3,861.3,861.3,861.3,0,910,0
FINNIFTY30DEC2527400CE.NFO,2025-11-27,13:27:00,2025-12-30,861.3,861.3,861.3,861.3,0,910,0
FINNIFTY30DEC2527400CE.NFO,2025-11-27,13:28:00,2025-12-30,861.3,861.3,861.3,861.3,0,910,0
FINNIFTY30DEC2527400CE.NFO,2025-11-27,13:29:00,2025-12-30,861.3,861.3,861.3,861.3,0,910,0
FINNIFTY30DEC2527400CE.NFO,2025-11-27,13:30:00,2025-12-30,861.3,861.3,861.3,861.3,0,910,0
FINNIFTY30DEC2527400CE.NFO,2025-11-27,13:31:00,2025-12-30,861.3,861.3,861.3,861.3,0,910,0
FINNIFTY30DEC2527400CE.NFO,2025-11-27,13:32:00,2025-12-30,861.3,861.3,861.3,861.3,0,910,0
FINNIFTY30DEC2527400CE.NFO,2025-11-27,13:33:00,2025-12-30,861.3,861.3,861.3,861.3,0,910,0
FINNIFTY30DEC2527400CE.NFO,2025-11-27,13:34:00,2025-12-30,861.3,861.3,861.3,861.3,0,910,0
FINNIFTY30DEC2527400CE.NFO,2025-11-27,13:35:00,2025-12-30,861.3,861.3,861.3,861.3,0,910,0
FINNIFTY30DEC2527400CE.NFO,2025-11-27,13:36:00,2025-12-30,861.3,861.3,861.3,861.3,0,910,0
FINNIFTY30DEC2527400CE.NFO,2025-11-27,13:37:00,2025-12-30,861.3,861.3,861.3,861.3,0,910,0
FINNIFTY30DEC2527400CE.NFO,2025-11-27,13:38:00,2025-12-30,861.3,861.3,861.3,861.3,0,910,0
FINNIFTY30DEC2527400CE.NFO,2025-11-27,13:39:00,2025-12-30,861.3,861.3,861.3,861.3,0,910,0
FINNIFTY30DEC2527400CE.NFO,2025-11-27,13:40:00,2025-12-30,861.3,861.3,861.3,861.3,0,910,0
FINNIFTY30DEC2527400CE.NFO,2025-11-27,13:41:00,2025-12-30,861.3,861.3,861.3,861.3,0,910,0
FINNIFTY30DEC2527400CE.NFO,2025-11-27,13:42:00,2025-12-30,861.3,861.3,861.3,861.3,0,910,0
FINNIFTY30DEC2527400CE.NFO,2025-11-27,13:43:00,2025-12-30,861.3,861.3,861.3,861.3,0,910,0
FINNIFTY30DEC2527400CE.NFO,2025-11-27,13:44:00,2025-12-30,861.3,861.3,861.3,861.3,0,910,0
FINNIFTY30DEC2527400CE.NFO,2025-11-27,13:45:00,2025-12-30,861.3,861.3,861.3,861.3,0,910,0
FINNIFTY30DEC2527400CE.NFO,2025-11-27,13:46:00,2025-12-30,861.3,861.3,861.3,861.3,0,910,0
FINNIFTY30DEC2527400CE.NFO,2025-11-27,13:47:00,2025-12-30,861.3,861.3,861.3,861.3,0,910,0
FINNIFTY30DEC2527400CE.NFO,2025-11-27,13:48:00,2025-12-30,861.3,861.3,861.3,861.3,0,910,0
FINNIFTY30DEC2527400CE.NFO,2025-11-27,13:49:00,2025-12-30,861.3,861.3,861.3,861.3,0,910,0
FINNIFTY30DEC2527400CE.NFO,2025-11-27,13:50:00,2025-12-30,861.3,861.3,861.3,861.3,0,910,0
FINNIFTY30DEC2527400CE.NFO,2025-11-27,13:51:00,2025-12-30,861.3,861.3,861.3,861.3,0,910,0
FINNIFTY30DEC2527400CE.NFO,2025-11-27,13:52:00,2025-12-30,861.3,861.3,861.3,861.3,0,910,0
FINNIFTY30DEC2527400CE.NFO,2025-11-27,13:53:00,2025-12-30,861.3,861.3,861.3,861.3,0,910,0
FINNIFTY30DEC2527400CE.NFO,2025-11-27,13:54:00,2025-12-30,861.3,861.3,861.3,861.3,0,910,0
FINNIFTY30DEC2527400CE.NFO,2025-11-27,13:55:00,2025-12-30,861.3,861.3,861.3,861.3,0,910,0
FINNIFTY30DEC2527400CE.NFO,2025-11-27,13:56:00,2025-12-30,861.3,861.3,861.3,861.3,0,910,0
FINNIFTY30DEC2527400CE.NFO,2025-11-27,13:57:00,2025-12-30,861.3,861.3,861.3,861.3,0,910,0
FINNIFTY30DEC2527400CE.NFO,2025-11-27,13:58:00,2025-12-30,861.3,861.3,861.3,861.3,0,910,0
FINNIFTY30DEC2527400CE.NFO,2025-11-27,13:59:00,2025-12-30,861.3,861.3,861.3,861.3,0,910,0
FINNIFTY30DEC2527400CE.NFO,2025-11-27,14:00:00,2025-12-30,861.3,861.3,861.3,861.3,0,910,0
FINNIFTY30DEC2527400CE.NFO,2025-11-27,14:01:00,2025-12-30,861.3,861.3,861.3,861.3,0,910,0
FINNIFTY30DEC2527400CE.NFO,2025-11-27,14:02:00,2025-12-30,861.3,861.3,861.3,861.3,0,910,0
FINNIFTY30DEC2527400CE.NFO,2025-11-27,14:03:00,2025-12-30,861.3,861.3,861.3,861.3,0,910,0
FINNIFTY30DEC2527400CE.NFO,2025-11-27,14:04:00,2025-12-30,861.3,861.3,861.3,861.3,0,910,0
FINNIFTY30DEC2527400CE.NFO,2025-11-27,14:05:00,2025-12-30,861.3,861.3,861.3,861.3,0,910,0
FINNIFTY30DEC2527400CE.NFO,2025-11-27,14:06:00,2025-12-30,861.3,861.3,861.3,861.3,0,910,0
FINNIFTY30DEC2527400CE.NFO,2025-11-27,14:07:00,2025-12-30,861.3,861.3,861.3,861.3,0,910,0
FINNIFTY30DEC2527400CE.NFO,2025-11-27,14:08:00,2025-12-30,861.3,861.3,861.3,861.3,0,910,0
FINNIFTY30DEC2527400CE.NFO,2025-11-27,14:09:00,2025-12-30,861.3,861.3,861.3,861.3,0,910,0
FINNIFTY30DEC2527400CE.NFO,2025-11-27,14:10:00,2025-12-30,861.3,861.3,861.3,861.3,0,910,0
FINNIFTY30DEC2527400CE.NFO,2025-11-27,14:11:00,2025-12-30,861.3,861.3,861.3,861.3,0,910,0
FINNIFTY30DEC2527400CE.NFO,2025-11-27,14:12:00,2025-12-30,861.3,861.3,861.3,861.3,0,910,0
FINNIFTY30DEC2527400CE.NFO,2025-11-27,14:13:00,2025-12-30,861.3,861.3,861.3,861.3,0,910,0
FINNIFTY30DEC2527400CE.NFO,2025-11-27,14:14:00,2025-12-30,861.3,861.3,861.3,861.3,0,910,0
FINNIFTY30DEC2527400CE.NFO,2025-11-27,14:15:00,2025-12-30,861.3,861.3,861.3,861.3,0,910,0
FINNIFTY30DEC2527400CE.NFO,2025-11-27,14:16:00,2025-12-30,861.3,861.3,861.3,861.3,0,910,0
FINNIFTY30DEC2527400CE.NFO,2025-11-27,14:17:00,2025-12-30,861.3,861.3,861.3,861.3,0,910,0
FINNIFTY30DEC2527400CE.NFO,2025-11-27,14:18:00,2025-12-30,861.3,861.3,861.3,861.3,0,910,0
FINNIFTY30DEC2527400CE.NFO,2025-11-27,14:19:00,2025-12-30,861.3,861.3,861.3,861.3,0,910,0
FINNIFTY30DEC2527400CE.NFO,2025-11-27,14:20:00,2025-12-30,861.3,861.3,861.3,861.3,0,910,0
FINNIFTY30DEC2527400CE.NFO,2025-11-27,14:21:00,2025-12-30,861.3,861.3,861.3,861.3,0,910,0
FINNIFTY30DEC2527400CE.NFO,2025-11-27,14:22:00,2025-12-30,861.3,861.3,861.3,861.3,0,910,0
FINNIFTY30DEC2527400CE.NFO,2025-11-27,14:23:00,2025-12-30,861.3,861.3,861.3,861.3,0,910,0
FINNIFTY30DEC2527400CE.NFO,2025-11-27,14:24:00,2025-12-30,861.3,861.3,861.3,861.3,0,910,0
FINNIFTY30DEC2527400CE.NFO,2025-11-27,14:25:00,2025-12-30,861.3,861.3,861.3,861.3,0,910,0
FINNIFTY30DEC2527400CE.NFO,2025-11-27,14:26:00,2025-12-30,861.3,861.3,861.3,861.3,0,910,0
FINNIFTY30DEC2527400CE.NFO,2025-11-27,14:27:00,2025-12-30,861.3,861.3,861.3,861.3,0,910,0
FINNIFTY30DEC2527400CE.NFO,2025-11-27,14:28:00,2025-12-30,861.3,861.3,861.3,861.3,0,910,0
FINNIFTY30DEC2527400CE.NFO,2025-11-27,14:29:00,2025-12-30,861.3,861.3,861.3,861.3,0,910,0
FINNIFTY30DEC2527400CE.NFO,2025-11-27,14:30:00,2025-12-30,861.3,861.3,861.3,861.3,0,910,0
FINNIFTY30DEC2527400CE.NFO,2025-11-27,14:31:00,2025-12-30,861.3,861.3,861.3,861.3,0,910,0
FINNIFTY30DEC2527400CE.NFO,2025-11-27,14:32:00,2025-12-30,861.3,861.3,861.3,861.3,0,910,0
FINNIFTY30DEC2527400CE.NFO,2025-11-27,14:33:00,2025-12-30,861.3,861.3,861.3,861.3,0,910,0
FINNIFTY30DEC2527400CE.NFO,2025-11-27,14:34:00,2025-12-30,861.3,861.3,861.3,861.3,0,910,0
FINNIFTY30DEC2527400CE.NFO,2025-11-27,14:35:00,2025-12-30,861.3,861.3,861.3,861.3,0,910,0
FINNIFTY30DEC2527400CE.NFO,2025-11-27,14:36:00,2025-12-30,861.3,861.3,861.3,861.3,0,910,0
FINNIFTY30DEC2527400CE.NFO,2025-11-27,14:37:00,2025-12-30,861.3,861.3,861.3,861.3,0,910,0
FINNIFTY30DEC2527400CE.NFO,2025-11-27,14:38:00,2025-12-30,861.3,861.3,861.3,861.3,0,910,0
FINNIFTY30DEC2527400CE.NFO,2025-11-27,14:39:00,2025-12-30,861.3,861.3,861.3,861.3,0,910,0
FINNIFTY30DEC2527400CE.NFO,2025-11-27,14:40:00,2025-12-30,861.3,861.3,861.3,861.3,0,910,0
FINNIFTY30DEC2527400CE.NFO,2025-11-27,14:41:00,2025-12-30,861.3,861.3,861.3,861.3,0,910,0
FINNIFTY30DEC2527400CE.NFO,2025-11-27,14:42:00,2025-12-30,861.3,861.3,861.3,861.3,0,910,0
FINNIFTY30DEC2527400CE.NFO,2025-11-27,14:43:00,2025-12-30,861.3,861.3,861.3,861.3,0,910,0
FINNIFTY30DEC2527400CE.NFO,2025-11-27,14:44:00,2025-12-30,861.3,861.3,861.3,861.3,0,910,0
FINNIFTY30DEC2527400CE.NFO,2025-11-27,14:45:00,2025-12-30,861.3,861.3,861.3,861.3,0,910,0
FINNIFTY30DEC2527400CE.NFO,2025-11-27,14:46:00,2025-12-30,861.3,861.3,861.3,861.3,0,910,0
FINNIFTY30DEC2527400CE.NFO,2025-11-27,14:47:00,2025-12-30,861.3,861.3,861.3,861.3,0,910,0
FINNIFTY30DEC2527400CE.NFO,2025-11-27,14:48:00,2025-12-30,861.3,861.3,861.3,861.3,0,910,0
FINNIFTY30DEC2527400CE.NFO,2025-11-27,14:49:00,2025-12-30,861.3,861.3,861.3,861.3,0,910,0
FINNIFTY30DEC2527400CE.NFO,2025-11-27,14:50:00,2025-12-30,861.3,861.3,861.3,861.3,0,910,0
FINNIFTY30DEC2527400CE.NFO,2025-11-27,14:51:00,2025-12-30,861.3,861.3,861.3,861.3,0,910,0
FINNIFTY30DEC2527400CE.NFO,2025-11-27,14:52:00,2025-12-30,861.3,861.3,861.3,861.3,0,910,0
FINNIFTY30DEC2527400CE.NFO,2025-11-27,14:53:00,2025-12-30,861.3,861.3,861.3,861.3,0,910,0
FINNIFTY30DEC2527400CE.NFO,2025-11-27,14:54:00,2025-12-30,861.3,861.3,861.3,861.3,0,910,0
FINNIFTY30DEC2527400CE.NFO,2025-11-27,14:55:00,2025-12-30,861.3,861.3,861.3,861.3,0,910,0
FINNIFTY30DEC2527400CE.NFO,2025-11-27,14:56:00,2025-12-30,861.3,861.3,861.3,861.3,0,910,0
FINNIFTY30DEC2527400CE.NFO,2025-11-27,14:57:00,2025-12-30,861.3,861.3,861.3,861.3,0,910,0
FINNIFTY30DEC2527400CE.NFO,2025-11-27,14:58:00,2025-12-30,861.3,861.3,861.3,861.3,0,910,0
FINNIFTY30DEC2527400CE.NFO,2025-11-27,14:59:00,2025-12-30,861.3,861.3,861.3,861.3,0,910,0
FINNIFTY30DEC2527400CE.NFO,2025-11-27,15:00:00,2025-12-30,861.3,861.3,861.3,861.3,0,910,0
FINNIFTY30DEC2527400CE.NFO,2025-11-27,15:01:00,2025-12-30,861.3,861.3,861.3,861.3,0,910,0
FINNIFTY30DEC2527400CE.NFO,2025-11-27,15:02:00,2025-12-30,861.3,861.3,861.3,861.3,0,910,0
FINNIFTY30DEC2527400CE.NFO,2025-11-27,15:03:00,2025-12-30,861.3,861.3,861.3,861.3,0,910,0
FINNIFTY30DEC2527400CE.NFO,2025-11-27,15:04:00,2025-12-30,861.3,861.3,861.3,861.3,0,910,0
FINNIFTY30DEC2527400CE.NFO,2025-11-27,15:05:00,2025-12-30,861.3,861.3,861.3,861.3,0,910,0
FINNIFTY30DEC2527400CE.NFO,2025-11-27,15:06:00,2025-12-30,861.3,861.3,861.3,861.3,0,910,0
FINNIFTY30DEC2527400CE.NFO,2025-11-27,15:07:00,2025-12-30,861.3,861.3,861.3,861.3,0,910,0
FINNIFTY30DEC2527400CE.NFO,2025-11-27,15:08:00,2025-12-30,861.3,861.3,861.3,861.3,0,910,0
FINNIFTY30DEC2527400CE.NFO,2025-11-27,15:09:00,2025-12-30,861.3,861.3,861.3,861.3,0,910,0
FINNIFTY30DEC2527400CE.NFO,2025-11-27,15:10:00,2025-12-30,861.3,861.3,861.3,861.3,0,910,0
FINNIFTY30DEC2527400CE.NFO,2025-11-27,15:11:00,2025-12-30,861.3,861.3,861.3,861.3,0,910,0
FINNIFTY30DEC2527400CE.NFO,2025-11-27,15:12:00,2025-12-30,861.3,861.3,861.3,861.3,0,910,0
FINNIFTY30DEC2527400CE.NFO,2025-11-27,15:13:00,2025-12-30,861.3,861.3,861.3,861.3,0,910,0
FINNIFTY30DEC2527400CE.NFO,2025-11-27,15:14:00,2025-12-30,861.3,861.3,861.3,861.3,0,910,0
FINNIFTY30DEC2527400CE.NFO,2025-11-27,15:15:00,2025-12-30,861.3,861.3,861.3,861.3,0,910,0
FINNIFTY30DEC2527400CE.NFO,2025-11-27,15:16:00,2025-12-30,861.3,861.3,861.3,861.3,0,910,0
FINNIFTY30DEC2527400CE.NFO,2025-11-27,15:17:00,2025-12-30,861.3,861.3,861.3,861.3,0,910,0
FINNIFTY30DEC2527400CE.NFO,2025-11-27,15:18:00,2025-12-30,861.3,861.3,861.3,861.3,0,910,0
FINNIFTY30DEC2527400CE.NFO,2025-11-27,15:19:00,2025-12-30,861.3,861.3,861.3,861.3,0,910,0
FINNIFTY30DEC2527400CE.NFO,2025-11-27,15:20:00,2025-12-30,861.3,861.3,861.3,861.3,0,910,0
FINNIFTY30DEC2527400CE.NFO,2025-11-27,15:21:00,2025-12-30,861.3,861.3,861.3,861.3,0,910,0
FINNIFTY30DEC2527400CE.NFO,2025-11-27,15:22:00,2025-12-30,861.3,861.3,861.3,861.3,0,910,0
FINNIFTY30DEC2527400CE.NFO,2025-11-27,15:23:00,2025-12-30,861.3,861.3,861.3,861.3,0,910,0
FINNIFTY30DEC2527400CE.NFO,2025-11-27,15:24:00,2025-12-30,861.3,861.3,861.3,861.3,0,910,0
FINNIFTY30DEC2527400CE.NFO,2025-11-27,15:25:00,2025-12-30,861.3,861.3,861.3,861.3,0,910,0
FINNIFTY30DEC2527400CE.NFO,2025-11-27,15:26:00,2025-12-30,861.3,861.3,861.3,861.3,0,910,0
FINNIFTY30DEC2527400CE.NFO,2025-11-27,15:27:00,2025-12-30,861.3,861.3,861.3,861.3,0,910,0
FINNIFTY30DEC2527400CE.NFO,2025-11-27,15:28:00,2025-12-30,861.3,861.3,861.3,861.3,0,910,0
FINNIFTY30DEC2527400CE.NFO,2025-11-27,15:29:00,2025-12-30,861.3,861.3,861.3,861.3,0,910,0
FINNIFTY30DEC2527400CE.NFO,2025-11-27,15:30:00,2025-12-30,861.3,861.3,861.3,861.3,0,910,1
FINNIFTY30DEC2527400CE.NFO,2025-11-28,09:15:00,2025-12-30,834.2,834.2,834.2,834.2,0,910,1
FINNIFTY30DEC2527400CE.NFO,2025-11-28,09:16:00,2025-12-30,834.2,834.2,834.2,834.2,0,910,1
FINNIFTY30DEC2527400CE.NFO,2025-11-28,09:17:00,2025-12-30,834.2,834.2,834.2,834.2,0,910,1
FINNIFTY30DEC2527400CE.NFO,2025-11-28,09:18:00,2025-12-30,834.2,834.2,834.2,834.2,0,910,1
FINNIFTY30DEC2527400CE.NFO,2025-11-28,09:19:00,2025-12-30,834.2,834.2,834.2,834.2,0,910,1
FINNIFTY30DEC2527400CE.NFO,2025-11-28,09:20:00,2025-12-30,834.2,834.2,834.2,834.2,0,910,1
FINNIFTY30DEC2527400CE.NFO,2025-11-28,09:21:00,2025-12-30,834.2,834.2,834.2,834.2,0,910,1
FINNIFTY30DEC2527400CE.NFO,2025-11-28,09:22:00,2025-12-30,834.2,834.2,834.2,834.2,0,910,1
FINNIFTY30DEC2527400CE.NFO,2025-11-28,09:23:00,2025-12-30,834.2,834.2,834.2,834.2,0,910,1
FINNIFTY30DEC2527400CE.NFO,2025-11-28,09:24:00,2025-12-30,834.2,834.2,834.2,834.2,0,910,1
FINNIFTY30DEC2527400CE.NFO,2025-11-28,09:25:00,2025-12-30,834.2,834.2,834.2,834.2,0,910,1
FINNIFTY30DEC2527400CE.NFO,2025-11-28,09:26:00,2025-12-30,834.2,834.2,834.2,834.2,0,910,1
FINNIFTY30DEC2527400CE.NFO,2025-11-28,09:27:00,2025-12-30,834.2,834.2,834.2,834.2,0,910,1
FINNIFTY30DEC2527400CE.NFO,2025-11-28,09:28:00,2025-12-30,834.2,834.2,834.2,834.2,0,910,1
FINNIFTY30DEC2527400CE.NFO,2025-11-28,09:29:00,2025-12-30,834.2,834.2,834.2,834.2,0,910,1
FINNIFTY30DEC2527400CE.NFO,2025-11-28,09:30:00,2025-12-30,834.2,834.2,834.2,834.2,0,910,1
FINNIFTY30DEC2527400CE.NFO,2025-11-28,09:31:00,2025-12-30,834.2,834.2,834.2,834.2,0,910,1
FINNIFTY30DEC2527400CE.NFO,2025-11-28,09:32:00,2025-12-30,834.2,834.2,834.2,834.2,0,910,1
FINNIFTY30DEC2527400CE.NFO,2025-11-28,09:33:00,2025-12-30,834.2,834.2,834.2,834.2,0,910,1
FINNIFTY30DEC2527400CE.NFO,2025-11-28,09:34:00,2025-12-30,834.2,834.2,834.2,834.2,0,910,1
FINNIFTY30DEC2527400CE.NFO,2025-11-28,09:35:00,2025-12-30,834.2,834.2,834.2,834.2,0,910,1
FINNIFTY30DEC2527400CE.NFO,2025-11-28,09:36:00,2025-12-30,834.2,834.2,834.2,834.2,0,910,1
FINNIFTY30DEC2527400CE.NFO,2025-11-28,09:37:00,2025-12-30,834.2,834.2,834.2,834.2,0,910,1
FINNIFTY30DEC2527400CE.NFO,2025-11-28,09:38:00,2025-12-30,834.2,834.2,834.2,834.2,0,910,1
FINNIFTY30DEC2527400CE.NFO,2025-11-28,09:39:00,2025-12-30,834.2,834.2,834.2,834.2,0,910,1
FINNIFTY30DEC2527400CE.NFO,2025-11-28,09:40:00,2025-12-30,834.2,834.2,834.2,834.2,0,910,1
FINNIFTY30DEC2527400CE.NFO,2025-11-28,09:41:00,2025-12-30,834.2,834.2,834.2,834.2,0,910,1
FINNIFTY30DEC2527400CE.NFO,2025-11-28,09:42:00,2025-12-30,834.2,834.2,834.2,834.2,0,910,1
FINNIFTY30DEC2527400CE.NFO,2025-11-28,09:43:00,2025-12-30,834.2,834.2,834.2,834.2,0,910,1
FINNIFTY30DEC2527400CE.NFO,2025-11-28,09:44:00,2025-12-30,834.2,834.2,834.2,834.2,0,910,1
FINNIFTY30DEC2527400CE.NFO,2025-11-28,09:45:00,2025-12-30,834.2,834.2,834.2,834.2,0,910,1
FINNIFTY30DEC2527400CE.NFO,2025-11-28,09:46:00,2025-12-30,834.2,834.2,834.2,834.2,0,910,1
FINNIFTY30DEC2527400CE.NFO,2025-11-28,09:47:00,2025-12-30,834.2,834.2,834.2,834.2,0,910,1
FINNIFTY30DEC2527400CE.NFO,2025-11-28,09:48:00,2025-12-30,834.2,834.2,834.2,834.2,0,910,1
FINNIFTY30DEC2527400CE.NFO,2025-11-28,09:49:00,2025-12-30,834.2,834.2,834.2,834.2,0,910,1
FINNIFTY30DEC2527400CE.NFO,2025-11-28,09:50:00,2025-12-30,834.2,834.2,834.2,834.2,0,910,1
FINNIFTY30DEC2527400CE.NFO,2025-11-28,09:51:00,2025-12-30,834.2,834.2,834.2,834.2,0,910,1
FINNIFTY30DEC2527400CE.NFO,2025-11-28,09:52:00,2025-12-30,834.2,834.2,834.2,834.2,0,910,1
FINNIFTY30DEC2527400CE.NFO,2025-11-28,09:53:00,2025-12-30,834.2,834.2,834.2,834.2,0,910,1
FINNIFTY30DEC2527400CE.NFO,2025-11-28,09:54:00,2025-12-30,834.2,834.2,834.2,834.2,0,910,1
FINNIFTY30DEC2527400CE.NFO,2025-11-28,09:55:00,2025-12-30,834.2,834.2,834.2,834.2,0,910,1
FINNIFTY30DEC2527400CE.NFO,2025-11-28,09:56:00,2025-12-30,834.2,834.2,834.2,834.2,0,910,0
FINNIFTY30DEC2527400CE.NFO,2025-11-28,09:57:00,2025-12-30,834.2,834.2,834.2,834.2,0,910,0
FINNIFTY30DEC2527400CE.NFO,2025-11-28,09:58:00,2025-12-30,834.2,834.2,834.2,834.2,0,910,0
FINNIFTY30DEC2527400CE.NFO,2025-11-28,09:59:00,2025-12-30,834.2,834.2,834.2,834.2,0,910,0
FINNIFTY30DEC2527400CE.NFO,2025-11-28,10:00:00,2025-12-30,834.2,834.2,834.2,834.2,0,910,0
FINNIFTY30DEC2527400CE.NFO,2025-11-28,10:01:00,2025-12-30,834.2,834.2,834.2,834.2,0,910,0
FINNIFTY30DEC2527400CE.NFO,2025-11-28,10:02:00,2025-12-30,834.2,834.2,834.2,834.2,0,910,0
FINNIFTY30DEC2527400CE.NFO,2025-11-28,10:03:00,2025-12-30,834.2,834.2,834.2,834.2,0,910,0
FINNIFTY30DEC2527400CE.NFO,2025-11-28,10:04:00,2025-12-30,834.2,834.2,834.2,834.2,0,910,0
FINNIFTY30DEC2527400CE.NFO,2025-11-28,10:05:00,2025-12-30,834.2,834.2,834.2,834.2,0,910,0
FINNIFTY30DEC2527400CE.NFO,2025-11-28,10:06:00,2025-12-30,834.2,834.2,834.2,834.2,0,910,0
FINNIFTY30DEC2527400CE.NFO,2025-11-28,10:07:00,2025-12-30,834.2,834.2,834.2,834.2,0,910,0
FINNIFTY30DEC2527400CE.NFO,2025-11-28,10:08:00,2025-12-30,834.2,834.2,834.2,834.2,0,910,0
FINNIFTY30DEC2527400CE.NFO,2025-11-28,10:09:00,2025-12-30,834.2,834.2,834.2,834.2,0,910,0
FINNIFTY30DEC2527400CE.NFO,2025-11-28,10:10:00,2025-12-30,834.2,834.2,834.2,834.2,0,910,0
FINNIFTY30DEC2527400CE.NFO,2025-11-28,10:11:00,2025-12-30,834.2,834.2,834.2,834.2,0,910,0
FINNIFTY30DEC2527400CE.NFO,2025-11-28,10:12:00,2025-12-30,834.2,834.2,834.2,834.2,0,910,0
FINNIFTY30DEC2527400CE.NFO,2025-11-28,10:13:00,2025-12-30,834.2,834.2,834.2,834.2,0,910,0
FINNIFTY30DEC2527400CE.NFO,2025-11-28,10:14:00,2025-12-30,834.2,834.2,834.2,834.2,0,910,0
FINNIFTY30DEC2527400CE.NFO,2025-11-28,10:15:00,2025-12-30,834.2,834.2,834.2,834.2,0,910,0
FINNIFTY30DEC2527400CE.NFO,2025-11-28,10:16:00,2025-12-30,834.2,834.2,834.2,834.2,0,910,0
FINNIFTY30DEC2527400CE.NFO,2025-11-28,10:17:00,2025-12-30,834.2,834.2,834.2,834.2,0,910,0
FINNIFTY30DEC2527400CE.NFO,2025-11-28,10:18:00,2025-12-30,834.2,834.2,834.2,834.2,0,910,0
FINNIFTY30DEC2527400CE.NFO,2025-11-28,10:19:00,2025-12-30,834.2,834.2,834.2,834.2,0,910,0
FINNIFTY30DEC2527400CE.NFO,2025-11-28,10:20:00,2025-12-30,834.2,834.2,834.2,834.2,0,910,0
FINNIFTY30DEC2527400CE.NFO,2025-11-28,10:21:00,2025-12-30,834.2,834.2,834.2,834.2,0,910,0
FINNIFTY30DEC2527400CE.NFO,2025-11-28,10:22:00,2025-12-30,834.2,834.2,834.2,834.2,0,910,0
FINNIFTY30DEC2527400CE.NFO,2025-11-28,10:23:00,2025-12-30,834.2,834.2,834.2,834.2,0,910,0
FINNIFTY30DEC2527400CE.NFO,2025-11-28,10:24:00,2025-12-30,834.2,834.2,834.2,834.2,0,910,0
FINNIFTY30DEC2527400CE.NFO,2025-11-28,10:25:00,2025-12-30,834.2,834.2,834.2,834.2,0,910,0
FINNIFTY30DEC2527400CE.NFO,2025-11-28,10:26:00,2025-12-30,834.2,834.2,834.2,834.2,0,910,0
FINNIFTY30DEC2527400CE.NFO,2025-11-28,10:27:00,2025-12-30,834.2,834.2,834.2,834.2,0,910,0
FINNIFTY30DEC2527400CE.NFO,2025-11-28,10:28:00,2025-12-30,834.2,834.2,834.2,834.2,0,910,0
FINNIFTY30DEC2527400CE.NFO,2025-11-28,10:29:00,2025-12-30,834.2,834.2,834.2,834.2,0,910,0
FINNIFTY30DEC2527400CE.NFO,2025-11-28,10:30:00,2025-12-30,834.2,834.2,834.2,834.2,0,910,0
FINNIFTY30DEC2527400CE.NFO,2025-11-28,10:31:00,2025-12-30,834.2,834.2,834.2,834.2,0,910,0
FINNIFTY30DEC2527400CE.NFO,2025-11-28,10:32:00,2025-12-30,834.2,834.2,834.2,834.2,0,910,0
FINNIFTY30DEC2527400CE.NFO,2025-11-28,10:33:00,2025-12-30,834.2,834.2,834.2,834.2,0,910,0
FINNIFTY30DEC2527400CE.NFO,2025-11-28,10:34:00,2025-12-30,834.2,834.2,834.2,834.2,0,910,0
FINNIFTY30DEC2527400CE.NFO,2025-11-28,10:35:00,2025-12-30,834.2,834.2,834.2,834.2,0,910,0
FINNIFTY30DEC2527400CE.NFO,2025-11-28,10:36:00,2025-12-30,834.2,834.2,834.2,834.2,0,910,0
FINNIFTY30DEC2527400CE.NFO,2025-11-28,10:37:00,2025-12-30,834.2,834.2,834.2,834.2,0,910,0
FINNIFTY30DEC2527400CE.NFO,2025-11-28,10:38:00,2025-12-30,834.2,834.2,834.2,834.2,0,910,0
FINNIFTY30DEC2527400CE.NFO,2025-11-28,10:39:00,2025-12-30,834.2,834.2,834.2,834.2,0,910,0
FINNIFTY30DEC2527400CE.NFO,2025-11-28,10:40:00,2025-12-30,834.2,834.2,834.2,834.2,0,910,0
FINNIFTY30DEC2527400CE.NFO,2025-11-28,10:41:00,2025-12-30,834.2,834.2,834.2,834.2,0,910,0
FINNIFTY30DEC2527400CE.NFO,2025-11-28,10:42:00,2025-12-30,834.2,834.2,834.2,834.2,0,910,0
FINNIFTY30DEC2527400CE.NFO,2025-11-28,10:43:00,2025-12-30,834.2,834.2,834.2,834.2,0,910,0
FINNIFTY30DEC2527400CE.NFO,2025-11-28,10:44:00,2025-12-30,834.2,834.2,834.2,834.2,0,910,0
FINNIFTY30DEC2527400CE.NFO,2025-11-28,10:45:00,2025-12-30,834.2,834.2,834.2,834.2,0,910,0
FINNIFTY30DEC2527400CE.NFO,2025-11-28,10:46:00,2025-12-30,834.2,834.2,834.2,834.2,0,910,0
FINNIFTY30DEC2527400CE.NFO,2025-11-28,10:47:00,2025-12-30,834.2,834.2,834.2,834.2,0,910,0
FINNIFTY30DEC2527400CE.NFO,2025-11-28,10:48:00,2025-12-30,834.2,834.2,834.2,834.2,0,910,0
FINNIFTY30DEC2527400CE.NFO,2025-11-28,10:49:00,2025-12-30,834.2,834.2,834.2,834.2,0,910,0
FINNIFTY30DEC2527400CE.NFO,2025-11-28,10:50:00,2025-12-30,834.2,834.2,834.2,834.2,0,910,0
FINNIFTY30DEC2527400CE.NFO,2025-11-28,10:51:00,2025-12-30,834.2,834.2,834.2,834.2,0,910,0
FINNIFTY30DEC2527400CE.NFO,2025-11-28,10:52:00,2025-12-30,834.2,834.2,834.2,834.2,0,910,0
FINNIFTY30DEC2527400CE.NFO,2025-11-28,10:53:00,2025-12-30,834.2,834.2,834.2,834.2,0,910,0
FINNIFTY30DEC2527400CE.NFO,2025-11-28,10:54:00,2025-12-30,834.2,834.2,834.2,834.2,0,910,0
FINNIFTY30DEC2527400CE.NFO,2025-11-28,10:55:00,2025-12-30,834.2,834.2,834.2,834.2,0,910,0
FINNIFTY30DEC2527400CE.NFO,2025-11-28,10:56:00,2025-12-30,834.2,834.2,834.2,834.2,0,910,0
FINNIFTY30DEC2527400CE.NFO,2025-11-28,10:57:00,2025-12-30,834.2,834.2,834.2,834.2,0,910,0
FINNIFTY30DEC2527400CE.NFO,2025-11-28,10:58:00,2025-12-30,834.2,834.2,834.2,834.2,0,910,0
FINNIFTY30DEC2527400CE.NFO,2025-11-28,10:59:00,2025-12-30,834.2,834.2,834.2,834.2,0,910,0
FINNIFTY30DEC2527400CE.NFO,2025-11-28,11:00:00,2025-12-30,834.2,834.2,834.2,834.2,0,910,0
FINNIFTY30DEC2527400CE.NFO,2025-11-28,11:01:00,2025-12-30,834.2,834.2,834.2,834.2,0,910,0
FINNIFTY30DEC2527400CE.NFO,2025-11-28,11:02:00,2025-12-30,834.2,834.2,834.2,834.2,0,910,0
FINNIFTY30DEC2527400CE.NFO,2025-11-28,11:03:00,2025-12-30,834.2,834.2,834.2,834.2,0,910,0
FINNIFTY30DEC2527400CE.NFO,2025-11-28,11:04:00,2025-12-30,834.2,834.2,834.2,834.2,0,910,0
FINNIFTY30DEC2527400CE.NFO,2025-11-28,11:05:00,2025-12-30,834.2,834.2,834.2,834.2,0,910,0
FINNIFTY30DEC2527400CE.NFO,2025-11-28,11:06:00,2025-12-30,834.2,834.2,834.2,834.2,0,910,0
FINNIFTY30DEC2527400CE.NFO,2025-11-28,11:07:00,2025-12-30,834.2,834.2,834.2,834.2,0,910,0
FINNIFTY30DEC2527400CE.NFO,2025-11-28,11:08:00,2025-12-30,834.2,834.2,834.2,834.2,0,910,0
FINNIFTY30DEC2527400CE.NFO,2025-11-28,11:09:00,2025-12-30,834.2,834.2,834.2,834.2,0,910,0
FINNIFTY30DEC2527400CE.NFO,2025-11-28,11:10:00,2025-12-30,834.2,834.2,834.2,834.2,0,910,0
FINNIFTY30DEC2527400CE.NFO,2025-11-28,11:11:00,2025-12-30,834.2,834.2,834.2,834.2,0,910,0
FINNIFTY30DEC2527400CE.NFO,2025-11-28,11:12:00,2025-12-30,834.2,834.2,834.2,834.2,0,910,0
FINNIFTY30DEC2527400CE.NFO,2025-11-28,11:13:00,2025-12-30,834.2,834.2,834.2,834.2,0,910,0
FINNIFTY30DEC2527400CE.NFO,2025-11-28,11:14:00,2025-12-30,834.2,834.2,834.2,834.2,0,910,0
FINNIFTY30DEC2527400CE.NFO,2025-11-28,11:15:00,2025-12-30,834.2,834.2,834.2,834.2,0,910,0
FINNIFTY30DEC2527400CE.NFO,2025-11-28,11:16:00,2025-12-30,834.2,834.2,834.2,834.2,0,910,0
FINNIFTY30DEC2527400CE.NFO,2025-11-28,11:17:00,2025-12-30,834.2,834.2,834.2,834.2,0,910,0
FINNIFTY30DEC2527400CE.NFO,2025-11-28,11:18:00,2025-12-30,834.2,834.2,834.2,834.2,0,910,0
FINNIFTY30DEC2527400CE.NFO,2025-11-28,11:19:00,2025-12-30,834.2,834.2,834.2,834.2,0,910,0
FINNIFTY30DEC2527400CE.NFO,2025-11-28,11:20:00,2025-12-30,834.2,834.2,834.2,834.2,0,910,0
FINNIFTY30DEC2527400CE.NFO,2025-11-28,11:21:00,2025-12-30,834.2,834.2,834.2,834.2,0,910,0
FINNIFTY30DEC2527400CE.NFO,2025-11-28,11:22:00,2025-12-30,834.2,834.2,834.2,834.2,0,910,0
FINNIFTY30DEC2527400CE.NFO,2025-11-28,11:23:00,2025-12-30,834.2,834.2,834.2,834.2,0,910,0
FINNIFTY30DEC2527400CE.NFO,2025-11-28,11:24:00,2025-12-30,834.2,834.2,834.2,834.2,0,910,0
FINNIFTY30DEC2527400CE.NFO,2025-11-28,11:25:00,2025-12-30,834.2,834.2,834.2,834.2,0,910,0
FINNIFTY30DEC2527400CE.NFO,2025-11-28,11:26:00,2025-12-30,834.2,834.2,834.2,834.2,0,910,0
FINNIFTY30DEC2527400CE.NFO,2025-11-28,11:27:00,2025-12-30,834.2,834.2,834.2,834.2,0,910,0
FINNIFTY30DEC2527400CE.NFO,2025-11-28,11:28:00,2025-12-30,834.2,834.2,834.2,834.2,0,910,0
FINNIFTY30DEC2527400CE.NFO,2025-11-28,11:29:00,2025-12-30,834.2,834.2,834.2,834.2,0,910,0
FINNIFTY30DEC2527400CE.NFO,2025-11-28,11:30:00,2025-12-30,834.2,834.2,834.2,834.2,0,910,0
FINNIFTY30DEC2527400CE.NFO,2025-11-28,11:31:00,2025-12-30,834.2,834.2,834.2,834.2,0,910,0
FINNIFTY30DEC2527400CE.NFO,2025-11-28,11:32:00,2025-12-30,834.2,834.2,834.2,834.2,0,910,0
FINNIFTY30DEC2527400CE.NFO,2025-11-28,11:33:00,2025-12-30,834.2,834.2,834.2,834.2,0,910,0
FINNIFTY30DEC2527400CE.NFO,2025-11-28,11:34:00,2025-12-30,834.2,834.2,834.2,834.2,0,910,0
FINNIFTY30DEC2527400CE.NFO,2025-11-28,11:35:00,2025-12-30,834.2,834.2,834.2,834.2,0,910,0
FINNIFTY30DEC2527400CE.NFO,2025-11-28,11:36:00,2025-12-30,834.2,834.2,834.2,834.2,0,910,0
FINNIFTY30DEC2527400CE.NFO,2025-11-28,11:37:00,2025-12-30,834.2,834.2,834.2,834.2,0,910,0
FINNIFTY30DEC2527400CE.NFO,2025-11-28,11:38:00,2025-12-30,834.2,834.2,834.2,834.2,0,910,0
FINNIFTY30DEC2527400CE.NFO,2025-11-28,11:39:00,2025-12-30,834.2,834.2,834.2,834.2,0,910,0
FINNIFTY30DEC2527400CE.NFO,2025-11-28,11:40:00,2025-12-30,834.2,834.2,834.2,834.2,0,910,0
FINNIFTY30DEC2527400CE.NFO,2025-11-28,11:41:00,2025-12-30,834.2,834.2,834.2,834.2,0,910,0
FINNIFTY30DEC2527400CE.NFO,2025-11-28,11:42:00,2025-12-30,834.2,834.2,834.2,834.2,0,910,0
FINNIFTY30DEC2527400CE.NFO,2025-11-28,11:43:00,2025-12-30,834.2,834.2,834.2,834.2,0,910,0
FINNIFTY30DEC2527400CE.NFO,2025-11-28,11:44:00,2025-12-30,834.2,834.2,834.2,834.2,0,910,0
FINNIFTY30DEC2527400CE.NFO,2025-11-28,11:45:00,2025-12-30,834.2,834.2,834.2,834.2,0,910,0
FINNIFTY30DEC2527400CE.NFO,2025-11-28,11:46:00,2025-12-30,834.2,834.2,834.2,834.2,0,910,0
FINNIFTY30DEC2527400CE.NFO,2025-11-28,11:47:00,2025-12-30,834.2,834.2,834.2,834.2,0,910,0
FINNIFTY30DEC2527400CE.NFO,2025-11-28,11:48:00,2025-12-30,834.2,834.2,834.2,834.2,0,910,0
FINNIFTY30DEC2527400CE.NFO,2025-11-28,11:49:00,2025-12-30,834.2,834.2,834.2,834.2,0,910,0
FINNIFTY30DEC2527400CE.NFO,2025-11-28,11:50:00,2025-12-30,834.2,834.2,834.2,834.2,0,910,0
FINNIFTY30DEC2527400CE.NFO,2025-11-28,11:51:00,2025-12-30,834.2,834.2,834.2,834.2,0,910,0
FINNIFTY30DEC2527400CE.NFO,2025-11-28,11:52:00,2025-12-30,834.2,834.2,834.2,834.2,0,910,0
FINNIFTY30DEC2527400CE.NFO,2025-11-28,11:53:00,2025-12-30,834.2,834.2,834.2,834.2,0,910,0
FINNIFTY30DEC2527400CE.NFO,2025-11-28,11:54:00,2025-12-30,834.2,834.2,834.2,834.2,0,910,0
FINNIFTY30DEC2527400CE.NFO,2025-11-28,11:55:00,2025-12-30,834.2,834.2,834.2,834.2,0,910,0
FINNIFTY30DEC2527400CE.NFO,2025-11-28,11:56:00,2025-12-30,834.2,834.2,834.2,834.2,0,910,0
FINNIFTY30DEC2527400CE.NFO,2025-11-28,11:57:00,2025-12-30,834.2,834.2,834.2,834.2,0,910,0
FINNIFTY30DEC2527400CE.NFO,2025-11-28,11:58:00,2025-12-30,834.2,834.2,834.2,834.2,0,910,0
FINNIFTY30DEC2527400CE.NFO,2025-11-28,11:59:00,2025-12-30,834.2,834.2,834.2,834.2,0,910,0
FINNIFTY30DEC2527400CE.NFO,2025-11-28,12:00:00,2025-12-30,834.2,834.2,834.2,834.2,0,910,0
FINNIFTY30DEC2527400CE.NFO,2025-11-28,12:01:00,2025-12-30,834.2,834.2,834.2,834.2,0,910,0
FINNIFTY30DEC2527400CE.NFO,2025-11-28,12:02:00,2025-12-30,834.2,834.2,834.2,834.2,0,910,0
FINNIFTY30DEC2527400CE.NFO,2025-11-28,12:03:00,2025-12-30,834.2,834.2,834.2,834.2,0,910,0
FINNIFTY30DEC2527400CE.NFO,2025-11-28,12:04:00,2025-12-30,834.2,834.2,830.85,830.85,130,910,0
FINNIFTY30DEC2527400CE.NFO,2025-11-28,12:05:00,2025-12-30,830.85,830.85,830.85,830.85,0,910,0
FINNIFTY30DEC2527400CE.NFO,2025-11-28,12:06:00,2025-12-30,830.85,830.85,830.85,830.85,0,910,0
FINNIFTY30DEC2527400CE.NFO,2025-11-28,12:07:00,2025-12-30,830.85,830.85,830.85,830.85,0,910,0
FINNIFTY30DEC2527400CE.NFO,2025-11-28,12:08:00,2025-12-30,830.85,830.85,830.85,830.85,0,910,0
FINNIFTY30DEC2527400CE.NFO,2025-11-28,12:09:00,2025-12-30,830.85,830.85,830.85,830.85,0,910,0
FINNIFTY30DEC2527400CE.NFO,2025-11-28,12:10:00,2025-12-30,830.85,830.85,830.85,830.85,0,910,0
FINNIFTY30DEC2527400CE.NFO,2025-11-28,12:11:00,2025-12-30,830.85,830.85,830.85,830.85,0,910,0
FINNIFTY30DEC2527400CE.NFO,2025-11-28,12:12:00,2025-12-30,830.85,830.85,830.85,830.85,0,910,0
FINNIFTY30DEC2527400CE.NFO,2025-11-28,12:13:00,2025-12-30,830.85,830.85,830.85,830.85,0,910,0
FINNIFTY30DEC2527400CE.NFO,2025-11-28,12:14:00,2025-12-30,830.85,830.85,830.85,830.85,0,910,0
FINNIFTY30DEC2527400CE.NFO,2025-11-28,12:15:00,2025-12-30,830.85,830.85,830.85,830.85,0,910,0
FINNIFTY30DEC2527400CE.NFO,2025-11-28,12:16:00,2025-12-30,830.85,830.85,830.85,830.85,0,910,0
FINNIFTY30DEC2527400CE.NFO,2025-11-28,12:17:00,2025-12-30,830.85,830.85,830.85,830.85,0,910,0
FINNIFTY30DEC2527400CE.NFO,2025-11-28,12:18:00,2025-12-30,830.85,830.85,830.85,830.85,0,910,0
FINNIFTY30DEC2527400CE.NFO,2025-11-28,12:19:00,2025-12-30,830.85,830.85,830.85,830.85,0,910,0
FINNIFTY30DEC2527400CE.NFO,2025-11-28,12:20:00,2025-12-30,830.85,830.85,830.85,830.85,0,910,0
FINNIFTY30DEC2527400CE.NFO,2025-11-28,12:21:00,2025-12-30,830.85,830.85,830.85,830.85,0,910,0
FINNIFTY30DEC2527400CE.NFO,2025-11-28,12:22:00,2025-12-30,830.85,830.85,830.85,830.85,0,910,0
FINNIFTY30DEC2527400CE.NFO,2025-11-28,12:23:00,2025-12-30,830.85,830.85,830.85,830.85,0,910,0
FINNIFTY30DEC2527400CE.NFO,2025-11-28,12:24:00,2025-12-30,830.85,830.85,830.85,830.85,0,910,0
FINNIFTY30DEC2527400CE.NFO,2025-11-28,12:25:00,2025-12-30,830.85,830.85,830.85,830.85,0,910,0
FINNIFTY30DEC2527400CE.NFO,2025-11-28,12:26:00,2025-12-30,830.85,830.85,830.85,830.85,0,910,0
FINNIFTY30DEC2527400CE.NFO,2025-11-28,12:27:00,2025-12-30,830.85,830.85,830.85,830.85,0,910,0
FINNIFTY30DEC2527400CE.NFO,2025-11-28,12:28:00,2025-12-30,830.85,830.85,830.85,830.85,0,910,0
FINNIFTY30DEC2527400CE.NFO,2025-11-28,12:29:00,2025-12-30,830.85,830.85,830.85,830.85,0,910,0
FINNIFTY30DEC2527400CE.NFO,2025-11-28,12:30:00,2025-12-30,830.85,830.85,830.85,830.85,0,910,0
FINNIFTY30DEC2527400CE.NFO,2025-11-28,12:31:00,2025-12-30,830.85,830.85,830.85,830.85,0,910,0
FINNIFTY30DEC2527400CE.NFO,2025-11-28,12:32:00,2025-12-30,830.85,830.85,830.85,830.85,0,910,0
FINNIFTY30DEC2527400CE.NFO,2025-11-28,12:33:00,2025-12-30,830.85,830.85,830.85,830.85,0,910,0
FINNIFTY30DEC2527400CE.NFO,2025-11-28,12:34:00,2025-12-30,830.85,830.85,830.85,830.85,0,910,0
FINNIFTY30DEC2527400CE.NFO,2025-11-28,12:35:00,2025-12-30,830.85,830.85,830.85,830.85,0,910,0
FINNIFTY30DEC2527400CE.NFO,2025-11-28,12:36:00,2025-12-30,830.85,830.85,830.85,830.85,0,910,0
FINNIFTY30DEC2527400CE.NFO,2025-11-28,12:37:00,2025-12-30,830.85,830.85,830.85,830.85,0,910,0
FINNIFTY30DEC2527400CE.NFO,2025-11-28,12:38:00,2025-12-30,830.85,830.85,830.85,830.85,0,910,0
FINNIFTY30DEC2527400CE.NFO,2025-11-28,12:39:00,2025-12-30,830.85,830.85,830.85,830.85,0,910,0
FINNIFTY30DEC2527400CE.NFO,2025-11-28,12:40:00,2025-12-30,830.85,830.85,830.85,830.85,0,910,0
FINNIFTY30DEC2527400CE.NFO,2025-11-28,12:41:00,2025-12-30,830.85,830.85,830.85,830.85,0,910,0
FINNIFTY30DEC2527400CE.NFO,2025-11-28,12:42:00,2025-12-30,830.85,830.85,830.85,830.85,0,910,0
FINNIFTY30DEC2527400CE.NFO,2025-11-28,12:43:00,2025-12-30,830.85,830.85,830.85,830.85,0,910,0
FINNIFTY30DEC2527400CE.NFO,2025-11-28,12:44:00,2025-12-30,830.85,830.85,830.85,830.85,0,910,0
FINNIFTY30DEC2527400CE.NFO,2025-11-28,12:45:00,2025-12-30,830.85,830.85,830.85,830.85,0,910,0
FINNIFTY30DEC2527400CE.NFO,2025-11-28,12:46:00,2025-12-30,830.85,830.85,830.85,830.85,0,910,0
FINNIFTY30DEC2527400CE.NFO,2025-11-28,12:47:00,2025-12-30,830.85,830.85,830.85,830.85,0,910,0
FINNIFTY30DEC2527400CE.NFO,2025-11-28,12:48:00,2025-12-30,830.85,830.85,830.85,830.85,0,910,0
FINNIFTY30DEC2527400CE.NFO,2025-11-28,12:49:00,2025-12-30,830.85,830.85,830.85,830.85,0,910,0
FINNIFTY30DEC2527400CE.NFO,2025-11-28,12:50:00,2025-12-30,830.85,830.85,830.85,830.85,0,910,0
FINNIFTY30DEC2527400CE.NFO,2025-11-28,12:51:00,2025-12-30,830.85,830.85,830.85,830.85,0,910,0
FINNIFTY30DEC2527400CE.NFO,2025-11-28,12:52:00,2025-12-30,830.85,830.85,830.85,830.85,0,910,0
FINNIFTY30DEC2527400CE.NFO,2025-11-28,12:53:00,2025-12-30,830.85,830.85,830.85,830.85,0,910,0
FINNIFTY30DEC2527400CE.NFO,2025-11-28,12:54:00,2025-12-30,830.85,830.85,830.85,830.85,0,910,0
FINNIFTY30DEC2527400CE.NFO,2025-11-28,12:55:00,2025-12-30,830.85,830.85,830.85,830.85,0,910,0
FINNIFTY30DEC2527400CE.NFO,2025-11-28,12:56:00,2025-12-30,830.85,830.85,830.85,830.85,0,910,0
FINNIFTY30DEC2527400CE.NFO,2025-11-28,12:57:00,2025-12-30,830.85,830.85,830.85,830.85,0,910,0
FINNIFTY30DEC2527400CE.NFO,2025-11-28,12:58:00,2025-12-30,830.85,830.85,830.85,830.85,0,910,0
FINNIFTY30DEC2527400CE.NFO,2025-11-28,12:59:00,2025-12-30,830.85,830.85,830.85,830.85,0,910,0
FINNIFTY30DEC2527400CE.NFO,2025-11-28,13:00:00,2025-12-30,830.85,830.85,830.85,830.85,0,910,0
FINNIFTY30DEC2527400CE.NFO,2025-11-28,13:01:00,2025-12-30,830.85,830.85,830.85,830.85,0,910,0
FINNIFTY30DEC2527400CE.NFO,2025-11-28,13:02:00,2025-12-30,830.85,830.85,830.85,830.85,0,910,0
FINNIFTY30DEC2527400CE.NFO,2025-11-28,13:03:00,2025-12-30,830.85,830.85,830.85,830.85,0,910,0
FINNIFTY30DEC2527400CE.NFO,2025-11-28,13:04:00,2025-12-30,830.85,830.85,830.85,830.85,0,910,0
FINNIFTY30DEC2527400CE.NFO,2025-11-28,13:05:00,2025-12-30,830.85,830.85,830.85,830.85,0,910,0
FINNIFTY30DEC2527400CE.NFO,2025-11-28,13:06:00,2025-12-30,830.85,830.85,830.85,830.85,0,910,0
FINNIFTY30DEC2527400CE.NFO,2025-11-28,13:07:00,2025-12-30,830.85,830.85,830.85,830.85,0,910,0
FINNIFTY30DEC2527400CE.NFO,2025-11-28,13:08:00,2025-12-30,830.85,830.85,830.85,830.85,0,910,0
FINNIFTY30DEC2527400CE.NFO,2025-11-28,13:09:00,2025-12-30,830.85,830.85,830.85,830.85,0,910,0
FINNIFTY30DEC2527400CE.NFO,2025-11-28,13:10:00,2025-12-30,830.85,830.85,830.85,830.85,0,910,0
FINNIFTY30DEC2527400CE.NFO,2025-11-28,13:11:00,2025-12-30,830.85,830.85,830.85,830.85,0,910,0
FINNIFTY30DEC2527400CE.NFO,2025-11-28,13:12:00,2025-12-30,830.85,830.85,830.85,830.85,0,910,0
FINNIFTY30DEC2527400CE.NFO,2025-11-28,13:13:00,2025-12-30,830.85,830.85,830.85,830.85,0,910,0
FINNIFTY30DEC2527400CE.NFO,2025-11-28,13:14:00,2025-12-30,830.85,830.85,830.85,830.85,0,910,0
FINNIFTY30DEC2527400CE.NFO,2025-11-28,13:15:00,2025-12-30,830.85,830.85,830.85,830.85,0,910,0
FINNIFTY30DEC2527400CE.NFO,2025-11-28,13:16:00,2025-12-30,830.85,830.85,830.85,830.85,0,910,0
FINNIFTY30DEC2527400CE.NFO,2025-11-28,13:17:00,2025-12-30,830.85,830.85,830.85,830.85,0,910,0
FINNIFTY30DEC2527400CE.NFO,2025-11-28,13:18:00,2025-12-30,830.85,830.85,830.85,830.85,0,910,0
FINNIFTY30DEC2527400CE.NFO,2025-11-28,13:19:00,2025-12-30,830.85,830.85,830.85,830.85,0,910,0
FINNIFTY30DEC2527400CE.NFO,2025-11-28,13:20:00,2025-12-30,830.85,830.85,830.85,830.85,0,910,0
FINNIFTY30DEC2527400CE.NFO,2025-11-28,13:21:00,2025-12-30,830.85,830.85,830.85,830.85,0,910,0
FINNIFTY30DEC2527400CE.NFO,2025-11-28,13:22:00,2025-12-30,830.85,830.85,830.85,830.85,0,910,0
FINNIFTY30DEC2527400CE.NFO,2025-11-28,13:23:00,2025-12-30,830.85,830.85,830.85,830.85,0,910,0
FINNIFTY30DEC2527400CE.NFO,2025-11-28,13:24:00,2025-12-30,830.85,830.85,830.85,830.85,0,910,0
FINNIFTY30DEC2527400CE.NFO,2025-11-28,13:25:00,2025-12-30,830.85,830.85,830.85,830.85,0,910,0
FINNIFTY30DEC2527400CE.NFO,2025-11-28,13:26:00,2025-12-30,830.85,830.85,830.85,830.85,0,910,0
FINNIFTY30DEC2527400CE.NFO,2025-11-28,13:27:00,2025-12-30,830.85,830.85,830.85,830.85,0,910,0
FINNIFTY30DEC2527400CE.NFO,2025-11-28,13:28:00,2025-12-30,830.85,830.85,830.85,830.85,0,910,0
FINNIFTY30DEC2527400CE.NFO,2025-11-28,13:29:00,2025-12-30,830.85,830.85,830.85,830.85,0,910,0
FINNIFTY30DEC2527400CE.NFO,2025-11-28,13:30:00,2025-12-30,830.85,830.85,830.85,830.85,0,910,0
FINNIFTY30DEC2527400CE.NFO,2025-11-28,13:31:00,2025-12-30,830.85,830.85,830.85,830.85,0,910,0
FINNIFTY30DEC2527400CE.NFO,2025-11-28,13:32:00,2025-12-30,830.85,830.85,830.85,830.85,0,910,0
FINNIFTY30DEC2527400CE.NFO,2025-11-28,13:33:00,2025-12-30,830.85,830.85,830.85,830.85,0,910,0
FINNIFTY30DEC2527400CE.NFO,2025-11-28,13:34:00,2025-12-30,830.85,830.85,830.85,830.85,0,910,0
FINNIFTY30DEC2527400CE.NFO,2025-11-28,13:35:00,2025-12-30,830.85,830.85,830.85,830.85,0,910,0
FINNIFTY30DEC2527400CE.NFO,2025-11-28,13:36:00,2025-12-30,830.85,830.85,830.85,830.85,0,910,0
FINNIFTY30DEC2527400CE.NFO,2025-11-28,13:37:00,2025-12-30,830.85,830.85,830.85,830.85,0,910,0
FINNIFTY30DEC2527400CE.NFO,2025-11-28,13:38:00,2025-12-30,830.85,830.85,830.85,830.85,0,910,0
FINNIFTY30DEC2527400CE.NFO,2025-11-28,13:39:00,2025-12-30,830.85,830.85,830.85,830.85,0,910,0
FINNIFTY30DEC2527400CE.NFO,2025-11-28,13:40:00,2025-12-30,830.85,830.85,830.85,830.85,0,910,0
FINNIFTY30DEC2527400CE.NFO,2025-11-28,13:41:00,2025-12-30,830.85,830.85,830.85,830.85,0,910,0
FINNIFTY30DEC2527400CE.NFO,2025-11-28,13:42:00,2025-12-30,830.85,830.85,830.85,830.85,0,910,0
FINNIFTY30DEC2527400CE.NFO,2025-11-28,13:43:00,2025-12-30,830.85,830.85,830.85,830.85,0,910,0
FINNIFTY30DEC2527400CE.NFO,2025-11-28,13:44:00,2025-12-30,830.85,830.85,830.85,830.85,0,910,0
FINNIFTY30DEC2527400CE.NFO,2025-11-28,13:45:00,2025-12-30,830.85,830.85,830.85,830.85,0,910,0
FINNIFTY30DEC2527400CE.NFO,2025-11-28,13:46:00,2025-12-30,830.85,830.85,830.85,830.85,0,910,0
FINNIFTY30DEC2527400CE.NFO,2025-11-28,13:47:00,2025-12-30,830.85,830.85,830.85,830.85,0,910,0
FINNIFTY30DEC2527400CE.NFO,2025-11-28,13:48:00,2025-12-30,830.85,830.85,830.85,830.85,0,910,0
FINNIFTY30DEC2527400CE.NFO,2025-11-28,13:49:00,2025-12-30,830.85,830.85,830.85,830.85,0,910,0
FINNIFTY30DEC2527400CE.NFO,2025-11-28,13:50:00,2025-12-30,830.85,830.85,830.85,830.85,0,910,0
FINNIFTY30DEC2527400CE.NFO,2025-11-28,13:51:00,2025-12-30,830.85,830.85,830.85,830.85,0,910,0
FINNIFTY30DEC2527400CE.NFO,2025-11-28,13:52:00,2025-12-30,830.85,830.85,830.85,830.85,0,910,0
FINNIFTY30DEC2527400CE.NFO,2025-11-28,13:53:00,2025-12-30,830.85,830.85,830.85,830.85,0,910,0
FINNIFTY30DEC2527400CE.NFO,2025-11-28,13:54:00,2025-12-30,830.85,830.85,830.85,830.85,0,910,0
FINNIFTY30DEC2527400CE.NFO,2025-11-28,13:55:00,2025-12-30,830.85,830.85,830.85,830.85,0,910,0
FINNIFTY30DEC2527400CE.NFO,2025-11-28,13:56:00,2025-12-30,830.85,830.85,830.85,830.85,0,910,0
FINNIFTY30DEC2527400CE.NFO,2025-11-28,13:57:00,2025-12-30,830.85,830.85,830.85,830.85,0,910,0
FINNIFTY30DEC2527400CE.NFO,2025-11-28,13:58:00,2025-12-30,830.85,830.85,830.85,830.85,0,910,0
FINNIFTY30DEC2527400CE.NFO,2025-11-28,13:59:00,2025-12-30,830.85,830.85,830.85,830.85,0,910,0
FINNIFTY30DEC2527400CE.NFO,2025-11-28,14:00:00,2025-12-30,830.85,830.85,830.85,830.85,0,910,0
FINNIFTY30DEC2527400CE.NFO,2025-11-28,14:01:00,2025-12-30,830.85,830.85,830.85,830.85,0,910,0
FINNIFTY30DEC2527400CE.NFO,2025-11-28,14:02:00,2025-12-30,830.85,830.85,830.85,830.85,0,910,0
FINNIFTY30DEC2527400CE.NFO,2025-11-28,14:03:00,2025-12-30,830.85,830.85,830.85,830.85,0,910,0
FINNIFTY30DEC2527400CE.NFO,2025-11-28,14:04:00,2025-12-30,830.85,830.85,830.85,830.85,0,910,0
FINNIFTY30DEC2527400CE.NFO,2025-11-28,14:05:00,2025-12-30,830.85,830.85,830.85,830.85,0,910,0
FINNIFTY30DEC2527400CE.NFO,2025-11-28,14:06:00,2025-12-30,830.85,830.85,830.85,830.85,0,910,0
FINNIFTY30DEC2527400CE.NFO,2025-11-28,14:07:00,2025-12-30,830.85,830.85,830.85,830.85,0,910,0
FINNIFTY30DEC2527400CE.NFO,2025-11-28,14:08:00,2025-12-30,830.85,830.85,830.85,830.85,0,910,0
FINNIFTY30DEC2527400CE.NFO,2025-11-28,14:09:00,2025-12-30,830.85,830.85,830.85,830.85,0,910,0
FINNIFTY30DEC2527400CE.NFO,2025-11-28,14:10:00,2025-12-30,830.85,830.85,830.85,830.85,0,910,0
FINNIFTY30DEC2527400CE.NFO,2025-11-28,14:11:00,2025-12-30,830.85,830.85,830.85,830.85,0,910,0
FINNIFTY30DEC2527400CE.NFO,2025-11-28,14:12:00,2025-12-30,830.85,830.85,830.85,830.85,0,910,0
FINNIFTY30DEC2527400CE.NFO,2025-11-28,14:13:00,2025-12-30,830.85,830.85,830.85,830.85,0,910,0
FINNIFTY30DEC2527400CE.NFO,2025-11-28,14:14:00,2025-12-30,830.85,830.85,830.85,830.85,0,910,0
FINNIFTY30DEC2527400CE.NFO,2025-11-28,14:15:00,2025-12-30,830.85,830.85,830.85,830.85,0,910,0
FINNIFTY30DEC2527400CE.NFO,2025-11-28,14:16:00,2025-12-30,830.85,830.85,830.85,830.85,0,910,0
FINNIFTY30DEC2527400CE.NFO,2025-11-28,14:17:00,2025-12-30,830.85,830.85,830.85,830.85,0,910,0
FINNIFTY30DEC2527400CE.NFO,2025-11-28,14:18:00,2025-12-30,830.85,830.85,830.85,830.85,0,910,0
FINNIFTY30DEC2527400CE.NFO,2025-11-28,14:19:00,2025-12-30,830.85,830.85,830.85,830.85,0,910,0
FINNIFTY30DEC2527400CE.NFO,2025-11-28,14:20:00,2025-12-30,830.85,830.85,830.85,830.85,0,910,0
FINNIFTY30DEC2527400CE.NFO,2025-11-28,14:21:00,2025-12-30,830.85,830.85,830.85,830.85,0,910,0
FINNIFTY30DEC2527400CE.NFO,2025-11-28,14:22:00,2025-12-30,830.85,830.85,830.85,830.85,0,910,0
FINNIFTY30DEC2527400CE.NFO,2025-11-28,14:23:00,2025-12-30,830.85,830.85,830.85,830.85,0,910,0
FINNIFTY30DEC2527400CE.NFO,2025-11-28,14:24:00,2025-12-30,830.85,830.85,830.85,830.85,0,910,0
FINNIFTY30DEC2527400CE.NFO,2025-11-28,14:25:00,2025-12-30,830.85,830.85,830.85,830.85,0,910,0
FINNIFTY30DEC2527400CE.NFO,2025-11-28,14:26:00,2025-12-30,830.85,830.85,830.85,830.85,0,910,0
FINNIFTY30DEC2527400CE.NFO,2025-11-28,14:27:00,2025-12-30,830.85,830.85,830.85,830.85,0,910,0
FINNIFTY30DEC2527400CE.NFO,2025-11-28,14:28:00,2025-12-30,830.85,830.85,830.85,830.85,0,910,0
FINNIFTY30DEC2527400CE.NFO,2025-11-28,14:29:00,2025-12-30,830.85,830.85,830.85,830.85,0,910,0
FINNIFTY30DEC2527400CE.NFO,2025-11-28,14:30:00,2025-12-30,830.85,830.85,830.85,830.85,0,910,0
FINNIFTY30DEC2527400CE.NFO,2025-11-28,14:31:00,2025-12-30,830.85,830.85,830.85,830.85,0,910,0
FINNIFTY30DEC2527400CE.NFO,2025-11-28,14:32:00,2025-12-30,830.85,830.85,830.85,830.85,0,910,0
FINNIFTY30DEC2527400CE.NFO,2025-11-28,14:33:00,2025-12-30,830.85,830.85,830.85,830.85,0,910,0
FINNIFTY30DEC2527400CE.NFO,2025-11-28,14:34:00,2025-12-30,830.85,830.85,830.85,830.85,0,910,0
FINNIFTY30DEC2527400CE.NFO,2025-11-28,14:35:00,2025-12-30,830.85,830.85,830.85,830.85,0,910,0
FINNIFTY30DEC2527400CE.NFO,2025-11-28,14:36:00,2025-12-30,830.85,830.85,830.85,830.85,0,910,0
FINNIFTY30DEC2527400CE.NFO,2025-11-28,14:37:00,2025-12-30,830.85,830.85,830.85,830.85,0,910,0
FINNIFTY30DEC2527400CE.NFO,2025-11-28,14:38:00,2025-12-30,830.85,830.85,830.85,830.85,0,910,0
FINNIFTY30DEC2527400CE.NFO,2025-11-28,14:39:00,2025-12-30,830.85,830.85,830.85,830.85,0,910,0
FINNIFTY30DEC2527400CE.NFO,2025-11-28,14:40:00,2025-12-30,830.85,830.85,830.85,830.85,0,910,0
FINNIFTY30DEC2527400CE.NFO,2025-11-28,14:41:00,2025-12-30,830.85,830.85,830.85,830.85,0,910,0
FINNIFTY30DEC2527400CE.NFO,2025-11-28,14:42:00,2025-12-30,830.85,830.85,830.85,830.85,0,910,0
FINNIFTY30DEC2527400CE.NFO,2025-11-28,14:43:00,2025-12-30,830.85,830.85,830.85,830.85,0,910,0
FINNIFTY30DEC2527400CE.NFO,2025-11-28,14:44:00,2025-12-30,830.85,830.85,830.85,830.85,0,910,0
FINNIFTY30DEC2527400CE.NFO,2025-11-28,14:45:00,2025-12-30,830.85,830.85,830.85,830.85,0,910,0
FINNIFTY30DEC2527400CE.NFO,2025-11-28,14:46:00,2025-12-30,830.85,830.85,830.85,830.85,0,910,0
FINNIFTY30DEC2527400CE.NFO,2025-11-28,14:47:00,2025-12-30,830.85,830.85,830.85,830.85,0,910,0
FINNIFTY30DEC2527400CE.NFO,2025-11-28,14:48:00,2025-12-30,830.85,830.85,830.85,830.85,0,910,0
FINNIFTY30DEC2527400CE.NFO,2025-11-28,14:49:00,2025-12-30,830.85,830.85,830.85,830.85,0,910,0
FINNIFTY30DEC2527400CE.NFO,2025-11-28,14:50:00,2025-12-30,830.85,830.85,830.85,830.85,0,910,0
FINNIFTY30DEC2527400CE.NFO,2025-11-28,14:51:00,2025-12-30,830.85,830.85,830.85,830.85,0,910,0
FINNIFTY30DEC2527400CE.NFO,2025-11-28,14:52:00,2025-12-30,830.85,830.85,830.85,830.85,0,910,0
FINNIFTY30DEC2527400CE.NFO,2025-11-28,14:53:00,2025-12-30,830.85,830.85,830.85,830.85,0,910,0
FINNIFTY30DEC2527400CE.NFO,2025-11-28,14:54:00,2025-12-30,830.85,830.85,830.85,830.85,0,910,0
FINNIFTY30DEC2527400CE.NFO,2025-11-28,14:55:00,2025-12-30,830.85,830.85,830.85,830.85,0,910,0
FINNIFTY30DEC2527400CE.NFO,2025-11-28,14:56:00,2025-12-30,830.85,830.85,830.85,830.85,0,910,0
FINNIFTY30DEC2527400CE.NFO,2025-11-28,14:57:00,2025-12-30,830.85,830.85,830.85,830.85,0,910,0
FINNIFTY30DEC2527400CE.NFO,2025-11-28,14:58:00,2025-12-30,830.85,830.85,830.85,830.85,0,910,0
FINNIFTY30DEC2527400CE.NFO,2025-11-28,14:59:00,2025-12-30,830.85,830.85,830.85,830.85,0,910,0
FINNIFTY30DEC2527400CE.NFO,2025-11-28,15:00:00,2025-12-30,830.85,830.85,830.85,830.85,0,910,0
FINNIFTY30DEC2527400CE.NFO,2025-11-28,15:01:00,2025-12-30,830.85,830.85,830.85,830.85,0,910,0
FINNIFTY30DEC2527400CE.NFO,2025-11-28,15:02:00,2025-12-30,830.85,830.85,830.85,830.85,0,910,0
FINNIFTY30DEC2527400CE.NFO,2025-11-28,15:03:00,2025-12-30,830.85,830.85,830.85,830.85,0,910,0
FINNIFTY30DEC2527400CE.NFO,2025-11-28,15:04:00,2025-12-30,830.85,830.85,830.85,830.85,0,910,0
FINNIFTY30DEC2527400CE.NFO,2025-11-28,15:05:00,2025-12-30,830.85,830.85,830.85,830.85,0,910,0
FINNIFTY30DEC2527400CE.NFO,2025-11-28,15:06:00,2025-12-30,830.85,830.85,830.85,830.85,0,910,0
FINNIFTY30DEC2527400CE.NFO,2025-11-28,15:07:00,2025-12-30,830.85,830.85,830.85,830.85,0,910,0
FINNIFTY30DEC2527400CE.NFO,2025-11-28,15:08:00,2025-12-30,830.85,830.85,830.85,830.85,0,910,0
FINNIFTY30DEC2527400CE.NFO,2025-11-28,15:09:00,2025-12-30,830.85,830.85,830.85,830.85,0,910,0
FINNIFTY30DEC2527400CE.NFO,2025-11-28,15:10:00,2025-12-30,830.85,830.85,830.85,830.85,0,910,0
FINNIFTY30DEC2527400CE.NFO,2025-11-28,15:11:00,2025-12-30,830.85,830.85,830.85,830.85,0,910,0
FINNIFTY30DEC2527400CE.NFO,2025-11-28,15:12:00,2025-12-30,830.85,830.85,830.85,830.85,0,910,0
FINNIFTY30DEC2527400CE.NFO,2025-11-28,15:13:00,2025-12-30,830.85,830.85,830.85,830.85,0,910,0
FINNIFTY30DEC2527400CE.NFO,2025-11-28,15:14:00,2025-12-30,830.85,830.85,830.85,830.85,0,910,0
FINNIFTY30DEC2527400CE.NFO,2025-11-28,15:15:00,2025-12-30,830.85,830.85,830.85,830.85,0,910,0
FINNIFTY30DEC2527400CE.NFO,2025-11-28,15:16:00,2025-12-30,830.85,830.85,830.85,830.85,0,910,0
FINNIFTY30DEC2527400CE.NFO,2025-11-28,15:17:00,2025-12-30,830.85,830.85,830.85,830.85,0,910,0
FINNIFTY30DEC2527400CE.NFO,2025-11-28,15:18:00,2025-12-30,830.85,830.85,830.85,830.85,0,910,0
FINNIFTY30DEC2527400CE.NFO,2025-11-28,15:19:00,2025-12-30,830.85,830.85,830.85,830.85,0,910,0
FINNIFTY30DEC2527400CE.NFO,2025-11-28,15:20:00,2025-12-30,830.85,830.85,830.85,830.85,0,910,0
FINNIFTY30DEC2527400CE.NFO,2025-11-28,15:21:00,2025-12-30,830.85,830.85,830.85,830.85,0,910,0
FINNIFTY30DEC2527400CE.NFO,2025-11-28,15:22:00,2025-12-30,830.85,830.85,830.85,830.85,0,910,0
FINNIFTY30DEC2527400CE.NFO,2025-11-28,15:23:00,2025-12-30,830.85,830.85,830.85,830.85,0,910,0
FINNIFTY30DEC2527400CE.NFO,2025-11-28,15:24:00,2025-12-30,830.85,830.85,830.85,830.85,0,910,0
FINNIFTY30DEC2527400CE.NFO,2025-11-28,15:25:00,2025-12-30,830.85,830.85,830.85,830.85,0,910,0
FINNIFTY30DEC2527400CE.NFO,2025-11-28,15:26:00,2025-12-30,830.85,830.85,830.85,830.85,0,910,0
FINNIFTY30DEC2527400CE.NFO,2025-11-28,15:27:00,2025-12-30,830.85,830.85,830.85,830.85,0,910,0
FINNIFTY30DEC2527400CE.NFO,2025-11-28,15:28:00,2025-12-30,830.85,830.85,830.85,830.85,0,910,0
FINNIFTY30DEC2527400CE.NFO,2025-11-28,15:29:00,2025-12-30,830.85,830.85,830.85,830.85,0,910,0
FINNIFTY30DEC2527400CE.NFO,2025-11-28,15:30:00,2025-12-30,830.85,830.85,830.85,830.85,0,910,1
FINNIFTY30DEC2527400CE.NFO,2025-12-01,09:15:00,2025-12-30,770.0,770.0,770.0,770.0,0,910,1
FINNIFTY30DEC2527400CE.NFO,2025-12-01,09:16:00,2025-12-30,770.0,770.0,770.0,770.0,0,910,1
FINNIFTY30DEC2527400CE.NFO,2025-12-01,09:17:00,2025-12-30,770.0,770.0,770.0,770.0,0,910,1
FINNIFTY30DEC2527400CE.NFO,2025-12-01,09:18:00,2025-12-30,770.0,770.0,770.0,770.0,0,910,1
FINNIFTY30DEC2527400CE.NFO,2025-12-01,09:19:00,2025-12-30,770.0,770.0,770.0,770.0,0,910,1
FINNIFTY30DEC2527400CE.NFO,2025-12-01,09:20:00,2025-12-30,770.0,770.0,770.0,770.0,0,910,1
FINNIFTY30DEC2527400CE.NFO,2025-12-01,09:21:00,2025-12-30,770.0,770.0,770.0,770.0,0,910,1
FINNIFTY30DEC2527400CE.NFO,2025-12-01,09:22:00,2025-12-30,770.0,770.0,770.0,770.0,0,910,1
FINNIFTY30DEC2527400CE.NFO,2025-12-01,09:23:00,2025-12-30,770.0,770.0,770.0,770.0,0,910,1
FINNIFTY30DEC2527400CE.NFO,2025-12-01,09:24:00,2025-12-30,770.0,770.0,770.0,770.0,0,910,1
FINNIFTY30DEC2527400CE.NFO,2025-12-01,09:25:00,2025-12-30,770.0,770.0,770.0,770.0,0,910,1
FINNIFTY30DEC2527400CE.NFO,2025-12-01,09:26:00,2025-12-30,770.0,770.0,770.0,770.0,0,910,1
FINNIFTY30DEC2527400CE.NFO,2025-12-01,09:27:00,2025-12-30,770.0,770.0,770.0,770.0,0,910,1
FINNIFTY30DEC2527400CE.NFO,2025-12-01,09:28:00,2025-12-30,770.0,770.0,770.0,770.0,0,910,1
FINNIFTY30DEC2527400CE.NFO,2025-12-01,09:29:00,2025-12-30,770.0,770.0,770.0,770.0,0,910,1
FINNIFTY30DEC2527400CE.NFO,2025-12-01,09:30:00,2025-12-30,770.0,770.0,770.0,770.0,0,910,1
FINNIFTY30DEC2527400CE.NFO,2025-12-01,09:31:00,2025-12-30,770.0,770.0,770.0,770.0,0,910,1
FINNIFTY30DEC2527400CE.NFO,2025-12-01,09:32:00,2025-12-30,770.0,770.0,770.0,770.0,0,910,1
FINNIFTY30DEC2527400CE.NFO,2025-12-01,09:33:00,2025-12-30,770.0,770.0,770.0,770.0,0,910,1
FINNIFTY30DEC2527400CE.NFO,2025-12-01,09:34:00,2025-12-30,770.0,770.0,770.0,770.0,0,910,1
FINNIFTY30DEC2527400CE.NFO,2025-12-01,09:35:00,2025-12-30,770.0,770.0,770.0,770.0,0,910,1
FINNIFTY30DEC2527400CE.NFO,2025-12-01,09:36:00,2025-12-30,770.0,770.0,770.0,770.0,0,910,1
FINNIFTY30DEC2527400CE.NFO,2025-12-01,09:37:00,2025-12-30,770.0,770.0,770.0,770.0,0,910,1
FINNIFTY30DEC2527400CE.NFO,2025-12-01,09:38:00,2025-12-30,770.0,770.0,770.0,770.0,0,910,1
FINNIFTY30DEC2527400CE.NFO,2025-12-01,09:39:00,2025-12-30,770.0,770.0,770.0,770.0,0,910,1
FINNIFTY30DEC2527400CE.NFO,2025-12-01,09:40:00,2025-12-30,770.0,770.0,770.0,770.0,0,910,1
FINNIFTY30DEC2527400CE.NFO,2025-12-01,09:41:00,2025-12-30,770.0,770.0,770.0,770.0,0,910,1
FINNIFTY30DEC2527400CE.NFO,2025-12-01,09:42:00,2025-12-30,770.0,770.0,770.0,770.0,0,910,1
FINNIFTY30DEC2527400CE.NFO,2025-12-01,09:43:00,2025-12-30,770.0,770.0,770.0,770.0,0,910,1
FINNIFTY30DEC2527400CE.NFO,2025-12-01,09:44:00,2025-12-30,770.0,770.0,770.0,770.0,0,910,1
FINNIFTY30DEC2527400CE.NFO,2025-12-01,09:45:00,2025-12-30,770.0,770.0,770.0,770.0,0,910,1
FINNIFTY30DEC2527400CE.NFO,2025-12-01,09:46:00,2025-12-30,770.0,770.0,770.0,770.0,0,910,1
FINNIFTY30DEC2527400CE.NFO,2025-12-01,09:47:00,2025-12-30,770.0,770.0,770.0,770.0,0,910,1
FINNIFTY30DEC2527400CE.NFO,2025-12-01,09:48:00,2025-12-30,770.0,770.0,770.0,770.0,0,910,1
FINNIFTY30DEC2527400CE.NFO,2025-12-01,09:49:00,2025-12-30,770.0,770.0,770.0,770.0,0,910,1
FINNIFTY30DEC2527400CE.NFO,2025-12-01,09:50:00,2025-12-30,770.0,770.0,770.0,770.0,0,910,1
FINNIFTY30DEC2527400CE.NFO,2025-12-01,09:51:00,2025-12-30,770.0,770.0,770.0,770.0,0,910,1
FINNIFTY30DEC2527400CE.NFO,2025-12-01,09:52:00,2025-12-30,770.0,770.0,770.0,770.0,0,910,1
FINNIFTY30DEC2527400CE.NFO,2025-12-01,09:53:00,2025-12-30,770.0,770.0,770.0,770.0,0,910,1
FINNIFTY30DEC2527400CE.NFO,2025-12-01,09:54:00,2025-12-30,770.0,770.0,770.0,770.0,0,910,1
FINNIFTY30DEC2527400CE.NFO,2025-12-01,09:55:00,2025-12-30,770.0,770.0,770.0,770.0,0,910,1
FINNIFTY30DEC2527400CE.NFO,2025-12-01,09:56:00,2025-12-30,770.0,770.0,770.0,770.0,0,910,1
FINNIFTY30DEC2527400CE.NFO,2025-12-01,09:57:00,2025-12-30,770.0,770.0,770.0,770.0,0,910,1
FINNIFTY30DEC2527400CE.NFO,2025-12-01,09:58:00,2025-12-30,770.0,770.0,770.0,770.0,0,910,1
FINNIFTY30DEC2527400CE.NFO,2025-12-01,09:59:00,2025-12-30,770.0,770.0,770.0,770.0,0,910,1
FINNIFTY30DEC2527400CE.NFO,2025-12-01,10:00:00,2025-12-30,770.0,770.0,770.0,770.0,0,910,1
FINNIFTY30DEC2527400CE.NFO,2025-12-01,10:01:00,2025-12-30,770.0,770.0,770.0,770.0,0,910,1
FINNIFTY30DEC2527400CE.NFO,2025-12-01,10:02:00,2025-12-30,770.0,770.0,770.0,770.0,0,910,1
FINNIFTY30DEC2527400CE.NFO,2025-12-01,10:03:00,2025-12-30,770.0,770.0,770.0,770.0,0,910,1
FINNIFTY30DEC2527400CE.NFO,2025-12-01,10:04:00,2025-12-30,770.0,770.0,770.0,770.0,0,910,1
FINNIFTY30DEC2527400CE.NFO,2025-12-01,10:05:00,2025-12-30,770.0,770.0,770.0,770.0,0,910,1
FINNIFTY30DEC2527400CE.NFO,2025-12-01,10:06:00,2025-12-30,770.0,770.0,770.0,770.0,0,910,1
FINNIFTY30DEC2527400CE.NFO,2025-12-01,10:07:00,2025-12-30,770.0,770.0,770.0,770.0,0,910,1
FINNIFTY30DEC2527400CE.NFO,2025-12-01,10:08:00,2025-12-30,770.0,770.0,770.0,770.0,0,910,1
FINNIFTY30DEC2527400CE.NFO,2025-12-01,10:09:00,2025-12-30,770.0,770.0,770.0,770.0,0,910,1
FINNIFTY30DEC2527400CE.NFO,2025-12-01,10:10:00,2025-12-30,770.0,770.0,770.0,770.0,0,910,1
FINNIFTY30DEC2527400CE.NFO,2025-12-01,10:11:00,2025-12-30,770.0,770.0,770.0,770.0,0,910,1
FINNIFTY30DEC2527400CE.NFO,2025-12-01,10:12:00,2025-12-30,770.0,770.0,770.0,770.0,0,910,1
FINNIFTY30DEC2527400CE.NFO,2025-12-01,10:13:00,2025-12-30,770.0,770.0,770.0,770.0,0,910,1
FINNIFTY30DEC2527400CE.NFO,2025-12-01,10:14:00,2025-12-30,770.0,770.0,770.0,770.0,0,910,1
FINNIFTY30DEC2527400CE.NFO,2025-12-01,10:15:00,2025-12-30,770.0,770.0,770.0,770.0,0,910,1
FINNIFTY30DEC2527400CE.NFO,2025-12-01,10:16:00,2025-12-30,770.0,770.0,770.0,770.0,0,910,1
FINNIFTY30DEC2527400CE.NFO,2025-12-01,10:17:00,2025-12-30,770.0,770.0,770.0,770.0,0,910,1
FINNIFTY30DEC2527400CE.NFO,2025-12-01,10:18:00,2025-12-30,770.0,770.0,770.0,770.0,0,910,1
FINNIFTY30DEC2527400CE.NFO,2025-12-01,10:19:00,2025-12-30,770.0,770.0,770.0,770.0,0,910,1
FINNIFTY30DEC2527400CE.NFO,2025-12-01,10:20:00,2025-12-30,770.0,770.0,770.0,770.0,0,910,1
FINNIFTY30DEC2527400CE.NFO,2025-12-01,10:21:00,2025-12-30,770.0,770.0,770.0,770.0,0,910,1
FINNIFTY30DEC2527400CE.NFO,2025-12-01,10:22:00,2025-12-30,770.0,770.0,770.0,770.0,0,910,1
FINNIFTY30DEC2527400CE.NFO,2025-12-01,10:23:00,2025-12-30,770.0,770.0,770.0,770.0,0,910,1
FINNIFTY30DEC2527400CE.NFO,2025-12-01,10:24:00,2025-12-30,770.0,770.0,770.0,770.0,0,910,1
FINNIFTY30DEC2527400CE.NFO,2025-12-01,10:25:00,2025-12-30,770.0,770.0,770.0,770.0,0,910,1
FINNIFTY30DEC2527400CE.NFO,2025-12-01,10:26:00,2025-12-30,770.0,770.0,770.0,770.0,0,910,1
FINNIFTY30DEC2527400CE.NFO,2025-12-01,10:27:00,2025-12-30,770.0,770.0,770.0,770.0,0,910,1
FINNIFTY30DEC2527400CE.NFO,2025-12-01,10:28:00,2025-12-30,770.0,770.0,770.0,770.0,0,910,1
FINNIFTY30DEC2527400CE.NFO,2025-12-01,10:29:00,2025-12-30,770.0,770.0,770.0,770.0,0,910,1
FINNIFTY30DEC2527400CE.NFO,2025-12-01,10:30:00,2025-12-30,770.0,770.0,770.0,770.0,0,910,1
FINNIFTY30DEC2527400CE.NFO,2025-12-01,10:31:00,2025-12-30,770.0,770.0,770.0,770.0,0,910,1
FINNIFTY30DEC2527400CE.NFO,2025-12-01,10:32:00,2025-12-30,770.0,770.0,770.0,770.0,0,910,1
FINNIFTY30DEC2527400CE.NFO,2025-12-01,10:33:00,2025-12-30,770.0,770.0,770.0,770.0,0,910,1
FINNIFTY30DEC2527400CE.NFO,2025-12-01,10:34:00,2025-12-30,770.0,770.0,770.0,770.0,0,910,1
FINNIFTY30DEC2527400CE.NFO,2025-12-01,10:35:00,2025-12-30,770.0,770.0,770.0,770.0,0,910,1
FINNIFTY30DEC2527400CE.NFO,2025-12-01,10:36:00,2025-12-30,770.0,770.0,770.0,770.0,0,910,1
FINNIFTY30DEC2527400CE.NFO,2025-12-01,10:37:00,2025-12-30,770.0,770.0,770.0,770.0,0,910,1
FINNIFTY30DEC2527400CE.NFO,2025-12-01,10:38:00,2025-12-30,770.0,770.0,770.0,770.0,0,910,1
FINNIFTY30DEC2527400CE.NFO,2025-12-01,10:39:00,2025-12-30,770.0,770.0,770.0,770.0,0,910,1
FINNIFTY30DEC2527400CE.NFO,2025-12-01,10:40:00,2025-12-30,770.0,770.0,770.0,770.0,0,910,1
FINNIFTY30DEC2527400CE.NFO,2025-12-01,10:41:00,2025-12-30,770.0,770.0,770.0,770.0,0,910,1
FINNIFTY30DEC2527400CE.NFO,2025-12-01,10:42:00,2025-12-30,770.0,770.0,770.0,770.0,0,910,1
FINNIFTY30DEC2527400CE.NFO,2025-12-01,10:43:00,2025-12-30,770.0,770.0,770.0,770.0,0,910,1
FINNIFTY30DEC2527400CE.NFO,2025-12-01,10:44:00,2025-12-30,770.0,770.0,770.0,770.0,0,910,1
FINNIFTY30DEC2527400CE.NFO,2025-12-01,10:45:00,2025-12-30,770.0,770.0,770.0,770.0,0,910,1
FINNIFTY30DEC2527400CE.NFO,2025-12-01,10:46:00,2025-12-30,770.0,770.0,770.0,770.0,0,910,1
FINNIFTY30DEC2527400CE.NFO,2025-12-01,10:47:00,2025-12-30,770.0,770.0,770.0,770.0,0,910,1
FINNIFTY30DEC2527400CE.NFO,2025-12-01,10:48:00,2025-12-30,770.0,770.0,770.0,770.0,0,910,1
FINNIFTY30DEC2527400CE.NFO,2025-12-01,10:49:00,2025-12-30,770.0,770.0,770.0,770.0,0,910,1
FINNIFTY30DEC2527400CE.NFO,2025-12-01,10:50:00,2025-12-30,770.0,770.0,770.0,770.0,0,910,1
FINNIFTY30DEC2527400CE.NFO,2025-12-01,10:51:00,2025-12-30,770.0,770.0,770.0,770.0,0,910,1
FINNIFTY30DEC2527400CE.NFO,2025-12-01,10:52:00,2025-12-30,770.0,770.0,770.0,770.0,0,910,1
FINNIFTY30DEC2527400CE.NFO,2025-12-01,10:53:00,2025-12-30,770.0,770.0,770.0,770.0,0,910,1
FINNIFTY30DEC2527400CE.NFO,2025-12-01,10:54:00,2025-12-30,770.0,770.0,770.0,770.0,0,910,1
FINNIFTY30DEC2527400CE.NFO,2025-12-01,10:55:00,2025-12-30,770.0,770.0,770.0,770.0,0,910,1
FINNIFTY30DEC2527400CE.NFO,2025-12-01,10:56:00,2025-12-30,770.0,770.0,770.0,770.0,0,910,1
FINNIFTY30DEC2527400CE.NFO,2025-12-01,10:57:00,2025-12-30,770.0,770.0,770.0,770.0,0,910,1
FINNIFTY30DEC2527400CE.NFO,2025-12-01,10:58:00,2025-12-30,770.0,770.0,770.0,770.0,0,910,1
FINNIFTY30DEC2527400CE.NFO,2025-12-01,10:59:00,2025-12-30,770.0,770.0,770.0,770.0,0,910,1
FINNIFTY30DEC2527400CE.NFO,2025-12-01,11:00:00,2025-12-30,770.0,770.0,770.0,770.0,0,910,1
FINNIFTY30DEC2527400CE.NFO,2025-12-01,11:01:00,2025-12-30,770.0,770.0,770.0,770.0,0,910,1
FINNIFTY30DEC2527400CE.NFO,2025-12-01,11:02:00,2025-12-30,770.0,770.0,770.0,770.0,0,910,1
FINNIFTY30DEC2527400CE.NFO,2025-12-01,11:03:00,2025-12-30,770.0,770.0,770.0,770.0,0,910,1
FINNIFTY30DEC2527400CE.NFO,2025-12-01,11:04:00,2025-12-30,770.0,770.0,770.0,770.0,0,910,1
FINNIFTY30DEC2527400CE.NFO,2025-12-01,11:05:00,2025-12-30,770.0,770.0,770.0,770.0,0,910,1
FINNIFTY30DEC2527400CE.NFO,2025-12-01,11:06:00,2025-12-30,770.0,770.0,770.0,770.0,0,910,1
FINNIFTY30DEC2527400CE.NFO,2025-12-01,11:07:00,2025-12-30,770.0,770.0,770.0,770.0,0,910,1
FINNIFTY30DEC2527400CE.NFO,2025-12-01,11:08:00,2025-12-30,770.0,770.0,770.0,770.0,0,910,1
FINNIFTY30DEC2527400CE.NFO,2025-12-01,11:09:00,2025-12-30,770.0,770.0,770.0,770.0,0,910,1
FINNIFTY30DEC2527400CE.NFO,2025-12-01,11:10:00,2025-12-30,770.0,770.0,770.0,770.0,0,910,1
FINNIFTY30DEC2527400CE.NFO,2025-12-01,11:11:00,2025-12-30,770.0,770.0,770.0,770.0,0,910,1
FINNIFTY30DEC2527400CE.NFO,2025-12-01,11:12:00,2025-12-30,770.0,770.0,770.0,770.0,0,910,1
FINNIFTY30DEC2527400CE.NFO,2025-12-01,11:13:00,2025-12-30,770.0,770.0,770.0,770.0,0,910,1
FINNIFTY30DEC2527400CE.NFO,2025-12-01,11:14:00,2025-12-30,770.0,770.0,770.0,770.0,0,910,1
FINNIFTY30DEC2527400CE.NFO,2025-12-01,11:15:00,2025-12-30,770.0,770.0,770.0,770.0,0,910,1
FINNIFTY30DEC2527400CE.NFO,2025-12-01,11:16:00,2025-12-30,770.0,770.0,770.0,770.0,0,910,1
FINNIFTY30DEC2527400CE.NFO,2025-12-01,11:17:00,2025-12-30,770.0,770.0,770.0,770.0,0,910,1
FINNIFTY30DEC2527400CE.NFO,2025-12-01,11:18:00,2025-12-30,770.0,770.0,770.0,770.0,0,910,1
FINNIFTY30DEC2527400CE.NFO,2025-12-01,11:19:00,2025-12-30,770.0,770.0,770.0,770.0,0,910,1
FINNIFTY30DEC2527400CE.NFO,2025-12-01,11:20:00,2025-12-30,770.0,770.0,770.0,770.0,0,910,1
FINNIFTY30DEC2527400CE.NFO,2025-12-01,11:21:00,2025-12-30,770.0,770.0,770.0,770.0,0,910,1
FINNIFTY30DEC2527400CE.NFO,2025-12-01,11:22:00,2025-12-30,770.0,770.0,770.0,770.0,0,910,1
FINNIFTY30DEC2527400CE.NFO,2025-12-01,11:23:00,2025-12-30,770.0,770.0,770.0,770.0,0,910,1
FINNIFTY30DEC2527400CE.NFO,2025-12-01,11:24:00,2025-12-30,770.0,770.0,770.0,770.0,0,910,1
FINNIFTY30DEC2527400CE.NFO,2025-12-01,11:25:00,2025-12-30,770.0,770.0,770.0,770.0,0,910,1
FINNIFTY30DEC2527400CE.NFO,2025-12-01,11:26:00,2025-12-30,770.0,770.0,770.0,770.0,0,910,1
FINNIFTY30DEC2527400CE.NFO,2025-12-01,11:27:00,2025-12-30,770.0,770.0,770.0,770.0,0,910,1
FINNIFTY30DEC2527400CE.NFO,2025-12-01,11:28:00,2025-12-30,770.0,770.0,770.0,770.0,0,910,1
FINNIFTY30DEC2527400CE.NFO,2025-12-01,11:29:00,2025-12-30,770.0,770.0,770.0,770.0,0,910,1
FINNIFTY30DEC2527400CE.NFO,2025-12-01,11:30:00,2025-12-30,770.0,770.0,770.0,770.0,0,910,1
FINNIFTY30DEC2527400CE.NFO,2025-12-01,11:31:00,2025-12-30,770.0,770.0,770.0,770.0,0,910,1
FINNIFTY30DEC2527400CE.NFO,2025-12-01,11:32:00,2025-12-30,770.0,770.0,770.0,770.0,0,910,1
FINNIFTY30DEC2527400CE.NFO,2025-12-01,11:33:00,2025-12-30,770.0,770.0,770.0,770.0,0,910,1
FINNIFTY30DEC2527400CE.NFO,2025-12-01,11:34:00,2025-12-30,770.0,770.0,770.0,770.0,0,910,1
FINNIFTY30DEC2527400CE.NFO,2025-12-01,11:35:00,2025-12-30,770.0,770.0,770.0,770.0,0,910,1
FINNIFTY30DEC2527400CE.NFO,2025-12-01,11:36:00,2025-12-30,770.0,770.0,770.0,770.0,0,910,1
FINNIFTY30DEC2527400CE.NFO,2025-12-01,11:37:00,2025-12-30,770.0,770.0,770.0,770.0,0,910,1
FINNIFTY30DEC2527400CE.NFO,2025-12-01,11:38:00,2025-12-30,770.0,770.0,770.0,770.0,0,910,1
FINNIFTY30DEC2527400CE.NFO,2025-12-01,11:39:00,2025-12-30,770.0,770.0,770.0,770.0,0,910,1
FINNIFTY30DEC2527400CE.NFO,2025-12-01,11:40:00,2025-12-30,770.0,770.0,770.0,770.0,0,910,1
FINNIFTY30DEC2527400CE.NFO,2025-12-01,11:41:00,2025-12-30,770.0,770.0,770.0,770.0,0,910,1
FINNIFTY30DEC2527400CE.NFO,2025-12-01,11:42:00,2025-12-30,770.0,770.0,770.0,770.0,0,910,1
FINNIFTY30DEC2527400CE.NFO,2025-12-01,11:43:00,2025-12-30,770.0,770.0,770.0,770.0,0,910,1
FINNIFTY30DEC2527400CE.NFO,2025-12-01,11:44:00,2025-12-30,770.0,770.0,770.0,770.0,0,910,1
FINNIFTY30DEC2527400CE.NFO,2025-12-01,11:45:00,2025-12-30,770.0,770.0,770.0,770.0,0,910,1
FINNIFTY30DEC2527400CE.NFO,2025-12-01,11:46:00,2025-12-30,770.0,770.0,770.0,770.0,0,910,1
FINNIFTY30DEC2527400CE.NFO,2025-12-01,11:47:00,2025-12-30,770.0,770.0,770.0,770.0,0,910,1
FINNIFTY30DEC2527400CE.NFO,2025-12-01,11:48:00,2025-12-30,770.0,770.0,770.0,770.0,0,910,1
FINNIFTY30DEC2527400CE.NFO,2025-12-01,11:49:00,2025-12-30,770.0,770.0,770.0,770.0,0,910,1
FINNIFTY30DEC2527400CE.NFO,2025-12-01,11:50:00,2025-12-30,770.0,770.0,770.0,770.0,0,910,1
FINNIFTY30DEC2527400CE.NFO,2025-12-01,11:51:00,2025-12-30,770.0,770.0,770.0,770.0,0,910,1
FINNIFTY30DEC2527400CE.NFO,2025-12-01,11:52:00,2025-12-30,770.0,770.0,770.0,770.0,0,910,1
FINNIFTY30DEC2527400CE.NFO,2025-12-01,11:53:00,2025-12-30,770.0,770.0,770.0,770.0,0,910,1
FINNIFTY30DEC2527400CE.NFO,2025-12-01,11:54:00,2025-12-30,770.0,770.0,770.0,770.0,0,910,1
FINNIFTY30DEC2527400CE.NFO,2025-12-01,11:55:00,2025-12-30,770.0,770.0,770.0,770.0,0,910,1
FINNIFTY30DEC2527400CE.NFO,2025-12-01,11:56:00,2025-12-30,770.0,770.0,770.0,770.0,0,910,1
FINNIFTY30DEC2527400CE.NFO,2025-12-01,11:57:00,2025-12-30,770.0,770.0,770.0,770.0,0,910,1
FINNIFTY30DEC2527400CE.NFO,2025-12-01,11:58:00,2025-12-30,770.0,770.0,770.0,770.0,0,910,1
FINNIFTY30DEC2527400CE.NFO,2025-12-01,11:59:00,2025-12-30,770.0,770.0,770.0,770.0,0,910,1
FINNIFTY30DEC2527400CE.NFO,2025-12-01,12:00:00,2025-12-30,770.0,770.0,770.0,770.0,0,910,1
FINNIFTY30DEC2527400CE.NFO,2025-12-01,12:01:00,2025-12-30,770.0,770.0,770.0,770.0,0,910,0
FINNIFTY30DEC2527400CE.NFO,2025-12-01,12:02:00,2025-12-30,770.0,770.0,770.0,770.0,0,910,0
FINNIFTY30DEC2527400CE.NFO,2025-12-01,12:03:00,2025-12-30,770.0,770.0,770.0,770.0,0,910,0
FINNIFTY30DEC2527400CE.NFO,2025-12-01,12:04:00,2025-12-30,770.0,770.0,770.0,770.0,0,910,0
FINNIFTY30DEC2527400CE.NFO,2025-12-01,12:05:00,2025-12-30,770.0,770.0,770.0,770.0,0,910,0
FINNIFTY30DEC2527400CE.NFO,2025-12-01,12:06:00,2025-12-30,770.0,770.0,770.0,770.0,0,910,0
FINNIFTY30DEC2527400CE.NFO,2025-12-01,12:07:00,2025-12-30,770.0,770.0,770.0,770.0,0,910,0
FINNIFTY30DEC2527400CE.NFO,2025-12-01,12:08:00,2025-12-30,770.0,770.0,770.0,770.0,0,910,0
FINNIFTY30DEC2527400CE.NFO,2025-12-01,12:09:00,2025-12-30,770.0,770.0,707.6,707.6,65,910,0
FINNIFTY30DEC2527400CE.NFO,2025-12-01,12:10:00,2025-12-30,707.6,707.6,707.6,707.6,0,910,0
FINNIFTY30DEC2527400CE.NFO,2025-12-01,12:11:00,2025-12-30,707.6,707.6,707.6,707.6,0,910,0
FINNIFTY30DEC2527400CE.NFO,2025-12-01,12:12:00,2025-12-30,707.6,707.6,707.6,707.6,0,910,0
FINNIFTY30DEC2527400CE.NFO,2025-12-01,12:13:00,2025-12-30,707.6,707.6,707.6,707.6,0,910,0
FINNIFTY30DEC2527400CE.NFO,2025-12-01,12:14:00,2025-12-30,707.6,707.6,707.6,707.6,0,910,0
FINNIFTY30DEC2527400CE.NFO,2025-12-01,12:15:00,2025-12-30,707.6,707.6,707.6,707.6,0,910,0
FINNIFTY30DEC2527400CE.NFO,2025-12-01,12:16:00,2025-12-30,707.6,707.6,707.6,707.6,0,910,0
FINNIFTY30DEC2527400CE.NFO,2025-12-01,12:17:00,2025-12-30,707.6,707.6,707.6,707.6,0,910,0
FINNIFTY30DEC2527400CE.NFO,2025-12-01,12:18:00,2025-12-30,707.6,707.6,707.6,707.6,0,910,0
FINNIFTY30DEC2527400CE.NFO,2025-12-01,12:19:00,2025-12-30,707.6,707.6,707.6,707.6,0,910,0
FINNIFTY30DEC2527400CE.NFO,2025-12-01,12:20:00,2025-12-30,707.6,707.6,707.6,707.6,0,910,0
FINNIFTY30DEC2527400CE.NFO,2025-12-01,12:21:00,2025-12-30,707.6,707.6,707.6,707.6,0,910,0
FINNIFTY30DEC2527400CE.NFO,2025-12-01,12:22:00,2025-12-30,707.6,707.6,707.6,707.6,0,910,0
FINNIFTY30DEC2527400CE.NFO,2025-12-01,12:23:00,2025-12-30,707.6,707.6,707.6,707.6,0,910,0
FINNIFTY30DEC2527400CE.NFO,2025-12-01,12:24:00,2025-12-30,707.6,707.6,707.6,707.6,0,910,0
FINNIFTY30DEC2527400CE.NFO,2025-12-01,12:25:00,2025-12-30,707.6,707.6,707.6,707.6,0,910,0
FINNIFTY30DEC2527400CE.NFO,2025-12-01,12:26:00,2025-12-30,707.6,707.6,707.6,707.6,0,910,0
FINNIFTY30DEC2527400CE.NFO,2025-12-01,12:27:00,2025-12-30,707.6,707.6,707.6,707.6,0,910,0
FINNIFTY30DEC2527400CE.NFO,2025-12-01,12:28:00,2025-12-30,707.6,707.6,707.6,707.6,0,910,0
FINNIFTY30DEC2527400CE.NFO,2025-12-01,12:29:00,2025-12-30,707.6,707.6,707.6,707.6,0,910,0
FINNIFTY30DEC2527400CE.NFO,2025-12-01,12:30:00,2025-12-30,707.6,707.6,707.6,707.6,0,910,0
FINNIFTY30DEC2527400CE.NFO,2025-12-01,12:31:00,2025-12-30,707.6,707.6,707.6,707.6,0,910,0
FINNIFTY30DEC2527400CE.NFO,2025-12-01,12:32:00,2025-12-30,707.6,707.6,707.6,707.6,0,910,0
FINNIFTY30DEC2527400CE.NFO,2025-12-01,12:33:00,2025-12-30,707.6,707.6,707.6,707.6,0,910,0
FINNIFTY30DEC2527400CE.NFO,2025-12-01,12:34:00,2025-12-30,707.6,707.6,707.6,707.6,0,910,0
FINNIFTY30DEC2527400CE.NFO,2025-12-01,12:35:00,2025-12-30,707.6,707.6,707.6,707.6,0,910,0
FINNIFTY30DEC2527400CE.NFO,2025-12-01,12:36:00,2025-12-30,707.6,707.6,707.6,707.6,0,910,0
FINNIFTY30DEC2527400CE.NFO,2025-12-01,12:37:00,2025-12-30,707.6,707.6,707.6,707.6,0,910,0
FINNIFTY30DEC2527400CE.NFO,2025-12-01,12:38:00,2025-12-30,707.6,707.6,707.6,707.6,0,910,0
FINNIFTY30DEC2527400CE.NFO,2025-12-01,12:39:00,2025-12-30,707.6,707.6,707.6,707.6,0,910,0
FINNIFTY30DEC2527400CE.NFO,2025-12-01,12:40:00,2025-12-30,707.6,707.6,707.6,707.6,0,910,0
FINNIFTY30DEC2527400CE.NFO,2025-12-01,12:41:00,2025-12-30,707.6,707.6,707.6,707.6,0,910,0
FINNIFTY30DEC2527400CE.NFO,2025-12-01,12:42:00,2025-12-30,707.6,708.15,707.6,708.15,65,910,0
FINNIFTY30DEC2527400CE.NFO,2025-12-01,12:43:00,2025-12-30,708.15,708.15,708.15,708.15,0,910,0
FINNIFTY30DEC2527400CE.NFO,2025-12-01,12:44:00,2025-12-30,708.15,708.15,708.15,708.15,0,910,0
FINNIFTY30DEC2527400CE.NFO,2025-12-01,12:45:00,2025-12-30,708.15,708.15,708.15,708.15,0,910,0
FINNIFTY30DEC2527400CE.NFO,2025-12-01,12:46:00,2025-12-30,708.15,708.15,708.15,708.15,0,910,0
FINNIFTY30DEC2527400CE.NFO,2025-12-01,12:47:00,2025-12-30,708.15,708.15,708.15,708.15,0,910,0
FINNIFTY30DEC2527400CE.NFO,2025-12-01,12:48:00,2025-12-30,708.15,708.15,708.15,708.15,0,910,0
FINNIFTY30DEC2527400CE.NFO,2025-12-01,12:49:00,2025-12-30,708.15,708.15,708.15,708.15,0,910,0
FINNIFTY30DEC2527400CE.NFO,2025-12-01,12:50:00,2025-12-30,708.15,708.15,708.15,708.15,0,910,0
FINNIFTY30DEC2527400CE.NFO,2025-12-01,12:51:00,2025-12-30,708.15,708.15,708.15,708.15,0,910,0
FINNIFTY30DEC2527400CE.NFO,2025-12-01,12:52:00,2025-12-30,708.15,708.15,708.15,708.15,0,910,0
FINNIFTY30DEC2527400CE.NFO,2025-12-01,12:53:00,2025-12-30,708.15,708.15,708.15,708.15,0,910,0
FINNIFTY30DEC2527400CE.NFO,2025-12-01,12:54:00,2025-12-30,708.15,708.15,708.15,708.15,0,910,0
FINNIFTY30DEC2527400CE.NFO,2025-12-01,12:55:00,2025-12-30,708.15,708.15,708.15,708.15,0,910,0
FINNIFTY30DEC2527400CE.NFO,2025-12-01,12:56:00,2025-12-30,708.15,708.15,708.15,708.15,0,910,0
FINNIFTY30DEC2527400CE.NFO,2025-12-01,12:57:00,2025-12-30,708.15,708.15,708.15,708.15,0,910,0
FINNIFTY30DEC2527400CE.NFO,2025-12-01,12:58:00,2025-12-30,708.15,708.15,708.15,708.15,0,910,0
FINNIFTY30DEC2527400CE.NFO,2025-12-01,12:59:00,2025-12-30,708.15,708.15,708.15,708.15,0,910,0
FINNIFTY30DEC2527400CE.NFO,2025-12-01,13:00:00,2025-12-30,708.15,708.15,708.15,708.15,0,910,0
FINNIFTY30DEC2527400CE.NFO,2025-12-01,13:01:00,2025-12-30,708.15,708.15,708.15,708.15,0,910,0
FINNIFTY30DEC2527400CE.NFO,2025-12-01,13:02:00,2025-12-30,708.15,708.15,708.15,708.15,0,910,0
FINNIFTY30DEC2527400CE.NFO,2025-12-01,13:03:00,2025-12-30,708.15,708.15,708.15,708.15,0,910,0
FINNIFTY30DEC2527400CE.NFO,2025-12-01,13:04:00,2025-12-30,708.15,708.15,708.15,708.15,0,910,0
FINNIFTY30DEC2527400CE.NFO,2025-12-01,13:05:00,2025-12-30,708.15,708.15,708.15,708.15,0,910,0
FINNIFTY30DEC2527400CE.NFO,2025-12-01,13:06:00,2025-12-30,708.15,708.15,708.15,708.15,0,910,0
FINNIFTY30DEC2527400CE.NFO,2025-12-01,13:07:00,2025-12-30,708.15,708.15,708.15,708.15,0,910,0
FINNIFTY30DEC2527400CE.NFO,2025-12-01,13:08:00,2025-12-30,708.15,708.15,708.15,708.15,0,910,0
FINNIFTY30DEC2527400CE.NFO,2025-12-01,13:09:00,2025-12-30,708.15,708.15,708.15,708.15,0,910,0
FINNIFTY30DEC2527400CE.NFO,2025-12-01,13:10:00,2025-12-30,708.15,708.15,708.15,708.15,0,910,0
FINNIFTY30DEC2527400CE.NFO,2025-12-01,13:11:00,2025-12-30,708.15,708.15,708.15,708.15,0,910,0
FINNIFTY30DEC2527400CE.NFO,2025-12-01,13:12:00,2025-12-30,708.15,708.15,708.15,708.15,0,910,0
FINNIFTY30DEC2527400CE.NFO,2025-12-01,13:13:00,2025-12-30,708.15,708.15,708.15,708.15,0,910,0
FINNIFTY30DEC2527400CE.NFO,2025-12-01,13:14:00,2025-12-30,708.15,708.15,708.15,708.15,0,910,0
FINNIFTY30DEC2527400CE.NFO,2025-12-01,13:15:00,2025-12-30,708.15,708.15,708.15,708.15,0,910,0
FINNIFTY30DEC2527400CE.NFO,2025-12-01,13:16:00,2025-12-30,708.15,708.15,708.15,708.15,0,910,0
FINNIFTY30DEC2527400CE.NFO,2025-12-01,13:17:00,2025-12-30,708.15,708.15,708.15,708.15,0,910,0
FINNIFTY30DEC2527400CE.NFO,2025-12-01,13:18:00,2025-12-30,708.15,708.15,708.15,708.15,0,910,0
FINNIFTY30DEC2527400CE.NFO,2025-12-01,13:19:00,2025-12-30,708.15,708.15,708.15,708.15,0,910,0
FINNIFTY30DEC2527400CE.NFO,2025-12-01,13:20:00,2025-12-30,708.15,708.15,708.15,708.15,0,910,0
FINNIFTY30DEC2527400CE.NFO,2025-12-01,13:21:00,2025-12-30,708.15,708.15,708.15,708.15,0,910,0
FINNIFTY30DEC2527400CE.NFO,2025-12-01,13:22:00,2025-12-30,708.15,708.15,708.15,708.15,0,910,0
FINNIFTY30DEC2527400CE.NFO,2025-12-01,13:23:00,2025-12-30,708.15,708.15,708.15,708.15,0,910,0
FINNIFTY30DEC2527400CE.NFO,2025-12-01,13:24:00,2025-12-30,708.15,708.15,708.15,708.15,0,910,0
FINNIFTY30DEC2527400CE.NFO,2025-12-01,13:25:00,2025-12-30,708.15,708.15,708.15,708.15,0,910,0
FINNIFTY30DEC2527400CE.NFO,2025-12-01,13:26:00,2025-12-30,708.15,708.15,708.15,708.15,0,910,0
FINNIFTY30DEC2527400CE.NFO,2025-12-01,13:27:00,2025-12-30,708.15,708.15,708.15,708.15,0,910,0
FINNIFTY30DEC2527400CE.NFO,2025-12-01,13:28:00,2025-12-30,708.15,708.15,708.15,708.15,0,910,0
FINNIFTY30DEC2527400CE.NFO,2025-12-01,13:29:00,2025-12-30,708.15,708.15,708.15,708.15,0,910,0
FINNIFTY30DEC2527400CE.NFO,2025-12-01,13:30:00,2025-12-30,708.15,708.15,708.15,708.15,0,910,0
FINNIFTY30DEC2527400CE.NFO,2025-12-01,13:31:00,2025-12-30,708.15,708.15,708.15,708.15,0,910,0
FINNIFTY30DEC2527400CE.NFO,2025-12-01,13:32:00,2025-12-30,708.15,708.15,708.15,708.15,0,910,0
FINNIFTY30DEC2527400CE.NFO,2025-12-01,13:33:00,2025-12-30,708.15,708.15,708.15,708.15,0,910,0
FINNIFTY30DEC2527400CE.NFO,2025-12-01,13:34:00,2025-12-30,708.15,708.15,708.15,708.15,0,910,0
FINNIFTY30DEC2527400CE.NFO,2025-12-01,13:35:00,2025-12-30,708.15,708.15,708.15,708.15,0,910,0
FINNIFTY30DEC2527400CE.NFO,2025-12-01,13:36:00,2025-12-30,708.15,708.15,708.15,708.15,0,910,0
FINNIFTY30DEC2527400CE.NFO,2025-12-01,13:37:00,2025-12-30,708.15,708.15,708.15,708.15,0,910,0
FINNIFTY30DEC2527400CE.NFO,2025-12-01,13:38:00,2025-12-30,708.15,708.15,708.15,708.15,0,910,0
FINNIFTY30DEC2527400CE.NFO,2025-12-01,13:39:00,2025-12-30,708.15,708.15,708.15,708.15,0,910,0
FINNIFTY30DEC2527400CE.NFO,2025-12-01,13:40:00,2025-12-30,708.15,708.15,708.15,708.15,0,910,0
FINNIFTY30DEC2527400CE.NFO,2025-12-01,13:41:00,2025-12-30,708.15,708.15,708.15,708.15,0,910,0
FINNIFTY30DEC2527400CE.NFO,2025-12-01,13:42:00,2025-12-30,708.15,708.15,708.15,708.15,0,910,0
FINNIFTY30DEC2527400CE.NFO,2025-12-01,13:43:00,2025-12-30,708.15,708.15,708.15,708.15,0,910,0
FINNIFTY30DEC2527400CE.NFO,2025-12-01,13:44:00,2025-12-30,708.15,708.15,708.15,708.15,0,910,0
FINNIFTY30DEC2527400CE.NFO,2025-12-01,13:45:00,2025-12-30,708.15,708.15,708.15,708.15,0,910,0
FINNIFTY30DEC2527400CE.NFO,2025-12-01,13:46:00,2025-12-30,708.15,708.15,708.15,708.15,0,910,0
FINNIFTY30DEC2527400CE.NFO,2025-12-01,13:47:00,2025-12-30,708.15,708.15,708.15,708.15,0,910,0
FINNIFTY30DEC2527400CE.NFO,2025-12-01,13:48:00,2025-12-30,708.15,708.15,708.15,708.15,0,910,0
FINNIFTY30DEC2527400CE.NFO,2025-12-01,13:49:00,2025-12-30,708.15,708.15,708.15,708.15,0,910,0
FINNIFTY30DEC2527400CE.NFO,2025-12-01,13:50:00,2025-12-30,708.15,708.15,708.15,708.15,0,910,0
FINNIFTY30DEC2527400CE.NFO,2025-12-01,13:51:00,2025-12-30,708.15,708.15,708.15,708.15,0,910,0
FINNIFTY30DEC2527400CE.NFO,2025-12-01,13:52:00,2025-12-30,708.15,708.15,708.15,708.15,0,910,0
FINNIFTY30DEC2527400CE.NFO,2025-12-01,13:53:00,2025-12-30,708.15,708.15,708.15,708.15,0,910,0
FINNIFTY30DEC2527400CE.NFO,2025-12-01,13:54:00,2025-12-30,708.15,708.15,708.15,708.15,0,910,0
FINNIFTY30DEC2527400CE.NFO,2025-12-01,13:55:00,2025-12-30,708.15,708.15,708.15,708.15,0,910,0
FINNIFTY30DEC2527400CE.NFO,2025-12-01,13:56:00,2025-12-30,708.15,708.15,708.15,708.15,0,910,0
FINNIFTY30DEC2527400CE.NFO,2025-12-01,13:57:00,2025-12-30,708.15,708.15,708.15,708.15,0,910,0
FINNIFTY30DEC2527400CE.NFO,2025-12-01,13:58:00,2025-12-30,708.15,708.15,708.15,708.15,0,910,0
FINNIFTY30DEC2527400CE.NFO,2025-12-01,13:59:00,2025-12-30,708.15,708.15,708.15,708.15,0,910,0
FINNIFTY30DEC2527400CE.NFO,2025-12-01,14:00:00,2025-12-30,708.15,708.15,708.15,708.15,0,910,0
FINNIFTY30DEC2527400CE.NFO,2025-12-01,14:01:00,2025-12-30,708.15,708.15,708.15,708.15,0,910,0
FINNIFTY30DEC2527400CE.NFO,2025-12-01,14:02:00,2025-12-30,708.15,708.15,708.15,708.15,0,910,0
FINNIFTY30DEC2527400CE.NFO,2025-12-01,14:03:00,2025-12-30,708.15,708.15,708.15,708.15,0,910,0
FINNIFTY30DEC2527400CE.NFO,2025-12-01,14:04:00,2025-12-30,708.15,708.15,708.15,708.15,0,910,0
FINNIFTY30DEC2527400CE.NFO,2025-12-01,14:05:00,2025-12-30,708.15,708.15,708.15,708.15,0,910,0
FINNIFTY30DEC2527400CE.NFO,2025-12-01,14:06:00,2025-12-30,708.15,708.15,708.15,708.15,0,910,0
FINNIFTY30DEC2527400CE.NFO,2025-12-01,14:07:00,2025-12-30,708.15,708.15,708.15,708.15,0,910,0
FINNIFTY30DEC2527400CE.NFO,2025-12-01,14:08:00,2025-12-30,708.15,708.15,708.15,708.15,0,910,0
FINNIFTY30DEC2527400CE.NFO,2025-12-01,14:09:00,2025-12-30,708.15,708.15,708.15,708.15,0,910,0
FINNIFTY30DEC2527400CE.NFO,2025-12-01,14:10:00,2025-12-30,708.15,708.15,708.15,708.15,0,910,0
FINNIFTY30DEC2527400CE.NFO,2025-12-01,14:11:00,2025-12-30,708.15,708.15,708.15,708.15,0,910,0
FINNIFTY30DEC2527400CE.NFO,2025-12-01,14:12:00,2025-12-30,708.15,708.15,708.15,708.15,0,910,0
FINNIFTY30DEC2527400CE.NFO,2025-12-01,14:13:00,2025-12-30,708.15,708.15,708.15,708.15,0,910,0
FINNIFTY30DEC2527400CE.NFO,2025-12-01,14:14:00,2025-12-30,708.15,708.15,708.15,708.15,0,910,0
FINNIFTY30DEC2527400CE.NFO,2025-12-01,14:15:00,2025-12-30,708.15,708.15,708.15,708.15,0,910,0
FINNIFTY30DEC2527400CE.NFO,2025-12-01,14:16:00,2025-12-30,708.15,708.15,708.15,708.15,0,910,0
FINNIFTY30DEC2527400CE.NFO,2025-12-01,14:17:00,2025-12-30,708.15,708.15,708.15,708.15,0,910,0
FINNIFTY30DEC2527400CE.NFO,2025-12-01,14:18:00,2025-12-30,708.15,708.15,708.15,708.15,0,910,0
FINNIFTY30DEC2527400CE.NFO,2025-12-01,14:19:00,2025-12-30,708.15,708.15,708.15,708.15,0,910,0
FINNIFTY30DEC2527400CE.NFO,2025-12-01,14:20:00,2025-12-30,708.15,708.15,708.15,708.15,0,910,0
FINNIFTY30DEC2527400CE.NFO,2025-12-01,14:21:00,2025-12-30,708.15,708.15,708.15,708.15,0,910,0
FINNIFTY30DEC2527400CE.NFO,2025-12-01,14:22:00,2025-12-30,708.15,708.15,708.15,708.15,0,910,0
FINNIFTY30DEC2527400CE.NFO,2025-12-01,14:23:00,2025-12-30,708.15,708.15,708.15,708.15,0,910,0
FINNIFTY30DEC2527400CE.NFO,2025-12-01,14:24:00,2025-12-30,708.15,708.15,708.15,708.15,0,910,0
FINNIFTY30DEC2527400CE.NFO,2025-12-01,14:25:00,2025-12-30,708.15,708.15,708.15,708.15,0,910,0
FINNIFTY30DEC2527400CE.NFO,2025-12-01,14:26:00,2025-12-30,708.15,708.15,708.15,708.15,0,910,0
FINNIFTY30DEC2527400CE.NFO,2025-12-01,14:27:00,2025-12-30,708.15,708.15,708.15,708.15,0,910,0
FINNIFTY30DEC2527400CE.NFO,2025-12-01,14:28:00,2025-12-30,708.15,708.15,708.15,708.15,0,910,0
FINNIFTY30DEC2527400CE.NFO,2025-12-01,14:29:00,2025-12-30,708.15,708.15,708.15,708.15,0,910,0
FINNIFTY30DEC2527400CE.NFO,2025-12-01,14:30:00,2025-12-30,708.15,708.15,708.15,708.15,0,910,0
FINNIFTY30DEC2527400CE.NFO,2025-12-01,14:31:00,2025-12-30,708.15,708.15,708.15,708.15,0,910,0
FINNIFTY30DEC2527400CE.NFO,2025-12-01,14:32:00,2025-12-30,708.15,708.15,708.15,708.15,0,910,0
FINNIFTY30DEC2527400CE.NFO,2025-12-01,14:33:00,2025-12-30,708.15,708.15,708.15,708.15,0,910,0
FINNIFTY30DEC2527400CE.NFO,2025-12-01,14:34:00,2025-12-30,708.15,708.15,708.15,708.15,0,910,0
FINNIFTY30DEC2527400CE.NFO,2025-12-01,14:35:00,2025-12-30,708.15,708.15,708.15,708.15,0,910,0
FINNIFTY30DEC2527400CE.NFO,2025-12-01,14:36:00,2025-12-30,708.15,708.15,708.15,708.15,0,910,0
FINNIFTY30DEC2527400CE.NFO,2025-12-01,14:37:00,2025-12-30,708.15,708.15,708.15,708.15,0,910,0
FINNIFTY30DEC2527400CE.NFO,2025-12-01,14:38:00,2025-12-30,708.15,708.15,708.15,708.15,0,910,0
FINNIFTY30DEC2527400CE.NFO,2025-12-01,14:39:00,2025-12-30,708.15,708.15,708.15,708.15,0,910,0
FINNIFTY30DEC2527400CE.NFO,2025-12-01,14:40:00,2025-12-30,708.15,708.15,708.15,708.15,0,910,0
FINNIFTY30DEC2527400CE.NFO,2025-12-01,14:41:00,2025-12-30,708.15,708.15,708.15,708.15,0,910,0
FINNIFTY30DEC2527400CE.NFO,2025-12-01,14:42:00,2025-12-30,708.15,708.15,708.15,708.15,0,910,0
FINNIFTY30DEC2527400CE.NFO,2025-12-01,14:43:00,2025-12-30,708.15,708.15,708.15,708.15,0,910,0
FINNIFTY30DEC2527400CE.NFO,2025-12-01,14:44:00,2025-12-30,708.15,708.15,708.15,708.15,0,910,0
FINNIFTY30DEC2527400CE.NFO,2025-12-01,14:45:00,2025-12-30,708.15,708.15,708.15,708.15,0,910,0
FINNIFTY30DEC2527400CE.NFO,2025-12-01,14:46:00,2025-12-30,708.15,708.15,708.15,708.15,0,910,0
FINNIFTY30DEC2527400CE.NFO,2025-12-01,14:47:00,2025-12-30,708.15,708.15,708.15,708.15,0,910,0
FINNIFTY30DEC2527400CE.NFO,2025-12-01,14:48:00,2025-12-30,708.15,708.15,708.15,708.15,0,910,0
FINNIFTY30DEC2527400CE.NFO,2025-12-01,14:49:00,2025-12-30,708.15,708.15,708.15,708.15,0,910,0
FINNIFTY30DEC2527400CE.NFO,2025-12-01,14:50:00,2025-12-30,708.15,708.15,708.15,708.15,0,910,0
FINNIFTY30DEC2527400CE.NFO,2025-12-01,14:51:00,2025-12-30,708.15,708.15,708.15,708.15,0,910,0
FINNIFTY30DEC2527400CE.NFO,2025-12-01,14:52:00,2025-12-30,708.15,708.15,708.15,708.15,0,910,0
FINNIFTY30DEC2527400CE.NFO,2025-12-01,14:53:00,2025-12-30,708.15,708.15,708.15,708.15,0,910,0
FINNIFTY30DEC2527400CE.NFO,2025-12-01,14:54:00,2025-12-30,708.15,708.15,708.15,708.15,0,910,0
FINNIFTY30DEC2527400CE.NFO,2025-12-01,14:55:00,2025-12-30,708.15,708.15,708.15,708.15,0,910,0
FINNIFTY30DEC2527400CE.NFO,2025-12-01,14:56:00,2025-12-30,708.15,708.15,708.15,708.15,0,910,0
FINNIFTY30DEC2527400CE.NFO,2025-12-01,14:57:00,2025-12-30,708.15,708.15,708.15,708.15,0,910,0
FINNIFTY30DEC2527400CE.NFO,2025-12-01,14:58:00,2025-12-30,708.15,708.15,708.15,708.15,0,910,0
FINNIFTY30DEC2527400CE.NFO,2025-12-01,14:59:00,2025-12-30,708.15,708.15,708.15,708.15,0,910,0
FINNIFTY30DEC2527400CE.NFO,2025-12-01,15:00:00,2025-12-30,708.15,708.15,708.15,708.15,0,910,0
FINNIFTY30DEC2527400CE.NFO,2025-12-01,15:01:00,2025-12-30,708.15,708.15,708.15,708.15,0,910,0
FINNIFTY30DEC2527400CE.NFO,2025-12-01,15:02:00,2025-12-30,708.15,708.15,708.15,708.15,0,910,0
FINNIFTY30DEC2527400CE.NFO,2025-12-01,15:03:00,2025-12-30,708.15,708.15,708.15,708.15,0,910,0
FINNIFTY30DEC2527400CE.NFO,2025-12-01,15:04:00,2025-12-30,708.15,708.15,708.15,708.15,0,910,0
FINNIFTY30DEC2527400CE.NFO,2025-12-01,15:05:00,2025-12-30,708.15,708.15,708.15,708.15,0,910,0
FINNIFTY30DEC2527400CE.NFO,2025-12-01,15:06:00,2025-12-30,708.15,708.15,708.15,708.15,0,910,0
FINNIFTY30DEC2527400CE.NFO,2025-12-01,15:07:00,2025-12-30,708.15,708.15,708.15,708.15,0,910,0
FINNIFTY30DEC2527400CE.NFO,2025-12-01,15:08:00,2025-12-30,708.15,708.15,708.15,708.15,0,910,0
FINNIFTY30DEC2527400CE.NFO,2025-12-01,15:09:00,2025-12-30,708.15,708.15,708.15,708.15,0,910,0
FINNIFTY30DEC2527400CE.NFO,2025-12-01,15:10:00,2025-12-30,708.15,708.15,708.15,708.15,0,910,0
FINNIFTY30DEC2527400CE.NFO,2025-12-01,15:11:00,2025-12-30,708.15,708.15,708.15,708.15,0,910,0
FINNIFTY30DEC2527400CE.NFO,2025-12-01,15:12:00,2025-12-30,708.15,708.15,708.15,708.15,0,910,0
FINNIFTY30DEC2527400CE.NFO,2025-12-01,15:13:00,2025-12-30,708.15,708.15,708.15,708.15,0,910,0
FINNIFTY30DEC2527400CE.NFO,2025-12-01,15:14:00,2025-12-30,708.15,708.15,708.15,708.15,0,910,0
FINNIFTY30DEC2527400CE.NFO,2025-12-01,15:15:00,2025-12-30,708.15,708.15,708.15,708.15,0,910,0
FINNIFTY30DEC2527400CE.NFO,2025-12-01,15:16:00,2025-12-30,708.15,708.15,708.15,708.15,0,910,0
FINNIFTY30DEC2527400CE.NFO,2025-12-01,15:17:00,2025-12-30,708.15,708.15,708.15,708.15,0,910,0
FINNIFTY30DEC2527400CE.NFO,2025-12-01,15:18:00,2025-12-30,708.15,708.15,708.15,708.15,0,910,0
FINNIFTY30DEC2527400CE.NFO,2025-12-01,15:19:00,2025-12-30,708.15,708.15,708.15,708.15,0,910,0
FINNIFTY30DEC2527400CE.NFO,2025-12-01,15:20:00,2025-12-30,708.15,708.15,708.15,708.15,0,910,0
FINNIFTY30DEC2527400CE.NFO,2025-12-01,15:21:00,2025-12-30,708.15,708.15,708.15,708.15,0,910,0
FINNIFTY30DEC2527400CE.NFO,2025-12-01,15:22:00,2025-12-30,708.15,708.15,708.15,708.15,0,910,0
FINNIFTY30DEC2527400CE.NFO,2025-12-01,15:23:00,2025-12-30,708.15,708.15,708.15,708.15,0,910,0
FINNIFTY30DEC2527400CE.NFO,2025-12-01,15:24:00,2025-12-30,708.15,708.15,708.15,708.15,0,910,0
FINNIFTY30DEC2527400CE.NFO,2025-12-01,15:25:00,2025-12-30,708.15,708.15,708.15,708.15,0,910,0
FINNIFTY30DEC2527400CE.NFO,2025-12-01,15:26:00,2025-12-30,708.15,708.15,708.15,708.15,0,910,0
FINNIFTY30DEC2527400CE.NFO,2025-12-01,15:27:00,2025-12-30,708.15,708.15,708.15,708.15,0,910,0
FINNIFTY30DEC2527400CE.NFO,2025-12-01,15:28:00,2025-12-30,708.15,708.15,708.15,708.15,0,910,0
FINNIFTY30DEC2527400CE.NFO,2025-12-01,15:29:00,2025-12-30,708.15,708.15,708.15,708.15,0,910,0
FINNIFTY30DEC2527400CE.NFO,2025-12-01,15:30:00,2025-12-30,708.15,708.15,708.15,708.15,0,910,1
FINNIFTY30DEC2527400CE.NFO,2025-12-02,09:15:00,2025-12-30,614.9,614.9,614.9,614.9,0,910,1
FINNIFTY30DEC2527400CE.NFO,2025-12-02,09:16:00,2025-12-30,614.9,614.9,614.9,614.9,0,910,1
FINNIFTY30DEC2527400CE.NFO,2025-12-02,09:17:00,2025-12-30,614.9,614.9,614.9,614.9,0,910,1
FINNIFTY30DEC2527400CE.NFO,2025-12-02,09:18:00,2025-12-30,614.9,614.9,614.9,614.9,0,910,1
FINNIFTY30DEC2527400CE.NFO,2025-12-02,09:19:00,2025-12-30,614.9,614.9,614.9,614.9,0,910,0
FINNIFTY30DEC2527400CE.NFO,2025-12-02,09:20:00,2025-12-30,614.9,614.9,614.9,614.9,0,910,0
FINNIFTY30DEC2527400CE.NFO,2025-12-02,09:21:00,2025-12-30,614.9,614.9,614.9,614.9,0,910,0
FINNIFTY30DEC2527400CE.NFO,2025-12-02,09:22:00,2025-12-30,614.9,614.9,614.9,614.9,0,910,0
FINNIFTY30DEC2527400CE.NFO,2025-12-02,09:23:00,2025-12-30,614.9,614.9,614.9,614.9,0,910,0
FINNIFTY30DEC2527400CE.NFO,2025-12-02,09:24:00,2025-12-30,614.9,614.9,614.9,614.9,0,910,0
FINNIFTY30DEC2527400CE.NFO,2025-12-02,09:25:00,2025-12-30,614.9,614.9,614.9,614.9,0,910,0
FINNIFTY30DEC2527400CE.NFO,2025-12-02,09:26:00,2025-12-30,614.9,614.9,614.9,614.9,0,910,0
FINNIFTY30DEC2527400CE.NFO,2025-12-02,09:27:00,2025-12-30,614.9,614.9,614.9,614.9,0,910,0
FINNIFTY30DEC2527400CE.NFO,2025-12-02,09:28:00,2025-12-30,614.9,614.9,614.9,614.9,0,910,0
FINNIFTY30DEC2527400CE.NFO,2025-12-02,09:29:00,2025-12-30,614.9,614.9,614.9,614.9,0,910,0
FINNIFTY30DEC2527400CE.NFO,2025-12-02,09:30:00,2025-12-30,614.9,614.9,614.9,614.9,0,910,0
FINNIFTY30DEC2527400CE.NFO,2025-12-02,09:31:00,2025-12-30,614.9,614.9,614.9,614.9,0,910,0
FINNIFTY30DEC2527400CE.NFO,2025-12-02,09:32:00,2025-12-30,614.9,614.9,614.9,614.9,0,910,0
FINNIFTY30DEC2527400CE.NFO,2025-12-02,09:33:00,2025-12-30,614.9,614.9,614.9,614.9,0,910,0
FINNIFTY30DEC2527400CE.NFO,2025-12-02,09:34:00,2025-12-30,614.9,614.9,614.9,614.9,0,910,0
FINNIFTY30DEC2527400CE.NFO,2025-12-02,09:35:00,2025-12-30,614.9,614.9,614.9,614.9,0,910,0
FINNIFTY30DEC2527400CE.NFO,2025-12-02,09:36:00,2025-12-30,614.9,614.9,614.9,614.9,0,910,0
FINNIFTY30DEC2527400CE.NFO,2025-12-02,09:37:00,2025-12-30,614.9,614.9,614.9,614.9,0,910,0
FINNIFTY30DEC2527400CE.NFO,2025-12-02,09:38:00,2025-12-30,614.9,614.9,614.9,614.9,0,910,0
FINNIFTY30DEC2527400CE.NFO,2025-12-02,09:39:00,2025-12-30,614.9,614.9,614.9,614.9,0,910,0
FINNIFTY30DEC2527400CE.NFO,2025-12-02,09:40:00,2025-12-30,614.9,614.9,614.9,614.9,0,910,0
FINNIFTY30DEC2527400CE.NFO,2025-12-02,09:41:00,2025-12-30,614.9,614.9,614.9,614.9,0,910,0
FINNIFTY30DEC2527400CE.NFO,2025-12-02,09:42:00,2025-12-30,614.9,614.9,614.9,614.9,0,910,0
FINNIFTY30DEC2527400CE.NFO,2025-12-02,09:43:00,2025-12-30,614.9,614.9,614.9,614.9,0,910,0
FINNIFTY30DEC2527400CE.NFO,2025-12-02,09:44:00,2025-12-30,614.9,614.9,614.9,614.9,0,910,0
FINNIFTY30DEC2527400CE.NFO,2025-12-02,09:45:00,2025-12-30,614.9,614.9,614.9,614.9,0,910,0
FINNIFTY30DEC2527400CE.NFO,2025-12-02,09:46:00,2025-12-30,614.9,614.9,614.9,614.9,0,910,0
FINNIFTY30DEC2527400CE.NFO,2025-12-02,09:47:00,2025-12-30,614.9,614.9,614.9,614.9,0,910,0
FINNIFTY30DEC2527400CE.NFO,2025-12-02,09:48:00,2025-12-30,614.9,614.9,614.9,614.9,0,910,0
FINNIFTY30DEC2527400CE.NFO,2025-12-02,09:49:00,2025-12-30,614.9,614.9,614.9,614.9,0,910,0
FINNIFTY30DEC2527400CE.NFO,2025-12-02,09:50:00,2025-12-30,614.9,614.9,614.9,614.9,0,910,0
FINNIFTY30DEC2527400CE.NFO,2025-12-02,09:51:00,2025-12-30,614.9,614.9,614.9,614.9,0,910,0
FINNIFTY30DEC2527400CE.NFO,2025-12-02,09:52:00,2025-12-30,614.9,614.9,614.9,614.9,0,910,0
FINNIFTY30DEC2527400CE.NFO,2025-12-02,09:53:00,2025-12-30,614.9,614.9,614.9,614.9,0,910,0
FINNIFTY30DEC2527400CE.NFO,2025-12-02,09:54:00,2025-12-30,614.9,614.9,614.9,614.9,0,910,0
FINNIFTY30DEC2527400CE.NFO,2025-12-02,09:55:00,2025-12-30,614.9,614.9,614.9,614.9,0,910,0
FINNIFTY30DEC2527400CE.NFO,2025-12-02,09:56:00,2025-12-30,614.9,614.9,614.9,614.9,0,910,0
FINNIFTY30DEC2527400CE.NFO,2025-12-02,09:57:00,2025-12-30,614.9,614.9,614.9,614.9,0,910,0
FINNIFTY30DEC2527400CE.NFO,2025-12-02,09:58:00,2025-12-30,614.9,614.9,614.9,614.9,0,910,0
FINNIFTY30DEC2527400CE.NFO,2025-12-02,09:59:00,2025-12-30,614.9,614.9,614.9,614.9,0,910,0
FINNIFTY30DEC2527400CE.NFO,2025-12-02,10:00:00,2025-12-30,614.9,614.9,614.9,614.9,0,910,0
FINNIFTY30DEC2527400CE.NFO,2025-12-02,10:01:00,2025-12-30,614.9,614.9,614.9,614.9,0,910,0
FINNIFTY30DEC2527400CE.NFO,2025-12-02,10:02:00,2025-12-30,614.9,614.9,614.9,614.9,0,910,0
FINNIFTY30DEC2527400CE.NFO,2025-12-02,10:03:00,2025-12-30,614.9,614.9,614.9,614.9,0,910,0
FINNIFTY30DEC2527400CE.NFO,2025-12-02,10:04:00,2025-12-30,614.9,614.9,614.9,614.9,0,910,0
FINNIFTY30DEC2527400CE.NFO,2025-12-02,10:05:00,2025-12-30,614.9,614.9,614.9,614.9,0,910,0
FINNIFTY30DEC2527400CE.NFO,2025-12-02,10:06:00,2025-12-30,614.9,614.9,614.9,614.9,0,910,0
FINNIFTY30DEC2527400CE.NFO,2025-12-02,10:07:00,2025-12-30,614.9,614.9,614.9,614.9,0,910,0
FINNIFTY30DEC2527400CE.NFO,2025-12-02,10:08:00,2025-12-30,614.9,614.9,614.9,614.9,0,910,0
FINNIFTY30DEC2527400CE.NFO,2025-12-02,10:09:00,2025-12-30,614.9,614.9,614.9,614.9,0,910,0
FINNIFTY30DEC2527400CE.NFO,2025-12-02,10:10:00,2025-12-30,614.9,614.9,614.9,614.9,0,910,0
FINNIFTY30DEC2527400CE.NFO,2025-12-02,10:11:00,2025-12-30,614.9,614.9,614.9,614.9,0,910,0
FINNIFTY30DEC2527400CE.NFO,2025-12-02,10:12:00,2025-12-30,614.9,614.9,614.9,614.9,0,910,0
FINNIFTY30DEC2527400CE.NFO,2025-12-02,10:13:00,2025-12-30,614.9,614.9,614.9,614.9,0,910,0
FINNIFTY30DEC2527400CE.NFO,2025-12-02,10:14:00,2025-12-30,614.9,614.9,614.9,614.9,0,910,0
FINNIFTY30DEC2527400CE.NFO,2025-12-02,10:15:00,2025-12-30,614.9,614.9,614.9,614.9,0,910,0
FINNIFTY30DEC2527400CE.NFO,2025-12-02,10:16:00,2025-12-30,614.9,614.9,614.9,614.9,0,910,0
FINNIFTY30DEC2527400CE.NFO,2025-12-02,10:17:00,2025-12-30,614.9,614.9,614.9,614.9,0,910,0
FINNIFTY30DEC2527400CE.NFO,2025-12-02,10:18:00,2025-12-30,614.9,614.9,614.9,614.9,0,910,0
FINNIFTY30DEC2527400CE.NFO,2025-12-02,10:19:00,2025-12-30,614.9,614.9,614.9,614.9,0,910,0
FINNIFTY30DEC2527400CE.NFO,2025-12-02,10:20:00,2025-12-30,614.9,614.9,614.9,614.9,0,910,0
FINNIFTY30DEC2527400CE.NFO,2025-12-02,10:21:00,2025-12-30,614.9,614.9,614.9,614.9,0,910,0
FINNIFTY30DEC2527400CE.NFO,2025-12-02,10:22:00,2025-12-30,614.9,614.9,614.9,614.9,0,910,0
FINNIFTY30DEC2527400CE.NFO,2025-12-02,10:23:00,2025-12-30,614.9,614.9,614.9,614.9,0,910,0
FINNIFTY30DEC2527400CE.NFO,2025-12-02,10:24:00,2025-12-30,614.9,614.9,614.9,614.9,0,910,0
FINNIFTY30DEC2527400CE.NFO,2025-12-02,10:25:00,2025-12-30,614.9,614.9,614.9,614.9,0,910,0
FINNIFTY30DEC2527400CE.NFO,2025-12-02,10:26:00,2025-12-30,614.9,614.9,614.9,614.9,0,910,0
FINNIFTY30DEC2527400CE.NFO,2025-12-02,10:27:00,2025-12-30,614.9,614.9,614.9,614.9,0,910,0
FINNIFTY30DEC2527400CE.NFO,2025-12-02,10:28:00,2025-12-30,614.9,614.9,614.9,614.9,0,910,0
FINNIFTY30DEC2527400CE.NFO,2025-12-02,10:29:00,2025-12-30,614.9,614.9,614.9,614.9,0,910,0
FINNIFTY30DEC2527400CE.NFO,2025-12-02,10:30:00,2025-12-30,614.9,614.9,614.9,614.9,0,910,0
FINNIFTY30DEC2527400CE.NFO,2025-12-02,10:31:00,2025-12-30,614.9,614.9,614.9,614.9,0,910,0
FINNIFTY30DEC2527400CE.NFO,2025-12-02,10:32:00,2025-12-30,614.9,614.9,614.9,614.9,0,910,0
FINNIFTY30DEC2527400CE.NFO,2025-12-02,10:33:00,2025-12-30,614.9,614.9,614.9,614.9,0,910,0
FINNIFTY30DEC2527400CE.NFO,2025-12-02,10:34:00,2025-12-30,614.9,614.9,614.9,614.9,0,910,0
FINNIFTY30DEC2527400CE.NFO,2025-12-02,10:35:00,2025-12-30,614.9,614.9,614.9,614.9,0,910,0
FINNIFTY30DEC2527400CE.NFO,2025-12-02,10:36:00,2025-12-30,614.9,614.9,614.9,614.9,0,910,0
FINNIFTY30DEC2527400CE.NFO,2025-12-02,10:37:00,2025-12-30,614.9,614.9,614.9,614.9,0,910,0
FINNIFTY30DEC2527400CE.NFO,2025-12-02,10:38:00,2025-12-30,614.9,614.9,614.9,614.9,0,910,0
FINNIFTY30DEC2527400CE.NFO,2025-12-02,10:39:00,2025-12-30,614.9,614.9,614.9,614.9,0,910,0
FINNIFTY30DEC2527400CE.NFO,2025-12-02,10:40:00,2025-12-30,614.9,614.9,614.9,614.9,0,910,0
FINNIFTY30DEC2527400CE.NFO,2025-12-02,10:41:00,2025-12-30,614.9,614.9,614.9,614.9,0,910,0
FINNIFTY30DEC2527400CE.NFO,2025-12-02,10:42:00,2025-12-30,614.9,614.9,614.9,614.9,0,910,0
FINNIFTY30DEC2527400CE.NFO,2025-12-02,10:43:00,2025-12-30,614.9,614.9,614.9,614.9,0,910,0
FINNIFTY30DEC2527400CE.NFO,2025-12-02,10:44:00,2025-12-30,614.9,614.9,614.9,614.9,0,910,0
FINNIFTY30DEC2527400CE.NFO,2025-12-02,10:45:00,2025-12-30,614.9,614.9,614.9,614.9,0,910,0
FINNIFTY30DEC2527400CE.NFO,2025-12-02,10:46:00,2025-12-30,614.9,614.9,614.9,614.9,0,910,0
FINNIFTY30DEC2527400CE.NFO,2025-12-02,10:47:00,2025-12-30,614.9,614.9,614.9,614.9,0,910,0
FINNIFTY30DEC2527400CE.NFO,2025-12-02,10:48:00,2025-12-30,614.9,614.9,614.9,614.9,0,910,0
FINNIFTY30DEC2527400CE.NFO,2025-12-02,10:49:00,2025-12-30,614.9,614.9,614.9,614.9,0,910,0
FINNIFTY30DEC2527400CE.NFO,2025-12-02,10:50:00,2025-12-30,614.9,614.9,614.9,614.9,0,910,0
FINNIFTY30DEC2527400CE.NFO,2025-12-02,10:51:00,2025-12-30,614.9,614.9,614.9,614.9,0,910,0
FINNIFTY30DEC2527400CE.NFO,2025-12-02,10:52:00,2025-12-30,614.9,614.9,614.9,614.9,0,910,0
FINNIFTY30DEC2527400CE.NFO,2025-12-02,10:53:00,2025-12-30,614.9,614.9,614.9,614.9,0,910,0
FINNIFTY30DEC2527400CE.NFO,2025-12-02,10:54:00,2025-12-30,614.9,614.9,614.9,614.9,0,910,0
FINNIFTY30DEC2527400CE.NFO,2025-12-02,10:55:00,2025-12-30,614.9,614.9,614.9,614.9,0,910,0
FINNIFTY30DEC2527400CE.NFO,2025-12-02,10:56:00,2025-12-30,614.9,614.9,614.9,614.9,0,910,0
FINNIFTY30DEC2527400CE.NFO,2025-12-02,10:57:00,2025-12-30,614.9,614.9,614.9,614.9,0,910,0
FINNIFTY30DEC2527400CE.NFO,2025-12-02,10:58:00,2025-12-30,614.9,614.9,614.9,614.9,0,910,0
FINNIFTY30DEC2527400CE.NFO,2025-12-02,10:59:00,2025-12-30,614.9,614.9,614.9,614.9,0,910,0
FINNIFTY30DEC2527400CE.NFO,2025-12-02,11:00:00,2025-12-30,614.9,614.9,614.9,614.9,0,910,0
FINNIFTY30DEC2527400CE.NFO,2025-12-02,11:01:00,2025-12-30,614.9,614.9,614.9,614.9,0,910,0
FINNIFTY30DEC2527400CE.NFO,2025-12-02,11:02:00,2025-12-30,614.9,614.9,614.9,614.9,0,910,0
FINNIFTY30DEC2527400CE.NFO,2025-12-02,11:03:00,2025-12-30,614.9,614.9,614.9,614.9,0,910,0
FINNIFTY30DEC2527400CE.NFO,2025-12-02,11:04:00,2025-12-30,614.9,614.9,614.9,614.9,0,910,0
FINNIFTY30DEC2527400CE.NFO,2025-12-02,11:05:00,2025-12-30,614.9,614.9,614.9,614.9,0,910,0
FINNIFTY30DEC2527400CE.NFO,2025-12-02,11:06:00,2025-12-30,614.9,614.9,614.9,614.9,0,910,0
FINNIFTY30DEC2527400CE.NFO,2025-12-02,11:07:00,2025-12-30,614.9,614.9,614.9,614.9,0,910,0
FINNIFTY30DEC2527400CE.NFO,2025-12-02,11:08:00,2025-12-30,614.9,614.9,614.9,614.9,0,910,0
FINNIFTY30DEC2527400CE.NFO,2025-12-02,11:09:00,2025-12-30,614.9,614.9,614.9,614.9,0,910,0
FINNIFTY30DEC2527400CE.NFO,2025-12-02,11:10:00,2025-12-30,614.9,614.9,614.9,614.9,0,910,0
FINNIFTY30DEC2527400CE.NFO,2025-12-02,11:11:00,2025-12-30,614.9,614.9,614.9,614.9,0,910,0
FINNIFTY30DEC2527400CE.NFO,2025-12-02,11:12:00,2025-12-30,614.9,614.9,614.9,614.9,0,910,0
FINNIFTY30DEC2527400CE.NFO,2025-12-02,11:13:00,2025-12-30,614.9,614.9,614.9,614.9,0,910,0
FINNIFTY30DEC2527400CE.NFO,2025-12-02,11:14:00,2025-12-30,614.9,614.9,614.9,614.9,0,910,0
FINNIFTY30DEC2527400CE.NFO,2025-12-02,11:15:00,2025-12-30,614.9,614.9,614.9,614.9,0,910,0
FINNIFTY30DEC2527400CE.NFO,2025-12-02,11:16:00,2025-12-30,614.9,614.9,614.9,614.9,0,910,0
FINNIFTY30DEC2527400CE.NFO,2025-12-02,11:17:00,2025-12-30,614.9,614.9,614.9,614.9,0,910,0
FINNIFTY30DEC2527400CE.NFO,2025-12-02,11:18:00,2025-12-30,614.9,614.9,614.9,614.9,0,910,0
FINNIFTY30DEC2527400CE.NFO,2025-12-02,11:19:00,2025-12-30,614.9,614.9,614.9,614.9,0,910,0
FINNIFTY30DEC2527400CE.NFO,2025-12-02,11:20:00,2025-12-30,614.9,614.9,614.9,614.9,0,910,0
FINNIFTY30DEC2527400CE.NFO,2025-12-02,11:21:00,2025-12-30,614.9,614.9,614.9,614.9,0,910,0
FINNIFTY30DEC2527400CE.NFO,2025-12-02,11:22:00,2025-12-30,614.9,614.9,614.9,614.9,0,910,0
FINNIFTY30DEC2527400CE.NFO,2025-12-02,11:23:00,2025-12-30,614.9,614.9,614.9,614.9,0,910,0
FINNIFTY30DEC2527400CE.NFO,2025-12-02,11:24:00,2025-12-30,614.9,614.9,614.9,614.9,0,910,0
FINNIFTY30DEC2527400CE.NFO,2025-12-02,11:25:00,2025-12-30,614.9,614.9,614.9,614.9,0,910,0
FINNIFTY30DEC2527400CE.NFO,2025-12-02,11:26:00,2025-12-30,614.9,614.9,614.9,614.9,0,910,0
FINNIFTY30DEC2527400CE.NFO,2025-12-02,11:27:00,2025-12-30,614.9,614.9,614.9,614.9,0,910,0
FINNIFTY30DEC2527400CE.NFO,2025-12-02,11:28:00,2025-12-30,614.9,614.9,614.9,614.9,0,910,0
FINNIFTY30DEC2527400CE.NFO,2025-12-02,11:29:00,2025-12-30,614.9,614.9,614.9,614.9,0,910,0
FINNIFTY30DEC2527400CE.NFO,2025-12-02,11:30:00,2025-12-30,614.9,614.9,614.9,614.9,0,910,0
FINNIFTY30DEC2527400CE.NFO,2025-12-02,11:31:00,2025-12-30,614.9,614.9,614.9,614.9,0,910,0
FINNIFTY30DEC2527400CE.NFO,2025-12-02,11:32:00,2025-12-30,614.9,614.9,614.9,614.9,0,910,0
FINNIFTY30DEC2527400CE.NFO,2025-12-02,11:33:00,2025-12-30,614.9,614.9,614.9,614.9,0,910,0
FINNIFTY30DEC2527400CE.NFO,2025-12-02,11:34:00,2025-12-30,614.9,618.0,614.9,618.0,65,845,0
FINNIFTY30DEC2527400CE.NFO,2025-12-02,11:35:00,2025-12-30,618.0,618.0,618.0,618.0,0,845,0
FINNIFTY30DEC2527400CE.NFO,2025-12-02,11:36:00,2025-12-30,618.0,618.0,618.0,618.0,0,845,0
FINNIFTY30DEC2527400CE.NFO,2025-12-02,11:37:00,2025-12-30,618.0,618.0,618.0,618.0,0,845,0
FINNIFTY30DEC2527400CE.NFO,2025-12-02,11:38:00,2025-12-30,618.0,618.0,618.0,618.0,0,845,0
FINNIFTY30DEC2527400CE.NFO,2025-12-02,11:39:00,2025-12-30,618.0,618.0,618.0,618.0,0,845,0
FINNIFTY30DEC2527400CE.NFO,2025-12-02,11:40:00,2025-12-30,618.0,618.0,618.0,618.0,0,845,0
FINNIFTY30DEC2527400CE.NFO,2025-12-02,11:41:00,2025-12-30,618.0,618.0,613.85,613.85,65,845,0
FINNIFTY30DEC2527400CE.NFO,2025-12-02,11:42:00,2025-12-30,613.85,613.85,613.85,613.85,0,845,0
FINNIFTY30DEC2527400CE.NFO,2025-12-02,11:43:00,2025-12-30,613.85,613.85,613.85,613.85,0,845,0
FINNIFTY30DEC2527400CE.NFO,2025-12-02,11:44:00,2025-12-30,613.85,613.85,613.85,613.85,0,845,0
FINNIFTY30DEC2527400CE.NFO,2025-12-02,11:45:00,2025-12-30,613.85,613.85,613.85,613.85,0,845,0
FINNIFTY30DEC2527400CE.NFO,2025-12-02,11:46:00,2025-12-30,613.85,613.85,613.85,613.85,0,845,0
FINNIFTY30DEC2527400CE.NFO,2025-12-02,11:47:00,2025-12-30,613.85,613.85,613.85,613.85,0,845,0
FINNIFTY30DEC2527400CE.NFO,2025-12-02,11:48:00,2025-12-30,613.85,613.85,613.85,613.85,0,845,0
FINNIFTY30DEC2527400CE.NFO,2025-12-02,11:49:00,2025-12-30,613.85,613.85,613.85,613.85,0,845,0
FINNIFTY30DEC2527400CE.NFO,2025-12-02,11:50:00,2025-12-30,613.85,613.85,613.85,613.85,0,845,0
FINNIFTY30DEC2527400CE.NFO,2025-12-02,11:51:00,2025-12-30,613.85,613.85,613.85,613.85,0,845,0
FINNIFTY30DEC2527400CE.NFO,2025-12-02,11:52:00,2025-12-30,613.85,613.85,613.85,613.85,0,845,0
FINNIFTY30DEC2527400CE.NFO,2025-12-02,11:53:00,2025-12-30,613.85,613.85,613.85,613.85,0,845,0
FINNIFTY30DEC2527400CE.NFO,2025-12-02,11:54:00,2025-12-30,613.85,613.85,613.85,613.85,0,845,0
FINNIFTY30DEC2527400CE.NFO,2025-12-02,11:55:00,2025-12-30,613.85,613.85,613.85,613.85,0,845,0
FINNIFTY30DEC2527400CE.NFO,2025-12-02,11:56:00,2025-12-30,613.85,613.85,613.85,613.85,0,845,0
FINNIFTY30DEC2527400CE.NFO,2025-12-02,11:57:00,2025-12-30,613.85,613.85,613.85,613.85,0,845,0
FINNIFTY30DEC2527400CE.NFO,2025-12-02,11:58:00,2025-12-30,613.85,613.85,613.85,613.85,0,845,0
FINNIFTY30DEC2527400CE.NFO,2025-12-02,11:59:00,2025-12-30,613.85,613.85,613.85,613.85,0,845,0
FINNIFTY30DEC2527400CE.NFO,2025-12-02,12:00:00,2025-12-30,613.85,613.85,613.85,613.85,0,845,0
FINNIFTY30DEC2527400CE.NFO,2025-12-02,12:01:00,2025-12-30,613.85,613.85,613.85,613.85,0,845,0
FINNIFTY30DEC2527400CE.NFO,2025-12-02,12:02:00,2025-12-30,613.85,613.85,613.85,613.85,0,845,0
FINNIFTY30DEC2527400CE.NFO,2025-12-02,12:03:00,2025-12-30,613.85,613.85,613.85,613.85,0,845,0
FINNIFTY30DEC2527400CE.NFO,2025-12-02,12:04:00,2025-12-30,613.85,613.85,613.85,613.85,0,845,0
FINNIFTY30DEC2527400CE.NFO,2025-12-02,12:05:00,2025-12-30,613.85,613.85,613.85,613.85,0,845,0
FINNIFTY30DEC2527400CE.NFO,2025-12-02,12:06:00,2025-12-30,613.85,613.85,613.85,613.85,0,845,0
FINNIFTY30DEC2527400CE.NFO,2025-12-02,12:07:00,2025-12-30,613.85,613.85,613.85,613.85,0,845,0
FINNIFTY30DEC2527400CE.NFO,2025-12-02,12:08:00,2025-12-30,613.85,613.85,613.85,613.85,0,845,0
FINNIFTY30DEC2527400CE.NFO,2025-12-02,12:09:00,2025-12-30,613.85,613.85,613.85,613.85,0,845,0
FINNIFTY30DEC2527400CE.NFO,2025-12-02,12:10:00,2025-12-30,613.85,613.85,613.85,613.85,0,845,0
FINNIFTY30DEC2527400CE.NFO,2025-12-02,12:11:00,2025-12-30,613.85,613.85,613.85,613.85,0,845,0
FINNIFTY30DEC2527400CE.NFO,2025-12-02,12:12:00,2025-12-30,613.85,613.85,613.85,613.85,0,845,0
FINNIFTY30DEC2527400CE.NFO,2025-12-02,12:13:00,2025-12-30,613.85,613.85,613.85,613.85,0,845,0
FINNIFTY30DEC2527400CE.NFO,2025-12-02,12:14:00,2025-12-30,613.85,613.85,613.85,613.85,0,845,0
FINNIFTY30DEC2527400CE.NFO,2025-12-02,12:15:00,2025-12-30,613.85,613.85,613.85,613.85,0,845,0
FINNIFTY30DEC2527400CE.NFO,2025-12-02,12:16:00,2025-12-30,613.85,613.85,613.85,613.85,0,845,0
FINNIFTY30DEC2527400CE.NFO,2025-12-02,12:17:00,2025-12-30,613.85,613.85,613.85,613.85,0,845,0
FINNIFTY30DEC2527400CE.NFO,2025-12-02,12:18:00,2025-12-30,613.85,613.85,613.85,613.85,0,845,0
FINNIFTY30DEC2527400CE.NFO,2025-12-02,12:19:00,2025-12-30,613.85,613.85,613.85,613.85,0,845,0
FINNIFTY30DEC2527400CE.NFO,2025-12-02,12:20:00,2025-12-30,613.85,613.85,613.85,613.85,0,845,0
FINNIFTY30DEC2527400CE.NFO,2025-12-02,12:21:00,2025-12-30,613.85,613.85,613.85,613.85,0,845,0
FINNIFTY30DEC2527400CE.NFO,2025-12-02,12:22:00,2025-12-30,613.85,613.85,613.85,613.85,0,845,0
FINNIFTY30DEC2527400CE.NFO,2025-12-02,12:23:00,2025-12-30,613.85,613.85,613.85,613.85,0,845,0
FINNIFTY30DEC2527400CE.NFO,2025-12-02,12:24:00,2025-12-30,613.85,613.85,613.85,613.85,0,845,0
FINNIFTY30DEC2527400CE.NFO,2025-12-02,12:25:00,2025-12-30,613.85,613.85,613.85,613.85,0,845,0
FINNIFTY30DEC2527400CE.NFO,2025-12-02,12:26:00,2025-12-30,613.85,613.85,613.85,613.85,0,845,0
FINNIFTY30DEC2527400CE.NFO,2025-12-02,12:27:00,2025-12-30,613.85,613.85,613.85,613.85,0,845,0
FINNIFTY30DEC2527400CE.NFO,2025-12-02,12:28:00,2025-12-30,613.85,613.85,599.75,599.75,65,845,0
FINNIFTY30DEC2527400CE.NFO,2025-12-02,12:29:00,2025-12-30,599.75,599.75,599.75,599.75,0,845,0
FINNIFTY30DEC2527400CE.NFO,2025-12-02,12:30:00,2025-12-30,599.75,599.75,599.75,599.75,0,845,0
FINNIFTY30DEC2527400CE.NFO,2025-12-02,12:31:00,2025-12-30,599.75,599.75,599.75,599.75,0,845,0
FINNIFTY30DEC2527400CE.NFO,2025-12-02,12:32:00,2025-12-30,599.75,599.75,599.75,599.75,0,845,0
FINNIFTY30DEC2527400CE.NFO,2025-12-02,12:33:00,2025-12-30,599.75,599.75,599.75,599.75,0,845,0
FINNIFTY30DEC2527400CE.NFO,2025-12-02,12:34:00,2025-12-30,599.75,599.75,599.75,599.75,0,845,0
FINNIFTY30DEC2527400CE.NFO,2025-12-02,12:35:00,2025-12-30,599.75,599.75,599.75,599.75,0,845,0
FINNIFTY30DEC2527400CE.NFO,2025-12-02,12:36:00,2025-12-30,599.75,599.75,599.75,599.75,0,845,0
FINNIFTY30DEC2527400CE.NFO,2025-12-02,12:37:00,2025-12-30,599.75,599.75,599.75,599.75,0,845,0
FINNIFTY30DEC2527400CE.NFO,2025-12-02,12:38:00,2025-12-30,599.75,618.8,599.75,618.8,65,845,0
FINNIFTY30DEC2527400CE.NFO,2025-12-02,12:39:00,2025-12-30,618.8,618.8,618.8,618.8,0,845,0
FINNIFTY30DEC2527400CE.NFO,2025-12-02,12:40:00,2025-12-30,618.8,618.8,618.8,618.8,0,845,0
FINNIFTY30DEC2527400CE.NFO,2025-12-02,12:41:00,2025-12-30,618.8,618.8,618.8,618.8,0,845,0
FINNIFTY30DEC2527400CE.NFO,2025-12-02,12:42:00,2025-12-30,618.8,618.8,618.8,618.8,0,845,0
FINNIFTY30DEC2527400CE.NFO,2025-12-02,12:43:00,2025-12-30,618.8,618.8,609.1,609.1,130,845,0
FINNIFTY30DEC2527400CE.NFO,2025-12-02,12:44:00,2025-12-30,609.1,609.1,609.1,609.1,0,845,0
FINNIFTY30DEC2527400CE.NFO,2025-12-02,12:45:00,2025-12-30,609.1,609.1,609.1,609.1,0,845,0
FINNIFTY30DEC2527400CE.NFO,2025-12-02,12:46:00,2025-12-30,609.1,609.1,609.1,609.1,0,845,0
FINNIFTY30DEC2527400CE.NFO,2025-12-02,12:47:00,2025-12-30,609.1,609.1,609.1,609.1,0,845,0
FINNIFTY30DEC2527400CE.NFO,2025-12-02,12:48:00,2025-12-30,609.1,609.1,609.1,609.1,0,845,0
FINNIFTY30DEC2527400CE.NFO,2025-12-02,12:49:00,2025-12-30,609.1,609.1,609.1,609.1,0,845,0
FINNIFTY30DEC2527400CE.NFO,2025-12-02,12:50:00,2025-12-30,609.1,609.1,609.1,609.1,0,845,0
FINNIFTY30DEC2527400CE.NFO,2025-12-02,12:51:00,2025-12-30,609.1,609.1,609.1,609.1,0,845,0
FINNIFTY30DEC2527400CE.NFO,2025-12-02,12:52:00,2025-12-30,609.1,609.1,609.1,609.1,0,845,0
FINNIFTY30DEC2527400CE.NFO,2025-12-02,12:53:00,2025-12-30,609.1,609.1,609.1,609.1,0,845,0
FINNIFTY30DEC2527400CE.NFO,2025-12-02,12:54:00,2025-12-30,609.1,609.1,609.1,609.1,0,845,0
FINNIFTY30DEC2527400CE.NFO,2025-12-02,12:55:00,2025-12-30,609.1,609.1,609.1,609.1,0,845,0
FINNIFTY30DEC2527400CE.NFO,2025-12-02,12:56:00,2025-12-30,609.1,609.1,609.1,609.1,0,845,0
FINNIFTY30DEC2527400CE.NFO,2025-12-02,12:57:00,2025-12-30,609.1,609.1,609.1,609.1,0,845,0
FINNIFTY30DEC2527400CE.NFO,2025-12-02,12:58:00,2025-12-30,609.1,609.1,609.1,609.1,0,845,0
FINNIFTY30DEC2527400CE.NFO,2025-12-02,12:59:00,2025-12-30,609.1,609.1,609.1,609.1,0,845,0
FINNIFTY30DEC2527400CE.NFO,2025-12-02,13:00:00,2025-12-30,609.1,609.1,609.1,609.1,0,845,0
FINNIFTY30DEC2527400CE.NFO,2025-12-02,13:01:00,2025-12-30,609.1,609.1,609.1,609.1,0,845,0
FINNIFTY30DEC2527400CE.NFO,2025-12-02,13:02:00,2025-12-30,609.1,609.1,609.1,609.1,0,845,0
FINNIFTY30DEC2527400CE.NFO,2025-12-02,13:03:00,2025-12-30,609.1,609.1,609.1,609.1,0,845,0
FINNIFTY30DEC2527400CE.NFO,2025-12-02,13:04:00,2025-12-30,609.1,609.1,609.1,609.1,0,845,0
FINNIFTY30DEC2527400CE.NFO,2025-12-02,13:05:00,2025-12-30,609.1,609.1,609.1,609.1,0,845,0
FINNIFTY30DEC2527400CE.NFO,2025-12-02,13:06:00,2025-12-30,609.1,609.1,609.1,609.1,0,845,0
FINNIFTY30DEC2527400CE.NFO,2025-12-02,13:07:00,2025-12-30,609.1,609.1,609.1,609.1,0,845,0
FINNIFTY30DEC2527400CE.NFO,2025-12-02,13:08:00,2025-12-30,609.1,609.1,609.1,609.1,0,845,0
FINNIFTY30DEC2527400CE.NFO,2025-12-02,13:09:00,2025-12-30,609.1,609.1,609.1,609.1,0,845,0
FINNIFTY30DEC2527400CE.NFO,2025-12-02,13:10:00,2025-12-30,609.1,609.1,609.1,609.1,0,845,0
FINNIFTY30DEC2527400CE.NFO,2025-12-02,13:11:00,2025-12-30,609.1,609.1,609.1,609.1,0,845,0
FINNIFTY30DEC2527400CE.NFO,2025-12-02,13:12:00,2025-12-30,609.1,609.1,609.1,609.1,0,845,0
FINNIFTY30DEC2527400CE.NFO,2025-12-02,13:13:00,2025-12-30,609.1,609.1,609.1,609.1,0,845,0
FINNIFTY30DEC2527400CE.NFO,2025-12-02,13:14:00,2025-12-30,609.1,609.1,609.1,609.1,0,845,0
FINNIFTY30DEC2527400CE.NFO,2025-12-02,13:15:00,2025-12-30,609.1,609.1,609.1,609.1,0,845,0
FINNIFTY30DEC2527400CE.NFO,2025-12-02,13:16:00,2025-12-30,609.1,609.1,609.1,609.1,0,845,0
FINNIFTY30DEC2527400CE.NFO,2025-12-02,13:17:00,2025-12-30,609.1,609.1,609.1,609.1,0,845,0
FINNIFTY30DEC2527400CE.NFO,2025-12-02,13:18:00,2025-12-30,609.1,609.1,609.1,609.1,0,845,0
FINNIFTY30DEC2527400CE.NFO,2025-12-02,13:19:00,2025-12-30,609.1,609.1,609.1,609.1,0,845,0
FINNIFTY30DEC2527400CE.NFO,2025-12-02,13:20:00,2025-12-30,609.1,609.1,609.1,609.1,0,845,0
FINNIFTY30DEC2527400CE.NFO,2025-12-02,13:21:00,2025-12-30,609.1,609.1,609.1,609.1,0,845,0
FINNIFTY30DEC2527400CE.NFO,2025-12-02,13:22:00,2025-12-30,609.1,609.1,609.1,609.1,0,845,0
FINNIFTY30DEC2527400CE.NFO,2025-12-02,13:23:00,2025-12-30,609.1,609.1,609.1,609.1,0,845,0
FINNIFTY30DEC2527400CE.NFO,2025-12-02,13:24:00,2025-12-30,609.1,609.1,609.1,609.1,0,845,0
FINNIFTY30DEC2527400CE.NFO,2025-12-02,13:25:00,2025-12-30,609.1,609.1,609.1,609.1,0,845,0
FINNIFTY30DEC2527400CE.NFO,2025-12-02,13:26:00,2025-12-30,609.1,609.1,609.1,609.1,0,845,0
FINNIFTY30DEC2527400CE.NFO,2025-12-02,13:27:00,2025-12-30,609.1,609.1,609.1,609.1,0,845,0
FINNIFTY30DEC2527400CE.NFO,2025-12-02,13:28:00,2025-12-30,609.1,609.1,609.1,609.1,0,845,0
FINNIFTY30DEC2527400CE.NFO,2025-12-02,13:29:00,2025-12-30,609.1,609.1,609.1,609.1,0,845,0
FINNIFTY30DEC2527400CE.NFO,2025-12-02,13:30:00,2025-12-30,609.1,609.1,609.1,609.1,0,845,0
FINNIFTY30DEC2527400CE.NFO,2025-12-02,13:31:00,2025-12-30,609.1,609.1,609.1,609.1,0,845,0
FINNIFTY30DEC2527400CE.NFO,2025-12-02,13:32:00,2025-12-30,609.1,609.1,609.1,609.1,0,845,0
FINNIFTY30DEC2527400CE.NFO,2025-12-02,13:33:00,2025-12-30,609.1,609.1,609.1,609.1,0,845,0
FINNIFTY30DEC2527400CE.NFO,2025-12-02,13:34:00,2025-12-30,609.1,609.1,609.1,609.1,0,845,0
FINNIFTY30DEC2527400CE.NFO,2025-12-02,13:35:00,2025-12-30,609.1,609.1,609.1,609.1,0,845,0
FINNIFTY30DEC2527400CE.NFO,2025-12-02,13:36:00,2025-12-30,609.1,609.1,609.1,609.1,0,845,0
FINNIFTY30DEC2527400CE.NFO,2025-12-02,13:37:00,2025-12-30,609.1,609.1,609.1,609.1,0,845,0
FINNIFTY30DEC2527400CE.NFO,2025-12-02,13:38:00,2025-12-30,609.1,609.1,609.1,609.1,0,845,0
FINNIFTY30DEC2527400CE.NFO,2025-12-02,13:39:00,2025-12-30,609.1,609.1,609.1,609.1,0,845,0
FINNIFTY30DEC2527400CE.NFO,2025-12-02,13:40:00,2025-12-30,609.1,609.1,609.1,609.1,0,845,0
FINNIFTY30DEC2527400CE.NFO,2025-12-02,13:41:00,2025-12-30,609.1,609.1,609.1,609.1,0,845,0
FINNIFTY30DEC2527400CE.NFO,2025-12-02,13:42:00,2025-12-30,609.1,609.1,588.0,588.0,65,975,0
FINNIFTY30DEC2527400CE.NFO,2025-12-02,13:43:00,2025-12-30,588.0,588.0,588.0,588.0,0,975,0
FINNIFTY30DEC2527400CE.NFO,2025-12-02,13:44:00,2025-12-30,588.0,588.0,588.0,588.0,0,975,0
FINNIFTY30DEC2527400CE.NFO,2025-12-02,13:45:00,2025-12-30,588.0,588.0,588.0,588.0,0,975,0
FINNIFTY30DEC2527400CE.NFO,2025-12-02,13:46:00,2025-12-30,588.0,588.0,588.0,588.0,0,975,0
FINNIFTY30DEC2527400CE.NFO,2025-12-02,13:47:00,2025-12-30,588.0,588.0,588.0,588.0,0,975,0
FINNIFTY30DEC2527400CE.NFO,2025-12-02,13:48:00,2025-12-30,588.0,588.0,588.0,588.0,0,975,0
FINNIFTY30DEC2527400CE.NFO,2025-12-02,13:49:00,2025-12-30,588.0,588.0,588.0,588.0,0,975,0
FINNIFTY30DEC2527400CE.NFO,2025-12-02,13:50:00,2025-12-30,588.0,588.0,588.0,588.0,0,975,0
FINNIFTY30DEC2527400CE.NFO,2025-12-02,13:51:00,2025-12-30,588.0,588.0,588.0,588.0,0,975,0
FINNIFTY30DEC2527400CE.NFO,2025-12-02,13:52:00,2025-12-30,588.0,588.0,588.0,588.0,0,975,0
FINNIFTY30DEC2527400CE.NFO,2025-12-02,13:53:00,2025-12-30,588.0,588.0,588.0,588.0,0,975,0
FINNIFTY30DEC2527400CE.NFO,2025-12-02,13:54:00,2025-12-30,588.0,588.0,588.0,588.0,0,975,0
FINNIFTY30DEC2527400CE.NFO,2025-12-02,13:55:00,2025-12-30,588.0,588.0,588.0,588.0,0,975,0
FINNIFTY30DEC2527400CE.NFO,2025-12-02,13:56:00,2025-12-30,588.0,588.0,588.0,588.0,0,975,0
FINNIFTY30DEC2527400CE.NFO,2025-12-02,13:57:00,2025-12-30,588.0,588.0,588.0,588.0,0,975,0
FINNIFTY30DEC2527400CE.NFO,2025-12-02,13:58:00,2025-12-30,588.0,588.0,588.0,588.0,0,975,0
FINNIFTY30DEC2527400CE.NFO,2025-12-02,13:59:00,2025-12-30,588.0,588.0,588.0,588.0,0,975,0
FINNIFTY30DEC2527400CE.NFO,2025-12-02,14:00:00,2025-12-30,588.0,588.0,588.0,588.0,0,975,0
FINNIFTY30DEC2527400CE.NFO,2025-12-02,14:01:00,2025-12-30,588.0,588.0,588.0,588.0,0,975,0
FINNIFTY30DEC2527400CE.NFO,2025-12-02,14:02:00,2025-12-30,588.0,588.0,588.0,588.0,0,975,0
FINNIFTY30DEC2527400CE.NFO,2025-12-02,14:03:00,2025-12-30,588.0,588.0,588.0,588.0,0,975,0
FINNIFTY30DEC2527400CE.NFO,2025-12-02,14:04:00,2025-12-30,588.0,588.0,588.0,588.0,0,975,0
FINNIFTY30DEC2527400CE.NFO,2025-12-02,14:05:00,2025-12-30,588.0,588.0,588.0,588.0,0,975,0
FINNIFTY30DEC2527400CE.NFO,2025-12-02,14:06:00,2025-12-30,588.0,588.0,588.0,588.0,0,975,0
FINNIFTY30DEC2527400CE.NFO,2025-12-02,14:07:00,2025-12-30,588.0,588.0,588.0,588.0,0,975,0
FINNIFTY30DEC2527400CE.NFO,2025-12-02,14:08:00,2025-12-30,588.0,588.0,588.0,588.0,0,975,0
FINNIFTY30DEC2527400CE.NFO,2025-12-02,14:09:00,2025-12-30,588.0,588.0,588.0,588.0,0,975,0
FINNIFTY30DEC2527400CE.NFO,2025-12-02,14:10:00,2025-12-30,588.0,588.0,588.0,588.0,0,975,0
FINNIFTY30DEC2527400CE.NFO,2025-12-02,14:11:00,2025-12-30,588.0,588.0,588.0,588.0,0,975,0
FINNIFTY30DEC2527400CE.NFO,2025-12-02,14:12:00,2025-12-30,588.0,588.0,588.0,588.0,0,975,0
FINNIFTY30DEC2527400CE.NFO,2025-12-02,14:13:00,2025-12-30,588.0,588.0,588.0,588.0,0,975,0
FINNIFTY30DEC2527400CE.NFO,2025-12-02,14:14:00,2025-12-30,588.0,588.0,588.0,588.0,0,975,0
FINNIFTY30DEC2527400CE.NFO,2025-12-02,14:15:00,2025-12-30,588.0,588.0,588.0,588.0,0,975,0
FINNIFTY30DEC2527400CE.NFO,2025-12-02,14:16:00,2025-12-30,588.0,588.0,588.0,588.0,0,975,0
FINNIFTY30DEC2527400CE.NFO,2025-12-02,14:17:00,2025-12-30,588.0,588.0,588.0,588.0,0,975,0
FINNIFTY30DEC2527400CE.NFO,2025-12-02,14:18:00,2025-12-30,588.0,588.0,588.0,588.0,0,975,0
FINNIFTY30DEC2527400CE.NFO,2025-12-02,14:19:00,2025-12-30,588.0,588.0,588.0,588.0,0,975,0
FINNIFTY30DEC2527400CE.NFO,2025-12-02,14:20:00,2025-12-30,588.0,588.0,588.0,588.0,0,975,0
FINNIFTY30DEC2527400CE.NFO,2025-12-02,14:21:00,2025-12-30,588.0,588.0,588.0,588.0,0,975,0
FINNIFTY30DEC2527400CE.NFO,2025-12-02,14:22:00,2025-12-30,588.0,588.0,588.0,588.0,0,975,0
FINNIFTY30DEC2527400CE.NFO,2025-12-02,14:23:00,2025-12-30,588.0,588.0,588.0,588.0,0,975,0
FINNIFTY30DEC2527400CE.NFO,2025-12-02,14:24:00,2025-12-30,588.0,588.0,588.0,588.0,0,975,0
FINNIFTY30DEC2527400CE.NFO,2025-12-02,14:25:00,2025-12-30,588.0,588.0,588.0,588.0,0,975,0
FINNIFTY30DEC2527400CE.NFO,2025-12-02,14:26:00,2025-12-30,588.0,588.0,588.0,588.0,0,975,0
FINNIFTY30DEC2527400CE.NFO,2025-12-02,14:27:00,2025-12-30,588.0,588.0,588.0,588.0,0,975,0
FINNIFTY30DEC2527400CE.NFO,2025-12-02,14:28:00,2025-12-30,588.0,588.0,588.0,588.0,0,975,0
FINNIFTY30DEC2527400CE.NFO,2025-12-02,14:29:00,2025-12-30,588.0,588.0,588.0,588.0,0,975,0
FINNIFTY30DEC2527400CE.NFO,2025-12-02,14:30:00,2025-12-30,588.0,588.0,588.0,588.0,0,975,0
FINNIFTY30DEC2527400CE.NFO,2025-12-02,14:31:00,2025-12-30,588.0,588.0,588.0,588.0,0,975,0
FINNIFTY30DEC2527400CE.NFO,2025-12-02,14:32:00,2025-12-30,588.0,588.0,588.0,588.0,0,975,0
FINNIFTY30DEC2527400CE.NFO,2025-12-02,14:33:00,2025-12-30,588.0,588.0,588.0,588.0,0,975,0
FINNIFTY30DEC2527400CE.NFO,2025-12-02,14:34:00,2025-12-30,588.0,588.0,588.0,588.0,0,975,0
FINNIFTY30DEC2527400CE.NFO,2025-12-02,14:35:00,2025-12-30,588.0,588.0,588.0,588.0,0,975,0
FINNIFTY30DEC2527400CE.NFO,2025-12-02,14:36:00,2025-12-30,588.0,588.0,588.0,588.0,0,975,0
FINNIFTY30DEC2527400CE.NFO,2025-12-02,14:37:00,2025-12-30,588.0,588.0,588.0,588.0,0,975,0
FINNIFTY30DEC2527400CE.NFO,2025-12-02,14:38:00,2025-12-30,588.0,588.0,574.9,574.9,65,1040,0
FINNIFTY30DEC2527400CE.NFO,2025-12-02,14:39:00,2025-12-30,574.9,574.9,574.9,574.9,0,1040,0
FINNIFTY30DEC2527400CE.NFO,2025-12-02,14:40:00,2025-12-30,574.9,574.9,574.9,574.9,0,1040,0
FINNIFTY30DEC2527400CE.NFO,2025-12-02,14:41:00,2025-12-30,574.9,574.9,574.9,574.9,0,1040,0
FINNIFTY30DEC2527400CE.NFO,2025-12-02,14:42:00,2025-12-30,574.9,574.9,574.9,574.9,0,1040,0
FINNIFTY30DEC2527400CE.NFO,2025-12-02,14:43:00,2025-12-30,574.9,574.9,574.9,574.9,0,1040,0
FINNIFTY30DEC2527400CE.NFO,2025-12-02,14:44:00,2025-12-30,574.9,574.9,574.9,574.9,0,1040,0
FINNIFTY30DEC2527400CE.NFO,2025-12-02,14:45:00,2025-12-30,574.9,574.9,574.9,574.9,0,1040,0
FINNIFTY30DEC2527400CE.NFO,2025-12-02,14:46:00,2025-12-30,574.9,574.9,574.9,574.9,0,1040,0
FINNIFTY30DEC2527400CE.NFO,2025-12-02,14:47:00,2025-12-30,574.9,574.9,574.9,574.9,0,1040,0
FINNIFTY30DEC2527400CE.NFO,2025-12-02,14:48:00,2025-12-30,574.9,574.9,574.9,574.9,0,1040,0
FINNIFTY30DEC2527400CE.NFO,2025-12-02,14:49:00,2025-12-30,574.9,574.9,574.9,574.9,0,1040,0
FINNIFTY30DEC2527400CE.NFO,2025-12-02,14:50:00,2025-12-30,574.9,574.9,574.9,574.9,0,1040,0
FINNIFTY30DEC2527400CE.NFO,2025-12-02,14:51:00,2025-12-30,574.9,574.9,574.9,574.9,0,1040,0
FINNIFTY30DEC2527400CE.NFO,2025-12-02,14:52:00,2025-12-30,574.9,574.9,574.9,574.9,0,1040,0
FINNIFTY30DEC2527400CE.NFO,2025-12-02,14:53:00,2025-12-30,574.9,574.9,574.9,574.9,0,1040,0
FINNIFTY30DEC2527400CE.NFO,2025-12-02,14:54:00,2025-12-30,574.9,574.9,574.9,574.9,0,1040,0
FINNIFTY30DEC2527400CE.NFO,2025-12-02,14:55:00,2025-12-30,574.9,574.9,558.0,558.0,65,1105,0
FINNIFTY30DEC2527400CE.NFO,2025-12-02,14:56:00,2025-12-30,558.0,558.0,558.0,558.0,0,1105,0
FINNIFTY30DEC2527400CE.NFO,2025-12-02,14:57:00,2025-12-30,558.0,558.0,558.0,558.0,0,1105,0
FINNIFTY30DEC2527400CE.NFO,2025-12-02,14:58:00,2025-12-30,558.0,558.0,558.0,558.0,0,1105,0
FINNIFTY30DEC2527400CE.NFO,2025-12-02,14:59:00,2025-12-30,558.0,558.0,558.0,558.0,0,1105,0
FINNIFTY30DEC2527400CE.NFO,2025-12-02,15:00:00,2025-12-30,558.0,558.0,558.0,558.0,0,1105,0
FINNIFTY30DEC2527400CE.NFO,2025-12-02,15:01:00,2025-12-30,558.0,558.0,558.0,558.0,0,1105,0
FINNIFTY30DEC2527400CE.NFO,2025-12-02,15:02:00,2025-12-30,558.0,558.0,558.0,558.0,0,1105,0
FINNIFTY30DEC2527400CE.NFO,2025-12-02,15:03:00,2025-12-30,558.0,558.0,558.0,558.0,0,1105,0
FINNIFTY30DEC2527400CE.NFO,2025-12-02,15:04:00,2025-12-30,558.0,558.0,558.0,558.0,0,1105,0
FINNIFTY30DEC2527400CE.NFO,2025-12-02,15:05:00,2025-12-30,558.0,558.0,558.0,558.0,0,1105,0
FINNIFTY30DEC2527400CE.NFO,2025-12-02,15:06:00,2025-12-30,558.0,558.0,558.0,558.0,0,1105,0
FINNIFTY30DEC2527400CE.NFO,2025-12-02,15:07:00,2025-12-30,558.0,558.0,558.0,558.0,0,1105,0
FINNIFTY30DEC2527400CE.NFO,2025-12-02,15:08:00,2025-12-30,558.0,558.0,558.0,558.0,0,1105,0
FINNIFTY30DEC2527400CE.NFO,2025-12-02,15:09:00,2025-12-30,558.0,558.0,558.0,558.0,0,1105,0
FINNIFTY30DEC2527400CE.NFO,2025-12-02,15:10:00,2025-12-30,558.0,558.0,558.0,558.0,0,1105,0
FINNIFTY30DEC2527400CE.NFO,2025-12-02,15:11:00,2025-12-30,558.0,558.0,558.0,558.0,0,1105,0
FINNIFTY30DEC2527400CE.NFO,2025-12-02,15:12:00,2025-12-30,558.0,558.0,558.0,558.0,0,1105,0
FINNIFTY30DEC2527400CE.NFO,2025-12-02,15:13:00,2025-12-30,558.0,558.0,558.0,558.0,0,1105,0
FINNIFTY30DEC2527400CE.NFO,2025-12-02,15:14:00,2025-12-30,558.0,558.0,558.0,558.0,0,1105,0
FINNIFTY30DEC2527400CE.NFO,2025-12-02,15:15:00,2025-12-30,558.0,558.0,558.0,558.0,0,1105,0
FINNIFTY30DEC2527400CE.NFO,2025-12-02,15:16:00,2025-12-30,558.0,558.0,558.0,558.0,0,1105,0
FINNIFTY30DEC2527400CE.NFO,2025-12-02,15:17:00,2025-12-30,558.0,558.0,558.0,558.0,0,1105,0
FINNIFTY30DEC2527400CE.NFO,2025-12-02,15:18:00,2025-12-30,558.0,558.0,558.0,558.0,0,1105,0
FINNIFTY30DEC2527400CE.NFO,2025-12-02,15:19:00,2025-12-30,558.0,558.0,558.0,558.0,0,1105,0
FINNIFTY30DEC2527400CE.NFO,2025-12-02,15:20:00,2025-12-30,558.0,558.0,558.0,558.0,0,1105,0
FINNIFTY30DEC2527400CE.NFO,2025-12-02,15:21:00,2025-12-30,558.0,575.0,558.0,575.0,65,1170,0
FINNIFTY30DEC2527400CE.NFO,2025-12-02,15:22:00,2025-12-30,575.0,575.0,575.0,575.0,0,1170,0
FINNIFTY30DEC2527400CE.NFO,2025-12-02,15:23:00,2025-12-30,575.0,575.0,575.0,575.0,0,1170,0
FINNIFTY30DEC2527400CE.NFO,2025-12-02,15:24:00,2025-12-30,575.0,575.0,575.0,575.0,0,1170,0
FINNIFTY30DEC2527400CE.NFO,2025-12-02,15:25:00,2025-12-30,575.0,575.0,575.0,575.0,0,1170,0
FINNIFTY30DEC2527400CE.NFO,2025-12-02,15:26:00,2025-12-30,575.0,575.0,575.0,575.0,0,1170,0
FINNIFTY30DEC2527400CE.NFO,2025-12-02,15:27:00,2025-12-30,575.0,575.0,575.0,575.0,0,1170,0
FINNIFTY30DEC2527400CE.NFO,2025-12-02,15:28:00,2025-12-30,575.0,575.0,575.0,575.0,0,1170,0
FINNIFTY30DEC2527400CE.NFO,2025-12-02,15:29:00,2025-12-30,575.0,609.1,575.0,609.1,195,1235,0
FINNIFTY30DEC2527400CE.NFO,2025-12-02,15:30:00,2025-12-30,609.1,609.1,609.1,609.1,195,1235,1
FINNIFTY30DEC2527400CE.NFO,2025-12-03,09:15:00,2025-12-30,609.1,609.1,573.95,573.95,0,1430,0
FINNIFTY30DEC2527400CE.NFO,2025-12-03,09:16:00,2025-12-30,573.95,573.95,549.3,549.3,65,1560,0
FINNIFTY30DEC2527400CE.NFO,2025-12-03,09:17:00,2025-12-30,549.3,549.3,549.3,549.3,0,1560,0
FINNIFTY30DEC2527400CE.NFO,2025-12-03,09:18:00,2025-12-30,549.3,549.3,549.3,549.3,0,1560,0
FINNIFTY30DEC2527400CE.NFO,2025-12-03,09:19:00,2025-12-30,549.3,549.3,549.3,549.3,0,1560,0
FINNIFTY30DEC2527400CE.NFO,2025-12-03,09:20:00,2025-12-30,549.3,549.3,549.3,549.3,0,1560,0
FINNIFTY30DEC2527400CE.NFO,2025-12-03,09:21:00,2025-12-30,549.3,549.3,549.3,549.3,0,1560,0
FINNIFTY30DEC2527400CE.NFO,2025-12-03,09:22:00,2025-12-30,549.3,549.3,549.3,549.3,0,1560,0
FINNIFTY30DEC2527400CE.NFO,2025-12-03,09:23:00,2025-12-30,549.3,549.3,549.3,549.3,0,1560,0
FINNIFTY30DEC2527400CE.NFO,2025-12-03,09:24:00,2025-12-30,549.3,549.3,540.0,540.0,195,1560,0
FINNIFTY30DEC2527400CE.NFO,2025-12-03,09:25:00,2025-12-30,540.0,540.0,540.0,540.0,0,1560,0
FINNIFTY30DEC2527400CE.NFO,2025-12-03,09:26:00,2025-12-30,540.0,540.0,540.0,540.0,0,1560,0
FINNIFTY30DEC2527400CE.NFO,2025-12-03,09:27:00,2025-12-30,540.0,540.0,540.0,540.0,0,1560,0
FINNIFTY30DEC2527400CE.NFO,2025-12-03,09:28:00,2025-12-30,540.0,540.0,540.0,540.0,0,1560,0
FINNIFTY30DEC2527400CE.NFO,2025-12-03,09:29:00,2025-12-30,540.0,540.0,540.0,540.0,0,1560,0
FINNIFTY30DEC2527400CE.NFO,2025-12-03,09:30:00,2025-12-30,540.0,540.0,540.0,540.0,0,1560,0
FINNIFTY30DEC2527400CE.NFO,2025-12-03,09:31:00,2025-12-30,540.0,540.0,540.0,540.0,0,1560,0
FINNIFTY30DEC2527400CE.NFO,2025-12-03,09:32:00,2025-12-30,540.0,540.0,540.0,540.0,0,1560,0
FINNIFTY30DEC2527400CE.NFO,2025-12-03,09:33:00,2025-12-30,540.0,540.0,540.0,540.0,0,1560,0
FINNIFTY30DEC2527400CE.NFO,2025-12-03,09:34:00,2025-12-30,540.0,540.0,540.0,540.0,0,1560,0
FINNIFTY30DEC2527400CE.NFO,2025-12-03,09:35:00,2025-12-30,540.0,540.0,540.0,540.0,0,1560,0
FINNIFTY30DEC2527400CE.NFO,2025-12-03,09:36:00,2025-12-30,540.0,540.0,513.75,513.75,65,1755,0
FINNIFTY30DEC2527400CE.NFO,2025-12-03,09:37:00,2025-12-30,513.75,513.75,513.75,513.75,0,1755,0
FINNIFTY30DEC2527400CE.NFO,2025-12-03,09:38:00,2025-12-30,513.75,513.75,513.75,513.75,0,1755,0
FINNIFTY30DEC2527400CE.NFO,2025-12-03,09:39:00,2025-12-30,513.75,513.75,513.75,513.75,0,1755,0
FINNIFTY30DEC2527400CE.NFO,2025-12-03,09:40:00,2025-12-30,513.75,513.75,513.75,513.75,0,1755,0
FINNIFTY30DEC2527400CE.NFO,2025-12-03,09:41:00,2025-12-30,513.75,513.75,506.1,506.1,65,1755,0
FINNIFTY30DEC2527400CE.NFO,2025-12-03,09:42:00,2025-12-30,506.1,506.1,506.1,506.1,0,1755,0
FINNIFTY30DEC2527400CE.NFO,2025-12-03,09:43:00,2025-12-30,506.1,508.0,506.1,508.0,130,1755,0
FINNIFTY30DEC2527400CE.NFO,2025-12-03,09:44:00,2025-12-30,508.0,508.0,508.0,508.0,0,1755,0
FINNIFTY30DEC2527400CE.NFO,2025-12-03,09:45:00,2025-12-30,508.0,508.0,508.0,508.0,0,1755,0
FINNIFTY30DEC2527400CE.NFO,2025-12-03,09:46:00,2025-12-30,508.0,508.0,508.0,508.0,0,1755,0
FINNIFTY30DEC2527400CE.NFO,2025-12-03,09:47:00,2025-12-30,508.0,508.0,508.0,508.0,0,1755,0
FINNIFTY30DEC2527400CE.NFO,2025-12-03,09:48:00,2025-12-30,508.0,508.0,508.0,508.0,0,1755,0
FINNIFTY30DEC2527400CE.NFO,2025-12-03,09:49:00,2025-12-30,508.0,508.0,508.0,508.0,0,1755,0
FINNIFTY30DEC2527400CE.NFO,2025-12-03,09:50:00,2025-12-30,508.0,508.0,508.0,508.0,0,1755,0
FINNIFTY30DEC2527400CE.NFO,2025-12-03,09:51:00,2025-12-30,508.0,508.0,500.0,500.0,65,1885,0
FINNIFTY30DEC2527400CE.NFO,2025-12-03,09:52:00,2025-12-30,500.0,500.0,500.0,500.0,0,1885,0
FINNIFTY30DEC2527400CE.NFO,2025-12-03,09:53:00,2025-12-30,500.0,500.0,500.0,500.0,0,1885,0
FINNIFTY30DEC2527400CE.NFO,2025-12-03,09:54:00,2025-12-30,500.0,500.0,500.0,500.0,0,1885,0
FINNIFTY30DEC2527400CE.NFO,2025-12-03,09:55:00,2025-12-30,500.0,500.0,500.0,500.0,0,1885,0
FINNIFTY30DEC2527400CE.NFO,2025-12-03,09:56:00,2025-12-30,500.0,500.0,500.0,500.0,0,1885,0
FINNIFTY30DEC2527400CE.NFO,2025-12-03,09:57:00,2025-12-30,500.0,500.0,500.0,500.0,0,1885,0
FINNIFTY30DEC2527400CE.NFO,2025-12-03,09:58:00,2025-12-30,500.0,516.0,500.0,516.0,130,1950,0
FINNIFTY30DEC2527400CE.NFO,2025-12-03,09:59:00,2025-12-30,516.0,516.0,516.0,516.0,0,1950,0
FINNIFTY30DEC2527400CE.NFO,2025-12-03,10:00:00,2025-12-30,516.0,516.0,511.0,511.0,65,1950,0
FINNIFTY30DEC2527400CE.NFO,2025-12-03,10:01:00,2025-12-30,511.0,511.0,511.0,511.0,0,1950,0
FINNIFTY30DEC2527400CE.NFO,2025-12-03,10:02:00,2025-12-30,511.0,511.0,511.0,511.0,0,1950,0
FINNIFTY30DEC2527400CE.NFO,2025-12-03,10:03:00,2025-12-30,511.0,511.0,496.0,496.0,65,1885,0
FINNIFTY30DEC2527400CE.NFO,2025-12-03,10:04:00,2025-12-30,496.0,496.0,496.0,496.0,0,1885,0
FINNIFTY30DEC2527400CE.NFO,2025-12-03,10:05:00,2025-12-30,496.0,496.0,496.0,496.0,0,1885,0
FINNIFTY30DEC2527400CE.NFO,2025-12-03,10:06:00,2025-12-30,496.0,496.0,496.0,496.0,0,1885,0
FINNIFTY30DEC2527400CE.NFO,2025-12-03,10:07:00,2025-12-30,496.0,496.0,496.0,496.0,0,1885,0
FINNIFTY30DEC2527400CE.NFO,2025-12-03,10:08:00,2025-12-30,496.0,496.0,496.0,496.0,0,1885,0
FINNIFTY30DEC2527400CE.NFO,2025-12-03,10:09:00,2025-12-30,496.0,496.0,496.0,496.0,0,1885,0
FINNIFTY30DEC2527400CE.NFO,2025-12-03,10:10:00,2025-12-30,496.0,496.0,496.0,496.0,0,1885,0
FINNIFTY30DEC2527400CE.NFO,2025-12-03,10:11:00,2025-12-30,496.0,496.0,496.0,496.0,65,1950,0
FINNIFTY30DEC2527400CE.NFO,2025-12-03,10:12:00,2025-12-30,496.0,496.0,496.0,496.0,0,1950,0
FINNIFTY30DEC2527400CE.NFO,2025-12-03,10:13:00,2025-12-30,496.0,496.0,496.0,496.0,0,1950,0
FINNIFTY30DEC2527400CE.NFO,2025-12-03,10:14:00,2025-12-30,496.0,496.0,496.0,496.0,0,1950,0
FINNIFTY30DEC2527400CE.NFO,2025-12-03,10:15:00,2025-12-30,496.0,496.0,496.0,496.0,0,1950,0
FINNIFTY30DEC2527400CE.NFO,2025-12-03,10:16:00,2025-12-30,496.0,496.0,495.0,495.0,65,2015,0
FINNIFTY30DEC2527400CE.NFO,2025-12-03,10:17:00,2025-12-30,495.0,495.0,495.0,495.0,0,2015,0
FINNIFTY30DEC2527400CE.NFO,2025-12-03,10:18:00,2025-12-30,495.0,495.0,495.0,495.0,0,2015,0
FINNIFTY30DEC2527400CE.NFO,2025-12-03,10:19:00,2025-12-30,495.0,495.0,495.0,495.0,0,2015,0
FINNIFTY30DEC2527400CE.NFO,2025-12-03,10:20:00,2025-12-30,495.0,495.0,495.0,495.0,0,2015,0
FINNIFTY30DEC2527400CE.NFO,2025-12-03,10:21:00,2025-12-30,495.0,495.0,495.0,495.0,0,2015,0
FINNIFTY30DEC2527400CE.NFO,2025-12-03,10:22:00,2025-12-30,495.0,495.0,495.0,495.0,0,2015,0
FINNIFTY30DEC2527400CE.NFO,2025-12-03,10:23:00,2025-12-30,495.0,495.0,495.0,495.0,0,2015,0
FINNIFTY30DEC2527400CE.NFO,2025-12-03,10:24:00,2025-12-30,495.0,495.0,495.0,495.0,0,2015,0
FINNIFTY30DEC2527400CE.NFO,2025-12-03,10:25:00,2025-12-30,495.0,495.0,495.0,495.0,0,2015,0
FINNIFTY30DEC2527400CE.NFO,2025-12-03,10:26:00,2025-12-30,495.0,495.0,495.0,495.0,0,2015,0
FINNIFTY30DEC2527400CE.NFO,2025-12-03,10:27:00,2025-12-30,495.0,495.0,495.0,495.0,0,2015,0
FINNIFTY30DEC2527400CE.NFO,2025-12-03,10:28:00,2025-12-30,495.0,495.0,495.0,495.0,0,2015,0
FINNIFTY30DEC2527400CE.NFO,2025-12-03,10:29:00,2025-12-30,495.0,495.0,495.0,495.0,0,2015,0
FINNIFTY30DEC2527400CE.NFO,2025-12-03,10:30:00,2025-12-30,495.0,495.0,495.0,495.0,0,2015,0
FINNIFTY30DEC2527400CE.NFO,2025-12-03,10:31:00,2025-12-30,495.0,495.0,495.0,495.0,0,2015,0
FINNIFTY30DEC2527400CE.NFO,2025-12-03,10:32:00,2025-12-30,495.0,495.0,495.0,495.0,0,2015,0
FINNIFTY30DEC2527400CE.NFO,2025-12-03,10:33:00,2025-12-30,495.0,495.0,493.4,493.4,65,2080,0
FINNIFTY30DEC2527400CE.NFO,2025-12-03,10:34:00,2025-12-30,493.4,493.4,493.4,493.4,0,2080,0
FINNIFTY30DEC2527400CE.NFO,2025-12-03,10:35:00,2025-12-30,493.4,493.4,493.4,493.4,0,2080,0
FINNIFTY30DEC2527400CE.NFO,2025-12-03,10:36:00,2025-12-30,493.4,493.4,493.4,493.4,0,2080,0
FINNIFTY30DEC2527400CE.NFO,2025-12-03,10:37:00,2025-12-30,493.4,493.4,493.4,493.4,0,2080,0
FINNIFTY30DEC2527400CE.NFO,2025-12-03,10:38:00,2025-12-30,493.4,493.4,493.4,493.4,0,2080,0
FINNIFTY30DEC2527400CE.NFO,2025-12-03,10:39:00,2025-12-30,493.4,493.4,493.4,493.4,0,2080,0
FINNIFTY30DEC2527400CE.NFO,2025-12-03,10:40:00,2025-12-30,493.4,493.4,493.4,493.4,0,2080,0
FINNIFTY30DEC2527400CE.NFO,2025-12-03,10:41:00,2025-12-30,493.4,493.4,487.3,487.35,195,2080,0
FINNIFTY30DEC2527400CE.NFO,2025-12-03,10:42:00,2025-12-30,487.35,487.35,487.35,487.35,0,2080,0
FINNIFTY30DEC2527400CE.NFO,2025-12-03,10:43:00,2025-12-30,487.35,487.35,487.35,487.35,0,2080,0
FINNIFTY30DEC2527400CE.NFO,2025-12-03,10:44:00,2025-12-30,487.35,487.35,487.35,487.35,0,2080,0
FINNIFTY30DEC2527400CE.NFO,2025-12-03,10:45:00,2025-12-30,487.35,487.35,487.35,487.35,0,2080,0
FINNIFTY30DEC2527400CE.NFO,2025-12-03,10:46:00,2025-12-30,487.35,487.35,487.35,487.35,0,2080,0
FINNIFTY30DEC2527400CE.NFO,2025-12-03,10:47:00,2025-12-30,487.35,487.35,487.35,487.35,0,2080,0
FINNIFTY30DEC2527400CE.NFO,2025-12-03,10:48:00,2025-12-30,487.35,487.35,487.35,487.35,0,2080,0
FINNIFTY30DEC2527400CE.NFO,2025-12-03,10:49:00,2025-12-30,487.35,487.35,487.35,487.35,0,2080,0
FINNIFTY30DEC2527400CE.NFO,2025-12-03,10:50:00,2025-12-30,487.35,487.35,487.35,487.35,0,2080,0
FINNIFTY30DEC2527400CE.NFO,2025-12-03,10:51:00,2025-12-30,487.35,487.35,487.35,487.35,0,2080,0
FINNIFTY30DEC2527400CE.NFO,2025-12-03,10:52:00,2025-12-30,487.35,487.35,487.35,487.35,0,2080,0
FINNIFTY30DEC2527400CE.NFO,2025-12-03,10:53:00,2025-12-30,487.35,487.35,487.35,487.35,0,2080,0
FINNIFTY30DEC2527400CE.NFO,2025-12-03,10:54:00,2025-12-30,487.35,487.35,487.35,487.35,0,2080,0
FINNIFTY30DEC2527400CE.NFO,2025-12-03,10:55:00,2025-12-30,487.35,487.35,487.35,487.35,0,2080,0
FINNIFTY30DEC2527400CE.NFO,2025-12-03,10:56:00,2025-12-30,487.35,487.35,487.35,487.35,0,2080,0
FINNIFTY30DEC2527400CE.NFO,2025-12-03,10:57:00,2025-12-30,487.35,487.35,487.35,487.35,0,2080,0
FINNIFTY30DEC2527400CE.NFO,2025-12-03,10:58:00,2025-12-30,487.35,487.35,487.35,487.35,0,2080,0
FINNIFTY30DEC2527400CE.NFO,2025-12-03,10:59:00,2025-12-30,487.35,487.35,487.35,487.35,0,2080,0
FINNIFTY30DEC2527400CE.NFO,2025-12-03,11:00:00,2025-12-30,487.35,487.35,487.35,487.35,0,2080,0
FINNIFTY30DEC2527400CE.NFO,2025-12-03,11:01:00,2025-12-30,487.35,487.35,487.35,487.35,0,2080,0
FINNIFTY30DEC2527400CE.NFO,2025-12-03,11:02:00,2025-12-30,487.35,487.35,487.35,487.35,0,2080,0
FINNIFTY30DEC2527400CE.NFO,2025-12-03,11:03:00,2025-12-30,487.35,487.35,487.35,487.35,0,2080,0
FINNIFTY30DEC2527400CE.NFO,2025-12-03,11:04:00,2025-12-30,487.35,487.35,487.35,487.35,0,2080,0
FINNIFTY30DEC2527400CE.NFO,2025-12-03,11:05:00,2025-12-30,487.35,487.35,487.35,487.35,0,2080,0
FINNIFTY30DEC2527400CE.NFO,2025-12-03,11:06:00,2025-12-30,487.35,487.35,487.35,487.35,0,2080,0
FINNIFTY30DEC2527400CE.NFO,2025-12-03,11:07:00,2025-12-30,487.35,487.35,487.35,487.35,0,2080,0
FINNIFTY30DEC2527400CE.NFO,2025-12-03,11:08:00,2025-12-30,487.35,487.35,487.35,487.35,0,2080,0
FINNIFTY30DEC2527400CE.NFO,2025-12-03,11:09:00,2025-12-30,487.35,493.9,487.35,493.6,130,2015,0
FINNIFTY30DEC2527400CE.NFO,2025-12-03,11:10:00,2025-12-30,493.6,493.6,493.6,493.6,0,2015,0
FINNIFTY30DEC2527400CE.NFO,2025-12-03,11:11:00,2025-12-30,493.6,493.6,493.6,493.6,0,2015,0
FINNIFTY30DEC2527400CE.NFO,2025-12-03,11:12:00,2025-12-30,493.6,493.6,493.6,493.6,0,2015,0
FINNIFTY30DEC2527400CE.NFO,2025-12-03,11:13:00,2025-12-30,493.6,493.6,493.6,493.6,0,2015,0
FINNIFTY30DEC2527400CE.NFO,2025-12-03,11:14:00,2025-12-30,493.6,493.6,493.6,493.6,0,2015,0
FINNIFTY30DEC2527400CE.NFO,2025-12-03,11:15:00,2025-12-30,493.6,493.6,493.6,493.6,0,2015,0
FINNIFTY30DEC2527400CE.NFO,2025-12-03,11:16:00,2025-12-30,493.6,493.6,493.6,493.6,0,2015,0
FINNIFTY30DEC2527400CE.NFO,2025-12-03,11:17:00,2025-12-30,493.6,493.6,493.6,493.6,0,2015,0
FINNIFTY30DEC2527400CE.NFO,2025-12-03,11:18:00,2025-12-30,493.6,493.6,493.6,493.6,0,2015,0
FINNIFTY30DEC2527400CE.NFO,2025-12-03,11:19:00,2025-12-30,493.6,493.6,493.6,493.6,0,2015,0
FINNIFTY30DEC2527400CE.NFO,2025-12-03,11:20:00,2025-12-30,493.6,493.6,493.6,493.6,0,2015,0
FINNIFTY30DEC2527400CE.NFO,2025-12-03,11:21:00,2025-12-30,493.6,493.6,488.55,488.55,65,2080,0
FINNIFTY30DEC2527400CE.NFO,2025-12-03,11:22:00,2025-12-30,488.55,488.55,488.55,488.55,0,2080,0
FINNIFTY30DEC2527400CE.NFO,2025-12-03,11:23:00,2025-12-30,488.55,488.55,488.55,488.55,0,2080,0
FINNIFTY30DEC2527400CE.NFO,2025-12-03,11:24:00,2025-12-30,488.55,488.55,488.55,488.55,0,2080,0
FINNIFTY30DEC2527400CE.NFO,2025-12-03,11:25:00,2025-12-30,488.55,488.55,488.55,488.55,0,2080,0
FINNIFTY30DEC2527400CE.NFO,2025-12-03,11:26:00,2025-12-30,488.55,488.55,488.55,488.55,0,2080,0
FINNIFTY30DEC2527400CE.NFO,2025-12-03,11:27:00,2025-12-30,488.55,488.55,488.55,488.55,0,2080,0
FINNIFTY30DEC2527400CE.NFO,2025-12-03,11:28:00,2025-12-30,488.55,488.55,488.55,488.55,0,2080,0
FINNIFTY30DEC2527400CE.NFO,2025-12-03,11:29:00,2025-12-30,488.55,498.45,488.55,498.45,65,2015,0
FINNIFTY30DEC2527400CE.NFO,2025-12-03,11:30:00,2025-12-30,498.45,498.45,498.45,498.45,0,2015,0
FINNIFTY30DEC2527400CE.NFO,2025-12-03,11:31:00,2025-12-30,498.45,498.45,498.45,498.45,0,2015,0
FINNIFTY30DEC2527400CE.NFO,2025-12-03,11:32:00,2025-12-30,498.45,498.45,498.45,498.45,0,2015,0
FINNIFTY30DEC2527400CE.NFO,2025-12-03,11:33:00,2025-12-30,498.45,498.45,498.45,498.45,0,2015,0
FINNIFTY30DEC2527400CE.NFO,2025-12-03,11:34:00,2025-12-30,498.45,498.45,498.45,498.45,0,2015,0
FINNIFTY30DEC2527400CE.NFO,2025-12-03,11:35:00,2025-12-30,498.45,506.25,498.45,506.25,65,2015,0
FINNIFTY30DEC2527400CE.NFO,2025-12-03,11:36:00,2025-12-30,506.25,506.25,506.25,506.25,0,2015,0
FINNIFTY30DEC2527400CE.NFO,2025-12-03,11:37:00,2025-12-30,506.25,506.25,506.25,506.25,0,2015,0
FINNIFTY30DEC2527400CE.NFO,2025-12-03,11:38:00,2025-12-30,506.25,506.25,506.25,506.25,0,2015,0
FINNIFTY30DEC2527400CE.NFO,2025-12-03,11:39:00,2025-12-30,506.25,506.25,506.25,506.25,0,2015,0
FINNIFTY30DEC2527400CE.NFO,2025-12-03,11:40:00,2025-12-30,506.25,506.25,506.25,506.25,0,2015,0
FINNIFTY30DEC2527400CE.NFO,2025-12-03,11:41:00,2025-12-30,506.25,506.25,506.25,506.25,0,2015,0
FINNIFTY30DEC2527400CE.NFO,2025-12-03,11:42:00,2025-12-30,506.25,506.25,506.25,506.25,0,2015,0
FINNIFTY30DEC2527400CE.NFO,2025-12-03,11:43:00,2025-12-30,506.25,506.25,506.25,506.25,0,2015,0
FINNIFTY30DEC2527400CE.NFO,2025-12-03,11:44:00,2025-12-30,506.25,506.25,506.25,506.25,0,2015,0
FINNIFTY30DEC2527400CE.NFO,2025-12-03,11:45:00,2025-12-30,506.25,506.25,506.25,506.25,0,2015,0
FINNIFTY30DEC2527400CE.NFO,2025-12-03,11:46:00,2025-12-30,506.25,506.25,506.25,506.25,0,2015,0
FINNIFTY30DEC2527400CE.NFO,2025-12-03,11:47:00,2025-12-30,506.25,506.25,506.25,506.25,0,2015,0
FINNIFTY30DEC2527400CE.NFO,2025-12-03,11:48:00,2025-12-30,506.25,506.25,506.25,506.25,0,2015,0
FINNIFTY30DEC2527400CE.NFO,2025-12-03,11:49:00,2025-12-30,506.25,506.25,506.25,506.25,0,2015,0
FINNIFTY30DEC2527400CE.NFO,2025-12-03,11:50:00,2025-12-30,506.25,506.25,506.25,506.25,0,2015,0
FINNIFTY30DEC2527400CE.NFO,2025-12-03,11:51:00,2025-12-30,506.25,506.25,506.25,506.25,0,2015,0
FINNIFTY30DEC2527400CE.NFO,2025-12-03,11:52:00,2025-12-30,506.25,506.25,506.25,506.25,0,2015,0
FINNIFTY30DEC2527400CE.NFO,2025-12-03,11:53:00,2025-12-30,506.25,506.25,506.25,506.25,0,2015,0
FINNIFTY30DEC2527400CE.NFO,2025-12-03,11:54:00,2025-12-30,506.25,506.25,506.25,506.25,0,2015,0
FINNIFTY30DEC2527400CE.NFO,2025-12-03,11:55:00,2025-12-30,506.25,506.25,506.25,506.25,0,2015,0
FINNIFTY30DEC2527400CE.NFO,2025-12-03,11:56:00,2025-12-30,506.25,506.25,506.25,506.25,0,2015,0
FINNIFTY30DEC2527400CE.NFO,2025-12-03,11:57:00,2025-12-30,506.25,506.25,505.7,505.7,65,2015,0
FINNIFTY30DEC2527400CE.NFO,2025-12-03,11:58:00,2025-12-30,505.7,505.7,505.7,505.7,0,2015,0
FINNIFTY30DEC2527400CE.NFO,2025-12-03,11:59:00,2025-12-30,505.7,505.7,505.7,505.7,0,2015,0
FINNIFTY30DEC2527400CE.NFO,2025-12-03,12:00:00,2025-12-30,505.7,505.7,505.7,505.7,0,2015,0
FINNIFTY30DEC2527400CE.NFO,2025-12-03,12:01:00,2025-12-30,505.7,505.7,505.7,505.7,0,2015,0
FINNIFTY30DEC2527400CE.NFO,2025-12-03,12:02:00,2025-12-30,505.7,505.7,505.7,505.7,0,2015,0
FINNIFTY30DEC2527400CE.NFO,2025-12-03,12:03:00,2025-12-30,505.7,505.7,505.7,505.7,0,2015,0
FINNIFTY30DEC2527400CE.NFO,2025-12-03,12:04:00,2025-12-30,505.7,505.7,505.7,505.7,0,2015,0
FINNIFTY30DEC2527400CE.NFO,2025-12-03,12:05:00,2025-12-30,505.7,505.7,505.7,505.7,0,2015,0
FINNIFTY30DEC2527400CE.NFO,2025-12-03,12:06:00,2025-12-30,505.7,505.7,505.7,505.7,0,2015,0
FINNIFTY30DEC2527400CE.NFO,2025-12-03,12:07:00,2025-12-30,505.7,505.7,505.7,505.7,0,2015,0
FINNIFTY30DEC2527400CE.NFO,2025-12-03,12:08:00,2025-12-30,505.7,505.7,505.7,505.7,0,2015,0
FINNIFTY30DEC2527400CE.NFO,2025-12-03,12:09:00,2025-12-30,505.7,505.7,505.7,505.7,0,2015,0
FINNIFTY30DEC2527400CE.NFO,2025-12-03,12:10:00,2025-12-30,505.7,505.7,505.7,505.7,0,2015,0
FINNIFTY30DEC2527400CE.NFO,2025-12-03,12:11:00,2025-12-30,505.7,540.0,505.7,539.15,130,2080,0
FINNIFTY30DEC2527400CE.NFO,2025-12-03,12:12:00,2025-12-30,539.15,539.15,539.15,539.15,0,2080,0
FINNIFTY30DEC2527400CE.NFO,2025-12-03,12:13:00,2025-12-30,539.15,539.15,539.15,539.15,0,2080,0
FINNIFTY30DEC2527400CE.NFO,2025-12-03,12:14:00,2025-12-30,539.15,539.15,539.15,539.15,0,2080,0
FINNIFTY30DEC2527400CE.NFO,2025-12-03,12:15:00,2025-12-30,539.15,539.15,539.15,539.15,0,2080,0
FINNIFTY30DEC2527400CE.NFO,2025-12-03,12:16:00,2025-12-30,539.15,539.15,539.15,539.15,0,2080,0
FINNIFTY30DEC2527400CE.NFO,2025-12-03,12:17:00,2025-12-30,539.15,539.15,539.15,539.15,0,2080,0
FINNIFTY30DEC2527400CE.NFO,2025-12-03,12:18:00,2025-12-30,539.15,539.15,539.15,539.15,0,2080,0
FINNIFTY30DEC2527400CE.NFO,2025-12-03,12:19:00,2025-12-30,539.15,539.15,539.15,539.15,0,2080,0
FINNIFTY30DEC2527400CE.NFO,2025-12-03,12:20:00,2025-12-30,539.15,547.5,539.15,544.75,325,1950,0
FINNIFTY30DEC2527400CE.NFO,2025-12-03,12:21:00,2025-12-30,544.75,544.75,544.75,544.75,0,1950,0
FINNIFTY30DEC2527400CE.NFO,2025-12-03,12:22:00,2025-12-30,544.75,544.75,544.75,544.75,0,1950,0
FINNIFTY30DEC2527400CE.NFO,2025-12-03,12:23:00,2025-12-30,544.75,544.75,544.75,544.75,0,1950,0
FINNIFTY30DEC2527400CE.NFO,2025-12-03,12:24:00,2025-12-30,544.75,549.45,544.75,549.45,65,2210,0
FINNIFTY30DEC2527400CE.NFO,2025-12-03,12:25:00,2025-12-30,549.45,549.45,549.45,549.45,0,2210,0
FINNIFTY30DEC2527400CE.NFO,2025-12-03,12:26:00,2025-12-30,549.45,549.45,549.45,549.45,0,2210,0
FINNIFTY30DEC2527400CE.NFO,2025-12-03,12:27:00,2025-12-30,549.45,549.45,549.45,549.45,0,2210,0
FINNIFTY30DEC2527400CE.NFO,2025-12-03,12:28:00,2025-12-30,549.45,549.45,549.45,549.45,0,2210,0
FINNIFTY30DEC2527400CE.NFO,2025-12-03,12:29:00,2025-12-30,549.45,549.45,549.45,549.45,0,2210,0
FINNIFTY30DEC2527400CE.NFO,2025-12-03,12:30:00,2025-12-30,549.45,549.45,549.45,549.45,0,2210,0
FINNIFTY30DEC2527400CE.NFO,2025-12-03,12:31:00,2025-12-30,549.45,549.45,549.45,549.45,0,2210,0
FINNIFTY30DEC2527400CE.NFO,2025-12-03,12:32:00,2025-12-30,549.45,549.45,549.45,549.45,0,2210,0
FINNIFTY30DEC2527400CE.NFO,2025-12-03,12:33:00,2025-12-30,549.45,549.45,535.1,535.1,195,2275,0
FINNIFTY30DEC2527400CE.NFO,2025-12-03,12:34:00,2025-12-30,535.1,535.1,535.1,535.1,0,2275,0
FINNIFTY30DEC2527400CE.NFO,2025-12-03,12:35:00,2025-12-30,535.1,535.1,535.1,535.1,0,2275,0
FINNIFTY30DEC2527400CE.NFO,2025-12-03,12:36:00,2025-12-30,535.1,535.1,535.1,535.1,0,2275,0
FINNIFTY30DEC2527400CE.NFO,2025-12-03,12:37:00,2025-12-30,535.1,535.1,535.1,535.1,0,2275,0
FINNIFTY30DEC2527400CE.NFO,2025-12-03,12:38:00,2025-12-30,535.1,535.1,535.1,535.1,0,2275,0
FINNIFTY30DEC2527400CE.NFO,2025-12-03,12:39:00,2025-12-30,535.1,535.1,535.1,535.1,0,2275,0
FINNIFTY30DEC2527400CE.NFO,2025-12-03,12:40:00,2025-12-30,535.1,535.1,529.1,529.1,65,2275,0
FINNIFTY30DEC2527400CE.NFO,2025-12-03,12:41:00,2025-12-30,529.1,529.1,529.1,529.1,0,2275,0
FINNIFTY30DEC2527400CE.NFO,2025-12-03,12:42:00,2025-12-30,529.1,529.1,529.1,529.1,0,2275,0
FINNIFTY30DEC2527400CE.NFO,2025-12-03,12:43:00,2025-12-30,529.1,529.1,529.1,529.1,0,2275,0
FINNIFTY30DEC2527400CE.NFO,2025-12-03,12:44:00,2025-12-30,529.1,529.1,529.1,529.1,0,2275,0
FINNIFTY30DEC2527400CE.NFO,2025-12-03,12:45:00,2025-12-30,529.1,529.1,529.1,529.1,0,2275,0
FINNIFTY30DEC2527400CE.NFO,2025-12-03,12:46:00,2025-12-30,529.1,529.1,529.1,529.1,0,2275,0
FINNIFTY30DEC2527400CE.NFO,2025-12-03,12:47:00,2025-12-30,529.1,529.1,529.1,529.1,0,2275,0
FINNIFTY30DEC2527400CE.NFO,2025-12-03,12:48:00,2025-12-30,529.1,529.1,529.1,529.1,0,2275,0
FINNIFTY30DEC2527400CE.NFO,2025-12-03,12:49:00,2025-12-30,529.1,529.1,529.1,529.1,0,2275,0
FINNIFTY30DEC2527400CE.NFO,2025-12-03,12:50:00,2025-12-30,529.1,529.1,529.1,529.1,0,2275,0
FINNIFTY30DEC2527400CE.NFO,2025-12-03,12:51:00,2025-12-30,529.1,529.1,529.1,529.1,0,2275,0
FINNIFTY30DEC2527400CE.NFO,2025-12-03,12:52:00,2025-12-30,529.1,529.1,529.1,529.1,0,2275,0
FINNIFTY30DEC2527400CE.NFO,2025-12-03,12:53:00,2025-12-30,529.1,539.0,529.1,539.0,65,2210,0
FINNIFTY30DEC2527400CE.NFO,2025-12-03,12:54:00,2025-12-30,539.0,539.0,539.0,539.0,0,2210,0
FINNIFTY30DEC2527400CE.NFO,2025-12-03,12:55:00,2025-12-30,539.0,544.5,539.0,544.5,65,2210,0
FINNIFTY30DEC2527400CE.NFO,2025-12-03,12:56:00,2025-12-30,544.5,544.5,544.5,544.5,0,2210,0
FINNIFTY30DEC2527400CE.NFO,2025-12-03,12:57:00,2025-12-30,544.5,544.5,544.5,544.5,0,2210,0
FINNIFTY30DEC2527400CE.NFO,2025-12-03,12:58:00,2025-12-30,544.5,544.5,544.5,544.5,0,2210,0
FINNIFTY30DEC2527400CE.NFO,2025-12-03,12:59:00,2025-12-30,544.5,544.5,544.5,544.5,0,2210,0
FINNIFTY30DEC2527400CE.NFO,2025-12-03,13:00:00,2025-12-30,544.5,544.5,544.5,544.5,0,2210,0
FINNIFTY30DEC2527400CE.NFO,2025-12-03,13:01:00,2025-12-30,544.5,544.5,544.5,544.5,0,2210,0
FINNIFTY30DEC2527400CE.NFO,2025-12-03,13:02:00,2025-12-30,544.5,544.5,544.5,544.5,0,2210,0
FINNIFTY30DEC2527400CE.NFO,2025-12-03,13:03:00,2025-12-30,544.5,544.5,544.5,544.5,0,2210,0
FINNIFTY30DEC2527400CE.NFO,2025-12-03,13:04:00,2025-12-30,544.5,544.5,544.5,544.5,0,2210,0
FINNIFTY30DEC2527400CE.NFO,2025-12-03,13:05:00,2025-12-30,544.5,544.5,544.5,544.5,0,2210,0
FINNIFTY30DEC2527400CE.NFO,2025-12-03,13:06:00,2025-12-30,544.5,544.5,544.5,544.5,0,2210,0
FINNIFTY30DEC2527400CE.NFO,2025-12-03,13:07:00,2025-12-30,544.5,544.5,531.3,531.3,65,2275,0
FINNIFTY30DEC2527400CE.NFO,2025-12-03,13:08:00,2025-12-30,531.3,531.3,531.3,531.3,0,2275,0
FINNIFTY30DEC2527400CE.NFO,2025-12-03,13:09:00,2025-12-30,531.3,531.3,531.3,531.3,0,2275,0
FINNIFTY30DEC2527400CE.NFO,2025-12-03,13:10:00,2025-12-30,531.3,531.3,531.3,531.3,0,2275,0
FINNIFTY30DEC2527400CE.NFO,2025-12-03,13:11:00,2025-12-30,531.3,531.3,531.3,531.3,0,2275,0
FINNIFTY30DEC2527400CE.NFO,2025-12-03,13:12:00,2025-12-30,531.3,531.3,531.3,531.3,0,2275,0
FINNIFTY30DEC2527400CE.NFO,2025-12-03,13:13:00,2025-12-30,531.3,531.3,531.3,531.3,0,2275,0
FINNIFTY30DEC2527400CE.NFO,2025-12-03,13:14:00,2025-12-30,531.3,531.3,531.3,531.3,0,2275,0
FINNIFTY30DEC2527400CE.NFO,2025-12-03,13:15:00,2025-12-30,531.3,531.3,531.3,531.3,0,2275,0
FINNIFTY30DEC2527400CE.NFO,2025-12-03,13:16:00,2025-12-30,531.3,531.3,531.3,531.3,0,2275,0
FINNIFTY30DEC2527400CE.NFO,2025-12-03,13:17:00,2025-12-30,531.3,531.3,531.3,531.3,0,2275,0
FINNIFTY30DEC2527400CE.NFO,2025-12-03,13:18:00,2025-12-30,531.3,531.3,531.3,531.3,0,2275,0
FINNIFTY30DEC2527400CE.NFO,2025-12-03,13:19:00,2025-12-30,531.3,531.3,531.3,531.3,0,2275,0
FINNIFTY30DEC2527400CE.NFO,2025-12-03,13:20:00,2025-12-30,531.3,531.3,529.7,529.7,65,2275,0
FINNIFTY30DEC2527400CE.NFO,2025-12-03,13:21:00,2025-12-30,529.7,529.7,529.7,529.7,0,2275,0
FINNIFTY30DEC2527400CE.NFO,2025-12-03,13:22:00,2025-12-30,529.7,529.7,529.7,529.7,0,2275,0
FINNIFTY30DEC2527400CE.NFO,2025-12-03,13:23:00,2025-12-30,529.7,529.7,529.7,529.7,0,2275,0
FINNIFTY30DEC2527400CE.NFO,2025-12-03,13:24:00,2025-12-30,529.7,529.7,529.7,529.7,0,2275,0
FINNIFTY30DEC2527400CE.NFO,2025-12-03,13:25:00,2025-12-30,529.7,529.7,529.7,529.7,0,2275,0
FINNIFTY30DEC2527400CE.NFO,2025-12-03,13:26:00,2025-12-30,529.7,529.7,529.7,529.7,0,2275,0
FINNIFTY30DEC2527400CE.NFO,2025-12-03,13:27:00,2025-12-30,529.7,529.7,529.7,529.7,0,2275,0
FINNIFTY30DEC2527400CE.NFO,2025-12-03,13:28:00,2025-12-30,529.7,529.7,529.7,529.7,0,2275,0
FINNIFTY30DEC2527400CE.NFO,2025-12-03,13:29:00,2025-12-30,529.7,529.7,529.7,529.7,0,2275,0
FINNIFTY30DEC2527400CE.NFO,2025-12-03,13:30:00,2025-12-30,529.7,529.7,529.7,529.7,0,2275,0
FINNIFTY30DEC2527400CE.NFO,2025-12-03,13:31:00,2025-12-30,529.7,529.7,529.7,529.7,0,2275,0
FINNIFTY30DEC2527400CE.NFO,2025-12-03,13:32:00,2025-12-30,529.7,529.7,529.7,529.7,0,2275,0
FINNIFTY30DEC2527400CE.NFO,2025-12-03,13:33:00,2025-12-30,529.7,529.7,529.7,529.7,0,2275,0
FINNIFTY30DEC2527400CE.NFO,2025-12-03,13:34:00,2025-12-30,529.7,549.75,529.7,549.75,130,2275,0
FINNIFTY30DEC2527400CE.NFO,2025-12-03,13:35:00,2025-12-30,549.75,549.75,549.75,549.75,0,2275,0
FINNIFTY30DEC2527400CE.NFO,2025-12-03,13:36:00,2025-12-30,549.75,549.75,549.75,549.75,0,2275,0
FINNIFTY30DEC2527400CE.NFO,2025-12-03,13:37:00,2025-12-30,549.75,549.75,549.75,549.75,0,2275,0
FINNIFTY30DEC2527400CE.NFO,2025-12-03,13:38:00,2025-12-30,549.75,549.75,549.75,549.75,0,2275,0
FINNIFTY30DEC2527400CE.NFO,2025-12-03,13:39:00,2025-12-30,549.75,549.75,549.75,549.75,0,2275,0
FINNIFTY30DEC2527400CE.NFO,2025-12-03,13:40:00,2025-12-30,549.75,549.75,549.75,549.75,0,2275,0
FINNIFTY30DEC2527400CE.NFO,2025-12-03,13:41:00,2025-12-30,549.75,549.75,549.75,549.75,0,2275,0
FINNIFTY30DEC2527400CE.NFO,2025-12-03,13:42:00,2025-12-30,549.75,549.75,549.75,549.75,0,2275,0
FINNIFTY30DEC2527400CE.NFO,2025-12-03,13:43:00,2025-12-30,549.75,549.75,549.75,549.75,0,2275,0
FINNIFTY30DEC2527400CE.NFO,2025-12-03,13:44:00,2025-12-30,549.75,549.75,549.75,549.75,0,2275,0
FINNIFTY30DEC2527400CE.NFO,2025-12-03,13:45:00,2025-12-30,549.75,549.75,549.75,549.75,0,2275,0
FINNIFTY30DEC2527400CE.NFO,2025-12-03,13:46:00,2025-12-30,510.75,510.75,510.75,510.75,130,2405,0
FINNIFTY30DEC2527400CE.NFO,2025-12-03,13:47:00,2025-12-30,510.75,510.75,510.75,510.75,0,2405,0
FINNIFTY30DEC2527400CE.NFO,2025-12-03,13:48:00,2025-12-30,510.75,510.75,502.0,502.0,65,2340,0
FINNIFTY30DEC2527400CE.NFO,2025-12-03,13:49:00,2025-12-30,502.0,502.0,502.0,502.0,0,2340,0
FINNIFTY30DEC2527400CE.NFO,2025-12-03,13:50:00,2025-12-30,502.0,502.0,502.0,502.0,0,2340,0
FINNIFTY30DEC2527400CE.NFO,2025-12-03,13:51:00,2025-12-30,502.0,509.75,502.0,509.75,195,2340,0
FINNIFTY30DEC2527400CE.NFO,2025-12-03,13:52:00,2025-12-30,509.75,510.55,509.75,510.55,130,2340,0
FINNIFTY30DEC2527400CE.NFO,2025-12-03,13:53:00,2025-12-30,510.55,510.55,510.55,510.55,0,2340,0
FINNIFTY30DEC2527400CE.NFO,2025-12-03,13:54:00,2025-12-30,510.55,510.55,510.55,510.55,0,2340,0
FINNIFTY30DEC2527400CE.NFO,2025-12-03,13:55:00,2025-12-30,510.55,510.55,510.55,510.55,0,2340,0
FINNIFTY30DEC2527400CE.NFO,2025-12-03,13:56:00,2025-12-30,510.55,510.55,510.55,510.55,0,2340,0
FINNIFTY30DEC2527400CE.NFO,2025-12-03,13:57:00,2025-12-30,510.55,510.55,510.55,510.55,0,2340,0
FINNIFTY30DEC2527400CE.NFO,2025-12-03,13:58:00,2025-12-30,510.55,510.55,510.55,510.55,0,2340,0
FINNIFTY30DEC2527400CE.NFO,2025-12-03,13:59:00,2025-12-30,510.55,510.55,510.55,510.55,0,2340,0
FINNIFTY30DEC2527400CE.NFO,2025-12-03,14:00:00,2025-12-30,510.55,510.55,510.55,510.55,0,2340,0
FINNIFTY30DEC2527400CE.NFO,2025-12-03,14:01:00,2025-12-30,510.55,510.55,510.55,510.55,0,2340,0
FINNIFTY30DEC2527400CE.NFO,2025-12-03,14:02:00,2025-12-30,510.55,510.55,510.55,510.55,0,2340,0
FINNIFTY30DEC2527400CE.NFO,2025-12-03,14:03:00,2025-12-30,510.55,510.55,510.55,510.55,0,2340,0
FINNIFTY30DEC2527400CE.NFO,2025-12-03,14:04:00,2025-12-30,510.55,510.55,510.55,510.55,0,2340,0
FINNIFTY30DEC2527400CE.NFO,2025-12-03,14:05:00,2025-12-30,510.55,510.55,510.55,510.55,0,2340,0
FINNIFTY30DEC2527400CE.NFO,2025-12-03,14:06:00,2025-12-30,510.55,510.55,510.55,510.55,0,2340,0
FINNIFTY30DEC2527400CE.NFO,2025-12-03,14:07:00,2025-12-30,510.55,510.55,510.55,510.55,0,2340,0
FINNIFTY30DEC2527400CE.NFO,2025-12-03,14:08:00,2025-12-30,510.55,510.55,510.55,510.55,0,2340,0
FINNIFTY30DEC2527400CE.NFO,2025-12-03,14:09:00,2025-12-30,510.55,510.55,510.55,510.55,0,2340,0
FINNIFTY30DEC2527400CE.NFO,2025-12-03,14:10:00,2025-12-30,510.55,510.55,510.55,510.55,0,2340,0
FINNIFTY30DEC2527400CE.NFO,2025-12-03,14:11:00,2025-12-30,510.55,510.55,510.55,510.55,0,2340,0
FINNIFTY30DEC2527400CE.NFO,2025-12-03,14:12:00,2025-12-30,510.55,510.55,510.55,510.55,0,2340,0
FINNIFTY30DEC2527400CE.NFO,2025-12-03,14:13:00,2025-12-30,510.55,510.55,510.55,510.55,0,2340,0
FINNIFTY30DEC2527400CE.NFO,2025-12-03,14:14:00,2025-12-30,510.55,510.55,510.55,510.55,0,2340,0
FINNIFTY30DEC2527400CE.NFO,2025-12-03,14:15:00,2025-12-30,510.55,510.55,510.55,510.55,0,2340,0
FINNIFTY30DEC2527400CE.NFO,2025-12-03,14:16:00,2025-12-30,510.55,510.55,510.55,510.55,0,2340,0
FINNIFTY30DEC2527400CE.NFO,2025-12-03,14:17:00,2025-12-30,510.55,510.55,510.55,510.55,0,2340,0
FINNIFTY30DEC2527400CE.NFO,2025-12-03,14:18:00,2025-12-30,510.55,510.55,510.55,510.55,0,2340,0
FINNIFTY30DEC2527400CE.NFO,2025-12-03,14:19:00,2025-12-30,510.55,510.55,510.55,510.55,0,2340,0
FINNIFTY30DEC2527400CE.NFO,2025-12-03,14:20:00,2025-12-30,510.55,510.55,510.55,510.55,0,2340,0
FINNIFTY30DEC2527400CE.NFO,2025-12-03,14:21:00,2025-12-30,510.55,510.55,510.55,510.55,0,2340,0
FINNIFTY30DEC2527400CE.NFO,2025-12-03,14:22:00,2025-12-30,510.55,510.55,510.55,510.55,0,2340,0
FINNIFTY30DEC2527400CE.NFO,2025-12-03,14:23:00,2025-12-30,510.55,541.0,510.55,541.0,130,2210,0
FINNIFTY30DEC2527400CE.NFO,2025-12-03,14:24:00,2025-12-30,541.0,541.0,541.0,541.0,0,2210,0
FINNIFTY30DEC2527400CE.NFO,2025-12-03,14:25:00,2025-12-30,541.0,541.05,541.0,541.05,130,2210,0
FINNIFTY30DEC2527400CE.NFO,2025-12-03,14:26:00,2025-12-30,541.05,541.05,541.05,541.05,0,2210,0
FINNIFTY30DEC2527400CE.NFO,2025-12-03,14:27:00,2025-12-30,541.05,541.05,541.05,541.05,0,2210,0
FINNIFTY30DEC2527400CE.NFO,2025-12-03,14:28:00,2025-12-30,541.05,541.05,541.05,541.05,0,2210,0
FINNIFTY30DEC2527400CE.NFO,2025-12-03,14:29:00,2025-12-30,541.05,541.05,541.05,541.05,0,2210,0
FINNIFTY30DEC2527400CE.NFO,2025-12-03,14:30:00,2025-12-30,541.05,541.05,541.05,541.05,0,2210,0
FINNIFTY30DEC2527400CE.NFO,2025-12-03,14:31:00,2025-12-30,541.05,541.05,541.05,541.05,0,2210,0
FINNIFTY30DEC2527400CE.NFO,2025-12-03,14:32:00,2025-12-30,541.05,541.05,527.55,527.55,65,2145,0
FINNIFTY30DEC2527400CE.NFO,2025-12-03,14:33:00,2025-12-30,527.55,527.55,527.55,527.55,0,2145,0
FINNIFTY30DEC2527400CE.NFO,2025-12-03,14:34:00,2025-12-30,527.55,531.25,525.2,531.25,130,2145,0
FINNIFTY30DEC2527400CE.NFO,2025-12-03,14:35:00,2025-12-30,531.25,531.25,531.25,531.25,0,2145,0
FINNIFTY30DEC2527400CE.NFO,2025-12-03,14:36:00,2025-12-30,531.25,531.25,531.25,531.25,0,2145,0
FINNIFTY30DEC2527400CE.NFO,2025-12-03,14:37:00,2025-12-30,531.25,531.25,531.25,531.25,0,2145,0
FINNIFTY30DEC2527400CE.NFO,2025-12-03,14:38:00,2025-12-30,531.25,531.25,531.25,531.25,0,2145,0
FINNIFTY30DEC2527400CE.NFO,2025-12-03,14:39:00,2025-12-30,531.25,531.25,531.25,531.25,0,2145,0
FINNIFTY30DEC2527400CE.NFO,2025-12-03,14:40:00,2025-12-30,531.25,531.25,531.25,531.25,0,2145,0
FINNIFTY30DEC2527400CE.NFO,2025-12-03,14:41:00,2025-12-30,531.25,531.25,531.25,531.25,0,2145,0
FINNIFTY30DEC2527400CE.NFO,2025-12-03,14:42:00,2025-12-30,531.25,531.25,531.25,531.25,0,2145,0
FINNIFTY30DEC2527400CE.NFO,2025-12-03,14:43:00,2025-12-30,531.25,543.2,531.25,543.2,65,2080,0
FINNIFTY30DEC2527400CE.NFO,2025-12-03,14:44:00,2025-12-30,543.2,543.2,543.2,543.2,0,2080,0
FINNIFTY30DEC2527400CE.NFO,2025-12-03,14:45:00,2025-12-30,543.2,546.4,543.2,546.4,65,2080,0
FINNIFTY30DEC2527400CE.NFO,2025-12-03,14:46:00,2025-12-30,546.4,546.4,546.4,546.4,0,2080,0
FINNIFTY30DEC2527400CE.NFO,2025-12-03,14:47:00,2025-12-30,546.4,546.4,546.4,546.4,0,2080,0
FINNIFTY30DEC2527400CE.NFO,2025-12-03,14:48:00,2025-12-30,546.4,546.4,546.4,546.4,0,2080,0
FINNIFTY30DEC2527400CE.NFO,2025-12-03,14:49:00,2025-12-30,546.4,546.4,546.4,546.4,0,2080,0
FINNIFTY30DEC2527400CE.NFO,2025-12-03,14:50:00,2025-12-30,546.4,546.4,546.4,546.4,0,2080,0
FINNIFTY30DEC2527400CE.NFO,2025-12-03,14:51:00,2025-12-30,546.4,546.4,546.4,546.4,0,2080,0
FINNIFTY30DEC2527400CE.NFO,2025-12-03,14:52:00,2025-12-30,546.4,546.4,546.4,546.4,0,2080,0
FINNIFTY30DEC2527400CE.NFO,2025-12-03,14:53:00,2025-12-30,546.4,546.4,546.4,546.4,0,2080,0
FINNIFTY30DEC2527400CE.NFO,2025-12-03,14:54:00,2025-12-30,546.4,546.4,546.4,546.4,0,2080,0
FINNIFTY30DEC2527400CE.NFO,2025-12-03,14:55:00,2025-12-30,546.4,546.4,546.4,546.4,0,2080,0
FINNIFTY30DEC2527400CE.NFO,2025-12-03,14:56:00,2025-12-30,546.4,546.4,546.4,546.4,0,2080,0
FINNIFTY30DEC2527400CE.NFO,2025-12-03,14:57:00,2025-12-30,546.4,546.4,546.4,546.4,0,2080,0
FINNIFTY30DEC2527400CE.NFO,2025-12-03,14:58:00,2025-12-30,546.4,546.4,546.4,546.4,0,2080,0
FINNIFTY30DEC2527400CE.NFO,2025-12-03,14:59:00,2025-12-30,546.4,546.4,546.4,546.4,0,2080,0
FINNIFTY30DEC2527400CE.NFO,2025-12-03,15:00:00,2025-12-30,570.0,570.0,570.0,570.0,65,2145,0
FINNIFTY30DEC2527400CE.NFO,2025-12-03,15:01:00,2025-12-30,570.0,570.0,570.0,570.0,0,2145,0
FINNIFTY30DEC2527400CE.NFO,2025-12-03,15:02:00,2025-12-30,570.0,570.0,570.0,570.0,0,2145,0
FINNIFTY30DEC2527400CE.NFO,2025-12-03,15:03:00,2025-12-30,570.0,570.0,570.0,570.0,0,2145,0
FINNIFTY30DEC2527400CE.NFO,2025-12-03,15:04:00,2025-12-30,570.0,570.0,570.0,570.0,0,2145,0
FINNIFTY30DEC2527400CE.NFO,2025-12-03,15:05:00,2025-12-30,570.0,570.0,570.0,570.0,0,2145,0
FINNIFTY30DEC2527400CE.NFO,2025-12-03,15:06:00,2025-12-30,570.0,570.0,570.0,570.0,0,2145,0
FINNIFTY30DEC2527400CE.NFO,2025-12-03,15:07:00,2025-12-30,570.0,570.0,570.0,570.0,0,2145,0
FINNIFTY30DEC2527400CE.NFO,2025-12-03,15:08:00,2025-12-30,570.0,570.0,570.0,570.0,0,2145,0
FINNIFTY30DEC2527400CE.NFO,2025-12-03,15:09:00,2025-12-30,570.0,590.0,570.0,590.0,65,2080,0
FINNIFTY30DEC2527400CE.NFO,2025-12-03,15:10:00,2025-12-30,590.0,590.0,590.0,590.0,0,2080,0
FINNIFTY30DEC2527400CE.NFO,2025-12-03,15:11:00,2025-12-30,590.0,590.0,590.0,590.0,0,2080,0
FINNIFTY30DEC2527400CE.NFO,2025-12-03,15:12:00,2025-12-30,590.0,602.4,590.0,602.4,65,2015,0
FINNIFTY30DEC2527400CE.NFO,2025-12-03,15:13:00,2025-12-30,602.4,602.4,602.4,602.4,0,2015,0
FINNIFTY30DEC2527400CE.NFO,2025-12-03,15:14:00,2025-12-30,602.4,602.4,602.4,602.4,130,2015,0
FINNIFTY30DEC2527400CE.NFO,2025-12-03,15:15:00,2025-12-30,602.4,602.4,602.4,602.4,0,2015,0
FINNIFTY30DEC2527400CE.NFO,2025-12-03,15:16:00,2025-12-30,602.4,602.4,602.4,602.4,0,2015,0
FINNIFTY30DEC2527400CE.NFO,2025-12-03,15:17:00,2025-12-30,602.4,602.4,602.4,602.4,0,2015,0
FINNIFTY30DEC2527400CE.NFO,2025-12-03,15:18:00,2025-12-30,602.4,602.4,602.4,602.4,0,2015,0
FINNIFTY30DEC2527400CE.NFO,2025-12-03,15:19:00,2025-12-30,602.4,602.4,602.4,602.4,0,2015,0
FINNIFTY30DEC2527400CE.NFO,2025-12-03,15:20:00,2025-12-30,602.4,602.4,602.4,602.4,0,2015,0
FINNIFTY30DEC2527400CE.NFO,2025-12-03,15:21:00,2025-12-30,602.4,602.4,602.4,602.4,0,2015,0
FINNIFTY30DEC2527400CE.NFO,2025-12-03,15:22:00,2025-12-30,602.4,604.5,602.4,604.5,195,1885,0
FINNIFTY30DEC2527400CE.NFO,2025-12-03,15:23:00,2025-12-30,604.5,604.5,604.5,604.5,0,1885,0
FINNIFTY30DEC2527400CE.NFO,2025-12-03,15:24:00,2025-12-30,604.5,609.25,604.5,609.25,65,1755,0
FINNIFTY30DEC2527400CE.NFO,2025-12-03,15:25:00,2025-12-30,609.25,609.25,609.25,609.25,0,1755,0
FINNIFTY30DEC2527400CE.NFO,2025-12-03,15:26:00,2025-12-30,609.25,609.25,609.25,609.25,0,1755,0
FINNIFTY30DEC2527400CE.NFO,2025-12-03,15:27:00,2025-12-30,609.25,609.25,609.25,609.25,0,1755,0
FINNIFTY30DEC2527400CE.NFO,2025-12-03,15:28:00,2025-12-30,609.25,609.25,609.25,609.25,0,1755,0
FINNIFTY30DEC2527400CE.NFO,2025-12-03,15:29:00,2025-12-30,609.25,609.25,609.25,609.25,0,1755,0
FINNIFTY30DEC2527400CE.NFO,2025-12-03,15:30:00,2025-12-30,609.25,609.25,609.25,609.25,0,1755,1
FINNIFTY30DEC2527400CE.NFO,2025-12-04,09:15:00,2025-12-30,550.0,550.0,550.0,550.0,0,1755,1
FINNIFTY30DEC2527400CE.NFO,2025-12-04,09:16:00,2025-12-30,550.0,550.0,550.0,550.0,0,1755,1
FINNIFTY30DEC2527400CE.NFO,2025-12-04,09:17:00,2025-12-30,550.0,550.0,550.0,550.0,0,1755,1
FINNIFTY30DEC2527400CE.NFO,2025-12-04,09:18:00,2025-12-30,550.0,550.0,550.0,550.0,0,1755,1
FINNIFTY30DEC2527400CE.NFO,2025-12-04,09:19:00,2025-12-30,550.0,550.0,550.0,550.0,0,1755,0
FINNIFTY30DEC2527400CE.NFO,2025-12-04,09:20:00,2025-12-30,550.0,550.0,540.0,540.0,65,1755,0
FINNIFTY30DEC2527400CE.NFO,2025-12-04,09:21:00,2025-12-30,540.0,540.0,530.0,530.0,130,1755,0
FINNIFTY30DEC2527400CE.NFO,2025-12-04,09:22:00,2025-12-30,530.0,534.5,530.0,534.5,65,2015,0
FINNIFTY30DEC2527400CE.NFO,2025-12-04,09:23:00,2025-12-30,534.5,555.0,534.5,555.0,65,2015,0
FINNIFTY30DEC2527400CE.NFO,2025-12-04,09:24:00,2025-12-30,555.0,560.0,555.0,560.0,65,2015,0
FINNIFTY30DEC2527400CE.NFO,2025-12-04,09:25:00,2025-12-30,560.0,560.0,560.0,560.0,0,2015,0
FINNIFTY30DEC2527400CE.NFO,2025-12-04,09:26:00,2025-12-30,560.0,560.0,560.0,560.0,0,2015,0
FINNIFTY30DEC2527400CE.NFO,2025-12-04,09:27:00,2025-12-30,560.0,560.0,560.0,560.0,0,2015,0
FINNIFTY30DEC2527400CE.NFO,2025-12-04,09:28:00,2025-12-30,560.0,560.0,560.0,560.0,0,2015,0
FINNIFTY30DEC2527400CE.NFO,2025-12-04,09:29:00,2025-12-30,560.0,560.0,560.0,560.0,0,2015,0
FINNIFTY30DEC2527400CE.NFO,2025-12-04,09:30:00,2025-12-30,560.0,560.0,560.0,560.0,0,2015,0
FINNIFTY30DEC2527400CE.NFO,2025-12-04,09:31:00,2025-12-30,560.0,560.0,560.0,560.0,0,2015,0
FINNIFTY30DEC2527400CE.NFO,2025-12-04,09:32:00,2025-12-30,560.0,560.0,560.0,560.0,0,2015,0
FINNIFTY30DEC2527400CE.NFO,2025-12-04,09:33:00,2025-12-30,560.0,560.0,560.0,560.0,0,2015,0
FINNIFTY30DEC2527400CE.NFO,2025-12-04,09:34:00,2025-12-30,560.0,560.0,560.0,560.0,0,2015,0
FINNIFTY30DEC2527400CE.NFO,2025-12-04,09:35:00,2025-12-30,560.0,560.0,560.0,560.0,0,2015,0
FINNIFTY30DEC2527400CE.NFO,2025-12-04,09:36:00,2025-12-30,560.0,560.0,560.0,560.0,0,2015,0
FINNIFTY30DEC2527400CE.NFO,2025-12-04,09:37:00,2025-12-30,560.0,560.0,560.0,560.0,0,2015,0
FINNIFTY30DEC2527400CE.NFO,2025-12-04,09:38:00,2025-12-30,560.0,560.0,560.0,560.0,0,2015,0
FINNIFTY30DEC2527400CE.NFO,2025-12-04,09:39:00,2025-12-30,560.0,560.0,560.0,560.0,0,2015,0
FINNIFTY30DEC2527400CE.NFO,2025-12-04,09:40:00,2025-12-30,560.0,560.0,560.0,560.0,0,2015,0
FINNIFTY30DEC2527400CE.NFO,2025-12-04,09:41:00,2025-12-30,560.0,560.0,560.0,560.0,0,2015,0
FINNIFTY30DEC2527400CE.NFO,2025-12-04,09:42:00,2025-12-30,560.0,560.0,560.0,560.0,0,2015,0
FINNIFTY30DEC2527400CE.NFO,2025-12-04,09:43:00,2025-12-30,560.0,560.0,560.0,560.0,0,2015,0
FINNIFTY30DEC2527400CE.NFO,2025-12-04,09:44:00,2025-12-30,560.0,560.0,560.0,560.0,0,2015,0
FINNIFTY30DEC2527400CE.NFO,2025-12-04,09:45:00,2025-12-30,560.0,560.0,560.0,560.0,0,2015,0
FINNIFTY30DEC2527400CE.NFO,2025-12-04,09:46:00,2025-12-30,560.0,560.0,560.0,560.0,0,2015,0
FINNIFTY30DEC2527400CE.NFO,2025-12-04,09:47:00,2025-12-30,560.0,560.0,560.0,560.0,0,2015,0
FINNIFTY30DEC2527400CE.NFO,2025-12-04,09:48:00,2025-12-30,560.0,560.0,560.0,560.0,0,2015,0
FINNIFTY30DEC2527400CE.NFO,2025-12-04,09:49:00,2025-12-30,560.0,560.0,560.0,560.0,0,2015,0
FINNIFTY30DEC2527400CE.NFO,2025-12-04,09:50:00,2025-12-30,560.0,560.0,560.0,560.0,0,2015,0
FINNIFTY30DEC2527400CE.NFO,2025-12-04,09:51:00,2025-12-30,560.0,560.0,560.0,560.0,0,2015,0
FINNIFTY30DEC2527400CE.NFO,2025-12-04,09:52:00,2025-12-30,560.0,560.0,560.0,560.0,0,2015,0
FINNIFTY30DEC2527400CE.NFO,2025-12-04,09:53:00,2025-12-30,560.0,560.0,560.0,560.0,0,2015,0
FINNIFTY30DEC2527400CE.NFO,2025-12-04,09:54:00,2025-12-30,560.0,560.0,560.0,560.0,0,2015,0
FINNIFTY30DEC2527400CE.NFO,2025-12-04,09:55:00,2025-12-30,560.0,560.0,560.0,560.0,0,2015,0
FINNIFTY30DEC2527400CE.NFO,2025-12-04,09:56:00,2025-12-30,560.0,560.0,560.0,560.0,0,2015,0
FINNIFTY30DEC2527400CE.NFO,2025-12-04,09:57:00,2025-12-30,560.0,560.0,560.0,560.0,0,2015,0
FINNIFTY30DEC2527400CE.NFO,2025-12-04,09:58:00,2025-12-30,560.0,560.0,560.0,560.0,0,2015,0
FINNIFTY30DEC2527400CE.NFO,2025-12-04,09:59:00,2025-12-30,560.0,560.0,560.0,560.0,0,2015,0
FINNIFTY30DEC2527400CE.NFO,2025-12-04,10:00:00,2025-12-30,560.0,560.0,560.0,560.0,0,2015,0
FINNIFTY30DEC2527400CE.NFO,2025-12-04,10:01:00,2025-12-30,560.0,560.0,560.0,560.0,0,2015,0
FINNIFTY30DEC2527400CE.NFO,2025-12-04,10:02:00,2025-12-30,560.0,560.0,560.0,560.0,0,2015,0
FINNIFTY30DEC2527400CE.NFO,2025-12-04,10:03:00,2025-12-30,560.0,560.0,560.0,560.0,0,2015,0
FINNIFTY30DEC2527400CE.NFO,2025-12-04,10:04:00,2025-12-30,560.0,560.0,560.0,560.0,0,2015,0
FINNIFTY30DEC2527400CE.NFO,2025-12-04,10:05:00,2025-12-30,560.0,560.0,560.0,560.0,0,2015,0
FINNIFTY30DEC2527400CE.NFO,2025-12-04,10:06:00,2025-12-30,560.0,560.0,560.0,560.0,0,2015,0
FINNIFTY30DEC2527400CE.NFO,2025-12-04,10:07:00,2025-12-30,560.0,560.0,560.0,560.0,0,2015,0
FINNIFTY30DEC2527400CE.NFO,2025-12-04,10:08:00,2025-12-30,560.0,560.0,560.0,560.0,0,2015,0
FINNIFTY30DEC2527400CE.NFO,2025-12-04,10:09:00,2025-12-30,560.0,560.0,560.0,560.0,0,2015,0
FINNIFTY30DEC2527400CE.NFO,2025-12-04,10:10:00,2025-12-30,560.0,560.0,560.0,560.0,0,2015,0
FINNIFTY30DEC2527400CE.NFO,2025-12-04,10:11:00,2025-12-30,560.0,560.0,560.0,560.0,0,2015,0
FINNIFTY30DEC2527400CE.NFO,2025-12-04,10:12:00,2025-12-30,560.0,560.0,560.0,560.0,0,2015,0
FINNIFTY30DEC2527400CE.NFO,2025-12-04,10:13:00,2025-12-30,560.0,560.0,560.0,560.0,0,2015,0
FINNIFTY30DEC2527400CE.NFO,2025-12-04,10:14:00,2025-12-30,560.0,560.0,560.0,560.0,0,2015,0
FINNIFTY30DEC2527400CE.NFO,2025-12-04,10:15:00,2025-12-30,560.0,560.0,560.0,560.0,0,2015,0
FINNIFTY30DEC2527400CE.NFO,2025-12-04,10:16:00,2025-12-30,560.0,560.0,560.0,560.0,0,2015,0
FINNIFTY30DEC2527400CE.NFO,2025-12-04,10:17:00,2025-12-30,560.0,560.0,560.0,560.0,0,2015,0
FINNIFTY30DEC2527400CE.NFO,2025-12-04,10:18:00,2025-12-30,560.0,560.0,560.0,560.0,0,2015,0
FINNIFTY30DEC2527400CE.NFO,2025-12-04,10:19:00,2025-12-30,560.0,560.0,560.0,560.0,0,2015,0
FINNIFTY30DEC2527400CE.NFO,2025-12-04,10:20:00,2025-12-30,560.0,560.0,560.0,560.0,0,2015,0
FINNIFTY30DEC2527400CE.NFO,2025-12-04,10:21:00,2025-12-30,560.0,560.0,560.0,560.0,0,2015,0
FINNIFTY30DEC2527400CE.NFO,2025-12-04,10:22:00,2025-12-30,560.0,560.0,560.0,560.0,0,2015,0
FINNIFTY30DEC2527400CE.NFO,2025-12-04,10:23:00,2025-12-30,560.0,595.0,560.0,595.0,195,1885,0
FINNIFTY30DEC2527400CE.NFO,2025-12-04,10:24:00,2025-12-30,595.0,595.0,595.0,595.0,0,1885,0
FINNIFTY30DEC2527400CE.NFO,2025-12-04,10:25:00,2025-12-30,595.0,595.0,595.0,595.0,0,1885,0
FINNIFTY30DEC2527400CE.NFO,2025-12-04,10:26:00,2025-12-30,595.0,595.0,595.0,595.0,0,1885,0
FINNIFTY30DEC2527400CE.NFO,2025-12-04,10:27:00,2025-12-30,595.0,595.0,595.0,595.0,0,1885,0
FINNIFTY30DEC2527400CE.NFO,2025-12-04,10:28:00,2025-12-30,595.0,595.0,595.0,595.0,0,1885,0
FINNIFTY30DEC2527400CE.NFO,2025-12-04,10:29:00,2025-12-30,595.0,595.0,595.0,595.0,0,1885,0
FINNIFTY30DEC2527400CE.NFO,2025-12-04,10:30:00,2025-12-30,595.0,595.0,595.0,595.0,0,1885,0
FINNIFTY30DEC2527400CE.NFO,2025-12-04,10:31:00,2025-12-30,595.0,595.0,595.0,595.0,0,1885,0
FINNIFTY30DEC2527400CE.NFO,2025-12-04,10:32:00,2025-12-30,595.0,595.0,595.0,595.0,0,1885,0
FINNIFTY30DEC2527400CE.NFO,2025-12-04,10:33:00,2025-12-30,595.0,595.0,595.0,595.0,0,1885,0
FINNIFTY30DEC2527400CE.NFO,2025-12-04,10:34:00,2025-12-30,595.0,595.0,595.0,595.0,0,1885,0
FINNIFTY30DEC2527400CE.NFO,2025-12-04,10:35:00,2025-12-30,595.0,595.0,595.0,595.0,0,1885,0
FINNIFTY30DEC2527400CE.NFO,2025-12-04,10:36:00,2025-12-30,595.0,620.0,595.0,620.0,130,1755,0
FINNIFTY30DEC2527400CE.NFO,2025-12-04,10:37:00,2025-12-30,620.0,620.0,620.0,620.0,0,1755,0
FINNIFTY30DEC2527400CE.NFO,2025-12-04,10:38:00,2025-12-30,620.0,620.0,620.0,620.0,0,1755,0
FINNIFTY30DEC2527400CE.NFO,2025-12-04,10:39:00,2025-12-30,620.0,620.0,620.0,620.0,0,1755,0
FINNIFTY30DEC2527400CE.NFO,2025-12-04,10:40:00,2025-12-30,620.0,620.0,620.0,620.0,0,1755,0
FINNIFTY30DEC2527400CE.NFO,2025-12-04,10:41:00,2025-12-30,620.0,620.0,620.0,620.0,0,1755,0
FINNIFTY30DEC2527400CE.NFO,2025-12-04,10:42:00,2025-12-30,620.0,620.0,620.0,620.0,0,1755,0
FINNIFTY30DEC2527400CE.NFO,2025-12-04,10:43:00,2025-12-30,620.0,620.0,620.0,620.0,0,1755,0
FINNIFTY30DEC2527400CE.NFO,2025-12-04,10:44:00,2025-12-30,620.0,620.0,610.0,610.0,65,1625,0
FINNIFTY30DEC2527400CE.NFO,2025-12-04,10:45:00,2025-12-30,610.0,610.0,610.0,610.0,0,1625,0
FINNIFTY30DEC2527400CE.NFO,2025-12-04,10:46:00,2025-12-30,610.0,610.0,610.0,610.0,0,1625,0
FINNIFTY30DEC2527400CE.NFO,2025-12-04,10:47:00,2025-12-30,610.0,610.0,610.0,610.0,0,1625,0
FINNIFTY30DEC2527400CE.NFO,2025-12-04,10:48:00,2025-12-30,610.0,610.0,610.0,610.0,0,1625,0
FINNIFTY30DEC2527400CE.NFO,2025-12-04,10:49:00,2025-12-30,610.0,610.0,610.0,610.0,0,1625,0
FINNIFTY30DEC2527400CE.NFO,2025-12-04,10:50:00,2025-12-30,610.0,610.0,610.0,610.0,0,1625,0
FINNIFTY30DEC2527400CE.NFO,2025-12-04,10:51:00,2025-12-30,610.0,610.0,610.0,610.0,0,1625,0
FINNIFTY30DEC2527400CE.NFO,2025-12-04,10:52:00,2025-12-30,610.0,610.0,600.0,600.0,65,1625,0
FINNIFTY30DEC2527400CE.NFO,2025-12-04,10:53:00,2025-12-30,600.0,600.0,600.0,600.0,0,1625,0
FINNIFTY30DEC2527400CE.NFO,2025-12-04,10:54:00,2025-12-30,600.0,600.0,600.0,600.0,0,1625,0
FINNIFTY30DEC2527400CE.NFO,2025-12-04,10:55:00,2025-12-30,600.0,600.0,600.0,600.0,0,1625,0
FINNIFTY30DEC2527400CE.NFO,2025-12-04,10:56:00,2025-12-30,600.0,600.7,600.0,600.7,65,1690,0
FINNIFTY30DEC2527400CE.NFO,2025-12-04,10:57:00,2025-12-30,600.7,600.7,600.7,600.7,0,1690,0
FINNIFTY30DEC2527400CE.NFO,2025-12-04,10:58:00,2025-12-30,600.7,600.7,600.7,600.7,0,1690,0
FINNIFTY30DEC2527400CE.NFO,2025-12-04,10:59:00,2025-12-30,600.7,600.7,600.7,600.7,0,1690,0
FINNIFTY30DEC2527400CE.NFO,2025-12-04,11:00:00,2025-12-30,600.7,600.7,600.7,600.7,0,1690,0
FINNIFTY30DEC2527400CE.NFO,2025-12-04,11:01:00,2025-12-30,600.7,600.7,600.7,600.7,0,1690,0
FINNIFTY30DEC2527400CE.NFO,2025-12-04,11:02:00,2025-12-30,600.7,600.7,600.7,600.7,0,1690,0
FINNIFTY30DEC2527400CE.NFO,2025-12-04,11:03:00,2025-12-30,600.7,600.7,600.7,600.7,0,1690,0
FINNIFTY30DEC2527400CE.NFO,2025-12-04,11:04:00,2025-12-30,600.7,600.7,600.7,600.7,0,1690,0
FINNIFTY30DEC2527400CE.NFO,2025-12-04,11:05:00,2025-12-30,600.7,600.7,600.7,600.7,0,1690,0
FINNIFTY30DEC2527400CE.NFO,2025-12-04,11:06:00,2025-12-30,600.7,600.7,600.7,600.7,0,1690,0
FINNIFTY30DEC2527400CE.NFO,2025-12-04,11:07:00,2025-12-30,600.7,600.7,600.7,600.7,0,1690,0
FINNIFTY30DEC2527400CE.NFO,2025-12-04,11:08:00,2025-12-30,600.7,600.7,600.7,600.7,0,1690,0
FINNIFTY30DEC2527400CE.NFO,2025-12-04,11:09:00,2025-12-30,600.7,600.7,600.7,600.7,0,1690,0
FINNIFTY30DEC2527400CE.NFO,2025-12-04,11:10:00,2025-12-30,600.7,600.7,600.7,600.7,0,1690,0
FINNIFTY30DEC2527400CE.NFO,2025-12-04,11:11:00,2025-12-30,600.7,600.7,600.7,600.7,0,1690,0
FINNIFTY30DEC2527400CE.NFO,2025-12-04,11:12:00,2025-12-30,600.7,600.7,600.7,600.7,0,1690,0
FINNIFTY30DEC2527400CE.NFO,2025-12-04,11:13:00,2025-12-30,600.7,600.7,600.7,600.7,0,1690,0
FINNIFTY30DEC2527400CE.NFO,2025-12-04,11:14:00,2025-12-30,600.7,600.7,600.7,600.7,0,1690,0
FINNIFTY30DEC2527400CE.NFO,2025-12-04,11:15:00,2025-12-30,600.7,600.7,600.7,600.7,0,1690,0
FINNIFTY30DEC2527400CE.NFO,2025-12-04,11:16:00,2025-12-30,600.7,600.7,600.7,600.7,0,1690,0
FINNIFTY30DEC2527400CE.NFO,2025-12-04,11:17:00,2025-12-30,600.7,600.7,600.7,600.7,0,1690,0
FINNIFTY30DEC2527400CE.NFO,2025-12-04,11:18:00,2025-12-30,600.7,600.7,600.7,600.7,0,1690,0
FINNIFTY30DEC2527400CE.NFO,2025-12-04,11:19:00,2025-12-30,600.7,600.7,600.7,600.7,0,1690,0
FINNIFTY30DEC2527400CE.NFO,2025-12-04,11:20:00,2025-12-30,600.7,600.7,600.7,600.7,0,1690,0
FINNIFTY30DEC2527400CE.NFO,2025-12-04,11:21:00,2025-12-30,600.7,600.7,600.7,600.7,0,1690,0
FINNIFTY30DEC2527400CE.NFO,2025-12-04,11:22:00,2025-12-30,600.7,600.7,600.7,600.7,0,1690,0
FINNIFTY30DEC2527400CE.NFO,2025-12-04,11:23:00,2025-12-30,600.7,600.7,600.7,600.7,0,1690,0
FINNIFTY30DEC2527400CE.NFO,2025-12-04,11:24:00,2025-12-30,600.7,600.7,600.7,600.7,0,1690,0
FINNIFTY30DEC2527400CE.NFO,2025-12-04,11:25:00,2025-12-30,600.7,600.7,600.7,600.7,0,1690,0
FINNIFTY30DEC2527400CE.NFO,2025-12-04,11:26:00,2025-12-30,600.7,600.7,600.7,600.7,0,1690,0
FINNIFTY30DEC2527400CE.NFO,2025-12-04,11:27:00,2025-12-30,600.7,600.7,600.7,600.7,0,1690,0
FINNIFTY30DEC2527400CE.NFO,2025-12-04,11:28:00,2025-12-30,600.7,600.7,600.7,600.7,0,1690,0
FINNIFTY30DEC2527400CE.NFO,2025-12-04,11:29:00,2025-12-30,600.7,600.7,600.7,600.7,0,1690,0
FINNIFTY30DEC2527400CE.NFO,2025-12-04,11:30:00,2025-12-30,600.7,600.7,600.7,600.7,0,1690,0
FINNIFTY30DEC2527400CE.NFO,2025-12-04,11:31:00,2025-12-30,600.7,600.7,600.7,600.7,0,1690,0
FINNIFTY30DEC2527400CE.NFO,2025-12-04,11:32:00,2025-12-30,600.7,600.7,600.7,600.7,0,1690,0
FINNIFTY30DEC2527400CE.NFO,2025-12-04,11:33:00,2025-12-30,600.7,600.7,600.7,600.7,0,1690,0
FINNIFTY30DEC2527400CE.NFO,2025-12-04,11:34:00,2025-12-30,600.7,600.7,600.7,600.7,0,1690,0
FINNIFTY30DEC2527400CE.NFO,2025-12-04,11:35:00,2025-12-30,600.7,600.7,600.7,600.7,0,1690,0
FINNIFTY30DEC2527400CE.NFO,2025-12-04,11:36:00,2025-12-30,600.7,600.7,600.7,600.7,0,1690,0
FINNIFTY30DEC2527400CE.NFO,2025-12-04,11:37:00,2025-12-30,600.7,600.7,600.7,600.7,0,1690,0
FINNIFTY30DEC2527400CE.NFO,2025-12-04,11:38:00,2025-12-30,600.7,600.7,565.0,565.0,130,1690,0
FINNIFTY30DEC2527400CE.NFO,2025-12-04,11:39:00,2025-12-30,565.0,565.0,565.0,565.0,0,1690,0
FINNIFTY30DEC2527400CE.NFO,2025-12-04,11:40:00,2025-12-30,565.0,565.0,565.0,565.0,0,1690,0
FINNIFTY30DEC2527400CE.NFO,2025-12-04,11:41:00,2025-12-30,565.0,565.0,565.0,565.0,0,1690,0
FINNIFTY30DEC2527400CE.NFO,2025-12-04,11:42:00,2025-12-30,565.0,565.0,560.05,560.05,130,1820,0
FINNIFTY30DEC2527400CE.NFO,2025-12-04,11:43:00,2025-12-30,560.05,560.05,560.0,560.0,65,1820,0
FINNIFTY30DEC2527400CE.NFO,2025-12-04,11:44:00,2025-12-30,560.0,560.0,560.0,560.0,0,1820,0
FINNIFTY30DEC2527400CE.NFO,2025-12-04,11:45:00,2025-12-30,560.0,560.0,560.0,560.0,0,1820,0
FINNIFTY30DEC2527400CE.NFO,2025-12-04,11:46:00,2025-12-30,560.0,560.0,560.0,560.0,0,1820,0
FINNIFTY30DEC2527400CE.NFO,2025-12-04,11:47:00,2025-12-30,560.0,560.0,560.0,560.0,0,1820,0
FINNIFTY30DEC2527400CE.NFO,2025-12-04,11:48:00,2025-12-30,560.0,560.0,560.0,560.0,0,1820,0
FINNIFTY30DEC2527400CE.NFO,2025-12-04,11:49:00,2025-12-30,560.0,560.0,560.0,560.0,0,1820,0
FINNIFTY30DEC2527400CE.NFO,2025-12-04,11:50:00,2025-12-30,560.0,560.0,560.0,560.0,0,1820,0
FINNIFTY30DEC2527400CE.NFO,2025-12-04,11:51:00,2025-12-30,560.0,560.0,560.0,560.0,0,1820,0
FINNIFTY30DEC2527400CE.NFO,2025-12-04,11:52:00,2025-12-30,560.0,560.0,560.0,560.0,0,1820,0
FINNIFTY30DEC2527400CE.NFO,2025-12-04,11:53:00,2025-12-30,560.0,560.0,560.0,560.0,0,1820,0
FINNIFTY30DEC2527400CE.NFO,2025-12-04,11:54:00,2025-12-30,560.0,560.0,560.0,560.0,0,1820,0
FINNIFTY30DEC2527400CE.NFO,2025-12-04,11:55:00,2025-12-30,560.0,560.0,560.0,560.0,0,1820,0
FINNIFTY30DEC2527400CE.NFO,2025-12-04,11:56:00,2025-12-30,560.0,560.0,560.0,560.0,0,1820,0
FINNIFTY30DEC2527400CE.NFO,2025-12-04,11:57:00,2025-12-30,560.0,560.0,560.0,560.0,0,1820,0
FINNIFTY30DEC2527400CE.NFO,2025-12-04,11:58:00,2025-12-30,560.0,560.0,560.0,560.0,0,1820,0
FINNIFTY30DEC2527400CE.NFO,2025-12-04,11:59:00,2025-12-30,560.0,560.0,560.0,560.0,0,1820,0
FINNIFTY30DEC2527400CE.NFO,2025-12-04,12:00:00,2025-12-30,560.0,560.0,560.0,560.0,0,1820,0
FINNIFTY30DEC2527400CE.NFO,2025-12-04,12:01:00,2025-12-30,560.0,560.0,560.0,560.0,0,1820,0
FINNIFTY30DEC2527400CE.NFO,2025-12-04,12:02:00,2025-12-30,560.0,560.0,560.0,560.0,0,1820,0
FINNIFTY30DEC2527400CE.NFO,2025-12-04,12:03:00,2025-12-30,560.0,560.0,560.0,560.0,0,1820,0
FINNIFTY30DEC2527400CE.NFO,2025-12-04,12:04:00,2025-12-30,560.0,560.0,560.0,560.0,0,1820,0
FINNIFTY30DEC2527400CE.NFO,2025-12-04,12:05:00,2025-12-30,560.0,560.0,560.0,560.0,0,1820,0
FINNIFTY30DEC2527400CE.NFO,2025-12-04,12:06:00,2025-12-30,560.0,560.0,560.0,560.0,0,1820,0
FINNIFTY30DEC2527400CE.NFO,2025-12-04,12:07:00,2025-12-30,560.0,560.0,560.0,560.0,0,1820,0
FINNIFTY30DEC2527400CE.NFO,2025-12-04,12:08:00,2025-12-30,560.0,560.0,560.0,560.0,0,1820,0
FINNIFTY30DEC2527400CE.NFO,2025-12-04,12:09:00,2025-12-30,560.0,560.0,560.0,560.0,0,1820,0
FINNIFTY30DEC2527400CE.NFO,2025-12-04,12:10:00,2025-12-30,560.0,560.0,560.0,560.0,0,1820,0
FINNIFTY30DEC2527400CE.NFO,2025-12-04,12:11:00,2025-12-30,560.0,560.0,560.0,560.0,0,1820,0
FINNIFTY30DEC2527400CE.NFO,2025-12-04,12:12:00,2025-12-30,560.0,560.0,560.0,560.0,0,1820,0
FINNIFTY30DEC2527400CE.NFO,2025-12-04,12:13:00,2025-12-30,560.0,560.0,560.0,560.0,0,1820,0
FINNIFTY30DEC2527400CE.NFO,2025-12-04,12:14:00,2025-12-30,560.0,560.0,560.0,560.0,0,1820,0
FINNIFTY30DEC2527400CE.NFO,2025-12-04,12:15:00,2025-12-30,560.0,560.0,560.0,560.0,0,1820,0
FINNIFTY30DEC2527400CE.NFO,2025-12-04,12:16:00,2025-12-30,560.0,560.0,560.0,560.0,0,1820,0
FINNIFTY30DEC2527400CE.NFO,2025-12-04,12:17:00,2025-12-30,560.0,560.0,560.0,560.0,0,1820,0
FINNIFTY30DEC2527400CE.NFO,2025-12-04,12:18:00,2025-12-30,560.0,560.0,560.0,560.0,0,1820,0
FINNIFTY30DEC2527400CE.NFO,2025-12-04,12:19:00,2025-12-30,560.0,560.0,560.0,560.0,0,1820,0
FINNIFTY30DEC2527400CE.NFO,2025-12-04,12:20:00,2025-12-30,560.0,560.0,560.0,560.0,0,1820,0
FINNIFTY30DEC2527400CE.NFO,2025-12-04,12:21:00,2025-12-30,560.0,560.0,560.0,560.0,0,1820,0
FINNIFTY30DEC2527400CE.NFO,2025-12-04,12:22:00,2025-12-30,560.0,560.0,560.0,560.0,0,1820,0
FINNIFTY30DEC2527400CE.NFO,2025-12-04,12:23:00,2025-12-30,560.0,560.0,560.0,560.0,0,1820,0
FINNIFTY30DEC2527400CE.NFO,2025-12-04,12:24:00,2025-12-30,560.0,560.0,560.0,560.0,0,1820,0
FINNIFTY30DEC2527400CE.NFO,2025-12-04,12:25:00,2025-12-30,560.0,560.0,560.0,560.0,0,1820,0
FINNIFTY30DEC2527400CE.NFO,2025-12-04,12:26:00,2025-12-30,560.0,560.0,560.0,560.0,0,1820,0
FINNIFTY30DEC2527400CE.NFO,2025-12-04,12:27:00,2025-12-30,560.0,560.0,560.0,560.0,0,1820,0
FINNIFTY30DEC2527400CE.NFO,2025-12-04,12:28:00,2025-12-30,560.0,560.0,560.0,560.0,0,1820,0
FINNIFTY30DEC2527400CE.NFO,2025-12-04,12:29:00,2025-12-30,560.0,560.0,560.0,560.0,0,1820,0
FINNIFTY30DEC2527400CE.NFO,2025-12-04,12:30:00,2025-12-30,560.0,560.0,560.0,560.0,0,1820,0
FINNIFTY30DEC2527400CE.NFO,2025-12-04,12:31:00,2025-12-30,560.0,560.0,560.0,560.0,0,1820,0
FINNIFTY30DEC2527400CE.NFO,2025-12-04,12:32:00,2025-12-30,560.0,560.0,560.0,560.0,0,1820,0
FINNIFTY30DEC2527400CE.NFO,2025-12-04,12:33:00,2025-12-30,560.0,560.0,560.0,560.0,0,1820,0
FINNIFTY30DEC2527400CE.NFO,2025-12-04,12:34:00,2025-12-30,560.0,560.0,560.0,560.0,0,1820,0
FINNIFTY30DEC2527400CE.NFO,2025-12-04,12:35:00,2025-12-30,560.0,560.0,560.0,560.0,0,1820,0
FINNIFTY30DEC2527400CE.NFO,2025-12-04,12:36:00,2025-12-30,560.0,560.0,560.0,560.0,0,1820,0
FINNIFTY30DEC2527400CE.NFO,2025-12-04,12:37:00,2025-12-30,560.0,560.0,560.0,560.0,0,1820,0
FINNIFTY30DEC2527400CE.NFO,2025-12-04,12:38:00,2025-12-30,560.0,560.0,560.0,560.0,0,1820,0
FINNIFTY30DEC2527400CE.NFO,2025-12-04,12:39:00,2025-12-30,560.0,560.0,560.0,560.0,0,1820,0
FINNIFTY30DEC2527400CE.NFO,2025-12-04,12:40:00,2025-12-30,560.0,560.0,560.0,560.0,0,1820,0
FINNIFTY30DEC2527400CE.NFO,2025-12-04,12:41:00,2025-12-30,560.0,560.0,560.0,560.0,0,1820,0
FINNIFTY30DEC2527400CE.NFO,2025-12-04,12:42:00,2025-12-30,560.0,560.0,560.0,560.0,0,1820,0
FINNIFTY30DEC2527400CE.NFO,2025-12-04,12:43:00,2025-12-30,560.0,560.0,560.0,560.0,0,1820,0
FINNIFTY30DEC2527400CE.NFO,2025-12-04,12:44:00,2025-12-30,560.0,560.0,560.0,560.0,0,1820,0
FINNIFTY30DEC2527400CE.NFO,2025-12-04,12:45:00,2025-12-30,560.0,560.0,560.0,560.0,0,1820,0
FINNIFTY30DEC2527400CE.NFO,2025-12-04,12:46:00,2025-12-30,560.0,560.0,560.0,560.0,0,1820,0
FINNIFTY30DEC2527400CE.NFO,2025-12-04,12:47:00,2025-12-30,560.0,560.0,560.0,560.0,0,1820,0
FINNIFTY30DEC2527400CE.NFO,2025-12-04,12:48:00,2025-12-30,560.0,560.0,560.0,560.0,0,1820,0
FINNIFTY30DEC2527400CE.NFO,2025-12-04,12:49:00,2025-12-30,560.0,560.0,560.0,560.0,0,1820,0
FINNIFTY30DEC2527400CE.NFO,2025-12-04,12:50:00,2025-12-30,560.0,560.0,560.0,560.0,0,1820,0
FINNIFTY30DEC2527400CE.NFO,2025-12-04,12:51:00,2025-12-30,560.0,560.0,560.0,560.0,0,1820,0
FINNIFTY30DEC2527400CE.NFO,2025-12-04,12:52:00,2025-12-30,560.0,560.0,560.0,560.0,0,1820,0
FINNIFTY30DEC2527400CE.NFO,2025-12-04,12:53:00,2025-12-30,560.0,560.0,560.0,560.0,0,1820,0
FINNIFTY30DEC2527400CE.NFO,2025-12-04,12:54:00,2025-12-30,560.0,560.0,560.0,560.0,0,1820,0
FINNIFTY30DEC2527400CE.NFO,2025-12-04,12:55:00,2025-12-30,560.0,560.0,560.0,560.0,0,1820,0
FINNIFTY30DEC2527400CE.NFO,2025-12-04,12:56:00,2025-12-30,560.0,560.0,560.0,560.0,0,1820,0
FINNIFTY30DEC2527400CE.NFO,2025-12-04,12:57:00,2025-12-30,560.0,560.0,560.0,560.0,0,1820,0
FINNIFTY30DEC2527400CE.NFO,2025-12-04,12:58:00,2025-12-30,560.0,560.0,560.0,560.0,0,1820,0
FINNIFTY30DEC2527400CE.NFO,2025-12-04,12:59:00,2025-12-30,560.0,560.0,560.0,560.0,0,1820,0
FINNIFTY30DEC2527400CE.NFO,2025-12-04,13:00:00,2025-12-30,560.0,560.0,525.0,525.0,65,2015,0
FINNIFTY30DEC2527400CE.NFO,2025-12-04,13:01:00,2025-12-30,525.0,525.0,525.0,525.0,0,2015,0
FINNIFTY30DEC2527400CE.NFO,2025-12-04,13:02:00,2025-12-30,525.0,525.0,525.0,525.0,0,2015,0
FINNIFTY30DEC2527400CE.NFO,2025-12-04,13:03:00,2025-12-30,525.0,525.0,525.0,525.0,0,2015,0
FINNIFTY30DEC2527400CE.NFO,2025-12-04,13:04:00,2025-12-30,525.0,525.0,525.0,525.0,0,2015,0
FINNIFTY30DEC2527400CE.NFO,2025-12-04,13:05:00,2025-12-30,525.0,525.85,525.0,525.85,0,2080,0
FINNIFTY30DEC2527400CE.NFO,2025-12-04,13:06:00,2025-12-30,525.85,525.85,525.85,525.85,130,2080,0
FINNIFTY30DEC2527400CE.NFO,2025-12-04,13:07:00,2025-12-30,525.85,525.85,525.85,525.85,0,2080,0
FINNIFTY30DEC2527400CE.NFO,2025-12-04,13:08:00,2025-12-30,525.85,525.85,525.85,525.85,0,2080,0
FINNIFTY30DEC2527400CE.NFO,2025-12-04,13:09:00,2025-12-30,525.85,525.85,525.85,525.85,0,2080,0
FINNIFTY30DEC2527400CE.NFO,2025-12-04,13:10:00,2025-12-30,525.85,525.85,525.85,525.85,0,2080,0
FINNIFTY30DEC2527400CE.NFO,2025-12-04,13:11:00,2025-12-30,525.85,525.85,525.85,525.85,0,2080,0
FINNIFTY30DEC2527400CE.NFO,2025-12-04,13:12:00,2025-12-30,525.85,525.85,525.85,525.85,0,2080,0
FINNIFTY30DEC2527400CE.NFO,2025-12-04,13:13:00,2025-12-30,525.85,525.85,525.85,525.85,0,2080,0
FINNIFTY30DEC2527400CE.NFO,2025-12-04,13:14:00,2025-12-30,525.85,525.85,525.85,525.85,0,2080,0
FINNIFTY30DEC2527400CE.NFO,2025-12-04,13:15:00,2025-12-30,525.85,525.85,525.85,525.85,0,2080,0
FINNIFTY30DEC2527400CE.NFO,2025-12-04,13:16:00,2025-12-30,525.85,525.85,525.85,525.85,0,2080,0
FINNIFTY30DEC2527400CE.NFO,2025-12-04,13:17:00,2025-12-30,525.85,525.85,525.85,525.85,0,2080,0
FINNIFTY30DEC2527400CE.NFO,2025-12-04,13:18:00,2025-12-30,525.85,525.85,525.85,525.85,0,2080,0
FINNIFTY30DEC2527400CE.NFO,2025-12-04,13:19:00,2025-12-30,525.85,525.85,525.85,525.85,0,2080,0
FINNIFTY30DEC2527400CE.NFO,2025-12-04,13:20:00,2025-12-30,525.85,525.85,525.85,525.85,0,2080,0
FINNIFTY30DEC2527400CE.NFO,2025-12-04,13:21:00,2025-12-30,525.85,525.85,525.85,525.85,0,2080,0
FINNIFTY30DEC2527400CE.NFO,2025-12-04,13:22:00,2025-12-30,525.85,525.85,525.85,525.85,0,2080,0
FINNIFTY30DEC2527400CE.NFO,2025-12-04,13:23:00,2025-12-30,525.85,525.85,525.85,525.85,0,2080,0
FINNIFTY30DEC2527400CE.NFO,2025-12-04,13:24:00,2025-12-30,525.85,525.85,525.85,525.85,0,2080,0
FINNIFTY30DEC2527400CE.NFO,2025-12-04,13:25:00,2025-12-30,525.85,550.0,525.85,550.0,65,2210,0
FINNIFTY30DEC2527400CE.NFO,2025-12-04,13:26:00,2025-12-30,550.0,550.0,550.0,550.0,0,2210,0
FINNIFTY30DEC2527400CE.NFO,2025-12-04,13:27:00,2025-12-30,550.0,550.0,550.0,550.0,0,2210,0
FINNIFTY30DEC2527400CE.NFO,2025-12-04,13:28:00,2025-12-30,550.0,550.0,550.0,550.0,0,2210,0
FINNIFTY30DEC2527400CE.NFO,2025-12-04,13:29:00,2025-12-30,550.0,550.0,550.0,550.0,0,2210,0
FINNIFTY30DEC2527400CE.NFO,2025-12-04,13:30:00,2025-12-30,550.0,555.0,550.0,555.0,65,2145,0
FINNIFTY30DEC2527400CE.NFO,2025-12-04,13:31:00,2025-12-30,555.0,555.0,555.0,555.0,0,2145,0
FINNIFTY30DEC2527400CE.NFO,2025-12-04,13:32:00,2025-12-30,555.0,555.0,544.0,544.0,65,2145,0
FINNIFTY30DEC2527400CE.NFO,2025-12-04,13:33:00,2025-12-30,544.0,544.0,544.0,544.0,0,2145,0
FINNIFTY30DEC2527400CE.NFO,2025-12-04,13:34:00,2025-12-30,544.0,544.0,540.0,540.0,65,2145,0
FINNIFTY30DEC2527400CE.NFO,2025-12-04,13:35:00,2025-12-30,540.0,540.0,540.0,540.0,0,2145,0
FINNIFTY30DEC2527400CE.NFO,2025-12-04,13:36:00,2025-12-30,540.0,540.0,540.0,540.0,0,2145,0
FINNIFTY30DEC2527400CE.NFO,2025-12-04,13:37:00,2025-12-30,540.0,540.0,540.0,540.0,0,2145,0
FINNIFTY30DEC2527400CE.NFO,2025-12-04,13:38:00,2025-12-30,540.0,540.0,540.0,540.0,0,2145,0
FINNIFTY30DEC2527400CE.NFO,2025-12-04,13:39:00,2025-12-30,540.0,540.0,540.0,540.0,0,2145,0
FINNIFTY30DEC2527400CE.NFO,2025-12-04,13:40:00,2025-12-30,540.0,540.0,540.0,540.0,0,2145,0
FINNIFTY30DEC2527400CE.NFO,2025-12-04,13:41:00,2025-12-30,540.0,540.0,540.0,540.0,0,2145,0
FINNIFTY30DEC2527400CE.NFO,2025-12-04,13:42:00,2025-12-30,540.0,540.0,540.0,540.0,0,2145,0
FINNIFTY30DEC2527400CE.NFO,2025-12-04,13:43:00,2025-12-30,540.0,540.0,540.0,540.0,0,2145,0
FINNIFTY30DEC2527400CE.NFO,2025-12-04,13:44:00,2025-12-30,540.0,540.0,540.0,540.0,0,2145,0
FINNIFTY30DEC2527400CE.NFO,2025-12-04,13:45:00,2025-12-30,540.0,540.0,540.0,540.0,0,2145,0
FINNIFTY30DEC2527400CE.NFO,2025-12-04,13:46:00,2025-12-30,540.0,540.0,540.0,540.0,0,2145,0
FINNIFTY30DEC2527400CE.NFO,2025-12-04,13:47:00,2025-12-30,540.0,540.0,540.0,540.0,0,2145,0
FINNIFTY30DEC2527400CE.NFO,2025-12-04,13:48:00,2025-12-30,540.0,540.0,540.0,540.0,0,2145,0
FINNIFTY30DEC2527400CE.NFO,2025-12-04,13:49:00,2025-12-30,540.0,540.0,529.2,529.2,130,2210,0
FINNIFTY30DEC2527400CE.NFO,2025-12-04,13:50:00,2025-12-30,529.2,529.2,529.2,529.2,0,2210,0
FINNIFTY30DEC2527400CE.NFO,2025-12-04,13:51:00,2025-12-30,529.2,529.2,529.2,529.2,0,2210,0
FINNIFTY30DEC2527400CE.NFO,2025-12-04,13:52:00,2025-12-30,529.2,529.2,529.2,529.2,0,2210,0
FINNIFTY30DEC2527400CE.NFO,2025-12-04,13:53:00,2025-12-30,529.2,529.2,529.2,529.2,0,2210,0
FINNIFTY30DEC2527400CE.NFO,2025-12-04,13:54:00,2025-12-30,529.2,529.2,529.2,529.2,0,2210,0
FINNIFTY30DEC2527400CE.NFO,2025-12-04,13:55:00,2025-12-30,529.2,529.2,529.2,529.2,0,2210,0
FINNIFTY30DEC2527400CE.NFO,2025-12-04,13:56:00,2025-12-30,529.2,529.2,529.2,529.2,0,2210,0
FINNIFTY30DEC2527400CE.NFO,2025-12-04,13:57:00,2025-12-30,529.2,529.2,529.2,529.2,0,2210,0
FINNIFTY30DEC2527400CE.NFO,2025-12-04,13:58:00,2025-12-30,529.2,529.2,529.2,529.2,0,2210,0
FINNIFTY30DEC2527400CE.NFO,2025-12-04,13:59:00,2025-12-30,529.2,529.2,529.2,529.2,0,2210,0
FINNIFTY30DEC2527400CE.NFO,2025-12-04,14:00:00,2025-12-30,529.2,529.2,529.2,529.2,0,2210,0
FINNIFTY30DEC2527400CE.NFO,2025-12-04,14:01:00,2025-12-30,529.2,529.2,529.2,529.2,0,2210,0
FINNIFTY30DEC2527400CE.NFO,2025-12-04,14:02:00,2025-12-30,529.2,529.2,529.2,529.2,0,2210,0
FINNIFTY30DEC2527400CE.NFO,2025-12-04,14:03:00,2025-12-30,529.2,529.2,529.2,529.2,0,2210,0
FINNIFTY30DEC2527400CE.NFO,2025-12-04,14:04:00,2025-12-30,529.2,529.2,529.2,529.2,0,2210,0
FINNIFTY30DEC2527400CE.NFO,2025-12-04,14:05:00,2025-12-30,529.2,529.2,529.2,529.2,0,2210,0
FINNIFTY30DEC2527400CE.NFO,2025-12-04,14:06:00,2025-12-30,529.2,529.2,529.2,529.2,0,2210,0
FINNIFTY30DEC2527400CE.NFO,2025-12-04,14:07:00,2025-12-30,529.2,529.2,529.2,529.2,0,2210,0
FINNIFTY30DEC2527400CE.NFO,2025-12-04,14:08:00,2025-12-30,529.2,529.2,529.2,529.2,0,2210,0
FINNIFTY30DEC2527400CE.NFO,2025-12-04,14:09:00,2025-12-30,529.2,529.2,529.2,529.2,0,2210,0
FINNIFTY30DEC2527400CE.NFO,2025-12-04,14:10:00,2025-12-30,529.2,529.2,529.2,529.2,0,2210,0
FINNIFTY30DEC2527400CE.NFO,2025-12-04,14:11:00,2025-12-30,529.2,529.2,529.2,529.2,0,2210,0
FINNIFTY30DEC2527400CE.NFO,2025-12-04,14:12:00,2025-12-30,529.2,529.2,529.2,529.2,0,2210,0
FINNIFTY30DEC2527400CE.NFO,2025-12-04,14:13:00,2025-12-30,529.2,529.2,529.2,529.2,0,2210,0
FINNIFTY30DEC2527400CE.NFO,2025-12-04,14:14:00,2025-12-30,529.2,529.2,529.2,529.2,0,2210,0
FINNIFTY30DEC2527400CE.NFO,2025-12-04,14:15:00,2025-12-30,529.2,529.2,529.2,529.2,0,2210,0
FINNIFTY30DEC2527400CE.NFO,2025-12-04,14:16:00,2025-12-30,529.2,529.2,529.2,529.2,0,2210,0
FINNIFTY30DEC2527400CE.NFO,2025-12-04,14:17:00,2025-12-30,529.2,529.2,529.2,529.2,0,2210,0
FINNIFTY30DEC2527400CE.NFO,2025-12-04,14:18:00,2025-12-30,529.2,529.2,529.2,529.2,0,2210,0
FINNIFTY30DEC2527400CE.NFO,2025-12-04,14:19:00,2025-12-30,529.2,529.2,529.2,529.2,0,2210,0
FINNIFTY30DEC2527400CE.NFO,2025-12-04,14:20:00,2025-12-30,529.2,529.2,529.2,529.2,0,2210,0
FINNIFTY30DEC2527400CE.NFO,2025-12-04,14:21:00,2025-12-30,529.2,529.2,529.2,529.2,0,2210,0
FINNIFTY30DEC2527400CE.NFO,2025-12-04,14:22:00,2025-12-30,529.2,529.2,529.2,529.2,0,2210,0
FINNIFTY30DEC2527400CE.NFO,2025-12-04,14:23:00,2025-12-30,529.2,538.0,529.2,538.0,65,2275,0
FINNIFTY30DEC2527400CE.NFO,2025-12-04,14:24:00,2025-12-30,538.0,538.0,538.0,538.0,0,2275,0
FINNIFTY30DEC2527400CE.NFO,2025-12-04,14:25:00,2025-12-30,538.0,538.0,538.0,538.0,0,2275,0
FINNIFTY30DEC2527400CE.NFO,2025-12-04,14:26:00,2025-12-30,538.0,538.0,538.0,538.0,0,2275,0
FINNIFTY30DEC2527400CE.NFO,2025-12-04,14:27:00,2025-12-30,538.0,538.0,538.0,538.0,0,2275,0
FINNIFTY30DEC2527400CE.NFO,2025-12-04,14:28:00,2025-12-30,538.0,538.0,538.0,538.0,0,2275,0
FINNIFTY30DEC2527400CE.NFO,2025-12-04,14:29:00,2025-12-30,538.0,538.0,538.0,538.0,0,2275,0
FINNIFTY30DEC2527400CE.NFO,2025-12-04,14:30:00,2025-12-30,538.0,538.0,538.0,538.0,0,2275,0
FINNIFTY30DEC2527400CE.NFO,2025-12-04,14:31:00,2025-12-30,538.0,538.0,538.0,538.0,0,2275,0
FINNIFTY30DEC2527400CE.NFO,2025-12-04,14:32:00,2025-12-30,538.0,538.0,538.0,538.0,0,2275,0
FINNIFTY30DEC2527400CE.NFO,2025-12-04,14:33:00,2025-12-30,538.0,538.0,538.0,538.0,0,2275,0
FINNIFTY30DEC2527400CE.NFO,2025-12-04,14:34:00,2025-12-30,538.0,538.0,538.0,538.0,0,2275,0
FINNIFTY30DEC2527400CE.NFO,2025-12-04,14:35:00,2025-12-30,538.0,538.0,538.0,538.0,0,2275,0
FINNIFTY30DEC2527400CE.NFO,2025-12-04,14:36:00,2025-12-30,538.0,538.0,538.0,538.0,0,2275,0
FINNIFTY30DEC2527400CE.NFO,2025-12-04,14:37:00,2025-12-30,538.0,538.0,538.0,538.0,0,2275,0
FINNIFTY30DEC2527400CE.NFO,2025-12-04,14:38:00,2025-12-30,538.0,538.0,538.0,538.0,0,2275,0
FINNIFTY30DEC2527400CE.NFO,2025-12-04,14:39:00,2025-12-30,538.0,538.0,538.0,538.0,0,2275,0
FINNIFTY30DEC2527400CE.NFO,2025-12-04,14:40:00,2025-12-30,538.0,538.0,538.0,538.0,0,2275,0
FINNIFTY30DEC2527400CE.NFO,2025-12-04,14:41:00,2025-12-30,538.0,548.0,538.0,548.0,65,2210,0
FINNIFTY30DEC2527400CE.NFO,2025-12-04,14:42:00,2025-12-30,548.0,548.0,548.0,548.0,0,2210,0
FINNIFTY30DEC2527400CE.NFO,2025-12-04,14:43:00,2025-12-30,548.0,548.0,548.0,548.0,0,2210,0
FINNIFTY30DEC2527400CE.NFO,2025-12-04,14:44:00,2025-12-30,548.0,548.0,548.0,548.0,0,2210,0
FINNIFTY30DEC2527400CE.NFO,2025-12-04,14:45:00,2025-12-30,548.0,548.0,543.15,543.15,195,2145,0
FINNIFTY30DEC2527400CE.NFO,2025-12-04,14:46:00,2025-12-30,543.15,543.15,543.15,543.15,0,2145,0
FINNIFTY30DEC2527400CE.NFO,2025-12-04,14:47:00,2025-12-30,543.15,543.15,543.15,543.15,0,2145,0
FINNIFTY30DEC2527400CE.NFO,2025-12-04,14:48:00,2025-12-30,543.15,543.15,543.15,543.15,0,2145,0
FINNIFTY30DEC2527400CE.NFO,2025-12-04,14:49:00,2025-12-30,543.15,543.15,543.15,543.15,0,2145,0
FINNIFTY30DEC2527400CE.NFO,2025-12-04,14:50:00,2025-12-30,543.15,543.15,543.15,543.15,0,2145,0
FINNIFTY30DEC2527400CE.NFO,2025-12-04,14:51:00,2025-12-30,543.15,543.15,543.15,543.15,0,2145,0
FINNIFTY30DEC2527400CE.NFO,2025-12-04,14:52:00,2025-12-30,543.15,550.0,543.15,550.0,65,2340,0
FINNIFTY30DEC2527400CE.NFO,2025-12-04,14:53:00,2025-12-30,550.0,550.0,550.0,550.0,0,2340,0
FINNIFTY30DEC2527400CE.NFO,2025-12-04,14:54:00,2025-12-30,550.0,550.0,550.0,550.0,0,2340,0
FINNIFTY30DEC2527400CE.NFO,2025-12-04,14:55:00,2025-12-30,550.0,550.0,550.0,550.0,0,2340,0
FINNIFTY30DEC2527400CE.NFO,2025-12-04,14:56:00,2025-12-30,550.0,550.0,550.0,550.0,0,2340,0
FINNIFTY30DEC2527400CE.NFO,2025-12-04,14:57:00,2025-12-30,550.0,550.0,550.0,550.0,0,2340,0
FINNIFTY30DEC2527400CE.NFO,2025-12-04,14:58:00,2025-12-30,550.0,550.0,550.0,550.0,0,2340,0
FINNIFTY30DEC2527400CE.NFO,2025-12-04,14:59:00,2025-12-30,550.0,550.0,550.0,550.0,0,2340,0
FINNIFTY30DEC2527400CE.NFO,2025-12-04,15:00:00,2025-12-30,550.0,563.0,550.0,563.0,65,2340,0
FINNIFTY30DEC2527400CE.NFO,2025-12-04,15:01:00,2025-12-30,563.0,570.0,563.0,570.0,65,2340,0
FINNIFTY30DEC2527400CE.NFO,2025-12-04,15:02:00,2025-12-30,570.0,570.75,570.0,570.75,260,2340,0
FINNIFTY30DEC2527400CE.NFO,2025-12-04,15:03:00,2025-12-30,570.75,570.75,570.75,570.75,0,2340,0
FINNIFTY30DEC2527400CE.NFO,2025-12-04,15:04:00,2025-12-30,570.75,570.75,570.75,570.75,0,2340,0
FINNIFTY30DEC2527400CE.NFO,2025-12-04,15:05:00,2025-12-30,570.75,570.75,570.75,570.75,0,2340,0
FINNIFTY30DEC2527400CE.NFO,2025-12-04,15:06:00,2025-12-30,570.75,570.75,570.75,570.75,0,2340,0
FINNIFTY30DEC2527400CE.NFO,2025-12-04,15:07:00,2025-12-30,570.75,570.75,570.75,570.75,0,2340,0
FINNIFTY30DEC2527400CE.NFO,2025-12-04,15:08:00,2025-12-30,570.75,570.75,570.75,570.75,0,2340,0
FINNIFTY30DEC2527400CE.NFO,2025-12-04,15:09:00,2025-12-30,570.75,570.75,570.75,570.75,0,2340,0
FINNIFTY30DEC2527400CE.NFO,2025-12-04,15:10:00,2025-12-30,570.75,570.75,570.75,570.75,0,2340,0
FINNIFTY30DEC2527400CE.NFO,2025-12-04,15:11:00,2025-12-30,570.75,570.75,570.75,570.75,0,2340,0
FINNIFTY30DEC2527400CE.NFO,2025-12-04,15:12:00,2025-12-30,570.75,570.75,570.75,570.75,0,2340,0
FINNIFTY30DEC2527400CE.NFO,2025-12-04,15:13:00,2025-12-30,570.75,570.75,570.75,570.75,0,2340,0
FINNIFTY30DEC2527400CE.NFO,2025-12-04,15:14:00,2025-12-30,570.75,570.75,570.75,570.75,0,2340,0
FINNIFTY30DEC2527400CE.NFO,2025-12-04,15:15:00,2025-12-30,570.75,570.75,570.75,570.75,0,2340,0
FINNIFTY30DEC2527400CE.NFO,2025-12-04,15:16:00,2025-12-30,570.75,570.75,565.25,565.25,845,1950,0
FINNIFTY30DEC2527400CE.NFO,2025-12-04,15:17:00,2025-12-30,565.25,565.25,565.25,565.25,0,1950,0
FINNIFTY30DEC2527400CE.NFO,2025-12-04,15:18:00,2025-12-30,565.25,565.25,565.0,565.0,65,2795,0
FINNIFTY30DEC2527400CE.NFO,2025-12-04,15:19:00,2025-12-30,565.0,565.0,565.0,565.0,0,2795,0
FINNIFTY30DEC2527400CE.NFO,2025-12-04,15:20:00,2025-12-30,565.0,565.0,565.0,565.0,0,2795,0
FINNIFTY30DEC2527400CE.NFO,2025-12-04,15:21:00,2025-12-30,565.0,565.0,565.0,565.0,0,2795,0
FINNIFTY30DEC2527400CE.NFO,2025-12-04,15:22:00,2025-12-30,565.0,565.0,565.0,565.0,0,2795,0
FINNIFTY30DEC2527400CE.NFO,2025-12-04,15:23:00,2025-12-30,565.0,565.0,565.0,565.0,0,2795,0
FINNIFTY30DEC2527400CE.NFO,2025-12-04,15:24:00,2025-12-30,565.0,565.95,565.0,565.95,65,2730,0
FINNIFTY30DEC2527400CE.NFO,2025-12-04,15:25:00,2025-12-30,565.95,565.95,565.95,565.95,0,2730,0
FINNIFTY30DEC2527400CE.NFO,2025-12-04,15:26:00,2025-12-30,565.95,565.95,565.95,565.95,0,2730,0
FINNIFTY30DEC2527400CE.NFO,2025-12-04,15:27:00,2025-12-30,565.95,565.95,565.95,565.95,0,2730,0
FINNIFTY30DEC2527400CE.NFO,2025-12-04,15:28:00,2025-12-30,565.95,565.95,565.0,565.0,65,2665,0
FINNIFTY30DEC2527400CE.NFO,2025-12-04,15:29:00,2025-12-30,565.0,565.0,565.0,565.0,0,2665,0
FINNIFTY30DEC2527400CE.NFO,2025-12-04,15:30:00,2025-12-30,565.0,565.0,565.0,565.0,0,2665,1
FINNIFTY30DEC2527400CE.NFO,2025-12-05,09:15:00,2025-12-30,564.0,564.0,563.9,563.95,0,2600,0
FINNIFTY30DEC2527400CE.NFO,2025-12-05,09:16:00,2025-12-30,563.95,563.95,563.95,563.95,0,2600,0
FINNIFTY30DEC2527400CE.NFO,2025-12-05,09:17:00,2025-12-30,563.95,563.95,545.3,556.65,195,2275,0
FINNIFTY30DEC2527400CE.NFO,2025-12-05,09:18:00,2025-12-30,556.65,570.0,556.65,570.0,520,2275,0
FINNIFTY30DEC2527400CE.NFO,2025-12-05,09:19:00,2025-12-30,570.0,570.0,570.0,570.0,0,2275,0
FINNIFTY30DEC2527400CE.NFO,2025-12-05,09:20:00,2025-12-30,570.0,570.0,570.0,570.0,0,2275,0
FINNIFTY30DEC2527400CE.NFO,2025-12-05,09:21:00,2025-12-30,570.0,598.75,570.0,598.75,65,1755,0
FINNIFTY30DEC2527400CE.NFO,2025-12-05,09:22:00,2025-12-30,598.75,598.75,598.75,598.75,0,1755,0
FINNIFTY30DEC2527400CE.NFO,2025-12-05,09:23:00,2025-12-30,598.75,598.75,598.75,598.75,0,1755,0
FINNIFTY30DEC2527400CE.NFO,2025-12-05,09:24:00,2025-12-30,598.75,598.75,572.8,572.8,65,1755,0
FINNIFTY30DEC2527400CE.NFO,2025-12-05,09:25:00,2025-12-30,572.8,572.8,572.8,572.8,0,1755,0
FINNIFTY30DEC2527400CE.NFO,2025-12-05,09:26:00,2025-12-30,572.8,572.8,572.8,572.8,0,1755,0
FINNIFTY30DEC2527400CE.NFO,2025-12-05,09:27:00,2025-12-30,572.8,589.45,572.8,589.45,65,1690,0
FINNIFTY30DEC2527400CE.NFO,2025-12-05,09:28:00,2025-12-30,589.45,589.45,589.45,589.45,0,1690,0
FINNIFTY30DEC2527400CE.NFO,2025-12-05,09:29:00,2025-12-30,589.45,589.45,589.45,589.45,0,1690,0
FINNIFTY30DEC2527400CE.NFO,2025-12-05,09:30:00,2025-12-30,589.45,589.45,589.45,589.45,0,1690,0
FINNIFTY30DEC2527400CE.NFO,2025-12-05,09:31:00,2025-12-30,589.45,589.45,589.45,589.45,0,1690,0
FINNIFTY30DEC2527400CE.NFO,2025-12-05,09:32:00,2025-12-30,589.45,589.45,589.45,589.45,0,1690,0
FINNIFTY30DEC2527400CE.NFO,2025-12-05,09:33:00,2025-12-30,589.45,589.45,589.45,589.45,0,1690,0
FINNIFTY30DEC2527400CE.NFO,2025-12-05,09:34:00,2025-12-30,589.45,589.45,589.45,589.45,0,1690,0
FINNIFTY30DEC2527400CE.NFO,2025-12-05,09:35:00,2025-12-30,589.45,593.05,589.45,593.05,65,1755,0
FINNIFTY30DEC2527400CE.NFO,2025-12-05,09:36:00,2025-12-30,593.05,593.05,593.05,593.05,0,1755,0
FINNIFTY30DEC2527400CE.NFO,2025-12-05,09:37:00,2025-12-30,593.05,593.05,593.05,593.05,0,1755,0
FINNIFTY30DEC2527400CE.NFO,2025-12-05,09:38:00,2025-12-30,593.05,593.05,593.05,593.05,0,1755,0
FINNIFTY30DEC2527400CE.NFO,2025-12-05,09:39:00,2025-12-30,593.05,593.05,593.05,593.05,0,1755,0
FINNIFTY30DEC2527400CE.NFO,2025-12-05,09:40:00,2025-12-30,593.05,593.05,593.05,593.05,0,1755,0
FINNIFTY30DEC2527400CE.NFO,2025-12-05,09:41:00,2025-12-30,593.05,593.05,593.05,593.05,0,1755,0
FINNIFTY30DEC2527400CE.NFO,2025-12-05,09:42:00,2025-12-30,593.05,596.75,593.05,596.75,65,1820,0
FINNIFTY30DEC2527400CE.NFO,2025-12-05,09:43:00,2025-12-30,596.75,596.75,596.75,596.75,0,1820,0
FINNIFTY30DEC2527400CE.NFO,2025-12-05,09:44:00,2025-12-30,596.75,596.75,596.75,596.75,0,1820,0
FINNIFTY30DEC2527400CE.NFO,2025-12-05,09:45:00,2025-12-30,596.75,601.5,596.75,601.5,65,1820,0
FINNIFTY30DEC2527400CE.NFO,2025-12-05,09:46:00,2025-12-30,601.5,601.5,601.5,601.5,0,1820,0
FINNIFTY30DEC2527400CE.NFO,2025-12-05,09:47:00,2025-12-30,601.5,601.5,601.5,601.5,0,1820,0
FINNIFTY30DEC2527400CE.NFO,2025-12-05,09:48:00,2025-12-30,601.5,601.5,601.5,601.5,0,1820,0
FINNIFTY30DEC2527400CE.NFO,2025-12-05,09:49:00,2025-12-30,601.5,601.5,601.5,601.5,0,1820,0
FINNIFTY30DEC2527400CE.NFO,2025-12-05,09:50:00,2025-12-30,601.5,601.5,601.5,601.5,0,1820,0
FINNIFTY30DEC2527400CE.NFO,2025-12-05,09:51:00,2025-12-30,601.5,601.5,601.5,601.5,0,1820,0
FINNIFTY30DEC2527400CE.NFO,2025-12-05,09:52:00,2025-12-30,601.5,601.5,601.5,601.5,0,1820,0
FINNIFTY30DEC2527400CE.NFO,2025-12-05,09:53:00,2025-12-30,601.5,601.5,601.5,601.5,0,1820,0
FINNIFTY30DEC2527400CE.NFO,2025-12-05,09:54:00,2025-12-30,601.5,601.5,601.5,601.5,0,1820,0
FINNIFTY30DEC2527400CE.NFO,2025-12-05,09:55:00,2025-12-30,601.5,601.5,601.5,601.5,0,1820,0
FINNIFTY30DEC2527400CE.NFO,2025-12-05,09:56:00,2025-12-30,601.5,601.5,601.5,601.5,0,1820,0
FINNIFTY30DEC2527400CE.NFO,2025-12-05,09:57:00,2025-12-30,601.5,601.5,601.5,601.5,0,1820,0
FINNIFTY30DEC2527400CE.NFO,2025-12-05,09:58:00,2025-12-30,601.5,601.5,601.5,601.5,0,1820,0
FINNIFTY30DEC2527400CE.NFO,2025-12-05,09:59:00,2025-12-30,601.5,601.5,601.5,601.5,0,1820,0
FINNIFTY30DEC2527400CE.NFO,2025-12-05,10:00:00,2025-12-30,601.5,601.5,601.5,601.5,0,1820,0
FINNIFTY30DEC2527400CE.NFO,2025-12-05,10:01:00,2025-12-30,601.5,601.5,601.5,601.5,0,1820,0
FINNIFTY30DEC2527400CE.NFO,2025-12-05,10:02:00,2025-12-30,601.5,601.5,601.5,601.5,0,1820,0
FINNIFTY30DEC2527400CE.NFO,2025-12-05,10:03:00,2025-12-30,601.5,601.5,601.5,601.5,0,1820,0
FINNIFTY30DEC2527400CE.NFO,2025-12-05,10:04:00,2025-12-30,601.5,669.85,601.5,669.85,130,1820,0
FINNIFTY30DEC2527400CE.NFO,2025-12-05,10:05:00,2025-12-30,669.85,669.85,669.85,669.85,0,1820,0
FINNIFTY30DEC2527400CE.NFO,2025-12-05,10:06:00,2025-12-30,669.85,699.0,669.85,699.0,65,1820,0
FINNIFTY30DEC2527400CE.NFO,2025-12-05,10:07:00,2025-12-30,699.0,699.0,699.0,699.0,0,1820,0
FINNIFTY30DEC2527400CE.NFO,2025-12-05,10:08:00,2025-12-30,699.0,699.0,699.0,699.0,0,1820,0
FINNIFTY30DEC2527400CE.NFO,2025-12-05,10:09:00,2025-12-30,699.0,699.0,699.0,699.0,0,1820,0
FINNIFTY30DEC2527400CE.NFO,2025-12-05,10:10:00,2025-12-30,699.0,699.0,654.25,664.4,130,1885,0
FINNIFTY30DEC2527400CE.NFO,2025-12-05,10:11:00,2025-12-30,664.4,664.4,664.4,664.4,0,1885,0
FINNIFTY30DEC2527400CE.NFO,2025-12-05,10:12:00,2025-12-30,664.4,664.4,664.4,664.4,0,1885,0
FINNIFTY30DEC2527400CE.NFO,2025-12-05,10:13:00,2025-12-30,664.4,664.4,664.4,664.4,0,1885,0
FINNIFTY30DEC2527400CE.NFO,2025-12-05,10:14:00,2025-12-30,664.4,664.4,664.4,664.4,0,1885,0
FINNIFTY30DEC2527400CE.NFO,2025-12-05,10:15:00,2025-12-30,664.4,664.4,664.4,664.4,0,1885,0
FINNIFTY30DEC2527400CE.NFO,2025-12-05,10:16:00,2025-12-30,664.4,664.4,664.4,664.4,0,1885,0
FINNIFTY30DEC2527400CE.NFO,2025-12-05,10:17:00,2025-12-30,664.4,664.4,664.4,664.4,0,1885,0
FINNIFTY30DEC2527400CE.NFO,2025-12-05,10:18:00,2025-12-30,664.4,702.9,664.4,702.9,65,1950,0
FINNIFTY30DEC2527400CE.NFO,2025-12-05,10:19:00,2025-12-30,702.9,702.9,702.9,702.9,0,1950,0
FINNIFTY30DEC2527400CE.NFO,2025-12-05,10:20:00,2025-12-30,702.9,702.9,702.9,702.9,0,1950,0
FINNIFTY30DEC2527400CE.NFO,2025-12-05,10:21:00,2025-12-30,702.9,702.9,702.9,702.9,0,1950,0
FINNIFTY30DEC2527400CE.NFO,2025-12-05,10:22:00,2025-12-30,702.9,702.9,702.9,702.9,0,1950,0
FINNIFTY30DEC2527400CE.NFO,2025-12-05,10:23:00,2025-12-30,702.9,702.9,702.9,702.9,0,1950,0
FINNIFTY30DEC2527400CE.NFO,2025-12-05,10:24:00,2025-12-30,702.9,702.9,668.3,668.3,65,1950,0
FINNIFTY30DEC2527400CE.NFO,2025-12-05,10:25:00,2025-12-30,668.3,668.3,668.3,668.3,0,1950,0
FINNIFTY30DEC2527400CE.NFO,2025-12-05,10:26:00,2025-12-30,668.3,668.3,668.3,668.3,0,1950,0
FINNIFTY30DEC2527400CE.NFO,2025-12-05,10:27:00,2025-12-30,668.3,668.3,668.3,668.3,0,1950,0
FINNIFTY30DEC2527400CE.NFO,2025-12-05,10:28:00,2025-12-30,668.3,668.3,668.3,668.3,0,1950,0
FINNIFTY30DEC2527400CE.NFO,2025-12-05,10:29:00,2025-12-30,668.3,668.3,668.3,668.3,0,1950,0
FINNIFTY30DEC2527400CE.NFO,2025-12-05,10:30:00,2025-12-30,668.3,668.3,668.3,668.3,0,1950,0
FINNIFTY30DEC2527400CE.NFO,2025-12-05,10:31:00,2025-12-30,668.3,668.3,668.3,668.3,0,1950,0
FINNIFTY30DEC2527400CE.NFO,2025-12-05,10:32:00,2025-12-30,668.3,668.3,668.3,668.3,0,1950,0
FINNIFTY30DEC2527400CE.NFO,2025-12-05,10:33:00,2025-12-30,668.3,668.3,656.0,656.0,65,1885,0
FINNIFTY30DEC2527400CE.NFO,2025-12-05,10:34:00,2025-12-30,656.0,656.0,656.0,656.0,0,1885,0
FINNIFTY30DEC2527400CE.NFO,2025-12-05,10:35:00,2025-12-30,656.0,656.0,656.0,656.0,0,1885,0
FINNIFTY30DEC2527400CE.NFO,2025-12-05,10:36:00,2025-12-30,656.0,656.0,656.0,656.0,0,1885,0
FINNIFTY30DEC2527400CE.NFO,2025-12-05,10:37:00,2025-12-30,656.0,656.0,651.6,651.6,65,1885,0
FINNIFTY30DEC2527400CE.NFO,2025-12-05,10:38:00,2025-12-30,651.6,651.6,651.6,651.6,0,1885,0
FINNIFTY30DEC2527400CE.NFO,2025-12-05,10:39:00,2025-12-30,651.6,651.6,651.6,651.6,0,1885,0
FINNIFTY30DEC2527400CE.NFO,2025-12-05,10:40:00,2025-12-30,651.6,651.6,651.6,651.6,0,1885,0
FINNIFTY30DEC2527400CE.NFO,2025-12-05,10:41:00,2025-12-30,651.6,651.6,651.6,651.6,0,1885,0
FINNIFTY30DEC2527400CE.NFO,2025-12-05,10:42:00,2025-12-30,651.6,651.6,651.6,651.6,0,1885,0
FINNIFTY30DEC2527400CE.NFO,2025-12-05,10:43:00,2025-12-30,651.6,651.6,651.6,651.6,0,1885,0
FINNIFTY30DEC2527400CE.NFO,2025-12-05,10:44:00,2025-12-30,651.6,651.6,651.6,651.6,0,1885,0
FINNIFTY30DEC2527400CE.NFO,2025-12-05,10:45:00,2025-12-30,651.6,651.6,651.6,651.6,0,1885,0
FINNIFTY30DEC2527400CE.NFO,2025-12-05,10:46:00,2025-12-30,651.6,651.6,651.6,651.6,0,1885,0
FINNIFTY30DEC2527400CE.NFO,2025-12-05,10:47:00,2025-12-30,651.6,651.6,651.6,651.6,0,1885,0
FINNIFTY30DEC2527400CE.NFO,2025-12-05,10:48:00,2025-12-30,651.6,651.6,651.6,651.6,0,1885,0
FINNIFTY30DEC2527400CE.NFO,2025-12-05,10:49:00,2025-12-30,651.6,651.6,651.6,651.6,0,1885,0
FINNIFTY30DEC2527400CE.NFO,2025-12-05,10:50:00,2025-12-30,651.6,651.6,651.6,651.6,0,1885,0
FINNIFTY30DEC2527400CE.NFO,2025-12-05,10:51:00,2025-12-30,651.6,651.6,651.6,651.6,0,1885,0
FINNIFTY30DEC2527400CE.NFO,2025-12-05,10:52:00,2025-12-30,651.6,651.6,651.6,651.6,0,1885,0
FINNIFTY30DEC2527400CE.NFO,2025-12-05,10:53:00,2025-12-30,651.6,651.6,651.6,651.6,0,1885,0
FINNIFTY30DEC2527400CE.NFO,2025-12-05,10:54:00,2025-12-30,651.6,651.6,651.6,651.6,0,1885,0
FINNIFTY30DEC2527400CE.NFO,2025-12-05,10:55:00,2025-12-30,651.6,651.6,651.6,651.6,0,1885,0
FINNIFTY30DEC2527400CE.NFO,2025-12-05,10:56:00,2025-12-30,651.6,651.6,651.6,651.6,0,1885,0
FINNIFTY30DEC2527400CE.NFO,2025-12-05,10:57:00,2025-12-30,651.6,651.6,651.6,651.6,0,1885,0
FINNIFTY30DEC2527400CE.NFO,2025-12-05,10:58:00,2025-12-30,651.6,651.6,651.6,651.6,0,1885,0
FINNIFTY30DEC2527400CE.NFO,2025-12-05,10:59:00,2025-12-30,651.6,651.6,651.6,651.6,0,1885,0
FINNIFTY30DEC2527400CE.NFO,2025-12-05,11:00:00,2025-12-30,651.6,651.6,651.6,651.6,0,1885,0
FINNIFTY30DEC2527400CE.NFO,2025-12-05,11:01:00,2025-12-30,651.6,651.6,651.6,651.6,0,1885,0
FINNIFTY30DEC2527400CE.NFO,2025-12-05,11:02:00,2025-12-30,651.6,705.0,651.6,705.0,65,1950,0
FINNIFTY30DEC2527400CE.NFO,2025-12-05,11:03:00,2025-12-30,705.0,705.0,705.0,705.0,0,1950,0
FINNIFTY30DEC2527400CE.NFO,2025-12-05,11:04:00,2025-12-30,705.0,705.0,705.0,705.0,0,1950,0
FINNIFTY30DEC2527400CE.NFO,2025-12-05,11:05:00,2025-12-30,705.0,705.0,699.0,699.0,65,1885,0
FINNIFTY30DEC2527400CE.NFO,2025-12-05,11:06:00,2025-12-30,699.0,699.0,699.0,699.0,0,1885,0
FINNIFTY30DEC2527400CE.NFO,2025-12-05,11:07:00,2025-12-30,699.0,699.0,699.0,699.0,0,1885,0
FINNIFTY30DEC2527400CE.NFO,2025-12-05,11:08:00,2025-12-30,699.0,699.0,699.0,699.0,0,1885,0
FINNIFTY30DEC2527400CE.NFO,2025-12-05,11:09:00,2025-12-30,699.0,699.0,699.0,699.0,0,1885,0
FINNIFTY30DEC2527400CE.NFO,2025-12-05,11:10:00,2025-12-30,699.0,699.0,699.0,699.0,0,1885,0
FINNIFTY30DEC2527400CE.NFO,2025-12-05,11:11:00,2025-12-30,699.0,699.0,699.0,699.0,0,1885,0
FINNIFTY30DEC2527400CE.NFO,2025-12-05,11:12:00,2025-12-30,699.0,699.0,699.0,699.0,0,1885,0
FINNIFTY30DEC2527400CE.NFO,2025-12-05,11:13:00,2025-12-30,699.0,699.0,699.0,699.0,0,1885,0
FINNIFTY30DEC2527400CE.NFO,2025-12-05,11:14:00,2025-12-30,699.0,699.0,699.0,699.0,0,1885,0
FINNIFTY30DEC2527400CE.NFO,2025-12-05,11:15:00,2025-12-30,699.0,699.0,699.0,699.0,0,1885,0
FINNIFTY30DEC2527400CE.NFO,2025-12-05,11:16:00,2025-12-30,699.0,699.0,699.0,699.0,0,1885,0
FINNIFTY30DEC2527400CE.NFO,2025-12-05,11:17:00,2025-12-30,699.0,699.0,699.0,699.0,0,1885,0
FINNIFTY30DEC2527400CE.NFO,2025-12-05,11:18:00,2025-12-30,699.0,699.0,699.0,699.0,0,1885,0
FINNIFTY30DEC2527400CE.NFO,2025-12-05,11:19:00,2025-12-30,699.0,699.0,699.0,699.0,0,1885,0
FINNIFTY30DEC2527400CE.NFO,2025-12-05,11:20:00,2025-12-30,699.0,699.0,699.0,699.0,0,1885,0
FINNIFTY30DEC2527400CE.NFO,2025-12-05,11:21:00,2025-12-30,699.0,699.0,699.0,699.0,0,1885,0
FINNIFTY30DEC2527400CE.NFO,2025-12-05,11:22:00,2025-12-30,699.0,699.0,699.0,699.0,0,1885,0
FINNIFTY30DEC2527400CE.NFO,2025-12-05,11:23:00,2025-12-30,699.0,699.0,699.0,699.0,0,1885,0
FINNIFTY30DEC2527400CE.NFO,2025-12-05,11:24:00,2025-12-30,699.0,699.0,699.0,699.0,0,1885,0
FINNIFTY30DEC2527400CE.NFO,2025-12-05,11:25:00,2025-12-30,699.0,699.0,699.0,699.0,0,1885,0
FINNIFTY30DEC2527400CE.NFO,2025-12-05,11:26:00,2025-12-30,699.0,699.0,699.0,699.0,0,1885,0
FINNIFTY30DEC2527400CE.NFO,2025-12-05,11:27:00,2025-12-30,699.0,699.0,699.0,699.0,0,1885,0
FINNIFTY30DEC2527400CE.NFO,2025-12-05,11:28:00,2025-12-30,699.0,699.0,699.0,699.0,0,1885,0
FINNIFTY30DEC2527400CE.NFO,2025-12-05,11:29:00,2025-12-30,699.0,699.0,699.0,699.0,0,1885,0
FINNIFTY30DEC2527400CE.NFO,2025-12-05,11:30:00,2025-12-30,699.0,699.0,699.0,699.0,0,1885,0
FINNIFTY30DEC2527400CE.NFO,2025-12-05,11:31:00,2025-12-30,699.0,699.0,699.0,699.0,0,1885,0
FINNIFTY30DEC2527400CE.NFO,2025-12-05,11:32:00,2025-12-30,699.0,699.0,699.0,699.0,0,1885,0
FINNIFTY30DEC2527400CE.NFO,2025-12-05,11:33:00,2025-12-30,699.0,699.0,699.0,699.0,0,1885,0
FINNIFTY30DEC2527400CE.NFO,2025-12-05,11:34:00,2025-12-30,699.0,699.0,699.0,699.0,0,1885,0
FINNIFTY30DEC2527400CE.NFO,2025-12-05,11:35:00,2025-12-30,699.0,699.0,699.0,699.0,0,1885,0
FINNIFTY30DEC2527400CE.NFO,2025-12-05,11:36:00,2025-12-30,699.0,699.0,699.0,699.0,0,1885,0
FINNIFTY30DEC2527400CE.NFO,2025-12-05,11:37:00,2025-12-30,699.0,699.0,699.0,699.0,0,1885,0
FINNIFTY30DEC2527400CE.NFO,2025-12-05,11:38:00,2025-12-30,699.0,699.0,699.0,699.0,0,1885,0
FINNIFTY30DEC2527400CE.NFO,2025-12-05,11:39:00,2025-12-30,699.0,699.0,699.0,699.0,0,1885,0
FINNIFTY30DEC2527400CE.NFO,2025-12-05,11:40:00,2025-12-30,699.0,699.0,699.0,699.0,0,1885,0
FINNIFTY30DEC2527400CE.NFO,2025-12-05,11:41:00,2025-12-30,699.0,699.0,699.0,699.0,0,1885,0
FINNIFTY30DEC2527400CE.NFO,2025-12-05,11:42:00,2025-12-30,699.0,699.0,699.0,699.0,0,1885,0
FINNIFTY30DEC2527400CE.NFO,2025-12-05,11:43:00,2025-12-30,699.0,699.0,699.0,699.0,0,1885,0
FINNIFTY30DEC2527400CE.NFO,2025-12-05,11:44:00,2025-12-30,699.0,699.0,699.0,699.0,0,1885,0
FINNIFTY30DEC2527400CE.NFO,2025-12-05,11:45:00,2025-12-30,699.0,699.0,699.0,699.0,0,1885,0
FINNIFTY30DEC2527400CE.NFO,2025-12-05,11:46:00,2025-12-30,699.0,699.0,699.0,699.0,0,1885,0
FINNIFTY30DEC2527400CE.NFO,2025-12-05,11:47:00,2025-12-30,699.0,699.0,699.0,699.0,0,1885,0
FINNIFTY30DEC2527400CE.NFO,2025-12-05,11:48:00,2025-12-30,699.0,699.0,699.0,699.0,0,1885,0
FINNIFTY30DEC2527400CE.NFO,2025-12-05,11:49:00,2025-12-30,699.0,699.0,699.0,699.0,0,1885,0
FINNIFTY30DEC2527400CE.NFO,2025-12-05,11:50:00,2025-12-30,699.0,699.0,699.0,699.0,0,1885,0
FINNIFTY30DEC2527400CE.NFO,2025-12-05,11:51:00,2025-12-30,699.0,699.0,699.0,699.0,0,1885,0
FINNIFTY30DEC2527400CE.NFO,2025-12-05,11:52:00,2025-12-30,699.0,699.0,699.0,699.0,0,1885,0
FINNIFTY30DEC2527400CE.NFO,2025-12-05,11:53:00,2025-12-30,699.0,699.0,699.0,699.0,0,1885,0
FINNIFTY30DEC2527400CE.NFO,2025-12-05,11:54:00,2025-12-30,699.0,699.0,699.0,699.0,0,1885,0
FINNIFTY30DEC2527400CE.NFO,2025-12-05,11:55:00,2025-12-30,699.0,699.0,699.0,699.0,0,1885,0
FINNIFTY30DEC2527400CE.NFO,2025-12-05,11:56:00,2025-12-30,699.0,699.0,699.0,699.0,0,1885,0
FINNIFTY30DEC2527400CE.NFO,2025-12-05,11:57:00,2025-12-30,699.0,699.0,699.0,699.0,0,1885,0
FINNIFTY30DEC2527400CE.NFO,2025-12-05,11:58:00,2025-12-30,699.0,699.0,699.0,699.0,0,1885,0
FINNIFTY30DEC2527400CE.NFO,2025-12-05,11:59:00,2025-12-30,699.0,699.0,699.0,699.0,0,1885,0
FINNIFTY30DEC2527400CE.NFO,2025-12-05,12:00:00,2025-12-30,699.0,699.0,699.0,699.0,0,1885,0
FINNIFTY30DEC2527400CE.NFO,2025-12-05,12:01:00,2025-12-30,699.0,699.0,699.0,699.0,0,1885,0
FINNIFTY30DEC2527400CE.NFO,2025-12-05,12:02:00,2025-12-30,699.0,699.0,699.0,699.0,0,1885,0
FINNIFTY30DEC2527400CE.NFO,2025-12-05,12:03:00,2025-12-30,699.0,699.0,699.0,699.0,0,1885,0
FINNIFTY30DEC2527400CE.NFO,2025-12-05,12:04:00,2025-12-30,699.0,699.0,699.0,699.0,0,1885,0
FINNIFTY30DEC2527400CE.NFO,2025-12-05,12:05:00,2025-12-30,699.0,699.0,699.0,699.0,0,1885,0
FINNIFTY30DEC2527400CE.NFO,2025-12-05,12:06:00,2025-12-30,699.0,699.0,699.0,699.0,0,1885,0
FINNIFTY30DEC2527400CE.NFO,2025-12-05,12:07:00,2025-12-30,699.0,699.0,699.0,699.0,0,1885,0
FINNIFTY30DEC2527400CE.NFO,2025-12-05,12:08:00,2025-12-30,699.0,699.0,699.0,699.0,0,1885,0
FINNIFTY30DEC2527400CE.NFO,2025-12-05,12:09:00,2025-12-30,699.0,699.0,699.0,699.0,0,1885,0
FINNIFTY30DEC2527400CE.NFO,2025-12-05,12:10:00,2025-12-30,699.0,699.0,699.0,699.0,0,1885,0
FINNIFTY30DEC2527400CE.NFO,2025-12-05,12:11:00,2025-12-30,699.0,699.0,699.0,699.0,0,1885,0
FINNIFTY30DEC2527400CE.NFO,2025-12-05,12:12:00,2025-12-30,699.0,699.0,699.0,699.0,0,1885,0
FINNIFTY30DEC2527400CE.NFO,2025-12-05,12:13:00,2025-12-30,699.0,699.0,699.0,699.0,0,1885,0
FINNIFTY30DEC2527400CE.NFO,2025-12-05,12:14:00,2025-12-30,699.0,699.0,699.0,699.0,0,1885,0
FINNIFTY30DEC2527400CE.NFO,2025-12-05,12:15:00,2025-12-30,699.0,699.0,699.0,699.0,0,1885,0
FINNIFTY30DEC2527400CE.NFO,2025-12-05,12:16:00,2025-12-30,699.0,699.0,699.0,699.0,0,1885,0
FINNIFTY30DEC2527400CE.NFO,2025-12-05,12:17:00,2025-12-30,699.0,699.0,699.0,699.0,0,1885,0
FINNIFTY30DEC2527400CE.NFO,2025-12-05,12:18:00,2025-12-30,699.0,699.0,699.0,699.0,0,1885,0
FINNIFTY30DEC2527400CE.NFO,2025-12-05,12:19:00,2025-12-30,699.0,699.0,699.0,699.0,0,1885,0
FINNIFTY30DEC2527400CE.NFO,2025-12-05,12:20:00,2025-12-30,699.0,699.0,699.0,699.0,0,1885,0
FINNIFTY30DEC2527400CE.NFO,2025-12-05,12:21:00,2025-12-30,699.0,699.0,699.0,699.0,0,1885,0
FINNIFTY30DEC2527400CE.NFO,2025-12-05,12:22:00,2025-12-30,699.0,699.0,699.0,699.0,0,1885,0
FINNIFTY30DEC2527400CE.NFO,2025-12-05,12:23:00,2025-12-30,699.0,699.0,699.0,699.0,0,1885,0
FINNIFTY30DEC2527400CE.NFO,2025-12-05,12:24:00,2025-12-30,699.0,699.0,699.0,699.0,0,1885,0
FINNIFTY30DEC2527400CE.NFO,2025-12-05,12:25:00,2025-12-30,699.0,699.0,699.0,699.0,0,1885,0
FINNIFTY30DEC2527400CE.NFO,2025-12-05,12:26:00,2025-12-30,699.0,699.0,699.0,699.0,0,1885,0
FINNIFTY30DEC2527400CE.NFO,2025-12-05,12:27:00,2025-12-30,699.0,699.0,699.0,699.0,0,1885,0
FINNIFTY30DEC2527400CE.NFO,2025-12-05,12:28:00,2025-12-30,699.0,699.0,699.0,699.0,0,1885,0
FINNIFTY30DEC2527400CE.NFO,2025-12-05,12:29:00,2025-12-30,699.0,699.0,699.0,699.0,0,1885,0
FINNIFTY30DEC2527400CE.NFO,2025-12-05,12:30:00,2025-12-30,699.0,699.0,699.0,699.0,0,1885,0
FINNIFTY30DEC2527400CE.NFO,2025-12-05,12:31:00,2025-12-30,699.0,699.0,699.0,699.0,0,1885,0
FINNIFTY30DEC2527400CE.NFO,2025-12-05,12:32:00,2025-12-30,699.0,699.0,699.0,699.0,0,1885,0
FINNIFTY30DEC2527400CE.NFO,2025-12-05,12:33:00,2025-12-30,699.0,699.0,699.0,699.0,0,1885,0
FINNIFTY30DEC2527400CE.NFO,2025-12-05,12:34:00,2025-12-30,699.0,699.0,699.0,699.0,0,1885,0
FINNIFTY30DEC2527400CE.NFO,2025-12-05,12:35:00,2025-12-30,699.0,699.0,699.0,699.0,0,1885,0
FINNIFTY30DEC2527400CE.NFO,2025-12-05,12:36:00,2025-12-30,699.0,699.0,699.0,699.0,0,1885,0
FINNIFTY30DEC2527400CE.NFO,2025-12-05,12:37:00,2025-12-30,699.0,699.0,699.0,699.0,0,1885,0
FINNIFTY30DEC2527400CE.NFO,2025-12-05,12:38:00,2025-12-30,699.0,699.0,699.0,699.0,0,1885,0
FINNIFTY30DEC2527400CE.NFO,2025-12-05,12:39:00,2025-12-30,699.0,699.0,699.0,699.0,0,1885,0
FINNIFTY30DEC2527400CE.NFO,2025-12-05,12:40:00,2025-12-30,699.0,699.0,699.0,699.0,0,1885,0
FINNIFTY30DEC2527400CE.NFO,2025-12-05,12:41:00,2025-12-30,699.0,699.0,699.0,699.0,0,1885,0
FINNIFTY30DEC2527400CE.NFO,2025-12-05,12:42:00,2025-12-30,699.0,699.0,699.0,699.0,0,1885,0
FINNIFTY30DEC2527400CE.NFO,2025-12-05,12:43:00,2025-12-30,699.0,699.0,699.0,699.0,0,1885,0
FINNIFTY30DEC2527400CE.NFO,2025-12-05,12:44:00,2025-12-30,699.0,699.0,699.0,699.0,0,1885,0
FINNIFTY30DEC2527400CE.NFO,2025-12-05,12:45:00,2025-12-30,699.0,699.0,699.0,699.0,0,1885,0
FINNIFTY30DEC2527400CE.NFO,2025-12-05,12:46:00,2025-12-30,699.0,699.0,699.0,699.0,0,1885,0
FINNIFTY30DEC2527400CE.NFO,2025-12-05,12:47:00,2025-12-30,699.0,699.0,699.0,699.0,0,1885,0
FINNIFTY30DEC2527400CE.NFO,2025-12-05,12:48:00,2025-12-30,699.0,699.0,699.0,699.0,0,1885,0
FINNIFTY30DEC2527400CE.NFO,2025-12-05,12:49:00,2025-12-30,699.0,699.0,699.0,699.0,0,1885,0
FINNIFTY30DEC2527400CE.NFO,2025-12-05,12:50:00,2025-12-30,699.0,699.0,699.0,699.0,0,1885,0
FINNIFTY30DEC2527400CE.NFO,2025-12-05,12:51:00,2025-12-30,699.0,699.0,699.0,699.0,0,1885,0
FINNIFTY30DEC2527400CE.NFO,2025-12-05,12:52:00,2025-12-30,699.0,699.0,699.0,699.0,0,1885,0
FINNIFTY30DEC2527400CE.NFO,2025-12-05,12:53:00,2025-12-30,699.0,699.0,699.0,699.0,0,1885,0
FINNIFTY30DEC2527400CE.NFO,2025-12-05,12:54:00,2025-12-30,699.0,699.0,699.0,699.0,0,1885,0
FINNIFTY30DEC2527400CE.NFO,2025-12-05,12:55:00,2025-12-30,699.0,699.0,699.0,699.0,0,1885,0
FINNIFTY30DEC2527400CE.NFO,2025-12-05,12:56:00,2025-12-30,699.0,699.0,699.0,699.0,0,1885,0
FINNIFTY30DEC2527400CE.NFO,2025-12-05,12:57:00,2025-12-30,699.0,699.0,699.0,699.0,0,1885,0
FINNIFTY30DEC2527400CE.NFO,2025-12-05,12:58:00,2025-12-30,699.0,699.0,699.0,699.0,0,1885,0
FINNIFTY30DEC2527400CE.NFO,2025-12-05,12:59:00,2025-12-30,736.3,736.3,736.3,736.3,65,1950,0
FINNIFTY30DEC2527400CE.NFO,2025-12-05,13:00:00,2025-12-30,736.3,736.3,736.3,736.3,0,1950,0
FINNIFTY30DEC2527400CE.NFO,2025-12-05,13:01:00,2025-12-30,736.3,736.3,736.3,736.3,0,1950,0
FINNIFTY30DEC2527400CE.NFO,2025-12-05,13:02:00,2025-12-30,736.3,736.3,736.3,736.3,0,1950,0
FINNIFTY30DEC2527400CE.NFO,2025-12-05,13:03:00,2025-12-30,736.3,736.3,736.3,736.3,0,1950,0
FINNIFTY30DEC2527400CE.NFO,2025-12-05,13:04:00,2025-12-30,736.3,736.3,736.3,736.3,0,1950,0
FINNIFTY30DEC2527400CE.NFO,2025-12-05,13:05:00,2025-12-30,736.3,746.3,736.3,746.3,65,1885,0
FINNIFTY30DEC2527400CE.NFO,2025-12-05,13:06:00,2025-12-30,746.3,746.3,746.3,746.3,0,1885,0
FINNIFTY30DEC2527400CE.NFO,2025-12-05,13:07:00,2025-12-30,746.3,746.3,746.3,746.3,0,1885,0
FINNIFTY30DEC2527400CE.NFO,2025-12-05,13:08:00,2025-12-30,746.3,746.3,746.3,746.3,0,1885,0
FINNIFTY30DEC2527400CE.NFO,2025-12-05,13:09:00,2025-12-30,746.3,746.3,746.3,746.3,0,1885,0
FINNIFTY30DEC2527400CE.NFO,2025-12-05,13:10:00,2025-12-30,746.3,746.3,746.3,746.3,0,1885,0
FINNIFTY30DEC2527400CE.NFO,2025-12-05,13:11:00,2025-12-30,746.3,746.3,746.3,746.3,0,1885,0
FINNIFTY30DEC2527400CE.NFO,2025-12-05,13:12:00,2025-12-30,746.3,746.3,746.3,746.3,0,1885,0
FINNIFTY30DEC2527400CE.NFO,2025-12-05,13:13:00,2025-12-30,746.3,746.3,746.3,746.3,0,1885,0
FINNIFTY30DEC2527400CE.NFO,2025-12-05,13:14:00,2025-12-30,746.3,746.3,746.3,746.3,0,1885,0
FINNIFTY30DEC2527400CE.NFO,2025-12-05,13:15:00,2025-12-30,746.3,746.3,746.3,746.3,0,1885,0
FINNIFTY30DEC2527400CE.NFO,2025-12-05,13:16:00,2025-12-30,746.3,746.3,746.3,746.3,0,1885,0
FINNIFTY30DEC2527400CE.NFO,2025-12-05,13:17:00,2025-12-30,746.3,746.3,746.3,746.3,0,1885,0
FINNIFTY30DEC2527400CE.NFO,2025-12-05,13:18:00,2025-12-30,746.3,746.3,746.3,746.3,0,1885,0
FINNIFTY30DEC2527400CE.NFO,2025-12-05,13:19:00,2025-12-30,746.3,746.3,746.3,746.3,0,1885,0
FINNIFTY30DEC2527400CE.NFO,2025-12-05,13:20:00,2025-12-30,746.3,746.3,746.3,746.3,0,1885,0
FINNIFTY30DEC2527400CE.NFO,2025-12-05,13:21:00,2025-12-30,746.3,746.3,746.3,746.3,0,1885,0
FINNIFTY30DEC2527400CE.NFO,2025-12-05,13:22:00,2025-12-30,746.3,746.3,746.3,746.3,0,1885,0
FINNIFTY30DEC2527400CE.NFO,2025-12-05,13:23:00,2025-12-30,746.3,746.3,746.3,746.3,0,1885,0
FINNIFTY30DEC2527400CE.NFO,2025-12-05,13:24:00,2025-12-30,746.3,746.3,746.3,746.3,0,1885,0
FINNIFTY30DEC2527400CE.NFO,2025-12-05,13:25:00,2025-12-30,746.3,746.3,746.3,746.3,0,1885,0
FINNIFTY30DEC2527400CE.NFO,2025-12-05,13:26:00,2025-12-30,746.3,746.3,746.3,746.3,0,1885,0
FINNIFTY30DEC2527400CE.NFO,2025-12-05,13:27:00,2025-12-30,746.3,746.3,746.3,746.3,0,1885,0
FINNIFTY30DEC2527400CE.NFO,2025-12-05,13:28:00,2025-12-30,746.3,746.3,746.3,746.3,0,1885,0
FINNIFTY30DEC2527400CE.NFO,2025-12-05,13:29:00,2025-12-30,746.3,746.3,746.3,746.3,0,1885,0
FINNIFTY30DEC2527400CE.NFO,2025-12-05,13:30:00,2025-12-30,746.3,746.3,746.3,746.3,0,1885,0
FINNIFTY30DEC2527400CE.NFO,2025-12-05,13:31:00,2025-12-30,746.3,746.3,746.3,746.3,0,1885,0
FINNIFTY30DEC2527400CE.NFO,2025-12-05,13:32:00,2025-12-30,746.3,746.3,746.3,746.3,0,1885,0
FINNIFTY30DEC2527400CE.NFO,2025-12-05,13:33:00,2025-12-30,746.3,746.3,746.3,746.3,0,1885,0
FINNIFTY30DEC2527400CE.NFO,2025-12-05,13:34:00,2025-12-30,746.3,746.3,746.3,746.3,0,1885,0
FINNIFTY30DEC2527400CE.NFO,2025-12-05,13:35:00,2025-12-30,746.3,746.3,746.3,746.3,0,1885,0
FINNIFTY30DEC2527400CE.NFO,2025-12-05,13:36:00,2025-12-30,746.3,746.3,746.3,746.3,0,1885,0
FINNIFTY30DEC2527400CE.NFO,2025-12-05,13:37:00,2025-12-30,746.3,746.3,746.3,746.3,0,1885,0
FINNIFTY30DEC2527400CE.NFO,2025-12-05,13:38:00,2025-12-30,746.3,746.3,746.3,746.3,0,1885,0
FINNIFTY30DEC2527400CE.NFO,2025-12-05,13:39:00,2025-12-30,746.3,746.3,746.3,746.3,0,1885,0
FINNIFTY30DEC2527400CE.NFO,2025-12-05,13:40:00,2025-12-30,746.3,746.3,746.3,746.3,0,1885,0
FINNIFTY30DEC2527400CE.NFO,2025-12-05,13:41:00,2025-12-30,746.3,746.3,746.3,746.3,0,1885,0
FINNIFTY30DEC2527400CE.NFO,2025-12-05,13:42:00,2025-12-30,746.3,746.3,746.3,746.3,0,1885,0
FINNIFTY30DEC2527400CE.NFO,2025-12-05,13:43:00,2025-12-30,746.3,746.3,746.3,746.3,0,1885,0
FINNIFTY30DEC2527400CE.NFO,2025-12-05,13:44:00,2025-12-30,746.3,746.3,746.3,746.3,0,1885,0
FINNIFTY30DEC2527400CE.NFO,2025-12-05,13:45:00,2025-12-30,746.3,746.3,746.3,746.3,0,1885,0
FINNIFTY30DEC2527400CE.NFO,2025-12-05,13:46:00,2025-12-30,746.3,746.3,746.3,746.3,0,1885,0
FINNIFTY30DEC2527400CE.NFO,2025-12-05,13:47:00,2025-12-30,746.3,746.3,746.3,746.3,0,1885,0
FINNIFTY30DEC2527400CE.NFO,2025-12-05,13:48:00,2025-12-30,746.3,746.3,728.95,728.95,130,1820,0
FINNIFTY30DEC2527400CE.NFO,2025-12-05,13:49:00,2025-12-30,728.95,728.95,728.95,728.95,0,1820,0
FINNIFTY30DEC2527400CE.NFO,2025-12-05,13:50:00,2025-12-30,728.95,728.95,728.95,728.95,0,1820,0
FINNIFTY30DEC2527400CE.NFO,2025-12-05,13:51:00,2025-12-30,728.95,728.95,728.95,728.95,0,1820,0
FINNIFTY30DEC2527400CE.NFO,2025-12-05,13:52:00,2025-12-30,728.95,728.95,728.95,728.95,0,1820,0
FINNIFTY30DEC2527400CE.NFO,2025-12-05,13:53:00,2025-12-30,728.95,728.95,728.95,728.95,0,1820,0
FINNIFTY30DEC2527400CE.NFO,2025-12-05,13:54:00,2025-12-30,728.95,728.95,728.95,728.95,0,1820,0
FINNIFTY30DEC2527400CE.NFO,2025-12-05,13:55:00,2025-12-30,728.95,728.95,728.95,728.95,0,1820,0
FINNIFTY30DEC2527400CE.NFO,2025-12-05,13:56:00,2025-12-30,728.95,728.95,728.95,728.95,0,1820,0
FINNIFTY30DEC2527400CE.NFO,2025-12-05,13:57:00,2025-12-30,728.95,728.95,728.95,728.95,0,1820,0
FINNIFTY30DEC2527400CE.NFO,2025-12-05,13:58:00,2025-12-30,728.95,728.95,728.95,728.95,0,1820,0
FINNIFTY30DEC2527400CE.NFO,2025-12-05,13:59:00,2025-12-30,728.95,728.95,728.95,728.95,0,1820,0
FINNIFTY30DEC2527400CE.NFO,2025-12-05,14:00:00,2025-12-30,728.95,728.95,728.95,728.95,0,1820,0
FINNIFTY30DEC2527400CE.NFO,2025-12-05,14:01:00,2025-12-30,728.95,728.95,728.95,728.95,0,1820,0
FINNIFTY30DEC2527400CE.NFO,2025-12-05,14:02:00,2025-12-30,728.95,728.95,728.95,728.95,0,1820,0
FINNIFTY30DEC2527400CE.NFO,2025-12-05,14:03:00,2025-12-30,728.95,728.95,718.0,718.0,130,1820,0
FINNIFTY30DEC2527400CE.NFO,2025-12-05,14:04:00,2025-12-30,718.0,718.0,718.0,718.0,0,1820,0
FINNIFTY30DEC2527400CE.NFO,2025-12-05,14:05:00,2025-12-30,718.0,718.0,713.0,713.0,130,1950,0
FINNIFTY30DEC2527400CE.NFO,2025-12-05,14:06:00,2025-12-30,713.0,713.0,713.0,713.0,0,1950,0
FINNIFTY30DEC2527400CE.NFO,2025-12-05,14:07:00,2025-12-30,713.0,713.0,710.0,710.0,130,1950,0
FINNIFTY30DEC2527400CE.NFO,2025-12-05,14:08:00,2025-12-30,710.0,710.0,710.0,710.0,0,1950,0
FINNIFTY30DEC2527400CE.NFO,2025-12-05,14:09:00,2025-12-30,710.0,710.0,710.0,710.0,0,1950,0
FINNIFTY30DEC2527400CE.NFO,2025-12-05,14:10:00,2025-12-30,710.0,710.0,710.0,710.0,0,1950,0
FINNIFTY30DEC2527400CE.NFO,2025-12-05,14:11:00,2025-12-30,710.0,710.0,710.0,710.0,0,1950,0
FINNIFTY30DEC2527400CE.NFO,2025-12-05,14:12:00,2025-12-30,710.0,710.0,710.0,710.0,0,1950,0
FINNIFTY30DEC2527400CE.NFO,2025-12-05,14:13:00,2025-12-30,710.0,710.0,710.0,710.0,0,1950,0
FINNIFTY30DEC2527400CE.NFO,2025-12-05,14:14:00,2025-12-30,710.0,710.0,710.0,710.0,0,1950,0
FINNIFTY30DEC2527400CE.NFO,2025-12-05,14:15:00,2025-12-30,710.0,710.0,710.0,710.0,0,1950,0
FINNIFTY30DEC2527400CE.NFO,2025-12-05,14:16:00,2025-12-30,710.0,710.0,710.0,710.0,0,1950,0
FINNIFTY30DEC2527400CE.NFO,2025-12-05,14:17:00,2025-12-30,710.0,710.0,710.0,710.0,0,1950,0
FINNIFTY30DEC2527400CE.NFO,2025-12-05,14:18:00,2025-12-30,710.0,710.0,710.0,710.0,0,1950,0
FINNIFTY30DEC2527400CE.NFO,2025-12-05,14:19:00,2025-12-30,710.0,710.0,710.0,710.0,0,1950,0
FINNIFTY30DEC2527400CE.NFO,2025-12-05,14:20:00,2025-12-30,710.0,710.0,710.0,710.0,0,1950,0
FINNIFTY30DEC2527400CE.NFO,2025-12-05,14:21:00,2025-12-30,710.0,710.0,710.0,710.0,0,1950,0
FINNIFTY30DEC2527400CE.NFO,2025-12-05,14:22:00,2025-12-30,710.0,710.0,710.0,710.0,0,1950,0
FINNIFTY30DEC2527400CE.NFO,2025-12-05,14:23:00,2025-12-30,710.0,710.0,710.0,710.0,0,1950,0
FINNIFTY30DEC2527400CE.NFO,2025-12-05,14:24:00,2025-12-30,710.0,710.0,710.0,710.0,0,1950,0
FINNIFTY30DEC2527400CE.NFO,2025-12-05,14:25:00,2025-12-30,710.0,710.0,710.0,710.0,0,1950,0
FINNIFTY30DEC2527400CE.NFO,2025-12-05,14:26:00,2025-12-30,710.0,710.0,710.0,710.0,0,1950,0
FINNIFTY30DEC2527400CE.NFO,2025-12-05,14:27:00,2025-12-30,710.0,710.0,710.0,710.0,0,1950,0
FINNIFTY30DEC2527400CE.NFO,2025-12-05,14:28:00,2025-12-30,710.0,710.0,710.0,710.0,0,1950,0
FINNIFTY30DEC2527400CE.NFO,2025-12-05,14:29:00,2025-12-30,710.0,710.0,710.0,710.0,0,1950,0
FINNIFTY30DEC2527400CE.NFO,2025-12-05,14:30:00,2025-12-30,710.0,710.0,710.0,710.0,0,1950,0
FINNIFTY30DEC2527400CE.NFO,2025-12-05,14:31:00,2025-12-30,710.0,710.0,710.0,710.0,0,1950,0
FINNIFTY30DEC2527400CE.NFO,2025-12-05,14:32:00,2025-12-30,710.0,710.0,710.0,710.0,0,1950,0
FINNIFTY30DEC2527400CE.NFO,2025-12-05,14:33:00,2025-12-30,710.0,710.0,710.0,710.0,0,1950,0
FINNIFTY30DEC2527400CE.NFO,2025-12-05,14:34:00,2025-12-30,710.0,710.0,710.0,710.0,0,1950,0
FINNIFTY30DEC2527400CE.NFO,2025-12-05,14:35:00,2025-12-30,710.0,710.0,710.0,710.0,0,1950,0
FINNIFTY30DEC2527400CE.NFO,2025-12-05,14:36:00,2025-12-30,710.0,710.0,710.0,710.0,0,1950,0
FINNIFTY30DEC2527400CE.NFO,2025-12-05,14:37:00,2025-12-30,710.0,710.0,710.0,710.0,0,1950,0
FINNIFTY30DEC2527400CE.NFO,2025-12-05,14:38:00,2025-12-30,710.0,710.0,710.0,710.0,0,1950,0
FINNIFTY30DEC2527400CE.NFO,2025-12-05,14:39:00,2025-12-30,710.0,710.0,710.0,710.0,0,1950,0
FINNIFTY30DEC2527400CE.NFO,2025-12-05,14:40:00,2025-12-30,710.0,710.0,710.0,710.0,0,1950,0
FINNIFTY30DEC2527400CE.NFO,2025-12-05,14:41:00,2025-12-30,710.0,710.0,710.0,710.0,0,1950,0
FINNIFTY30DEC2527400CE.NFO,2025-12-05,14:42:00,2025-12-30,710.0,710.0,710.0,710.0,0,1950,0
FINNIFTY30DEC2527400CE.NFO,2025-12-05,14:43:00,2025-12-30,710.0,710.0,710.0,710.0,0,1950,0
FINNIFTY30DEC2527400CE.NFO,2025-12-05,14:44:00,2025-12-30,710.0,710.0,710.0,710.0,0,1950,0
FINNIFTY30DEC2527400CE.NFO,2025-12-05,14:45:00,2025-12-30,710.0,710.0,710.0,710.0,0,1950,0
FINNIFTY30DEC2527400CE.NFO,2025-12-05,14:46:00,2025-12-30,710.0,710.0,710.0,710.0,0,1950,0
FINNIFTY30DEC2527400CE.NFO,2025-12-05,14:47:00,2025-12-30,710.0,710.0,710.0,710.0,0,1950,0
FINNIFTY30DEC2527400CE.NFO,2025-12-05,14:48:00,2025-12-30,710.0,710.0,710.0,710.0,0,1950,0
FINNIFTY30DEC2527400CE.NFO,2025-12-05,14:49:00,2025-12-30,710.0,710.0,710.0,710.0,0,1950,0
FINNIFTY30DEC2527400CE.NFO,2025-12-05,14:50:00,2025-12-30,710.0,710.0,710.0,710.0,0,1950,0
FINNIFTY30DEC2527400CE.NFO,2025-12-05,14:51:00,2025-12-30,710.0,710.0,698.0,698.0,65,2210,0
FINNIFTY30DEC2527400CE.NFO,2025-12-05,14:52:00,2025-12-30,698.0,698.0,698.0,698.0,0,2210,0
FINNIFTY30DEC2527400CE.NFO,2025-12-05,14:53:00,2025-12-30,698.0,698.0,698.0,698.0,0,2210,0
FINNIFTY30DEC2527400CE.NFO,2025-12-05,14:54:00,2025-12-30,698.0,698.0,698.0,698.0,0,2210,0
FINNIFTY30DEC2527400CE.NFO,2025-12-05,14:55:00,2025-12-30,698.0,698.0,698.0,698.0,0,2210,0
FINNIFTY30DEC2527400CE.NFO,2025-12-05,14:56:00,2025-12-30,698.0,698.0,698.0,698.0,0,2210,0
FINNIFTY30DEC2527400CE.NFO,2025-12-05,14:57:00,2025-12-30,698.0,698.0,698.0,698.0,0,2210,0
FINNIFTY30DEC2527400CE.NFO,2025-12-05,14:58:00,2025-12-30,698.0,698.0,698.0,698.0,0,2210,0
FINNIFTY30DEC2527400CE.NFO,2025-12-05,14:59:00,2025-12-30,698.0,698.0,698.0,698.0,0,2210,0
FINNIFTY30DEC2527400CE.NFO,2025-12-05,15:00:00,2025-12-30,713.2,713.2,713.2,713.2,65,2275,0
FINNIFTY30DEC2527400CE.NFO,2025-12-05,15:01:00,2025-12-30,713.2,713.2,713.2,713.2,0,2275,0
FINNIFTY30DEC2527400CE.NFO,2025-12-05,15:02:00,2025-12-30,713.2,713.2,713.2,713.2,0,2275,0
FINNIFTY30DEC2527400CE.NFO,2025-12-05,15:03:00,2025-12-30,713.2,713.2,713.2,713.2,0,2275,0
FINNIFTY30DEC2527400CE.NFO,2025-12-05,15:04:00,2025-12-30,713.2,713.2,713.2,713.2,0,2275,0
FINNIFTY30DEC2527400CE.NFO,2025-12-05,15:05:00,2025-12-30,713.2,713.2,713.2,713.2,0,2275,0
FINNIFTY30DEC2527400CE.NFO,2025-12-05,15:06:00,2025-12-30,713.2,713.2,713.2,713.2,0,2275,0
FINNIFTY30DEC2527400CE.NFO,2025-12-05,15:07:00,2025-12-30,713.2,713.2,713.2,713.2,0,2275,0
FINNIFTY30DEC2527400CE.NFO,2025-12-05,15:08:00,2025-12-30,713.2,713.2,713.2,713.2,0,2275,0
FINNIFTY30DEC2527400CE.NFO,2025-12-05,15:09:00,2025-12-30,713.2,713.2,713.2,713.2,0,2275,0
FINNIFTY30DEC2527400CE.NFO,2025-12-05,15:10:00,2025-12-30,713.2,713.2,713.2,713.2,0,2275,0
FINNIFTY30DEC2527400CE.NFO,2025-12-05,15:11:00,2025-12-30,713.2,713.2,713.2,713.2,0,2275,0
FINNIFTY30DEC2527400CE.NFO,2025-12-05,15:12:00,2025-12-30,713.2,713.2,713.2,713.2,0,2275,0
FINNIFTY30DEC2527400CE.NFO,2025-12-05,15:13:00,2025-12-30,713.2,713.2,713.2,713.2,0,2275,0
FINNIFTY30DEC2527400CE.NFO,2025-12-05,15:14:00,2025-12-30,713.2,713.2,713.2,713.2,0,2275,0
FINNIFTY30DEC2527400CE.NFO,2025-12-05,15:15:00,2025-12-30,713.2,713.2,713.2,713.2,0,2275,0
FINNIFTY30DEC2527400CE.NFO,2025-12-05,15:16:00,2025-12-30,713.2,713.2,713.2,713.2,0,2275,0
FINNIFTY30DEC2527400CE.NFO,2025-12-05,15:17:00,2025-12-30,713.2,713.2,713.2,713.2,0,2275,0
FINNIFTY30DEC2527400CE.NFO,2025-12-05,15:18:00,2025-12-30,713.2,713.2,713.2,713.2,0,2275,0
FINNIFTY30DEC2527400CE.NFO,2025-12-05,15:19:00,2025-12-30,713.2,713.2,713.2,713.2,0,2275,0
FINNIFTY30DEC2527400CE.NFO,2025-12-05,15:20:00,2025-12-30,713.2,713.2,713.2,713.2,0,2275,0
FINNIFTY30DEC2527400CE.NFO,2025-12-05,15:21:00,2025-12-30,713.2,713.2,713.2,713.2,0,2275,0
FINNIFTY30DEC2527400CE.NFO,2025-12-05,15:22:00,2025-12-30,713.2,713.2,713.2,713.2,0,2275,0
FINNIFTY30DEC2527400CE.NFO,2025-12-05,15:23:00,2025-12-30,713.2,713.2,713.2,713.2,0,2275,0
FINNIFTY30DEC2527400CE.NFO,2025-12-05,15:24:00,2025-12-30,713.2,713.2,713.2,713.2,0,2275,0
FINNIFTY30DEC2527400CE.NFO,2025-12-05,15:25:00,2025-12-30,713.2,713.2,713.2,713.2,0,2275,0
FINNIFTY30DEC2527400CE.NFO,2025-12-05,15:26:00,2025-12-30,713.2,713.2,713.2,713.2,0,2275,0
FINNIFTY30DEC2527400CE.NFO,2025-12-05,15:27:00,2025-12-30,713.2,713.2,713.2,713.2,0,2275,0
FINNIFTY30DEC2527400CE.NFO,2025-12-05,15:28:00,2025-12-30,713.2,713.2,713.2,713.2,0,2275,0
FINNIFTY30DEC2527400CE.NFO,2025-12-05,15:29:00,2025-12-30,713.2,713.2,713.2,713.2,0,2275,0
FINNIFTY30DEC2527400CE.NFO,2025-12-05,15:30:00,2025-12-30,713.2,713.2,713.2,713.2,0,2275,1
FINNIFTY30DEC2527400CE.NFO,2025-12-08,09:15:00,2025-12-30,685.2,685.2,685.2,685.2,0,2275,1
FINNIFTY30DEC2527400CE.NFO,2025-12-08,09:16:00,2025-12-30,685.2,685.2,685.2,685.2,0,2275,1
FINNIFTY30DEC2527400CE.NFO,2025-12-08,09:17:00,2025-12-30,685.2,685.2,685.2,685.2,0,2275,1
FINNIFTY30DEC2527400CE.NFO,2025-12-08,09:18:00,2025-12-30,685.2,685.2,685.2,685.2,0,2275,1
FINNIFTY30DEC2527400CE.NFO,2025-12-08,09:19:00,2025-12-30,685.2,685.2,685.2,685.2,0,2275,1
FINNIFTY30DEC2527400CE.NFO,2025-12-08,09:20:00,2025-12-30,685.2,685.2,685.2,685.2,0,2275,1
FINNIFTY30DEC2527400CE.NFO,2025-12-08,09:21:00,2025-12-30,685.2,685.2,685.2,685.2,0,2275,1
FINNIFTY30DEC2527400CE.NFO,2025-12-08,09:22:00,2025-12-30,685.2,685.2,685.2,685.2,0,2275,1
FINNIFTY30DEC2527400CE.NFO,2025-12-08,09:23:00,2025-12-30,685.2,685.2,685.2,685.2,0,2275,1
FINNIFTY30DEC2527400CE.NFO,2025-12-08,09:24:00,2025-12-30,685.2,685.2,685.2,685.2,0,2275,1
FINNIFTY30DEC2527400CE.NFO,2025-12-08,09:25:00,2025-12-30,685.2,685.2,685.2,685.2,0,2275,1
FINNIFTY30DEC2527400CE.NFO,2025-12-08,09:26:00,2025-12-30,685.2,685.2,685.2,685.2,0,2275,1
FINNIFTY30DEC2527400CE.NFO,2025-12-08,09:27:00,2025-12-30,685.2,685.2,685.2,685.2,0,2275,1
FINNIFTY30DEC2527400CE.NFO,2025-12-08,09:28:00,2025-12-30,685.2,685.2,685.2,685.2,0,2275,1
FINNIFTY30DEC2527400CE.NFO,2025-12-08,09:29:00,2025-12-30,685.2,685.2,685.2,685.2,0,2275,1
FINNIFTY30DEC2527400CE.NFO,2025-12-08,09:30:00,2025-12-30,685.2,685.2,685.2,685.2,0,2275,1
FINNIFTY30DEC2527400CE.NFO,2025-12-08,09:31:00,2025-12-30,685.2,685.2,685.2,685.2,0,2275,1
FINNIFTY30DEC2527400CE.NFO,2025-12-08,09:32:00,2025-12-30,685.2,685.2,685.2,685.2,0,2275,1
FINNIFTY30DEC2527400CE.NFO,2025-12-08,09:33:00,2025-12-30,685.2,685.2,685.2,685.2,0,2275,1
FINNIFTY30DEC2527400CE.NFO,2025-12-08,09:34:00,2025-12-30,685.2,685.2,685.2,685.2,0,2275,1
FINNIFTY30DEC2527400CE.NFO,2025-12-08,09:35:00,2025-12-30,685.2,685.2,685.2,685.2,0,2275,1
FINNIFTY30DEC2527400CE.NFO,2025-12-08,09:36:00,2025-12-30,685.2,685.2,685.2,685.2,0,2275,0
FINNIFTY30DEC2527400CE.NFO,2025-12-08,09:37:00,2025-12-30,685.2,685.2,685.2,685.2,0,2275,0
FINNIFTY30DEC2527400CE.NFO,2025-12-08,09:38:00,2025-12-30,685.2,685.2,685.2,685.2,0,2275,0
FINNIFTY30DEC2527400CE.NFO,2025-12-08,09:39:00,2025-12-30,685.2,685.2,685.2,685.2,0,2275,0
FINNIFTY30DEC2527400CE.NFO,2025-12-08,09:40:00,2025-12-30,685.2,685.2,685.2,685.2,0,2275,0
FINNIFTY30DEC2527400CE.NFO,2025-12-08,09:41:00,2025-12-30,685.2,685.2,685.2,685.2,0,2275,0
FINNIFTY30DEC2527400CE.NFO,2025-12-08,09:42:00,2025-12-30,685.2,685.2,685.2,685.2,0,2275,0
FINNIFTY30DEC2527400CE.NFO,2025-12-08,09:43:00,2025-12-30,685.2,685.2,685.2,685.2,0,2275,0
FINNIFTY30DEC2527400CE.NFO,2025-12-08,09:44:00,2025-12-30,685.2,685.2,685.2,685.2,0,2275,0
FINNIFTY30DEC2527400CE.NFO,2025-12-08,09:45:00,2025-12-30,685.2,685.2,685.2,685.2,0,2275,0
FINNIFTY30DEC2527400CE.NFO,2025-12-08,09:46:00,2025-12-30,685.2,685.2,685.2,685.2,0,2275,0
FINNIFTY30DEC2527400CE.NFO,2025-12-08,09:47:00,2025-12-30,685.2,685.2,685.2,685.2,0,2275,0
FINNIFTY30DEC2527400CE.NFO,2025-12-08,09:48:00,2025-12-30,685.2,685.2,685.2,685.2,0,2275,0
FINNIFTY30DEC2527400CE.NFO,2025-12-08,09:49:00,2025-12-30,685.2,685.2,685.2,685.2,0,2275,0
FINNIFTY30DEC2527400CE.NFO,2025-12-08,09:50:00,2025-12-30,685.2,685.2,685.2,685.2,0,2275,0
FINNIFTY30DEC2527400CE.NFO,2025-12-08,09:51:00,2025-12-30,685.2,685.2,685.2,685.2,0,2275,0
FINNIFTY30DEC2527400CE.NFO,2025-12-08,09:52:00,2025-12-30,685.2,685.2,685.2,685.2,0,2275,0
FINNIFTY30DEC2527400CE.NFO,2025-12-08,09:53:00,2025-12-30,685.2,685.2,685.2,685.2,0,2275,0
FINNIFTY30DEC2527400CE.NFO,2025-12-08,09:54:00,2025-12-30,685.2,685.2,685.2,685.2,0,2275,0
FINNIFTY30DEC2527400CE.NFO,2025-12-08,09:55:00,2025-12-30,685.2,685.2,685.2,685.2,0,2275,0
FINNIFTY30DEC2527400CE.NFO,2025-12-08,09:56:00,2025-12-30,685.2,685.2,685.2,685.2,0,2275,0
FINNIFTY30DEC2527400CE.NFO,2025-12-08,09:57:00,2025-12-30,685.2,685.2,685.2,685.2,0,2275,0
FINNIFTY30DEC2527400CE.NFO,2025-12-08,09:58:00,2025-12-30,685.2,685.2,685.2,685.2,0,2275,0
FINNIFTY30DEC2527400CE.NFO,2025-12-08,09:59:00,2025-12-30,685.2,685.2,685.2,685.2,0,2275,0
FINNIFTY30DEC2527400CE.NFO,2025-12-08,10:00:00,2025-12-30,685.2,685.2,685.2,685.2,0,2275,0
FINNIFTY30DEC2527400CE.NFO,2025-12-08,10:01:00,2025-12-30,685.2,685.2,685.2,685.2,0,2275,0
FINNIFTY30DEC2527400CE.NFO,2025-12-08,10:02:00,2025-12-30,685.2,685.2,685.2,685.2,0,2275,0
FINNIFTY30DEC2527400CE.NFO,2025-12-08,10:03:00,2025-12-30,685.2,685.2,685.2,685.2,0,2275,0
FINNIFTY30DEC2527400CE.NFO,2025-12-08,10:04:00,2025-12-30,685.2,685.2,685.2,685.2,0,2275,0
FINNIFTY30DEC2527400CE.NFO,2025-12-08,10:05:00,2025-12-30,685.2,685.2,685.2,685.2,0,2275,0
FINNIFTY30DEC2527400CE.NFO,2025-12-08,10:06:00,2025-12-30,685.2,685.2,685.2,685.2,0,2275,0
FINNIFTY30DEC2527400CE.NFO,2025-12-08,10:07:00,2025-12-30,685.2,685.2,685.2,685.2,0,2275,0
FINNIFTY30DEC2527400CE.NFO,2025-12-08,10:08:00,2025-12-30,685.2,685.2,685.2,685.2,0,2275,0
FINNIFTY30DEC2527400CE.NFO,2025-12-08,10:09:00,2025-12-30,685.2,685.2,685.2,685.2,0,2275,0
FINNIFTY30DEC2527400CE.NFO,2025-12-08,10:10:00,2025-12-30,685.2,685.2,685.2,685.2,0,2275,0
FINNIFTY30DEC2527400CE.NFO,2025-12-08,10:11:00,2025-12-30,685.2,685.2,685.2,685.2,0,2275,0
FINNIFTY30DEC2527400CE.NFO,2025-12-08,10:12:00,2025-12-30,685.2,685.2,685.2,685.2,0,2275,0
FINNIFTY30DEC2527400CE.NFO,2025-12-08,10:13:00,2025-12-30,685.2,685.2,685.2,685.2,0,2275,0
FINNIFTY30DEC2527400CE.NFO,2025-12-08,10:14:00,2025-12-30,685.2,685.2,685.2,685.2,0,2275,0
FINNIFTY30DEC2527400CE.NFO,2025-12-08,10:15:00,2025-12-30,685.2,685.2,685.2,685.2,0,2275,0
FINNIFTY30DEC2527400CE.NFO,2025-12-08,10:16:00,2025-12-30,685.2,685.2,685.2,685.2,0,2275,0
FINNIFTY30DEC2527400CE.NFO,2025-12-08,10:17:00,2025-12-30,685.2,685.2,685.2,685.2,0,2275,0
FINNIFTY30DEC2527400CE.NFO,2025-12-08,10:18:00,2025-12-30,685.2,685.2,685.2,685.2,0,2275,0
FINNIFTY30DEC2527400CE.NFO,2025-12-08,10:19:00,2025-12-30,685.2,685.2,685.2,685.2,0,2275,0
FINNIFTY30DEC2527400CE.NFO,2025-12-08,10:20:00,2025-12-30,685.2,685.2,685.2,685.2,0,2275,0
FINNIFTY30DEC2527400CE.NFO,2025-12-08,10:21:00,2025-12-30,685.2,685.2,685.2,685.2,0,2275,0
FINNIFTY30DEC2527400CE.NFO,2025-12-08,10:22:00,2025-12-30,685.2,685.2,685.2,685.2,0,2275,0
FINNIFTY30DEC2527400CE.NFO,2025-12-08,10:23:00,2025-12-30,685.2,685.2,685.2,685.2,0,2275,0
FINNIFTY30DEC2527400CE.NFO,2025-12-08,10:24:00,2025-12-30,685.2,685.2,685.2,685.2,0,2275,0
FINNIFTY30DEC2527400CE.NFO,2025-12-08,10:25:00,2025-12-30,685.2,685.2,685.2,685.2,0,2275,0
FINNIFTY30DEC2527400CE.NFO,2025-12-08,10:26:00,2025-12-30,685.2,685.2,685.2,685.2,0,2275,0
FINNIFTY30DEC2527400CE.NFO,2025-12-08,10:27:00,2025-12-30,685.2,685.2,685.2,685.2,0,2275,0
FINNIFTY30DEC2527400CE.NFO,2025-12-08,10:28:00,2025-12-30,685.2,685.2,685.2,685.2,0,2275,0
FINNIFTY30DEC2527400CE.NFO,2025-12-08,10:29:00,2025-12-30,685.2,685.2,685.2,685.2,0,2275,0
FINNIFTY30DEC2527400CE.NFO,2025-12-08,10:30:00,2025-12-30,685.2,685.2,685.2,685.2,0,2275,0
FINNIFTY30DEC2527400CE.NFO,2025-12-08,10:31:00,2025-12-30,685.2,685.2,685.2,685.2,0,2275,0
FINNIFTY30DEC2527400CE.NFO,2025-12-08,10:32:00,2025-12-30,685.2,685.2,685.2,685.2,0,2275,0
FINNIFTY30DEC2527400CE.NFO,2025-12-08,10:33:00,2025-12-30,685.2,685.2,685.2,685.2,0,2275,0
FINNIFTY30DEC2527400CE.NFO,2025-12-08,10:34:00,2025-12-30,685.2,685.2,685.2,685.2,0,2275,0
FINNIFTY30DEC2527400CE.NFO,2025-12-08,10:35:00,2025-12-30,685.2,685.2,685.2,685.2,0,2275,0
FINNIFTY30DEC2527400CE.NFO,2025-12-08,10:36:00,2025-12-30,685.2,685.2,685.2,685.2,0,2275,0
FINNIFTY30DEC2527400CE.NFO,2025-12-08,10:37:00,2025-12-30,685.2,685.2,685.2,685.2,0,2275,0
FINNIFTY30DEC2527400CE.NFO,2025-12-08,10:38:00,2025-12-30,685.2,685.2,685.2,685.2,0,2275,0
FINNIFTY30DEC2527400CE.NFO,2025-12-08,10:39:00,2025-12-30,685.2,685.2,685.2,685.2,0,2275,0
FINNIFTY30DEC2527400CE.NFO,2025-12-08,10:40:00,2025-12-30,685.2,685.2,685.2,685.2,0,2275,0
FINNIFTY30DEC2527400CE.NFO,2025-12-08,10:41:00,2025-12-30,685.2,685.2,685.2,685.2,0,2275,0
FINNIFTY30DEC2527400CE.NFO,2025-12-08,10:42:00,2025-12-30,685.2,685.2,685.2,685.2,0,2275,0
FINNIFTY30DEC2527400CE.NFO,2025-12-08,10:43:00,2025-12-30,685.2,685.2,685.2,685.2,0,2275,0
FINNIFTY30DEC2527400CE.NFO,2025-12-08,10:44:00,2025-12-30,685.2,685.2,685.2,685.2,0,2275,0
FINNIFTY30DEC2527400CE.NFO,2025-12-08,10:45:00,2025-12-30,685.2,685.2,685.2,685.2,0,2275,0
FINNIFTY30DEC2527400CE.NFO,2025-12-08,10:46:00,2025-12-30,685.2,685.2,685.2,685.2,0,2275,0
FINNIFTY30DEC2527400CE.NFO,2025-12-08,10:47:00,2025-12-30,685.2,685.2,685.2,685.2,0,2275,0
FINNIFTY30DEC2527400CE.NFO,2025-12-08,10:48:00,2025-12-30,685.2,685.2,685.2,685.2,0,2275,0
FINNIFTY30DEC2527400CE.NFO,2025-12-08,10:49:00,2025-12-30,685.2,685.2,685.2,685.2,0,2275,0
FINNIFTY30DEC2527400CE.NFO,2025-12-08,10:50:00,2025-12-30,685.2,685.2,685.2,685.2,0,2275,0
FINNIFTY30DEC2527400CE.NFO,2025-12-08,10:51:00,2025-12-30,685.2,685.2,685.2,685.2,0,2275,0
FINNIFTY30DEC2527400CE.NFO,2025-12-08,10:52:00,2025-12-30,685.2,685.2,685.2,685.2,0,2275,0
FINNIFTY30DEC2527400CE.NFO,2025-12-08,10:53:00,2025-12-30,685.2,685.2,685.2,685.2,0,2275,0
FINNIFTY30DEC2527400CE.NFO,2025-12-08,10:54:00,2025-12-30,685.2,685.2,685.2,685.2,0,2275,0
FINNIFTY30DEC2527400CE.NFO,2025-12-08,10:55:00,2025-12-30,685.2,685.2,685.2,685.2,0,2275,0
FINNIFTY30DEC2527400CE.NFO,2025-12-08,10:56:00,2025-12-30,685.2,685.2,685.2,685.2,0,2275,0
FINNIFTY30DEC2527400CE.NFO,2025-12-08,10:57:00,2025-12-30,685.2,700.8,685.2,700.8,65,2275,0
FINNIFTY30DEC2527400CE.NFO,2025-12-08,10:58:00,2025-12-30,700.8,700.8,700.8,700.8,0,2275,0
FINNIFTY30DEC2527400CE.NFO,2025-12-08,10:59:00,2025-12-30,700.8,700.8,700.8,700.8,0,2275,0
FINNIFTY30DEC2527400CE.NFO,2025-12-08,11:00:00,2025-12-30,700.8,700.8,700.8,700.8,0,2275,0
FINNIFTY30DEC2527400CE.NFO,2025-12-08,11:01:00,2025-12-30,700.8,700.8,647.05,647.05,260,2340,0
FINNIFTY30DEC2527400CE.NFO,2025-12-08,11:02:00,2025-12-30,647.05,647.05,647.05,647.05,0,2340,0
FINNIFTY30DEC2527400CE.NFO,2025-12-08,11:03:00,2025-12-30,647.05,647.05,647.05,647.05,0,2340,0
FINNIFTY30DEC2527400CE.NFO,2025-12-08,11:04:00,2025-12-30,647.05,647.05,647.05,647.05,0,2340,0
FINNIFTY30DEC2527400CE.NFO,2025-12-08,11:05:00,2025-12-30,647.05,647.05,647.05,647.05,0,2340,0
FINNIFTY30DEC2527400CE.NFO,2025-12-08,11:06:00,2025-12-30,647.05,647.05,647.05,647.05,0,2340,0
FINNIFTY30DEC2527400CE.NFO,2025-12-08,11:07:00,2025-12-30,647.05,647.05,647.05,647.05,0,2340,0
FINNIFTY30DEC2527400CE.NFO,2025-12-08,11:08:00,2025-12-30,647.05,647.05,647.05,647.05,0,2340,0
FINNIFTY30DEC2527400CE.NFO,2025-12-08,11:09:00,2025-12-30,646.5,646.5,646.5,646.5,65,2145,0
FINNIFTY30DEC2527400CE.NFO,2025-12-08,11:10:00,2025-12-30,646.5,646.5,646.5,646.5,0,2145,0
FINNIFTY30DEC2527400CE.NFO,2025-12-08,11:11:00,2025-12-30,646.5,646.5,646.5,646.5,0,2145,0
FINNIFTY30DEC2527400CE.NFO,2025-12-08,11:12:00,2025-12-30,646.5,646.5,646.5,646.5,0,2145,0
FINNIFTY30DEC2527400CE.NFO,2025-12-08,11:13:00,2025-12-30,646.5,646.5,646.5,646.5,0,2145,0
FINNIFTY30DEC2527400CE.NFO,2025-12-08,11:14:00,2025-12-30,646.5,646.5,646.5,646.5,0,2145,0
FINNIFTY30DEC2527400CE.NFO,2025-12-08,11:15:00,2025-12-30,646.5,646.5,646.5,646.5,0,2145,0
FINNIFTY30DEC2527400CE.NFO,2025-12-08,11:16:00,2025-12-30,646.5,646.5,646.5,646.5,0,2145,0
FINNIFTY30DEC2527400CE.NFO,2025-12-08,11:17:00,2025-12-30,646.5,646.5,646.5,646.5,0,2145,0
FINNIFTY30DEC2527400CE.NFO,2025-12-08,11:18:00,2025-12-30,646.5,646.5,646.5,646.5,0,2145,0
FINNIFTY30DEC2527400CE.NFO,2025-12-08,11:19:00,2025-12-30,646.5,646.5,646.5,646.5,0,2145,0
FINNIFTY30DEC2527400CE.NFO,2025-12-08,11:20:00,2025-12-30,646.5,646.5,646.5,646.5,0,2145,0
FINNIFTY30DEC2527400CE.NFO,2025-12-08,11:21:00,2025-12-30,646.5,646.5,646.5,646.5,0,2145,0
FINNIFTY30DEC2527400CE.NFO,2025-12-08,11:22:00,2025-12-30,646.5,646.5,646.5,646.5,0,2145,0
FINNIFTY30DEC2527400CE.NFO,2025-12-08,11:23:00,2025-12-30,646.5,646.5,646.5,646.5,0,2145,0
FINNIFTY30DEC2527400CE.NFO,2025-12-08,11:24:00,2025-12-30,646.5,646.5,646.5,646.5,0,2145,0
FINNIFTY30DEC2527400CE.NFO,2025-12-08,11:25:00,2025-12-30,646.5,646.5,646.5,646.5,0,2145,0
FINNIFTY30DEC2527400CE.NFO,2025-12-08,11:26:00,2025-12-30,646.5,646.5,646.5,646.5,0,2145,0
FINNIFTY30DEC2527400CE.NFO,2025-12-08,11:27:00,2025-12-30,646.5,646.5,646.5,646.5,0,2145,0
FINNIFTY30DEC2527400CE.NFO,2025-12-08,11:28:00,2025-12-30,646.5,646.5,646.5,646.5,0,2145,0
FINNIFTY30DEC2527400CE.NFO,2025-12-08,11:29:00,2025-12-30,646.5,646.5,646.5,646.5,0,2145,0
FINNIFTY30DEC2527400CE.NFO,2025-12-08,11:30:00,2025-12-30,646.5,646.5,646.5,646.5,0,2145,0
FINNIFTY30DEC2527400CE.NFO,2025-12-08,11:31:00,2025-12-30,646.5,646.5,646.5,646.5,0,2145,0
FINNIFTY30DEC2527400CE.NFO,2025-12-08,11:32:00,2025-12-30,646.5,646.5,646.5,646.5,0,2145,0
FINNIFTY30DEC2527400CE.NFO,2025-12-08,11:33:00,2025-12-30,646.5,646.5,646.5,646.5,0,2145,0
FINNIFTY30DEC2527400CE.NFO,2025-12-08,11:34:00,2025-12-30,646.5,646.5,646.5,646.5,0,2145,0
FINNIFTY30DEC2527400CE.NFO,2025-12-08,11:35:00,2025-12-30,646.5,646.5,646.5,646.5,0,2145,0
FINNIFTY30DEC2527400CE.NFO,2025-12-08,11:36:00,2025-12-30,646.5,646.5,646.5,646.5,0,2145,0
FINNIFTY30DEC2527400CE.NFO,2025-12-08,11:37:00,2025-12-30,646.5,646.5,646.5,646.5,0,2145,0
FINNIFTY30DEC2527400CE.NFO,2025-12-08,11:38:00,2025-12-30,646.5,646.5,646.5,646.5,0,2145,0
FINNIFTY30DEC2527400CE.NFO,2025-12-08,11:39:00,2025-12-30,646.5,646.5,646.5,646.5,0,2145,0
FINNIFTY30DEC2527400CE.NFO,2025-12-08,11:40:00,2025-12-30,646.5,646.5,646.5,646.5,0,2145,0
FINNIFTY30DEC2527400CE.NFO,2025-12-08,11:41:00,2025-12-30,646.5,646.5,646.5,646.5,0,2145,0
FINNIFTY30DEC2527400CE.NFO,2025-12-08,11:42:00,2025-12-30,646.5,646.5,646.5,646.5,0,2145,0
FINNIFTY30DEC2527400CE.NFO,2025-12-08,11:43:00,2025-12-30,646.5,646.5,646.5,646.5,0,2145,0
FINNIFTY30DEC2527400CE.NFO,2025-12-08,11:44:00,2025-12-30,646.5,646.5,646.5,646.5,0,2145,0
FINNIFTY30DEC2527400CE.NFO,2025-12-08,11:45:00,2025-12-30,646.5,646.5,646.5,646.5,0,2145,0
FINNIFTY30DEC2527400CE.NFO,2025-12-08,11:46:00,2025-12-30,646.5,646.5,646.5,646.5,0,2145,0
FINNIFTY30DEC2527400CE.NFO,2025-12-08,11:47:00,2025-12-30,646.5,646.5,646.5,646.5,0,2145,0
FINNIFTY30DEC2527400CE.NFO,2025-12-08,11:48:00,2025-12-30,646.5,646.5,646.5,646.5,0,2145,0
FINNIFTY30DEC2527400CE.NFO,2025-12-08,11:49:00,2025-12-30,646.5,646.5,646.5,646.5,0,2145,0
FINNIFTY30DEC2527400CE.NFO,2025-12-08,11:50:00,2025-12-30,646.5,646.5,646.5,646.5,0,2145,0
FINNIFTY30DEC2527400CE.NFO,2025-12-08,11:51:00,2025-12-30,646.5,646.5,646.5,646.5,0,2145,0
FINNIFTY30DEC2527400CE.NFO,2025-12-08,11:52:00,2025-12-30,646.5,646.5,646.5,646.5,0,2145,0
FINNIFTY30DEC2527400CE.NFO,2025-12-08,11:53:00,2025-12-30,646.5,646.5,646.5,646.5,0,2145,0
FINNIFTY30DEC2527400CE.NFO,2025-12-08,11:54:00,2025-12-30,646.5,646.5,646.5,646.5,0,2145,0
FINNIFTY30DEC2527400CE.NFO,2025-12-08,11:55:00,2025-12-30,646.5,646.5,646.5,646.5,0,2145,0
FINNIFTY30DEC2527400CE.NFO,2025-12-08,11:56:00,2025-12-30,646.5,646.5,646.5,646.5,0,2145,0
FINNIFTY30DEC2527400CE.NFO,2025-12-08,11:57:00,2025-12-30,646.5,646.5,646.5,646.5,0,2145,0
FINNIFTY30DEC2527400CE.NFO,2025-12-08,11:58:00,2025-12-30,646.5,646.5,646.5,646.5,0,2145,0
FINNIFTY30DEC2527400CE.NFO,2025-12-08,11:59:00,2025-12-30,646.5,646.5,646.5,646.5,0,2145,0
FINNIFTY30DEC2527400CE.NFO,2025-12-08,12:00:00,2025-12-30,646.5,646.5,646.5,646.5,0,2145,0
FINNIFTY30DEC2527400CE.NFO,2025-12-08,12:01:00,2025-12-30,646.5,646.5,646.5,646.5,0,2145,0
FINNIFTY30DEC2527400CE.NFO,2025-12-08,12:02:00,2025-12-30,646.5,646.5,646.5,646.5,0,2145,0
FINNIFTY30DEC2527400CE.NFO,2025-12-08,12:03:00,2025-12-30,646.5,646.5,646.5,646.5,0,2145,0
FINNIFTY30DEC2527400CE.NFO,2025-12-08,12:04:00,2025-12-30,646.5,646.5,646.5,646.5,0,2145,0
FINNIFTY30DEC2527400CE.NFO,2025-12-08,12:05:00,2025-12-30,646.5,646.5,646.5,646.5,0,2145,0
FINNIFTY30DEC2527400CE.NFO,2025-12-08,12:06:00,2025-12-30,646.5,646.5,646.5,646.5,0,2145,0
FINNIFTY30DEC2527400CE.NFO,2025-12-08,12:07:00,2025-12-30,646.5,646.5,646.5,646.5,0,2145,0
FINNIFTY30DEC2527400CE.NFO,2025-12-08,12:08:00,2025-12-30,646.5,646.5,646.5,646.5,0,2145,0
FINNIFTY30DEC2527400CE.NFO,2025-12-08,12:09:00,2025-12-30,646.5,646.5,646.5,646.5,0,2145,0
FINNIFTY30DEC2527400CE.NFO,2025-12-08,12:10:00,2025-12-30,646.5,646.5,646.5,646.5,0,2145,0
FINNIFTY30DEC2527400CE.NFO,2025-12-08,12:11:00,2025-12-30,646.5,646.5,646.5,646.5,0,2145,0
FINNIFTY30DEC2527400CE.NFO,2025-12-08,12:12:00,2025-12-30,646.5,646.5,646.5,646.5,0,2145,0
FINNIFTY30DEC2527400CE.NFO,2025-12-08,12:13:00,2025-12-30,646.5,646.5,646.5,646.5,0,2145,0
FINNIFTY30DEC2527400CE.NFO,2025-12-08,12:14:00,2025-12-30,646.5,646.5,646.5,646.5,0,2145,0
FINNIFTY30DEC2527400CE.NFO,2025-12-08,12:15:00,2025-12-30,646.5,646.5,646.5,646.5,0,2145,0
FINNIFTY30DEC2527400CE.NFO,2025-12-08,12:16:00,2025-12-30,646.5,646.5,646.5,646.5,0,2145,0
FINNIFTY30DEC2527400CE.NFO,2025-12-08,12:17:00,2025-12-30,646.5,646.5,646.5,646.5,0,2145,0
FINNIFTY30DEC2527400CE.NFO,2025-12-08,12:18:00,2025-12-30,646.5,646.5,646.5,646.5,0,2145,0
FINNIFTY30DEC2527400CE.NFO,2025-12-08,12:19:00,2025-12-30,646.5,646.5,646.5,646.5,0,2145,0
FINNIFTY30DEC2527400CE.NFO,2025-12-08,12:20:00,2025-12-30,646.5,646.5,646.5,646.5,0,2145,0
FINNIFTY30DEC2527400CE.NFO,2025-12-08,12:21:00,2025-12-30,646.5,646.5,646.5,646.5,0,2145,0
FINNIFTY30DEC2527400CE.NFO,2025-12-08,12:22:00,2025-12-30,646.5,646.5,646.5,646.5,0,2145,0
FINNIFTY30DEC2527400CE.NFO,2025-12-08,12:23:00,2025-12-30,646.5,646.5,646.5,646.5,0,2145,0
FINNIFTY30DEC2527400CE.NFO,2025-12-08,12:24:00,2025-12-30,646.5,646.5,646.5,646.5,0,2145,0
FINNIFTY30DEC2527400CE.NFO,2025-12-08,12:25:00,2025-12-30,646.5,646.5,646.5,646.5,0,2145,0
FINNIFTY30DEC2527400CE.NFO,2025-12-08,12:26:00,2025-12-30,646.5,646.5,646.5,646.5,0,2145,0
FINNIFTY30DEC2527400CE.NFO,2025-12-08,12:27:00,2025-12-30,646.5,646.5,646.5,646.5,0,2145,0
FINNIFTY30DEC2527400CE.NFO,2025-12-08,12:28:00,2025-12-30,646.5,646.5,646.5,646.5,0,2145,0
FINNIFTY30DEC2527400CE.NFO,2025-12-08,12:29:00,2025-12-30,646.5,646.5,646.5,646.5,0,2145,0
FINNIFTY30DEC2527400CE.NFO,2025-12-08,12:30:00,2025-12-30,646.5,646.5,646.5,646.5,0,2145,0
FINNIFTY30DEC2527400CE.NFO,2025-12-08,12:31:00,2025-12-30,646.5,646.5,646.5,646.5,0,2145,0
FINNIFTY30DEC2527400CE.NFO,2025-12-08,12:32:00,2025-12-30,646.5,646.5,646.5,646.5,0,2145,0
FINNIFTY30DEC2527400CE.NFO,2025-12-08,12:33:00,2025-12-30,646.5,646.5,646.5,646.5,0,2145,0
FINNIFTY30DEC2527400CE.NFO,2025-12-08,12:34:00,2025-12-30,646.5,646.5,646.5,646.5,0,2145,0
FINNIFTY30DEC2527400CE.NFO,2025-12-08,12:35:00,2025-12-30,646.5,646.5,646.5,646.5,0,2145,0
FINNIFTY30DEC2527400CE.NFO,2025-12-08,12:36:00,2025-12-30,646.5,646.5,646.5,646.5,0,2145,0
FINNIFTY30DEC2527400CE.NFO,2025-12-08,12:37:00,2025-12-30,646.5,646.5,646.5,646.5,0,2145,0
FINNIFTY30DEC2527400CE.NFO,2025-12-08,12:38:00,2025-12-30,646.5,646.5,646.5,646.5,0,2145,0
FINNIFTY30DEC2527400CE.NFO,2025-12-08,12:39:00,2025-12-30,646.5,646.5,646.5,646.5,0,2145,0
FINNIFTY30DEC2527400CE.NFO,2025-12-08,12:40:00,2025-12-30,646.5,646.5,646.5,646.5,0,2145,0
FINNIFTY30DEC2527400CE.NFO,2025-12-08,12:41:00,2025-12-30,646.5,646.5,646.5,646.5,0,2145,0
FINNIFTY30DEC2527400CE.NFO,2025-12-08,12:42:00,2025-12-30,646.5,646.5,646.5,646.5,0,2145,0
FINNIFTY30DEC2527400CE.NFO,2025-12-08,12:43:00,2025-12-30,646.5,646.5,646.5,646.5,0,2145,0
FINNIFTY30DEC2527400CE.NFO,2025-12-08,12:44:00,2025-12-30,646.5,646.5,646.5,646.5,0,2145,0
FINNIFTY30DEC2527400CE.NFO,2025-12-08,12:45:00,2025-12-30,646.5,646.5,646.5,646.5,0,2145,0
FINNIFTY30DEC2527400CE.NFO,2025-12-08,12:46:00,2025-12-30,646.5,646.5,646.5,646.5,0,2145,0
FINNIFTY30DEC2527400CE.NFO,2025-12-08,12:47:00,2025-12-30,646.5,646.5,646.5,646.5,0,2145,0
FINNIFTY30DEC2527400CE.NFO,2025-12-08,12:48:00,2025-12-30,646.5,646.5,646.5,646.5,0,2145,0
FINNIFTY30DEC2527400CE.NFO,2025-12-08,12:49:00,2025-12-30,646.5,646.5,646.5,646.5,0,2145,0
FINNIFTY30DEC2527400CE.NFO,2025-12-08,12:50:00,2025-12-30,646.5,646.5,646.5,646.5,0,2145,0
FINNIFTY30DEC2527400CE.NFO,2025-12-08,12:51:00,2025-12-30,646.5,646.5,646.5,646.5,0,2145,0
FINNIFTY30DEC2527400CE.NFO,2025-12-08,12:52:00,2025-12-30,646.5,646.5,646.5,646.5,0,2145,0
FINNIFTY30DEC2527400CE.NFO,2025-12-08,12:53:00,2025-12-30,646.5,646.5,646.5,646.5,0,2145,0
FINNIFTY30DEC2527400CE.NFO,2025-12-08,12:54:00,2025-12-30,646.5,646.5,646.5,646.5,0,2145,0
FINNIFTY30DEC2527400CE.NFO,2025-12-08,12:55:00,2025-12-30,646.5,646.5,646.5,646.5,0,2145,0
FINNIFTY30DEC2527400CE.NFO,2025-12-08,12:56:00,2025-12-30,646.5,646.5,646.5,646.5,0,2145,0
FINNIFTY30DEC2527400CE.NFO,2025-12-08,12:57:00,2025-12-30,646.5,646.5,646.5,646.5,0,2145,0
FINNIFTY30DEC2527400CE.NFO,2025-12-08,12:58:00,2025-12-30,646.5,646.5,646.5,646.5,0,2145,0
FINNIFTY30DEC2527400CE.NFO,2025-12-08,12:59:00,2025-12-30,646.5,646.5,646.5,646.5,0,2145,0
FINNIFTY30DEC2527400CE.NFO,2025-12-08,13:00:00,2025-12-30,646.5,646.5,646.5,646.5,0,2145,0
FINNIFTY30DEC2527400CE.NFO,2025-12-08,13:01:00,2025-12-30,646.5,646.5,646.5,646.5,0,2145,0
FINNIFTY30DEC2527400CE.NFO,2025-12-08,13:02:00,2025-12-30,646.5,646.5,646.5,646.5,0,2145,0
FINNIFTY30DEC2527400CE.NFO,2025-12-08,13:03:00,2025-12-30,646.5,646.5,646.5,646.5,0,2145,0
FINNIFTY30DEC2527400CE.NFO,2025-12-08,13:04:00,2025-12-30,646.5,646.5,646.5,646.5,0,2145,0
FINNIFTY30DEC2527400CE.NFO,2025-12-08,13:05:00,2025-12-30,646.5,646.5,646.5,646.5,0,2145,0
FINNIFTY30DEC2527400CE.NFO,2025-12-08,13:06:00,2025-12-30,646.5,646.5,646.5,646.5,0,2145,0
FINNIFTY30DEC2527400CE.NFO,2025-12-08,13:07:00,2025-12-30,646.5,646.5,646.5,646.5,0,2145,0
FINNIFTY30DEC2527400CE.NFO,2025-12-08,13:08:00,2025-12-30,646.5,646.5,646.5,646.5,0,2145,0
FINNIFTY30DEC2527400CE.NFO,2025-12-08,13:09:00,2025-12-30,646.5,646.5,646.5,646.5,0,2145,0
FINNIFTY30DEC2527400CE.NFO,2025-12-08,13:10:00,2025-12-30,646.5,646.5,646.5,646.5,0,2145,0
FINNIFTY30DEC2527400CE.NFO,2025-12-08,13:11:00,2025-12-30,646.5,646.5,646.5,646.5,0,2145,0
FINNIFTY30DEC2527400CE.NFO,2025-12-08,13:12:00,2025-12-30,646.5,646.5,646.5,646.5,0,2145,0
FINNIFTY30DEC2527400CE.NFO,2025-12-08,13:13:00,2025-12-30,646.5,646.5,646.5,646.5,0,2145,0
FINNIFTY30DEC2527400CE.NFO,2025-12-08,13:14:00,2025-12-30,646.5,646.5,646.5,646.5,0,2145,0
FINNIFTY30DEC2527400CE.NFO,2025-12-08,13:15:00,2025-12-30,646.5,646.5,646.5,646.5,0,2145,0
FINNIFTY30DEC2527400CE.NFO,2025-12-08,13:16:00,2025-12-30,646.5,646.5,646.5,646.5,0,2145,0
FINNIFTY30DEC2527400CE.NFO,2025-12-08,13:17:00,2025-12-30,646.5,646.5,646.5,646.5,0,2145,0
FINNIFTY30DEC2527400CE.NFO,2025-12-08,13:18:00,2025-12-30,646.5,646.5,646.5,646.5,0,2145,0
FINNIFTY30DEC2527400CE.NFO,2025-12-08,13:19:00,2025-12-30,646.5,646.5,646.5,646.5,0,2145,0
FINNIFTY30DEC2527400CE.NFO,2025-12-08,13:20:00,2025-12-30,646.5,646.5,646.5,646.5,0,2145,0
FINNIFTY30DEC2527400CE.NFO,2025-12-08,13:21:00,2025-12-30,646.5,646.5,646.5,646.5,0,2145,0
FINNIFTY30DEC2527400CE.NFO,2025-12-08,13:22:00,2025-12-30,646.5,646.5,646.5,646.5,0,2145,0
FINNIFTY30DEC2527400CE.NFO,2025-12-08,13:23:00,2025-12-30,646.5,646.5,646.5,646.5,0,2145,0
FINNIFTY30DEC2527400CE.NFO,2025-12-08,13:24:00,2025-12-30,646.5,646.5,646.5,646.5,0,2145,0
FINNIFTY30DEC2527400CE.NFO,2025-12-08,13:25:00,2025-12-30,646.5,646.5,646.5,646.5,0,2145,0
FINNIFTY30DEC2527400CE.NFO,2025-12-08,13:26:00,2025-12-30,646.5,646.5,646.5,646.5,0,2145,0
FINNIFTY30DEC2527400CE.NFO,2025-12-08,13:27:00,2025-12-30,646.5,646.5,646.5,646.5,0,2145,0
FINNIFTY30DEC2527400CE.NFO,2025-12-08,13:28:00,2025-12-30,646.5,646.5,646.5,646.5,0,2145,0
FINNIFTY30DEC2527400CE.NFO,2025-12-08,13:29:00,2025-12-30,646.5,646.5,646.5,646.5,0,2145,0
FINNIFTY30DEC2527400CE.NFO,2025-12-08,13:30:00,2025-12-30,646.5,646.5,646.5,646.5,0,2145,0
FINNIFTY30DEC2527400CE.NFO,2025-12-08,13:31:00,2025-12-30,646.5,646.5,646.5,646.5,0,2145,0
FINNIFTY30DEC2527400CE.NFO,2025-12-08,13:32:00,2025-12-30,646.5,646.5,646.5,646.5,0,2145,0
FINNIFTY30DEC2527400CE.NFO,2025-12-08,13:33:00,2025-12-30,646.5,646.5,646.5,646.5,0,2145,0
FINNIFTY30DEC2527400CE.NFO,2025-12-08,13:34:00,2025-12-30,646.5,646.5,646.5,646.5,0,2145,0
FINNIFTY30DEC2527400CE.NFO,2025-12-08,13:35:00,2025-12-30,646.5,646.5,646.5,646.5,0,2145,0
FINNIFTY30DEC2527400CE.NFO,2025-12-08,13:36:00,2025-12-30,646.5,646.5,646.5,646.5,0,2145,0
FINNIFTY30DEC2527400CE.NFO,2025-12-08,13:37:00,2025-12-30,646.5,646.5,646.5,646.5,0,2145,0
FINNIFTY30DEC2527400CE.NFO,2025-12-08,13:38:00,2025-12-30,646.5,646.5,646.5,646.5,0,2145,0
FINNIFTY30DEC2527400CE.NFO,2025-12-08,13:39:00,2025-12-30,646.5,646.5,646.5,646.5,0,2145,0
FINNIFTY30DEC2527400CE.NFO,2025-12-08,13:40:00,2025-12-30,646.5,646.5,646.5,646.5,0,2145,0
FINNIFTY30DEC2527400CE.NFO,2025-12-08,13:41:00,2025-12-30,646.5,646.5,646.5,646.5,0,2145,0
FINNIFTY30DEC2527400CE.NFO,2025-12-08,13:42:00,2025-12-30,646.5,646.5,646.5,646.5,0,2145,0
FINNIFTY30DEC2527400CE.NFO,2025-12-08,13:43:00,2025-12-30,646.5,646.5,646.5,646.5,0,2145,0
FINNIFTY30DEC2527400CE.NFO,2025-12-08,13:44:00,2025-12-30,646.5,646.5,646.5,646.5,0,2145,0
FINNIFTY30DEC2527400CE.NFO,2025-12-08,13:45:00,2025-12-30,646.5,646.5,646.5,646.5,0,2145,0
FINNIFTY30DEC2527400CE.NFO,2025-12-08,13:46:00,2025-12-30,646.5,646.5,646.5,646.5,0,2145,0
FINNIFTY30DEC2527400CE.NFO,2025-12-08,13:47:00,2025-12-30,646.5,646.5,646.5,646.5,0,2145,0
FINNIFTY30DEC2527400CE.NFO,2025-12-08,13:48:00,2025-12-30,646.5,646.5,646.5,646.5,0,2145,0
FINNIFTY30DEC2527400CE.NFO,2025-12-08,13:49:00,2025-12-30,646.5,646.5,646.5,646.5,0,2145,0
FINNIFTY30DEC2527400CE.NFO,2025-12-08,13:50:00,2025-12-30,646.5,646.5,646.5,646.5,0,2145,0
FINNIFTY30DEC2527400CE.NFO,2025-12-08,13:51:00,2025-12-30,646.5,646.5,646.5,646.5,0,2145,0
FINNIFTY30DEC2527400CE.NFO,2025-12-08,13:52:00,2025-12-30,646.5,646.5,646.5,646.5,0,2145,0
FINNIFTY30DEC2527400CE.NFO,2025-12-08,13:53:00,2025-12-30,646.5,646.5,646.5,646.5,0,2145,0
FINNIFTY30DEC2527400CE.NFO,2025-12-08,13:54:00,2025-12-30,646.5,646.5,646.5,646.5,0,2145,0
FINNIFTY30DEC2527400CE.NFO,2025-12-08,13:55:00,2025-12-30,646.5,646.5,646.5,646.5,0,2145,0
FINNIFTY30DEC2527400CE.NFO,2025-12-08,13:56:00,2025-12-30,646.5,646.5,646.5,646.5,0,2145,0
FINNIFTY30DEC2527400CE.NFO,2025-12-08,13:57:00,2025-12-30,646.5,646.5,646.5,646.5,0,2145,0
FINNIFTY30DEC2527400CE.NFO,2025-12-08,13:58:00,2025-12-30,646.5,646.5,646.5,646.5,0,2145,0
FINNIFTY30DEC2527400CE.NFO,2025-12-08,13:59:00,2025-12-30,646.5,646.5,646.5,646.5,0,2145,0
FINNIFTY30DEC2527400CE.NFO,2025-12-08,14:00:00,2025-12-30,646.5,646.5,646.5,646.5,0,2145,0
FINNIFTY30DEC2527400CE.NFO,2025-12-08,14:01:00,2025-12-30,646.5,646.5,646.5,646.5,0,2145,0
FINNIFTY30DEC2527400CE.NFO,2025-12-08,14:02:00,2025-12-30,646.5,646.5,646.5,646.5,0,2145,0
FINNIFTY30DEC2527400CE.NFO,2025-12-08,14:03:00,2025-12-30,646.5,646.5,646.5,646.5,0,2145,0
FINNIFTY30DEC2527400CE.NFO,2025-12-08,14:04:00,2025-12-30,646.5,646.5,646.5,646.5,0,2145,0
FINNIFTY30DEC2527400CE.NFO,2025-12-08,14:05:00,2025-12-30,646.5,646.5,646.5,646.5,0,2145,0
FINNIFTY30DEC2527400CE.NFO,2025-12-08,14:06:00,2025-12-30,646.5,646.5,646.5,646.5,0,2145,0
FINNIFTY30DEC2527400CE.NFO,2025-12-08,14:07:00,2025-12-30,646.5,646.5,646.5,646.5,0,2145,0
FINNIFTY30DEC2527400CE.NFO,2025-12-08,14:08:00,2025-12-30,646.5,646.5,646.5,646.5,0,2145,0
FINNIFTY30DEC2527400CE.NFO,2025-12-08,14:09:00,2025-12-30,646.5,646.5,646.5,646.5,0,2145,0
FINNIFTY30DEC2527400CE.NFO,2025-12-08,14:10:00,2025-12-30,646.5,646.5,646.5,646.5,0,2145,0
FINNIFTY30DEC2527400CE.NFO,2025-12-08,14:11:00,2025-12-30,646.5,646.5,646.5,646.5,0,2145,0
FINNIFTY30DEC2527400CE.NFO,2025-12-08,14:12:00,2025-12-30,646.5,646.5,646.5,646.5,0,2145,0
FINNIFTY30DEC2527400CE.NFO,2025-12-08,14:13:00,2025-12-30,646.5,646.5,646.5,646.5,0,2145,0
FINNIFTY30DEC2527400CE.NFO,2025-12-08,14:14:00,2025-12-30,646.5,646.5,646.5,646.5,0,2145,0
FINNIFTY30DEC2527400CE.NFO,2025-12-08,14:15:00,2025-12-30,646.5,646.5,646.5,646.5,0,2145,0
FINNIFTY30DEC2527400CE.NFO,2025-12-08,14:16:00,2025-12-30,646.5,646.5,646.5,646.5,0,2145,0
FINNIFTY30DEC2527400CE.NFO,2025-12-08,14:17:00,2025-12-30,646.5,646.5,646.5,646.5,0,2145,0
FINNIFTY30DEC2527400CE.NFO,2025-12-08,14:18:00,2025-12-30,646.5,646.5,646.5,646.5,0,2145,0
FINNIFTY30DEC2527400CE.NFO,2025-12-08,14:19:00,2025-12-30,646.5,646.5,646.5,646.5,0,2145,0
FINNIFTY30DEC2527400CE.NFO,2025-12-08,14:20:00,2025-12-30,646.5,646.5,646.5,646.5,0,2145,0
FINNIFTY30DEC2527400CE.NFO,2025-12-08,14:21:00,2025-12-30,646.5,646.5,646.5,646.5,0,2145,0
FINNIFTY30DEC2527400CE.NFO,2025-12-08,14:22:00,2025-12-30,646.5,646.5,646.5,646.5,0,2145,0
FINNIFTY30DEC2527400CE.NFO,2025-12-08,14:23:00,2025-12-30,646.5,646.5,646.5,646.5,0,2145,0
FINNIFTY30DEC2527400CE.NFO,2025-12-08,14:24:00,2025-12-30,646.5,646.5,646.5,646.5,0,2145,0
FINNIFTY30DEC2527400CE.NFO,2025-12-08,14:25:00,2025-12-30,646.5,646.5,646.5,646.5,0,2145,0
FINNIFTY30DEC2527400CE.NFO,2025-12-08,14:26:00,2025-12-30,646.5,646.5,646.5,646.5,0,2145,0
FINNIFTY30DEC2527400CE.NFO,2025-12-08,14:27:00,2025-12-30,646.5,646.5,646.5,646.5,0,2145,0
FINNIFTY30DEC2527400CE.NFO,2025-12-08,14:28:00,2025-12-30,646.5,646.5,646.5,646.5,0,2145,0
FINNIFTY30DEC2527400CE.NFO,2025-12-08,14:29:00,2025-12-30,646.5,646.5,646.5,646.5,0,2145,0
FINNIFTY30DEC2527400CE.NFO,2025-12-08,14:30:00,2025-12-30,646.5,646.5,646.5,646.5,0,2145,0
FINNIFTY30DEC2527400CE.NFO,2025-12-08,14:31:00,2025-12-30,646.5,646.5,646.5,646.5,0,2145,0
FINNIFTY30DEC2527400CE.NFO,2025-12-08,14:32:00,2025-12-30,646.5,646.5,646.5,646.5,0,2145,0
FINNIFTY30DEC2527400CE.NFO,2025-12-08,14:33:00,2025-12-30,646.5,646.5,646.5,646.5,0,2145,0
FINNIFTY30DEC2527400CE.NFO,2025-12-08,14:34:00,2025-12-30,646.5,646.5,646.5,646.5,0,2145,0
FINNIFTY30DEC2527400CE.NFO,2025-12-08,14:35:00,2025-12-30,646.5,646.5,646.5,646.5,0,2145,0
FINNIFTY30DEC2527400CE.NFO,2025-12-08,14:36:00,2025-12-30,646.5,646.5,646.5,646.5,0,2145,0
FINNIFTY30DEC2527400CE.NFO,2025-12-08,14:37:00,2025-12-30,646.5,646.5,646.5,646.5,0,2145,0
FINNIFTY30DEC2527400CE.NFO,2025-12-08,14:38:00,2025-12-30,646.5,646.5,646.5,646.5,0,2145,0
FINNIFTY30DEC2527400CE.NFO,2025-12-08,14:39:00,2025-12-30,646.5,646.5,646.5,646.5,0,2145,0
FINNIFTY30DEC2527400CE.NFO,2025-12-08,14:40:00,2025-12-30,646.5,646.5,646.5,646.5,0,2145,0
FINNIFTY30DEC2527400CE.NFO,2025-12-08,14:41:00,2025-12-30,646.5,646.5,646.5,646.5,0,2145,0
FINNIFTY30DEC2527400CE.NFO,2025-12-08,14:42:00,2025-12-30,646.5,646.5,646.5,646.5,0,2145,0
FINNIFTY30DEC2527400CE.NFO,2025-12-08,14:43:00,2025-12-30,646.5,646.5,646.5,646.5,0,2145,0
FINNIFTY30DEC2527400CE.NFO,2025-12-08,14:44:00,2025-12-30,646.5,646.5,646.5,646.5,0,2145,0
FINNIFTY30DEC2527400CE.NFO,2025-12-08,14:45:00,2025-12-30,646.5,646.5,646.5,646.5,0,2145,0
FINNIFTY30DEC2527400CE.NFO,2025-12-08,14:46:00,2025-12-30,646.5,646.5,646.5,646.5,0,2145,0
FINNIFTY30DEC2527400CE.NFO,2025-12-08,14:47:00,2025-12-30,646.5,646.5,646.5,646.5,0,2145,0
FINNIFTY30DEC2527400CE.NFO,2025-12-08,14:48:00,2025-12-30,646.5,646.5,646.5,646.5,0,2145,0
FINNIFTY30DEC2527400CE.NFO,2025-12-08,14:49:00,2025-12-30,646.5,646.5,646.5,646.5,0,2145,0
FINNIFTY30DEC2527400CE.NFO,2025-12-08,14:50:00,2025-12-30,646.5,646.5,646.5,646.5,0,2145,0
FINNIFTY30DEC2527400CE.NFO,2025-12-08,14:51:00,2025-12-30,646.5,646.5,646.5,646.5,0,2145,0
FINNIFTY30DEC2527400CE.NFO,2025-12-08,14:52:00,2025-12-30,646.5,646.5,646.5,646.5,0,2145,0
FINNIFTY30DEC2527400CE.NFO,2025-12-08,14:53:00,2025-12-30,646.5,646.5,646.5,646.5,0,2145,0
FINNIFTY30DEC2527400CE.NFO,2025-12-08,14:54:00,2025-12-30,646.5,646.5,646.5,646.5,0,2145,0
FINNIFTY30DEC2527400CE.NFO,2025-12-08,14:55:00,2025-12-30,646.5,646.5,646.5,646.5,0,2145,0
FINNIFTY30DEC2527400CE.NFO,2025-12-08,14:56:00,2025-12-30,646.5,646.5,646.5,646.5,0,2145,0
FINNIFTY30DEC2527400CE.NFO,2025-12-08,14:57:00,2025-12-30,646.5,646.5,646.5,646.5,0,2145,0
FINNIFTY30DEC2527400CE.NFO,2025-12-08,14:58:00,2025-12-30,646.5,646.5,646.5,646.5,0,2145,0
FINNIFTY30DEC2527400CE.NFO,2025-12-08,14:59:00,2025-12-30,646.5,646.5,646.5,646.5,0,2145,0
FINNIFTY30DEC2527400CE.NFO,2025-12-08,15:00:00,2025-12-30,646.5,646.5,646.5,646.5,0,2145,0
FINNIFTY30DEC2527400CE.NFO,2025-12-08,15:01:00,2025-12-30,646.5,646.5,646.5,646.5,0,2145,0
FINNIFTY30DEC2527400CE.NFO,2025-12-08,15:02:00,2025-12-30,646.5,646.5,646.5,646.5,0,2145,0
FINNIFTY30DEC2527400CE.NFO,2025-12-08,15:03:00,2025-12-30,646.5,646.5,646.5,646.5,0,2145,0
FINNIFTY30DEC2527400CE.NFO,2025-12-08,15:04:00,2025-12-30,646.5,646.5,646.5,646.5,0,2145,0
FINNIFTY30DEC2527400CE.NFO,2025-12-08,15:05:00,2025-12-30,646.5,646.5,646.5,646.5,0,2145,0
FINNIFTY30DEC2527400CE.NFO,2025-12-08,15:06:00,2025-12-30,646.5,646.5,646.5,646.5,0,2145,0
FINNIFTY30DEC2527400CE.NFO,2025-12-08,15:07:00,2025-12-30,646.5,646.5,646.5,646.5,0,2145,0
FINNIFTY30DEC2527400CE.NFO,2025-12-08,15:08:00,2025-12-30,646.5,646.5,646.5,646.5,0,2145,0
FINNIFTY30DEC2527400CE.NFO,2025-12-08,15:09:00,2025-12-30,646.5,646.5,646.5,646.5,0,2145,0
FINNIFTY30DEC2527400CE.NFO,2025-12-08,15:10:00,2025-12-30,646.5,646.5,646.5,646.5,0,2145,0
FINNIFTY30DEC2527400CE.NFO,2025-12-08,15:11:00,2025-12-30,646.5,646.5,646.5,646.5,0,2145,0
FINNIFTY30DEC2527400CE.NFO,2025-12-08,15:12:00,2025-12-30,646.5,646.5,646.5,646.5,0,2145,0
FINNIFTY30DEC2527400CE.NFO,2025-12-08,15:13:00,2025-12-30,646.5,646.5,646.5,646.5,0,2145,0
FINNIFTY30DEC2527400CE.NFO,2025-12-08,15:14:00,2025-12-30,646.5,646.5,646.5,646.5,0,2145,0
FINNIFTY30DEC2527400CE.NFO,2025-12-08,15:15:00,2025-12-30,646.5,646.5,646.5,646.5,0,2145,0
FINNIFTY30DEC2527400CE.NFO,2025-12-08,15:16:00,2025-12-30,646.5,646.5,646.5,646.5,0,2145,0
FINNIFTY30DEC2527400CE.NFO,2025-12-08,15:17:00,2025-12-30,646.5,646.5,646.5,646.5,0,2145,0
FINNIFTY30DEC2527400CE.NFO,2025-12-08,15:18:00,2025-12-30,646.5,646.5,646.5,646.5,0,2145,0
FINNIFTY30DEC2527400CE.NFO,2025-12-08,15:19:00,2025-12-30,646.5,646.5,646.5,646.5,0,2145,0
FINNIFTY30DEC2527400CE.NFO,2025-12-08,15:20:00,2025-12-30,646.5,646.5,646.5,646.5,0,2145,0
FINNIFTY30DEC2527400CE.NFO,2025-12-08,15:21:00,2025-12-30,646.5,646.5,646.5,646.5,0,2145,0
FINNIFTY30DEC2527400CE.NFO,2025-12-08,15:22:00,2025-12-30,646.5,646.5,646.5,646.5,0,2145,0
FINNIFTY30DEC2527400CE.NFO,2025-12-08,15:23:00,2025-12-30,646.5,646.5,646.5,646.5,0,2145,0
FINNIFTY30DEC2527400CE.NFO,2025-12-08,15:24:00,2025-12-30,646.5,646.5,646.5,646.5,0,2145,0
FINNIFTY30DEC2527400CE.NFO,2025-12-08,15:25:00,2025-12-30,646.5,646.5,646.5,646.5,0,2145,0
FINNIFTY30DEC2527400CE.NFO,2025-12-08,15:26:00,2025-12-30,646.5,646.5,646.5,646.5,0,2145,0
FINNIFTY30DEC2527400CE.NFO,2025-12-08,15:27:00,2025-12-30,646.5,646.5,646.5,646.5,0,2145,0
FINNIFTY30DEC2527400CE.NFO,2025-12-08,15:28:00,2025-12-30,646.5,646.5,646.5,646.5,0,2145,0
FINNIFTY30DEC2527400CE.NFO,2025-12-08,15:29:00,2025-12-30,646.5,646.5,646.5,646.5,0,2145,0
FINNIFTY30DEC2527400CE.NFO,2025-12-08,15:30:00,2025-12-30,646.5,646.5,646.5,646.5,0,2145,1
FINNIFTY30DEC2527400CE.NFO,2025-12-09,09:15:00,2025-12-30,441.0,441.0,441.0,441.0,0,2145,1
FINNIFTY30DEC2527400CE.NFO,2025-12-09,09:16:00,2025-12-30,441.0,441.0,441.0,441.0,0,2145,1
FINNIFTY30DEC2527400CE.NFO,2025-12-09,09:17:00,2025-12-30,441.0,441.0,441.0,441.0,0,2145,1
FINNIFTY30DEC2527400CE.NFO,2025-12-09,09:18:00,2025-12-30,441.0,441.0,441.0,441.0,0,2145,1
FINNIFTY30DEC2527400CE.NFO,2025-12-09,09:19:00,2025-12-30,441.0,441.0,441.0,441.0,0,2145,1
FINNIFTY30DEC2527400CE.NFO,2025-12-09,09:20:00,2025-12-30,441.0,441.0,441.0,441.0,0,2145,1
FINNIFTY30DEC2527400CE.NFO,2025-12-09,09:21:00,2025-12-30,441.0,441.0,441.0,441.0,0,2145,1
FINNIFTY30DEC2527400CE.NFO,2025-12-09,09:22:00,2025-12-30,441.0,441.0,441.0,441.0,0,2145,1
FINNIFTY30DEC2527400CE.NFO,2025-12-09,09:23:00,2025-12-30,441.0,441.0,441.0,441.0,0,2145,1
FINNIFTY30DEC2527400CE.NFO,2025-12-09,09:24:00,2025-12-30,441.0,441.0,441.0,441.0,0,2145,1
FINNIFTY30DEC2527400CE.NFO,2025-12-09,09:25:00,2025-12-30,441.0,441.0,441.0,441.0,0,2145,1
FINNIFTY30DEC2527400CE.NFO,2025-12-09,09:26:00,2025-12-30,441.0,441.0,441.0,441.0,0,2145,1
FINNIFTY30DEC2527400CE.NFO,2025-12-09,09:27:00,2025-12-30,441.0,441.0,441.0,441.0,0,2145,1
FINNIFTY30DEC2527400CE.NFO,2025-12-09,09:28:00,2025-12-30,441.0,441.0,441.0,441.0,0,2145,1
FINNIFTY30DEC2527400CE.NFO,2025-12-09,09:29:00,2025-12-30,441.0,441.0,441.0,441.0,0,2145,1
FINNIFTY30DEC2527400CE.NFO,2025-12-09,09:30:00,2025-12-30,441.0,441.0,441.0,441.0,0,2145,1
FINNIFTY30DEC2527400CE.NFO,2025-12-09,09:31:00,2025-12-30,441.0,441.0,441.0,441.0,0,2145,1
FINNIFTY30DEC2527400CE.NFO,2025-12-09,09:32:00,2025-12-30,441.0,441.0,441.0,441.0,0,2145,1
FINNIFTY30DEC2527400CE.NFO,2025-12-09,09:33:00,2025-12-30,441.0,441.0,441.0,441.0,0,2145,1
FINNIFTY30DEC2527400CE.NFO,2025-12-09,09:34:00,2025-12-30,441.0,441.0,441.0,441.0,0,2145,1
FINNIFTY30DEC2527400CE.NFO,2025-12-09,09:35:00,2025-12-30,441.0,441.0,441.0,441.0,0,2145,1
FINNIFTY30DEC2527400CE.NFO,2025-12-09,09:36:00,2025-12-30,441.0,441.0,441.0,441.0,0,2145,1
FINNIFTY30DEC2527400CE.NFO,2025-12-09,09:37:00,2025-12-30,441.0,441.0,441.0,441.0,0,2145,1
FINNIFTY30DEC2527400CE.NFO,2025-12-09,09:38:00,2025-12-30,441.0,441.0,441.0,441.0,0,2145,1
FINNIFTY30DEC2527400CE.NFO,2025-12-09,09:39:00,2025-12-30,441.0,441.0,441.0,441.0,0,2145,1
FINNIFTY30DEC2527400CE.NFO,2025-12-09,09:40:00,2025-12-30,441.0,441.0,441.0,441.0,0,2145,1
FINNIFTY30DEC2527400CE.NFO,2025-12-09,09:41:00,2025-12-30,441.0,441.0,441.0,441.0,0,2145,1
FINNIFTY30DEC2527400CE.NFO,2025-12-09,09:42:00,2025-12-30,441.0,441.0,441.0,441.0,0,2145,1
FINNIFTY30DEC2527400CE.NFO,2025-12-09,09:43:00,2025-12-30,441.0,441.0,441.0,441.0,0,2145,1
FINNIFTY30DEC2527400CE.NFO,2025-12-09,09:44:00,2025-12-30,441.0,441.0,441.0,441.0,0,2145,1
FINNIFTY30DEC2527400CE.NFO,2025-12-09,09:45:00,2025-12-30,441.0,441.0,441.0,441.0,0,2145,1
FINNIFTY30DEC2527400CE.NFO,2025-12-09,09:46:00,2025-12-30,441.0,441.0,441.0,441.0,0,2145,1
FINNIFTY30DEC2527400CE.NFO,2025-12-09,09:47:00,2025-12-30,441.0,441.0,441.0,441.0,0,2145,1
FINNIFTY30DEC2527400CE.NFO,2025-12-09,09:48:00,2025-12-30,441.0,441.0,441.0,441.0,0,2145,1
FINNIFTY30DEC2527400CE.NFO,2025-12-09,09:49:00,2025-12-30,441.0,441.0,441.0,441.0,0,2145,1
FINNIFTY30DEC2527400CE.NFO,2025-12-09,09:50:00,2025-12-30,441.0,441.0,441.0,441.0,0,2145,1
FINNIFTY30DEC2527400CE.NFO,2025-12-09,09:51:00,2025-12-30,441.0,441.0,441.0,441.0,0,2145,1
FINNIFTY30DEC2527400CE.NFO,2025-12-09,09:52:00,2025-12-30,441.0,441.0,441.0,441.0,0,2145,1
FINNIFTY30DEC2527400CE.NFO,2025-12-09,09:53:00,2025-12-30,441.0,441.0,441.0,441.0,0,2145,1
FINNIFTY30DEC2527400CE.NFO,2025-12-09,09:54:00,2025-12-30,441.0,441.0,441.0,441.0,0,2145,1
FINNIFTY30DEC2527400CE.NFO,2025-12-09,09:55:00,2025-12-30,441.0,441.0,441.0,441.0,0,2145,0
FINNIFTY30DEC2527400CE.NFO,2025-12-09,09:56:00,2025-12-30,441.0,441.0,441.0,441.0,0,2145,0
FINNIFTY30DEC2527400CE.NFO,2025-12-09,09:57:00,2025-12-30,441.0,442.85,441.0,442.85,195,2145,0
FINNIFTY30DEC2527400CE.NFO,2025-12-09,09:58:00,2025-12-30,442.85,442.85,440.0,440.0,130,1885,0
FINNIFTY30DEC2527400CE.NFO,2025-12-09,09:59:00,2025-12-30,440.0,440.0,440.0,440.0,0,1885,0
FINNIFTY30DEC2527400CE.NFO,2025-12-09,10:00:00,2025-12-30,440.0,440.0,440.0,440.0,0,1885,0
FINNIFTY30DEC2527400CE.NFO,2025-12-09,10:01:00,2025-12-30,440.0,440.0,440.0,440.0,0,1885,0
FINNIFTY30DEC2527400CE.NFO,2025-12-09,10:02:00,2025-12-30,440.0,440.0,440.0,440.0,0,1885,0
FINNIFTY30DEC2527400CE.NFO,2025-12-09,10:03:00,2025-12-30,440.0,440.0,440.0,440.0,0,1885,0
FINNIFTY30DEC2527400CE.NFO,2025-12-09,10:04:00,2025-12-30,440.0,440.0,440.0,440.0,0,1885,0
FINNIFTY30DEC2527400CE.NFO,2025-12-09,10:05:00,2025-12-30,440.0,440.0,440.0,440.0,0,1885,0
FINNIFTY30DEC2527400CE.NFO,2025-12-09,10:06:00,2025-12-30,440.0,440.0,440.0,440.0,0,1885,0
FINNIFTY30DEC2527400CE.NFO,2025-12-09,10:07:00,2025-12-30,440.0,440.0,440.0,440.0,0,1885,0
FINNIFTY30DEC2527400CE.NFO,2025-12-09,10:08:00,2025-12-30,440.0,440.0,440.0,440.0,0,1885,0
FINNIFTY30DEC2527400CE.NFO,2025-12-09,10:09:00,2025-12-30,440.0,440.0,440.0,440.0,0,1885,0
FINNIFTY30DEC2527400CE.NFO,2025-12-09,10:10:00,2025-12-30,440.0,440.0,440.0,440.0,0,1885,0
FINNIFTY30DEC2527400CE.NFO,2025-12-09,10:11:00,2025-12-30,440.0,476.0,440.0,476.0,130,1755,0
FINNIFTY30DEC2527400CE.NFO,2025-12-09,10:12:00,2025-12-30,476.0,476.0,473.8,473.8,65,1755,0
FINNIFTY30DEC2527400CE.NFO,2025-12-09,10:13:00,2025-12-30,473.8,473.8,473.8,473.8,0,1755,0
FINNIFTY30DEC2527400CE.NFO,2025-12-09,10:14:00,2025-12-30,473.8,473.8,473.8,473.8,0,1755,0
FINNIFTY30DEC2527400CE.NFO,2025-12-09,10:15:00,2025-12-30,473.8,473.8,473.8,473.8,0,1755,0
FINNIFTY30DEC2527400CE.NFO,2025-12-09,10:16:00,2025-12-30,473.8,473.8,473.8,473.8,0,1755,0
FINNIFTY30DEC2527400CE.NFO,2025-12-09,10:17:00,2025-12-30,473.8,473.8,473.8,473.8,0,1755,0
FINNIFTY30DEC2527400CE.NFO,2025-12-09,10:18:00,2025-12-30,473.8,473.8,473.8,473.8,0,1755,0
FINNIFTY30DEC2527400CE.NFO,2025-12-09,10:19:00,2025-12-30,473.8,490.35,473.8,490.35,65,1755,0
FINNIFTY30DEC2527400CE.NFO,2025-12-09,10:20:00,2025-12-30,490.35,490.35,490.35,490.35,0,1755,0
FINNIFTY30DEC2527400CE.NFO,2025-12-09,10:21:00,2025-12-30,490.35,490.35,490.35,490.35,0,1755,0
FINNIFTY30DEC2527400CE.NFO,2025-12-09,10:22:00,2025-12-30,490.35,490.35,490.35,490.35,0,1755,0
FINNIFTY30DEC2527400CE.NFO,2025-12-09,10:23:00,2025-12-30,490.35,490.35,490.35,490.35,0,1755,0
FINNIFTY30DEC2527400CE.NFO,2025-12-09,10:24:00,2025-12-30,490.35,490.35,490.35,490.35,0,1755,0
FINNIFTY30DEC2527400CE.NFO,2025-12-09,10:25:00,2025-12-30,490.35,490.35,490.35,490.35,0,1755,0
FINNIFTY30DEC2527400CE.NFO,2025-12-09,10:26:00,2025-12-30,490.35,490.35,490.35,490.35,0,1755,0
FINNIFTY30DEC2527400CE.NFO,2025-12-09,10:27:00,2025-12-30,490.35,490.35,490.35,490.35,0,1755,0
FINNIFTY30DEC2527400CE.NFO,2025-12-09,10:28:00,2025-12-30,490.35,490.35,490.35,490.35,0,1755,0
FINNIFTY30DEC2527400CE.NFO,2025-12-09,10:29:00,2025-12-30,490.35,490.35,490.35,490.35,0,1755,0
FINNIFTY30DEC2527400CE.NFO,2025-12-09,10:30:00,2025-12-30,490.35,490.35,490.35,490.35,0,1755,0
FINNIFTY30DEC2527400CE.NFO,2025-12-09,10:31:00,2025-12-30,490.35,490.35,490.35,490.35,0,1755,0
FINNIFTY30DEC2527400CE.NFO,2025-12-09,10:32:00,2025-12-30,490.35,490.35,490.35,490.35,0,1755,0
FINNIFTY30DEC2527400CE.NFO,2025-12-09,10:33:00,2025-12-30,490.35,490.35,490.35,490.35,0,1755,0
FINNIFTY30DEC2527400CE.NFO,2025-12-09,10:34:00,2025-12-30,490.35,490.35,490.35,490.35,0,1755,0
FINNIFTY30DEC2527400CE.NFO,2025-12-09,10:35:00,2025-12-30,490.35,490.35,490.35,490.35,0,1755,0
FINNIFTY30DEC2527400CE.NFO,2025-12-09,10:36:00,2025-12-30,490.35,490.35,490.35,490.35,0,1755,0
FINNIFTY30DEC2527400CE.NFO,2025-12-09,10:37:00,2025-12-30,490.35,490.35,490.35,490.35,0,1755,0
FINNIFTY30DEC2527400CE.NFO,2025-12-09,10:38:00,2025-12-30,490.35,490.35,490.35,490.35,0,1755,0
FINNIFTY30DEC2527400CE.NFO,2025-12-09,10:39:00,2025-12-30,490.35,490.35,490.35,490.35,0,1755,0
FINNIFTY30DEC2527400CE.NFO,2025-12-09,10:40:00,2025-12-30,490.35,490.35,490.35,490.35,0,1755,0
FINNIFTY30DEC2527400CE.NFO,2025-12-09,10:41:00,2025-12-30,490.35,490.35,490.35,490.35,0,1755,0
FINNIFTY30DEC2527400CE.NFO,2025-12-09,10:42:00,2025-12-30,490.35,490.35,490.35,490.35,0,1755,0
FINNIFTY30DEC2527400CE.NFO,2025-12-09,10:43:00,2025-12-30,490.35,490.35,490.35,490.35,0,1755,0
FINNIFTY30DEC2527400CE.NFO,2025-12-09,10:44:00,2025-12-30,490.35,490.35,490.35,490.35,0,1755,0
FINNIFTY30DEC2527400CE.NFO,2025-12-09,10:45:00,2025-12-30,490.35,490.35,490.35,490.35,0,1755,0
FINNIFTY30DEC2527400CE.NFO,2025-12-09,10:46:00,2025-12-30,490.35,490.35,490.35,490.35,0,1755,0
FINNIFTY30DEC2527400CE.NFO,2025-12-09,10:47:00,2025-12-30,490.35,490.35,490.35,490.35,0,1755,0
FINNIFTY30DEC2527400CE.NFO,2025-12-09,10:48:00,2025-12-30,490.35,490.35,490.35,490.35,0,1755,0
FINNIFTY30DEC2527400CE.NFO,2025-12-09,10:49:00,2025-12-30,490.35,490.35,490.35,490.35,0,1755,0
FINNIFTY30DEC2527400CE.NFO,2025-12-09,10:50:00,2025-12-30,490.35,490.35,490.35,490.35,0,1755,0
FINNIFTY30DEC2527400CE.NFO,2025-12-09,10:51:00,2025-12-30,490.35,490.35,490.35,490.35,0,1755,0
FINNIFTY30DEC2527400CE.NFO,2025-12-09,10:52:00,2025-12-30,490.35,490.35,490.35,490.35,0,1755,0
FINNIFTY30DEC2527400CE.NFO,2025-12-09,10:53:00,2025-12-30,490.35,490.35,490.35,490.35,0,1755,0
FINNIFTY30DEC2527400CE.NFO,2025-12-09,10:54:00,2025-12-30,490.35,490.35,490.35,490.35,0,1755,0
FINNIFTY30DEC2527400CE.NFO,2025-12-09,10:55:00,2025-12-30,490.35,490.35,490.35,490.35,0,1755,0
FINNIFTY30DEC2527400CE.NFO,2025-12-09,10:56:00,2025-12-30,490.35,490.35,490.35,490.35,0,1755,0
FINNIFTY30DEC2527400CE.NFO,2025-12-09,10:57:00,2025-12-30,490.35,492.95,490.35,492.95,65,1690,0
FINNIFTY30DEC2527400CE.NFO,2025-12-09,10:58:00,2025-12-30,492.95,492.95,488.15,488.15,65,1755,0
FINNIFTY30DEC2527400CE.NFO,2025-12-09,10:59:00,2025-12-30,488.15,488.15,488.15,488.15,0,1755,0
FINNIFTY30DEC2527400CE.NFO,2025-12-09,11:00:00,2025-12-30,488.15,488.15,488.15,488.15,0,1755,0
FINNIFTY30DEC2527400CE.NFO,2025-12-09,11:01:00,2025-12-30,488.15,488.15,488.15,488.15,0,1755,0
FINNIFTY30DEC2527400CE.NFO,2025-12-09,11:02:00,2025-12-30,488.15,488.15,488.15,488.15,0,1755,0
FINNIFTY30DEC2527400CE.NFO,2025-12-09,11:03:00,2025-12-30,488.15,488.15,488.15,488.15,0,1755,0
FINNIFTY30DEC2527400CE.NFO,2025-12-09,11:04:00,2025-12-30,488.15,488.15,488.15,488.15,0,1755,0
FINNIFTY30DEC2527400CE.NFO,2025-12-09,11:05:00,2025-12-30,488.15,488.15,488.15,488.15,0,1755,0
FINNIFTY30DEC2527400CE.NFO,2025-12-09,11:06:00,2025-12-30,488.15,488.15,488.15,488.15,0,1755,0
FINNIFTY30DEC2527400CE.NFO,2025-12-09,11:07:00,2025-12-30,488.15,488.15,488.15,488.15,0,1755,0
FINNIFTY30DEC2527400CE.NFO,2025-12-09,11:08:00,2025-12-30,488.15,488.15,488.15,488.15,0,1755,0
FINNIFTY30DEC2527400CE.NFO,2025-12-09,11:09:00,2025-12-30,488.15,488.15,488.15,488.15,0,1755,0
FINNIFTY30DEC2527400CE.NFO,2025-12-09,11:10:00,2025-12-30,488.15,522.0,488.15,522.0,65,1690,0
FINNIFTY30DEC2527400CE.NFO,2025-12-09,11:11:00,2025-12-30,522.0,522.0,522.0,522.0,0,1690,0
FINNIFTY30DEC2527400CE.NFO,2025-12-09,11:12:00,2025-12-30,522.0,522.0,522.0,522.0,0,1690,0
FINNIFTY30DEC2527400CE.NFO,2025-12-09,11:13:00,2025-12-30,522.0,522.0,522.0,522.0,0,1690,0
FINNIFTY30DEC2527400CE.NFO,2025-12-09,11:14:00,2025-12-30,522.0,522.0,522.0,522.0,0,1690,0
FINNIFTY30DEC2527400CE.NFO,2025-12-09,11:15:00,2025-12-30,522.0,522.0,522.0,522.0,0,1690,0
FINNIFTY30DEC2527400CE.NFO,2025-12-09,11:16:00,2025-12-30,522.0,522.0,522.0,522.0,0,1690,0
FINNIFTY30DEC2527400CE.NFO,2025-12-09,11:17:00,2025-12-30,522.0,522.0,522.0,522.0,0,1690,0
FINNIFTY30DEC2527400CE.NFO,2025-12-09,11:18:00,2025-12-30,522.0,522.0,522.0,522.0,0,1690,0
FINNIFTY30DEC2527400CE.NFO,2025-12-09,11:19:00,2025-12-30,522.0,522.0,522.0,522.0,0,1690,0
FINNIFTY30DEC2527400CE.NFO,2025-12-09,11:20:00,2025-12-30,522.0,522.0,522.0,522.0,0,1690,0
FINNIFTY30DEC2527400CE.NFO,2025-12-09,11:21:00,2025-12-30,522.0,522.0,522.0,522.0,0,1690,0
FINNIFTY30DEC2527400CE.NFO,2025-12-09,11:22:00,2025-12-30,522.0,522.0,522.0,522.0,0,1690,0
FINNIFTY30DEC2527400CE.NFO,2025-12-09,11:23:00,2025-12-30,522.0,522.0,522.0,522.0,0,1690,0
FINNIFTY30DEC2527400CE.NFO,2025-12-09,11:24:00,2025-12-30,522.0,522.0,522.0,522.0,0,1690,0
FINNIFTY30DEC2527400CE.NFO,2025-12-09,11:25:00,2025-12-30,522.0,522.0,522.0,522.0,0,1690,0
FINNIFTY30DEC2527400CE.NFO,2025-12-09,11:26:00,2025-12-30,522.0,522.0,522.0,522.0,0,1690,0
FINNIFTY30DEC2527400CE.NFO,2025-12-09,11:27:00,2025-12-30,522.0,522.0,522.0,522.0,0,1690,0
FINNIFTY30DEC2527400CE.NFO,2025-12-09,11:28:00,2025-12-30,522.0,522.0,497.5,497.5,65,1755,0
FINNIFTY30DEC2527400CE.NFO,2025-12-09,11:29:00,2025-12-30,497.5,497.5,497.5,497.5,0,1755,0
FINNIFTY30DEC2527400CE.NFO,2025-12-09,11:30:00,2025-12-30,497.5,497.5,497.5,497.5,0,1755,0
FINNIFTY30DEC2527400CE.NFO,2025-12-09,11:31:00,2025-12-30,497.5,497.5,497.5,497.5,0,1755,0
FINNIFTY30DEC2527400CE.NFO,2025-12-09,11:32:00,2025-12-30,497.5,497.5,497.5,497.5,0,1755,0
FINNIFTY30DEC2527400CE.NFO,2025-12-09,11:33:00,2025-12-30,497.5,497.5,497.5,497.5,0,1755,0
FINNIFTY30DEC2527400CE.NFO,2025-12-09,11:34:00,2025-12-30,497.5,497.5,497.5,497.5,0,1755,0
FINNIFTY30DEC2527400CE.NFO,2025-12-09,11:35:00,2025-12-30,497.5,497.5,497.5,497.5,0,1755,0
FINNIFTY30DEC2527400CE.NFO,2025-12-09,11:36:00,2025-12-30,497.5,497.5,497.5,497.5,0,1755,0
FINNIFTY30DEC2527400CE.NFO,2025-12-09,11:37:00,2025-12-30,497.5,497.5,497.5,497.5,0,1755,0
FINNIFTY30DEC2527400CE.NFO,2025-12-09,11:38:00,2025-12-30,497.5,497.5,497.5,497.5,0,1755,0
FINNIFTY30DEC2527400CE.NFO,2025-12-09,11:39:00,2025-12-30,497.5,497.5,497.5,497.5,0,1755,0
FINNIFTY30DEC2527400CE.NFO,2025-12-09,11:40:00,2025-12-30,497.5,497.5,497.5,497.5,0,1755,0
FINNIFTY30DEC2527400CE.NFO,2025-12-09,11:41:00,2025-12-30,497.5,497.5,497.5,497.5,0,1755,0
FINNIFTY30DEC2527400CE.NFO,2025-12-09,11:42:00,2025-12-30,497.5,497.5,497.5,497.5,0,1755,0
FINNIFTY30DEC2527400CE.NFO,2025-12-09,11:43:00,2025-12-30,497.5,497.5,497.5,497.5,0,1755,0
FINNIFTY30DEC2527400CE.NFO,2025-12-09,11:44:00,2025-12-30,497.5,497.5,497.5,497.5,0,1755,0
FINNIFTY30DEC2527400CE.NFO,2025-12-09,11:45:00,2025-12-30,497.5,497.5,497.5,497.5,0,1755,0
FINNIFTY30DEC2527400CE.NFO,2025-12-09,11:46:00,2025-12-30,497.5,497.5,497.5,497.5,0,1755,0
FINNIFTY30DEC2527400CE.NFO,2025-12-09,11:47:00,2025-12-30,497.5,497.5,497.5,497.5,0,1755,0
FINNIFTY30DEC2527400CE.NFO,2025-12-09,11:48:00,2025-12-30,497.5,497.5,497.5,497.5,0,1755,0
FINNIFTY30DEC2527400CE.NFO,2025-12-09,11:49:00,2025-12-30,497.5,497.5,497.5,497.5,0,1755,0
FINNIFTY30DEC2527400CE.NFO,2025-12-09,11:50:00,2025-12-30,497.5,497.5,497.5,497.5,0,1755,0
FINNIFTY30DEC2527400CE.NFO,2025-12-09,11:51:00,2025-12-30,497.5,497.5,497.5,497.5,0,1755,0
FINNIFTY30DEC2527400CE.NFO,2025-12-09,11:52:00,2025-12-30,497.5,497.5,497.5,497.5,0,1755,0
FINNIFTY30DEC2527400CE.NFO,2025-12-09,11:53:00,2025-12-30,497.5,497.5,497.5,497.5,0,1755,0
FINNIFTY30DEC2527400CE.NFO,2025-12-09,11:54:00,2025-12-30,497.5,497.5,497.5,497.5,0,1755,0
FINNIFTY30DEC2527400CE.NFO,2025-12-09,11:55:00,2025-12-30,497.5,497.5,497.5,497.5,0,1755,0
FINNIFTY30DEC2527400CE.NFO,2025-12-09,11:56:00,2025-12-30,497.5,497.5,497.5,497.5,0,1755,0
FINNIFTY30DEC2527400CE.NFO,2025-12-09,11:57:00,2025-12-30,497.5,497.5,497.5,497.5,0,1755,0
FINNIFTY30DEC2527400CE.NFO,2025-12-09,11:58:00,2025-12-30,497.5,497.5,497.5,497.5,0,1755,0
FINNIFTY30DEC2527400CE.NFO,2025-12-09,11:59:00,2025-12-30,497.5,497.5,497.5,497.5,0,1755,0
FINNIFTY30DEC2527400CE.NFO,2025-12-09,12:00:00,2025-12-30,497.5,502.0,497.5,502.0,65,1690,0
FINNIFTY30DEC2527400CE.NFO,2025-12-09,12:01:00,2025-12-30,502.0,502.0,502.0,502.0,0,1690,0
FINNIFTY30DEC2527400CE.NFO,2025-12-09,12:02:00,2025-12-30,502.0,502.0,502.0,502.0,0,1690,0
FINNIFTY30DEC2527400CE.NFO,2025-12-09,12:03:00,2025-12-30,502.0,502.0,502.0,502.0,0,1690,0
FINNIFTY30DEC2527400CE.NFO,2025-12-09,12:04:00,2025-12-30,502.0,502.0,502.0,502.0,0,1690,0
FINNIFTY30DEC2527400CE.NFO,2025-12-09,12:05:00,2025-12-30,502.0,502.0,502.0,502.0,0,1690,0
FINNIFTY30DEC2527400CE.NFO,2025-12-09,12:06:00,2025-12-30,502.0,502.0,502.0,502.0,0,1690,0
FINNIFTY30DEC2527400CE.NFO,2025-12-09,12:07:00,2025-12-30,502.0,502.0,502.0,502.0,0,1690,0
FINNIFTY30DEC2527400CE.NFO,2025-12-09,12:08:00,2025-12-30,502.0,502.0,502.0,502.0,0,1690,0
FINNIFTY30DEC2527400CE.NFO,2025-12-09,12:09:00,2025-12-30,502.0,502.0,502.0,502.0,0,1690,0
FINNIFTY30DEC2527400CE.NFO,2025-12-09,12:10:00,2025-12-30,502.0,502.0,502.0,502.0,0,1690,0
FINNIFTY30DEC2527400CE.NFO,2025-12-09,12:11:00,2025-12-30,502.0,502.0,502.0,502.0,0,1690,0
FINNIFTY30DEC2527400CE.NFO,2025-12-09,12:12:00,2025-12-30,502.0,502.0,502.0,502.0,0,1690,0
FINNIFTY30DEC2527400CE.NFO,2025-12-09,12:13:00,2025-12-30,502.0,502.0,502.0,502.0,0,1690,0
FINNIFTY30DEC2527400CE.NFO,2025-12-09,12:14:00,2025-12-30,502.0,502.0,502.0,502.0,0,1690,0
FINNIFTY30DEC2527400CE.NFO,2025-12-09,12:15:00,2025-12-30,502.0,502.0,502.0,502.0,0,1690,0
FINNIFTY30DEC2527400CE.NFO,2025-12-09,12:16:00,2025-12-30,502.0,502.0,502.0,502.0,0,1690,0
FINNIFTY30DEC2527400CE.NFO,2025-12-09,12:17:00,2025-12-30,502.0,502.0,502.0,502.0,0,1690,0
FINNIFTY30DEC2527400CE.NFO,2025-12-09,12:18:00,2025-12-30,502.0,502.0,502.0,502.0,0,1690,0
FINNIFTY30DEC2527400CE.NFO,2025-12-09,12:19:00,2025-12-30,502.0,502.0,502.0,502.0,0,1690,0
FINNIFTY30DEC2527400CE.NFO,2025-12-09,12:20:00,2025-12-30,502.0,502.0,502.0,502.0,0,1690,0
FINNIFTY30DEC2527400CE.NFO,2025-12-09,12:21:00,2025-12-30,502.0,502.0,502.0,502.0,0,1690,0
FINNIFTY30DEC2527400CE.NFO,2025-12-09,12:22:00,2025-12-30,502.0,502.0,502.0,502.0,0,1690,0
FINNIFTY30DEC2527400CE.NFO,2025-12-09,12:23:00,2025-12-30,502.0,502.0,502.0,502.0,0,1690,0
FINNIFTY30DEC2527400CE.NFO,2025-12-09,12:24:00,2025-12-30,502.0,502.0,502.0,502.0,0,1690,0
FINNIFTY30DEC2527400CE.NFO,2025-12-09,12:25:00,2025-12-30,502.0,502.0,502.0,502.0,0,1690,0
FINNIFTY30DEC2527400CE.NFO,2025-12-09,12:26:00,2025-12-30,502.0,502.0,502.0,502.0,0,1690,0
FINNIFTY30DEC2527400CE.NFO,2025-12-09,12:27:00,2025-12-30,502.0,502.0,502.0,502.0,0,1690,0
FINNIFTY30DEC2527400CE.NFO,2025-12-09,12:28:00,2025-12-30,502.0,502.0,502.0,502.0,0,1690,0
FINNIFTY30DEC2527400CE.NFO,2025-12-09,12:29:00,2025-12-30,502.0,502.0,502.0,502.0,0,1690,0
FINNIFTY30DEC2527400CE.NFO,2025-12-09,12:30:00,2025-12-30,502.0,502.0,502.0,502.0,0,1690,0
FINNIFTY30DEC2527400CE.NFO,2025-12-09,12:31:00,2025-12-30,502.0,502.0,502.0,502.0,0,1690,0
FINNIFTY30DEC2527400CE.NFO,2025-12-09,12:32:00,2025-12-30,502.0,502.0,502.0,502.0,0,1690,0
FINNIFTY30DEC2527400CE.NFO,2025-12-09,12:33:00,2025-12-30,502.0,502.0,502.0,502.0,0,1690,0
FINNIFTY30DEC2527400CE.NFO,2025-12-09,12:34:00,2025-12-30,502.0,502.0,502.0,502.0,0,1690,0
FINNIFTY30DEC2527400CE.NFO,2025-12-09,12:35:00,2025-12-30,502.0,502.0,502.0,502.0,0,1690,0
FINNIFTY30DEC2527400CE.NFO,2025-12-09,12:36:00,2025-12-30,502.0,502.0,502.0,502.0,0,1690,0
FINNIFTY30DEC2527400CE.NFO,2025-12-09,12:37:00,2025-12-30,502.0,528.95,502.0,528.95,65,1755,0
FINNIFTY30DEC2527400CE.NFO,2025-12-09,12:38:00,2025-12-30,528.95,528.95,528.95,528.95,0,1755,0
FINNIFTY30DEC2527400CE.NFO,2025-12-09,12:39:00,2025-12-30,528.95,528.95,528.95,528.95,0,1755,0
FINNIFTY30DEC2527400CE.NFO,2025-12-09,12:40:00,2025-12-30,528.95,528.95,528.95,528.95,0,1755,0
FINNIFTY30DEC2527400CE.NFO,2025-12-09,12:41:00,2025-12-30,528.95,528.95,528.95,528.95,0,1755,0
FINNIFTY30DEC2527400CE.NFO,2025-12-09,12:42:00,2025-12-30,528.95,528.95,528.95,528.95,0,1755,0
FINNIFTY30DEC2527400CE.NFO,2025-12-09,12:43:00,2025-12-30,528.95,528.95,528.95,528.95,0,1755,0
FINNIFTY30DEC2527400CE.NFO,2025-12-09,12:44:00,2025-12-30,528.95,528.95,528.95,528.95,0,1755,0
FINNIFTY30DEC2527400CE.NFO,2025-12-09,12:45:00,2025-12-30,528.95,528.95,528.95,528.95,0,1755,0
FINNIFTY30DEC2527400CE.NFO,2025-12-09,12:46:00,2025-12-30,528.95,528.95,528.95,528.95,0,1755,0
FINNIFTY30DEC2527400CE.NFO,2025-12-09,12:47:00,2025-12-30,528.95,528.95,528.95,528.95,0,1755,0
FINNIFTY30DEC2527400CE.NFO,2025-12-09,12:48:00,2025-12-30,528.95,528.95,528.95,528.95,0,1755,0
FINNIFTY30DEC2527400CE.NFO,2025-12-09,12:49:00,2025-12-30,528.95,528.95,528.95,528.95,0,1755,0
FINNIFTY30DEC2527400CE.NFO,2025-12-09,12:50:00,2025-12-30,528.95,528.95,528.95,528.95,0,1755,0
FINNIFTY30DEC2527400CE.NFO,2025-12-09,12:51:00,2025-12-30,528.95,528.95,528.95,528.95,0,1755,0
FINNIFTY30DEC2527400CE.NFO,2025-12-09,12:52:00,2025-12-30,528.95,528.95,528.95,528.95,0,1755,0
FINNIFTY30DEC2527400CE.NFO,2025-12-09,12:53:00,2025-12-30,528.95,528.95,528.95,528.95,0,1755,0
FINNIFTY30DEC2527400CE.NFO,2025-12-09,12:54:00,2025-12-30,528.95,528.95,528.95,528.95,0,1755,0
FINNIFTY30DEC2527400CE.NFO,2025-12-09,12:55:00,2025-12-30,528.95,528.95,528.95,528.95,0,1755,0
FINNIFTY30DEC2527400CE.NFO,2025-12-09,12:56:00,2025-12-30,528.95,528.95,490.05,490.05,65,1820,0
FINNIFTY30DEC2527400CE.NFO,2025-12-09,12:57:00,2025-12-30,490.05,490.05,490.05,490.05,0,1820,0
FINNIFTY30DEC2527400CE.NFO,2025-12-09,12:58:00,2025-12-30,490.05,490.05,490.05,490.05,0,1820,0
FINNIFTY30DEC2527400CE.NFO,2025-12-09,12:59:00,2025-12-30,490.05,490.05,490.05,490.05,0,1820,0
FINNIFTY30DEC2527400CE.NFO,2025-12-09,13:00:00,2025-12-30,490.05,490.05,490.05,490.05,0,1820,0
FINNIFTY30DEC2527400CE.NFO,2025-12-09,13:01:00,2025-12-30,490.05,490.05,490.05,490.05,0,1820,0
FINNIFTY30DEC2527400CE.NFO,2025-12-09,13:02:00,2025-12-30,490.05,490.05,490.05,490.05,0,1820,0
FINNIFTY30DEC2527400CE.NFO,2025-12-09,13:03:00,2025-12-30,490.05,490.05,490.05,490.05,0,1820,0
FINNIFTY30DEC2527400CE.NFO,2025-12-09,13:04:00,2025-12-30,490.05,490.05,490.05,490.05,0,1820,0
FINNIFTY30DEC2527400CE.NFO,2025-12-09,13:05:00,2025-12-30,490.05,490.05,490.05,490.05,0,1820,0
FINNIFTY30DEC2527400CE.NFO,2025-12-09,13:06:00,2025-12-30,490.05,490.05,490.05,490.05,0,1820,0
FINNIFTY30DEC2527400CE.NFO,2025-12-09,13:07:00,2025-12-30,490.05,490.05,490.05,490.05,0,1820,0
FINNIFTY30DEC2527400CE.NFO,2025-12-09,13:08:00,2025-12-30,490.05,490.05,490.05,490.05,0,1820,0
FINNIFTY30DEC2527400CE.NFO,2025-12-09,13:09:00,2025-12-30,490.05,490.05,490.05,490.05,0,1820,0
FINNIFTY30DEC2527400CE.NFO,2025-12-09,13:10:00,2025-12-30,490.05,490.05,490.05,490.05,0,1820,0
FINNIFTY30DEC2527400CE.NFO,2025-12-09,13:11:00,2025-12-30,490.05,490.05,490.05,490.05,0,1820,0
FINNIFTY30DEC2527400CE.NFO,2025-12-09,13:12:00,2025-12-30,490.05,490.05,490.05,490.05,0,1820,0
FINNIFTY30DEC2527400CE.NFO,2025-12-09,13:13:00,2025-12-30,490.05,490.05,490.05,490.05,0,1820,0
FINNIFTY30DEC2527400CE.NFO,2025-12-09,13:14:00,2025-12-30,490.05,490.05,490.05,490.05,0,1820,0
FINNIFTY30DEC2527400CE.NFO,2025-12-09,13:15:00,2025-12-30,490.05,490.05,490.05,490.05,0,1820,0
FINNIFTY30DEC2527400CE.NFO,2025-12-09,13:16:00,2025-12-30,490.05,490.05,490.05,490.05,0,1820,0
FINNIFTY30DEC2527400CE.NFO,2025-12-09,13:17:00,2025-12-30,490.05,506.9,490.05,506.9,325,1885,0
FINNIFTY30DEC2527400CE.NFO,2025-12-09,13:18:00,2025-12-30,506.9,506.9,506.9,506.9,0,1885,0
FINNIFTY30DEC2527400CE.NFO,2025-12-09,13:19:00,2025-12-30,506.9,506.9,506.9,506.9,0,1885,0
FINNIFTY30DEC2527400CE.NFO,2025-12-09,13:20:00,2025-12-30,506.9,506.9,506.9,506.9,0,1885,0
FINNIFTY30DEC2527400CE.NFO,2025-12-09,13:21:00,2025-12-30,506.9,506.9,506.9,506.9,0,1885,0
FINNIFTY30DEC2527400CE.NFO,2025-12-09,13:22:00,2025-12-30,506.9,506.9,506.9,506.9,0,1885,0
FINNIFTY30DEC2527400CE.NFO,2025-12-09,13:23:00,2025-12-30,506.9,506.9,506.9,506.9,65,2145,0
FINNIFTY30DEC2527400CE.NFO,2025-12-09,13:24:00,2025-12-30,506.9,506.9,506.9,506.9,0,2145,0
FINNIFTY30DEC2527400CE.NFO,2025-12-09,13:25:00,2025-12-30,506.9,506.9,506.9,506.9,0,2145,0
FINNIFTY30DEC2527400CE.NFO,2025-12-09,13:26:00,2025-12-30,506.9,506.9,506.9,506.9,0,2145,0
FINNIFTY30DEC2527400CE.NFO,2025-12-09,13:27:00,2025-12-30,506.9,506.9,506.9,506.9,0,2145,0
FINNIFTY30DEC2527400CE.NFO,2025-12-09,13:28:00,2025-12-30,506.9,506.9,506.9,506.9,0,2145,0
FINNIFTY30DEC2527400CE.NFO,2025-12-09,13:29:00,2025-12-30,506.9,516.9,506.9,516.9,65,2145,0
FINNIFTY30DEC2527400CE.NFO,2025-12-09,13:30:00,2025-12-30,516.9,516.9,516.9,516.9,0,2145,0
FINNIFTY30DEC2527400CE.NFO,2025-12-09,13:31:00,2025-12-30,516.9,516.9,516.9,516.9,0,2145,0
FINNIFTY30DEC2527400CE.NFO,2025-12-09,13:32:00,2025-12-30,516.9,516.9,516.9,516.9,0,2145,0
FINNIFTY30DEC2527400CE.NFO,2025-12-09,13:33:00,2025-12-30,516.9,516.9,516.9,516.9,0,2145,0
FINNIFTY30DEC2527400CE.NFO,2025-12-09,13:34:00,2025-12-30,516.9,516.9,516.9,516.9,0,2145,0
FINNIFTY30DEC2527400CE.NFO,2025-12-09,13:35:00,2025-12-30,516.9,516.9,516.9,516.9,0,2145,0
FINNIFTY30DEC2527400CE.NFO,2025-12-09,13:36:00,2025-12-30,516.9,516.9,516.9,516.9,0,2145,0
FINNIFTY30DEC2527400CE.NFO,2025-12-09,13:37:00,2025-12-30,516.9,516.9,516.9,516.9,0,2145,0
FINNIFTY30DEC2527400CE.NFO,2025-12-09,13:38:00,2025-12-30,516.9,516.9,516.9,516.9,0,2145,0
FINNIFTY30DEC2527400CE.NFO,2025-12-09,13:39:00,2025-12-30,516.9,516.9,516.9,516.9,0,2145,0
FINNIFTY30DEC2527400CE.NFO,2025-12-09,13:40:00,2025-12-30,516.9,516.9,516.9,516.9,0,2145,0
FINNIFTY30DEC2527400CE.NFO,2025-12-09,13:41:00,2025-12-30,516.9,516.9,516.9,516.9,0,2145,0
FINNIFTY30DEC2527400CE.NFO,2025-12-09,13:42:00,2025-12-30,516.9,516.9,516.9,516.9,0,2145,0
FINNIFTY30DEC2527400CE.NFO,2025-12-09,13:43:00,2025-12-30,516.9,516.9,516.9,516.9,0,2145,0
FINNIFTY30DEC2527400CE.NFO,2025-12-09,13:44:00,2025-12-30,516.9,516.9,511.6,511.6,325,2145,0
FINNIFTY30DEC2527400CE.NFO,2025-12-09,13:45:00,2025-12-30,511.6,511.6,511.6,511.6,0,2145,0
FINNIFTY30DEC2527400CE.NFO,2025-12-09,13:46:00,2025-12-30,511.6,511.6,511.6,511.6,0,2145,0
FINNIFTY30DEC2527400CE.NFO,2025-12-09,13:47:00,2025-12-30,511.6,511.6,511.6,511.6,0,2145,0
FINNIFTY30DEC2527400CE.NFO,2025-12-09,13:48:00,2025-12-30,511.6,511.6,511.6,511.6,0,2145,0
FINNIFTY30DEC2527400CE.NFO,2025-12-09,13:49:00,2025-12-30,511.6,530.5,511.6,530.5,0,1950,0
FINNIFTY30DEC2527400CE.NFO,2025-12-09,13:50:00,2025-12-30,530.5,530.5,530.5,530.5,65,1950,0
FINNIFTY30DEC2527400CE.NFO,2025-12-09,13:51:00,2025-12-30,530.5,530.5,530.5,530.5,0,1950,0
FINNIFTY30DEC2527400CE.NFO,2025-12-09,13:52:00,2025-12-30,530.5,530.5,530.5,530.5,0,1950,0
FINNIFTY30DEC2527400CE.NFO,2025-12-09,13:53:00,2025-12-30,530.5,530.5,530.5,530.5,0,1950,0
FINNIFTY30DEC2527400CE.NFO,2025-12-09,13:54:00,2025-12-30,530.5,530.5,530.5,530.5,0,1950,0
FINNIFTY30DEC2527400CE.NFO,2025-12-09,13:55:00,2025-12-30,530.5,530.5,530.5,530.5,0,1950,0
FINNIFTY30DEC2527400CE.NFO,2025-12-09,13:56:00,2025-12-30,530.5,530.5,530.5,530.5,0,1950,0
FINNIFTY30DEC2527400CE.NFO,2025-12-09,13:57:00,2025-12-30,530.5,530.5,530.5,530.5,0,1950,0
FINNIFTY30DEC2527400CE.NFO,2025-12-09,13:58:00,2025-12-30,530.5,530.5,530.5,530.5,0,1950,0
FINNIFTY30DEC2527400CE.NFO,2025-12-09,13:59:00,2025-12-30,530.5,530.5,530.5,530.5,0,1950,0
FINNIFTY30DEC2527400CE.NFO,2025-12-09,14:00:00,2025-12-30,530.5,530.5,530.5,530.5,0,1950,0
FINNIFTY30DEC2527400CE.NFO,2025-12-09,14:01:00,2025-12-30,530.5,530.5,530.5,530.5,0,1950,0
FINNIFTY30DEC2527400CE.NFO,2025-12-09,14:02:00,2025-12-30,530.5,530.5,530.5,530.5,0,1950,0
FINNIFTY30DEC2527400CE.NFO,2025-12-09,14:03:00,2025-12-30,530.5,530.5,530.5,530.5,0,1950,0
FINNIFTY30DEC2527400CE.NFO,2025-12-09,14:04:00,2025-12-30,530.5,530.5,530.5,530.5,0,1950,0
FINNIFTY30DEC2527400CE.NFO,2025-12-09,14:05:00,2025-12-30,530.5,530.5,509.75,509.75,65,1885,0
FINNIFTY30DEC2527400CE.NFO,2025-12-09,14:06:00,2025-12-30,509.75,509.75,509.75,509.75,0,1885,0
FINNIFTY30DEC2527400CE.NFO,2025-12-09,14:07:00,2025-12-30,509.75,509.75,509.75,509.75,0,1885,0
FINNIFTY30DEC2527400CE.NFO,2025-12-09,14:08:00,2025-12-30,509.75,509.75,509.75,509.75,0,1885,0
FINNIFTY30DEC2527400CE.NFO,2025-12-09,14:09:00,2025-12-30,509.75,509.75,509.75,509.75,0,1885,0
FINNIFTY30DEC2527400CE.NFO,2025-12-09,14:10:00,2025-12-30,509.75,509.75,509.75,509.75,0,1885,0
FINNIFTY30DEC2527400CE.NFO,2025-12-09,14:11:00,2025-12-30,509.75,509.75,509.75,509.75,0,1885,0
FINNIFTY30DEC2527400CE.NFO,2025-12-09,14:12:00,2025-12-30,509.75,509.75,509.75,509.75,0,1885,0
FINNIFTY30DEC2527400CE.NFO,2025-12-09,14:13:00,2025-12-30,509.75,509.75,509.75,509.75,0,1885,0
FINNIFTY30DEC2527400CE.NFO,2025-12-09,14:14:00,2025-12-30,509.75,509.75,509.75,509.75,0,1885,0
FINNIFTY30DEC2527400CE.NFO,2025-12-09,14:15:00,2025-12-30,509.75,509.75,509.75,509.75,0,1885,0
FINNIFTY30DEC2527400CE.NFO,2025-12-09,14:16:00,2025-12-30,509.75,509.75,509.75,509.75,0,1885,0
FINNIFTY30DEC2527400CE.NFO,2025-12-09,14:17:00,2025-12-30,509.75,509.75,509.75,509.75,0,1885,0
FINNIFTY30DEC2527400CE.NFO,2025-12-09,14:18:00,2025-12-30,509.75,509.75,509.75,509.75,0,1885,0
FINNIFTY30DEC2527400CE.NFO,2025-12-09,14:19:00,2025-12-30,509.75,509.75,509.75,509.75,0,1885,0
FINNIFTY30DEC2527400CE.NFO,2025-12-09,14:20:00,2025-12-30,509.75,509.75,509.75,509.75,0,1885,0
FINNIFTY30DEC2527400CE.NFO,2025-12-09,14:21:00,2025-12-30,509.75,509.75,509.75,509.75,0,1885,0
FINNIFTY30DEC2527400CE.NFO,2025-12-09,14:22:00,2025-12-30,509.75,509.75,509.75,509.75,0,1885,0
FINNIFTY30DEC2527400CE.NFO,2025-12-09,14:23:00,2025-12-30,509.75,509.75,509.75,509.75,0,1885,0
FINNIFTY30DEC2527400CE.NFO,2025-12-09,14:24:00,2025-12-30,509.75,509.75,509.75,509.75,0,1885,0
FINNIFTY30DEC2527400CE.NFO,2025-12-09,14:25:00,2025-12-30,509.75,509.75,509.75,509.75,0,1885,0
FINNIFTY30DEC2527400CE.NFO,2025-12-09,14:26:00,2025-12-30,509.75,509.75,490.0,490.0,0,1885,0
FINNIFTY30DEC2527400CE.NFO,2025-12-09,14:27:00,2025-12-30,490.0,490.0,490.0,490.0,65,1885,0
FINNIFTY30DEC2527400CE.NFO,2025-12-09,14:28:00,2025-12-30,490.0,490.0,490.0,490.0,0,1885,0
FINNIFTY30DEC2527400CE.NFO,2025-12-09,14:29:00,2025-12-30,490.0,490.0,490.0,490.0,0,1885,0
FINNIFTY30DEC2527400CE.NFO,2025-12-09,14:30:00,2025-12-30,490.0,490.0,490.0,490.0,0,1885,0
FINNIFTY30DEC2527400CE.NFO,2025-12-09,14:31:00,2025-12-30,490.0,490.0,490.0,490.0,0,1885,0
FINNIFTY30DEC2527400CE.NFO,2025-12-09,14:32:00,2025-12-30,490.0,490.0,490.0,490.0,0,1885,0
FINNIFTY30DEC2527400CE.NFO,2025-12-09,14:33:00,2025-12-30,490.0,490.0,490.0,490.0,0,1885,0
FINNIFTY30DEC2527400CE.NFO,2025-12-09,14:34:00,2025-12-30,490.0,490.0,490.0,490.0,0,1885,0
FINNIFTY30DEC2527400CE.NFO,2025-12-09,14:35:00,2025-12-30,490.0,490.0,490.0,490.0,0,1885,0
FINNIFTY30DEC2527400CE.NFO,2025-12-09,14:36:00,2025-12-30,490.0,490.0,490.0,490.0,0,1885,0
FINNIFTY30DEC2527400CE.NFO,2025-12-09,14:37:00,2025-12-30,490.0,490.0,490.0,490.0,0,1885,0
FINNIFTY30DEC2527400CE.NFO,2025-12-09,14:38:00,2025-12-30,490.0,490.0,490.0,490.0,0,1885,0
FINNIFTY30DEC2527400CE.NFO,2025-12-09,14:39:00,2025-12-30,490.0,490.0,490.0,490.0,0,1885,0
FINNIFTY30DEC2527400CE.NFO,2025-12-09,14:40:00,2025-12-30,490.0,490.0,490.0,490.0,0,1885,0
FINNIFTY30DEC2527400CE.NFO,2025-12-09,14:41:00,2025-12-30,490.0,490.0,490.0,490.0,0,1885,0
FINNIFTY30DEC2527400CE.NFO,2025-12-09,14:42:00,2025-12-30,490.0,490.0,490.0,490.0,0,1885,0
FINNIFTY30DEC2527400CE.NFO,2025-12-09,14:43:00,2025-12-30,490.0,490.0,490.0,490.0,0,1885,0
FINNIFTY30DEC2527400CE.NFO,2025-12-09,14:44:00,2025-12-30,490.0,490.0,490.0,490.0,0,1885,0
FINNIFTY30DEC2527400CE.NFO,2025-12-09,14:45:00,2025-12-30,490.0,490.0,490.0,490.0,0,1885,0
FINNIFTY30DEC2527400CE.NFO,2025-12-09,14:46:00,2025-12-30,490.0,490.0,490.0,490.0,0,1885,0
FINNIFTY30DEC2527400CE.NFO,2025-12-09,14:47:00,2025-12-30,490.0,490.0,490.0,490.0,0,1885,0
FINNIFTY30DEC2527400CE.NFO,2025-12-09,14:48:00,2025-12-30,490.0,490.0,490.0,490.0,0,1885,0
FINNIFTY30DEC2527400CE.NFO,2025-12-09,14:49:00,2025-12-30,490.0,490.0,490.0,490.0,0,1885,0
FINNIFTY30DEC2527400CE.NFO,2025-12-09,14:50:00,2025-12-30,490.0,490.0,490.0,490.0,0,1885,0
FINNIFTY30DEC2527400CE.NFO,2025-12-09,14:51:00,2025-12-30,490.0,490.0,490.0,490.0,0,1885,0
FINNIFTY30DEC2527400CE.NFO,2025-12-09,14:52:00,2025-12-30,490.0,490.0,490.0,490.0,0,1885,0
FINNIFTY30DEC2527400CE.NFO,2025-12-09,14:53:00,2025-12-30,490.0,490.0,490.0,490.0,0,1885,0
FINNIFTY30DEC2527400CE.NFO,2025-12-09,14:54:00,2025-12-30,490.0,490.0,490.0,490.0,0,1885,0
FINNIFTY30DEC2527400CE.NFO,2025-12-09,14:55:00,2025-12-30,490.0,490.0,490.0,490.0,0,1885,0
FINNIFTY30DEC2527400CE.NFO,2025-12-09,14:56:00,2025-12-30,490.0,490.0,490.0,490.0,0,1885,0
FINNIFTY30DEC2527400CE.NFO,2025-12-09,14:57:00,2025-12-30,490.0,490.0,490.0,490.0,0,1885,0
FINNIFTY30DEC2527400CE.NFO,2025-12-09,14:58:00,2025-12-30,490.0,490.0,490.0,490.0,0,1885,0
FINNIFTY30DEC2527400CE.NFO,2025-12-09,14:59:00,2025-12-30,490.0,490.0,490.0,490.0,0,1885,0
FINNIFTY30DEC2527400CE.NFO,2025-12-09,15:00:00,2025-12-30,490.0,493.35,490.0,493.35,65,1950,0
FINNIFTY30DEC2527400CE.NFO,2025-12-09,15:01:00,2025-12-30,493.35,493.35,493.35,493.35,0,1950,0
FINNIFTY30DEC2527400CE.NFO,2025-12-09,15:02:00,2025-12-30,493.35,493.35,493.35,493.35,0,1950,0
FINNIFTY30DEC2527400CE.NFO,2025-12-09,15:03:00,2025-12-30,493.35,493.35,493.35,493.35,0,1950,0
FINNIFTY30DEC2527400CE.NFO,2025-12-09,15:04:00,2025-12-30,493.35,493.35,493.35,493.35,0,1950,0
FINNIFTY30DEC2527400CE.NFO,2025-12-09,15:05:00,2025-12-30,493.35,493.35,493.35,493.35,0,1950,0
FINNIFTY30DEC2527400CE.NFO,2025-12-09,15:06:00,2025-12-30,493.35,493.35,493.35,493.35,0,1950,0
FINNIFTY30DEC2527400CE.NFO,2025-12-09,15:07:00,2025-12-30,493.35,493.35,493.35,493.35,0,1950,0
FINNIFTY30DEC2527400CE.NFO,2025-12-09,15:08:00,2025-12-30,493.35,493.35,493.35,493.35,0,1950,0
FINNIFTY30DEC2527400CE.NFO,2025-12-09,15:09:00,2025-12-30,493.35,493.35,493.35,493.35,0,1950,0
FINNIFTY30DEC2527400CE.NFO,2025-12-09,15:10:00,2025-12-30,493.35,493.35,493.35,493.35,0,1950,0
FINNIFTY30DEC2527400CE.NFO,2025-12-09,15:11:00,2025-12-30,493.35,493.35,493.35,493.35,0,1950,0
FINNIFTY30DEC2527400CE.NFO,2025-12-09,15:12:00,2025-12-30,493.35,493.35,493.35,493.35,0,1950,0
FINNIFTY30DEC2527400CE.NFO,2025-12-09,15:13:00,2025-12-30,493.35,493.35,493.35,493.35,0,1950,0
FINNIFTY30DEC2527400CE.NFO,2025-12-09,15:14:00,2025-12-30,493.35,493.35,493.35,493.35,0,1950,0
FINNIFTY30DEC2527400CE.NFO,2025-12-09,15:15:00,2025-12-30,493.35,493.35,493.35,493.35,0,1950,0
FINNIFTY30DEC2527400CE.NFO,2025-12-09,15:16:00,2025-12-30,493.35,493.35,493.35,493.35,0,1950,0
FINNIFTY30DEC2527400CE.NFO,2025-12-09,15:17:00,2025-12-30,493.35,493.35,493.35,493.35,0,1950,0
FINNIFTY30DEC2527400CE.NFO,2025-12-09,15:18:00,2025-12-30,493.35,493.35,493.35,493.35,0,1950,0
FINNIFTY30DEC2527400CE.NFO,2025-12-09,15:19:00,2025-12-30,493.35,493.35,473.5,473.5,65,1885,0
FINNIFTY30DEC2527400CE.NFO,2025-12-09,15:20:00,2025-12-30,473.5,473.5,473.5,473.5,0,1885,0
FINNIFTY30DEC2527400CE.NFO,2025-12-09,15:21:00,2025-12-30,473.5,473.5,473.5,473.5,0,1885,0
FINNIFTY30DEC2527400CE.NFO,2025-12-09,15:22:00,2025-12-30,473.5,473.5,472.25,472.25,65,1885,0
FINNIFTY30DEC2527400CE.NFO,2025-12-09,15:23:00,2025-12-30,472.25,472.25,472.25,472.25,0,1885,0
FINNIFTY30DEC2527400CE.NFO,2025-12-09,15:24:00,2025-12-30,472.25,472.25,472.25,472.25,0,1885,0
FINNIFTY30DEC2527400CE.NFO,2025-12-09,15:25:00,2025-12-30,472.25,472.25,472.25,472.25,0,1885,0
FINNIFTY30DEC2527400CE.NFO,2025-12-09,15:26:00,2025-12-30,472.25,472.25,472.25,472.25,0,1885,0
FINNIFTY30DEC2527400CE.NFO,2025-12-09,15:27:00,2025-12-30,472.25,472.25,472.25,472.25,0,1885,0
FINNIFTY30DEC2527400CE.NFO,2025-12-09,15:28:00,2025-12-30,472.25,472.25,472.25,472.25,0,1885,0
FINNIFTY30DEC2527400CE.NFO,2025-12-09,15:29:00,2025-12-30,472.25,472.25,467.7,467.7,130,1820,0
FINNIFTY30DEC2527400CE.NFO,2025-12-09,15:30:00,2025-12-30,467.7,467.7,467.7,467.7,130,1820,1
FINNIFTY30DEC2527400CE.NFO,2025-12-10,09:15:00,2025-12-30,510.25,510.25,510.25,510.25,0,1885,1
FINNIFTY30DEC2527400CE.NFO,2025-12-10,09:16:00,2025-12-30,510.25,510.25,510.25,510.25,0,1885,1
FINNIFTY30DEC2527400CE.NFO,2025-12-10,09:17:00,2025-12-30,510.25,510.25,510.25,510.25,0,1885,1
FINNIFTY30DEC2527400CE.NFO,2025-12-10,09:18:00,2025-12-30,510.25,510.25,510.25,510.25,0,1885,1
FINNIFTY30DEC2527400CE.NFO,2025-12-10,09:19:00,2025-12-30,510.25,510.25,510.25,510.25,0,1885,1
FINNIFTY30DEC2527400CE.NFO,2025-12-10,09:20:00,2025-12-30,510.25,510.25,510.25,510.25,0,1885,1
FINNIFTY30DEC2527400CE.NFO,2025-12-10,09:21:00,2025-12-30,510.25,510.25,510.25,510.25,0,1885,1
FINNIFTY30DEC2527400CE.NFO,2025-12-10,09:22:00,2025-12-30,510.25,510.25,510.25,510.25,0,1885,1
FINNIFTY30DEC2527400CE.NFO,2025-12-10,09:23:00,2025-12-30,510.25,510.25,510.25,510.25,0,1885,1
FINNIFTY30DEC2527400CE.NFO,2025-12-10,09:24:00,2025-12-30,510.25,510.25,510.25,510.25,0,1885,1
FINNIFTY30DEC2527400CE.NFO,2025-12-10,09:25:00,2025-12-30,510.25,510.25,510.25,510.25,0,1885,1
FINNIFTY30DEC2527400CE.NFO,2025-12-10,09:26:00,2025-12-30,510.25,510.25,510.25,510.25,0,1885,1
FINNIFTY30DEC2527400CE.NFO,2025-12-10,09:27:00,2025-12-30,510.25,510.25,510.25,510.25,0,1885,1
FINNIFTY30DEC2527400CE.NFO,2025-12-10,09:28:00,2025-12-30,510.25,510.25,510.25,510.25,0,1885,1
FINNIFTY30DEC2527400CE.NFO,2025-12-10,09:29:00,2025-12-30,510.25,510.25,510.25,510.25,0,1885,1
FINNIFTY30DEC2527400CE.NFO,2025-12-10,09:30:00,2025-12-30,510.25,510.25,510.25,510.25,0,1885,1
FINNIFTY30DEC2527400CE.NFO,2025-12-10,09:31:00,2025-12-30,510.25,510.25,510.25,510.25,0,1885,1
FINNIFTY30DEC2527400CE.NFO,2025-12-10,09:32:00,2025-12-30,510.25,510.25,510.25,510.25,0,1885,1
FINNIFTY30DEC2527400CE.NFO,2025-12-10,09:33:00,2025-12-30,510.25,510.25,510.25,510.25,0,1885,1
FINNIFTY30DEC2527400CE.NFO,2025-12-10,09:34:00,2025-12-30,510.25,510.25,510.25,510.25,0,1885,1
FINNIFTY30DEC2527400CE.NFO,2025-12-10,09:35:00,2025-12-30,510.25,510.25,510.25,510.25,0,1885,1
FINNIFTY30DEC2527400CE.NFO,2025-12-10,09:36:00,2025-12-30,510.25,510.25,510.25,510.25,0,1885,1
FINNIFTY30DEC2527400CE.NFO,2025-12-10,09:37:00,2025-12-30,510.25,510.25,510.25,510.25,0,1885,1
FINNIFTY30DEC2527400CE.NFO,2025-12-10,09:38:00,2025-12-30,510.25,510.25,510.25,510.25,0,1885,1
FINNIFTY30DEC2527400CE.NFO,2025-12-10,09:39:00,2025-12-30,510.25,510.25,510.25,510.25,0,1885,1
FINNIFTY30DEC2527400CE.NFO,2025-12-10,09:40:00,2025-12-30,510.25,510.25,510.25,510.25,0,1885,1
FINNIFTY30DEC2527400CE.NFO,2025-12-10,09:41:00,2025-12-30,510.25,510.25,510.25,510.25,0,1885,1
FINNIFTY30DEC2527400CE.NFO,2025-12-10,09:42:00,2025-12-30,510.25,510.25,510.25,510.25,0,1885,1
FINNIFTY30DEC2527400CE.NFO,2025-12-10,09:43:00,2025-12-30,510.25,510.25,510.25,510.25,0,1885,1
FINNIFTY30DEC2527400CE.NFO,2025-12-10,09:44:00,2025-12-30,510.25,510.25,510.25,510.25,0,1885,1
FINNIFTY30DEC2527400CE.NFO,2025-12-10,09:45:00,2025-12-30,510.25,510.25,510.25,510.25,0,1885,1
FINNIFTY30DEC2527400CE.NFO,2025-12-10,09:46:00,2025-12-30,510.25,510.25,510.25,510.25,0,1885,1
FINNIFTY30DEC2527400CE.NFO,2025-12-10,09:47:00,2025-12-30,510.25,510.25,510.25,510.25,0,1885,0
FINNIFTY30DEC2527400CE.NFO,2025-12-10,09:48:00,2025-12-30,510.25,510.25,510.25,510.25,0,1885,0
FINNIFTY30DEC2527400CE.NFO,2025-12-10,09:49:00,2025-12-30,510.25,510.25,510.25,510.25,0,1885,0
FINNIFTY30DEC2527400CE.NFO,2025-12-10,09:50:00,2025-12-30,510.25,510.25,510.25,510.25,0,1885,0
FINNIFTY30DEC2527400CE.NFO,2025-12-10,09:51:00,2025-12-30,510.25,510.25,510.25,510.25,0,1885,0
FINNIFTY30DEC2527400CE.NFO,2025-12-10,09:52:00,2025-12-30,510.25,510.25,510.25,510.25,0,1885,0
FINNIFTY30DEC2527400CE.NFO,2025-12-10,09:53:00,2025-12-30,510.25,510.25,510.25,510.25,0,1885,0
FINNIFTY30DEC2527400CE.NFO,2025-12-10,09:54:00,2025-12-30,510.25,510.25,510.25,510.25,0,1885,0
FINNIFTY30DEC2527400CE.NFO,2025-12-10,09:55:00,2025-12-30,510.25,510.25,510.25,510.25,0,1885,0
FINNIFTY30DEC2527400CE.NFO,2025-12-10,09:56:00,2025-12-30,510.25,510.25,510.25,510.25,0,1885,0
FINNIFTY30DEC2527400CE.NFO,2025-12-10,09:57:00,2025-12-30,510.25,510.25,510.25,510.25,0,1885,0
FINNIFTY30DEC2527400CE.NFO,2025-12-10,09:58:00,2025-12-30,510.25,510.25,510.25,510.25,0,1885,0
FINNIFTY30DEC2527400CE.NFO,2025-12-10,09:59:00,2025-12-30,510.25,510.25,510.25,510.25,0,1885,0
FINNIFTY30DEC2527400CE.NFO,2025-12-10,10:00:00,2025-12-30,510.25,510.25,510.25,510.25,0,1885,0
FINNIFTY30DEC2527400CE.NFO,2025-12-10,10:01:00,2025-12-30,510.25,510.25,510.25,510.25,0,1885,0
FINNIFTY30DEC2527400CE.NFO,2025-12-10,10:02:00,2025-12-30,510.25,510.25,510.25,510.25,0,1885,0
FINNIFTY30DEC2527400CE.NFO,2025-12-10,10:03:00,2025-12-30,510.25,510.25,510.25,510.25,0,1885,0
FINNIFTY30DEC2527400CE.NFO,2025-12-10,10:04:00,2025-12-30,510.25,510.25,510.25,510.25,0,1885,0
FINNIFTY30DEC2527400CE.NFO,2025-12-10,10:05:00,2025-12-30,510.25,510.25,510.25,510.25,0,1885,0
FINNIFTY30DEC2527400CE.NFO,2025-12-10,10:06:00,2025-12-30,510.25,510.25,510.25,510.25,0,1885,0
FINNIFTY30DEC2527400CE.NFO,2025-12-10,10:07:00,2025-12-30,510.25,510.25,510.25,510.25,0,1885,0
FINNIFTY30DEC2527400CE.NFO,2025-12-10,10:08:00,2025-12-30,510.25,510.25,510.25,510.25,0,1885,0
FINNIFTY30DEC2527400CE.NFO,2025-12-10,10:09:00,2025-12-30,510.25,510.25,510.25,510.25,0,1885,0
FINNIFTY30DEC2527400CE.NFO,2025-12-10,10:10:00,2025-12-30,510.25,510.25,510.25,510.25,0,1885,0
FINNIFTY30DEC2527400CE.NFO,2025-12-10,10:11:00,2025-12-30,510.25,510.25,510.25,510.25,0,1885,0
FINNIFTY30DEC2527400CE.NFO,2025-12-10,10:12:00,2025-12-30,510.25,510.25,510.25,510.25,0,1885,0
FINNIFTY30DEC2527400CE.NFO,2025-12-10,10:13:00,2025-12-30,510.25,510.25,510.25,510.25,0,1885,0
FINNIFTY30DEC2527400CE.NFO,2025-12-10,10:14:00,2025-12-30,510.25,510.25,510.25,510.25,0,1885,0
FINNIFTY30DEC2527400CE.NFO,2025-12-10,10:15:00,2025-12-30,510.25,510.25,510.25,510.25,0,1885,0
FINNIFTY30DEC2527400CE.NFO,2025-12-10,10:16:00,2025-12-30,510.25,510.25,510.25,510.25,0,1885,0
FINNIFTY30DEC2527400CE.NFO,2025-12-10,10:17:00,2025-12-30,510.25,510.25,510.25,510.25,0,1885,0
FINNIFTY30DEC2527400CE.NFO,2025-12-10,10:18:00,2025-12-30,510.25,510.25,510.25,510.25,0,1885,0
FINNIFTY30DEC2527400CE.NFO,2025-12-10,10:19:00,2025-12-30,510.25,510.25,510.25,510.25,0,1885,0
FINNIFTY30DEC2527400CE.NFO,2025-12-10,10:20:00,2025-12-30,510.25,510.25,510.25,510.25,0,1885,0
FINNIFTY30DEC2527400CE.NFO,2025-12-10,10:21:00,2025-12-30,510.25,510.25,510.25,510.25,0,1885,0
FINNIFTY30DEC2527400CE.NFO,2025-12-10,10:22:00,2025-12-30,510.25,510.25,510.25,510.25,0,1885,0
FINNIFTY30DEC2527400CE.NFO,2025-12-10,10:23:00,2025-12-30,510.25,510.25,510.25,510.25,0,1885,0
FINNIFTY30DEC2527400CE.NFO,2025-12-10,10:24:00,2025-12-30,510.25,510.25,510.25,510.25,0,1885,0
FINNIFTY30DEC2527400CE.NFO,2025-12-10,10:25:00,2025-12-30,510.25,510.25,510.25,510.25,0,1885,0
FINNIFTY30DEC2527400CE.NFO,2025-12-10,10:26:00,2025-12-30,510.25,510.25,510.25,510.25,0,1885,0
FINNIFTY30DEC2527400CE.NFO,2025-12-10,10:27:00,2025-12-30,510.25,510.25,510.25,510.25,0,1885,0
FINNIFTY30DEC2527400CE.NFO,2025-12-10,10:28:00,2025-12-30,510.25,510.25,510.25,510.25,0,1885,0
FINNIFTY30DEC2527400CE.NFO,2025-12-10,10:29:00,2025-12-30,510.25,510.25,510.25,510.25,0,1885,0
FINNIFTY30DEC2527400CE.NFO,2025-12-10,10:30:00,2025-12-30,510.25,510.25,510.25,510.25,0,1885,0
FINNIFTY30DEC2527400CE.NFO,2025-12-10,10:31:00,2025-12-30,510.25,510.25,510.25,510.25,0,1885,0
FINNIFTY30DEC2527400CE.NFO,2025-12-10,10:32:00,2025-12-30,510.25,510.25,510.25,510.25,0,1885,0
FINNIFTY30DEC2527400CE.NFO,2025-12-10,10:33:00,2025-12-30,510.25,510.25,510.25,510.25,0,1885,0
FINNIFTY30DEC2527400CE.NFO,2025-12-10,10:34:00,2025-12-30,510.25,510.25,510.25,510.25,0,1885,0
FINNIFTY30DEC2527400CE.NFO,2025-12-10,10:35:00,2025-12-30,510.25,510.25,510.25,510.25,0,1885,0
FINNIFTY30DEC2527400CE.NFO,2025-12-10,10:36:00,2025-12-30,510.25,510.25,510.25,510.25,0,1885,0
FINNIFTY30DEC2527400CE.NFO,2025-12-10,10:37:00,2025-12-30,510.25,510.25,510.25,510.25,0,1885,0
FINNIFTY30DEC2527400CE.NFO,2025-12-10,10:38:00,2025-12-30,510.25,510.25,510.25,510.25,0,1885,0
FINNIFTY30DEC2527400CE.NFO,2025-12-10,10:39:00,2025-12-30,510.25,510.25,510.25,510.25,0,1885,0
FINNIFTY30DEC2527400CE.NFO,2025-12-10,10:40:00,2025-12-30,510.25,510.25,470.0,470.0,65,1820,0
FINNIFTY30DEC2527400CE.NFO,2025-12-10,10:41:00,2025-12-30,470.0,470.0,470.0,470.0,0,1820,0
FINNIFTY30DEC2527400CE.NFO,2025-12-10,10:42:00,2025-12-30,470.0,470.0,470.0,470.0,0,1820,0
FINNIFTY30DEC2527400CE.NFO,2025-12-10,10:43:00,2025-12-30,470.0,470.0,470.0,470.0,0,1820,0
FINNIFTY30DEC2527400CE.NFO,2025-12-10,10:44:00,2025-12-30,470.0,470.0,470.0,470.0,0,1820,0
FINNIFTY30DEC2527400CE.NFO,2025-12-10,10:45:00,2025-12-30,470.0,470.0,470.0,470.0,0,1820,0
FINNIFTY30DEC2527400CE.NFO,2025-12-10,10:46:00,2025-12-30,470.0,470.0,470.0,470.0,0,1820,0
FINNIFTY30DEC2527400CE.NFO,2025-12-10,10:47:00,2025-12-30,465.0,465.0,465.0,465.0,65,1885,0
FINNIFTY30DEC2527400CE.NFO,2025-12-10,10:48:00,2025-12-30,465.0,465.0,465.0,465.0,0,1885,0
FINNIFTY30DEC2527400CE.NFO,2025-12-10,10:49:00,2025-12-30,465.0,465.0,465.0,465.0,0,1885,0
FINNIFTY30DEC2527400CE.NFO,2025-12-10,10:50:00,2025-12-30,465.0,465.0,465.0,465.0,0,1885,0
FINNIFTY30DEC2527400CE.NFO,2025-12-10,10:51:00,2025-12-30,465.0,465.0,465.0,465.0,0,1885,0
FINNIFTY30DEC2527400CE.NFO,2025-12-10,10:52:00,2025-12-30,465.0,465.0,465.0,465.0,0,1885,0
FINNIFTY30DEC2527400CE.NFO,2025-12-10,10:53:00,2025-12-30,465.0,465.0,465.0,465.0,0,1885,0
FINNIFTY30DEC2527400CE.NFO,2025-12-10,10:54:00,2025-12-30,465.0,465.0,465.0,465.0,0,1885,0
FINNIFTY30DEC2527400CE.NFO,2025-12-10,10:55:00,2025-12-30,465.0,465.0,465.0,465.0,0,1885,0
FINNIFTY30DEC2527400CE.NFO,2025-12-10,10:56:00,2025-12-30,465.0,465.0,465.0,465.0,0,1885,0
FINNIFTY30DEC2527400CE.NFO,2025-12-10,10:57:00,2025-12-30,465.0,465.0,465.0,465.0,0,1885,0
FINNIFTY30DEC2527400CE.NFO,2025-12-10,10:58:00,2025-12-30,465.0,465.0,465.0,465.0,0,1885,0
FINNIFTY30DEC2527400CE.NFO,2025-12-10,10:59:00,2025-12-30,465.0,465.0,432.1,432.15,130,1885,0
FINNIFTY30DEC2527400CE.NFO,2025-12-10,11:00:00,2025-12-30,432.15,432.15,407.3,407.3,65,1885,0
FINNIFTY30DEC2527400CE.NFO,2025-12-10,11:01:00,2025-12-30,407.3,407.3,407.3,407.3,0,1885,0
FINNIFTY30DEC2527400CE.NFO,2025-12-10,11:02:00,2025-12-30,407.3,407.3,407.3,407.3,0,1885,0
FINNIFTY30DEC2527400CE.NFO,2025-12-10,11:03:00,2025-12-30,407.3,407.3,407.3,407.3,0,1885,0
FINNIFTY30DEC2527400CE.NFO,2025-12-10,11:04:00,2025-12-30,407.3,407.3,407.3,407.3,0,1885,0
FINNIFTY30DEC2527400CE.NFO,2025-12-10,11:05:00,2025-12-30,407.3,407.3,407.3,407.3,0,1885,0
FINNIFTY30DEC2527400CE.NFO,2025-12-10,11:06:00,2025-12-30,407.3,422.0,407.3,422.0,65,1950,0
FINNIFTY30DEC2527400CE.NFO,2025-12-10,11:07:00,2025-12-30,422.0,422.0,422.0,422.0,0,1950,0
FINNIFTY30DEC2527400CE.NFO,2025-12-10,11:08:00,2025-12-30,422.0,422.0,420.0,420.0,260,1950,0
FINNIFTY30DEC2527400CE.NFO,2025-12-10,11:09:00,2025-12-30,420.0,423.3,420.0,423.3,130,1950,0
FINNIFTY30DEC2527400CE.NFO,2025-12-10,11:10:00,2025-12-30,423.3,424.55,423.3,424.55,130,1950,0
FINNIFTY30DEC2527400CE.NFO,2025-12-10,11:11:00,2025-12-30,424.55,426.35,424.55,426.35,130,2340,0
FINNIFTY30DEC2527400CE.NFO,2025-12-10,11:12:00,2025-12-30,426.35,426.35,422.95,422.95,65,2340,0
FINNIFTY30DEC2527400CE.NFO,2025-12-10,11:13:00,2025-12-30,422.95,422.95,422.95,422.95,0,2340,0
FINNIFTY30DEC2527400CE.NFO,2025-12-10,11:14:00,2025-12-30,422.95,422.95,422.95,422.95,0,2340,0
FINNIFTY30DEC2527400CE.NFO,2025-12-10,11:15:00,2025-12-30,422.95,422.95,422.95,422.95,0,2340,0
FINNIFTY30DEC2527400CE.NFO,2025-12-10,11:16:00,2025-12-30,422.95,422.95,422.95,422.95,0,2340,0
FINNIFTY30DEC2527400CE.NFO,2025-12-10,11:17:00,2025-12-30,422.95,422.95,422.95,422.95,0,2340,0
FINNIFTY30DEC2527400CE.NFO,2025-12-10,11:18:00,2025-12-30,422.95,422.95,422.95,422.95,0,2340,0
FINNIFTY30DEC2527400CE.NFO,2025-12-10,11:19:00,2025-12-30,422.95,422.95,422.95,422.95,0,2340,0
FINNIFTY30DEC2527400CE.NFO,2025-12-10,11:20:00,2025-12-30,422.95,422.95,422.95,422.95,0,2340,0
FINNIFTY30DEC2527400CE.NFO,2025-12-10,11:21:00,2025-12-30,422.95,422.95,422.95,422.95,0,2340,0
FINNIFTY30DEC2527400CE.NFO,2025-12-10,11:22:00,2025-12-30,422.95,422.95,422.95,422.95,0,2340,0
FINNIFTY30DEC2527400CE.NFO,2025-12-10,11:23:00,2025-12-30,422.95,422.95,422.95,422.95,0,2340,0
FINNIFTY30DEC2527400CE.NFO,2025-12-10,11:24:00,2025-12-30,422.95,422.95,422.95,422.95,0,2340,0
FINNIFTY30DEC2527400CE.NFO,2025-12-10,11:25:00,2025-12-30,422.95,422.95,422.95,422.95,0,2340,0
FINNIFTY30DEC2527400CE.NFO,2025-12-10,11:26:00,2025-12-30,422.95,422.95,422.95,422.95,0,2340,0
FINNIFTY30DEC2527400CE.NFO,2025-12-10,11:27:00,2025-12-30,422.95,422.95,422.95,422.95,0,2340,0
FINNIFTY30DEC2527400CE.NFO,2025-12-10,11:28:00,2025-12-30,422.95,422.95,422.95,422.95,0,2340,0
FINNIFTY30DEC2527400CE.NFO,2025-12-10,11:29:00,2025-12-30,422.95,422.95,422.95,422.95,0,2340,0
FINNIFTY30DEC2527400CE.NFO,2025-12-10,11:30:00,2025-12-30,422.95,422.95,422.95,422.95,0,2340,0
FINNIFTY30DEC2527400CE.NFO,2025-12-10,11:31:00,2025-12-30,422.95,422.95,398.4,401.35,325,2535,0
FINNIFTY30DEC2527400CE.NFO,2025-12-10,11:32:00,2025-12-30,401.35,401.35,401.35,401.35,0,2535,0
FINNIFTY30DEC2527400CE.NFO,2025-12-10,11:33:00,2025-12-30,401.35,406.3,401.35,406.3,260,2535,0
FINNIFTY30DEC2527400CE.NFO,2025-12-10,11:34:00,2025-12-30,406.3,406.3,390.0,390.0,195,2730,0
FINNIFTY30DEC2527400CE.NFO,2025-12-10,11:35:00,2025-12-30,390.0,390.0,390.0,390.0,0,2730,0
FINNIFTY30DEC2527400CE.NFO,2025-12-10,11:36:00,2025-12-30,390.0,390.0,390.0,390.0,0,2730,0
FINNIFTY30DEC2527400CE.NFO,2025-12-10,11:37:00,2025-12-30,390.0,391.0,390.0,391.0,65,2535,0
FINNIFTY30DEC2527400CE.NFO,2025-12-10,11:38:00,2025-12-30,391.0,391.0,391.0,391.0,0,2535,0
FINNIFTY30DEC2527400CE.NFO,2025-12-10,11:39:00,2025-12-30,391.0,391.0,391.0,391.0,0,2535,0
FINNIFTY30DEC2527400CE.NFO,2025-12-10,11:40:00,2025-12-30,391.0,391.0,391.0,391.0,0,2535,0
FINNIFTY30DEC2527400CE.NFO,2025-12-10,11:41:00,2025-12-30,391.0,391.0,391.0,391.0,0,2535,0
FINNIFTY30DEC2527400CE.NFO,2025-12-10,11:42:00,2025-12-30,391.0,391.0,391.0,391.0,0,2535,0
FINNIFTY30DEC2527400CE.NFO,2025-12-10,11:43:00,2025-12-30,391.0,393.75,391.0,393.75,65,2600,0
FINNIFTY30DEC2527400CE.NFO,2025-12-10,11:44:00,2025-12-30,393.75,393.75,393.75,393.75,0,2600,0
FINNIFTY30DEC2527400CE.NFO,2025-12-10,11:45:00,2025-12-30,393.75,393.75,390.0,390.8,130,2535,0
FINNIFTY30DEC2527400CE.NFO,2025-12-10,11:46:00,2025-12-30,390.8,390.8,390.8,390.8,0,2535,0
FINNIFTY30DEC2527400CE.NFO,2025-12-10,11:47:00,2025-12-30,390.8,390.8,390.8,390.8,0,2535,0
FINNIFTY30DEC2527400CE.NFO,2025-12-10,11:48:00,2025-12-30,390.8,390.8,390.8,390.8,0,2535,0
FINNIFTY30DEC2527400CE.NFO,2025-12-10,11:49:00,2025-12-30,390.8,390.8,390.8,390.8,0,2535,0
FINNIFTY30DEC2527400CE.NFO,2025-12-10,11:50:00,2025-12-30,390.8,390.8,390.8,390.8,0,2535,0
FINNIFTY30DEC2527400CE.NFO,2025-12-10,11:51:00,2025-12-30,390.8,390.8,390.8,390.8,0,2535,0
FINNIFTY30DEC2527400CE.NFO,2025-12-10,11:52:00,2025-12-30,390.8,390.8,390.8,390.8,0,2535,0
FINNIFTY30DEC2527400CE.NFO,2025-12-10,11:53:00,2025-12-30,390.8,390.8,390.8,390.8,0,2535,0
FINNIFTY30DEC2527400CE.NFO,2025-12-10,11:54:00,2025-12-30,390.8,390.8,390.8,390.8,0,2535,0
FINNIFTY30DEC2527400CE.NFO,2025-12-10,11:55:00,2025-12-30,390.8,390.8,390.8,390.8,0,2535,0
FINNIFTY30DEC2527400CE.NFO,2025-12-10,11:56:00,2025-12-30,390.8,390.8,390.8,390.8,0,2535,0
FINNIFTY30DEC2527400CE.NFO,2025-12-10,11:57:00,2025-12-30,390.8,390.8,390.8,390.8,0,2535,0
FINNIFTY30DEC2527400CE.NFO,2025-12-10,11:58:00,2025-12-30,390.8,390.8,390.8,390.8,0,2535,0
FINNIFTY30DEC2527400CE.NFO,2025-12-10,11:59:00,2025-12-30,390.8,390.8,390.8,390.8,0,2535,0
FINNIFTY30DEC2527400CE.NFO,2025-12-10,12:00:00,2025-12-30,390.8,390.8,390.8,390.8,0,2535,0
FINNIFTY30DEC2527400CE.NFO,2025-12-10,12:01:00,2025-12-30,390.8,390.8,390.8,390.8,0,2535,0
FINNIFTY30DEC2527400CE.NFO,2025-12-10,12:02:00,2025-12-30,390.8,390.8,390.8,390.8,0,2535,0
FINNIFTY30DEC2527400CE.NFO,2025-12-10,12:03:00,2025-12-30,390.8,390.8,390.8,390.8,0,2535,0
FINNIFTY30DEC2527400CE.NFO,2025-12-10,12:04:00,2025-12-30,390.8,390.8,390.8,390.8,0,2535,0
FINNIFTY30DEC2527400CE.NFO,2025-12-10,12:05:00,2025-12-30,390.8,400.45,390.8,396.7,390,2535,0
FINNIFTY30DEC2527400CE.NFO,2025-12-10,12:06:00,2025-12-30,396.7,396.7,396.7,396.7,0,2535,0
FINNIFTY30DEC2527400CE.NFO,2025-12-10,12:07:00,2025-12-30,396.7,396.7,396.7,396.7,0,2535,0
FINNIFTY30DEC2527400CE.NFO,2025-12-10,12:08:00,2025-12-30,396.7,396.7,396.7,396.7,0,2535,0
FINNIFTY30DEC2527400CE.NFO,2025-12-10,12:09:00,2025-12-30,396.7,396.7,396.7,396.7,0,2535,0
FINNIFTY30DEC2527400CE.NFO,2025-12-10,12:10:00,2025-12-30,396.7,396.7,396.7,396.7,130,2860,0
FINNIFTY30DEC2527400CE.NFO,2025-12-10,12:11:00,2025-12-30,396.7,401.25,396.7,401.25,65,2730,0
FINNIFTY30DEC2527400CE.NFO,2025-12-10,12:12:00,2025-12-30,401.25,401.25,401.25,401.25,0,2730,0
FINNIFTY30DEC2527400CE.NFO,2025-12-10,12:13:00,2025-12-30,401.25,401.25,401.25,401.25,0,2730,0
FINNIFTY30DEC2527400CE.NFO,2025-12-10,12:14:00,2025-12-30,401.25,401.25,401.25,401.25,0,2730,0
FINNIFTY30DEC2527400CE.NFO,2025-12-10,12:15:00,2025-12-30,401.25,401.25,398.95,398.95,65,2795,0
FINNIFTY30DEC2527400CE.NFO,2025-12-10,12:16:00,2025-12-30,398.95,398.95,398.95,398.95,0,2795,0
FINNIFTY30DEC2527400CE.NFO,2025-12-10,12:17:00,2025-12-30,398.95,398.95,398.95,398.95,0,2795,0
FINNIFTY30DEC2527400CE.NFO,2025-12-10,12:18:00,2025-12-30,398.95,398.95,391.0,391.0,130,2860,0
FINNIFTY30DEC2527400CE.NFO,2025-12-10,12:19:00,2025-12-30,391.0,391.0,391.0,391.0,0,2860,0
FINNIFTY30DEC2527400CE.NFO,2025-12-10,12:20:00,2025-12-30,391.0,391.0,391.0,391.0,0,2860,0
FINNIFTY30DEC2527400CE.NFO,2025-12-10,12:21:00,2025-12-30,391.0,391.0,391.0,391.0,0,2860,0
FINNIFTY30DEC2527400CE.NFO,2025-12-10,12:22:00,2025-12-30,391.0,391.0,391.0,391.0,0,2860,0
FINNIFTY30DEC2527400CE.NFO,2025-12-10,12:23:00,2025-12-30,391.0,391.0,391.0,391.0,130,2860,0
FINNIFTY30DEC2527400CE.NFO,2025-12-10,12:24:00,2025-12-30,391.0,391.0,391.0,391.0,0,2860,0
FINNIFTY30DEC2527400CE.NFO,2025-12-10,12:25:00,2025-12-30,391.0,391.0,391.0,391.0,0,2860,0
FINNIFTY30DEC2527400CE.NFO,2025-12-10,12:26:00,2025-12-30,391.0,391.0,391.0,391.0,0,2860,0
FINNIFTY30DEC2527400CE.NFO,2025-12-10,12:27:00,2025-12-30,391.0,391.0,391.0,391.0,0,2860,0
FINNIFTY30DEC2527400CE.NFO,2025-12-10,12:28:00,2025-12-30,391.0,391.0,391.0,391.0,0,2860,0
FINNIFTY30DEC2527400CE.NFO,2025-12-10,12:29:00,2025-12-30,391.0,391.0,391.0,391.0,0,2860,0
FINNIFTY30DEC2527400CE.NFO,2025-12-10,12:30:00,2025-12-30,391.0,391.0,383.05,383.75,130,2990,0
FINNIFTY30DEC2527400CE.NFO,2025-12-10,12:31:00,2025-12-30,383.75,383.75,369.45,369.45,195,3185,0
FINNIFTY30DEC2527400CE.NFO,2025-12-10,12:32:00,2025-12-30,369.45,372.9,369.45,372.9,390,3185,0
FINNIFTY30DEC2527400CE.NFO,2025-12-10,12:33:00,2025-12-30,372.9,372.9,372.9,372.9,130,3185,0
FINNIFTY30DEC2527400CE.NFO,2025-12-10,12:34:00,2025-12-30,372.9,377.35,372.9,377.35,65,3185,0
FINNIFTY30DEC2527400CE.NFO,2025-12-10,12:35:00,2025-12-30,377.35,377.35,372.4,372.5,130,3575,0
FINNIFTY30DEC2527400CE.NFO,2025-12-10,12:36:00,2025-12-30,372.5,372.5,369.05,369.05,260,3575,0
FINNIFTY30DEC2527400CE.NFO,2025-12-10,12:37:00,2025-12-30,369.05,369.05,365.6,365.6,0,3835,0
FINNIFTY30DEC2527400CE.NFO,2025-12-10,12:38:00,2025-12-30,365.6,366.0,365.6,366.0,195,3835,0
FINNIFTY30DEC2527400CE.NFO,2025-12-10,12:39:00,2025-12-30,366.0,366.0,365.0,365.0,65,3835,0
FINNIFTY30DEC2527400CE.NFO,2025-12-10,12:40:00,2025-12-30,365.0,371.0,365.0,369.5,130,3835,0
FINNIFTY30DEC2527400CE.NFO,2025-12-10,12:41:00,2025-12-30,369.5,369.5,368.95,368.95,0,3835,0
FINNIFTY30DEC2527400CE.NFO,2025-12-10,12:42:00,2025-12-30,368.95,368.95,365.0,366.1,195,3835,0
FINNIFTY30DEC2527400CE.NFO,2025-12-10,12:43:00,2025-12-30,366.1,366.1,365.1,365.1,260,3835,0
FINNIFTY30DEC2527400CE.NFO,2025-12-10,12:44:00,2025-12-30,365.1,366.7,365.1,366.7,65,4160,0
FINNIFTY30DEC2527400CE.NFO,2025-12-10,12:45:00,2025-12-30,366.7,366.7,363.3,364.65,130,4160,0
FINNIFTY30DEC2527400CE.NFO,2025-12-10,12:46:00,2025-12-30,364.65,364.65,364.65,364.65,0,4160,0
FINNIFTY30DEC2527400CE.NFO,2025-12-10,12:47:00,2025-12-30,364.65,364.65,364.65,364.65,0,4160,0
FINNIFTY30DEC2527400CE.NFO,2025-12-10,12:48:00,2025-12-30,364.65,373.4,364.65,373.4,65,4160,0
FINNIFTY30DEC2527400CE.NFO,2025-12-10,12:49:00,2025-12-30,373.4,373.4,372.05,372.05,845,4160,0
FINNIFTY30DEC2527400CE.NFO,2025-12-10,12:50:00,2025-12-30,372.05,372.05,372.05,372.05,0,4160,0
FINNIFTY30DEC2527400CE.NFO,2025-12-10,12:51:00,2025-12-30,372.05,372.05,372.05,372.05,0,4160,0
FINNIFTY30DEC2527400CE.NFO,2025-12-10,12:52:00,2025-12-30,372.05,378.9,372.05,378.9,65,4940,0
FINNIFTY30DEC2527400CE.NFO,2025-12-10,12:53:00,2025-12-30,378.9,378.9,378.9,378.9,0,4940,0
FINNIFTY30DEC2527400CE.NFO,2025-12-10,12:54:00,2025-12-30,378.9,378.9,378.9,378.9,0,4940,0
FINNIFTY30DEC2527400CE.NFO,2025-12-10,12:55:00,2025-12-30,378.9,378.9,378.9,378.9,0,4940,0
FINNIFTY30DEC2527400CE.NFO,2025-12-10,12:56:00,2025-12-30,378.9,378.9,375.7,375.7,195,4940,0
FINNIFTY30DEC2527400CE.NFO,2025-12-10,12:57:00,2025-12-30,375.7,379.95,375.7,379.95,455,4940,0
FINNIFTY30DEC2527400CE.NFO,2025-12-10,12:58:00,2025-12-30,379.95,379.95,379.95,379.95,0,4940,0
FINNIFTY30DEC2527400CE.NFO,2025-12-10,12:59:00,2025-12-30,379.95,379.95,375.2,375.2,0,5135,0
FINNIFTY30DEC2527400CE.NFO,2025-12-10,13:00:00,2025-12-30,375.2,376.4,375.2,376.4,260,5135,0
FINNIFTY30DEC2527400CE.NFO,2025-12-10,13:01:00,2025-12-30,376.4,376.4,376.4,376.4,0,5135,0
FINNIFTY30DEC2527400CE.NFO,2025-12-10,13:02:00,2025-12-30,376.4,376.4,376.4,376.4,0,5135,0
FINNIFTY30DEC2527400CE.NFO,2025-12-10,13:03:00,2025-12-30,376.4,376.4,376.4,376.4,0,5135,0
FINNIFTY30DEC2527400CE.NFO,2025-12-10,13:04:00,2025-12-30,376.4,379.0,376.4,376.7,195,5265,0
FINNIFTY30DEC2527400CE.NFO,2025-12-10,13:05:00,2025-12-30,376.7,376.7,376.7,376.7,0,5265,0
FINNIFTY30DEC2527400CE.NFO,2025-12-10,13:06:00,2025-12-30,376.7,376.7,369.45,369.45,520,5395,0
FINNIFTY30DEC2527400CE.NFO,2025-12-10,13:07:00,2025-12-30,369.45,369.45,369.45,369.45,0,5395,0
FINNIFTY30DEC2527400CE.NFO,2025-12-10,13:08:00,2025-12-30,369.45,369.45,369.45,369.45,0,5395,0
FINNIFTY30DEC2527400CE.NFO,2025-12-10,13:09:00,2025-12-30,369.45,369.45,369.45,369.45,0,5395,0
FINNIFTY30DEC2527400CE.NFO,2025-12-10,13:10:00,2025-12-30,369.45,383.2,369.45,379.35,1495,5785,0
FINNIFTY30DEC2527400CE.NFO,2025-12-10,13:11:00,2025-12-30,379.35,379.35,379.35,379.35,0,5785,0
FINNIFTY30DEC2527400CE.NFO,2025-12-10,13:12:00,2025-12-30,379.35,384.85,379.35,384.85,195,5525,0
FINNIFTY30DEC2527400CE.NFO,2025-12-10,13:13:00,2025-12-30,384.85,384.85,380.0,380.0,455,5525,0
FINNIFTY30DEC2527400CE.NFO,2025-12-10,13:14:00,2025-12-30,380.0,380.0,378.2,378.2,65,5850,0
FINNIFTY30DEC2527400CE.NFO,2025-12-10,13:15:00,2025-12-30,378.2,378.2,371.95,371.95,65,5850,0
FINNIFTY30DEC2527400CE.NFO,2025-12-10,13:16:00,2025-12-30,371.95,371.95,371.95,371.95,0,5850,0
FINNIFTY30DEC2527400CE.NFO,2025-12-10,13:17:00,2025-12-30,371.95,371.95,371.95,371.95,0,5850,0
FINNIFTY30DEC2527400CE.NFO,2025-12-10,13:18:00,2025-12-30,371.95,371.95,371.95,371.95,0,5850,0
FINNIFTY30DEC2527400CE.NFO,2025-12-10,13:19:00,2025-12-30,371.95,390.0,371.95,390.0,390,5850,0
FINNIFTY30DEC2527400CE.NFO,2025-12-10,13:20:00,2025-12-30,390.0,395.2,390.0,395.2,65,5590,0
FINNIFTY30DEC2527400CE.NFO,2025-12-10,13:21:00,2025-12-30,395.2,395.2,393.05,395.0,130,5590,0
FINNIFTY30DEC2527400CE.NFO,2025-12-10,13:22:00,2025-12-30,395.0,395.0,391.3,392.2,325,5590,0
FINNIFTY30DEC2527400CE.NFO,2025-12-10,13:23:00,2025-12-30,392.2,392.2,392.2,392.2,0,5590,0
FINNIFTY30DEC2527400CE.NFO,2025-12-10,13:24:00,2025-12-30,392.2,392.2,392.2,392.2,0,5590,0
FINNIFTY30DEC2527400CE.NFO,2025-12-10,13:25:00,2025-12-30,397.95,398.0,394.05,394.05,780,5265,0
FINNIFTY30DEC2527400CE.NFO,2025-12-10,13:26:00,2025-12-30,394.05,394.65,388.25,392.7,780,4810,0
FINNIFTY30DEC2527400CE.NFO,2025-12-10,13:27:00,2025-12-30,392.7,395.0,389.1,392.45,260,4810,0
FINNIFTY30DEC2527400CE.NFO,2025-12-10,13:28:00,2025-12-30,392.45,395.0,392.45,395.0,65,4810,0
FINNIFTY30DEC2527400CE.NFO,2025-12-10,13:29:00,2025-12-30,400.0,400.0,399.55,399.55,260,3965,0
FINNIFTY30DEC2527400CE.NFO,2025-12-10,13:30:00,2025-12-30,399.55,399.55,399.55,399.55,0,3965,0
FINNIFTY30DEC2527400CE.NFO,2025-12-10,13:31:00,2025-12-30,399.55,399.55,399.55,399.55,0,3965,0
FINNIFTY30DEC2527400CE.NFO,2025-12-10,13:32:00,2025-12-30,399.55,399.55,399.55,399.55,0,3965,0
FINNIFTY30DEC2527400CE.NFO,2025-12-10,13:33:00,2025-12-30,399.55,399.55,399.55,399.55,0,3965,0
FINNIFTY30DEC2527400CE.NFO,2025-12-10,13:34:00,2025-12-30,399.55,404.15,399.55,404.15,65,3835,0
FINNIFTY30DEC2527400CE.NFO,2025-12-10,13:35:00,2025-12-30,404.15,404.15,404.15,404.15,0,3835,0
FINNIFTY30DEC2527400CE.NFO,2025-12-10,13:36:00,2025-12-30,404.15,410.0,404.15,410.0,390,3835,0
FINNIFTY30DEC2527400CE.NFO,2025-12-10,13:37:00,2025-12-30,410.0,410.0,410.0,410.0,0,3835,0
FINNIFTY30DEC2527400CE.NFO,2025-12-10,13:38:00,2025-12-30,410.0,410.0,410.0,410.0,0,3835,0
FINNIFTY30DEC2527400CE.NFO,2025-12-10,13:39:00,2025-12-30,410.0,410.0,402.0,402.0,65,3770,0
FINNIFTY30DEC2527400CE.NFO,2025-12-10,13:40:00,2025-12-30,402.0,402.0,398.3,398.3,65,3770,0
FINNIFTY30DEC2527400CE.NFO,2025-12-10,13:41:00,2025-12-30,398.3,400.75,398.3,400.75,65,3770,0
FINNIFTY30DEC2527400CE.NFO,2025-12-10,13:42:00,2025-12-30,400.75,403.0,400.75,403.0,65,3835,0
FINNIFTY30DEC2527400CE.NFO,2025-12-10,13:43:00,2025-12-30,403.0,404.75,400.0,400.0,130,3835,0
FINNIFTY30DEC2527400CE.NFO,2025-12-10,13:44:00,2025-12-30,400.0,400.0,392.0,392.0,130,3770,0
FINNIFTY30DEC2527400CE.NFO,2025-12-10,13:45:00,2025-12-30,392.0,393.55,392.0,393.55,130,3770,0
FINNIFTY30DEC2527400CE.NFO,2025-12-10,13:46:00,2025-12-30,393.55,393.55,393.55,393.55,0,3770,0
FINNIFTY30DEC2527400CE.NFO,2025-12-10,13:47:00,2025-12-30,393.55,393.55,393.55,393.55,0,3770,0
FINNIFTY30DEC2527400CE.NFO,2025-12-10,13:48:00,2025-12-30,393.55,393.55,393.55,393.55,0,3770,0
FINNIFTY30DEC2527400CE.NFO,2025-12-10,13:49:00,2025-12-30,393.55,393.55,393.55,393.55,0,3770,0
FINNIFTY30DEC2527400CE.NFO,2025-12-10,13:50:00,2025-12-30,393.55,393.55,393.55,393.55,0,3770,0
FINNIFTY30DEC2527400CE.NFO,2025-12-10,13:51:00,2025-12-30,393.55,393.55,386.0,386.9,195,3575,0
FINNIFTY30DEC2527400CE.NFO,2025-12-10,13:52:00,2025-12-30,386.9,386.9,386.9,386.9,0,3575,0
FINNIFTY30DEC2527400CE.NFO,2025-12-10,13:53:00,2025-12-30,386.9,391.6,386.9,389.55,325,3510,0
FINNIFTY30DEC2527400CE.NFO,2025-12-10,13:54:00,2025-12-30,389.55,389.55,388.1,388.1,195,3510,0
FINNIFTY30DEC2527400CE.NFO,2025-12-10,13:55:00,2025-12-30,388.1,388.1,388.1,388.1,0,3510,0
FINNIFTY30DEC2527400CE.NFO,2025-12-10,13:56:00,2025-12-30,388.1,388.1,388.1,388.1,0,3510,0
FINNIFTY30DEC2527400CE.NFO,2025-12-10,13:57:00,2025-12-30,388.1,388.1,388.1,388.1,0,3510,0
FINNIFTY30DEC2527400CE.NFO,2025-12-10,13:58:00,2025-12-30,388.1,388.1,388.1,388.1,0,3510,0
FINNIFTY30DEC2527400CE.NFO,2025-12-10,13:59:00,2025-12-30,388.1,388.1,375.0,375.0,325,3835,0
FINNIFTY30DEC2527400CE.NFO,2025-12-10,14:00:00,2025-12-30,375.0,377.6,375.0,377.6,195,3835,0
FINNIFTY30DEC2527400CE.NFO,2025-12-10,14:01:00,2025-12-30,377.6,377.6,377.6,377.6,0,3835,0
FINNIFTY30DEC2527400CE.NFO,2025-12-10,14:02:00,2025-12-30,377.6,377.6,365.05,365.05,195,3575,0
FINNIFTY30DEC2527400CE.NFO,2025-12-10,14:03:00,2025-12-30,365.05,367.2,365.05,365.6,130,3575,0
FINNIFTY30DEC2527400CE.NFO,2025-12-10,14:04:00,2025-12-30,365.6,365.6,365.6,365.6,0,3575,0
FINNIFTY30DEC2527400CE.NFO,2025-12-10,14:05:00,2025-12-30,365.6,365.6,361.0,361.0,65,3510,0
FINNIFTY30DEC2527400CE.NFO,2025-12-10,14:06:00,2025-12-30,361.0,363.0,356.7,363.0,455,3510,0
FINNIFTY30DEC2527400CE.NFO,2025-12-10,14:07:00,2025-12-30,363.0,363.0,363.0,363.0,0,3510,0
FINNIFTY30DEC2527400CE.NFO,2025-12-10,14:08:00,2025-12-30,363.0,363.0,363.0,363.0,0,3510,0
FINNIFTY30DEC2527400CE.NFO,2025-12-10,14:09:00,2025-12-30,363.0,363.0,363.0,363.0,130,3120,0
FINNIFTY30DEC2527400CE.NFO,2025-12-10,14:10:00,2025-12-30,363.0,363.0,363.0,363.0,0,3120,0
FINNIFTY30DEC2527400CE.NFO,2025-12-10,14:11:00,2025-12-30,363.0,371.2,363.0,371.2,65,3250,0
FINNIFTY30DEC2527400CE.NFO,2025-12-10,14:12:00,2025-12-30,371.2,371.2,362.7,362.7,65,3250,0
FINNIFTY30DEC2527400CE.NFO,2025-12-10,14:13:00,2025-12-30,362.7,364.75,362.7,364.75,260,3250,0
FINNIFTY30DEC2527400CE.NFO,2025-12-10,14:14:00,2025-12-30,364.75,366.9,364.75,366.9,65,3250,0
FINNIFTY30DEC2527400CE.NFO,2025-12-10,14:15:00,2025-12-30,366.9,366.9,360.0,360.0,65,3510,0
FINNIFTY30DEC2527400CE.NFO,2025-12-10,14:16:00,2025-12-30,360.0,360.0,360.0,360.0,0,3510,0
FINNIFTY30DEC2527400CE.NFO,2025-12-10,14:17:00,2025-12-30,360.0,360.0,360.0,360.0,0,3510,0
FINNIFTY30DEC2527400CE.NFO,2025-12-10,14:18:00,2025-12-30,360.0,360.0,360.0,360.0,0,3510,0
FINNIFTY30DEC2527400CE.NFO,2025-12-10,14:19:00,2025-12-30,360.0,360.0,360.0,360.0,0,3510,0
FINNIFTY30DEC2527400CE.NFO,2025-12-10,14:20:00,2025-12-30,360.0,360.0,360.0,360.0,0,3510,0
FINNIFTY30DEC2527400CE.NFO,2025-12-10,14:21:00,2025-12-30,360.0,360.0,356.0,359.25,325,3575,0
FINNIFTY30DEC2527400CE.NFO,2025-12-10,14:22:00,2025-12-30,359.25,359.25,359.25,359.25,0,3575,0
FINNIFTY30DEC2527400CE.NFO,2025-12-10,14:23:00,2025-12-30,359.25,372.05,359.25,372.05,260,3575,0
FINNIFTY30DEC2527400CE.NFO,2025-12-10,14:24:00,2025-12-30,372.05,372.05,366.65,366.65,325,4095,0
FINNIFTY30DEC2527400CE.NFO,2025-12-10,14:25:00,2025-12-30,366.65,368.75,366.5,368.75,390,4095,0
FINNIFTY30DEC2527400CE.NFO,2025-12-10,14:26:00,2025-12-30,368.75,368.75,368.75,368.75,0,4095,0
FINNIFTY30DEC2527400CE.NFO,2025-12-10,14:27:00,2025-12-30,368.75,368.75,368.75,368.75,0,4095,0
FINNIFTY30DEC2527400CE.NFO,2025-12-10,14:28:00,2025-12-30,368.75,368.75,368.75,368.75,0,4095,0
FINNIFTY30DEC2527400CE.NFO,2025-12-10,14:29:00,2025-12-30,368.75,368.75,368.75,368.75,0,4095,0
FINNIFTY30DEC2527400CE.NFO,2025-12-10,14:30:00,2025-12-30,368.75,368.75,368.75,368.75,0,4095,0
FINNIFTY30DEC2527400CE.NFO,2025-12-10,14:31:00,2025-12-30,368.75,374.8,368.75,370.0,130,4810,0
FINNIFTY30DEC2527400CE.NFO,2025-12-10,14:32:00,2025-12-30,370.0,375.0,370.0,375.0,65,4940,0
FINNIFTY30DEC2527400CE.NFO,2025-12-10,14:33:00,2025-12-30,375.0,380.0,374.35,380.0,845,4940,0
FINNIFTY30DEC2527400CE.NFO,2025-12-10,14:34:00,2025-12-30,380.0,385.0,379.5,383.2,455,4940,0
FINNIFTY30DEC2527400CE.NFO,2025-12-10,14:35:00,2025-12-30,383.2,383.2,370.0,370.0,130,4225,0
FINNIFTY30DEC2527400CE.NFO,2025-12-10,14:36:00,2025-12-30,370.0,370.0,370.0,370.0,65,4225,0
FINNIFTY30DEC2527400CE.NFO,2025-12-10,14:37:00,2025-12-30,370.0,370.0,370.0,370.0,0,4225,0
FINNIFTY30DEC2527400CE.NFO,2025-12-10,14:38:00,2025-12-30,370.0,370.0,370.0,370.0,260,4225,0
FINNIFTY30DEC2527400CE.NFO,2025-12-10,14:39:00,2025-12-30,370.0,370.0,363.75,367.15,325,4550,0
FINNIFTY30DEC2527400CE.NFO,2025-12-10,14:40:00,2025-12-30,367.15,367.15,367.15,367.15,0,4550,0
FINNIFTY30DEC2527400CE.NFO,2025-12-10,14:41:00,2025-12-30,367.15,367.95,367.15,367.95,65,4550,0
FINNIFTY30DEC2527400CE.NFO,2025-12-10,14:42:00,2025-12-30,367.95,367.95,367.65,367.65,65,4420,0
FINNIFTY30DEC2527400CE.NFO,2025-12-10,14:43:00,2025-12-30,367.65,367.65,367.65,367.65,0,4420,0
FINNIFTY30DEC2527400CE.NFO,2025-12-10,14:44:00,2025-12-30,367.65,367.65,367.65,367.65,0,4420,0
FINNIFTY30DEC2527400CE.NFO,2025-12-10,14:45:00,2025-12-30,367.65,367.65,367.65,367.65,0,4420,0
FINNIFTY30DEC2527400CE.NFO,2025-12-10,14:46:00,2025-12-30,367.65,367.65,367.65,367.65,0,4420,0
FINNIFTY30DEC2527400CE.NFO,2025-12-10,14:47:00,2025-12-30,367.65,367.65,367.65,367.65,65,4485,0
FINNIFTY30DEC2527400CE.NFO,2025-12-10,14:48:00,2025-12-30,367.65,370.75,367.65,370.75,65,4550,0
FINNIFTY30DEC2527400CE.NFO,2025-12-10,14:49:00,2025-12-30,370.75,371.0,370.7,371.0,130,4550,0
FINNIFTY30DEC2527400CE.NFO,2025-12-10,14:50:00,2025-12-30,371.0,371.0,371.0,371.0,0,4550,0
FINNIFTY30DEC2527400CE.NFO,2025-12-10,14:51:00,2025-12-30,371.0,371.0,366.2,366.2,65,4420,0
FINNIFTY30DEC2527400CE.NFO,2025-12-10,14:52:00,2025-12-30,366.2,366.2,366.2,366.2,0,4420,0
FINNIFTY30DEC2527400CE.NFO,2025-12-10,14:53:00,2025-12-30,366.2,366.2,366.2,366.2,0,4420,0
FINNIFTY30DEC2527400CE.NFO,2025-12-10,14:54:00,2025-12-30,366.2,366.2,366.2,366.2,0,4420,0
FINNIFTY30DEC2527400CE.NFO,2025-12-10,14:55:00,2025-12-30,366.2,366.2,366.2,366.2,0,4420,0
FINNIFTY30DEC2527400CE.NFO,2025-12-10,14:56:00,2025-12-30,366.2,366.2,366.2,366.2,0,4420,0
FINNIFTY30DEC2527400CE.NFO,2025-12-10,14:57:00,2025-12-30,366.2,366.2,366.2,366.2,0,4420,0
FINNIFTY30DEC2527400CE.NFO,2025-12-10,14:58:00,2025-12-30,366.2,366.2,366.2,366.2,0,4420,0
FINNIFTY30DEC2527400CE.NFO,2025-12-10,14:59:00,2025-12-30,366.2,366.2,366.2,366.2,0,4420,0
FINNIFTY30DEC2527400CE.NFO,2025-12-10,15:00:00,2025-12-30,366.2,366.2,360.85,363.6,130,4420,0
FINNIFTY30DEC2527400CE.NFO,2025-12-10,15:01:00,2025-12-30,363.6,363.6,363.6,363.6,0,4420,0
FINNIFTY30DEC2527400CE.NFO,2025-12-10,15:02:00,2025-12-30,363.6,363.6,363.6,363.6,0,4420,0
FINNIFTY30DEC2527400CE.NFO,2025-12-10,15:03:00,2025-12-30,363.6,383.05,363.6,383.05,1300,4290,0
FINNIFTY30DEC2527400CE.NFO,2025-12-10,15:04:00,2025-12-30,383.05,383.45,383.0,383.0,65,4290,0
FINNIFTY30DEC2527400CE.NFO,2025-12-10,15:05:00,2025-12-30,383.0,383.0,365.25,369.1,1690,5070,0
FINNIFTY30DEC2527400CE.NFO,2025-12-10,15:06:00,2025-12-30,369.1,369.1,367.55,367.55,65,5070,0
FINNIFTY30DEC2527400CE.NFO,2025-12-10,15:07:00,2025-12-30,367.55,367.55,367.55,367.55,0,5070,0
FINNIFTY30DEC2527400CE.NFO,2025-12-10,15:08:00,2025-12-30,367.55,367.55,367.55,367.55,0,5070,0
FINNIFTY30DEC2527400CE.NFO,2025-12-10,15:09:00,2025-12-30,367.55,367.55,367.55,367.55,0,5070,0
FINNIFTY30DEC2527400CE.NFO,2025-12-10,15:10:00,2025-12-30,367.55,367.55,367.55,367.55,0,5070,0
FINNIFTY30DEC2527400CE.NFO,2025-12-10,15:11:00,2025-12-30,367.55,367.55,367.55,367.55,0,5070,0
FINNIFTY30DEC2527400CE.NFO,2025-12-10,15:12:00,2025-12-30,367.55,367.55,367.55,367.55,0,5070,0
FINNIFTY30DEC2527400CE.NFO,2025-12-10,15:13:00,2025-12-30,367.55,367.55,366.0,366.0,130,5070,0
FINNIFTY30DEC2527400CE.NFO,2025-12-10,15:14:00,2025-12-30,366.0,369.25,366.0,366.7,260,5070,0
FINNIFTY30DEC2527400CE.NFO,2025-12-10,15:15:00,2025-12-30,365.35,368.7,365.35,368.7,130,5135,0
FINNIFTY30DEC2527400CE.NFO,2025-12-10,15:16:00,2025-12-30,368.7,368.75,368.7,368.75,65,5135,0
FINNIFTY30DEC2527400CE.NFO,2025-12-10,15:17:00,2025-12-30,368.75,369.0,367.35,367.35,130,5135,0
FINNIFTY30DEC2527400CE.NFO,2025-12-10,15:18:00,2025-12-30,367.35,367.35,367.1,367.1,65,5135,0
FINNIFTY30DEC2527400CE.NFO,2025-12-10,15:19:00,2025-12-30,367.1,371.9,367.1,371.9,0,5135,0
FINNIFTY30DEC2527400CE.NFO,2025-12-10,15:20:00,2025-12-30,371.9,374.25,371.9,374.15,455,5135,0
FINNIFTY30DEC2527400CE.NFO,2025-12-10,15:21:00,2025-12-30,374.15,374.15,370.0,370.5,650,5070,0
FINNIFTY30DEC2527400CE.NFO,2025-12-10,15:22:00,2025-12-30,370.5,370.5,370.5,370.5,0,5070,0
FINNIFTY30DEC2527400CE.NFO,2025-12-10,15:23:00,2025-12-30,370.5,370.5,370.0,370.0,65,4680,0
FINNIFTY30DEC2527400CE.NFO,2025-12-10,15:24:00,2025-12-30,370.0,370.0,367.9,367.9,390,4680,0
FINNIFTY30DEC2527400CE.NFO,2025-12-10,15:25:00,2025-12-30,367.0,368.75,367.0,368.75,260,4680,0
FINNIFTY30DEC2527400CE.NFO,2025-12-10,15:26:00,2025-12-30,368.75,368.75,368.75,368.75,0,4680,0
FINNIFTY30DEC2527400CE.NFO,2025-12-10,15:27:00,2025-12-30,368.75,368.75,368.75,368.75,0,4680,0
FINNIFTY30DEC2527400CE.NFO,2025-12-10,15:28:00,2025-12-30,368.75,370.3,366.3,366.75,325,4550,0
FINNIFTY30DEC2527400CE.NFO,2025-12-10,15:29:00,2025-12-30,366.75,370.95,351.0,370.9,715,4355,0
FINNIFTY30DEC2527400CE.NFO,2025-12-10,15:30:00,2025-12-30,370.9,370.9,370.9,370.9,715,4355,1
FINNIFTY30DEC2527400CE.NFO,2025-12-11,09:15:00,2025-12-30,398.5,398.5,388.5,388.5,65,4615,0
FINNIFTY30DEC2527400CE.NFO,2025-12-11,09:16:00,2025-12-30,388.5,388.5,338.4,339.3,1950,4680,0
FINNIFTY30DEC2527400CE.NFO,2025-12-11,09:17:00,2025-12-30,339.3,350.95,339.3,350.95,260,4680,0
FINNIFTY30DEC2527400CE.NFO,2025-12-11,09:18:00,2025-12-30,350.95,367.95,350.95,367.95,130,4680,0
FINNIFTY30DEC2527400CE.NFO,2025-12-11,09:19:00,2025-12-30,367.95,368.0,367.35,368.0,260,4940,0
FINNIFTY30DEC2527400CE.NFO,2025-12-11,09:20:00,2025-12-30,368.0,379.4,364.4,379.4,195,4940,0
FINNIFTY30DEC2527400CE.NFO,2025-12-11,09:21:00,2025-12-30,379.4,387.75,375.6,384.65,1365,4940,0
FINNIFTY30DEC2527400CE.NFO,2025-12-11,09:22:00,2025-12-30,384.65,388.55,381.7,381.7,65,5460,0
FINNIFTY30DEC2527400CE.NFO,2025-12-11,09:23:00,2025-12-30,381.7,381.7,381.7,381.7,0,5460,0
FINNIFTY30DEC2527400CE.NFO,2025-12-11,09:24:00,2025-12-30,381.7,383.8,381.7,383.8,195,5460,0
FINNIFTY30DEC2527400CE.NFO,2025-12-11,09:25:00,2025-12-30,383.8,388.3,383.8,383.95,455,5590,0
FINNIFTY30DEC2527400CE.NFO,2025-12-11,09:26:00,2025-12-30,383.95,383.95,380.9,380.9,65,5590,0
FINNIFTY30DEC2527400CE.NFO,2025-12-11,09:27:00,2025-12-30,385.4,388.55,385.4,388.2,325,5590,0
FINNIFTY30DEC2527400CE.NFO,2025-12-11,09:28:00,2025-12-30,388.2,391.0,388.2,391.0,195,5850,0
FINNIFTY30DEC2527400CE.NFO,2025-12-11,09:29:00,2025-12-30,391.0,406.7,391.0,406.7,455,5850,0
FINNIFTY30DEC2527400CE.NFO,2025-12-11,09:30:00,2025-12-30,406.7,412.45,400.0,400.0,715,5850,0
FINNIFTY30DEC2527400CE.NFO,2025-12-11,09:31:00,2025-12-30,400.0,402.2,400.0,402.2,260,5785,0
FINNIFTY30DEC2527400CE.NFO,2025-12-11,09:32:00,2025-12-30,402.2,412.0,402.2,411.85,455,5785,0
FINNIFTY30DEC2527400CE.NFO,2025-12-11,09:33:00,2025-12-30,411.85,411.85,397.1,400.15,195,5785,0
FINNIFTY30DEC2527400CE.NFO,2025-12-11,09:34:00,2025-12-30,400.15,400.15,399.05,399.05,65,5785,0
FINNIFTY30DEC2527400CE.NFO,2025-12-11,09:35:00,2025-12-30,399.05,403.8,397.5,400.0,325,5720,0
FINNIFTY30DEC2527400CE.NFO,2025-12-11,09:36:00,2025-12-30,400.0,400.0,400.0,400.0,0,5720,0
FINNIFTY30DEC2527400CE.NFO,2025-12-11,09:37:00,2025-12-30,400.0,400.0,381.35,384.25,650,5915,0
FINNIFTY30DEC2527400CE.NFO,2025-12-11,09:38:00,2025-12-30,384.25,384.25,366.35,366.35,130,5915,0
FINNIFTY30DEC2527400CE.NFO,2025-12-11,09:39:00,2025-12-30,366.35,371.35,366.35,368.0,390,5915,0
FINNIFTY30DEC2527400CE.NFO,2025-12-11,09:40:00,2025-12-30,368.0,368.0,358.8,358.8,65,5850,0
FINNIFTY30DEC2527400CE.NFO,2025-12-11,09:41:00,2025-12-30,358.8,358.8,341.0,341.0,585,5850,0
FINNIFTY30DEC2527400CE.NFO,2025-12-11,09:42:00,2025-12-30,341.0,341.0,341.0,341.0,195,5850,0
FINNIFTY30DEC2527400CE.NFO,2025-12-11,09:43:00,2025-12-30,341.0,363.2,341.0,361.5,650,5655,0
FINNIFTY30DEC2527400CE.NFO,2025-12-11,09:44:00,2025-12-30,361.5,361.5,356.25,358.2,585,5655,0
FINNIFTY30DEC2527400CE.NFO,2025-12-11,09:45:00,2025-12-30,358.2,358.2,349.2,349.2,195,5655,0
FINNIFTY30DEC2527400CE.NFO,2025-12-11,09:46:00,2025-12-30,349.2,349.2,345.0,345.0,65,6435,0
FINNIFTY30DEC2527400CE.NFO,2025-12-11,09:47:00,2025-12-30,345.0,355.45,345.0,355.45,130,6435,0
FINNIFTY30DEC2527400CE.NFO,2025-12-11,09:48:00,2025-12-30,355.45,355.45,355.45,355.45,0,6435,0
FINNIFTY30DEC2527400CE.NFO,2025-12-11,09:49:00,2025-12-30,355.45,370.3,355.45,367.05,195,6565,0
FINNIFTY30DEC2527400CE.NFO,2025-12-11,09:50:00,2025-12-30,367.05,367.05,367.05,367.05,130,6565,0
FINNIFTY30DEC2527400CE.NFO,2025-12-11,09:51:00,2025-12-30,367.05,372.05,367.05,372.05,65,6565,0
FINNIFTY30DEC2527400CE.NFO,2025-12-11,09:52:00,2025-12-30,372.05,372.05,360.0,360.05,650,6825,0
FINNIFTY30DEC2527400CE.NFO,2025-12-11,09:53:00,2025-12-30,360.05,360.05,359.45,360.0,390,6825,0
FINNIFTY30DEC2527400CE.NFO,2025-12-11,09:54:00,2025-12-30,360.0,360.0,360.0,360.0,0,6825,0
FINNIFTY30DEC2527400CE.NFO,2025-12-11,09:55:00,2025-12-30,360.0,365.65,360.0,365.65,65,7540,0
FINNIFTY30DEC2527400CE.NFO,2025-12-11,09:56:00,2025-12-30,365.65,365.65,365.65,365.65,0,7540,0
FINNIFTY30DEC2527400CE.NFO,2025-12-11,09:57:00,2025-12-30,365.65,365.65,365.65,365.65,0,7540,0
FINNIFTY30DEC2527400CE.NFO,2025-12-11,09:58:00,2025-12-30,365.65,365.65,365.65,365.65,0,7540,0
FINNIFTY30DEC2527400CE.NFO,2025-12-11,09:59:00,2025-12-30,365.65,365.65,350.45,350.45,650,7605,0
FINNIFTY30DEC2527400CE.NFO,2025-12-11,10:00:00,2025-12-30,350.45,356.0,350.45,356.0,130,7605,0
FINNIFTY30DEC2527400CE.NFO,2025-12-11,10:01:00,2025-12-30,356.0,358.0,355.35,358.0,130,7670,0
FINNIFTY30DEC2527400CE.NFO,2025-12-11,10:02:00,2025-12-30,358.0,358.0,358.0,358.0,0,7670,0
FINNIFTY30DEC2527400CE.NFO,2025-12-11,10:03:00,2025-12-30,358.0,363.0,358.0,363.0,130,7670,0
FINNIFTY30DEC2527400CE.NFO,2025-12-11,10:04:00,2025-12-30,363.0,372.0,363.0,372.0,65,7670,0
FINNIFTY30DEC2527400CE.NFO,2025-12-11,10:05:00,2025-12-30,372.0,380.0,372.0,380.0,455,7670,0
FINNIFTY30DEC2527400CE.NFO,2025-12-11,10:06:00,2025-12-30,380.0,391.35,380.0,390.4,520,7670,0
FINNIFTY30DEC2527400CE.NFO,2025-12-11,10:07:00,2025-12-30,392.15,393.1,385.55,385.55,1170,8060,0
FINNIFTY30DEC2527400CE.NFO,2025-12-11,10:08:00,2025-12-30,385.55,390.7,385.55,390.7,130,8060,0
FINNIFTY30DEC2527400CE.NFO,2025-12-11,10:09:00,2025-12-30,390.7,390.7,390.7,390.7,0,8060,0
FINNIFTY30DEC2527400CE.NFO,2025-12-11,10:10:00,2025-12-30,390.7,392.0,389.85,389.85,325,8515,0
FINNIFTY30DEC2527400CE.NFO,2025-12-11,10:11:00,2025-12-30,389.85,391.55,385.25,391.55,650,8515,0
FINNIFTY30DEC2527400CE.NFO,2025-12-11,10:12:00,2025-12-30,391.55,394.0,388.1,394.0,650,8515,0
FINNIFTY30DEC2527400CE.NFO,2025-12-11,10:13:00,2025-12-30,394.0,402.9,394.0,402.9,325,8970,0
FINNIFTY30DEC2527400CE.NFO,2025-12-11,10:14:00,2025-12-30,402.9,411.9,401.5,411.9,585,8970,0
FINNIFTY30DEC2527400CE.NFO,2025-12-11,10:15:00,2025-12-30,411.9,433.15,411.9,421.85,520,8970,0
FINNIFTY30DEC2527400CE.NFO,2025-12-11,10:16:00,2025-12-30,421.85,430.0,421.85,422.65,130,8580,0
FINNIFTY30DEC2527400CE.NFO,2025-12-11,10:17:00,2025-12-30,422.65,425.0,422.65,425.0,65,8580,0
FINNIFTY30DEC2527400CE.NFO,2025-12-11,10:18:00,2025-12-30,425.0,425.0,421.2,421.2,195,8580,0
FINNIFTY30DEC2527400CE.NFO,2025-12-11,10:19:00,2025-12-30,421.2,421.2,421.1,421.2,130,8515,0
FINNIFTY30DEC2527400CE.NFO,2025-12-11,10:20:00,2025-12-30,421.2,427.0,421.2,427.0,65,8515,0
FINNIFTY30DEC2527400CE.NFO,2025-12-11,10:21:00,2025-12-30,427.0,427.0,420.55,420.55,195,8515,0
FINNIFTY30DEC2527400CE.NFO,2025-12-11,10:22:00,2025-12-30,420.55,420.55,408.7,417.75,325,8190,0
FINNIFTY30DEC2527400CE.NFO,2025-12-11,10:23:00,2025-12-30,417.75,417.75,417.75,417.75,0,8190,0
FINNIFTY30DEC2527400CE.NFO,2025-12-11,10:24:00,2025-12-30,417.75,417.75,417.75,417.75,0,8190,0
FINNIFTY30DEC2527400CE.NFO,2025-12-11,10:25:00,2025-12-30,417.75,417.75,417.75,417.75,0,8190,0
FINNIFTY30DEC2527400CE.NFO,2025-12-11,10:26:00,2025-12-30,417.75,435.0,417.75,434.0,130,7930,0
FINNIFTY30DEC2527400CE.NFO,2025-12-11,10:27:00,2025-12-30,434.0,434.0,434.0,434.0,0,7930,0
FINNIFTY30DEC2527400CE.NFO,2025-12-11,10:28:00,2025-12-30,434.0,434.0,434.0,434.0,0,7930,0
FINNIFTY30DEC2527400CE.NFO,2025-12-11,10:29:00,2025-12-30,434.0,434.0,434.0,434.0,0,7930,0
FINNIFTY30DEC2527400CE.NFO,2025-12-11,10:30:00,2025-12-30,434.0,434.0,434.0,434.0,0,7930,0
FINNIFTY30DEC2527400CE.NFO,2025-12-11,10:31:00,2025-12-30,434.0,445.8,434.0,445.8,65,7930,0
FINNIFTY30DEC2527400CE.NFO,2025-12-11,10:32:00,2025-12-30,445.8,445.8,442.2,445.8,130,7930,0
FINNIFTY30DEC2527400CE.NFO,2025-12-11,10:33:00,2025-12-30,445.8,445.8,440.9,440.9,130,7930,0
FINNIFTY30DEC2527400CE.NFO,2025-12-11,10:34:00,2025-12-30,440.9,440.9,440.9,440.9,0,7930,0
FINNIFTY30DEC2527400CE.NFO,2025-12-11,10:35:00,2025-12-30,440.9,448.8,438.55,438.55,130,7735,0
FINNIFTY30DEC2527400CE.NFO,2025-12-11,10:36:00,2025-12-30,438.55,439.9,437.3,439.9,260,7735,0
FINNIFTY30DEC2527400CE.NFO,2025-12-11,10:37:00,2025-12-30,439.9,439.9,439.9,439.9,0,7735,0
FINNIFTY30DEC2527400CE.NFO,2025-12-11,10:38:00,2025-12-30,439.9,439.9,439.9,439.9,0,7735,0
FINNIFTY30DEC2527400CE.NFO,2025-12-11,10:39:00,2025-12-30,439.9,439.9,439.9,439.9,0,7735,0
FINNIFTY30DEC2527400CE.NFO,2025-12-11,10:40:00,2025-12-30,439.9,440.45,439.9,440.45,65,7605,0
FINNIFTY30DEC2527400CE.NFO,2025-12-11,10:41:00,2025-12-30,440.45,450.0,440.45,446.1,1950,7605,0
FINNIFTY30DEC2527400CE.NFO,2025-12-11,10:42:00,2025-12-30,446.1,450.0,446.1,447.0,390,7605,0
FINNIFTY30DEC2527400CE.NFO,2025-12-11,10:43:00,2025-12-30,447.0,447.0,447.0,447.0,0,7605,0
FINNIFTY30DEC2527400CE.NFO,2025-12-11,10:44:00,2025-12-30,447.0,450.0,447.0,450.0,65,8125,0
FINNIFTY30DEC2527400CE.NFO,2025-12-11,10:45:00,2025-12-30,450.0,451.75,450.0,451.75,1170,8125,0
FINNIFTY30DEC2527400CE.NFO,2025-12-11,10:46:00,2025-12-30,451.75,451.75,451.75,451.75,0,8125,0
FINNIFTY30DEC2527400CE.NFO,2025-12-11,10:47:00,2025-12-30,451.75,455.8,451.1,455.8,1105,7930,0
FINNIFTY30DEC2527400CE.NFO,2025-12-11,10:48:00,2025-12-30,455.8,455.8,455.8,455.8,0,7930,0
FINNIFTY30DEC2527400CE.NFO,2025-12-11,10:49:00,2025-12-30,455.8,455.8,453.3,453.3,65,7800,0
FINNIFTY30DEC2527400CE.NFO,2025-12-11,10:50:00,2025-12-30,453.3,455.35,451.95,451.95,455,7800,0
FINNIFTY30DEC2527400CE.NFO,2025-12-11,10:51:00,2025-12-30,451.95,451.95,451.95,451.95,0,7800,0
FINNIFTY30DEC2527400CE.NFO,2025-12-11,10:52:00,2025-12-30,451.95,451.95,451.95,451.95,0,7800,0
FINNIFTY30DEC2527400CE.NFO,2025-12-11,10:53:00,2025-12-30,451.95,451.95,451.95,451.95,0,7800,0
FINNIFTY30DEC2527400CE.NFO,2025-12-11,10:54:00,2025-12-30,451.95,451.95,451.95,451.95,0,7800,0
FINNIFTY30DEC2527400CE.NFO,2025-12-11,10:55:00,2025-12-30,451.95,451.95,431.65,431.65,325,7605,0
FINNIFTY30DEC2527400CE.NFO,2025-12-11,10:56:00,2025-12-30,431.65,439.1,431.65,439.1,65,7605,0
FINNIFTY30DEC2527400CE.NFO,2025-12-11,10:57:00,2025-12-30,439.1,445.0,439.1,445.0,130,7605,0
FINNIFTY30DEC2527400CE.NFO,2025-12-11,10:58:00,2025-12-30,445.0,445.0,445.0,445.0,0,7605,0
FINNIFTY30DEC2527400CE.NFO,2025-12-11,10:59:00,2025-12-30,445.0,445.0,423.65,423.65,65,7475,0
FINNIFTY30DEC2527400CE.NFO,2025-12-11,11:00:00,2025-12-30,423.65,423.65,416.55,416.55,195,7475,0
FINNIFTY30DEC2527400CE.NFO,2025-12-11,11:01:00,2025-12-30,416.55,416.55,416.55,416.55,0,7475,0
FINNIFTY30DEC2527400CE.NFO,2025-12-11,11:02:00,2025-12-30,416.55,416.55,416.55,416.55,0,7475,0
FINNIFTY30DEC2527400CE.NFO,2025-12-11,11:03:00,2025-12-30,416.55,416.55,416.55,416.55,0,7475,0
FINNIFTY30DEC2527400CE.NFO,2025-12-11,11:04:00,2025-12-30,416.55,416.55,405.0,405.0,65,7345,0
FINNIFTY30DEC2527400CE.NFO,2025-12-11,11:05:00,2025-12-30,405.0,405.0,405.0,405.0,0,7345,0
FINNIFTY30DEC2527400CE.NFO,2025-12-11,11:06:00,2025-12-30,405.0,408.85,405.0,406.35,325,7345,0
FINNIFTY30DEC2527400CE.NFO,2025-12-11,11:07:00,2025-12-30,406.35,420.0,406.35,420.0,65,7020,0
FINNIFTY30DEC2527400CE.NFO,2025-12-11,11:08:00,2025-12-30,420.0,420.0,417.3,417.3,65,7020,0
FINNIFTY30DEC2527400CE.NFO,2025-12-11,11:09:00,2025-12-30,417.3,417.3,417.3,417.3,0,7020,0
FINNIFTY30DEC2527400CE.NFO,2025-12-11,11:10:00,2025-12-30,417.3,417.3,417.3,417.3,0,7020,0
FINNIFTY30DEC2527400CE.NFO,2025-12-11,11:11:00,2025-12-30,417.3,433.25,417.3,433.25,65,7085,0
FINNIFTY30DEC2527400CE.NFO,2025-12-11,11:12:00,2025-12-30,433.25,433.25,433.25,433.25,0,7085,0
FINNIFTY30DEC2527400CE.NFO,2025-12-11,11:13:00,2025-12-30,433.25,433.25,433.25,433.25,0,7085,0
FINNIFTY30DEC2527400CE.NFO,2025-12-11,11:14:00,2025-12-30,433.25,433.25,433.25,433.25,0,7085,0
FINNIFTY30DEC2527400CE.NFO,2025-12-11,11:15:00,2025-12-30,433.25,433.25,433.25,433.25,0,7085,0
FINNIFTY30DEC2527400CE.NFO,2025-12-11,11:16:00,2025-12-30,433.25,433.25,433.25,433.25,0,7085,0
FINNIFTY30DEC2527400CE.NFO,2025-12-11,11:17:00,2025-12-30,433.25,433.9,433.25,433.9,65,7085,0
FINNIFTY30DEC2527400CE.NFO,2025-12-11,11:18:00,2025-12-30,433.9,438.0,433.9,438.0,195,7085,0
FINNIFTY30DEC2527400CE.NFO,2025-12-11,11:19:00,2025-12-30,438.0,438.0,438.0,438.0,0,7085,0
FINNIFTY30DEC2527400CE.NFO,2025-12-11,11:20:00,2025-12-30,438.0,438.0,438.0,438.0,0,7085,0
FINNIFTY30DEC2527400CE.NFO,2025-12-11,11:21:00,2025-12-30,438.0,441.85,438.0,440.65,325,7085,0
FINNIFTY30DEC2527400CE.NFO,2025-12-11,11:22:00,2025-12-30,440.65,440.65,440.65,440.65,0,7085,0
FINNIFTY30DEC2527400CE.NFO,2025-12-11,11:23:00,2025-12-30,440.65,440.65,440.65,440.65,0,7085,0
FINNIFTY30DEC2527400CE.NFO,2025-12-11,11:24:00,2025-12-30,440.65,440.65,440.65,440.65,0,7085,0
FINNIFTY30DEC2527400CE.NFO,2025-12-11,11:25:00,2025-12-30,440.65,440.65,440.0,440.0,130,7150,0
FINNIFTY30DEC2527400CE.NFO,2025-12-11,11:26:00,2025-12-30,440.0,445.0,440.0,445.0,65,7150,0
FINNIFTY30DEC2527400CE.NFO,2025-12-11,11:27:00,2025-12-30,445.0,445.0,445.0,445.0,0,7150,0
FINNIFTY30DEC2527400CE.NFO,2025-12-11,11:28:00,2025-12-30,445.0,445.0,433.9,435.0,130,7085,0
FINNIFTY30DEC2527400CE.NFO,2025-12-11,11:29:00,2025-12-30,435.0,435.0,435.0,435.0,0,7085,0
FINNIFTY30DEC2527400CE.NFO,2025-12-11,11:30:00,2025-12-30,435.0,439.9,435.0,439.9,65,7085,0
FINNIFTY30DEC2527400CE.NFO,2025-12-11,11:31:00,2025-12-30,439.9,439.9,439.9,439.9,0,7085,0
FINNIFTY30DEC2527400CE.NFO,2025-12-11,11:32:00,2025-12-30,439.9,439.9,439.9,439.9,0,7085,0
FINNIFTY30DEC2527400CE.NFO,2025-12-11,11:33:00,2025-12-30,439.9,439.9,439.9,439.9,0,7085,0
FINNIFTY30DEC2527400CE.NFO,2025-12-11,11:34:00,2025-12-30,439.9,439.9,439.9,439.9,0,7085,0
FINNIFTY30DEC2527400CE.NFO,2025-12-11,11:35:00,2025-12-30,439.9,439.9,439.9,439.9,0,7085,0
FINNIFTY30DEC2527400CE.NFO,2025-12-11,11:36:00,2025-12-30,439.9,439.9,439.9,439.9,0,7085,0
FINNIFTY30DEC2527400CE.NFO,2025-12-11,11:37:00,2025-12-30,439.9,439.9,433.0,433.0,65,7020,0
FINNIFTY30DEC2527400CE.NFO,2025-12-11,11:38:00,2025-12-30,433.0,433.0,433.0,433.0,0,7020,0
FINNIFTY30DEC2527400CE.NFO,2025-12-11,11:39:00,2025-12-30,433.0,433.0,433.0,433.0,0,7020,0
FINNIFTY30DEC2527400CE.NFO,2025-12-11,11:40:00,2025-12-30,433.0,433.0,433.0,433.0,0,7020,0
FINNIFTY30DEC2527400CE.NFO,2025-12-11,11:41:00,2025-12-30,433.0,433.0,433.0,433.0,0,7020,0
FINNIFTY30DEC2527400CE.NFO,2025-12-11,11:42:00,2025-12-30,433.0,433.0,433.0,433.0,0,7020,0
FINNIFTY30DEC2527400CE.NFO,2025-12-11,11:43:00,2025-12-30,433.0,433.0,433.0,433.0,0,7020,0
FINNIFTY30DEC2527400CE.NFO,2025-12-11,11:44:00,2025-12-30,433.0,433.0,433.0,433.0,0,7020,0
FINNIFTY30DEC2527400CE.NFO,2025-12-11,11:45:00,2025-12-30,433.0,433.0,433.0,433.0,0,7020,0
FINNIFTY30DEC2527400CE.NFO,2025-12-11,11:46:00,2025-12-30,433.0,433.0,433.0,433.0,0,7020,0
FINNIFTY30DEC2527400CE.NFO,2025-12-11,11:47:00,2025-12-30,433.0,440.0,433.0,440.0,65,7020,0
FINNIFTY30DEC2527400CE.NFO,2025-12-11,11:48:00,2025-12-30,440.0,440.0,440.0,440.0,0,7020,0
FINNIFTY30DEC2527400CE.NFO,2025-12-11,11:49:00,2025-12-30,440.0,440.0,440.0,440.0,0,7020,0
FINNIFTY30DEC2527400CE.NFO,2025-12-11,11:50:00,2025-12-30,440.0,440.0,440.0,440.0,0,7020,0
FINNIFTY30DEC2527400CE.NFO,2025-12-11,11:51:00,2025-12-30,440.0,449.55,440.0,445.5,130,6955,0
FINNIFTY30DEC2527400CE.NFO,2025-12-11,11:52:00,2025-12-30,445.5,450.0,445.5,450.0,325,6955,0
FINNIFTY30DEC2527400CE.NFO,2025-12-11,11:53:00,2025-12-30,450.0,450.0,445.6,445.6,260,6565,0
FINNIFTY30DEC2527400CE.NFO,2025-12-11,11:54:00,2025-12-30,445.6,445.6,445.6,445.6,0,6565,0
FINNIFTY30DEC2527400CE.NFO,2025-12-11,11:55:00,2025-12-30,445.6,445.6,445.6,445.6,0,6565,0
FINNIFTY30DEC2527400CE.NFO,2025-12-11,11:56:00,2025-12-30,445.6,445.6,445.6,445.6,0,6565,0
FINNIFTY30DEC2527400CE.NFO,2025-12-11,11:57:00,2025-12-30,445.6,451.15,445.6,451.15,65,6305,0
FINNIFTY30DEC2527400CE.NFO,2025-12-11,11:58:00,2025-12-30,451.15,451.15,451.15,451.15,0,6305,0
FINNIFTY30DEC2527400CE.NFO,2025-12-11,11:59:00,2025-12-30,451.15,451.15,451.15,451.15,0,6305,0
FINNIFTY30DEC2527400CE.NFO,2025-12-11,12:00:00,2025-12-30,451.15,456.25,451.15,456.25,65,6305,0
FINNIFTY30DEC2527400CE.NFO,2025-12-11,12:01:00,2025-12-30,456.25,456.25,456.25,456.25,0,6305,0
FINNIFTY30DEC2527400CE.NFO,2025-12-11,12:02:00,2025-12-30,456.25,456.25,456.25,456.25,0,6305,0
FINNIFTY30DEC2527400CE.NFO,2025-12-11,12:03:00,2025-12-30,456.25,456.25,456.25,456.25,0,6305,0
FINNIFTY30DEC2527400CE.NFO,2025-12-11,12:04:00,2025-12-30,456.25,490.75,456.25,490.75,325,6305,0
FINNIFTY30DEC2527400CE.NFO,2025-12-11,12:05:00,2025-12-30,490.75,496.25,490.75,496.25,65,6110,0
FINNIFTY30DEC2527400CE.NFO,2025-12-11,12:06:00,2025-12-30,496.25,496.25,496.25,496.25,0,6110,0
FINNIFTY30DEC2527400CE.NFO,2025-12-11,12:07:00,2025-12-30,496.25,496.25,496.25,496.25,0,6110,0
FINNIFTY30DEC2527400CE.NFO,2025-12-11,12:08:00,2025-12-30,496.25,496.25,496.25,496.25,0,6110,0
FINNIFTY30DEC2527400CE.NFO,2025-12-11,12:09:00,2025-12-30,496.25,496.25,496.25,496.25,0,6110,0
FINNIFTY30DEC2527400CE.NFO,2025-12-11,12:10:00,2025-12-30,496.25,496.25,490.0,490.0,65,6045,0
FINNIFTY30DEC2527400CE.NFO,2025-12-11,12:11:00,2025-12-30,490.0,490.0,490.0,490.0,0,6045,0
FINNIFTY30DEC2527400CE.NFO,2025-12-11,12:12:00,2025-12-30,490.0,490.0,490.0,490.0,0,6045,0
FINNIFTY30DEC2527400CE.NFO,2025-12-11,12:13:00,2025-12-30,490.0,490.0,490.0,490.0,0,6045,0
FINNIFTY30DEC2527400CE.NFO,2025-12-11,12:14:00,2025-12-30,490.0,490.0,490.0,490.0,0,6045,0
FINNIFTY30DEC2527400CE.NFO,2025-12-11,12:15:00,2025-12-30,490.0,490.0,490.0,490.0,0,6045,0
FINNIFTY30DEC2527400CE.NFO,2025-12-11,12:16:00,2025-12-30,490.0,490.0,490.0,490.0,0,6045,0
FINNIFTY30DEC2527400CE.NFO,2025-12-11,12:17:00,2025-12-30,490.0,490.0,490.0,490.0,0,6045,0
FINNIFTY30DEC2527400CE.NFO,2025-12-11,12:18:00,2025-12-30,490.0,490.0,490.0,490.0,0,6045,0
FINNIFTY30DEC2527400CE.NFO,2025-12-11,12:19:00,2025-12-30,490.0,490.0,490.0,490.0,0,6045,0
FINNIFTY30DEC2527400CE.NFO,2025-12-11,12:20:00,2025-12-30,490.0,490.0,490.0,490.0,0,6045,0
FINNIFTY30DEC2527400CE.NFO,2025-12-11,12:21:00,2025-12-30,490.0,490.0,490.0,490.0,0,6045,0
FINNIFTY30DEC2527400CE.NFO,2025-12-11,12:22:00,2025-12-30,490.0,490.0,490.0,490.0,0,6045,0
FINNIFTY30DEC2527400CE.NFO,2025-12-11,12:23:00,2025-12-30,490.0,490.0,490.0,490.0,0,6045,0
FINNIFTY30DEC2527400CE.NFO,2025-12-11,12:24:00,2025-12-30,490.0,490.0,490.0,490.0,0,6045,0
FINNIFTY30DEC2527400CE.NFO,2025-12-11,12:25:00,2025-12-30,490.0,490.0,481.0,481.0,65,5980,0
FINNIFTY30DEC2527400CE.NFO,2025-12-11,12:26:00,2025-12-30,481.0,481.0,481.0,481.0,0,5980,0
FINNIFTY30DEC2527400CE.NFO,2025-12-11,12:27:00,2025-12-30,481.0,481.0,481.0,481.0,0,5980,0
FINNIFTY30DEC2527400CE.NFO,2025-12-11,12:28:00,2025-12-30,481.0,481.0,481.0,481.0,0,5980,0
FINNIFTY30DEC2527400CE.NFO,2025-12-11,12:29:00,2025-12-30,481.0,500.0,481.0,500.0,0,5980,0
FINNIFTY30DEC2527400CE.NFO,2025-12-11,12:30:00,2025-12-30,500.0,503.4,500.0,503.4,65,5980,0
FINNIFTY30DEC2527400CE.NFO,2025-12-11,12:31:00,2025-12-30,503.4,503.4,503.4,503.4,0,5980,0
FINNIFTY30DEC2527400CE.NFO,2025-12-11,12:32:00,2025-12-30,503.4,503.4,503.4,503.4,0,5980,0
FINNIFTY30DEC2527400CE.NFO,2025-12-11,12:33:00,2025-12-30,503.4,503.4,503.4,503.4,0,5980,0
FINNIFTY30DEC2527400CE.NFO,2025-12-11,12:34:00,2025-12-30,503.4,503.4,486.5,486.5,325,5980,0
FINNIFTY30DEC2527400CE.NFO,2025-12-11,12:35:00,2025-12-30,486.5,486.5,486.5,486.5,0,5980,0
FINNIFTY30DEC2527400CE.NFO,2025-12-11,12:36:00,2025-12-30,486.5,486.5,486.5,486.5,0,5980,0
FINNIFTY30DEC2527400CE.NFO,2025-12-11,12:37:00,2025-12-30,486.5,486.5,486.5,486.5,0,5980,0
FINNIFTY30DEC2527400CE.NFO,2025-12-11,12:38:00,2025-12-30,486.5,486.5,486.5,486.5,0,5980,0
FINNIFTY30DEC2527400CE.NFO,2025-12-11,12:39:00,2025-12-30,486.5,486.5,486.5,486.5,0,5980,0
FINNIFTY30DEC2527400CE.NFO,2025-12-11,12:40:00,2025-12-30,486.5,486.5,486.5,486.5,0,5980,0
FINNIFTY30DEC2527400CE.NFO,2025-12-11,12:41:00,2025-12-30,486.5,486.5,486.5,486.5,0,5980,0
FINNIFTY30DEC2527400CE.NFO,2025-12-11,12:42:00,2025-12-30,486.5,486.5,486.5,486.5,0,5980,0
FINNIFTY30DEC2527400CE.NFO,2025-12-11,12:43:00,2025-12-30,486.5,486.5,486.5,486.5,0,5980,0
FINNIFTY30DEC2527400CE.NFO,2025-12-11,12:44:00,2025-12-30,486.5,486.5,486.5,486.5,0,5980,0
FINNIFTY30DEC2527400CE.NFO,2025-12-11,12:45:00,2025-12-30,486.5,486.5,486.5,486.5,0,5980,0
FINNIFTY30DEC2527400CE.NFO,2025-12-11,12:46:00,2025-12-30,486.5,486.5,486.5,486.5,0,5980,0
FINNIFTY30DEC2527400CE.NFO,2025-12-11,12:47:00,2025-12-30,486.5,486.5,486.5,486.5,0,5980,0
FINNIFTY30DEC2527400CE.NFO,2025-12-11,12:48:00,2025-12-30,486.5,486.5,486.5,486.5,0,5980,0
FINNIFTY30DEC2527400CE.NFO,2025-12-11,12:49:00,2025-12-30,486.5,486.5,486.5,486.5,0,5980,0
FINNIFTY30DEC2527400CE.NFO,2025-12-11,12:50:00,2025-12-30,486.5,486.5,486.5,486.5,0,5980,0
FINNIFTY30DEC2527400CE.NFO,2025-12-11,12:51:00,2025-12-30,486.5,486.5,472.05,472.05,65,5980,0
FINNIFTY30DEC2527400CE.NFO,2025-12-11,12:52:00,2025-12-30,472.05,476.95,472.05,476.95,65,5980,0
FINNIFTY30DEC2527400CE.NFO,2025-12-11,12:53:00,2025-12-30,476.95,476.95,476.95,476.95,0,5980,0
FINNIFTY30DEC2527400CE.NFO,2025-12-11,12:54:00,2025-12-30,476.95,476.95,476.95,476.95,0,5980,0
FINNIFTY30DEC2527400CE.NFO,2025-12-11,12:55:00,2025-12-30,476.95,476.95,476.95,476.95,0,5980,0
FINNIFTY30DEC2527400CE.NFO,2025-12-11,12:56:00,2025-12-30,476.95,476.95,470.0,470.0,65,6045,0
FINNIFTY30DEC2527400CE.NFO,2025-12-11,12:57:00,2025-12-30,470.0,470.0,470.0,470.0,0,6045,0
FINNIFTY30DEC2527400CE.NFO,2025-12-11,12:58:00,2025-12-30,470.0,470.0,470.0,470.0,0,6045,0
FINNIFTY30DEC2527400CE.NFO,2025-12-11,12:59:00,2025-12-30,470.0,470.0,470.0,470.0,0,6045,0
FINNIFTY30DEC2527400CE.NFO,2025-12-11,13:00:00,2025-12-30,470.0,470.0,470.0,470.0,0,6045,0
FINNIFTY30DEC2527400CE.NFO,2025-12-11,13:01:00,2025-12-30,470.0,470.0,470.0,470.0,0,6045,0
FINNIFTY30DEC2527400CE.NFO,2025-12-11,13:02:00,2025-12-30,470.0,470.0,470.0,470.0,0,6045,0
FINNIFTY30DEC2527400CE.NFO,2025-12-11,13:03:00,2025-12-30,470.0,470.0,470.0,470.0,0,6045,0
FINNIFTY30DEC2527400CE.NFO,2025-12-11,13:04:00,2025-12-30,470.0,470.0,470.0,470.0,0,6045,0
FINNIFTY30DEC2527400CE.NFO,2025-12-11,13:05:00,2025-12-30,470.0,470.0,470.0,470.0,0,6045,0
FINNIFTY30DEC2527400CE.NFO,2025-12-11,13:06:00,2025-12-30,470.0,470.0,470.0,470.0,0,6045,0
FINNIFTY30DEC2527400CE.NFO,2025-12-11,13:07:00,2025-12-30,470.0,470.0,470.0,470.0,0,6045,0
FINNIFTY30DEC2527400CE.NFO,2025-12-11,13:08:00,2025-12-30,470.0,470.0,470.0,470.0,0,6045,0
FINNIFTY30DEC2527400CE.NFO,2025-12-11,13:09:00,2025-12-30,470.0,470.0,470.0,470.0,0,6045,0
FINNIFTY30DEC2527400CE.NFO,2025-12-11,13:10:00,2025-12-30,470.0,470.0,470.0,470.0,0,6045,0
FINNIFTY30DEC2527400CE.NFO,2025-12-11,13:11:00,2025-12-30,470.0,470.0,470.0,470.0,0,6045,0
FINNIFTY30DEC2527400CE.NFO,2025-12-11,13:12:00,2025-12-30,470.0,470.0,410.9,410.9,65,6045,0
FINNIFTY30DEC2527400CE.NFO,2025-12-11,13:13:00,2025-12-30,410.9,410.9,410.9,410.9,0,6045,0
FINNIFTY30DEC2527400CE.NFO,2025-12-11,13:14:00,2025-12-30,410.9,410.9,410.9,410.9,0,6045,0
FINNIFTY30DEC2527400CE.NFO,2025-12-11,13:15:00,2025-12-30,410.9,410.9,410.9,410.9,0,6045,0
FINNIFTY30DEC2527400CE.NFO,2025-12-11,13:16:00,2025-12-30,410.9,416.35,410.9,416.35,65,5980,0
FINNIFTY30DEC2527400CE.NFO,2025-12-11,13:17:00,2025-12-30,416.35,416.35,416.35,416.35,0,5980,0
FINNIFTY30DEC2527400CE.NFO,2025-12-11,13:18:00,2025-12-30,416.35,416.35,416.35,416.35,0,5980,0
FINNIFTY30DEC2527400CE.NFO,2025-12-11,13:19:00,2025-12-30,416.35,416.35,416.35,416.35,0,5980,0
FINNIFTY30DEC2527400CE.NFO,2025-12-11,13:20:00,2025-12-30,416.35,416.35,416.35,416.35,0,5980,0
FINNIFTY30DEC2527400CE.NFO,2025-12-11,13:21:00,2025-12-30,416.35,416.35,416.35,416.35,65,5980,0
FINNIFTY30DEC2527400CE.NFO,2025-12-11,13:22:00,2025-12-30,416.35,416.35,416.35,416.35,0,5980,0
FINNIFTY30DEC2527400CE.NFO,2025-12-11,13:23:00,2025-12-30,416.35,416.35,412.8,413.75,260,6045,0
FINNIFTY30DEC2527400CE.NFO,2025-12-11,13:24:00,2025-12-30,413.75,413.75,413.75,413.75,0,6045,0
FINNIFTY30DEC2527400CE.NFO,2025-12-11,13:25:00,2025-12-30,413.75,418.0,413.75,418.0,65,6045,0
FINNIFTY30DEC2527400CE.NFO,2025-12-11,13:26:00,2025-12-30,418.0,418.0,418.0,418.0,0,6045,0
FINNIFTY30DEC2527400CE.NFO,2025-12-11,13:27:00,2025-12-30,418.0,418.0,418.0,418.0,0,6045,0
FINNIFTY30DEC2527400CE.NFO,2025-12-11,13:28:00,2025-12-30,418.0,418.0,418.0,418.0,0,6045,0
FINNIFTY30DEC2527400CE.NFO,2025-12-11,13:29:00,2025-12-30,418.0,418.0,418.0,418.0,0,6045,0
FINNIFTY30DEC2527400CE.NFO,2025-12-11,13:30:00,2025-12-30,418.0,418.0,418.0,418.0,0,6045,0
FINNIFTY30DEC2527400CE.NFO,2025-12-11,13:31:00,2025-12-30,418.0,418.0,418.0,418.0,0,6045,0
FINNIFTY30DEC2527400CE.NFO,2025-12-11,13:32:00,2025-12-30,418.0,418.0,418.0,418.0,0,6045,0
FINNIFTY30DEC2527400CE.NFO,2025-12-11,13:33:00,2025-12-30,418.0,418.0,418.0,418.0,0,6045,0
FINNIFTY30DEC2527400CE.NFO,2025-12-11,13:34:00,2025-12-30,418.0,432.4,418.0,432.4,65,6045,0
FINNIFTY30DEC2527400CE.NFO,2025-12-11,13:35:00,2025-12-30,432.4,432.4,432.4,432.4,0,6045,0
FINNIFTY30DEC2527400CE.NFO,2025-12-11,13:36:00,2025-12-30,432.4,432.4,432.4,432.4,0,6045,0
FINNIFTY30DEC2527400CE.NFO,2025-12-11,13:37:00,2025-12-30,432.4,432.4,432.4,432.4,0,6045,0
FINNIFTY30DEC2527400CE.NFO,2025-12-11,13:38:00,2025-12-30,432.4,432.4,432.4,432.4,65,6110,0
FINNIFTY30DEC2527400CE.NFO,2025-12-11,13:39:00,2025-12-30,432.4,432.4,432.4,432.4,0,6110,0
FINNIFTY30DEC2527400CE.NFO,2025-12-11,13:40:00,2025-12-30,432.4,432.4,432.4,432.4,0,6110,0
FINNIFTY30DEC2527400CE.NFO,2025-12-11,13:41:00,2025-12-30,432.4,432.4,432.4,432.4,0,6110,0
FINNIFTY30DEC2527400CE.NFO,2025-12-11,13:42:00,2025-12-30,432.4,432.4,432.4,432.4,0,6110,0
FINNIFTY30DEC2527400CE.NFO,2025-12-11,13:43:00,2025-12-30,432.4,432.4,432.4,432.4,0,6110,0
FINNIFTY30DEC2527400CE.NFO,2025-12-11,13:44:00,2025-12-30,432.4,432.4,432.4,432.4,0,6110,0
FINNIFTY30DEC2527400CE.NFO,2025-12-11,13:45:00,2025-12-30,432.4,432.4,430.5,430.5,260,6110,0
FINNIFTY30DEC2527400CE.NFO,2025-12-11,13:46:00,2025-12-30,430.5,430.5,430.5,430.5,65,6110,0
FINNIFTY30DEC2527400CE.NFO,2025-12-11,13:47:00,2025-12-30,430.5,430.5,430.5,430.5,0,6110,0
FINNIFTY30DEC2527400CE.NFO,2025-12-11,13:48:00,2025-12-30,430.5,430.5,430.5,430.5,0,6110,0
FINNIFTY30DEC2527400CE.NFO,2025-12-11,13:49:00,2025-12-30,430.5,430.5,430.5,430.5,0,6110,0
FINNIFTY30DEC2527400CE.NFO,2025-12-11,13:50:00,2025-12-30,430.5,430.5,430.5,430.5,0,6110,0
FINNIFTY30DEC2527400CE.NFO,2025-12-11,13:51:00,2025-12-30,430.5,430.5,430.5,430.5,0,6110,0
FINNIFTY30DEC2527400CE.NFO,2025-12-11,13:52:00,2025-12-30,430.5,430.5,430.5,430.5,0,6110,0
FINNIFTY30DEC2527400CE.NFO,2025-12-11,13:53:00,2025-12-30,430.5,430.5,430.5,430.5,0,6110,0
FINNIFTY30DEC2527400CE.NFO,2025-12-11,13:54:00,2025-12-30,430.5,430.5,430.5,430.5,0,6110,0
FINNIFTY30DEC2527400CE.NFO,2025-12-11,13:55:00,2025-12-30,430.5,430.5,430.5,430.5,0,6110,0
FINNIFTY30DEC2527400CE.NFO,2025-12-11,13:56:00,2025-12-30,430.5,430.5,430.5,430.5,0,6110,0
FINNIFTY30DEC2527400CE.NFO,2025-12-11,13:57:00,2025-12-30,430.5,430.5,430.5,430.5,0,6110,0
FINNIFTY30DEC2527400CE.NFO,2025-12-11,13:58:00,2025-12-30,430.5,430.5,430.5,430.5,0,6110,0
FINNIFTY30DEC2527400CE.NFO,2025-12-11,13:59:00,2025-12-30,430.5,430.5,430.5,430.5,0,6110,0
FINNIFTY30DEC2527400CE.NFO,2025-12-11,14:00:00,2025-12-30,430.5,430.5,430.5,430.5,0,6110,0
FINNIFTY30DEC2527400CE.NFO,2025-12-11,14:01:00,2025-12-30,430.5,430.5,430.5,430.5,0,6110,0
FINNIFTY30DEC2527400CE.NFO,2025-12-11,14:02:00,2025-12-30,430.5,430.5,430.5,430.5,0,6110,0
FINNIFTY30DEC2527400CE.NFO,2025-12-11,14:03:00,2025-12-30,430.5,430.5,430.5,430.5,0,6110,0
FINNIFTY30DEC2527400CE.NFO,2025-12-11,14:04:00,2025-12-30,430.5,430.5,423.65,423.65,0,6110,0
FINNIFTY30DEC2527400CE.NFO,2025-12-11,14:05:00,2025-12-30,423.65,423.65,423.65,423.65,65,6110,0
FINNIFTY30DEC2527400CE.NFO,2025-12-11,14:06:00,2025-12-30,423.65,423.65,423.65,423.65,0,6110,0
FINNIFTY30DEC2527400CE.NFO,2025-12-11,14:07:00,2025-12-30,423.65,423.65,423.65,423.65,0,6110,0
FINNIFTY30DEC2527400CE.NFO,2025-12-11,14:08:00,2025-12-30,423.65,439.7,423.65,439.7,65,6110,0
FINNIFTY30DEC2527400CE.NFO,2025-12-11,14:09:00,2025-12-30,439.7,439.7,439.7,439.7,0,6110,0
FINNIFTY30DEC2527400CE.NFO,2025-12-11,14:10:00,2025-12-30,439.7,439.7,431.8,431.8,65,6110,0
FINNIFTY30DEC2527400CE.NFO,2025-12-11,14:11:00,2025-12-30,431.8,431.8,431.8,431.8,0,6110,0
FINNIFTY30DEC2527400CE.NFO,2025-12-11,14:12:00,2025-12-30,431.8,431.8,431.8,431.8,0,6110,0
FINNIFTY30DEC2527400CE.NFO,2025-12-11,14:13:00,2025-12-30,431.8,431.8,431.8,431.8,0,6110,0
FINNIFTY30DEC2527400CE.NFO,2025-12-11,14:14:00,2025-12-30,431.8,431.8,431.8,431.8,0,6110,0
FINNIFTY30DEC2527400CE.NFO,2025-12-11,14:15:00,2025-12-30,431.8,431.8,431.8,431.8,0,6110,0
FINNIFTY30DEC2527400CE.NFO,2025-12-11,14:16:00,2025-12-30,431.8,431.8,431.8,431.8,0,6110,0
FINNIFTY30DEC2527400CE.NFO,2025-12-11,14:17:00,2025-12-30,431.8,431.8,431.8,431.8,0,6110,0
FINNIFTY30DEC2527400CE.NFO,2025-12-11,14:18:00,2025-12-30,431.8,431.8,431.8,431.8,0,6110,0
FINNIFTY30DEC2527400CE.NFO,2025-12-11,14:19:00,2025-12-30,431.8,431.8,431.8,431.8,0,6110,0
FINNIFTY30DEC2527400CE.NFO,2025-12-11,14:20:00,2025-12-30,431.8,431.8,431.8,431.8,0,6110,0
FINNIFTY30DEC2527400CE.NFO,2025-12-11,14:21:00,2025-12-30,431.8,431.8,431.8,431.8,0,6110,0
FINNIFTY30DEC2527400CE.NFO,2025-12-11,14:22:00,2025-12-30,431.8,431.8,431.8,431.8,0,6110,0
FINNIFTY30DEC2527400CE.NFO,2025-12-11,14:23:00,2025-12-30,431.8,431.8,431.8,431.8,0,6110,0
FINNIFTY30DEC2527400CE.NFO,2025-12-11,14:24:00,2025-12-30,431.8,431.8,431.8,431.8,0,6110,0
FINNIFTY30DEC2527400CE.NFO,2025-12-11,14:25:00,2025-12-30,431.8,431.8,431.8,431.8,0,6110,0
FINNIFTY30DEC2527400CE.NFO,2025-12-11,14:26:00,2025-12-30,431.8,431.8,431.8,431.8,0,6110,0
FINNIFTY30DEC2527400CE.NFO,2025-12-11,14:27:00,2025-12-30,431.8,431.8,431.8,431.8,0,6110,0
FINNIFTY30DEC2527400CE.NFO,2025-12-11,14:28:00,2025-12-30,431.8,431.8,431.8,431.8,0,6110,0
FINNIFTY30DEC2527400CE.NFO,2025-12-11,14:29:00,2025-12-30,431.8,431.8,431.8,431.8,0,6110,0
FINNIFTY30DEC2527400CE.NFO,2025-12-11,14:30:00,2025-12-30,431.8,431.8,431.8,431.8,0,6110,0
FINNIFTY30DEC2527400CE.NFO,2025-12-11,14:31:00,2025-12-30,431.8,431.8,431.8,431.8,0,6110,0
FINNIFTY30DEC2527400CE.NFO,2025-12-11,14:32:00,2025-12-30,431.8,431.8,431.8,431.8,0,6110,0
FINNIFTY30DEC2527400CE.NFO,2025-12-11,14:33:00,2025-12-30,431.8,431.8,431.8,431.8,0,6110,0
FINNIFTY30DEC2527400CE.NFO,2025-12-11,14:34:00,2025-12-30,431.8,431.8,431.8,431.8,0,6110,0
FINNIFTY30DEC2527400CE.NFO,2025-12-11,14:35:00,2025-12-30,431.8,431.8,431.8,431.8,0,6110,0
FINNIFTY30DEC2527400CE.NFO,2025-12-11,14:36:00,2025-12-30,431.8,431.8,431.8,431.8,0,6110,0
FINNIFTY30DEC2527400CE.NFO,2025-12-11,14:37:00,2025-12-30,431.8,431.8,431.8,431.8,0,6110,0
FINNIFTY30DEC2527400CE.NFO,2025-12-11,14:38:00,2025-12-30,431.8,431.8,431.8,431.8,0,6110,0
FINNIFTY30DEC2527400CE.NFO,2025-12-11,14:39:00,2025-12-30,431.8,431.8,431.8,431.8,0,6110,0
FINNIFTY30DEC2527400CE.NFO,2025-12-11,14:40:00,2025-12-30,431.8,431.8,431.8,431.8,0,6110,0
FINNIFTY30DEC2527400CE.NFO,2025-12-11,14:41:00,2025-12-30,431.8,431.8,431.8,431.8,0,6110,0
FINNIFTY30DEC2527400CE.NFO,2025-12-11,14:42:00,2025-12-30,431.8,431.8,431.8,431.8,0,6110,0
FINNIFTY30DEC2527400CE.NFO,2025-12-11,14:43:00,2025-12-30,431.8,431.8,431.8,431.8,0,6110,0
FINNIFTY30DEC2527400CE.NFO,2025-12-11,14:44:00,2025-12-30,431.8,431.8,431.8,431.8,0,6110,0
FINNIFTY30DEC2527400CE.NFO,2025-12-11,14:45:00,2025-12-30,431.8,431.8,431.8,431.8,0,6110,0
FINNIFTY30DEC2527400CE.NFO,2025-12-11,14:46:00,2025-12-30,431.8,431.8,431.8,431.8,0,6110,0
FINNIFTY30DEC2527400CE.NFO,2025-12-11,14:47:00,2025-12-30,431.8,431.8,431.8,431.8,0,6110,0
FINNIFTY30DEC2527400CE.NFO,2025-12-11,14:48:00,2025-12-30,431.8,442.0,431.8,442.0,65,6110,0
FINNIFTY30DEC2527400CE.NFO,2025-12-11,14:49:00,2025-12-30,442.0,442.0,442.0,442.0,0,6110,0
FINNIFTY30DEC2527400CE.NFO,2025-12-11,14:50:00,2025-12-30,442.0,442.0,442.0,442.0,0,6110,0
FINNIFTY30DEC2527400CE.NFO,2025-12-11,14:51:00,2025-12-30,442.0,442.0,442.0,442.0,0,6110,0
FINNIFTY30DEC2527400CE.NFO,2025-12-11,14:52:00,2025-12-30,442.0,442.0,442.0,442.0,0,6110,0
FINNIFTY30DEC2527400CE.NFO,2025-12-11,14:53:00,2025-12-30,442.0,442.0,442.0,442.0,0,6110,0
FINNIFTY30DEC2527400CE.NFO,2025-12-11,14:54:00,2025-12-30,442.0,442.0,434.25,434.25,65,6110,0
FINNIFTY30DEC2527400CE.NFO,2025-12-11,14:55:00,2025-12-30,434.25,434.25,434.25,434.25,0,6110,0
FINNIFTY30DEC2527400CE.NFO,2025-12-11,14:56:00,2025-12-30,434.25,434.25,434.25,434.25,0,6110,0
FINNIFTY30DEC2527400CE.NFO,2025-12-11,14:57:00,2025-12-30,434.25,434.25,434.25,434.25,0,6110,0
FINNIFTY30DEC2527400CE.NFO,2025-12-11,14:58:00,2025-12-30,434.25,434.25,434.25,434.25,0,6110,0
FINNIFTY30DEC2527400CE.NFO,2025-12-11,14:59:00,2025-12-30,434.25,434.25,434.25,434.25,0,6110,0
FINNIFTY30DEC2527400CE.NFO,2025-12-11,15:00:00,2025-12-30,434.25,448.15,434.25,446.05,260,6110,0
FINNIFTY30DEC2527400CE.NFO,2025-12-11,15:01:00,2025-12-30,446.05,446.85,443.35,443.35,520,6110,0
FINNIFTY30DEC2527400CE.NFO,2025-12-11,15:02:00,2025-12-30,441.6,441.6,440.05,440.05,260,6110,0
FINNIFTY30DEC2527400CE.NFO,2025-12-11,15:03:00,2025-12-30,440.05,440.05,440.05,440.05,0,6110,0
FINNIFTY30DEC2527400CE.NFO,2025-12-11,15:04:00,2025-12-30,440.05,440.05,440.05,440.05,0,6110,0
FINNIFTY30DEC2527400CE.NFO,2025-12-11,15:05:00,2025-12-30,440.05,440.05,440.05,440.05,0,6110,0
FINNIFTY30DEC2527400CE.NFO,2025-12-11,15:06:00,2025-12-30,440.05,440.05,440.05,440.05,0,6110,0
FINNIFTY30DEC2527400CE.NFO,2025-12-11,15:07:00,2025-12-30,440.05,440.05,440.05,440.05,0,6110,0
FINNIFTY30DEC2527400CE.NFO,2025-12-11,15:08:00,2025-12-30,440.05,440.05,440.05,440.05,0,6110,0
FINNIFTY30DEC2527400CE.NFO,2025-12-11,15:09:00,2025-12-30,440.05,440.05,440.05,440.05,0,6110,0
FINNIFTY30DEC2527400CE.NFO,2025-12-11,15:10:00,2025-12-30,440.05,440.05,440.05,440.05,0,6110,0
FINNIFTY30DEC2527400CE.NFO,2025-12-11,15:11:00,2025-12-30,440.05,440.05,440.05,440.05,0,6110,0
FINNIFTY30DEC2527400CE.NFO,2025-12-11,15:12:00,2025-12-30,440.05,440.05,440.05,440.05,0,6110,0
FINNIFTY30DEC2527400CE.NFO,2025-12-11,15:13:00,2025-12-30,440.05,440.05,440.05,440.05,0,6110,0
FINNIFTY30DEC2527400CE.NFO,2025-12-11,15:14:00,2025-12-30,440.05,440.05,440.05,440.05,0,6110,0
FINNIFTY30DEC2527400CE.NFO,2025-12-11,15:15:00,2025-12-30,440.05,440.05,440.05,440.05,0,6110,0
FINNIFTY30DEC2527400CE.NFO,2025-12-11,15:16:00,2025-12-30,440.05,440.5,440.05,440.5,65,5135,0
FINNIFTY30DEC2527400CE.NFO,2025-12-11,15:17:00,2025-12-30,440.5,440.5,440.5,440.5,0,5135,0
FINNIFTY30DEC2527400CE.NFO,2025-12-11,15:18:00,2025-12-30,440.5,440.5,440.5,440.5,0,5135,0
FINNIFTY30DEC2527400CE.NFO,2025-12-11,15:19:00,2025-12-30,440.5,448.7,440.5,448.7,195,5070,0
FINNIFTY30DEC2527400CE.NFO,2025-12-11,15:20:00,2025-12-30,448.7,448.7,448.6,448.6,65,5070,0
FINNIFTY30DEC2527400CE.NFO,2025-12-11,15:21:00,2025-12-30,448.6,448.6,448.6,448.6,0,5070,0
FINNIFTY30DEC2527400CE.NFO,2025-12-11,15:22:00,2025-12-30,448.6,448.6,448.6,448.6,0,5070,0
FINNIFTY30DEC2527400CE.NFO,2025-12-11,15:23:00,2025-12-30,448.6,448.6,448.6,448.6,0,5070,0
FINNIFTY30DEC2527400CE.NFO,2025-12-11,15:24:00,2025-12-30,448.6,448.6,440.7,440.7,195,5200,0
FINNIFTY30DEC2527400CE.NFO,2025-12-11,15:25:00,2025-12-30,440.7,440.7,440.7,440.7,0,5200,0
FINNIFTY30DEC2527400CE.NFO,2025-12-11,15:26:00,2025-12-30,440.7,440.85,440.7,440.85,130,5200,0
FINNIFTY30DEC2527400CE.NFO,2025-12-11,15:27:00,2025-12-30,440.85,440.85,440.85,440.85,0,5200,0
FINNIFTY30DEC2527400CE.NFO,2025-12-11,15:28:00,2025-12-30,440.85,440.85,438.0,439.0,195,5005,0
FINNIFTY30DEC2527400CE.NFO,2025-12-11,15:29:00,2025-12-30,439.0,439.0,429.1,429.1,195,5005,0
FINNIFTY30DEC2527400CE.NFO,2025-12-11,15:30:00,2025-12-30,429.1,429.1,429.1,429.1,195,5005,1
FINNIFTY30DEC2527400CE.NFO,2025-12-12,09:15:00,2025-12-30,492.9,492.9,492.9,492.9,65,5005,1
FINNIFTY30DEC2527400CE.NFO,2025-12-12,09:16:00,2025-12-30,492.9,492.9,492.9,492.9,65,5005,1
FINNIFTY30DEC2527400CE.NFO,2025-12-12,09:17:00,2025-12-30,492.9,492.9,492.9,492.9,65,5005,1
FINNIFTY30DEC2527400CE.NFO,2025-12-12,09:18:00,2025-12-30,492.9,492.9,492.9,492.9,65,5005,1
FINNIFTY30DEC2527400CE.NFO,2025-12-12,09:19:00,2025-12-30,492.9,492.9,492.9,492.9,65,5005,1
FINNIFTY30DEC2527400CE.NFO,2025-12-12,09:20:00,2025-12-30,492.9,492.9,492.9,492.9,65,5005,1
FINNIFTY30DEC2527400CE.NFO,2025-12-12,09:21:00,2025-12-30,492.9,492.9,492.9,492.9,65,5005,1
FINNIFTY30DEC2527400CE.NFO,2025-12-12,09:22:00,2025-12-30,492.9,492.9,492.9,492.9,65,5005,1
FINNIFTY30DEC2527400CE.NFO,2025-12-12,09:23:00,2025-12-30,492.9,492.9,492.9,492.9,65,5005,1
FINNIFTY30DEC2527400CE.NFO,2025-12-12,09:24:00,2025-12-30,500.0,500.0,492.9,492.9,65,5005,0
FINNIFTY30DEC2527400CE.NFO,2025-12-12,09:25:00,2025-12-30,492.9,492.9,480.0,480.0,65,5005,0
FINNIFTY30DEC2527400CE.NFO,2025-12-12,09:26:00,2025-12-30,480.0,492.5,480.0,492.5,195,5005,0
FINNIFTY30DEC2527400CE.NFO,2025-12-12,09:27:00,2025-12-30,492.5,492.5,492.5,492.5,0,5005,0
FINNIFTY30DEC2527400CE.NFO,2025-12-12,09:28:00,2025-12-30,492.5,492.5,492.5,492.5,0,5005,0
FINNIFTY30DEC2527400CE.NFO,2025-12-12,09:29:00,2025-12-30,492.5,492.5,492.5,492.5,0,5005,0
FINNIFTY30DEC2527400CE.NFO,2025-12-12,09:30:00,2025-12-30,492.5,492.5,492.5,492.5,0,5005,0
FINNIFTY30DEC2527400CE.NFO,2025-12-12,09:31:00,2025-12-30,492.5,534.95,492.5,534.95,65,4940,0
FINNIFTY30DEC2527400CE.NFO,2025-12-12,09:32:00,2025-12-30,534.95,534.95,534.95,534.95,0,4940,0
FINNIFTY30DEC2527400CE.NFO,2025-12-12,09:33:00,2025-12-30,534.95,534.95,534.95,534.95,0,4940,0
FINNIFTY30DEC2527400CE.NFO,2025-12-12,09:34:00,2025-12-30,534.95,534.95,534.95,534.95,0,4940,0
FINNIFTY30DEC2527400CE.NFO,2025-12-12,09:35:00,2025-12-30,534.95,538.0,534.95,538.0,325,4875,0
FINNIFTY30DEC2527400CE.NFO,2025-12-12,09:36:00,2025-12-30,538.0,538.0,538.0,538.0,0,4875,0
FINNIFTY30DEC2527400CE.NFO,2025-12-12,09:37:00,2025-12-30,538.0,538.0,538.0,538.0,0,4875,0
FINNIFTY30DEC2527400CE.NFO,2025-12-12,09:38:00,2025-12-30,538.0,538.0,538.0,538.0,0,4875,0
FINNIFTY30DEC2527400CE.NFO,2025-12-12,09:39:00,2025-12-30,538.0,538.0,538.0,538.0,0,4875,0
FINNIFTY30DEC2527400CE.NFO,2025-12-12,09:40:00,2025-12-30,538.0,538.0,538.0,538.0,0,4875,0
FINNIFTY30DEC2527400CE.NFO,2025-12-12,09:41:00,2025-12-30,538.0,538.0,538.0,538.0,0,4875,0
FINNIFTY30DEC2527400CE.NFO,2025-12-12,09:42:00,2025-12-30,538.0,538.0,538.0,538.0,0,4875,0
FINNIFTY30DEC2527400CE.NFO,2025-12-12,09:43:00,2025-12-30,538.0,538.0,518.15,518.15,0,4875,0
FINNIFTY30DEC2527400CE.NFO,2025-12-12,09:44:00,2025-12-30,518.15,518.15,518.15,518.15,0,4875,0
FINNIFTY30DEC2527400CE.NFO,2025-12-12,09:45:00,2025-12-30,518.15,518.15,518.15,518.15,0,4875,0
FINNIFTY30DEC2527400CE.NFO,2025-12-12,09:46:00,2025-12-30,518.15,518.15,518.15,518.15,0,4875,0
FINNIFTY30DEC2527400CE.NFO,2025-12-12,09:47:00,2025-12-30,518.15,518.15,518.15,518.15,0,4875,0
FINNIFTY30DEC2527400CE.NFO,2025-12-12,09:48:00,2025-12-30,518.15,518.15,518.15,518.15,0,4875,0
FINNIFTY30DEC2527400CE.NFO,2025-12-12,09:49:00,2025-12-30,518.15,518.15,518.15,518.15,0,4875,0
FINNIFTY30DEC2527400CE.NFO,2025-12-12,09:50:00,2025-12-30,518.15,518.15,518.15,518.15,0,4875,0
FINNIFTY30DEC2527400CE.NFO,2025-12-12,09:51:00,2025-12-30,518.15,518.15,518.15,518.15,0,4875,0
FINNIFTY30DEC2527400CE.NFO,2025-12-12,09:52:00,2025-12-30,518.15,521.2,518.15,521.2,65,4875,0
FINNIFTY30DEC2527400CE.NFO,2025-12-12,09:53:00,2025-12-30,521.2,521.2,521.2,521.2,0,4875,0
FINNIFTY30DEC2527400CE.NFO,2025-12-12,09:54:00,2025-12-30,521.2,521.2,521.2,521.2,0,4875,0
FINNIFTY30DEC2527400CE.NFO,2025-12-12,09:55:00,2025-12-30,521.2,521.2,521.2,521.2,0,4875,0
FINNIFTY30DEC2527400CE.NFO,2025-12-12,09:56:00,2025-12-30,521.2,521.2,521.2,521.2,0,4875,0
FINNIFTY30DEC2527400CE.NFO,2025-12-12,09:57:00,2025-12-30,521.2,521.2,521.2,521.2,0,4875,0
FINNIFTY30DEC2527400CE.NFO,2025-12-12,09:58:00,2025-12-30,521.2,521.2,521.2,521.2,0,4875,0
FINNIFTY30DEC2527400CE.NFO,2025-12-12,09:59:00,2025-12-30,521.2,521.2,521.2,521.2,0,4875,0
FINNIFTY30DEC2527400CE.NFO,2025-12-12,10:00:00,2025-12-30,521.2,521.2,521.2,521.2,0,4875,0
FINNIFTY30DEC2527400CE.NFO,2025-12-12,10:01:00,2025-12-30,521.2,521.2,521.2,521.2,0,4875,0
FINNIFTY30DEC2527400CE.NFO,2025-12-12,10:02:00,2025-12-30,521.2,521.2,521.2,521.2,0,4875,0
FINNIFTY30DEC2527400CE.NFO,2025-12-12,10:03:00,2025-12-30,521.2,521.2,521.2,521.2,0,4875,0
FINNIFTY30DEC2527400CE.NFO,2025-12-12,10:04:00,2025-12-30,521.2,521.2,521.2,521.2,0,4875,0
FINNIFTY30DEC2527400CE.NFO,2025-12-12,10:05:00,2025-12-30,521.2,521.2,521.2,521.2,0,4875,0
FINNIFTY30DEC2527400CE.NFO,2025-12-12,10:06:00,2025-12-30,521.2,521.2,521.2,521.2,0,4875,0
FINNIFTY30DEC2527400CE.NFO,2025-12-12,10:07:00,2025-12-30,521.2,521.2,521.2,521.2,0,4875,0
FINNIFTY30DEC2527400CE.NFO,2025-12-12,10:08:00,2025-12-30,521.2,521.2,521.2,521.2,0,4875,0
FINNIFTY30DEC2527400CE.NFO,2025-12-12,10:09:00,2025-12-30,521.2,521.2,521.2,521.2,0,4875,0
FINNIFTY30DEC2527400CE.NFO,2025-12-12,10:10:00,2025-12-30,521.2,521.2,521.2,521.2,0,4875,0
FINNIFTY30DEC2527400CE.NFO,2025-12-12,10:11:00,2025-12-30,521.2,521.2,521.2,521.2,0,4875,0
FINNIFTY30DEC2527400CE.NFO,2025-12-12,10:12:00,2025-12-30,521.2,521.2,521.2,521.2,0,4875,0
FINNIFTY30DEC2527400CE.NFO,2025-12-12,10:13:00,2025-12-30,521.2,521.2,521.2,521.2,0,4875,0
FINNIFTY30DEC2527400CE.NFO,2025-12-12,10:14:00,2025-12-30,521.2,521.2,521.2,521.2,0,4875,0
FINNIFTY30DEC2527400CE.NFO,2025-12-12,10:15:00,2025-12-30,521.2,521.2,521.2,521.2,0,4875,0
FINNIFTY30DEC2527400CE.NFO,2025-12-12,10:16:00,2025-12-30,521.2,521.2,521.2,521.2,0,4875,0
FINNIFTY30DEC2527400CE.NFO,2025-12-12,10:17:00,2025-12-30,521.2,521.2,521.2,521.2,0,4875,0
FINNIFTY30DEC2527400CE.NFO,2025-12-12,10:18:00,2025-12-30,521.2,521.2,521.2,521.2,0,4875,0
FINNIFTY30DEC2527400CE.NFO,2025-12-12,10:19:00,2025-12-30,521.2,521.2,521.2,521.2,0,4875,0
FINNIFTY30DEC2527400CE.NFO,2025-12-12,10:20:00,2025-12-30,521.2,521.2,521.2,521.2,0,4875,0
FINNIFTY30DEC2527400CE.NFO,2025-12-12,10:21:00,2025-12-30,521.2,521.2,521.2,521.2,0,4875,0
FINNIFTY30DEC2527400CE.NFO,2025-12-12,10:22:00,2025-12-30,521.2,521.2,521.2,521.2,0,4875,0
FINNIFTY30DEC2527400CE.NFO,2025-12-12,10:23:00,2025-12-30,521.2,521.2,490.0,490.0,130,4875,0
FINNIFTY30DEC2527400CE.NFO,2025-12-12,10:24:00,2025-12-30,490.0,490.0,490.0,490.0,0,4875,0
FINNIFTY30DEC2527400CE.NFO,2025-12-12,10:25:00,2025-12-30,490.0,490.0,490.0,490.0,0,4875,0
FINNIFTY30DEC2527400CE.NFO,2025-12-12,10:26:00,2025-12-30,490.0,490.0,490.0,490.0,0,4875,0
FINNIFTY30DEC2527400CE.NFO,2025-12-12,10:27:00,2025-12-30,490.0,490.0,490.0,490.0,0,4875,0
FINNIFTY30DEC2527400CE.NFO,2025-12-12,10:28:00,2025-12-30,490.0,490.0,490.0,490.0,0,4875,0
FINNIFTY30DEC2527400CE.NFO,2025-12-12,10:29:00,2025-12-30,490.0,490.0,490.0,490.0,0,4875,0
FINNIFTY30DEC2527400CE.NFO,2025-12-12,10:30:00,2025-12-30,490.0,490.0,490.0,490.0,0,4875,0
FINNIFTY30DEC2527400CE.NFO,2025-12-12,10:31:00,2025-12-30,490.0,490.0,490.0,490.0,0,4875,0
FINNIFTY30DEC2527400CE.NFO,2025-12-12,10:32:00,2025-12-30,490.0,490.0,490.0,490.0,0,4875,0
FINNIFTY30DEC2527400CE.NFO,2025-12-12,10:33:00,2025-12-30,490.0,490.0,490.0,490.0,0,4875,0
FINNIFTY30DEC2527400CE.NFO,2025-12-12,10:34:00,2025-12-30,490.0,490.0,490.0,490.0,0,4875,0
FINNIFTY30DEC2527400CE.NFO,2025-12-12,10:35:00,2025-12-30,490.0,490.0,490.0,490.0,0,4875,0
FINNIFTY30DEC2527400CE.NFO,2025-12-12,10:36:00,2025-12-30,490.0,490.0,481.55,481.55,65,4745,0
FINNIFTY30DEC2527400CE.NFO,2025-12-12,10:37:00,2025-12-30,481.55,481.55,464.05,464.05,65,4745,0
FINNIFTY30DEC2527400CE.NFO,2025-12-12,10:38:00,2025-12-30,464.05,464.05,464.05,464.05,0,4745,0
FINNIFTY30DEC2527400CE.NFO,2025-12-12,10:39:00,2025-12-30,464.05,464.05,464.05,464.05,0,4745,0
FINNIFTY30DEC2527400CE.NFO,2025-12-12,10:40:00,2025-12-30,464.05,464.05,464.05,464.05,0,4745,0
FINNIFTY30DEC2527400CE.NFO,2025-12-12,10:41:00,2025-12-30,464.05,464.05,464.05,464.05,0,4745,0
FINNIFTY30DEC2527400CE.NFO,2025-12-12,10:42:00,2025-12-30,464.05,464.05,464.05,464.05,0,4745,0
FINNIFTY30DEC2527400CE.NFO,2025-12-12,10:43:00,2025-12-30,464.05,464.05,464.05,464.05,0,4745,0
FINNIFTY30DEC2527400CE.NFO,2025-12-12,10:44:00,2025-12-30,464.05,464.05,464.05,464.05,0,4745,0
FINNIFTY30DEC2527400CE.NFO,2025-12-12,10:45:00,2025-12-30,464.05,464.05,464.05,464.05,0,4745,0
FINNIFTY30DEC2527400CE.NFO,2025-12-12,10:46:00,2025-12-30,464.05,464.05,464.05,464.05,0,4745,0
FINNIFTY30DEC2527400CE.NFO,2025-12-12,10:47:00,2025-12-30,464.05,464.05,464.05,464.05,0,4745,0
FINNIFTY30DEC2527400CE.NFO,2025-12-12,10:48:00,2025-12-30,464.05,464.05,464.05,464.05,0,4745,0
FINNIFTY30DEC2527400CE.NFO,2025-12-12,10:49:00,2025-12-30,464.05,464.05,450.0,450.0,0,4745,0
FINNIFTY30DEC2527400CE.NFO,2025-12-12,10:50:00,2025-12-30,450.0,450.0,450.0,450.0,130,4745,0
FINNIFTY30DEC2527400CE.NFO,2025-12-12,10:51:00,2025-12-30,450.0,450.0,450.0,450.0,0,4745,0
FINNIFTY30DEC2527400CE.NFO,2025-12-12,10:52:00,2025-12-30,450.0,450.0,450.0,450.0,0,4745,0
FINNIFTY30DEC2527400CE.NFO,2025-12-12,10:53:00,2025-12-30,450.0,450.0,450.0,450.0,0,4745,0
FINNIFTY30DEC2527400CE.NFO,2025-12-12,10:54:00,2025-12-30,450.0,450.0,450.0,450.0,0,4745,0
FINNIFTY30DEC2527400CE.NFO,2025-12-12,10:55:00,2025-12-30,450.0,450.0,450.0,450.0,0,4745,0
FINNIFTY30DEC2527400CE.NFO,2025-12-12,10:56:00,2025-12-30,450.0,450.0,450.0,450.0,0,4745,0
FINNIFTY30DEC2527400CE.NFO,2025-12-12,10:57:00,2025-12-30,450.0,450.0,450.0,450.0,0,4745,0
FINNIFTY30DEC2527400CE.NFO,2025-12-12,10:58:00,2025-12-30,450.0,450.0,450.0,450.0,0,4745,0
FINNIFTY30DEC2527400CE.NFO,2025-12-12,10:59:00,2025-12-30,450.0,450.0,450.0,450.0,0,4745,0
FINNIFTY30DEC2527400CE.NFO,2025-12-12,11:00:00,2025-12-30,450.0,450.0,450.0,450.0,0,4745,0
FINNIFTY30DEC2527400CE.NFO,2025-12-12,11:01:00,2025-12-30,450.0,450.0,450.0,450.0,0,4745,0
FINNIFTY30DEC2527400CE.NFO,2025-12-12,11:02:00,2025-12-30,450.0,450.0,450.0,450.0,0,4745,0
FINNIFTY30DEC2527400CE.NFO,2025-12-12,11:03:00,2025-12-30,450.0,450.0,450.0,450.0,0,4745,0
FINNIFTY30DEC2527400CE.NFO,2025-12-12,11:04:00,2025-12-30,450.0,450.0,450.0,450.0,0,4745,0
FINNIFTY30DEC2527400CE.NFO,2025-12-12,11:05:00,2025-12-30,450.0,450.0,450.0,450.0,0,4745,0
FINNIFTY30DEC2527400CE.NFO,2025-12-12,11:06:00,2025-12-30,450.0,450.0,450.0,450.0,0,4745,0
FINNIFTY30DEC2527400CE.NFO,2025-12-12,11:07:00,2025-12-30,450.0,450.0,450.0,450.0,0,4745,0
FINNIFTY30DEC2527400CE.NFO,2025-12-12,11:08:00,2025-12-30,450.0,450.0,450.0,450.0,0,4745,0
FINNIFTY30DEC2527400CE.NFO,2025-12-12,11:09:00,2025-12-30,450.0,450.0,450.0,450.0,0,4745,0
FINNIFTY30DEC2527400CE.NFO,2025-12-12,11:10:00,2025-12-30,450.0,450.0,450.0,450.0,0,4745,0
FINNIFTY30DEC2527400CE.NFO,2025-12-12,11:11:00,2025-12-30,450.0,450.0,450.0,450.0,0,4745,0
FINNIFTY30DEC2527400CE.NFO,2025-12-12,11:12:00,2025-12-30,450.0,450.0,450.0,450.0,0,4745,0
FINNIFTY30DEC2527400CE.NFO,2025-12-12,11:13:00,2025-12-30,450.0,450.0,450.0,450.0,0,4745,0
FINNIFTY30DEC2527400CE.NFO,2025-12-12,11:14:00,2025-12-30,450.0,450.0,450.0,450.0,0,4745,0
FINNIFTY30DEC2527400CE.NFO,2025-12-12,11:15:00,2025-12-30,450.0,450.0,450.0,450.0,0,4745,0
FINNIFTY30DEC2527400CE.NFO,2025-12-12,11:16:00,2025-12-30,450.0,450.0,450.0,450.0,0,4745,0
FINNIFTY30DEC2527400CE.NFO,2025-12-12,11:17:00,2025-12-30,450.0,450.0,450.0,450.0,0,4745,0
FINNIFTY30DEC2527400CE.NFO,2025-12-12,11:18:00,2025-12-30,450.0,450.0,450.0,450.0,0,4745,0
FINNIFTY30DEC2527400CE.NFO,2025-12-12,11:19:00,2025-12-30,450.0,450.0,450.0,450.0,0,4745,0
FINNIFTY30DEC2527400CE.NFO,2025-12-12,11:20:00,2025-12-30,450.0,450.0,450.0,450.0,0,4745,0
FINNIFTY30DEC2527400CE.NFO,2025-12-12,11:21:00,2025-12-30,450.0,450.0,450.0,450.0,0,4745,0
FINNIFTY30DEC2527400CE.NFO,2025-12-12,11:22:00,2025-12-30,450.0,450.0,450.0,450.0,0,4745,0
FINNIFTY30DEC2527400CE.NFO,2025-12-12,11:23:00,2025-12-30,450.0,450.0,450.0,450.0,0,4745,0
FINNIFTY30DEC2527400CE.NFO,2025-12-12,11:24:00,2025-12-30,450.0,450.0,450.0,450.0,0,4745,0
FINNIFTY30DEC2527400CE.NFO,2025-12-12,11:25:00,2025-12-30,450.0,450.0,450.0,450.0,0,4745,0
FINNIFTY30DEC2527400CE.NFO,2025-12-12,11:26:00,2025-12-30,450.0,450.0,450.0,450.0,0,4745,0
FINNIFTY30DEC2527400CE.NFO,2025-12-12,11:27:00,2025-12-30,450.0,450.0,450.0,450.0,0,4745,0
FINNIFTY30DEC2527400CE.NFO,2025-12-12,11:28:00,2025-12-30,450.0,450.0,450.0,450.0,0,4745,0
FINNIFTY30DEC2527400CE.NFO,2025-12-12,11:29:00,2025-12-30,450.0,450.0,450.0,450.0,0,4745,0
FINNIFTY30DEC2527400CE.NFO,2025-12-12,11:30:00,2025-12-30,450.0,450.0,450.0,450.0,0,4745,0
FINNIFTY30DEC2527400CE.NFO,2025-12-12,11:31:00,2025-12-30,450.0,450.0,450.0,450.0,0,4745,0
FINNIFTY30DEC2527400CE.NFO,2025-12-12,11:32:00,2025-12-30,450.0,450.0,450.0,450.0,0,4745,0
FINNIFTY30DEC2527400CE.NFO,2025-12-12,11:33:00,2025-12-30,450.0,450.0,450.0,450.0,0,4745,0
FINNIFTY30DEC2527400CE.NFO,2025-12-12,11:34:00,2025-12-30,450.0,450.0,450.0,450.0,0,4745,0
FINNIFTY30DEC2527400CE.NFO,2025-12-12,11:35:00,2025-12-30,450.0,450.0,450.0,450.0,0,4745,0
FINNIFTY30DEC2527400CE.NFO,2025-12-12,11:36:00,2025-12-30,450.0,450.0,450.0,450.0,0,4745,0
FINNIFTY30DEC2527400CE.NFO,2025-12-12,11:37:00,2025-12-30,450.0,450.0,450.0,450.0,0,4745,0
FINNIFTY30DEC2527400CE.NFO,2025-12-12,11:38:00,2025-12-30,450.0,450.0,450.0,450.0,0,4745,0
FINNIFTY30DEC2527400CE.NFO,2025-12-12,11:39:00,2025-12-30,450.0,450.0,450.0,450.0,0,4745,0
FINNIFTY30DEC2527400CE.NFO,2025-12-12,11:40:00,2025-12-30,450.0,450.0,450.0,450.0,0,4745,0
FINNIFTY30DEC2527400CE.NFO,2025-12-12,11:41:00,2025-12-30,450.0,450.0,450.0,450.0,0,4745,0
FINNIFTY30DEC2527400CE.NFO,2025-12-12,11:42:00,2025-12-30,450.0,450.0,450.0,450.0,0,4745,0
FINNIFTY30DEC2527400CE.NFO,2025-12-12,11:43:00,2025-12-30,450.0,450.0,450.0,450.0,0,4745,0
FINNIFTY30DEC2527400CE.NFO,2025-12-12,11:44:00,2025-12-30,450.0,450.0,450.0,450.0,0,4745,0
FINNIFTY30DEC2527400CE.NFO,2025-12-12,11:45:00,2025-12-30,450.0,450.0,450.0,450.0,0,4745,0
FINNIFTY30DEC2527400CE.NFO,2025-12-12,11:46:00,2025-12-30,450.0,450.0,450.0,450.0,0,4745,0
FINNIFTY30DEC2527400CE.NFO,2025-12-12,11:47:00,2025-12-30,450.0,450.0,450.0,450.0,0,4745,0
FINNIFTY30DEC2527400CE.NFO,2025-12-12,11:48:00,2025-12-30,450.0,450.0,450.0,450.0,0,4745,0
FINNIFTY30DEC2527400CE.NFO,2025-12-12,11:49:00,2025-12-30,450.0,450.0,450.0,450.0,0,4745,0
FINNIFTY30DEC2527400CE.NFO,2025-12-12,11:50:00,2025-12-30,450.0,450.0,450.0,450.0,0,4745,0
FINNIFTY30DEC2527400CE.NFO,2025-12-12,11:51:00,2025-12-30,450.0,450.0,450.0,450.0,0,4745,0
FINNIFTY30DEC2527400CE.NFO,2025-12-12,11:52:00,2025-12-30,450.0,450.0,450.0,450.0,0,4745,0
FINNIFTY30DEC2527400CE.NFO,2025-12-12,11:53:00,2025-12-30,450.0,450.0,450.0,450.0,0,4745,0
FINNIFTY30DEC2527400CE.NFO,2025-12-12,11:54:00,2025-12-30,450.0,450.0,450.0,450.0,0,4745,0
FINNIFTY30DEC2527400CE.NFO,2025-12-12,11:55:00,2025-12-30,450.0,450.0,450.0,450.0,0,4745,0
FINNIFTY30DEC2527400CE.NFO,2025-12-12,11:56:00,2025-12-30,450.0,450.0,450.0,450.0,0,4745,0
FINNIFTY30DEC2527400CE.NFO,2025-12-12,11:57:00,2025-12-30,450.0,450.0,450.0,450.0,0,4745,0
FINNIFTY30DEC2527400CE.NFO,2025-12-12,11:58:00,2025-12-30,450.0,450.0,450.0,450.0,0,4745,0
FINNIFTY30DEC2527400CE.NFO,2025-12-12,11:59:00,2025-12-30,450.0,450.0,450.0,450.0,0,4745,0
FINNIFTY30DEC2527400CE.NFO,2025-12-12,12:00:00,2025-12-30,450.0,450.0,450.0,450.0,0,4745,0
FINNIFTY30DEC2527400CE.NFO,2025-12-12,12:01:00,2025-12-30,450.0,450.0,450.0,450.0,0,4745,0
FINNIFTY30DEC2527400CE.NFO,2025-12-12,12:02:00,2025-12-30,450.0,450.0,450.0,450.0,0,4745,0
FINNIFTY30DEC2527400CE.NFO,2025-12-12,12:03:00,2025-12-30,450.0,450.0,450.0,450.0,0,4745,0
FINNIFTY30DEC2527400CE.NFO,2025-12-12,12:04:00,2025-12-30,450.0,450.0,450.0,450.0,0,4745,0
FINNIFTY30DEC2527400CE.NFO,2025-12-12,12:05:00,2025-12-30,450.0,450.0,450.0,450.0,0,4745,0
FINNIFTY30DEC2527400CE.NFO,2025-12-12,12:06:00,2025-12-30,450.0,450.0,450.0,450.0,0,4745,0
FINNIFTY30DEC2527400CE.NFO,2025-12-12,12:07:00,2025-12-30,450.0,450.0,450.0,450.0,0,4745,0
FINNIFTY30DEC2527400CE.NFO,2025-12-12,12:08:00,2025-12-30,450.0,450.0,450.0,450.0,0,4745,0
FINNIFTY30DEC2527400CE.NFO,2025-12-12,12:09:00,2025-12-30,450.0,450.0,450.0,450.0,0,4745,0
FINNIFTY30DEC2527400CE.NFO,2025-12-12,12:10:00,2025-12-30,450.0,450.0,450.0,450.0,0,4745,0
FINNIFTY30DEC2527400CE.NFO,2025-12-12,12:11:00,2025-12-30,450.0,450.0,450.0,450.0,0,4745,0
FINNIFTY30DEC2527400CE.NFO,2025-12-12,12:12:00,2025-12-30,450.0,450.0,450.0,450.0,0,4745,0
FINNIFTY30DEC2527400CE.NFO,2025-12-12,12:13:00,2025-12-30,450.0,450.0,450.0,450.0,0,4745,0
FINNIFTY30DEC2527400CE.NFO,2025-12-12,12:14:00,2025-12-30,450.0,487.85,450.0,487.85,195,4745,0
FINNIFTY30DEC2527400CE.NFO,2025-12-12,12:15:00,2025-12-30,487.85,487.85,487.85,487.85,0,4745,0
FINNIFTY30DEC2527400CE.NFO,2025-12-12,12:16:00,2025-12-30,487.85,487.85,487.85,487.85,0,4745,0
FINNIFTY30DEC2527400CE.NFO,2025-12-12,12:17:00,2025-12-30,487.85,487.85,487.85,487.85,0,4745,0
FINNIFTY30DEC2527400CE.NFO,2025-12-12,12:18:00,2025-12-30,487.85,487.85,487.85,487.85,0,4745,0
FINNIFTY30DEC2527400CE.NFO,2025-12-12,12:19:00,2025-12-30,487.85,487.85,487.85,487.85,0,4745,0
FINNIFTY30DEC2527400CE.NFO,2025-12-12,12:20:00,2025-12-30,487.85,487.85,487.85,487.85,0,4745,0
FINNIFTY30DEC2527400CE.NFO,2025-12-12,12:21:00,2025-12-30,487.85,487.85,487.85,487.85,0,4745,0
FINNIFTY30DEC2527400CE.NFO,2025-12-12,12:22:00,2025-12-30,487.85,487.85,487.85,487.85,0,4745,0
FINNIFTY30DEC2527400CE.NFO,2025-12-12,12:23:00,2025-12-30,487.85,487.85,487.85,487.85,0,4745,0
FINNIFTY30DEC2527400CE.NFO,2025-12-12,12:24:00,2025-12-30,487.85,495.0,487.85,495.0,65,4745,0
FINNIFTY30DEC2527400CE.NFO,2025-12-12,12:25:00,2025-12-30,495.0,495.0,495.0,495.0,0,4745,0
FINNIFTY30DEC2527400CE.NFO,2025-12-12,12:26:00,2025-12-30,495.0,495.0,495.0,495.0,0,4745,0
FINNIFTY30DEC2527400CE.NFO,2025-12-12,12:27:00,2025-12-30,495.0,495.0,495.0,495.0,0,4745,0
FINNIFTY30DEC2527400CE.NFO,2025-12-12,12:28:00,2025-12-30,495.0,495.0,495.0,495.0,0,4745,0
FINNIFTY30DEC2527400CE.NFO,2025-12-12,12:29:00,2025-12-30,495.0,495.0,495.0,495.0,0,4745,0
FINNIFTY30DEC2527400CE.NFO,2025-12-12,12:30:00,2025-12-30,495.0,495.0,495.0,495.0,0,4745,0
FINNIFTY30DEC2527400CE.NFO,2025-12-12,12:31:00,2025-12-30,495.0,495.0,495.0,495.0,0,4745,0
FINNIFTY30DEC2527400CE.NFO,2025-12-12,12:32:00,2025-12-30,495.0,495.0,495.0,495.0,0,4745,0
FINNIFTY30DEC2527400CE.NFO,2025-12-12,12:33:00,2025-12-30,495.0,495.0,495.0,495.0,0,4745,0
FINNIFTY30DEC2527400CE.NFO,2025-12-12,12:34:00,2025-12-30,495.0,495.0,495.0,495.0,0,4745,0
FINNIFTY30DEC2527400CE.NFO,2025-12-12,12:35:00,2025-12-30,495.0,495.0,495.0,495.0,0,4745,0
FINNIFTY30DEC2527400CE.NFO,2025-12-12,12:36:00,2025-12-30,495.0,495.0,495.0,495.0,0,4745,0
FINNIFTY30DEC2527400CE.NFO,2025-12-12,12:37:00,2025-12-30,495.0,495.0,495.0,495.0,0,4745,0
FINNIFTY30DEC2527400CE.NFO,2025-12-12,12:38:00,2025-12-30,495.0,495.0,495.0,495.0,0,4745,0
FINNIFTY30DEC2527400CE.NFO,2025-12-12,12:39:00,2025-12-30,495.0,495.0,495.0,495.0,0,4745,0
FINNIFTY30DEC2527400CE.NFO,2025-12-12,12:40:00,2025-12-30,495.0,495.0,495.0,495.0,0,4745,0
FINNIFTY30DEC2527400CE.NFO,2025-12-12,12:41:00,2025-12-30,495.0,495.0,495.0,495.0,0,4745,0
FINNIFTY30DEC2527400CE.NFO,2025-12-12,12:42:00,2025-12-30,495.0,495.0,495.0,495.0,0,4745,0
FINNIFTY30DEC2527400CE.NFO,2025-12-12,12:43:00,2025-12-30,495.0,495.0,495.0,495.0,0,4745,0
FINNIFTY30DEC2527400CE.NFO,2025-12-12,12:44:00,2025-12-30,495.0,495.0,495.0,495.0,0,4745,0
FINNIFTY30DEC2527400CE.NFO,2025-12-12,12:45:00,2025-12-30,495.0,495.0,495.0,495.0,0,4745,0
FINNIFTY30DEC2527400CE.NFO,2025-12-12,12:46:00,2025-12-30,495.0,495.0,495.0,495.0,0,4745,0
FINNIFTY30DEC2527400CE.NFO,2025-12-12,12:47:00,2025-12-30,495.0,495.0,495.0,495.0,0,4745,0
FINNIFTY30DEC2527400CE.NFO,2025-12-12,12:48:00,2025-12-30,495.0,495.0,495.0,495.0,0,4745,0
FINNIFTY30DEC2527400CE.NFO,2025-12-12,12:49:00,2025-12-30,495.0,495.0,495.0,495.0,0,4745,0
FINNIFTY30DEC2527400CE.NFO,2025-12-12,12:50:00,2025-12-30,495.0,495.0,495.0,495.0,0,4745,0
FINNIFTY30DEC2527400CE.NFO,2025-12-12,12:51:00,2025-12-30,495.0,495.0,495.0,495.0,0,4745,0
FINNIFTY30DEC2527400CE.NFO,2025-12-12,12:52:00,2025-12-30,495.0,495.0,495.0,495.0,0,4745,0
FINNIFTY30DEC2527400CE.NFO,2025-12-12,12:53:00,2025-12-30,495.0,495.0,495.0,495.0,0,4745,0
FINNIFTY30DEC2527400CE.NFO,2025-12-12,12:54:00,2025-12-30,495.0,495.0,495.0,495.0,0,4745,0
FINNIFTY30DEC2527400CE.NFO,2025-12-12,12:55:00,2025-12-30,495.0,495.0,495.0,495.0,0,4745,0
FINNIFTY30DEC2527400CE.NFO,2025-12-12,12:56:00,2025-12-30,495.0,495.0,495.0,495.0,0,4745,0
FINNIFTY30DEC2527400CE.NFO,2025-12-12,12:57:00,2025-12-30,495.0,495.0,495.0,495.0,0,4745,0
FINNIFTY30DEC2527400CE.NFO,2025-12-12,12:58:00,2025-12-30,495.0,495.0,495.0,495.0,0,4745,0
FINNIFTY30DEC2527400CE.NFO,2025-12-12,12:59:00,2025-12-30,495.0,495.0,495.0,495.0,0,4745,0
FINNIFTY30DEC2527400CE.NFO,2025-12-12,13:00:00,2025-12-30,495.0,495.0,495.0,495.0,0,4745,0
FINNIFTY30DEC2527400CE.NFO,2025-12-12,13:01:00,2025-12-30,495.0,495.0,495.0,495.0,0,4745,0
FINNIFTY30DEC2527400CE.NFO,2025-12-12,13:02:00,2025-12-30,495.0,495.0,495.0,495.0,0,4745,0
FINNIFTY30DEC2527400CE.NFO,2025-12-12,13:03:00,2025-12-30,495.0,495.0,495.0,495.0,0,4745,0
FINNIFTY30DEC2527400CE.NFO,2025-12-12,13:04:00,2025-12-30,495.0,495.0,495.0,495.0,0,4745,0
FINNIFTY30DEC2527400CE.NFO,2025-12-12,13:05:00,2025-12-30,495.0,495.0,495.0,495.0,0,4745,0
FINNIFTY30DEC2527400CE.NFO,2025-12-12,13:06:00,2025-12-30,495.0,495.0,495.0,495.0,0,4745,0
FINNIFTY30DEC2527400CE.NFO,2025-12-12,13:07:00,2025-12-30,495.0,495.0,495.0,495.0,0,4745,0
FINNIFTY30DEC2527400CE.NFO,2025-12-12,13:08:00,2025-12-30,495.0,495.0,495.0,495.0,0,4745,0
FINNIFTY30DEC2527400CE.NFO,2025-12-12,13:09:00,2025-12-30,495.0,495.0,495.0,495.0,0,4745,0
FINNIFTY30DEC2527400CE.NFO,2025-12-12,13:10:00,2025-12-30,495.0,495.0,495.0,495.0,0,4745,0
FINNIFTY30DEC2527400CE.NFO,2025-12-12,13:11:00,2025-12-30,495.0,495.0,495.0,495.0,0,4745,0
FINNIFTY30DEC2527400CE.NFO,2025-12-12,13:12:00,2025-12-30,495.0,495.0,495.0,495.0,0,4745,0
FINNIFTY30DEC2527400CE.NFO,2025-12-12,13:13:00,2025-12-30,495.0,495.0,495.0,495.0,0,4745,0
FINNIFTY30DEC2527400CE.NFO,2025-12-12,13:14:00,2025-12-30,495.0,495.0,495.0,495.0,0,4745,0
FINNIFTY30DEC2527400CE.NFO,2025-12-12,13:15:00,2025-12-30,495.0,495.0,495.0,495.0,0,4745,0
FINNIFTY30DEC2527400CE.NFO,2025-12-12,13:16:00,2025-12-30,495.0,495.0,495.0,495.0,0,4745,0
FINNIFTY30DEC2527400CE.NFO,2025-12-12,13:17:00,2025-12-30,495.0,495.0,495.0,495.0,0,4745,0
FINNIFTY30DEC2527400CE.NFO,2025-12-12,13:18:00,2025-12-30,495.0,495.0,495.0,495.0,0,4745,0
FINNIFTY30DEC2527400CE.NFO,2025-12-12,13:19:00,2025-12-30,495.0,495.0,495.0,495.0,0,4745,0
FINNIFTY30DEC2527400CE.NFO,2025-12-12,13:20:00,2025-12-30,495.0,495.0,495.0,495.0,0,4745,0
FINNIFTY30DEC2527400CE.NFO,2025-12-12,13:21:00,2025-12-30,495.0,495.0,495.0,495.0,0,4745,0
FINNIFTY30DEC2527400CE.NFO,2025-12-12,13:22:00,2025-12-30,495.0,495.0,495.0,495.0,0,4745,0
FINNIFTY30DEC2527400CE.NFO,2025-12-12,13:23:00,2025-12-30,495.0,495.0,495.0,495.0,0,4745,0
FINNIFTY30DEC2527400CE.NFO,2025-12-12,13:24:00,2025-12-30,495.0,495.0,495.0,495.0,0,4745,0
FINNIFTY30DEC2527400CE.NFO,2025-12-12,13:25:00,2025-12-30,495.0,495.0,495.0,495.0,0,4745,0
FINNIFTY30DEC2527400CE.NFO,2025-12-12,13:26:00,2025-12-30,495.0,495.0,495.0,495.0,0,4745,0
FINNIFTY30DEC2527400CE.NFO,2025-12-12,13:27:00,2025-12-30,495.0,495.0,495.0,495.0,0,4745,0
FINNIFTY30DEC2527400CE.NFO,2025-12-12,13:28:00,2025-12-30,495.0,495.0,495.0,495.0,0,4745,0
FINNIFTY30DEC2527400CE.NFO,2025-12-12,13:29:00,2025-12-30,495.0,495.0,495.0,495.0,0,4745,0
FINNIFTY30DEC2527400CE.NFO,2025-12-12,13:30:00,2025-12-30,495.0,495.0,495.0,495.0,0,4745,0
FINNIFTY30DEC2527400CE.NFO,2025-12-12,13:31:00,2025-12-30,495.0,495.0,495.0,495.0,0,4745,0
FINNIFTY30DEC2527400CE.NFO,2025-12-12,13:32:00,2025-12-30,495.0,495.0,495.0,495.0,0,4745,0
FINNIFTY30DEC2527400CE.NFO,2025-12-12,13:33:00,2025-12-30,495.0,495.0,495.0,495.0,0,4745,0
FINNIFTY30DEC2527400CE.NFO,2025-12-12,13:34:00,2025-12-30,495.0,495.0,495.0,495.0,0,4745,0
FINNIFTY30DEC2527400CE.NFO,2025-12-12,13:35:00,2025-12-30,495.0,495.0,495.0,495.0,0,4745,0
FINNIFTY30DEC2527400CE.NFO,2025-12-12,13:36:00,2025-12-30,495.0,495.0,495.0,495.0,0,4745,0
FINNIFTY30DEC2527400CE.NFO,2025-12-12,13:37:00,2025-12-30,495.0,495.0,495.0,495.0,0,4745,0
FINNIFTY30DEC2527400CE.NFO,2025-12-12,13:38:00,2025-12-30,495.0,495.0,495.0,495.0,0,4745,0
FINNIFTY30DEC2527400CE.NFO,2025-12-12,13:39:00,2025-12-30,495.0,495.0,495.0,495.0,0,4745,0
FINNIFTY30DEC2527400CE.NFO,2025-12-12,13:40:00,2025-12-30,495.0,495.0,495.0,495.0,0,4745,0
FINNIFTY30DEC2527400CE.NFO,2025-12-12,13:41:00,2025-12-30,495.0,495.0,495.0,495.0,0,4745,0
FINNIFTY30DEC2527400CE.NFO,2025-12-12,13:42:00,2025-12-30,495.0,495.0,495.0,495.0,130,4745,0
FINNIFTY30DEC2527400CE.NFO,2025-12-12,13:43:00,2025-12-30,495.0,495.0,495.0,495.0,0,4745,0
FINNIFTY30DEC2527400CE.NFO,2025-12-12,13:44:00,2025-12-30,495.0,495.0,495.0,495.0,0,4745,0
FINNIFTY30DEC2527400CE.NFO,2025-12-12,13:45:00,2025-12-30,495.0,495.0,495.0,495.0,0,4745,0
FINNIFTY30DEC2527400CE.NFO,2025-12-12,13:46:00,2025-12-30,495.0,495.0,495.0,495.0,0,4745,0
FINNIFTY30DEC2527400CE.NFO,2025-12-12,13:47:00,2025-12-30,495.0,495.0,495.0,495.0,0,4745,0
FINNIFTY30DEC2527400CE.NFO,2025-12-12,13:48:00,2025-12-30,495.0,501.35,495.0,501.35,65,4745,0
FINNIFTY30DEC2527400CE.NFO,2025-12-12,13:49:00,2025-12-30,501.35,501.35,501.35,501.35,0,4745,0
FINNIFTY30DEC2527400CE.NFO,2025-12-12,13:50:00,2025-12-30,501.35,501.35,501.35,501.35,0,4745,0
FINNIFTY30DEC2527400CE.NFO,2025-12-12,13:51:00,2025-12-30,501.35,501.35,501.35,501.35,0,4745,0
FINNIFTY30DEC2527400CE.NFO,2025-12-12,13:52:00,2025-12-30,501.35,501.35,501.35,501.35,0,4745,0
FINNIFTY30DEC2527400CE.NFO,2025-12-12,13:53:00,2025-12-30,501.35,501.35,501.35,501.35,0,4745,0
FINNIFTY30DEC2527400CE.NFO,2025-12-12,13:54:00,2025-12-30,501.35,501.35,501.35,501.35,0,4745,0
FINNIFTY30DEC2527400CE.NFO,2025-12-12,13:55:00,2025-12-30,501.35,501.35,501.35,501.35,0,4745,0
FINNIFTY30DEC2527400CE.NFO,2025-12-12,13:56:00,2025-12-30,501.35,501.35,501.35,501.35,0,4745,0
FINNIFTY30DEC2527400CE.NFO,2025-12-12,13:57:00,2025-12-30,501.35,501.35,501.35,501.35,0,4745,0
FINNIFTY30DEC2527400CE.NFO,2025-12-12,13:58:00,2025-12-30,501.35,501.35,501.35,501.35,0,4745,0
FINNIFTY30DEC2527400CE.NFO,2025-12-12,13:59:00,2025-12-30,501.35,501.35,501.35,501.35,0,4745,0
FINNIFTY30DEC2527400CE.NFO,2025-12-12,14:00:00,2025-12-30,501.35,501.35,501.35,501.35,0,4745,0
FINNIFTY30DEC2527400CE.NFO,2025-12-12,14:01:00,2025-12-30,501.35,501.35,501.35,501.35,0,4745,0
FINNIFTY30DEC2527400CE.NFO,2025-12-12,14:02:00,2025-12-30,501.35,501.35,501.35,501.35,0,4745,0
FINNIFTY30DEC2527400CE.NFO,2025-12-12,14:03:00,2025-12-30,501.35,501.35,501.2,501.2,195,4745,0
FINNIFTY30DEC2527400CE.NFO,2025-12-12,14:04:00,2025-12-30,501.2,501.35,501.2,501.35,195,4745,0
FINNIFTY30DEC2527400CE.NFO,2025-12-12,14:05:00,2025-12-30,501.35,501.35,501.35,501.35,0,4745,0
FINNIFTY30DEC2527400CE.NFO,2025-12-12,14:06:00,2025-12-30,501.35,501.35,501.35,501.35,0,4745,0
FINNIFTY30DEC2527400CE.NFO,2025-12-12,14:07:00,2025-12-30,501.35,501.35,501.35,501.35,0,4745,0
FINNIFTY30DEC2527400CE.NFO,2025-12-12,14:08:00,2025-12-30,501.35,501.35,501.35,501.35,0,4745,0
FINNIFTY30DEC2527400CE.NFO,2025-12-12,14:09:00,2025-12-30,501.35,501.35,501.35,501.35,0,4745,0
FINNIFTY30DEC2527400CE.NFO,2025-12-12,14:10:00,2025-12-30,501.35,501.35,501.35,501.35,0,4745,0
FINNIFTY30DEC2527400CE.NFO,2025-12-12,14:11:00,2025-12-30,501.35,501.35,501.35,501.35,0,4745,0
FINNIFTY30DEC2527400CE.NFO,2025-12-12,14:12:00,2025-12-30,501.35,501.35,501.35,501.35,0,4745,0
FINNIFTY30DEC2527400CE.NFO,2025-12-12,14:13:00,2025-12-30,501.35,501.35,501.35,501.35,0,4745,0
FINNIFTY30DEC2527400CE.NFO,2025-12-12,14:14:00,2025-12-30,501.35,501.35,501.35,501.35,0,4745,0
FINNIFTY30DEC2527400CE.NFO,2025-12-12,14:15:00,2025-12-30,501.35,501.35,501.35,501.35,0,4745,0
FINNIFTY30DEC2527400CE.NFO,2025-12-12,14:16:00,2025-12-30,501.35,501.35,501.35,501.35,0,4745,0
FINNIFTY30DEC2527400CE.NFO,2025-12-12,14:17:00,2025-12-30,501.35,501.35,501.35,501.35,0,4745,0
FINNIFTY30DEC2527400CE.NFO,2025-12-12,14:18:00,2025-12-30,501.35,501.35,501.35,501.35,0,4745,0
FINNIFTY30DEC2527400CE.NFO,2025-12-12,14:19:00,2025-12-30,501.35,501.35,501.35,501.35,0,4745,0
FINNIFTY30DEC2527400CE.NFO,2025-12-12,14:20:00,2025-12-30,501.35,501.35,501.35,501.35,0,4745,0
FINNIFTY30DEC2527400CE.NFO,2025-12-12,14:21:00,2025-12-30,501.35,501.35,501.35,501.35,0,4745,0
FINNIFTY30DEC2527400CE.NFO,2025-12-12,14:22:00,2025-12-30,501.35,501.35,501.35,501.35,0,4745,0
FINNIFTY30DEC2527400CE.NFO,2025-12-12,14:23:00,2025-12-30,501.35,501.35,501.35,501.35,0,4745,0
FINNIFTY30DEC2527400CE.NFO,2025-12-12,14:24:00,2025-12-30,501.35,501.35,501.35,501.35,0,4745,0
FINNIFTY30DEC2527400CE.NFO,2025-12-12,14:25:00,2025-12-30,501.35,501.35,501.35,501.35,0,4745,0
FINNIFTY30DEC2527400CE.NFO,2025-12-12,14:26:00,2025-12-30,501.35,501.35,501.35,501.35,0,4745,0
FINNIFTY30DEC2527400CE.NFO,2025-12-12,14:27:00,2025-12-30,501.35,501.35,501.35,501.35,0,4745,0
FINNIFTY30DEC2527400CE.NFO,2025-12-12,14:28:00,2025-12-30,501.35,501.35,501.35,501.35,0,4745,0
FINNIFTY30DEC2527400CE.NFO,2025-12-12,14:29:00,2025-12-30,501.35,501.35,501.35,501.35,0,4745,0
FINNIFTY30DEC2527400CE.NFO,2025-12-12,14:30:00,2025-12-30,501.35,501.35,501.35,501.35,0,4745,0
FINNIFTY30DEC2527400CE.NFO,2025-12-12,14:31:00,2025-12-30,501.35,501.35,501.35,501.35,0,4745,0
FINNIFTY30DEC2527400CE.NFO,2025-12-12,14:32:00,2025-12-30,501.35,501.35,501.35,501.35,0,4745,0
FINNIFTY30DEC2527400CE.NFO,2025-12-12,14:33:00,2025-12-30,501.35,501.35,501.35,501.35,0,4745,0
FINNIFTY30DEC2527400CE.NFO,2025-12-12,14:34:00,2025-12-30,501.35,501.35,501.35,501.35,0,4745,0
FINNIFTY30DEC2527400CE.NFO,2025-12-12,14:35:00,2025-12-30,501.35,501.35,501.35,501.35,0,4745,0
FINNIFTY30DEC2527400CE.NFO,2025-12-12,14:36:00,2025-12-30,501.35,501.35,501.35,501.35,0,4745,0
FINNIFTY30DEC2527400CE.NFO,2025-12-12,14:37:00,2025-12-30,501.35,501.35,501.35,501.35,0,4745,0
FINNIFTY30DEC2527400CE.NFO,2025-12-12,14:38:00,2025-12-30,501.35,501.35,501.35,501.35,0,4745,0
FINNIFTY30DEC2527400CE.NFO,2025-12-12,14:39:00,2025-12-30,501.35,501.35,501.35,501.35,0,4745,0
FINNIFTY30DEC2527400CE.NFO,2025-12-12,14:40:00,2025-12-30,501.35,501.35,501.35,501.35,0,4745,0
FINNIFTY30DEC2527400CE.NFO,2025-12-12,14:41:00,2025-12-30,501.35,501.35,501.35,501.35,0,4745,0
FINNIFTY30DEC2527400CE.NFO,2025-12-12,14:42:00,2025-12-30,501.35,501.35,501.35,501.35,0,4745,0
FINNIFTY30DEC2527400CE.NFO,2025-12-12,14:43:00,2025-12-30,501.35,501.35,501.35,501.35,0,4745,0
FINNIFTY30DEC2527400CE.NFO,2025-12-12,14:44:00,2025-12-30,501.35,501.35,501.35,501.35,0,4745,0
FINNIFTY30DEC2527400CE.NFO,2025-12-12,14:45:00,2025-12-30,501.35,501.35,501.35,501.35,0,4745,0
FINNIFTY30DEC2527400CE.NFO,2025-12-12,14:46:00,2025-12-30,501.35,501.35,501.35,501.35,0,4745,0
FINNIFTY30DEC2527400CE.NFO,2025-12-12,14:47:00,2025-12-30,501.35,501.35,501.35,501.35,0,4745,0
FINNIFTY30DEC2527400CE.NFO,2025-12-12,14:48:00,2025-12-30,501.35,501.35,501.35,501.35,0,4745,0
FINNIFTY30DEC2527400CE.NFO,2025-12-12,14:49:00,2025-12-30,501.35,501.35,501.35,501.35,0,4745,0
FINNIFTY30DEC2527400CE.NFO,2025-12-12,14:50:00,2025-12-30,501.35,501.35,501.35,501.35,0,4745,0
FINNIFTY30DEC2527400CE.NFO,2025-12-12,14:51:00,2025-12-30,501.35,501.35,501.35,501.35,0,4745,0
FINNIFTY30DEC2527400CE.NFO,2025-12-12,14:52:00,2025-12-30,501.35,501.35,501.35,501.35,0,4745,0
FINNIFTY30DEC2527400CE.NFO,2025-12-12,14:53:00,2025-12-30,501.35,501.35,501.35,501.35,0,4745,0
FINNIFTY30DEC2527400CE.NFO,2025-12-12,14:54:00,2025-12-30,501.35,501.35,501.35,501.35,0,4745,0
FINNIFTY30DEC2527400CE.NFO,2025-12-12,14:55:00,2025-12-30,501.35,501.35,501.35,501.35,0,4745,0
FINNIFTY30DEC2527400CE.NFO,2025-12-12,14:56:00,2025-12-30,501.35,501.35,501.35,501.35,0,4745,0
FINNIFTY30DEC2527400CE.NFO,2025-12-12,14:57:00,2025-12-30,501.35,501.35,501.35,501.35,0,4745,0
FINNIFTY30DEC2527400CE.NFO,2025-12-12,14:58:00,2025-12-30,501.35,501.35,501.35,501.35,0,4745,0
FINNIFTY30DEC2527400CE.NFO,2025-12-12,14:59:00,2025-12-30,501.35,501.35,501.35,501.35,0,4745,0
FINNIFTY30DEC2527400CE.NFO,2025-12-12,15:00:00,2025-12-30,501.35,501.35,501.35,501.35,0,4745,0
FINNIFTY30DEC2527400CE.NFO,2025-12-12,15:01:00,2025-12-30,501.35,501.35,501.35,501.35,0,4745,0
FINNIFTY30DEC2527400CE.NFO,2025-12-12,15:02:00,2025-12-30,501.35,501.35,501.35,501.35,0,4745,0
FINNIFTY30DEC2527400CE.NFO,2025-12-12,15:03:00,2025-12-30,501.35,501.35,501.35,501.35,0,4745,0
FINNIFTY30DEC2527400CE.NFO,2025-12-12,15:04:00,2025-12-30,501.35,501.35,501.35,501.35,0,4745,0
FINNIFTY30DEC2527400CE.NFO,2025-12-12,15:05:00,2025-12-30,501.35,501.35,501.35,501.35,0,4745,0
FINNIFTY30DEC2527400CE.NFO,2025-12-12,15:06:00,2025-12-30,501.35,501.35,501.35,501.35,0,4745,0
FINNIFTY30DEC2527400CE.NFO,2025-12-12,15:07:00,2025-12-30,501.35,501.35,501.35,501.35,0,4745,0
FINNIFTY30DEC2527400CE.NFO,2025-12-12,15:08:00,2025-12-30,501.35,501.35,501.35,501.35,0,4745,0
FINNIFTY30DEC2527400CE.NFO,2025-12-12,15:09:00,2025-12-30,501.35,501.35,501.35,501.35,0,4745,0
FINNIFTY30DEC2527400CE.NFO,2025-12-12,15:10:00,2025-12-30,501.35,501.35,501.35,501.35,0,4745,0
FINNIFTY30DEC2527400CE.NFO,2025-12-12,15:11:00,2025-12-30,501.35,501.35,501.35,501.35,0,4745,0
FINNIFTY30DEC2527400CE.NFO,2025-12-12,15:12:00,2025-12-30,501.35,501.35,501.35,501.35,0,4745,0
FINNIFTY30DEC2527400CE.NFO,2025-12-12,15:13:00,2025-12-30,501.35,501.35,501.35,501.35,0,4745,0
FINNIFTY30DEC2527400CE.NFO,2025-12-12,15:14:00,2025-12-30,501.35,501.35,501.35,501.35,0,4745,0
FINNIFTY30DEC2527400CE.NFO,2025-12-12,15:15:00,2025-12-30,501.35,501.35,501.35,501.35,0,4745,0
FINNIFTY30DEC2527400CE.NFO,2025-12-12,15:16:00,2025-12-30,501.35,501.35,501.35,501.35,0,4745,0
FINNIFTY30DEC2527400CE.NFO,2025-12-12,15:17:00,2025-12-30,501.35,501.35,501.35,501.35,0,4745,0
FINNIFTY30DEC2527400CE.NFO,2025-12-12,15:18:00,2025-12-30,501.35,501.35,489.3,489.3,65,4745,0
FINNIFTY30DEC2527400CE.NFO,2025-12-12,15:19:00,2025-12-30,489.3,489.3,489.3,489.3,0,4745,0
FINNIFTY30DEC2527400CE.NFO,2025-12-12,15:20:00,2025-12-30,489.3,489.3,489.3,489.3,0,4745,0
FINNIFTY30DEC2527400CE.NFO,2025-12-12,15:21:00,2025-12-30,489.3,489.3,489.3,489.3,0,4745,0
FINNIFTY30DEC2527400CE.NFO,2025-12-12,15:22:00,2025-12-30,489.3,489.3,489.3,489.3,0,4745,0
FINNIFTY30DEC2527400CE.NFO,2025-12-12,15:23:00,2025-12-30,489.3,489.3,489.3,489.3,0,4745,0
FINNIFTY30DEC2527400CE.NFO,2025-12-12,15:24:00,2025-12-30,489.3,489.3,489.3,489.3,0,4745,0
FINNIFTY30DEC2527400CE.NFO,2025-12-12,15:25:00,2025-12-30,489.3,489.3,489.3,489.3,0,4745,0
FINNIFTY30DEC2527400CE.NFO,2025-12-12,15:26:00,2025-12-30,489.3,496.6,489.3,496.6,65,4745,0
FINNIFTY30DEC2527400CE.NFO,2025-12-12,15:27:00,2025-12-30,496.6,496.6,496.6,496.6,0,4745,0
FINNIFTY30DEC2527400CE.NFO,2025-12-12,15:28:00,2025-12-30,496.6,496.6,496.6,496.6,0,4745,0
FINNIFTY30DEC2527400CE.NFO,2025-12-12,15:29:00,2025-12-30,496.6,496.6,496.6,496.6,0,4745,0
FINNIFTY30DEC2527400CE.NFO,2025-12-12,15:30:00,2025-12-30,496.6,496.6,496.6,496.6,0,4745,1
FINNIFTY30DEC2527400CE.NFO,2025-12-15,09:15:00,2025-12-30,399.0,399.0,399.0,399.0,0,4745,1
FINNIFTY30DEC2527400CE.NFO,2025-12-15,09:16:00,2025-12-30,399.0,399.0,399.0,399.0,0,4745,1
FINNIFTY30DEC2527400CE.NFO,2025-12-15,09:17:00,2025-12-30,399.0,399.0,399.0,399.0,0,4745,1
FINNIFTY30DEC2527400CE.NFO,2025-12-15,09:18:00,2025-12-30,399.0,399.0,399.0,399.0,0,4745,1
FINNIFTY30DEC2527400CE.NFO,2025-12-15,09:19:00,2025-12-30,399.0,399.0,399.0,399.0,0,4745,1
FINNIFTY30DEC2527400CE.NFO,2025-12-15,09:20:00,2025-12-30,399.0,399.0,399.0,399.0,0,4745,1
FINNIFTY30DEC2527400CE.NFO,2025-12-15,09:21:00,2025-12-30,399.0,399.0,399.0,399.0,0,4745,1
FINNIFTY30DEC2527400CE.NFO,2025-12-15,09:22:00,2025-12-30,399.0,399.0,399.0,399.0,0,4745,1
FINNIFTY30DEC2527400CE.NFO,2025-12-15,09:23:00,2025-12-30,399.0,399.0,399.0,399.0,0,4745,1
FINNIFTY30DEC2527400CE.NFO,2025-12-15,09:24:00,2025-12-30,399.0,399.0,399.0,399.0,0,4745,1
FINNIFTY30DEC2527400CE.NFO,2025-12-15,09:25:00,2025-12-30,399.0,399.0,399.0,399.0,0,4745,1
FINNIFTY30DEC2527400CE.NFO,2025-12-15,09:26:00,2025-12-30,399.0,399.0,399.0,399.0,0,4745,1
FINNIFTY30DEC2527400CE.NFO,2025-12-15,09:27:00,2025-12-30,399.0,399.0,399.0,399.0,0,4745,1
FINNIFTY30DEC2527400CE.NFO,2025-12-15,09:28:00,2025-12-30,399.0,399.0,399.0,399.0,0,4745,1
FINNIFTY30DEC2527400CE.NFO,2025-12-15,09:29:00,2025-12-30,399.0,399.0,399.0,399.0,0,4745,1
FINNIFTY30DEC2527400CE.NFO,2025-12-15,09:30:00,2025-12-30,399.0,399.0,399.0,399.0,0,4745,0
FINNIFTY30DEC2527400CE.NFO,2025-12-15,09:31:00,2025-12-30,399.0,399.0,399.0,399.0,0,4745,0
FINNIFTY30DEC2527400CE.NFO,2025-12-15,09:32:00,2025-12-30,399.0,399.0,399.0,399.0,0,4745,0
FINNIFTY30DEC2527400CE.NFO,2025-12-15,09:33:00,2025-12-30,399.0,399.0,399.0,399.0,0,4745,0
FINNIFTY30DEC2527400CE.NFO,2025-12-15,09:34:00,2025-12-30,399.0,399.0,399.0,399.0,0,4745,0
FINNIFTY30DEC2527400CE.NFO,2025-12-15,09:35:00,2025-12-30,399.0,399.0,399.0,399.0,0,4745,0
FINNIFTY30DEC2527400CE.NFO,2025-12-15,09:36:00,2025-12-30,399.0,399.0,399.0,399.0,0,4745,0
FINNIFTY30DEC2527400CE.NFO,2025-12-15,09:37:00,2025-12-30,399.0,399.0,399.0,399.0,0,4745,0
FINNIFTY30DEC2527400CE.NFO,2025-12-15,09:38:00,2025-12-30,399.0,399.0,399.0,399.0,0,4745,0
FINNIFTY30DEC2527400CE.NFO,2025-12-15,09:39:00,2025-12-30,399.0,399.0,399.0,399.0,0,4745,0
FINNIFTY30DEC2527400CE.NFO,2025-12-15,09:40:00,2025-12-30,399.0,399.0,399.0,399.0,0,4745,0
FINNIFTY30DEC2527400CE.NFO,2025-12-15,09:41:00,2025-12-30,399.0,399.0,399.0,399.0,0,4745,0
FINNIFTY30DEC2527400CE.NFO,2025-12-15,09:42:00,2025-12-30,399.0,399.0,399.0,399.0,65,4810,0
FINNIFTY30DEC2527400CE.NFO,2025-12-15,09:43:00,2025-12-30,399.0,399.0,399.0,399.0,0,4810,0
FINNIFTY30DEC2527400CE.NFO,2025-12-15,09:44:00,2025-12-30,399.0,399.0,399.0,399.0,0,4810,0
FINNIFTY30DEC2527400CE.NFO,2025-12-15,09:45:00,2025-12-30,399.0,399.0,399.0,399.0,0,4810,0
FINNIFTY30DEC2527400CE.NFO,2025-12-15,09:46:00,2025-12-30,399.0,399.0,399.0,399.0,0,4810,0
FINNIFTY30DEC2527400CE.NFO,2025-12-15,09:47:00,2025-12-30,399.0,399.0,397.8,397.8,130,4810,0
FINNIFTY30DEC2527400CE.NFO,2025-12-15,09:48:00,2025-12-30,397.8,397.8,397.8,397.8,0,4810,0
FINNIFTY30DEC2527400CE.NFO,2025-12-15,09:49:00,2025-12-30,397.8,397.8,397.8,397.8,0,4810,0
FINNIFTY30DEC2527400CE.NFO,2025-12-15,09:50:00,2025-12-30,397.8,397.8,397.8,397.8,0,4810,0
FINNIFTY30DEC2527400CE.NFO,2025-12-15,09:51:00,2025-12-30,397.8,397.8,397.8,397.8,0,4810,0
FINNIFTY30DEC2527400CE.NFO,2025-12-15,09:52:00,2025-12-30,397.8,397.8,397.8,397.8,0,4810,0
FINNIFTY30DEC2527400CE.NFO,2025-12-15,09:53:00,2025-12-30,397.8,397.8,394.75,394.75,130,4810,0
FINNIFTY30DEC2527400CE.NFO,2025-12-15,09:54:00,2025-12-30,394.75,394.75,394.75,394.75,0,4810,0
FINNIFTY30DEC2527400CE.NFO,2025-12-15,09:55:00,2025-12-30,394.75,394.75,394.75,394.75,0,4810,0
FINNIFTY30DEC2527400CE.NFO,2025-12-15,09:56:00,2025-12-30,394.75,394.75,394.75,394.75,0,4810,0
FINNIFTY30DEC2527400CE.NFO,2025-12-15,09:57:00,2025-12-30,394.75,394.75,394.75,394.75,0,4810,0
FINNIFTY30DEC2527400CE.NFO,2025-12-15,09:58:00,2025-12-30,394.75,394.75,394.75,394.75,0,4810,0
FINNIFTY30DEC2527400CE.NFO,2025-12-15,09:59:00,2025-12-30,394.75,394.75,394.75,394.75,0,4810,0
FINNIFTY30DEC2527400CE.NFO,2025-12-15,10:00:00,2025-12-30,394.75,394.75,394.75,394.75,0,4810,0
FINNIFTY30DEC2527400CE.NFO,2025-12-15,10:01:00,2025-12-30,394.75,394.75,394.75,394.75,0,4810,0
FINNIFTY30DEC2527400CE.NFO,2025-12-15,10:02:00,2025-12-30,394.75,394.75,394.75,394.75,0,4810,0
FINNIFTY30DEC2527400CE.NFO,2025-12-15,10:03:00,2025-12-30,394.75,394.75,394.75,394.75,130,4745,0
FINNIFTY30DEC2527400CE.NFO,2025-12-15,10:04:00,2025-12-30,394.75,394.75,394.75,394.75,0,4745,0
FINNIFTY30DEC2527400CE.NFO,2025-12-15,10:05:00,2025-12-30,394.75,394.75,394.75,394.75,0,4745,0
FINNIFTY30DEC2527400CE.NFO,2025-12-15,10:06:00,2025-12-30,394.75,394.75,394.75,394.75,0,4745,0
FINNIFTY30DEC2527400CE.NFO,2025-12-15,10:07:00,2025-12-30,394.75,394.75,394.75,394.75,0,4745,0
FINNIFTY30DEC2527400CE.NFO,2025-12-15,10:08:00,2025-12-30,394.75,394.75,394.75,394.75,0,4745,0
FINNIFTY30DEC2527400CE.NFO,2025-12-15,10:09:00,2025-12-30,394.75,394.75,394.75,394.75,0,4745,0
FINNIFTY30DEC2527400CE.NFO,2025-12-15,10:10:00,2025-12-30,394.75,394.75,394.75,394.75,0,4745,0
FINNIFTY30DEC2527400CE.NFO,2025-12-15,10:11:00,2025-12-30,394.75,394.75,394.75,394.75,0,4745,0
FINNIFTY30DEC2527400CE.NFO,2025-12-15,10:12:00,2025-12-30,394.75,394.75,394.75,394.75,0,4745,0
FINNIFTY30DEC2527400CE.NFO,2025-12-15,10:13:00,2025-12-30,394.75,394.75,394.75,394.75,0,4745,0
FINNIFTY30DEC2527400CE.NFO,2025-12-15,10:14:00,2025-12-30,394.75,394.75,394.75,394.75,0,4745,0
FINNIFTY30DEC2527400CE.NFO,2025-12-15,10:15:00,2025-12-30,394.75,394.75,394.75,394.75,0,4745,0
FINNIFTY30DEC2527400CE.NFO,2025-12-15,10:16:00,2025-12-30,394.75,394.75,394.75,394.75,0,4745,0
FINNIFTY30DEC2527400CE.NFO,2025-12-15,10:17:00,2025-12-30,394.75,394.75,394.75,394.75,0,4745,0
FINNIFTY30DEC2527400CE.NFO,2025-12-15,10:18:00,2025-12-30,394.75,394.75,394.75,394.75,0,4745,0
FINNIFTY30DEC2527400CE.NFO,2025-12-15,10:19:00,2025-12-30,394.75,394.75,394.75,394.75,0,4745,0
FINNIFTY30DEC2527400CE.NFO,2025-12-15,10:20:00,2025-12-30,394.75,394.75,394.75,394.75,0,4745,0
FINNIFTY30DEC2527400CE.NFO,2025-12-15,10:21:00,2025-12-30,394.75,394.75,394.75,394.75,0,4745,0
FINNIFTY30DEC2527400CE.NFO,2025-12-15,10:22:00,2025-12-30,394.75,394.75,394.75,394.75,0,4745,0
FINNIFTY30DEC2527400CE.NFO,2025-12-15,10:23:00,2025-12-30,394.75,394.75,394.75,394.75,0,4745,0
FINNIFTY30DEC2527400CE.NFO,2025-12-15,10:24:00,2025-12-30,394.75,394.75,394.75,394.75,0,4745,0
FINNIFTY30DEC2527400CE.NFO,2025-12-15,10:25:00,2025-12-30,394.75,394.75,394.75,394.75,0,4745,0
FINNIFTY30DEC2527400CE.NFO,2025-12-15,10:26:00,2025-12-30,394.75,394.75,394.75,394.75,0,4745,0
FINNIFTY30DEC2527400CE.NFO,2025-12-15,10:27:00,2025-12-30,394.75,394.75,394.75,394.75,0,4745,0
FINNIFTY30DEC2527400CE.NFO,2025-12-15,10:28:00,2025-12-30,394.75,394.75,394.75,394.75,0,4745,0
FINNIFTY30DEC2527400CE.NFO,2025-12-15,10:29:00,2025-12-30,394.75,394.75,394.75,394.75,0,4745,0
FINNIFTY30DEC2527400CE.NFO,2025-12-15,10:30:00,2025-12-30,394.75,394.75,394.75,394.75,0,4745,0
FINNIFTY30DEC2527400CE.NFO,2025-12-15,10:31:00,2025-12-30,394.75,394.75,394.75,394.75,0,4745,0
FINNIFTY30DEC2527400CE.NFO,2025-12-15,10:32:00,2025-12-30,394.75,394.75,394.75,394.75,0,4745,0
FINNIFTY30DEC2527400CE.NFO,2025-12-15,10:33:00,2025-12-30,394.75,394.75,394.75,394.75,0,4745,0
FINNIFTY30DEC2527400CE.NFO,2025-12-15,10:34:00,2025-12-30,394.75,394.75,394.75,394.75,0,4745,0
FINNIFTY30DEC2527400CE.NFO,2025-12-15,10:35:00,2025-12-30,394.75,394.75,394.75,394.75,0,4745,0
FINNIFTY30DEC2527400CE.NFO,2025-12-15,10:36:00,2025-12-30,394.75,394.75,394.75,394.75,0,4745,0
FINNIFTY30DEC2527400CE.NFO,2025-12-15,10:37:00,2025-12-30,394.75,394.75,394.75,394.75,0,4745,0
FINNIFTY30DEC2527400CE.NFO,2025-12-15,10:38:00,2025-12-30,394.75,394.75,394.75,394.75,0,4745,0
FINNIFTY30DEC2527400CE.NFO,2025-12-15,10:39:00,2025-12-30,394.75,394.75,394.75,394.75,0,4745,0
FINNIFTY30DEC2527400CE.NFO,2025-12-15,10:40:00,2025-12-30,394.75,394.75,394.75,394.75,0,4745,0
FINNIFTY30DEC2527400CE.NFO,2025-12-15,10:41:00,2025-12-30,394.75,394.75,394.75,394.75,0,4745,0
FINNIFTY30DEC2527400CE.NFO,2025-12-15,10:42:00,2025-12-30,394.75,394.75,394.75,394.75,0,4745,0
FINNIFTY30DEC2527400CE.NFO,2025-12-15,10:43:00,2025-12-30,394.75,394.75,394.75,394.75,0,4745,0
FINNIFTY30DEC2527400CE.NFO,2025-12-15,10:44:00,2025-12-30,394.75,394.75,394.75,394.75,0,4745,0
FINNIFTY30DEC2527400CE.NFO,2025-12-15,10:45:00,2025-12-30,394.75,394.75,394.75,394.75,0,4745,0
FINNIFTY30DEC2527400CE.NFO,2025-12-15,10:46:00,2025-12-30,394.75,394.75,394.75,394.75,0,4745,0
FINNIFTY30DEC2527400CE.NFO,2025-12-15,10:47:00,2025-12-30,394.75,394.75,394.75,394.75,0,4745,0
FINNIFTY30DEC2527400CE.NFO,2025-12-15,10:48:00,2025-12-30,394.75,394.75,394.75,394.75,0,4745,0
FINNIFTY30DEC2527400CE.NFO,2025-12-15,10:49:00,2025-12-30,394.75,394.75,394.75,394.75,0,4745,0
FINNIFTY30DEC2527400CE.NFO,2025-12-15,10:50:00,2025-12-30,394.75,394.75,394.75,394.75,0,4745,0
FINNIFTY30DEC2527400CE.NFO,2025-12-15,10:51:00,2025-12-30,394.75,394.75,394.75,394.75,0,4745,0
FINNIFTY30DEC2527400CE.NFO,2025-12-15,10:52:00,2025-12-30,394.75,394.75,394.75,394.75,0,4745,0
FINNIFTY30DEC2527400CE.NFO,2025-12-15,10:53:00,2025-12-30,394.75,394.75,394.75,394.75,0,4745,0
FINNIFTY30DEC2527400CE.NFO,2025-12-15,10:54:00,2025-12-30,394.75,394.75,394.75,394.75,0,4745,0
FINNIFTY30DEC2527400CE.NFO,2025-12-15,10:55:00,2025-12-30,394.75,394.75,394.75,394.75,0,4745,0
FINNIFTY30DEC2527400CE.NFO,2025-12-15,10:56:00,2025-12-30,394.75,394.75,394.75,394.75,0,4745,0
FINNIFTY30DEC2527400CE.NFO,2025-12-15,10:57:00,2025-12-30,394.75,394.75,394.75,394.75,0,4745,0
FINNIFTY30DEC2527400CE.NFO,2025-12-15,10:58:00,2025-12-30,394.75,394.75,394.75,394.75,0,4745,0
FINNIFTY30DEC2527400CE.NFO,2025-12-15,10:59:00,2025-12-30,394.75,394.75,394.75,394.75,0,4745,0
FINNIFTY30DEC2527400CE.NFO,2025-12-15,11:00:00,2025-12-30,394.75,394.75,394.75,394.75,0,4745,0
FINNIFTY30DEC2527400CE.NFO,2025-12-15,11:01:00,2025-12-30,394.75,394.75,394.75,394.75,0,4745,0
FINNIFTY30DEC2527400CE.NFO,2025-12-15,11:02:00,2025-12-30,394.75,394.75,394.75,394.75,0,4745,0
FINNIFTY30DEC2527400CE.NFO,2025-12-15,11:03:00,2025-12-30,394.75,394.75,394.75,394.75,0,4745,0
FINNIFTY30DEC2527400CE.NFO,2025-12-15,11:04:00,2025-12-30,394.75,394.75,394.75,394.75,0,4745,0
FINNIFTY30DEC2527400CE.NFO,2025-12-15,11:05:00,2025-12-30,394.75,394.75,394.75,394.75,0,4745,0
FINNIFTY30DEC2527400CE.NFO,2025-12-15,11:06:00,2025-12-30,394.75,394.75,394.75,394.75,0,4745,0
FINNIFTY30DEC2527400CE.NFO,2025-12-15,11:07:00,2025-12-30,394.75,394.75,394.75,394.75,0,4745,0
FINNIFTY30DEC2527400CE.NFO,2025-12-15,11:08:00,2025-12-30,394.75,394.75,394.75,394.75,0,4745,0
FINNIFTY30DEC2527400CE.NFO,2025-12-15,11:09:00,2025-12-30,394.75,394.75,394.75,394.75,0,4745,0
FINNIFTY30DEC2527400CE.NFO,2025-12-15,11:10:00,2025-12-30,394.75,394.75,394.75,394.75,0,4745,0
FINNIFTY30DEC2527400CE.NFO,2025-12-15,11:11:00,2025-12-30,394.75,394.75,394.75,394.75,0,4745,0
FINNIFTY30DEC2527400CE.NFO,2025-12-15,11:12:00,2025-12-30,394.75,394.75,394.75,394.75,0,4745,0
FINNIFTY30DEC2527400CE.NFO,2025-12-15,11:13:00,2025-12-30,394.75,394.75,394.75,394.75,0,4745,0
FINNIFTY30DEC2527400CE.NFO,2025-12-15,11:14:00,2025-12-30,394.75,394.75,394.75,394.75,0,4745,0
FINNIFTY30DEC2527400CE.NFO,2025-12-15,11:15:00,2025-12-30,394.75,394.75,394.75,394.75,0,4745,0
FINNIFTY30DEC2527400CE.NFO,2025-12-15,11:16:00,2025-12-30,394.75,394.75,394.75,394.75,0,4745,0
FINNIFTY30DEC2527400CE.NFO,2025-12-15,11:17:00,2025-12-30,394.75,394.75,394.75,394.75,0,4745,0
FINNIFTY30DEC2527400CE.NFO,2025-12-15,11:18:00,2025-12-30,394.75,394.75,394.75,394.75,0,4745,0
FINNIFTY30DEC2527400CE.NFO,2025-12-15,11:19:00,2025-12-30,394.75,394.75,394.75,394.75,0,4745,0
FINNIFTY30DEC2527400CE.NFO,2025-12-15,11:20:00,2025-12-30,394.75,394.75,394.75,394.75,0,4745,0
FINNIFTY30DEC2527400CE.NFO,2025-12-15,11:21:00,2025-12-30,394.75,394.75,394.75,394.75,0,4745,0
FINNIFTY30DEC2527400CE.NFO,2025-12-15,11:22:00,2025-12-30,394.75,394.75,394.75,394.75,0,4745,0
FINNIFTY30DEC2527400CE.NFO,2025-12-15,11:23:00,2025-12-30,394.75,394.75,394.75,394.75,0,4745,0
FINNIFTY30DEC2527400CE.NFO,2025-12-15,11:24:00,2025-12-30,394.75,394.75,394.75,394.75,0,4745,0
FINNIFTY30DEC2527400CE.NFO,2025-12-15,11:25:00,2025-12-30,394.75,394.75,394.75,394.75,0,4745,0
FINNIFTY30DEC2527400CE.NFO,2025-12-15,11:26:00,2025-12-30,394.75,394.75,394.75,394.75,0,4745,0
FINNIFTY30DEC2527400CE.NFO,2025-12-15,11:27:00,2025-12-30,394.75,394.75,394.75,394.75,0,4745,0
FINNIFTY30DEC2527400CE.NFO,2025-12-15,11:28:00,2025-12-30,394.75,394.75,394.75,394.75,0,4745,0
FINNIFTY30DEC2527400CE.NFO,2025-12-15,11:29:00,2025-12-30,394.75,394.75,394.75,394.75,0,4745,0
FINNIFTY30DEC2527400CE.NFO,2025-12-15,11:30:00,2025-12-30,394.75,394.75,394.75,394.75,0,4745,0
FINNIFTY30DEC2527400CE.NFO,2025-12-15,11:31:00,2025-12-30,394.75,394.75,394.75,394.75,0,4745,0
FINNIFTY30DEC2527400CE.NFO,2025-12-15,11:32:00,2025-12-30,394.75,394.75,394.75,394.75,0,4745,0
FINNIFTY30DEC2527400CE.NFO,2025-12-15,11:33:00,2025-12-30,394.75,394.75,394.75,394.75,0,4745,0
FINNIFTY30DEC2527400CE.NFO,2025-12-15,11:34:00,2025-12-30,394.75,394.75,394.75,394.75,0,4745,0
FINNIFTY30DEC2527400CE.NFO,2025-12-15,11:35:00,2025-12-30,394.75,394.75,394.75,394.75,0,4745,0
FINNIFTY30DEC2527400CE.NFO,2025-12-15,11:36:00,2025-12-30,394.75,394.75,394.75,394.75,0,4745,0
FINNIFTY30DEC2527400CE.NFO,2025-12-15,11:37:00,2025-12-30,394.75,394.75,394.75,394.75,0,4745,0
FINNIFTY30DEC2527400CE.NFO,2025-12-15,11:38:00,2025-12-30,394.75,394.75,394.75,394.75,0,4745,0
FINNIFTY30DEC2527400CE.NFO,2025-12-15,11:39:00,2025-12-30,394.75,394.75,394.75,394.75,0,4745,0
FINNIFTY30DEC2527400CE.NFO,2025-12-15,11:40:00,2025-12-30,394.75,394.75,394.75,394.75,0,4745,0
FINNIFTY30DEC2527400CE.NFO,2025-12-15,11:41:00,2025-12-30,394.75,394.75,394.75,394.75,0,4745,0
FINNIFTY30DEC2527400CE.NFO,2025-12-15,11:42:00,2025-12-30,394.75,394.75,394.75,394.75,0,4745,0
FINNIFTY30DEC2527400CE.NFO,2025-12-15,11:43:00,2025-12-30,394.75,394.75,394.75,394.75,0,4745,0
FINNIFTY30DEC2527400CE.NFO,2025-12-15,11:44:00,2025-12-30,394.75,394.75,394.75,394.75,0,4745,0
FINNIFTY30DEC2527400CE.NFO,2025-12-15,11:45:00,2025-12-30,394.75,394.75,394.75,394.75,0,4745,0
FINNIFTY30DEC2527400CE.NFO,2025-12-15,11:46:00,2025-12-30,394.75,394.75,394.75,394.75,0,4745,0
FINNIFTY30DEC2527400CE.NFO,2025-12-15,11:47:00,2025-12-30,394.75,394.75,394.75,394.75,0,4745,0
FINNIFTY30DEC2527400CE.NFO,2025-12-15,11:48:00,2025-12-30,394.75,394.75,394.75,394.75,0,4745,0
FINNIFTY30DEC2527400CE.NFO,2025-12-15,11:49:00,2025-12-30,394.75,403.15,394.75,403.1,130,4745,0
FINNIFTY30DEC2527400CE.NFO,2025-12-15,11:50:00,2025-12-30,403.1,403.1,403.1,403.1,0,4745,0
FINNIFTY30DEC2527400CE.NFO,2025-12-15,11:51:00,2025-12-30,403.1,403.1,403.1,403.1,0,4745,0
FINNIFTY30DEC2527400CE.NFO,2025-12-15,11:52:00,2025-12-30,403.1,403.1,403.1,403.1,0,4745,0
FINNIFTY30DEC2527400CE.NFO,2025-12-15,11:53:00,2025-12-30,403.1,403.1,403.1,403.1,0,4745,0
FINNIFTY30DEC2527400CE.NFO,2025-12-15,11:54:00,2025-12-30,403.1,403.1,403.1,403.1,0,4745,0
FINNIFTY30DEC2527400CE.NFO,2025-12-15,11:55:00,2025-12-30,403.1,422.0,403.1,422.0,65,4745,0
FINNIFTY30DEC2527400CE.NFO,2025-12-15,11:56:00,2025-12-30,422.0,423.0,422.0,423.0,65,4745,0
FINNIFTY30DEC2527400CE.NFO,2025-12-15,11:57:00,2025-12-30,423.0,423.0,423.0,423.0,0,4745,0
FINNIFTY30DEC2527400CE.NFO,2025-12-15,11:58:00,2025-12-30,423.0,423.0,423.0,423.0,0,4745,0
FINNIFTY30DEC2527400CE.NFO,2025-12-15,11:59:00,2025-12-30,423.0,423.0,423.0,423.0,0,4745,0
FINNIFTY30DEC2527400CE.NFO,2025-12-15,12:00:00,2025-12-30,423.0,435.0,423.0,435.0,65,4745,0
FINNIFTY30DEC2527400CE.NFO,2025-12-15,12:01:00,2025-12-30,435.0,435.0,435.0,435.0,0,4745,0
FINNIFTY30DEC2527400CE.NFO,2025-12-15,12:02:00,2025-12-30,435.0,435.0,435.0,435.0,0,4745,0
FINNIFTY30DEC2527400CE.NFO,2025-12-15,12:03:00,2025-12-30,435.0,435.0,435.0,435.0,0,4745,0
FINNIFTY30DEC2527400CE.NFO,2025-12-15,12:04:00,2025-12-30,435.0,435.0,435.0,435.0,0,4745,0
FINNIFTY30DEC2527400CE.NFO,2025-12-15,12:05:00,2025-12-30,435.0,435.0,435.0,435.0,0,4745,0
FINNIFTY30DEC2527400CE.NFO,2025-12-15,12:06:00,2025-12-30,435.0,449.3,435.0,449.3,65,4745,0
FINNIFTY30DEC2527400CE.NFO,2025-12-15,12:07:00,2025-12-30,449.3,449.3,449.3,449.3,0,4745,0
FINNIFTY30DEC2527400CE.NFO,2025-12-15,12:08:00,2025-12-30,449.3,449.3,449.3,449.3,0,4745,0
FINNIFTY30DEC2527400CE.NFO,2025-12-15,12:09:00,2025-12-30,449.3,449.3,449.3,449.3,0,4745,0
FINNIFTY30DEC2527400CE.NFO,2025-12-15,12:10:00,2025-12-30,449.3,449.3,449.3,449.3,0,4745,0
FINNIFTY30DEC2527400CE.NFO,2025-12-15,12:11:00,2025-12-30,449.3,449.3,449.3,449.3,0,4745,0
FINNIFTY30DEC2527400CE.NFO,2025-12-15,12:12:00,2025-12-30,449.3,449.3,449.3,449.3,0,4745,0
FINNIFTY30DEC2527400CE.NFO,2025-12-15,12:13:00,2025-12-30,449.3,449.3,449.3,449.3,0,4745,0
FINNIFTY30DEC2527400CE.NFO,2025-12-15,12:14:00,2025-12-30,449.3,449.3,449.3,449.3,0,4745,0
FINNIFTY30DEC2527400CE.NFO,2025-12-15,12:15:00,2025-12-30,449.3,449.3,449.3,449.3,0,4745,0
FINNIFTY30DEC2527400CE.NFO,2025-12-15,12:16:00,2025-12-30,449.3,449.3,449.3,449.3,0,4745,0
FINNIFTY30DEC2527400CE.NFO,2025-12-15,12:17:00,2025-12-30,449.3,449.3,449.3,449.3,0,4745,0
FINNIFTY30DEC2527400CE.NFO,2025-12-15,12:18:00,2025-12-30,449.3,449.3,449.3,449.3,0,4745,0
FINNIFTY30DEC2527400CE.NFO,2025-12-15,12:19:00,2025-12-30,449.3,449.3,449.3,449.3,0,4745,0
FINNIFTY30DEC2527400CE.NFO,2025-12-15,12:20:00,2025-12-30,449.3,449.3,449.3,449.3,0,4745,0
FINNIFTY30DEC2527400CE.NFO,2025-12-15,12:21:00,2025-12-30,449.3,449.3,449.3,449.3,0,4745,0
FINNIFTY30DEC2527400CE.NFO,2025-12-15,12:22:00,2025-12-30,449.3,449.3,449.3,449.3,0,4745,0
FINNIFTY30DEC2527400CE.NFO,2025-12-15,12:23:00,2025-12-30,449.3,449.3,449.3,449.3,0,4745,0
FINNIFTY30DEC2527400CE.NFO,2025-12-15,12:24:00,2025-12-30,449.3,449.3,449.3,449.3,0,4745,0
FINNIFTY30DEC2527400CE.NFO,2025-12-15,12:25:00,2025-12-30,449.3,449.3,449.3,449.3,0,4745,0
FINNIFTY30DEC2527400CE.NFO,2025-12-15,12:26:00,2025-12-30,449.3,449.3,449.3,449.3,0,4745,0
FINNIFTY30DEC2527400CE.NFO,2025-12-15,12:27:00,2025-12-30,449.3,449.3,449.3,449.3,0,4745,0
FINNIFTY30DEC2527400CE.NFO,2025-12-15,12:28:00,2025-12-30,449.3,449.3,449.3,449.3,0,4745,0
FINNIFTY30DEC2527400CE.NFO,2025-12-15,12:29:00,2025-12-30,449.3,449.3,449.3,449.3,0,4745,0
FINNIFTY30DEC2527400CE.NFO,2025-12-15,12:30:00,2025-12-30,449.3,449.3,449.3,449.3,0,4745,0
FINNIFTY30DEC2527400CE.NFO,2025-12-15,12:31:00,2025-12-30,449.3,449.3,449.3,449.3,0,4745,0
FINNIFTY30DEC2527400CE.NFO,2025-12-15,12:32:00,2025-12-30,449.3,449.3,449.3,449.3,0,4745,0
FINNIFTY30DEC2527400CE.NFO,2025-12-15,12:33:00,2025-12-30,449.3,449.3,449.3,449.3,0,4745,0
FINNIFTY30DEC2527400CE.NFO,2025-12-15,12:34:00,2025-12-30,449.3,449.3,449.3,449.3,0,4745,0
FINNIFTY30DEC2527400CE.NFO,2025-12-15,12:35:00,2025-12-30,449.3,449.3,449.3,449.3,0,4745,0
FINNIFTY30DEC2527400CE.NFO,2025-12-15,12:36:00,2025-12-30,449.3,449.3,449.3,449.3,0,4745,0
FINNIFTY30DEC2527400CE.NFO,2025-12-15,12:37:00,2025-12-30,449.3,449.3,449.3,449.3,0,4745,0
FINNIFTY30DEC2527400CE.NFO,2025-12-15,12:38:00,2025-12-30,449.3,449.3,449.3,449.3,0,4745,0
FINNIFTY30DEC2527400CE.NFO,2025-12-15,12:39:00,2025-12-30,449.3,449.3,449.3,449.3,0,4745,0
FINNIFTY30DEC2527400CE.NFO,2025-12-15,12:40:00,2025-12-30,449.3,449.3,449.3,449.3,0,4745,0
FINNIFTY30DEC2527400CE.NFO,2025-12-15,12:41:00,2025-12-30,449.3,449.3,449.3,449.3,0,4745,0
FINNIFTY30DEC2527400CE.NFO,2025-12-15,12:42:00,2025-12-30,449.3,449.3,449.3,449.3,0,4745,0
FINNIFTY30DEC2527400CE.NFO,2025-12-15,12:43:00,2025-12-30,449.3,449.3,449.3,449.3,0,4745,0
FINNIFTY30DEC2527400CE.NFO,2025-12-15,12:44:00,2025-12-30,449.3,449.3,449.3,449.3,0,4745,0
FINNIFTY30DEC2527400CE.NFO,2025-12-15,12:45:00,2025-12-30,449.3,449.3,449.3,449.3,0,4745,0
FINNIFTY30DEC2527400CE.NFO,2025-12-15,12:46:00,2025-12-30,449.3,449.3,449.3,449.3,0,4745,0
FINNIFTY30DEC2527400CE.NFO,2025-12-15,12:47:00,2025-12-30,449.3,449.3,449.3,449.3,0,4745,0
FINNIFTY30DEC2527400CE.NFO,2025-12-15,12:48:00,2025-12-30,449.3,449.3,449.3,449.3,0,4745,0
FINNIFTY30DEC2527400CE.NFO,2025-12-15,12:49:00,2025-12-30,449.3,449.3,449.3,449.3,0,4745,0
FINNIFTY30DEC2527400CE.NFO,2025-12-15,12:50:00,2025-12-30,449.3,449.3,449.3,449.3,0,4745,0
FINNIFTY30DEC2527400CE.NFO,2025-12-15,12:51:00,2025-12-30,449.3,449.3,449.3,449.3,0,4745,0
FINNIFTY30DEC2527400CE.NFO,2025-12-15,12:52:00,2025-12-30,449.3,449.3,441.65,441.65,65,4745,0
FINNIFTY30DEC2527400CE.NFO,2025-12-15,12:53:00,2025-12-30,441.65,441.65,441.65,441.65,0,4745,0
FINNIFTY30DEC2527400CE.NFO,2025-12-15,12:54:00,2025-12-30,441.65,441.65,441.65,441.65,0,4745,0
FINNIFTY30DEC2527400CE.NFO,2025-12-15,12:55:00,2025-12-30,441.65,441.65,441.65,441.65,0,4745,0
FINNIFTY30DEC2527400CE.NFO,2025-12-15,12:56:00,2025-12-30,441.65,441.65,441.65,441.65,0,4745,0
FINNIFTY30DEC2527400CE.NFO,2025-12-15,12:57:00,2025-12-30,441.65,441.65,441.65,441.65,0,4745,0
FINNIFTY30DEC2527400CE.NFO,2025-12-15,12:58:00,2025-12-30,441.65,441.65,441.65,441.65,0,4745,0
FINNIFTY30DEC2527400CE.NFO,2025-12-15,12:59:00,2025-12-30,441.65,441.65,441.65,441.65,0,4745,0
FINNIFTY30DEC2527400CE.NFO,2025-12-15,13:00:00,2025-12-30,441.65,441.65,441.65,441.65,0,4745,0
FINNIFTY30DEC2527400CE.NFO,2025-12-15,13:01:00,2025-12-30,441.65,441.65,441.65,441.65,0,4745,0
FINNIFTY30DEC2527400CE.NFO,2025-12-15,13:02:00,2025-12-30,441.65,441.65,441.65,441.65,0,4745,0
FINNIFTY30DEC2527400CE.NFO,2025-12-15,13:03:00,2025-12-30,441.65,441.65,441.65,441.65,0,4745,0
FINNIFTY30DEC2527400CE.NFO,2025-12-15,13:04:00,2025-12-30,441.65,441.65,441.65,441.65,0,4745,0
FINNIFTY30DEC2527400CE.NFO,2025-12-15,13:05:00,2025-12-30,441.65,441.65,441.65,441.65,0,4745,0
FINNIFTY30DEC2527400CE.NFO,2025-12-15,13:06:00,2025-12-30,441.65,441.65,441.65,441.65,0,4745,0
FINNIFTY30DEC2527400CE.NFO,2025-12-15,13:07:00,2025-12-30,441.65,441.65,441.65,441.65,0,4745,0
FINNIFTY30DEC2527400CE.NFO,2025-12-15,13:08:00,2025-12-30,441.65,441.65,441.65,441.65,0,4745,0
FINNIFTY30DEC2527400CE.NFO,2025-12-15,13:09:00,2025-12-30,441.65,441.65,441.65,441.65,0,4745,0
FINNIFTY30DEC2527400CE.NFO,2025-12-15,13:10:00,2025-12-30,441.65,441.65,441.65,441.65,0,4745,0
FINNIFTY30DEC2527400CE.NFO,2025-12-15,13:11:00,2025-12-30,441.65,441.65,441.65,441.65,0,4745,0
FINNIFTY30DEC2527400CE.NFO,2025-12-15,13:12:00,2025-12-30,441.65,441.65,441.65,441.65,0,4745,0
FINNIFTY30DEC2527400CE.NFO,2025-12-15,13:13:00,2025-12-30,441.65,441.65,441.65,441.65,0,4745,0
FINNIFTY30DEC2527400CE.NFO,2025-12-15,13:14:00,2025-12-30,441.65,441.65,441.65,441.65,0,4745,0
FINNIFTY30DEC2527400CE.NFO,2025-12-15,13:15:00,2025-12-30,441.65,455.7,441.65,452.0,130,4745,0
FINNIFTY30DEC2527400CE.NFO,2025-12-15,13:16:00,2025-12-30,452.0,452.0,452.0,452.0,0,4745,0
FINNIFTY30DEC2527400CE.NFO,2025-12-15,13:17:00,2025-12-30,452.0,452.0,452.0,452.0,0,4745,0
FINNIFTY30DEC2527400CE.NFO,2025-12-15,13:18:00,2025-12-30,452.0,452.0,452.0,452.0,0,4745,0
FINNIFTY30DEC2527400CE.NFO,2025-12-15,13:19:00,2025-12-30,452.0,452.0,437.25,437.25,130,4745,0
FINNIFTY30DEC2527400CE.NFO,2025-12-15,13:20:00,2025-12-30,437.25,437.25,437.25,437.25,0,4745,0
FINNIFTY30DEC2527400CE.NFO,2025-12-15,13:21:00,2025-12-30,437.25,437.25,437.25,437.25,0,4745,0
FINNIFTY30DEC2527400CE.NFO,2025-12-15,13:22:00,2025-12-30,437.25,437.25,437.25,437.25,0,4745,0
FINNIFTY30DEC2527400CE.NFO,2025-12-15,13:23:00,2025-12-30,437.25,437.25,437.25,437.25,0,4745,0
FINNIFTY30DEC2527400CE.NFO,2025-12-15,13:24:00,2025-12-30,437.25,437.25,437.25,437.25,0,4745,0
FINNIFTY30DEC2527400CE.NFO,2025-12-15,13:25:00,2025-12-30,437.25,437.25,437.25,437.25,0,4745,0
FINNIFTY30DEC2527400CE.NFO,2025-12-15,13:26:00,2025-12-30,437.25,437.25,437.25,437.25,0,4745,0
FINNIFTY30DEC2527400CE.NFO,2025-12-15,13:27:00,2025-12-30,437.25,437.25,437.25,437.25,0,4745,0
FINNIFTY30DEC2527400CE.NFO,2025-12-15,13:28:00,2025-12-30,437.25,437.25,437.25,437.25,0,4745,0
FINNIFTY30DEC2527400CE.NFO,2025-12-15,13:29:00,2025-12-30,437.25,437.25,437.25,437.25,0,4745,0
FINNIFTY30DEC2527400CE.NFO,2025-12-15,13:30:00,2025-12-30,437.25,437.25,437.25,437.25,0,4745,0
FINNIFTY30DEC2527400CE.NFO,2025-12-15,13:31:00,2025-12-30,437.25,437.25,437.25,437.25,65,4745,0
FINNIFTY30DEC2527400CE.NFO,2025-12-15,13:32:00,2025-12-30,437.25,437.25,437.25,437.25,0,4745,0
FINNIFTY30DEC2527400CE.NFO,2025-12-15,13:33:00,2025-12-30,437.25,437.25,437.25,437.25,0,4745,0
FINNIFTY30DEC2527400CE.NFO,2025-12-15,13:34:00,2025-12-30,437.25,437.25,437.25,437.25,0,4745,0
FINNIFTY30DEC2527400CE.NFO,2025-12-15,13:35:00,2025-12-30,437.25,437.25,437.25,437.25,0,4745,0
FINNIFTY30DEC2527400CE.NFO,2025-12-15,13:36:00,2025-12-30,437.25,437.25,437.25,437.25,0,4745,0
FINNIFTY30DEC2527400CE.NFO,2025-12-15,13:37:00,2025-12-30,437.25,437.25,437.25,437.25,0,4745,0
FINNIFTY30DEC2527400CE.NFO,2025-12-15,13:38:00,2025-12-30,437.25,437.25,437.25,437.25,0,4745,0
FINNIFTY30DEC2527400CE.NFO,2025-12-15,13:39:00,2025-12-30,437.25,437.25,437.25,437.25,0,4745,0
FINNIFTY30DEC2527400CE.NFO,2025-12-15,13:40:00,2025-12-30,437.25,437.25,437.25,437.25,0,4745,0
FINNIFTY30DEC2527400CE.NFO,2025-12-15,13:41:00,2025-12-30,437.25,437.25,437.25,437.25,0,4745,0
FINNIFTY30DEC2527400CE.NFO,2025-12-15,13:42:00,2025-12-30,437.25,437.25,437.25,437.25,0,4745,0
FINNIFTY30DEC2527400CE.NFO,2025-12-15,13:43:00,2025-12-30,437.25,437.25,437.25,437.25,0,4745,0
FINNIFTY30DEC2527400CE.NFO,2025-12-15,13:44:00,2025-12-30,437.25,437.25,437.25,437.25,0,4745,0
FINNIFTY30DEC2527400CE.NFO,2025-12-15,13:45:00,2025-12-30,437.25,437.25,437.25,437.25,0,4745,0
FINNIFTY30DEC2527400CE.NFO,2025-12-15,13:46:00,2025-12-30,437.25,437.25,437.25,437.25,0,4745,0
FINNIFTY30DEC2527400CE.NFO,2025-12-15,13:47:00,2025-12-30,437.25,437.25,437.25,437.25,0,4745,0
FINNIFTY30DEC2527400CE.NFO,2025-12-15,13:48:00,2025-12-30,437.25,437.25,437.25,437.25,0,4745,0
FINNIFTY30DEC2527400CE.NFO,2025-12-15,13:49:00,2025-12-30,437.25,437.25,437.25,437.25,0,4745,0
FINNIFTY30DEC2527400CE.NFO,2025-12-15,13:50:00,2025-12-30,437.25,437.25,437.25,437.25,0,4745,0
FINNIFTY30DEC2527400CE.NFO,2025-12-15,13:51:00,2025-12-30,437.25,437.25,437.25,437.25,0,4745,0
FINNIFTY30DEC2527400CE.NFO,2025-12-15,13:52:00,2025-12-30,437.25,437.25,437.25,437.25,0,4745,0
FINNIFTY30DEC2527400CE.NFO,2025-12-15,13:53:00,2025-12-30,437.25,437.25,437.25,437.25,0,4745,0
FINNIFTY30DEC2527400CE.NFO,2025-12-15,13:54:00,2025-12-30,437.25,437.25,437.25,437.25,0,4745,0
FINNIFTY30DEC2527400CE.NFO,2025-12-15,13:55:00,2025-12-30,437.25,437.25,437.25,437.25,0,4745,0
FINNIFTY30DEC2527400CE.NFO,2025-12-15,13:56:00,2025-12-30,437.25,437.25,437.25,437.25,0,4745,0
FINNIFTY30DEC2527400CE.NFO,2025-12-15,13:57:00,2025-12-30,437.25,437.25,437.25,437.25,0,4745,0
FINNIFTY30DEC2527400CE.NFO,2025-12-15,13:58:00,2025-12-30,437.25,437.25,437.25,437.25,0,4745,0
FINNIFTY30DEC2527400CE.NFO,2025-12-15,13:59:00,2025-12-30,437.25,437.25,437.25,437.25,0,4745,0
FINNIFTY30DEC2527400CE.NFO,2025-12-15,14:00:00,2025-12-30,437.25,437.25,437.25,437.25,0,4745,0
FINNIFTY30DEC2527400CE.NFO,2025-12-15,14:01:00,2025-12-30,437.25,437.25,437.25,437.25,0,4745,0
FINNIFTY30DEC2527400CE.NFO,2025-12-15,14:02:00,2025-12-30,437.25,437.25,437.25,437.25,0,4745,0
FINNIFTY30DEC2527400CE.NFO,2025-12-15,14:03:00,2025-12-30,437.25,437.25,437.25,437.25,0,4745,0
FINNIFTY30DEC2527400CE.NFO,2025-12-15,14:04:00,2025-12-30,437.25,437.25,437.25,437.25,0,4745,0
FINNIFTY30DEC2527400CE.NFO,2025-12-15,14:05:00,2025-12-30,437.25,437.25,437.25,437.25,0,4745,0
FINNIFTY30DEC2527400CE.NFO,2025-12-15,14:06:00,2025-12-30,437.25,437.25,437.25,437.25,0,4745,0
FINNIFTY30DEC2527400CE.NFO,2025-12-15,14:07:00,2025-12-30,437.25,437.25,437.25,437.25,0,4745,0
FINNIFTY30DEC2527400CE.NFO,2025-12-15,14:08:00,2025-12-30,437.25,437.25,437.25,437.25,0,4745,0
FINNIFTY30DEC2527400CE.NFO,2025-12-15,14:09:00,2025-12-30,437.25,437.25,437.25,437.25,0,4745,0
FINNIFTY30DEC2527400CE.NFO,2025-12-15,14:10:00,2025-12-30,437.25,437.25,437.25,437.25,0,4745,0
FINNIFTY30DEC2527400CE.NFO,2025-12-15,14:11:00,2025-12-30,437.25,437.25,437.25,437.25,0,4745,0
FINNIFTY30DEC2527400CE.NFO,2025-12-15,14:12:00,2025-12-30,437.25,437.25,437.25,437.25,0,4745,0
FINNIFTY30DEC2527400CE.NFO,2025-12-15,14:13:00,2025-12-30,437.25,437.25,437.25,437.25,0,4745,0
FINNIFTY30DEC2527400CE.NFO,2025-12-15,14:14:00,2025-12-30,437.25,437.25,437.25,437.25,0,4745,0
FINNIFTY30DEC2527400CE.NFO,2025-12-15,14:15:00,2025-12-30,437.25,437.25,437.25,437.25,0,4745,0
FINNIFTY30DEC2527400CE.NFO,2025-12-15,14:16:00,2025-12-30,437.25,437.25,437.25,437.25,0,4745,0
FINNIFTY30DEC2527400CE.NFO,2025-12-15,14:17:00,2025-12-30,437.25,442.55,437.25,442.55,130,4745,0
FINNIFTY30DEC2527400CE.NFO,2025-12-15,14:18:00,2025-12-30,442.55,442.55,442.55,442.55,0,4745,0
FINNIFTY30DEC2527400CE.NFO,2025-12-15,14:19:00,2025-12-30,442.55,442.55,442.55,442.55,0,4745,0
FINNIFTY30DEC2527400CE.NFO,2025-12-15,14:20:00,2025-12-30,442.55,442.55,442.55,442.55,0,4745,0
FINNIFTY30DEC2527400CE.NFO,2025-12-15,14:21:00,2025-12-30,442.55,442.55,442.55,442.55,0,4745,0
FINNIFTY30DEC2527400CE.NFO,2025-12-15,14:22:00,2025-12-30,442.55,442.55,442.55,442.55,0,4745,0
FINNIFTY30DEC2527400CE.NFO,2025-12-15,14:23:00,2025-12-30,442.55,442.55,442.55,442.55,0,4745,0
FINNIFTY30DEC2527400CE.NFO,2025-12-15,14:24:00,2025-12-30,442.55,442.55,442.55,442.55,0,4745,0
FINNIFTY30DEC2527400CE.NFO,2025-12-15,14:25:00,2025-12-30,442.55,442.55,442.55,442.55,0,4745,0
FINNIFTY30DEC2527400CE.NFO,2025-12-15,14:26:00,2025-12-30,442.55,442.55,442.55,442.55,0,4745,0
FINNIFTY30DEC2527400CE.NFO,2025-12-15,14:27:00,2025-12-30,442.55,442.55,442.55,442.55,0,4745,0
FINNIFTY30DEC2527400CE.NFO,2025-12-15,14:28:00,2025-12-30,442.55,442.55,442.55,442.55,0,4745,0
FINNIFTY30DEC2527400CE.NFO,2025-12-15,14:29:00,2025-12-30,442.55,442.55,442.55,442.55,0,4745,0
FINNIFTY30DEC2527400CE.NFO,2025-12-15,14:30:00,2025-12-30,442.55,442.55,442.55,442.55,0,4745,0
FINNIFTY30DEC2527400CE.NFO,2025-12-15,14:31:00,2025-12-30,442.55,442.55,442.55,442.55,0,4745,0
FINNIFTY30DEC2527400CE.NFO,2025-12-15,14:32:00,2025-12-30,442.55,442.55,442.55,442.55,0,4745,0
FINNIFTY30DEC2527400CE.NFO,2025-12-15,14:33:00,2025-12-30,442.55,442.55,442.55,442.55,0,4745,0
FINNIFTY30DEC2527400CE.NFO,2025-12-15,14:34:00,2025-12-30,442.55,442.55,442.55,442.55,0,4745,0
FINNIFTY30DEC2527400CE.NFO,2025-12-15,14:35:00,2025-12-30,442.55,442.55,442.55,442.55,0,4745,0
FINNIFTY30DEC2527400CE.NFO,2025-12-15,14:36:00,2025-12-30,442.55,442.55,442.55,442.55,0,4745,0
FINNIFTY30DEC2527400CE.NFO,2025-12-15,14:37:00,2025-12-30,442.55,442.55,442.55,442.55,0,4745,0
FINNIFTY30DEC2527400CE.NFO,2025-12-15,14:38:00,2025-12-30,442.55,442.55,442.55,442.55,0,4745,0
FINNIFTY30DEC2527400CE.NFO,2025-12-15,14:39:00,2025-12-30,442.55,442.55,442.55,442.55,0,4745,0
FINNIFTY30DEC2527400CE.NFO,2025-12-15,14:40:00,2025-12-30,442.55,442.55,442.55,442.55,0,4745,0
FINNIFTY30DEC2527400CE.NFO,2025-12-15,14:41:00,2025-12-30,442.55,442.55,442.55,442.55,0,4745,0
FINNIFTY30DEC2527400CE.NFO,2025-12-15,14:42:00,2025-12-30,442.55,442.55,442.55,442.55,0,4745,0
FINNIFTY30DEC2527400CE.NFO,2025-12-15,14:43:00,2025-12-30,442.55,442.55,442.55,442.55,0,4745,0
FINNIFTY30DEC2527400CE.NFO,2025-12-15,14:44:00,2025-12-30,442.55,442.55,442.55,442.55,0,4745,0
FINNIFTY30DEC2527400CE.NFO,2025-12-15,14:45:00,2025-12-30,442.55,442.55,442.55,442.55,0,4745,0
FINNIFTY30DEC2527400CE.NFO,2025-12-15,14:46:00,2025-12-30,442.55,442.55,442.55,442.55,0,4745,0
FINNIFTY30DEC2527400CE.NFO,2025-12-15,14:47:00,2025-12-30,442.55,442.55,442.55,442.55,0,4745,0
FINNIFTY30DEC2527400CE.NFO,2025-12-15,14:48:00,2025-12-30,442.55,442.55,442.55,442.55,0,4745,0
FINNIFTY30DEC2527400CE.NFO,2025-12-15,14:49:00,2025-12-30,442.55,442.55,442.55,442.55,0,4745,0
FINNIFTY30DEC2527400CE.NFO,2025-12-15,14:50:00,2025-12-30,442.55,442.55,442.55,442.55,0,4745,0
FINNIFTY30DEC2527400CE.NFO,2025-12-15,14:51:00,2025-12-30,442.55,442.55,442.55,442.55,0,4745,0
FINNIFTY30DEC2527400CE.NFO,2025-12-15,14:52:00,2025-12-30,442.55,442.55,442.55,442.55,0,4745,0
FINNIFTY30DEC2527400CE.NFO,2025-12-15,14:53:00,2025-12-30,442.55,442.55,442.55,442.55,0,4745,0
FINNIFTY30DEC2527400CE.NFO,2025-12-15,14:54:00,2025-12-30,442.55,442.55,442.55,442.55,0,4745,0
FINNIFTY30DEC2527400CE.NFO,2025-12-15,14:55:00,2025-12-30,442.55,442.55,442.55,442.55,0,4745,0
FINNIFTY30DEC2527400CE.NFO,2025-12-15,14:56:00,2025-12-30,442.55,442.55,442.55,442.55,0,4745,0
FINNIFTY30DEC2527400CE.NFO,2025-12-15,14:57:00,2025-12-30,442.55,442.55,442.55,442.55,0,4745,0
FINNIFTY30DEC2527400CE.NFO,2025-12-15,14:58:00,2025-12-30,442.55,442.55,442.55,442.55,0,4745,0
FINNIFTY30DEC2527400CE.NFO,2025-12-15,14:59:00,2025-12-30,442.55,442.55,442.55,442.55,0,4745,0
FINNIFTY30DEC2527400CE.NFO,2025-12-15,15:00:00,2025-12-30,442.55,442.55,442.55,442.55,0,4745,0
FINNIFTY30DEC2527400CE.NFO,2025-12-15,15:01:00,2025-12-30,442.55,442.55,442.55,442.55,0,4745,0
FINNIFTY30DEC2527400CE.NFO,2025-12-15,15:02:00,2025-12-30,442.55,442.55,442.55,442.55,0,4745,0
FINNIFTY30DEC2527400CE.NFO,2025-12-15,15:03:00,2025-12-30,442.55,442.55,442.55,442.55,0,4745,0
FINNIFTY30DEC2527400CE.NFO,2025-12-15,15:04:00,2025-12-30,442.55,442.55,442.55,442.55,0,4745,0
FINNIFTY30DEC2527400CE.NFO,2025-12-15,15:05:00,2025-12-30,442.55,442.55,442.55,442.55,0,4745,0
FINNIFTY30DEC2527400CE.NFO,2025-12-15,15:06:00,2025-12-30,442.55,442.55,442.55,442.55,0,4745,0
FINNIFTY30DEC2527400CE.NFO,2025-12-15,15:07:00,2025-12-30,442.55,442.55,442.55,442.55,0,4745,0
FINNIFTY30DEC2527400CE.NFO,2025-12-15,15:08:00,2025-12-30,442.55,442.55,442.55,442.55,0,4745,0
FINNIFTY30DEC2527400CE.NFO,2025-12-15,15:09:00,2025-12-30,442.55,442.55,442.55,442.55,0,4745,0
FINNIFTY30DEC2527400CE.NFO,2025-12-15,15:10:00,2025-12-30,442.55,442.55,442.55,442.55,0,4745,0
FINNIFTY30DEC2527400CE.NFO,2025-12-15,15:11:00,2025-12-30,442.55,442.55,442.55,442.55,0,4745,0
FINNIFTY30DEC2527400CE.NFO,2025-12-15,15:12:00,2025-12-30,442.55,442.55,442.55,442.55,0,4745,0
FINNIFTY30DEC2527400CE.NFO,2025-12-15,15:13:00,2025-12-30,442.55,442.55,442.55,442.55,0,4745,0
FINNIFTY30DEC2527400CE.NFO,2025-12-15,15:14:00,2025-12-30,442.55,442.55,442.55,442.55,0,4745,0
FINNIFTY30DEC2527400CE.NFO,2025-12-15,15:15:00,2025-12-30,442.55,442.55,442.55,442.55,0,4745,1
FINNIFTY30DEC2527400CE.NFO,2025-12-15,15:16:00,2025-12-30,442.55,442.55,442.55,442.55,0,4745,1
FINNIFTY30DEC2527400CE.NFO,2025-12-15,15:17:00,2025-12-30,442.55,442.55,442.55,442.55,0,4745,0
FINNIFTY30DEC2527400CE.NFO,2025-12-15,15:18:00,2025-12-30,442.55,442.55,442.55,442.55,0,4745,0
FINNIFTY30DEC2527400CE.NFO,2025-12-15,15:19:00,2025-12-30,442.55,442.55,442.55,442.55,0,4745,0
FINNIFTY30DEC2527400CE.NFO,2025-12-15,15:20:00,2025-12-30,442.55,442.55,442.55,442.55,0,4745,0
FINNIFTY30DEC2527400CE.NFO,2025-12-15,15:21:00,2025-12-30,442.55,442.55,442.55,442.55,0,4745,0
FINNIFTY30DEC2527400CE.NFO,2025-12-15,15:22:00,2025-12-30,442.55,442.55,442.55,442.55,0,4745,0
FINNIFTY30DEC2527400CE.NFO,2025-12-15,15:23:00,2025-12-30,442.55,442.55,442.55,442.55,0,4745,0
FINNIFTY30DEC2527400CE.NFO,2025-12-15,15:24:00,2025-12-30,442.55,442.55,442.55,442.55,0,4745,0
FINNIFTY30DEC2527400CE.NFO,2025-12-15,15:25:00,2025-12-30,442.55,442.55,442.55,442.55,0,4745,0
FINNIFTY30DEC2527400CE.NFO,2025-12-15,15:26:00,2025-12-30,442.55,442.55,430.0,430.0,65,4810,0
FINNIFTY30DEC2527400CE.NFO,2025-12-15,15:27:00,2025-12-30,430.0,430.0,430.0,430.0,0,4810,0
FINNIFTY30DEC2527400CE.NFO,2025-12-15,15:28:00,2025-12-30,430.0,430.0,430.0,430.0,0,4810,0
FINNIFTY30DEC2527400CE.NFO,2025-12-15,15:29:00,2025-12-30,430.0,430.0,430.0,430.0,0,4810,0
FINNIFTY30DEC2527400CE.NFO,2025-12-15,15:30:00,2025-12-30,430.0,430.0,430.0,430.0,0,4810,1
FINNIFTY30DEC2527400CE.NFO,2025-12-16,09:15:00,2025-12-30,380.0,380.0,380.0,380.0,0,4810,0
FINNIFTY30DEC2527400CE.NFO,2025-12-16,09:16:00,2025-12-30,380.0,380.0,380.0,380.0,0,4810,0
FINNIFTY30DEC2527400CE.NFO,2025-12-16,09:17:00,2025-12-30,380.0,380.0,380.0,380.0,0,4810,0
FINNIFTY30DEC2527400CE.NFO,2025-12-16,09:18:00,2025-12-30,380.0,381.35,373.9,381.35,130,4810,0
FINNIFTY30DEC2527400CE.NFO,2025-12-16,09:19:00,2025-12-30,381.35,381.35,381.35,381.35,0,4810,0
FINNIFTY30DEC2527400CE.NFO,2025-12-16,09:20:00,2025-12-30,381.35,381.35,381.35,381.35,0,4810,0
FINNIFTY30DEC2527400CE.NFO,2025-12-16,09:21:00,2025-12-30,381.35,381.35,381.35,381.35,0,4810,0
FINNIFTY30DEC2527400CE.NFO,2025-12-16,09:22:00,2025-12-30,381.35,381.35,381.35,381.35,0,4810,0
FINNIFTY30DEC2527400CE.NFO,2025-12-16,09:23:00,2025-12-30,381.35,381.35,360.0,364.7,195,4940,0
FINNIFTY30DEC2527400CE.NFO,2025-12-16,09:24:00,2025-12-30,364.7,364.7,354.65,354.65,195,4940,0
FINNIFTY30DEC2527400CE.NFO,2025-12-16,09:25:00,2025-12-30,354.65,354.65,354.65,354.65,0,4940,0
FINNIFTY30DEC2527400CE.NFO,2025-12-16,09:26:00,2025-12-30,354.65,354.65,354.65,354.65,0,4940,0
FINNIFTY30DEC2527400CE.NFO,2025-12-16,09:27:00,2025-12-30,354.65,354.65,354.65,354.65,0,4940,0
FINNIFTY30DEC2527400CE.NFO,2025-12-16,09:28:00,2025-12-30,354.65,354.65,354.65,354.65,0,4940,0
FINNIFTY30DEC2527400CE.NFO,2025-12-16,09:29:00,2025-12-30,354.65,354.65,354.65,354.65,0,4940,0
FINNIFTY30DEC2527400CE.NFO,2025-12-16,09:30:00,2025-12-30,354.65,354.65,354.65,354.65,0,4940,0
FINNIFTY30DEC2527400CE.NFO,2025-12-16,09:31:00,2025-12-30,354.65,354.65,354.65,354.65,0,4940,0
FINNIFTY30DEC2527400CE.NFO,2025-12-16,09:32:00,2025-12-30,354.65,354.65,340.0,340.0,195,5135,0
FINNIFTY30DEC2527400CE.NFO,2025-12-16,09:33:00,2025-12-30,340.0,353.1,340.0,353.1,65,5135,0
FINNIFTY30DEC2527400CE.NFO,2025-12-16,09:34:00,2025-12-30,353.1,353.1,353.1,353.1,0,5135,0
FINNIFTY30DEC2527400CE.NFO,2025-12-16,09:35:00,2025-12-30,353.1,353.1,346.6,346.6,65,5330,0
FINNIFTY30DEC2527400CE.NFO,2025-12-16,09:36:00,2025-12-30,346.6,346.6,346.6,346.6,0,5330,0
FINNIFTY30DEC2527400CE.NFO,2025-12-16,09:37:00,2025-12-30,346.6,346.6,346.6,346.6,0,5330,0
FINNIFTY30DEC2527400CE.NFO,2025-12-16,09:38:00,2025-12-30,346.6,346.6,346.6,346.6,0,5330,0
FINNIFTY30DEC2527400CE.NFO,2025-12-16,09:39:00,2025-12-30,346.6,346.6,346.6,346.6,0,5330,0
FINNIFTY30DEC2527400CE.NFO,2025-12-16,09:40:00,2025-12-30,346.6,355.75,346.6,355.75,195,5395,0
FINNIFTY30DEC2527400CE.NFO,2025-12-16,09:41:00,2025-12-30,355.75,355.75,354.45,354.45,65,5395,0
FINNIFTY30DEC2527400CE.NFO,2025-12-16,09:42:00,2025-12-30,354.45,354.45,354.45,354.45,0,5395,0
FINNIFTY30DEC2527400CE.NFO,2025-12-16,09:43:00,2025-12-30,354.45,354.45,354.45,354.45,0,5395,0
FINNIFTY30DEC2527400CE.NFO,2025-12-16,09:44:00,2025-12-30,354.45,354.45,354.45,354.45,0,5395,0
FINNIFTY30DEC2527400CE.NFO,2025-12-16,09:45:00,2025-12-30,354.45,354.45,354.45,354.45,0,5395,0
FINNIFTY30DEC2527400CE.NFO,2025-12-16,09:46:00,2025-12-30,354.45,354.45,354.45,354.45,0,5395,0
FINNIFTY30DEC2527400CE.NFO,2025-12-16,09:47:00,2025-12-30,354.45,354.45,354.45,354.45,0,5395,0
FINNIFTY30DEC2527400CE.NFO,2025-12-16,09:48:00,2025-12-30,354.45,354.45,354.45,354.45,0,5395,0
FINNIFTY30DEC2527400CE.NFO,2025-12-16,09:49:00,2025-12-30,354.45,354.45,354.45,354.45,0,5395,0
FINNIFTY30DEC2527400CE.NFO,2025-12-16,09:50:00,2025-12-30,354.45,355.6,354.45,355.6,260,5460,0
FINNIFTY30DEC2527400CE.NFO,2025-12-16,09:51:00,2025-12-30,355.6,355.6,350.0,350.65,1365,5460,0
FINNIFTY30DEC2527400CE.NFO,2025-12-16,09:52:00,2025-12-30,350.65,351.15,350.45,351.15,325,4615,0
FINNIFTY30DEC2527400CE.NFO,2025-12-16,09:53:00,2025-12-30,351.15,357.3,351.15,357.3,65,4615,0
FINNIFTY30DEC2527400CE.NFO,2025-12-16,09:54:00,2025-12-30,357.3,357.3,357.3,357.3,0,4615,0
FINNIFTY30DEC2527400CE.NFO,2025-12-16,09:55:00,2025-12-30,357.3,357.3,346.0,346.0,195,4485,0
FINNIFTY30DEC2527400CE.NFO,2025-12-16,09:56:00,2025-12-30,346.0,346.0,346.0,346.0,0,4485,0
FINNIFTY30DEC2527400CE.NFO,2025-12-16,09:57:00,2025-12-30,346.0,346.0,346.0,346.0,0,4485,0
FINNIFTY30DEC2527400CE.NFO,2025-12-16,09:58:00,2025-12-30,346.0,349.25,346.0,346.0,455,4485,0
FINNIFTY30DEC2527400CE.NFO,2025-12-16,09:59:00,2025-12-30,346.0,346.0,342.0,342.0,65,4485,0
FINNIFTY30DEC2527400CE.NFO,2025-12-16,10:00:00,2025-12-30,342.0,343.1,341.6,343.1,195,4485,0
FINNIFTY30DEC2527400CE.NFO,2025-12-16,10:01:00,2025-12-30,343.1,343.1,343.1,343.1,0,4485,0
FINNIFTY30DEC2527400CE.NFO,2025-12-16,10:02:00,2025-12-30,343.1,343.1,330.0,330.0,1040,4810,0
FINNIFTY30DEC2527400CE.NFO,2025-12-16,10:03:00,2025-12-30,330.0,331.1,329.15,331.1,195,4810,0
FINNIFTY30DEC2527400CE.NFO,2025-12-16,10:04:00,2025-12-30,331.1,331.1,331.1,331.1,0,4810,0
FINNIFTY30DEC2527400CE.NFO,2025-12-16,10:05:00,2025-12-30,331.1,338.55,331.1,338.55,65,5655,0
FINNIFTY30DEC2527400CE.NFO,2025-12-16,10:06:00,2025-12-30,338.55,338.55,338.55,338.55,0,5655,0
FINNIFTY30DEC2527400CE.NFO,2025-12-16,10:07:00,2025-12-30,338.55,344.95,337.3,344.95,195,5590,0
FINNIFTY30DEC2527400CE.NFO,2025-12-16,10:08:00,2025-12-30,344.95,344.95,341.65,341.65,65,5590,0
FINNIFTY30DEC2527400CE.NFO,2025-12-16,10:09:00,2025-12-30,341.65,341.65,340.4,340.4,65,5590,0
FINNIFTY30DEC2527400CE.NFO,2025-12-16,10:10:00,2025-12-30,340.4,340.4,340.4,340.4,0,5590,0
FINNIFTY30DEC2527400CE.NFO,2025-12-16,10:11:00,2025-12-30,340.4,340.4,340.4,340.4,0,5590,0
FINNIFTY30DEC2527400CE.NFO,2025-12-16,10:12:00,2025-12-30,340.4,340.4,340.4,340.4,0,5590,0
FINNIFTY30DEC2527400CE.NFO,2025-12-16,10:13:00,2025-12-30,340.4,340.4,333.7,333.7,130,5720,0
FINNIFTY30DEC2527400CE.NFO,2025-12-16,10:14:00,2025-12-30,333.7,334.95,333.7,334.45,650,5720,0
FINNIFTY30DEC2527400CE.NFO,2025-12-16,10:15:00,2025-12-30,334.45,334.45,328.5,329.55,65,5720,0
FINNIFTY30DEC2527400CE.NFO,2025-12-16,10:16:00,2025-12-30,329.55,331.5,329.55,331.5,130,5720,0
FINNIFTY30DEC2527400CE.NFO,2025-12-16,10:17:00,2025-12-30,331.5,331.5,331.5,331.5,0,5720,0
FINNIFTY30DEC2527400CE.NFO,2025-12-16,10:18:00,2025-12-30,331.5,331.5,331.5,331.5,0,5720,0
FINNIFTY30DEC2527400CE.NFO,2025-12-16,10:19:00,2025-12-30,331.5,344.25,331.5,344.25,65,6435,0
FINNIFTY30DEC2527400CE.NFO,2025-12-16,10:20:00,2025-12-30,344.25,344.25,344.25,344.25,0,6435,0
FINNIFTY30DEC2527400CE.NFO,2025-12-16,10:21:00,2025-12-30,344.25,347.25,341.9,347.25,260,6435,0
FINNIFTY30DEC2527400CE.NFO,2025-12-16,10:22:00,2025-12-30,347.25,349.9,347.25,349.9,130,6435,0
FINNIFTY30DEC2527400CE.NFO,2025-12-16,10:23:00,2025-12-30,349.9,349.9,344.3,344.3,65,6500,0
FINNIFTY30DEC2527400CE.NFO,2025-12-16,10:24:00,2025-12-30,344.3,344.3,344.3,344.3,0,6500,0
FINNIFTY30DEC2527400CE.NFO,2025-12-16,10:25:00,2025-12-30,344.3,344.3,344.3,344.3,130,6500,0
FINNIFTY30DEC2527400CE.NFO,2025-12-16,10:26:00,2025-12-30,344.3,349.0,344.3,347.85,195,6565,0
FINNIFTY30DEC2527400CE.NFO,2025-12-16,10:27:00,2025-12-30,347.85,350.0,347.85,350.0,65,6565,0
FINNIFTY30DEC2527400CE.NFO,2025-12-16,10:28:00,2025-12-30,350.0,350.0,345.95,345.95,65,6565,0
FINNIFTY30DEC2527400CE.NFO,2025-12-16,10:29:00,2025-12-30,345.95,345.95,345.95,345.95,0,6565,0
FINNIFTY30DEC2527400CE.NFO,2025-12-16,10:30:00,2025-12-30,345.95,350.0,345.95,350.0,650,6565,0
FINNIFTY30DEC2527400CE.NFO,2025-12-16,10:31:00,2025-12-30,350.0,350.0,350.0,350.0,0,6565,0
FINNIFTY30DEC2527400CE.NFO,2025-12-16,10:32:00,2025-12-30,350.0,350.0,350.0,350.0,0,6565,0
FINNIFTY30DEC2527400CE.NFO,2025-12-16,10:33:00,2025-12-30,350.0,350.0,350.0,350.0,0,6565,0
FINNIFTY30DEC2527400CE.NFO,2025-12-16,10:34:00,2025-12-30,350.0,350.0,350.0,350.0,0,6565,0
FINNIFTY30DEC2527400CE.NFO,2025-12-16,10:35:00,2025-12-30,350.0,350.0,350.0,350.0,0,6565,0
FINNIFTY30DEC2527400CE.NFO,2025-12-16,10:36:00,2025-12-30,350.0,350.0,350.0,350.0,0,6565,0
FINNIFTY30DEC2527400CE.NFO,2025-12-16,10:37:00,2025-12-30,350.0,350.0,350.0,350.0,0,6565,0
FINNIFTY30DEC2527400CE.NFO,2025-12-16,10:38:00,2025-12-30,350.0,354.9,350.0,353.6,390,6565,0
FINNIFTY30DEC2527400CE.NFO,2025-12-16,10:39:00,2025-12-30,353.6,358.0,352.15,352.3,520,6565,0
FINNIFTY30DEC2527400CE.NFO,2025-12-16,10:40:00,2025-12-30,352.3,352.3,352.3,352.3,0,6565,0
FINNIFTY30DEC2527400CE.NFO,2025-12-16,10:41:00,2025-12-30,352.3,352.3,352.3,352.3,0,6565,0
FINNIFTY30DEC2527400CE.NFO,2025-12-16,10:42:00,2025-12-30,352.3,352.3,352.3,352.3,0,6565,0
FINNIFTY30DEC2527400CE.NFO,2025-12-16,10:43:00,2025-12-30,352.3,352.3,352.3,352.3,0,6565,0
FINNIFTY30DEC2527400CE.NFO,2025-12-16,10:44:00,2025-12-30,352.3,352.3,346.0,346.0,65,7085,0
FINNIFTY30DEC2527400CE.NFO,2025-12-16,10:45:00,2025-12-30,346.0,346.0,346.0,346.0,0,7085,0
FINNIFTY30DEC2527400CE.NFO,2025-12-16,10:46:00,2025-12-30,346.0,346.0,346.0,346.0,0,7085,0
FINNIFTY30DEC2527400CE.NFO,2025-12-16,10:47:00,2025-12-30,346.0,346.0,346.0,346.0,0,7085,0
FINNIFTY30DEC2527400CE.NFO,2025-12-16,10:48:00,2025-12-30,346.0,346.0,346.0,346.0,0,7085,0
FINNIFTY30DEC2527400CE.NFO,2025-12-16,10:49:00,2025-12-30,346.0,346.0,346.0,346.0,0,7085,0
FINNIFTY30DEC2527400CE.NFO,2025-12-16,10:50:00,2025-12-30,346.0,346.0,346.0,346.0,0,7085,0
FINNIFTY30DEC2527400CE.NFO,2025-12-16,10:51:00,2025-12-30,346.0,349.2,346.0,349.2,65,7085,0
FINNIFTY30DEC2527400CE.NFO,2025-12-16,10:52:00,2025-12-30,349.2,349.2,349.2,349.2,0,7085,0
FINNIFTY30DEC2527400CE.NFO,2025-12-16,10:53:00,2025-12-30,349.2,349.2,349.2,349.2,0,7085,0
FINNIFTY30DEC2527400CE.NFO,2025-12-16,10:54:00,2025-12-30,349.2,349.2,349.2,349.2,0,7085,0
FINNIFTY30DEC2527400CE.NFO,2025-12-16,10:55:00,2025-12-30,349.2,349.2,349.2,349.2,0,7085,0
FINNIFTY30DEC2527400CE.NFO,2025-12-16,10:56:00,2025-12-30,349.2,349.2,349.2,349.2,0,7085,0
FINNIFTY30DEC2527400CE.NFO,2025-12-16,10:57:00,2025-12-30,349.2,349.2,349.2,349.2,0,7085,0
FINNIFTY30DEC2527400CE.NFO,2025-12-16,10:58:00,2025-12-30,349.2,349.2,349.2,349.2,0,7085,0
FINNIFTY30DEC2527400CE.NFO,2025-12-16,10:59:00,2025-12-30,349.2,349.2,349.2,349.2,0,7085,0
FINNIFTY30DEC2527400CE.NFO,2025-12-16,11:00:00,2025-12-30,349.2,349.2,340.0,340.0,195,7085,0
FINNIFTY30DEC2527400CE.NFO,2025-12-16,11:01:00,2025-12-30,340.0,340.0,337.2,337.2,65,7085,0
FINNIFTY30DEC2527400CE.NFO,2025-12-16,11:02:00,2025-12-30,337.2,337.2,337.2,337.2,0,7085,0
FINNIFTY30DEC2527400CE.NFO,2025-12-16,11:03:00,2025-12-30,337.2,337.2,337.2,337.2,0,7085,0
FINNIFTY30DEC2527400CE.NFO,2025-12-16,11:04:00,2025-12-30,337.2,337.2,337.2,337.2,0,7085,0
FINNIFTY30DEC2527400CE.NFO,2025-12-16,11:05:00,2025-12-30,337.2,337.2,337.2,337.2,0,7085,0
FINNIFTY30DEC2527400CE.NFO,2025-12-16,11:06:00,2025-12-30,337.2,349.85,337.2,349.85,195,7020,0
FINNIFTY30DEC2527400CE.NFO,2025-12-16,11:07:00,2025-12-30,349.85,349.85,347.05,347.05,130,7020,0
FINNIFTY30DEC2527400CE.NFO,2025-12-16,11:08:00,2025-12-30,347.05,347.05,347.05,347.05,0,7020,0
FINNIFTY30DEC2527400CE.NFO,2025-12-16,11:09:00,2025-12-30,347.05,347.05,347.05,347.05,0,7020,0
FINNIFTY30DEC2527400CE.NFO,2025-12-16,11:10:00,2025-12-30,347.05,347.05,347.05,347.05,0,7020,0
FINNIFTY30DEC2527400CE.NFO,2025-12-16,11:11:00,2025-12-30,347.05,347.05,347.05,347.05,0,7020,0
FINNIFTY30DEC2527400CE.NFO,2025-12-16,11:12:00,2025-12-30,347.05,347.05,347.05,347.05,0,7020,0
FINNIFTY30DEC2527400CE.NFO,2025-12-16,11:13:00,2025-12-30,347.05,347.05,347.05,347.05,0,7020,0
FINNIFTY30DEC2527400CE.NFO,2025-12-16,11:14:00,2025-12-30,347.05,347.05,347.05,347.05,0,7020,0
FINNIFTY30DEC2527400CE.NFO,2025-12-16,11:15:00,2025-12-30,347.05,347.05,347.05,347.05,0,7020,0
FINNIFTY30DEC2527400CE.NFO,2025-12-16,11:16:00,2025-12-30,347.05,347.05,347.05,347.05,0,7020,0
FINNIFTY30DEC2527400CE.NFO,2025-12-16,11:17:00,2025-12-30,347.05,347.05,347.05,347.05,0,7020,0
FINNIFTY30DEC2527400CE.NFO,2025-12-16,11:18:00,2025-12-30,347.05,347.05,347.05,347.05,0,7020,0
FINNIFTY30DEC2527400CE.NFO,2025-12-16,11:19:00,2025-12-30,347.05,347.05,347.05,347.05,0,7020,0
FINNIFTY30DEC2527400CE.NFO,2025-12-16,11:20:00,2025-12-30,347.05,347.05,347.05,347.05,0,7020,0
FINNIFTY30DEC2527400CE.NFO,2025-12-16,11:21:00,2025-12-30,347.05,347.05,342.9,342.9,65,6955,0
FINNIFTY30DEC2527400CE.NFO,2025-12-16,11:22:00,2025-12-30,342.9,342.9,342.9,342.9,0,6955,0
FINNIFTY30DEC2527400CE.NFO,2025-12-16,11:23:00,2025-12-30,342.9,342.9,342.9,342.9,0,6955,0
FINNIFTY30DEC2527400CE.NFO,2025-12-16,11:24:00,2025-12-30,342.9,342.9,342.9,342.9,0,6955,0
FINNIFTY30DEC2527400CE.NFO,2025-12-16,11:25:00,2025-12-30,342.9,342.9,342.9,342.9,0,6955,0
FINNIFTY30DEC2527400CE.NFO,2025-12-16,11:26:00,2025-12-30,342.9,342.9,342.9,342.9,0,6955,0
FINNIFTY30DEC2527400CE.NFO,2025-12-16,11:27:00,2025-12-30,342.9,342.9,342.9,342.9,0,6955,0
FINNIFTY30DEC2527400CE.NFO,2025-12-16,11:28:00,2025-12-30,342.9,342.9,342.9,342.9,0,6955,0
FINNIFTY30DEC2527400CE.NFO,2025-12-16,11:29:00,2025-12-30,342.9,342.9,342.9,342.9,0,6955,0
FINNIFTY30DEC2527400CE.NFO,2025-12-16,11:30:00,2025-12-30,342.9,342.9,342.9,342.9,0,6955,0
FINNIFTY30DEC2527400CE.NFO,2025-12-16,11:31:00,2025-12-30,342.9,342.9,342.9,342.9,0,6955,0
FINNIFTY30DEC2527400CE.NFO,2025-12-16,11:32:00,2025-12-30,342.9,342.9,338.0,338.0,130,6955,0
FINNIFTY30DEC2527400CE.NFO,2025-12-16,11:33:00,2025-12-30,338.0,338.0,338.0,338.0,0,6955,0
FINNIFTY30DEC2527400CE.NFO,2025-12-16,11:34:00,2025-12-30,338.0,338.0,338.0,338.0,0,6955,0
FINNIFTY30DEC2527400CE.NFO,2025-12-16,11:35:00,2025-12-30,338.0,338.0,325.0,325.0,650,6955,0
FINNIFTY30DEC2527400CE.NFO,2025-12-16,11:36:00,2025-12-30,325.0,325.0,317.0,320.65,390,6955,0
FINNIFTY30DEC2527400CE.NFO,2025-12-16,11:37:00,2025-12-30,320.65,320.65,320.65,320.65,0,6955,0
FINNIFTY30DEC2527400CE.NFO,2025-12-16,11:38:00,2025-12-30,320.65,320.65,320.65,320.65,0,6955,0
FINNIFTY30DEC2527400CE.NFO,2025-12-16,11:39:00,2025-12-30,320.65,320.65,320.65,320.65,0,6955,0
FINNIFTY30DEC2527400CE.NFO,2025-12-16,11:40:00,2025-12-30,320.65,320.65,318.35,318.35,325,7475,0
FINNIFTY30DEC2527400CE.NFO,2025-12-16,11:41:00,2025-12-30,318.35,318.35,313.35,313.35,520,7475,0
FINNIFTY30DEC2527400CE.NFO,2025-12-16,11:42:00,2025-12-30,313.35,315.8,313.35,315.8,130,7475,0
FINNIFTY30DEC2527400CE.NFO,2025-12-16,11:43:00,2025-12-30,315.8,320.2,315.8,320.2,130,7475,0
FINNIFTY30DEC2527400CE.NFO,2025-12-16,11:44:00,2025-12-30,320.2,320.2,316.8,319.25,260,8060,0
FINNIFTY30DEC2527400CE.NFO,2025-12-16,11:45:00,2025-12-30,319.25,319.25,316.8,316.8,65,8060,0
FINNIFTY30DEC2527400CE.NFO,2025-12-16,11:46:00,2025-12-30,316.8,321.85,316.8,321.15,130,8125,0
FINNIFTY30DEC2527400CE.NFO,2025-12-16,11:47:00,2025-12-30,321.15,321.15,319.7,319.7,130,8125,0
FINNIFTY30DEC2527400CE.NFO,2025-12-16,11:48:00,2025-12-30,319.7,319.7,317.95,317.95,260,8125,0
FINNIFTY30DEC2527400CE.NFO,2025-12-16,11:49:00,2025-12-30,317.95,323.2,317.95,323.2,325,8125,0
FINNIFTY30DEC2527400CE.NFO,2025-12-16,11:50:00,2025-12-30,323.2,325.0,323.2,325.0,65,8125,0
FINNIFTY30DEC2527400CE.NFO,2025-12-16,11:51:00,2025-12-30,325.0,325.0,325.0,325.0,0,8125,0
FINNIFTY30DEC2527400CE.NFO,2025-12-16,11:52:00,2025-12-30,325.0,325.65,324.75,325.65,195,8125,0
FINNIFTY30DEC2527400CE.NFO,2025-12-16,11:53:00,2025-12-30,325.65,325.65,325.65,325.65,65,8060,0
FINNIFTY30DEC2527400CE.NFO,2025-12-16,11:54:00,2025-12-30,325.65,325.65,325.65,325.65,0,8060,0
FINNIFTY30DEC2527400CE.NFO,2025-12-16,11:55:00,2025-12-30,325.65,327.6,325.65,327.6,65,8060,0
FINNIFTY30DEC2527400CE.NFO,2025-12-16,11:56:00,2025-12-30,327.6,327.6,327.25,327.25,65,8060,0
FINNIFTY30DEC2527400CE.NFO,2025-12-16,11:57:00,2025-12-30,327.25,327.25,325.0,325.0,65,8060,0
FINNIFTY30DEC2527400CE.NFO,2025-12-16,11:58:00,2025-12-30,325.0,326.85,325.0,326.85,130,8060,0
FINNIFTY30DEC2527400CE.NFO,2025-12-16,11:59:00,2025-12-30,326.85,326.85,324.1,325.2,260,8255,0
FINNIFTY30DEC2527400CE.NFO,2025-12-16,12:00:00,2025-12-30,325.2,325.65,324.1,325.65,195,8255,0
FINNIFTY30DEC2527400CE.NFO,2025-12-16,12:01:00,2025-12-30,325.65,325.65,325.4,325.4,130,8255,0
FINNIFTY30DEC2527400CE.NFO,2025-12-16,12:02:00,2025-12-30,325.4,328.25,325.4,328.25,585,8710,0
FINNIFTY30DEC2527400CE.NFO,2025-12-16,12:03:00,2025-12-30,328.25,328.25,328.25,328.25,130,8710,0
FINNIFTY30DEC2527400CE.NFO,2025-12-16,12:04:00,2025-12-30,328.25,328.25,328.25,328.25,0,8710,0
FINNIFTY30DEC2527400CE.NFO,2025-12-16,12:05:00,2025-12-30,328.25,328.25,328.25,328.25,0,8710,0
FINNIFTY30DEC2527400CE.NFO,2025-12-16,12:06:00,2025-12-30,328.25,328.25,323.0,323.0,780,9230,0
FINNIFTY30DEC2527400CE.NFO,2025-12-16,12:07:00,2025-12-30,323.0,323.0,323.0,323.0,0,9230,0
FINNIFTY30DEC2527400CE.NFO,2025-12-16,12:08:00,2025-12-30,323.0,323.7,323.0,323.7,65,9295,0
FINNIFTY30DEC2527400CE.NFO,2025-12-16,12:09:00,2025-12-30,323.7,323.7,323.7,323.7,0,9295,0
FINNIFTY30DEC2527400CE.NFO,2025-12-16,12:10:00,2025-12-30,323.7,323.7,323.7,323.7,0,9295,0
FINNIFTY30DEC2527400CE.NFO,2025-12-16,12:11:00,2025-12-30,323.7,323.7,323.7,323.7,0,9295,0
FINNIFTY30DEC2527400CE.NFO,2025-12-16,12:12:00,2025-12-30,323.7,323.7,323.7,323.7,0,9295,0
FINNIFTY30DEC2527400CE.NFO,2025-12-16,12:13:00,2025-12-30,323.7,323.7,323.7,323.7,0,9295,0
FINNIFTY30DEC2527400CE.NFO,2025-12-16,12:14:00,2025-12-30,323.7,324.0,323.7,324.0,65,9360,0
FINNIFTY30DEC2527400CE.NFO,2025-12-16,12:15:00,2025-12-30,324.0,324.0,319.0,319.0,130,9360,0
FINNIFTY30DEC2527400CE.NFO,2025-12-16,12:16:00,2025-12-30,319.0,319.0,319.0,319.0,0,9360,0
FINNIFTY30DEC2527400CE.NFO,2025-12-16,12:17:00,2025-12-30,319.0,319.0,319.0,319.0,0,9360,0
FINNIFTY30DEC2527400CE.NFO,2025-12-16,12:18:00,2025-12-30,319.0,319.0,319.0,319.0,0,9360,0
FINNIFTY30DEC2527400CE.NFO,2025-12-16,12:19:00,2025-12-30,319.0,319.0,319.0,319.0,0,9360,0
FINNIFTY30DEC2527400CE.NFO,2025-12-16,12:20:00,2025-12-30,319.0,319.0,319.0,319.0,0,9360,0
FINNIFTY30DEC2527400CE.NFO,2025-12-16,12:21:00,2025-12-30,319.0,319.0,319.0,319.0,0,9360,0
FINNIFTY30DEC2527400CE.NFO,2025-12-16,12:22:00,2025-12-30,319.0,319.0,319.0,319.0,0,9360,0
FINNIFTY30DEC2527400CE.NFO,2025-12-16,12:23:00,2025-12-30,319.0,324.05,319.0,320.85,130,9295,0
FINNIFTY30DEC2527400CE.NFO,2025-12-16,12:24:00,2025-12-30,320.85,320.85,320.85,320.85,0,9295,0
FINNIFTY30DEC2527400CE.NFO,2025-12-16,12:25:00,2025-12-30,320.85,320.85,320.85,320.85,0,9295,0
FINNIFTY30DEC2527400CE.NFO,2025-12-16,12:26:00,2025-12-30,320.85,320.85,320.85,320.85,0,9295,0
FINNIFTY30DEC2527400CE.NFO,2025-12-16,12:27:00,2025-12-30,320.85,320.85,320.85,320.85,0,9295,0
FINNIFTY30DEC2527400CE.NFO,2025-12-16,12:28:00,2025-12-30,320.85,327.8,320.85,327.8,0,9360,0
FINNIFTY30DEC2527400CE.NFO,2025-12-16,12:29:00,2025-12-30,327.8,327.8,327.8,327.8,65,9360,0
FINNIFTY30DEC2527400CE.NFO,2025-12-16,12:30:00,2025-12-30,327.8,327.8,327.8,327.8,195,9360,0
FINNIFTY30DEC2527400CE.NFO,2025-12-16,12:31:00,2025-12-30,327.8,329.95,327.8,329.95,65,9360,0
FINNIFTY30DEC2527400CE.NFO,2025-12-16,12:32:00,2025-12-30,329.95,333.2,329.95,333.2,65,9295,0
FINNIFTY30DEC2527400CE.NFO,2025-12-16,12:33:00,2025-12-30,333.2,333.2,333.2,333.2,0,9295,0
FINNIFTY30DEC2527400CE.NFO,2025-12-16,12:34:00,2025-12-30,333.2,333.2,333.2,333.2,0,9295,0
FINNIFTY30DEC2527400CE.NFO,2025-12-16,12:35:00,2025-12-30,333.2,333.2,333.2,333.2,0,9295,0
FINNIFTY30DEC2527400CE.NFO,2025-12-16,12:36:00,2025-12-30,333.2,333.2,333.2,333.2,0,9295,0
FINNIFTY30DEC2527400CE.NFO,2025-12-16,12:37:00,2025-12-30,333.2,333.2,320.65,320.65,130,9295,0
FINNIFTY30DEC2527400CE.NFO,2025-12-16,12:38:00,2025-12-30,320.65,320.65,320.65,320.65,0,9295,0
FINNIFTY30DEC2527400CE.NFO,2025-12-16,12:39:00,2025-12-30,320.65,320.65,320.65,320.65,0,9295,0
FINNIFTY30DEC2527400CE.NFO,2025-12-16,12:40:00,2025-12-30,320.65,324.7,320.65,324.7,65,9230,0
FINNIFTY30DEC2527400CE.NFO,2025-12-16,12:41:00,2025-12-30,324.7,332.25,324.7,331.7,195,9230,0
FINNIFTY30DEC2527400CE.NFO,2025-12-16,12:42:00,2025-12-30,331.7,331.7,318.8,318.8,260,9230,0
FINNIFTY30DEC2527400CE.NFO,2025-12-16,12:43:00,2025-12-30,318.8,318.8,318.8,318.8,0,9230,0
FINNIFTY30DEC2527400CE.NFO,2025-12-16,12:44:00,2025-12-30,318.8,318.8,318.8,318.8,0,9230,0
FINNIFTY30DEC2527400CE.NFO,2025-12-16,12:45:00,2025-12-30,318.8,318.8,318.8,318.8,0,9230,0
FINNIFTY30DEC2527400CE.NFO,2025-12-16,12:46:00,2025-12-30,318.8,318.8,318.8,318.8,0,9230,0
FINNIFTY30DEC2527400CE.NFO,2025-12-16,12:47:00,2025-12-30,318.8,318.8,318.8,318.8,0,9230,0
FINNIFTY30DEC2527400CE.NFO,2025-12-16,12:48:00,2025-12-30,318.8,320.0,318.8,320.0,65,9295,0
FINNIFTY30DEC2527400CE.NFO,2025-12-16,12:49:00,2025-12-30,320.0,320.0,317.0,317.0,325,9295,0
FINNIFTY30DEC2527400CE.NFO,2025-12-16,12:50:00,2025-12-30,317.0,322.65,317.0,322.65,65,9360,0
FINNIFTY30DEC2527400CE.NFO,2025-12-16,12:51:00,2025-12-30,322.65,322.65,319.7,319.7,65,9360,0
FINNIFTY30DEC2527400CE.NFO,2025-12-16,12:52:00,2025-12-30,319.7,325.9,319.7,325.9,260,9360,0
FINNIFTY30DEC2527400CE.NFO,2025-12-16,12:53:00,2025-12-30,325.9,325.9,325.9,325.9,0,9360,0
FINNIFTY30DEC2527400CE.NFO,2025-12-16,12:54:00,2025-12-30,325.9,325.9,325.9,325.9,0,9360,0
FINNIFTY30DEC2527400CE.NFO,2025-12-16,12:55:00,2025-12-30,325.9,325.9,314.4,319.05,390,9360,0
FINNIFTY30DEC2527400CE.NFO,2025-12-16,12:56:00,2025-12-30,319.05,326.45,319.05,325.45,195,9360,0
FINNIFTY30DEC2527400CE.NFO,2025-12-16,12:57:00,2025-12-30,325.45,325.45,320.0,320.15,130,9360,0
FINNIFTY30DEC2527400CE.NFO,2025-12-16,12:58:00,2025-12-30,320.15,320.15,320.15,320.15,0,9360,0
FINNIFTY30DEC2527400CE.NFO,2025-12-16,12:59:00,2025-12-30,320.15,321.6,320.15,321.1,325,9360,0
FINNIFTY30DEC2527400CE.NFO,2025-12-16,13:00:00,2025-12-30,321.1,321.1,314.0,314.0,195,9360,0
FINNIFTY30DEC2527400CE.NFO,2025-12-16,13:01:00,2025-12-30,314.0,318.6,314.0,318.6,390,9360,0
FINNIFTY30DEC2527400CE.NFO,2025-12-16,13:02:00,2025-12-30,318.6,318.6,315.0,315.0,195,9295,0
FINNIFTY30DEC2527400CE.NFO,2025-12-16,13:03:00,2025-12-30,315.0,315.0,315.0,315.0,0,9295,0
FINNIFTY30DEC2527400CE.NFO,2025-12-16,13:04:00,2025-12-30,315.0,317.0,315.0,315.0,910,9295,0
FINNIFTY30DEC2527400CE.NFO,2025-12-16,13:05:00,2025-12-30,315.0,315.0,315.0,315.0,0,9295,0
FINNIFTY30DEC2527400CE.NFO,2025-12-16,13:06:00,2025-12-30,315.0,315.0,311.1,311.1,195,9425,0
FINNIFTY30DEC2527400CE.NFO,2025-12-16,13:07:00,2025-12-30,311.1,311.1,311.1,311.1,65,9425,0
FINNIFTY30DEC2527400CE.NFO,2025-12-16,13:08:00,2025-12-30,311.1,311.1,308.4,308.4,195,9295,0
FINNIFTY30DEC2527400CE.NFO,2025-12-16,13:09:00,2025-12-30,308.4,308.4,308.35,308.35,65,9295,0
FINNIFTY30DEC2527400CE.NFO,2025-12-16,13:10:00,2025-12-30,308.35,308.35,308.35,308.35,0,9295,0
FINNIFTY30DEC2527400CE.NFO,2025-12-16,13:11:00,2025-12-30,308.35,308.35,308.35,308.35,0,9295,0
FINNIFTY30DEC2527400CE.NFO,2025-12-16,13:12:00,2025-12-30,308.35,308.35,308.35,308.35,0,9295,0
FINNIFTY30DEC2527400CE.NFO,2025-12-16,13:13:00,2025-12-30,308.35,308.35,308.35,308.35,0,9295,0
FINNIFTY30DEC2527400CE.NFO,2025-12-16,13:14:00,2025-12-30,308.35,312.0,308.35,312.0,130,9165,0
FINNIFTY30DEC2527400CE.NFO,2025-12-16,13:15:00,2025-12-30,312.0,312.0,312.0,312.0,0,9165,0
FINNIFTY30DEC2527400CE.NFO,2025-12-16,13:16:00,2025-12-30,312.0,316.5,312.0,316.5,65,9165,0
FINNIFTY30DEC2527400CE.NFO,2025-12-16,13:17:00,2025-12-30,316.5,316.5,315.0,316.0,195,9100,0
FINNIFTY30DEC2527400CE.NFO,2025-12-16,13:18:00,2025-12-30,316.0,316.0,314.35,314.35,65,9100,0
FINNIFTY30DEC2527400CE.NFO,2025-12-16,13:19:00,2025-12-30,314.35,314.5,314.35,314.5,65,9100,0
FINNIFTY30DEC2527400CE.NFO,2025-12-16,13:20:00,2025-12-30,314.5,314.5,314.5,314.5,0,9100,0
FINNIFTY30DEC2527400CE.NFO,2025-12-16,13:21:00,2025-12-30,314.5,315.0,314.5,315.0,130,9035,0
FINNIFTY30DEC2527400CE.NFO,2025-12-16,13:22:00,2025-12-30,315.0,315.0,315.0,315.0,0,9035,0
FINNIFTY30DEC2527400CE.NFO,2025-12-16,13:23:00,2025-12-30,315.0,315.0,315.0,315.0,0,9035,0
FINNIFTY30DEC2527400CE.NFO,2025-12-16,13:24:00,2025-12-30,315.0,315.0,315.0,315.0,0,9035,0
FINNIFTY30DEC2527400CE.NFO,2025-12-16,13:25:00,2025-12-30,315.0,315.0,315.0,315.0,0,9035,0
FINNIFTY30DEC2527400CE.NFO,2025-12-16,13:26:00,2025-12-30,315.0,320.0,315.0,320.0,390,9165,0
FINNIFTY30DEC2527400CE.NFO,2025-12-16,13:27:00,2025-12-30,320.0,320.0,313.95,313.95,65,9165,0
FINNIFTY30DEC2527400CE.NFO,2025-12-16,13:28:00,2025-12-30,313.95,313.95,313.95,313.95,0,9165,0
FINNIFTY30DEC2527400CE.NFO,2025-12-16,13:29:00,2025-12-30,313.95,313.95,313.95,313.95,0,9165,0
FINNIFTY30DEC2527400CE.NFO,2025-12-16,13:30:00,2025-12-30,313.95,316.15,313.95,316.15,65,9165,0
FINNIFTY30DEC2527400CE.NFO,2025-12-16,13:31:00,2025-12-30,316.15,316.15,316.15,316.15,0,9165,0
FINNIFTY30DEC2527400CE.NFO,2025-12-16,13:32:00,2025-12-30,316.15,316.15,316.15,316.15,130,9165,0
FINNIFTY30DEC2527400CE.NFO,2025-12-16,13:33:00,2025-12-30,316.15,316.15,316.15,316.15,0,9165,0
FINNIFTY30DEC2527400CE.NFO,2025-12-16,13:34:00,2025-12-30,316.15,316.15,316.15,316.15,0,9165,0
FINNIFTY30DEC2527400CE.NFO,2025-12-16,13:35:00,2025-12-30,316.15,320.5,316.15,320.5,65,9230,0
FINNIFTY30DEC2527400CE.NFO,2025-12-16,13:36:00,2025-12-30,320.5,320.5,320.5,320.5,130,9230,0
FINNIFTY30DEC2527400CE.NFO,2025-12-16,13:37:00,2025-12-30,320.5,320.5,320.5,320.5,0,9230,0
FINNIFTY30DEC2527400CE.NFO,2025-12-16,13:38:00,2025-12-30,320.5,320.5,320.5,320.5,0,9230,0
FINNIFTY30DEC2527400CE.NFO,2025-12-16,13:39:00,2025-12-30,320.5,322.5,320.5,322.5,65,9230,0
FINNIFTY30DEC2527400CE.NFO,2025-12-16,13:40:00,2025-12-30,322.5,326.0,322.5,326.0,455,9230,0
FINNIFTY30DEC2527400CE.NFO,2025-12-16,13:41:00,2025-12-30,326.0,326.0,326.0,326.0,390,9230,0
FINNIFTY30DEC2527400CE.NFO,2025-12-16,13:42:00,2025-12-30,326.0,326.0,326.0,326.0,0,9230,0
FINNIFTY30DEC2527400CE.NFO,2025-12-16,13:43:00,2025-12-30,326.0,326.0,326.0,326.0,0,9230,0
FINNIFTY30DEC2527400CE.NFO,2025-12-16,13:44:00,2025-12-30,326.0,326.0,319.15,319.15,0,9230,0
FINNIFTY30DEC2527400CE.NFO,2025-12-16,13:45:00,2025-12-30,317.9,325.0,317.9,325.0,520,9230,0
FINNIFTY30DEC2527400CE.NFO,2025-12-16,13:46:00,2025-12-30,325.0,325.0,325.0,325.0,0,9230,0
FINNIFTY30DEC2527400CE.NFO,2025-12-16,13:47:00,2025-12-30,325.0,330.35,325.0,330.35,195,9035,0
FINNIFTY30DEC2527400CE.NFO,2025-12-16,13:48:00,2025-12-30,330.35,330.35,330.35,330.35,0,9035,0
FINNIFTY30DEC2527400CE.NFO,2025-12-16,13:49:00,2025-12-30,330.35,334.75,328.5,334.75,195,9035,0
FINNIFTY30DEC2527400CE.NFO,2025-12-16,13:50:00,2025-12-30,334.35,334.35,334.35,334.35,585,9035,0
FINNIFTY30DEC2527400CE.NFO,2025-12-16,13:51:00,2025-12-30,334.35,334.35,334.35,334.35,0,9035,0
FINNIFTY30DEC2527400CE.NFO,2025-12-16,13:52:00,2025-12-30,334.35,334.35,329.25,329.25,130,9425,0
FINNIFTY30DEC2527400CE.NFO,2025-12-16,13:53:00,2025-12-30,329.25,329.25,329.25,329.25,0,9425,0
FINNIFTY30DEC2527400CE.NFO,2025-12-16,13:54:00,2025-12-30,329.25,329.25,325.0,325.0,65,9490,0
FINNIFTY30DEC2527400CE.NFO,2025-12-16,13:55:00,2025-12-30,325.0,327.95,325.0,326.6,130,9490,0
FINNIFTY30DEC2527400CE.NFO,2025-12-16,13:56:00,2025-12-30,326.6,326.6,321.0,321.0,195,9490,0
FINNIFTY30DEC2527400CE.NFO,2025-12-16,13:57:00,2025-12-30,321.0,325.0,321.0,324.65,130,9490,0
FINNIFTY30DEC2527400CE.NFO,2025-12-16,13:58:00,2025-12-30,324.65,324.65,324.65,324.65,0,9490,0
FINNIFTY30DEC2527400CE.NFO,2025-12-16,13:59:00,2025-12-30,324.65,324.65,313.2,313.2,130,9620,0
FINNIFTY30DEC2527400CE.NFO,2025-12-16,14:00:00,2025-12-30,313.2,313.2,309.0,309.0,455,9620,0
FINNIFTY30DEC2527400CE.NFO,2025-12-16,14:01:00,2025-12-30,309.0,309.0,309.0,309.0,0,9620,0
FINNIFTY30DEC2527400CE.NFO,2025-12-16,14:02:00,2025-12-30,309.0,309.0,306.55,306.55,65,9620,0
FINNIFTY30DEC2527400CE.NFO,2025-12-16,14:03:00,2025-12-30,306.55,306.55,306.55,306.55,0,9620,0
FINNIFTY30DEC2527400CE.NFO,2025-12-16,14:04:00,2025-12-30,306.55,310.0,306.55,310.0,65,9555,0
FINNIFTY30DEC2527400CE.NFO,2025-12-16,14:05:00,2025-12-30,310.0,312.0,309.85,312.0,260,9555,0
FINNIFTY30DEC2527400CE.NFO,2025-12-16,14:06:00,2025-12-30,312.0,313.95,312.0,313.95,130,9555,0
FINNIFTY30DEC2527400CE.NFO,2025-12-16,14:07:00,2025-12-30,313.95,313.95,306.55,306.55,65,9555,0
FINNIFTY30DEC2527400CE.NFO,2025-12-16,14:08:00,2025-12-30,306.55,306.55,306.55,306.55,0,9555,0
FINNIFTY30DEC2527400CE.NFO,2025-12-16,14:09:00,2025-12-30,306.55,310.25,306.55,310.25,130,9555,0
FINNIFTY30DEC2527400CE.NFO,2025-12-16,14:10:00,2025-12-30,310.25,310.25,310.25,310.25,0,9555,0
FINNIFTY30DEC2527400CE.NFO,2025-12-16,14:11:00,2025-12-30,310.25,310.65,310.25,310.65,260,9555,0
FINNIFTY30DEC2527400CE.NFO,2025-12-16,14:12:00,2025-12-30,310.65,310.65,310.65,310.65,195,9425,0
FINNIFTY30DEC2527400CE.NFO,2025-12-16,14:13:00,2025-12-30,310.65,310.65,308.4,308.4,260,9425,0
FINNIFTY30DEC2527400CE.NFO,2025-12-16,14:14:00,2025-12-30,308.4,308.55,308.2,308.55,130,9425,0
FINNIFTY30DEC2527400CE.NFO,2025-12-16,14:15:00,2025-12-30,308.55,308.55,308.55,308.55,65,9165,0
FINNIFTY30DEC2527400CE.NFO,2025-12-16,14:16:00,2025-12-30,308.55,312.25,308.55,312.25,130,9165,0
FINNIFTY30DEC2527400CE.NFO,2025-12-16,14:17:00,2025-12-30,312.25,312.25,312.25,312.25,0,9165,0
FINNIFTY30DEC2527400CE.NFO,2025-12-16,14:18:00,2025-12-30,312.25,312.25,308.6,308.6,130,9295,0
FINNIFTY30DEC2527400CE.NFO,2025-12-16,14:19:00,2025-12-30,308.6,308.6,300.0,300.0,260,9295,0
FINNIFTY30DEC2527400CE.NFO,2025-12-16,14:20:00,2025-12-30,300.0,300.0,294.0,295.75,260,9295,0
FINNIFTY30DEC2527400CE.NFO,2025-12-16,14:21:00,2025-12-30,295.75,301.65,295.75,301.65,195,9230,0
FINNIFTY30DEC2527400CE.NFO,2025-12-16,14:22:00,2025-12-30,301.65,302.9,301.65,302.9,65,9230,0
FINNIFTY30DEC2527400CE.NFO,2025-12-16,14:23:00,2025-12-30,302.9,302.9,300.0,300.0,65,9490,0
FINNIFTY30DEC2527400CE.NFO,2025-12-16,14:24:00,2025-12-30,300.0,300.0,299.65,299.65,130,9490,0
FINNIFTY30DEC2527400CE.NFO,2025-12-16,14:25:00,2025-12-30,299.65,299.65,299.65,299.65,0,9490,0
FINNIFTY30DEC2527400CE.NFO,2025-12-16,14:26:00,2025-12-30,299.05,299.05,296.1,296.1,130,9490,0
FINNIFTY30DEC2527400CE.NFO,2025-12-16,14:27:00,2025-12-30,296.1,303.5,296.1,303.5,65,9490,0
FINNIFTY30DEC2527400CE.NFO,2025-12-16,14:28:00,2025-12-30,303.5,303.5,303.5,303.5,0,9490,0
FINNIFTY30DEC2527400CE.NFO,2025-12-16,14:29:00,2025-12-30,303.5,310.0,303.5,310.0,65,9490,0
FINNIFTY30DEC2527400CE.NFO,2025-12-16,14:30:00,2025-12-30,310.0,310.0,307.3,307.3,650,9490,0
FINNIFTY30DEC2527400CE.NFO,2025-12-16,14:31:00,2025-12-30,307.3,307.3,301.0,301.0,455,9490,0
FINNIFTY30DEC2527400CE.NFO,2025-12-16,14:32:00,2025-12-30,301.0,301.0,301.0,301.0,0,9490,0
FINNIFTY30DEC2527400CE.NFO,2025-12-16,14:33:00,2025-12-30,301.0,301.0,301.0,301.0,0,9490,0
FINNIFTY30DEC2527400CE.NFO,2025-12-16,14:34:00,2025-12-30,301.0,301.0,301.0,301.0,0,9490,0
FINNIFTY30DEC2527400CE.NFO,2025-12-16,14:35:00,2025-12-30,301.0,301.0,301.0,301.0,0,9490,0
FINNIFTY30DEC2527400CE.NFO,2025-12-16,14:36:00,2025-12-30,301.0,301.0,301.0,301.0,0,9490,0
FINNIFTY30DEC2527400CE.NFO,2025-12-16,14:37:00,2025-12-30,301.0,303.65,301.0,303.65,65,9880,0
FINNIFTY30DEC2527400CE.NFO,2025-12-16,14:38:00,2025-12-30,303.65,304.2,303.65,304.2,130,9880,0
FINNIFTY30DEC2527400CE.NFO,2025-12-16,14:39:00,2025-12-30,304.2,304.2,300.1,300.1,130,10075,0
FINNIFTY30DEC2527400CE.NFO,2025-12-16,14:40:00,2025-12-30,300.1,302.0,300.05,302.0,130,10075,0
FINNIFTY30DEC2527400CE.NFO,2025-12-16,14:41:00,2025-12-30,302.0,304.1,302.0,302.85,65,10010,0
FINNIFTY30DEC2527400CE.NFO,2025-12-16,14:42:00,2025-12-30,302.85,304.0,302.85,304.0,390,10010,0
FINNIFTY30DEC2527400CE.NFO,2025-12-16,14:43:00,2025-12-30,304.0,306.9,304.0,305.45,455,10010,0
FINNIFTY30DEC2527400CE.NFO,2025-12-16,14:44:00,2025-12-30,305.45,305.45,305.45,305.45,0,10010,0
FINNIFTY30DEC2527400CE.NFO,2025-12-16,14:45:00,2025-12-30,305.45,305.55,305.45,305.55,130,10400,0
FINNIFTY30DEC2527400CE.NFO,2025-12-16,14:46:00,2025-12-30,305.55,305.55,305.55,305.55,0,10400,0
FINNIFTY30DEC2527400CE.NFO,2025-12-16,14:47:00,2025-12-30,305.55,310.0,305.55,309.0,195,10595,0
FINNIFTY30DEC2527400CE.NFO,2025-12-16,14:48:00,2025-12-30,309.0,310.0,308.9,308.9,260,10595,0
FINNIFTY30DEC2527400CE.NFO,2025-12-16,14:49:00,2025-12-30,308.9,308.9,302.4,307.0,1365,10595,0
FINNIFTY30DEC2527400CE.NFO,2025-12-16,14:50:00,2025-12-30,307.0,308.8,306.1,306.1,130,10595,0
FINNIFTY30DEC2527400CE.NFO,2025-12-16,14:51:00,2025-12-30,306.1,311.0,306.1,311.0,585,10140,0
FINNIFTY30DEC2527400CE.NFO,2025-12-16,14:52:00,2025-12-30,311.0,311.05,309.1,309.1,390,10140,0
FINNIFTY30DEC2527400CE.NFO,2025-12-16,14:53:00,2025-12-30,309.1,309.7,309.1,309.7,65,10140,0
FINNIFTY30DEC2527400CE.NFO,2025-12-16,14:54:00,2025-12-30,309.7,309.7,303.0,303.05,260,10790,0
FINNIFTY30DEC2527400CE.NFO,2025-12-16,14:55:00,2025-12-30,303.05,303.05,303.05,303.05,0,10790,0
FINNIFTY30DEC2527400CE.NFO,2025-12-16,14:56:00,2025-12-30,303.05,303.05,303.05,303.05,0,10790,0
FINNIFTY30DEC2527400CE.NFO,2025-12-16,14:57:00,2025-12-30,303.05,305.0,303.05,305.0,65,10725,0
FINNIFTY30DEC2527400CE.NFO,2025-12-16,14:58:00,2025-12-30,305.0,305.0,305.0,305.0,0,10725,0
FINNIFTY30DEC2527400CE.NFO,2025-12-16,14:59:00,2025-12-30,305.0,305.0,305.0,305.0,0,10725,0
FINNIFTY30DEC2527400CE.NFO,2025-12-16,15:00:00,2025-12-30,305.0,308.8,305.0,305.6,780,10725,0
FINNIFTY30DEC2527400CE.NFO,2025-12-16,15:01:00,2025-12-30,305.6,307.8,305.6,306.0,260,10725,0
FINNIFTY30DEC2527400CE.NFO,2025-12-16,15:02:00,2025-12-30,306.0,306.0,306.0,306.0,65,10725,0
FINNIFTY30DEC2527400CE.NFO,2025-12-16,15:03:00,2025-12-30,306.0,311.6,306.0,311.6,65,10335,0
FINNIFTY30DEC2527400CE.NFO,2025-12-16,15:04:00,2025-12-30,311.6,311.6,311.6,311.6,0,10335,0
FINNIFTY30DEC2527400CE.NFO,2025-12-16,15:05:00,2025-12-30,311.6,311.6,296.85,296.85,325,10270,0
FINNIFTY30DEC2527400CE.NFO,2025-12-16,15:06:00,2025-12-30,296.85,298.15,296.85,298.15,65,10270,0
FINNIFTY30DEC2527400CE.NFO,2025-12-16,15:07:00,2025-12-30,298.15,298.15,298.15,298.15,0,10270,0
FINNIFTY30DEC2527400CE.NFO,2025-12-16,15:08:00,2025-12-30,298.15,303.4,298.15,303.4,65,10270,0
FINNIFTY30DEC2527400CE.NFO,2025-12-16,15:09:00,2025-12-30,303.4,303.4,300.0,302.55,130,10205,0
FINNIFTY30DEC2527400CE.NFO,2025-12-16,15:10:00,2025-12-30,302.55,302.55,302.55,302.55,0,10205,0
FINNIFTY30DEC2527400CE.NFO,2025-12-16,15:11:00,2025-12-30,302.55,302.55,302.55,302.55,0,10205,0
FINNIFTY30DEC2527400CE.NFO,2025-12-16,15:12:00,2025-12-30,302.55,302.55,295.0,295.05,195,10270,0
FINNIFTY30DEC2527400CE.NFO,2025-12-16,15:13:00,2025-12-30,295.05,298.85,295.05,296.45,390,10270,0
FINNIFTY30DEC2527400CE.NFO,2025-12-16,15:14:00,2025-12-30,296.45,296.45,295.95,295.95,65,10270,0
FINNIFTY30DEC2527400CE.NFO,2025-12-16,15:15:00,2025-12-30,295.95,296.0,295.95,295.95,130,10270,0
FINNIFTY30DEC2527400CE.NFO,2025-12-16,15:16:00,2025-12-30,295.95,295.95,291.0,291.0,260,10270,0
FINNIFTY30DEC2527400CE.NFO,2025-12-16,15:17:00,2025-12-30,291.0,291.0,291.0,291.0,0,10270,0
FINNIFTY30DEC2527400CE.NFO,2025-12-16,15:18:00,2025-12-30,291.0,291.0,285.25,285.25,455,10075,0
FINNIFTY30DEC2527400CE.NFO,2025-12-16,15:19:00,2025-12-30,285.25,285.25,285.25,285.25,0,10075,0
FINNIFTY30DEC2527400CE.NFO,2025-12-16,15:20:00,2025-12-30,283.9,283.9,280.55,283.9,455,10075,0
FINNIFTY30DEC2527400CE.NFO,2025-12-16,15:21:00,2025-12-30,283.9,283.9,280.0,280.0,1040,10075,0
FINNIFTY30DEC2527400CE.NFO,2025-12-16,15:22:00,2025-12-30,280.0,280.0,275.7,275.8,260,10075,0
FINNIFTY30DEC2527400CE.NFO,2025-12-16,15:23:00,2025-12-30,275.8,280.15,275.8,280.15,260,10075,0
FINNIFTY30DEC2527400CE.NFO,2025-12-16,15:24:00,2025-12-30,280.15,280.15,280.15,280.15,0,10075,0
FINNIFTY30DEC2527400CE.NFO,2025-12-16,15:25:00,2025-12-30,280.15,280.8,279.5,280.4,260,10400,0
FINNIFTY30DEC2527400CE.NFO,2025-12-16,15:26:00,2025-12-30,280.4,280.4,279.25,279.25,195,10400,0
FINNIFTY30DEC2527400CE.NFO,2025-12-16,15:27:00,2025-12-30,279.25,280.8,278.4,280.45,975,10530,0
FINNIFTY30DEC2527400CE.NFO,2025-12-16,15:28:00,2025-12-30,280.45,280.45,272.5,275.65,585,10530,0
FINNIFTY30DEC2527400CE.NFO,2025-12-16,15:29:00,2025-12-30,275.65,275.65,270.0,270.0,325,10530,0
FINNIFTY30DEC2527400CE.NFO,2025-12-16,15:30:00,2025-12-30,270.0,270.0,270.0,270.0,325,10530,1
FINNIFTY30DEC2527400CE.NFO,2025-12-17,09:15:00,2025-12-30,294.6,294.6,274.25,276.2,975,11245,0
FINNIFTY30DEC2527400CE.NFO,2025-12-17,09:16:00,2025-12-30,276.2,285.6,275.65,282.95,1040,10595,0
FINNIFTY30DEC2527400CE.NFO,2025-12-17,09:17:00,2025-12-30,282.95,286.7,275.35,278.3,975,10595,0
FINNIFTY30DEC2527400CE.NFO,2025-12-17,09:18:00,2025-12-30,278.3,290.2,278.3,286.2,845,10595,0
FINNIFTY30DEC2527400CE.NFO,2025-12-17,09:19:00,2025-12-30,286.2,286.2,286.2,286.2,0,10595,0
FINNIFTY30DEC2527400CE.NFO,2025-12-17,09:20:00,2025-12-30,286.2,286.2,280.0,280.0,130,11700,0
FINNIFTY30DEC2527400CE.NFO,2025-12-17,09:21:00,2025-12-30,280.0,289.65,280.0,288.0,845,11700,0
FINNIFTY30DEC2527400CE.NFO,2025-12-17,09:22:00,2025-12-30,288.0,304.2,288.0,299.1,1365,12545,0
FINNIFTY30DEC2527400CE.NFO,2025-12-17,09:23:00,2025-12-30,299.1,299.7,295.0,296.75,2665,12545,0
FINNIFTY30DEC2527400CE.NFO,2025-12-17,09:24:00,2025-12-30,296.75,304.95,296.0,302.15,1300,12545,0
FINNIFTY30DEC2527400CE.NFO,2025-12-17,09:25:00,2025-12-30,302.15,308.2,300.0,300.0,910,15080,0
FINNIFTY30DEC2527400CE.NFO,2025-12-17,09:26:00,2025-12-30,300.0,305.0,300.0,300.0,910,15080,0
FINNIFTY30DEC2527400CE.NFO,2025-12-17,09:27:00,2025-12-30,300.0,300.0,298.55,298.9,195,15080,0
FINNIFTY30DEC2527400CE.NFO,2025-12-17,09:28:00,2025-12-30,295.8,295.8,290.0,290.0,585,14755,0
FINNIFTY30DEC2527400CE.NFO,2025-12-17,09:29:00,2025-12-30,290.0,290.2,280.0,281.0,390,14755,0
FINNIFTY30DEC2527400CE.NFO,2025-12-17,09:30:00,2025-12-30,281.0,281.0,269.55,270.9,1105,14755,0
FINNIFTY30DEC2527400CE.NFO,2025-12-17,09:31:00,2025-12-30,270.9,278.0,270.9,278.0,390,14755,0
FINNIFTY30DEC2527400CE.NFO,2025-12-17,09:32:00,2025-12-30,278.0,288.2,278.0,287.65,1105,14755,0
FINNIFTY30DEC2527400CE.NFO,2025-12-17,09:33:00,2025-12-30,287.65,291.0,287.65,289.05,520,14755,0
FINNIFTY30DEC2527400CE.NFO,2025-12-17,09:34:00,2025-12-30,289.05,298.45,289.05,298.45,390,14950,0
FINNIFTY30DEC2527400CE.NFO,2025-12-17,09:35:00,2025-12-30,298.45,299.25,289.15,289.15,325,14950,0
FINNIFTY30DEC2527400CE.NFO,2025-12-17,09:36:00,2025-12-30,289.15,291.7,289.0,291.7,390,14950,0
FINNIFTY30DEC2527400CE.NFO,2025-12-17,09:37:00,2025-12-30,291.7,293.65,288.45,289.0,520,15535,0
FINNIFTY30DEC2527400CE.NFO,2025-12-17,09:38:00,2025-12-30,289.0,289.0,286.05,286.05,130,15535,0
FINNIFTY30DEC2527400CE.NFO,2025-12-17,09:39:00,2025-12-30,286.05,286.05,281.5,284.25,910,15535,0
FINNIFTY30DEC2527400CE.NFO,2025-12-17,09:40:00,2025-12-30,284.25,285.65,284.25,285.65,455,16315,0
FINNIFTY30DEC2527400CE.NFO,2025-12-17,09:41:00,2025-12-30,285.65,288.2,285.0,286.0,1105,16315,0
FINNIFTY30DEC2527400CE.NFO,2025-12-17,09:42:00,2025-12-30,286.0,286.0,278.0,279.45,650,16315,0
FINNIFTY30DEC2527400CE.NFO,2025-12-17,09:43:00,2025-12-30,279.45,279.8,270.3,270.3,520,16120,0
FINNIFTY30DEC2527400CE.NFO,2025-12-17,09:44:00,2025-12-30,270.3,270.3,262.9,262.9,325,16120,0
FINNIFTY30DEC2527400CE.NFO,2025-12-17,09:45:00,2025-12-30,262.9,265.65,259.95,264.4,2210,16120,0
FINNIFTY30DEC2527400CE.NFO,2025-12-17,09:46:00,2025-12-30,264.4,264.4,263.75,263.75,195,18005,0
FINNIFTY30DEC2527400CE.NFO,2025-12-17,09:47:00,2025-12-30,263.75,263.75,258.0,258.0,325,18005,0
FINNIFTY30DEC2527400CE.NFO,2025-12-17,09:48:00,2025-12-30,258.0,258.0,246.0,248.6,3250,18005,0
FINNIFTY30DEC2527400CE.NFO,2025-12-17,09:49:00,2025-12-30,248.6,255.5,248.6,250.5,910,19890,0
FINNIFTY30DEC2527400CE.NFO,2025-12-17,09:50:00,2025-12-30,250.5,250.5,249.6,249.6,130,19890,0
FINNIFTY30DEC2527400CE.NFO,2025-12-17,09:51:00,2025-12-30,249.6,251.2,249.15,249.15,325,19890,0
FINNIFTY30DEC2527400CE.NFO,2025-12-17,09:52:00,2025-12-30,249.15,249.15,245.6,245.65,390,20020,0
FINNIFTY30DEC2527400CE.NFO,2025-12-17,09:53:00,2025-12-30,245.65,245.65,245.65,245.65,260,20020,0
FINNIFTY30DEC2527400CE.NFO,2025-12-17,09:54:00,2025-12-30,245.65,250.65,245.65,250.65,65,20020,0
FINNIFTY30DEC2527400CE.NFO,2025-12-17,09:55:00,2025-12-30,250.65,250.65,249.55,249.55,130,19760,0
FINNIFTY30DEC2527400CE.NFO,2025-12-17,09:56:00,2025-12-30,249.55,254.55,249.55,254.55,65,19760,0
FINNIFTY30DEC2527400CE.NFO,2025-12-17,09:57:00,2025-12-30,257.55,257.65,257.55,257.65,585,19760,0
FINNIFTY30DEC2527400CE.NFO,2025-12-17,09:58:00,2025-12-30,257.65,257.65,254.05,254.05,325,20345,0
FINNIFTY30DEC2527400CE.NFO,2025-12-17,09:59:00,2025-12-30,254.05,262.0,252.95,252.95,325,20345,0
FINNIFTY30DEC2527400CE.NFO,2025-12-17,10:00:00,2025-12-30,252.95,252.95,249.35,249.35,260,20345,0
FINNIFTY30DEC2527400CE.NFO,2025-12-17,10:01:00,2025-12-30,249.35,249.35,245.7,245.9,195,20930,0
FINNIFTY30DEC2527400CE.NFO,2025-12-17,10:02:00,2025-12-30,245.9,247.5,245.9,247.5,130,20930,0
FINNIFTY30DEC2527400CE.NFO,2025-12-17,10:03:00,2025-12-30,247.5,247.5,243.2,244.9,390,20930,0
FINNIFTY30DEC2527400CE.NFO,2025-12-17,10:04:00,2025-12-30,244.9,244.9,241.65,241.65,65,20800,0
FINNIFTY30DEC2527400CE.NFO,2025-12-17,10:05:00,2025-12-30,241.65,241.65,239.8,241.4,130,20800,0
FINNIFTY30DEC2527400CE.NFO,2025-12-17,10:06:00,2025-12-30,241.4,241.4,229.65,229.65,1365,20800,0
FINNIFTY30DEC2527400CE.NFO,2025-12-17,10:07:00,2025-12-30,229.65,233.45,229.65,233.45,780,21385,0
FINNIFTY30DEC2527400CE.NFO,2025-12-17,10:08:00,2025-12-30,233.45,234.95,232.5,234.4,975,21385,0
FINNIFTY30DEC2527400CE.NFO,2025-12-17,10:09:00,2025-12-30,234.4,239.2,234.4,239.2,195,21385,0
FINNIFTY30DEC2527400CE.NFO,2025-12-17,10:10:00,2025-12-30,239.2,239.2,234.0,234.0,130,22425,0
FINNIFTY30DEC2527400CE.NFO,2025-12-17,10:11:00,2025-12-30,234.0,234.35,231.95,231.95,325,22425,0
FINNIFTY30DEC2527400CE.NFO,2025-12-17,10:12:00,2025-12-30,231.95,237.55,231.95,237.55,390,22425,0
FINNIFTY30DEC2527400CE.NFO,2025-12-17,10:13:00,2025-12-30,237.55,239.75,237.55,239.6,195,22360,0
FINNIFTY30DEC2527400CE.NFO,2025-12-17,10:14:00,2025-12-30,239.6,239.6,236.95,236.95,195,22360,0
FINNIFTY30DEC2527400CE.NFO,2025-12-17,10:15:00,2025-12-30,236.95,236.95,233.3,233.3,130,22360,0
FINNIFTY30DEC2527400CE.NFO,2025-12-17,10:16:00,2025-12-30,233.3,235.3,232.3,235.3,390,22360,0
FINNIFTY30DEC2527400CE.NFO,2025-12-17,10:17:00,2025-12-30,235.3,235.3,232.4,232.4,65,22360,0
FINNIFTY30DEC2527400CE.NFO,2025-12-17,10:18:00,2025-12-30,233.25,240.5,233.25,240.5,0,22360,0
FINNIFTY30DEC2527400CE.NFO,2025-12-17,10:19:00,2025-12-30,240.5,244.1,240.5,244.1,390,22425,0
FINNIFTY30DEC2527400CE.NFO,2025-12-17,10:20:00,2025-12-30,244.1,244.1,241.5,241.5,65,22425,0
FINNIFTY30DEC2527400CE.NFO,2025-12-17,10:21:00,2025-12-30,241.5,241.5,237.75,237.75,130,22425,0
FINNIFTY30DEC2527400CE.NFO,2025-12-17,10:22:00,2025-12-30,237.75,237.75,237.75,237.75,0,22425,0
FINNIFTY30DEC2527400CE.NFO,2025-12-17,10:23:00,2025-12-30,237.75,237.75,232.55,232.55,1300,22425,0
FINNIFTY30DEC2527400CE.NFO,2025-12-17,10:24:00,2025-12-30,232.55,232.55,230.0,230.0,195,22425,0
FINNIFTY30DEC2527400CE.NFO,2025-12-17,10:25:00,2025-12-30,230.0,230.3,226.6,230.3,130,21645,0
FINNIFTY30DEC2527400CE.NFO,2025-12-17,10:26:00,2025-12-30,230.3,234.75,230.3,234.75,910,21645,0
FINNIFTY30DEC2527400CE.NFO,2025-12-17,10:27:00,2025-12-30,234.75,234.75,230.0,230.0,1040,21645,0
FINNIFTY30DEC2527400CE.NFO,2025-12-17,10:28:00,2025-12-30,230.0,230.0,230.0,230.0,0,21645,0
FINNIFTY30DEC2527400CE.NFO,2025-12-17,10:29:00,2025-12-30,230.0,230.0,220.0,223.0,1300,22295,0
FINNIFTY30DEC2527400CE.NFO,2025-12-17,10:30:00,2025-12-30,223.0,223.0,219.55,219.55,260,22295,0
FINNIFTY30DEC2527400CE.NFO,2025-12-17,10:31:00,2025-12-30,219.55,219.55,219.55,219.55,65,22295,0
FINNIFTY30DEC2527400CE.NFO,2025-12-17,10:32:00,2025-12-30,219.55,223.6,219.3,223.6,130,22295,0
FINNIFTY30DEC2527400CE.NFO,2025-12-17,10:33:00,2025-12-30,223.6,225.0,223.6,225.0,130,22295,0
FINNIFTY30DEC2527400CE.NFO,2025-12-17,10:34:00,2025-12-30,225.0,228.0,225.0,228.0,260,22295,0
FINNIFTY30DEC2527400CE.NFO,2025-12-17,10:35:00,2025-12-30,228.0,228.0,223.2,223.2,65,22100,0
FINNIFTY30DEC2527400CE.NFO,2025-12-17,10:36:00,2025-12-30,223.2,223.2,220.6,220.6,65,22100,0
FINNIFTY30DEC2527400CE.NFO,2025-12-17,10:37:00,2025-12-30,220.6,220.6,220.6,220.6,0,22100,0
FINNIFTY30DEC2527400CE.NFO,2025-12-17,10:38:00,2025-12-30,220.6,224.4,220.6,224.0,130,22165,0
FINNIFTY30DEC2527400CE.NFO,2025-12-17,10:39:00,2025-12-30,224.0,225.3,222.0,223.95,325,22165,0
FINNIFTY30DEC2527400CE.NFO,2025-12-17,10:40:00,2025-12-30,223.95,224.45,223.5,223.5,195,22165,0
FINNIFTY30DEC2527400CE.NFO,2025-12-17,10:41:00,2025-12-30,223.5,223.8,223.5,223.8,65,22165,0
FINNIFTY30DEC2527400CE.NFO,2025-12-17,10:42:00,2025-12-30,223.8,225.65,223.8,225.3,585,22165,0
FINNIFTY30DEC2527400CE.NFO,2025-12-17,10:43:00,2025-12-30,225.3,231.5,225.3,231.5,455,22295,0
FINNIFTY30DEC2527400CE.NFO,2025-12-17,10:44:00,2025-12-30,231.5,231.5,226.25,228.05,325,22295,0
FINNIFTY30DEC2527400CE.NFO,2025-12-17,10:45:00,2025-12-30,228.05,228.05,222.85,224.95,780,22295,0
FINNIFTY30DEC2527400CE.NFO,2025-12-17,10:46:00,2025-12-30,224.95,229.45,224.95,229.45,650,23270,0
FINNIFTY30DEC2527400CE.NFO,2025-12-17,10:47:00,2025-12-30,229.45,234.2,229.45,234.2,130,23270,0
FINNIFTY30DEC2527400CE.NFO,2025-12-17,10:48:00,2025-12-30,234.2,234.2,234.2,234.2,650,23270,0
FINNIFTY30DEC2527400CE.NFO,2025-12-17,10:49:00,2025-12-30,233.1,233.4,232.15,232.15,195,23465,0
FINNIFTY30DEC2527400CE.NFO,2025-12-17,10:50:00,2025-12-30,232.15,235.65,232.15,235.65,130,23465,0
FINNIFTY30DEC2527400CE.NFO,2025-12-17,10:51:00,2025-12-30,235.65,235.65,233.55,233.55,65,23465,0
FINNIFTY30DEC2527400CE.NFO,2025-12-17,10:52:00,2025-12-30,233.55,233.55,233.55,233.55,0,23465,0
FINNIFTY30DEC2527400CE.NFO,2025-12-17,10:53:00,2025-12-30,233.55,233.55,233.55,233.55,0,23465,0
FINNIFTY30DEC2527400CE.NFO,2025-12-17,10:54:00,2025-12-30,233.55,234.85,233.55,234.85,65,23465,0
FINNIFTY30DEC2527400CE.NFO,2025-12-17,10:55:00,2025-12-30,234.85,234.85,226.3,226.5,260,23660,0
FINNIFTY30DEC2527400CE.NFO,2025-12-17,10:56:00,2025-12-30,226.5,228.1,226.5,228.05,260,23660,0
FINNIFTY30DEC2527400CE.NFO,2025-12-17,10:57:00,2025-12-30,228.0,228.15,223.3,226.95,910,23660,0
FINNIFTY30DEC2527400CE.NFO,2025-12-17,10:58:00,2025-12-30,226.95,229.95,226.75,229.95,130,24115,0
FINNIFTY30DEC2527400CE.NFO,2025-12-17,10:59:00,2025-12-30,229.95,230.8,228.25,230.8,780,24115,0
FINNIFTY30DEC2527400CE.NFO,2025-12-17,11:00:00,2025-12-30,230.8,230.8,230.8,230.8,0,24115,0
FINNIFTY30DEC2527400CE.NFO,2025-12-17,11:01:00,2025-12-30,230.8,232.65,230.8,232.65,130,24115,0
FINNIFTY30DEC2527400CE.NFO,2025-12-17,11:02:00,2025-12-30,232.65,233.5,232.65,233.5,195,24180,0
FINNIFTY30DEC2527400CE.NFO,2025-12-17,11:03:00,2025-12-30,233.5,233.5,230.1,230.1,65,24180,0
FINNIFTY30DEC2527400CE.NFO,2025-12-17,11:04:00,2025-12-30,230.1,230.1,230.1,230.1,0,24180,0
FINNIFTY30DEC2527400CE.NFO,2025-12-17,11:05:00,2025-12-30,230.1,230.1,230.1,230.1,0,24180,0
FINNIFTY30DEC2527400CE.NFO,2025-12-17,11:06:00,2025-12-30,230.1,230.1,230.1,230.1,0,24180,0
FINNIFTY30DEC2527400CE.NFO,2025-12-17,11:07:00,2025-12-30,230.1,230.1,230.1,230.1,0,24180,0
FINNIFTY30DEC2527400CE.NFO,2025-12-17,11:08:00,2025-12-30,230.1,234.7,230.1,234.7,65,24180,0
FINNIFTY30DEC2527400CE.NFO,2025-12-17,11:09:00,2025-12-30,234.7,234.7,234.7,234.7,0,24180,0
FINNIFTY30DEC2527400CE.NFO,2025-12-17,11:10:00,2025-12-30,234.7,235.2,234.4,235.2,65,24180,0
FINNIFTY30DEC2527400CE.NFO,2025-12-17,11:11:00,2025-12-30,235.2,235.2,235.2,235.2,130,24180,0
FINNIFTY30DEC2527400CE.NFO,2025-12-17,11:12:00,2025-12-30,235.2,235.2,235.2,235.2,0,24180,0
FINNIFTY30DEC2527400CE.NFO,2025-12-17,11:13:00,2025-12-30,235.2,235.2,230.9,230.9,130,24180,0
FINNIFTY30DEC2527400CE.NFO,2025-12-17,11:14:00,2025-12-30,230.9,237.6,230.9,237.6,715,24310,0
FINNIFTY30DEC2527400CE.NFO,2025-12-17,11:15:00,2025-12-30,237.6,243.1,237.6,241.7,715,24310,0
FINNIFTY30DEC2527400CE.NFO,2025-12-17,11:16:00,2025-12-30,241.7,242.15,241.7,242.15,780,24180,0
FINNIFTY30DEC2527400CE.NFO,2025-12-17,11:17:00,2025-12-30,242.15,242.15,238.95,238.95,650,24180,0
FINNIFTY30DEC2527400CE.NFO,2025-12-17,11:18:00,2025-12-30,238.95,244.25,237.1,237.1,780,24180,0
FINNIFTY30DEC2527400CE.NFO,2025-12-17,11:19:00,2025-12-30,237.1,238.0,234.25,234.25,1300,23725,0
FINNIFTY30DEC2527400CE.NFO,2025-12-17,11:20:00,2025-12-30,234.25,234.25,227.7,227.7,65,23725,0
FINNIFTY30DEC2527400CE.NFO,2025-12-17,11:21:00,2025-12-30,227.7,230.45,227.7,230.35,650,23725,0
FINNIFTY30DEC2527400CE.NFO,2025-12-17,11:22:00,2025-12-30,230.35,232.5,230.35,232.5,130,24180,0
FINNIFTY30DEC2527400CE.NFO,2025-12-17,11:23:00,2025-12-30,232.5,232.5,227.7,229.1,585,24180,0
FINNIFTY30DEC2527400CE.NFO,2025-12-17,11:24:00,2025-12-30,229.1,231.5,227.7,231.5,455,24180,0
FINNIFTY30DEC2527400CE.NFO,2025-12-17,11:25:00,2025-12-30,231.5,231.5,224.7,224.7,390,25025,0
FINNIFTY30DEC2527400CE.NFO,2025-12-17,11:26:00,2025-12-30,224.7,224.7,224.7,224.7,0,25025,0
FINNIFTY30DEC2527400CE.NFO,2025-12-17,11:27:00,2025-12-30,224.7,224.7,224.0,224.3,520,25025,0
FINNIFTY30DEC2527400CE.NFO,2025-12-17,11:28:00,2025-12-30,224.3,224.3,222.9,222.9,130,25025,0
FINNIFTY30DEC2527400CE.NFO,2025-12-17,11:29:00,2025-12-30,222.9,222.9,222.9,222.9,0,25025,0
FINNIFTY30DEC2527400CE.NFO,2025-12-17,11:30:00,2025-12-30,222.9,222.9,222.9,222.9,0,25025,0
FINNIFTY30DEC2527400CE.NFO,2025-12-17,11:31:00,2025-12-30,222.9,229.55,222.9,229.55,65,25285,0
FINNIFTY30DEC2527400CE.NFO,2025-12-17,11:32:00,2025-12-30,229.55,229.55,229.55,229.55,0,25285,0
FINNIFTY30DEC2527400CE.NFO,2025-12-17,11:33:00,2025-12-30,229.55,229.55,227.4,227.4,65,25285,0
FINNIFTY30DEC2527400CE.NFO,2025-12-17,11:34:00,2025-12-30,227.4,227.4,227.4,227.4,0,25285,0
FINNIFTY30DEC2527400CE.NFO,2025-12-17,11:35:00,2025-12-30,227.4,227.4,227.4,227.4,0,25285,0
FINNIFTY30DEC2527400CE.NFO,2025-12-17,11:36:00,2025-12-30,227.4,227.4,227.4,227.4,0,25285,0
FINNIFTY30DEC2527400CE.NFO,2025-12-17,11:37:00,2025-12-30,227.4,227.6,227.4,227.6,65,25350,0
FINNIFTY30DEC2527400CE.NFO,2025-12-17,11:38:00,2025-12-30,227.6,227.6,227.6,227.6,0,25350,0
FINNIFTY30DEC2527400CE.NFO,2025-12-17,11:39:00,2025-12-30,227.6,227.6,227.6,227.6,0,25350,0
FINNIFTY30DEC2527400CE.NFO,2025-12-17,11:40:00,2025-12-30,227.6,231.2,227.6,231.2,130,25415,0
FINNIFTY30DEC2527400CE.NFO,2025-12-17,11:41:00,2025-12-30,231.2,231.2,231.2,231.2,0,25415,0
FINNIFTY30DEC2527400CE.NFO,2025-12-17,11:42:00,2025-12-30,231.2,233.7,231.2,233.7,65,25480,0
FINNIFTY30DEC2527400CE.NFO,2025-12-17,11:43:00,2025-12-30,233.7,233.7,233.7,233.7,0,25480,0
FINNIFTY30DEC2527400CE.NFO,2025-12-17,11:44:00,2025-12-30,233.7,233.7,233.7,233.7,0,25480,0
FINNIFTY30DEC2527400CE.NFO,2025-12-17,11:45:00,2025-12-30,233.7,233.7,227.85,227.85,1235,25480,0
FINNIFTY30DEC2527400CE.NFO,2025-12-17,11:46:00,2025-12-30,227.85,234.8,227.85,234.8,390,25480,0
FINNIFTY30DEC2527400CE.NFO,2025-12-17,11:47:00,2025-12-30,234.8,234.8,234.8,234.8,0,25480,0
FINNIFTY30DEC2527400CE.NFO,2025-12-17,11:48:00,2025-12-30,234.8,234.8,233.45,233.45,130,24375,0
FINNIFTY30DEC2527400CE.NFO,2025-12-17,11:49:00,2025-12-30,233.45,233.45,233.45,233.45,0,24375,0
FINNIFTY30DEC2527400CE.NFO,2025-12-17,11:50:00,2025-12-30,233.45,233.45,233.45,233.45,0,24375,0
FINNIFTY30DEC2527400CE.NFO,2025-12-17,11:51:00,2025-12-30,233.45,236.0,233.45,233.45,650,24310,0
FINNIFTY30DEC2527400CE.NFO,2025-12-17,11:52:00,2025-12-30,233.45,233.45,230.25,230.25,260,24505,0
FINNIFTY30DEC2527400CE.NFO,2025-12-17,11:53:00,2025-12-30,230.25,230.25,230.25,230.25,0,24505,0
FINNIFTY30DEC2527400CE.NFO,2025-12-17,11:54:00,2025-12-30,230.25,231.95,227.2,227.2,130,24505,0
FINNIFTY30DEC2527400CE.NFO,2025-12-17,11:55:00,2025-12-30,227.2,227.2,224.85,226.75,520,24505,0
FINNIFTY30DEC2527400CE.NFO,2025-12-17,11:56:00,2025-12-30,226.75,226.75,222.6,222.6,65,24570,0
FINNIFTY30DEC2527400CE.NFO,2025-12-17,11:57:00,2025-12-30,222.6,222.6,222.6,222.6,0,24570,0
FINNIFTY30DEC2527400CE.NFO,2025-12-17,11:58:00,2025-12-30,222.6,222.6,222.6,222.6,130,24570,0
FINNIFTY30DEC2527400CE.NFO,2025-12-17,11:59:00,2025-12-30,222.6,222.6,218.2,218.2,260,24440,0
FINNIFTY30DEC2527400CE.NFO,2025-12-17,12:00:00,2025-12-30,218.2,218.2,213.4,213.4,130,24440,0
FINNIFTY30DEC2527400CE.NFO,2025-12-17,12:01:00,2025-12-30,213.4,213.4,213.4,213.4,0,24440,0
FINNIFTY30DEC2527400CE.NFO,2025-12-17,12:02:00,2025-12-30,213.4,213.4,205.0,205.0,195,24700,0
FINNIFTY30DEC2527400CE.NFO,2025-12-17,12:03:00,2025-12-30,205.0,210.15,205.0,210.15,130,24700,0
FINNIFTY30DEC2527400CE.NFO,2025-12-17,12:04:00,2025-12-30,210.15,210.15,208.15,209.9,130,24700,0
FINNIFTY30DEC2527400CE.NFO,2025-12-17,12:05:00,2025-12-30,209.9,210.15,209.9,210.15,65,24765,0
FINNIFTY30DEC2527400CE.NFO,2025-12-17,12:06:00,2025-12-30,210.15,210.15,209.2,209.2,65,24765,0
FINNIFTY30DEC2527400CE.NFO,2025-12-17,12:07:00,2025-12-30,209.2,209.6,208.35,208.35,715,24765,0
FINNIFTY30DEC2527400CE.NFO,2025-12-17,12:08:00,2025-12-30,208.35,208.35,208.35,208.35,0,24765,0
FINNIFTY30DEC2527400CE.NFO,2025-12-17,12:09:00,2025-12-30,208.35,208.35,208.35,208.35,0,24765,0
FINNIFTY30DEC2527400CE.NFO,2025-12-17,12:10:00,2025-12-30,208.35,208.35,208.35,208.35,0,24765,0
FINNIFTY30DEC2527400CE.NFO,2025-12-17,12:11:00,2025-12-30,208.35,213.5,208.35,213.5,65,25155,0
FINNIFTY30DEC2527400CE.NFO,2025-12-17,12:12:00,2025-12-30,213.5,213.5,213.5,213.5,0,25155,0
FINNIFTY30DEC2527400CE.NFO,2025-12-17,12:13:00,2025-12-30,213.5,213.5,210.45,210.45,650,25155,0
FINNIFTY30DEC2527400CE.NFO,2025-12-17,12:14:00,2025-12-30,210.45,210.45,209.0,209.0,65,25610,0
FINNIFTY30DEC2527400CE.NFO,2025-12-17,12:15:00,2025-12-30,209.0,209.0,206.05,206.05,130,25610,0
FINNIFTY30DEC2527400CE.NFO,2025-12-17,12:16:00,2025-12-30,206.05,207.75,206.05,207.75,130,25610,0
FINNIFTY30DEC2527400CE.NFO,2025-12-17,12:17:00,2025-12-30,207.75,207.75,206.45,206.45,130,25675,0
FINNIFTY30DEC2527400CE.NFO,2025-12-17,12:18:00,2025-12-30,206.45,206.45,206.45,206.45,0,25675,0
FINNIFTY30DEC2527400CE.NFO,2025-12-17,12:19:00,2025-12-30,206.45,206.45,205.7,205.7,195,25675,0
FINNIFTY30DEC2527400CE.NFO,2025-12-17,12:20:00,2025-12-30,205.7,206.5,205.0,205.0,130,25740,0
FINNIFTY30DEC2527400CE.NFO,2025-12-17,12:21:00,2025-12-30,205.0,205.0,205.0,205.0,0,25740,0
FINNIFTY30DEC2527400CE.NFO,2025-12-17,12:22:00,2025-12-30,205.0,205.0,205.0,205.0,0,25740,0
FINNIFTY30DEC2527400CE.NFO,2025-12-17,12:23:00,2025-12-30,205.0,205.0,201.7,201.7,585,25740,0
FINNIFTY30DEC2527400CE.NFO,2025-12-17,12:24:00,2025-12-30,201.7,201.7,197.3,197.3,195,25805,0
FINNIFTY30DEC2527400CE.NFO,2025-12-17,12:25:00,2025-12-30,197.3,201.2,197.3,201.2,65,25805,0
FINNIFTY30DEC2527400CE.NFO,2025-12-17,12:26:00,2025-12-30,201.2,201.2,201.2,201.2,0,25805,0
FINNIFTY30DEC2527400CE.NFO,2025-12-17,12:27:00,2025-12-30,201.2,201.2,193.2,193.2,260,25740,0
FINNIFTY30DEC2527400CE.NFO,2025-12-17,12:28:00,2025-12-30,193.2,193.7,193.2,193.7,65,25740,0
FINNIFTY30DEC2527400CE.NFO,2025-12-17,12:29:00,2025-12-30,193.7,194.5,193.7,194.5,195,25805,0
FINNIFTY30DEC2527400CE.NFO,2025-12-17,12:30:00,2025-12-30,194.5,195.55,194.5,195.55,65,25805,0
FINNIFTY30DEC2527400CE.NFO,2025-12-17,12:31:00,2025-12-30,195.55,196.55,195.55,196.2,130,25805,0
FINNIFTY30DEC2527400CE.NFO,2025-12-17,12:32:00,2025-12-30,196.2,196.2,196.2,196.2,65,25935,0
FINNIFTY30DEC2527400CE.NFO,2025-12-17,12:33:00,2025-12-30,196.2,196.2,192.15,192.15,65,25935,0
FINNIFTY30DEC2527400CE.NFO,2025-12-17,12:34:00,2025-12-30,192.15,192.15,192.15,192.15,0,25935,0
FINNIFTY30DEC2527400CE.NFO,2025-12-17,12:35:00,2025-12-30,192.15,198.65,192.15,198.65,65,25870,0
FINNIFTY30DEC2527400CE.NFO,2025-12-17,12:36:00,2025-12-30,198.65,198.65,198.65,198.65,0,25870,0
FINNIFTY30DEC2527400CE.NFO,2025-12-17,12:37:00,2025-12-30,198.65,198.65,198.65,198.65,0,25870,0
FINNIFTY30DEC2527400CE.NFO,2025-12-17,12:38:00,2025-12-30,198.65,198.65,198.65,198.65,0,25870,0
FINNIFTY30DEC2527400CE.NFO,2025-12-17,12:39:00,2025-12-30,198.65,198.65,195.75,195.75,130,25870,0
FINNIFTY30DEC2527400CE.NFO,2025-12-17,12:40:00,2025-12-30,195.75,196.2,195.0,195.0,130,25870,0
FINNIFTY30DEC2527400CE.NFO,2025-12-17,12:41:00,2025-12-30,195.0,195.0,193.1,194.2,455,26065,0
FINNIFTY30DEC2527400CE.NFO,2025-12-17,12:42:00,2025-12-30,194.2,194.2,194.2,194.2,0,26065,0
FINNIFTY30DEC2527400CE.NFO,2025-12-17,12:43:00,2025-12-30,194.2,194.2,192.2,192.2,65,26065,0
FINNIFTY30DEC2527400CE.NFO,2025-12-17,12:44:00,2025-12-30,192.2,198.8,192.2,198.8,260,26325,0
FINNIFTY30DEC2527400CE.NFO,2025-12-17,12:45:00,2025-12-30,198.8,199.0,198.0,198.0,130,26325,0
FINNIFTY30DEC2527400CE.NFO,2025-12-17,12:46:00,2025-12-30,198.0,198.0,198.0,198.0,0,26325,0
FINNIFTY30DEC2527400CE.NFO,2025-12-17,12:47:00,2025-12-30,198.0,198.0,198.0,198.0,0,26325,0
FINNIFTY30DEC2527400CE.NFO,2025-12-17,12:48:00,2025-12-30,198.0,198.0,198.0,198.0,65,26390,0
FINNIFTY30DEC2527400CE.NFO,2025-12-17,12:49:00,2025-12-30,198.0,198.0,198.0,198.0,0,26390,0
FINNIFTY30DEC2527400CE.NFO,2025-12-17,12:50:00,2025-12-30,198.0,198.0,198.0,198.0,0,26390,0
FINNIFTY30DEC2527400CE.NFO,2025-12-17,12:51:00,2025-12-30,198.0,200.5,198.0,199.8,715,26390,0
FINNIFTY30DEC2527400CE.NFO,2025-12-17,12:52:00,2025-12-30,199.8,199.8,199.8,199.8,0,26390,0
FINNIFTY30DEC2527400CE.NFO,2025-12-17,12:53:00,2025-12-30,199.8,199.8,185.45,188.45,2275,26845,0
FINNIFTY30DEC2527400CE.NFO,2025-12-17,12:54:00,2025-12-30,188.95,189.35,185.75,186.65,2080,26845,0
FINNIFTY30DEC2527400CE.NFO,2025-12-17,12:55:00,2025-12-30,186.65,186.65,182.0,182.0,130,26845,0
FINNIFTY30DEC2527400CE.NFO,2025-12-17,12:56:00,2025-12-30,182.0,184.9,182.0,184.9,195,26195,0
FINNIFTY30DEC2527400CE.NFO,2025-12-17,12:57:00,2025-12-30,184.9,184.9,184.9,184.9,0,26195,0
FINNIFTY30DEC2527400CE.NFO,2025-12-17,12:58:00,2025-12-30,184.9,185.7,184.9,185.4,260,26195,0
FINNIFTY30DEC2527400CE.NFO,2025-12-17,12:59:00,2025-12-30,185.4,188.55,185.4,186.6,780,26390,0
FINNIFTY30DEC2527400CE.NFO,2025-12-17,13:00:00,2025-12-30,186.6,186.6,186.6,186.6,0,26390,0
FINNIFTY30DEC2527400CE.NFO,2025-12-17,13:01:00,2025-12-30,186.6,186.6,184.35,184.35,65,26390,0
FINNIFTY30DEC2527400CE.NFO,2025-12-17,13:02:00,2025-12-30,184.35,184.35,183.8,183.8,65,26520,0
FINNIFTY30DEC2527400CE.NFO,2025-12-17,13:03:00,2025-12-30,183.8,183.8,183.05,183.05,650,26520,0
FINNIFTY30DEC2527400CE.NFO,2025-12-17,13:04:00,2025-12-30,183.05,183.05,183.05,183.05,0,26520,0
FINNIFTY30DEC2527400CE.NFO,2025-12-17,13:05:00,2025-12-30,183.05,191.25,183.05,191.25,455,26845,0
FINNIFTY30DEC2527400CE.NFO,2025-12-17,13:06:00,2025-12-30,191.25,191.25,191.25,191.25,0,26845,0
FINNIFTY30DEC2527400CE.NFO,2025-12-17,13:07:00,2025-12-30,191.25,191.25,191.25,191.25,0,26845,0
FINNIFTY30DEC2527400CE.NFO,2025-12-17,13:08:00,2025-12-30,191.25,191.25,188.4,188.4,195,26910,0
FINNIFTY30DEC2527400CE.NFO,2025-12-17,13:09:00,2025-12-30,188.4,189.2,185.3,185.3,455,26910,0
FINNIFTY30DEC2527400CE.NFO,2025-12-17,13:10:00,2025-12-30,185.3,185.3,183.45,184.75,195,26910,0
FINNIFTY30DEC2527400CE.NFO,2025-12-17,13:11:00,2025-12-30,184.75,189.0,184.75,189.0,260,27105,0
FINNIFTY30DEC2527400CE.NFO,2025-12-17,13:12:00,2025-12-30,189.0,189.0,188.2,188.2,130,27105,0
FINNIFTY30DEC2527400CE.NFO,2025-12-17,13:13:00,2025-12-30,188.2,188.65,186.4,188.65,780,27105,0
FINNIFTY30DEC2527400CE.NFO,2025-12-17,13:14:00,2025-12-30,188.65,188.65,188.65,188.65,0,27105,0
FINNIFTY30DEC2527400CE.NFO,2025-12-17,13:15:00,2025-12-30,188.65,188.65,188.65,188.65,0,27105,0
FINNIFTY30DEC2527400CE.NFO,2025-12-17,13:16:00,2025-12-30,188.65,188.65,187.35,187.35,130,27495,0
FINNIFTY30DEC2527400CE.NFO,2025-12-17,13:17:00,2025-12-30,187.35,187.7,187.35,187.45,325,27495,0
FINNIFTY30DEC2527400CE.NFO,2025-12-17,13:18:00,2025-12-30,187.45,191.0,187.45,190.8,455,27495,0
FINNIFTY30DEC2527400CE.NFO,2025-12-17,13:19:00,2025-12-30,190.8,192.5,190.8,192.5,130,27495,0
FINNIFTY30DEC2527400CE.NFO,2025-12-17,13:20:00,2025-12-30,190.7,190.7,188.45,189.5,650,27690,0
FINNIFTY30DEC2527400CE.NFO,2025-12-17,13:21:00,2025-12-30,189.5,189.5,189.5,189.5,0,27690,0
FINNIFTY30DEC2527400CE.NFO,2025-12-17,13:22:00,2025-12-30,189.5,192.5,189.5,190.8,585,27690,0
FINNIFTY30DEC2527400CE.NFO,2025-12-17,13:23:00,2025-12-30,190.8,190.8,190.8,190.8,0,27690,0
FINNIFTY30DEC2527400CE.NFO,2025-12-17,13:24:00,2025-12-30,190.8,193.2,190.8,193.2,325,27495,0
FINNIFTY30DEC2527400CE.NFO,2025-12-17,13:25:00,2025-12-30,193.2,193.2,193.2,193.2,0,27495,0
FINNIFTY30DEC2527400CE.NFO,2025-12-17,13:26:00,2025-12-30,193.2,194.1,193.2,194.1,65,27495,0
FINNIFTY30DEC2527400CE.NFO,2025-12-17,13:27:00,2025-12-30,194.1,196.3,194.1,194.7,130,27495,0
FINNIFTY30DEC2527400CE.NFO,2025-12-17,13:28:00,2025-12-30,194.7,194.7,193.1,193.1,65,27495,0
FINNIFTY30DEC2527400CE.NFO,2025-12-17,13:29:00,2025-12-30,193.1,193.1,190.8,190.8,65,27495,0
FINNIFTY30DEC2527400CE.NFO,2025-12-17,13:30:00,2025-12-30,190.8,193.05,188.55,188.55,715,27300,0
FINNIFTY30DEC2527400CE.NFO,2025-12-17,13:31:00,2025-12-30,188.55,188.8,188.05,188.5,195,27300,0
FINNIFTY30DEC2527400CE.NFO,2025-12-17,13:32:00,2025-12-30,188.5,188.75,188.5,188.75,65,27170,0
FINNIFTY30DEC2527400CE.NFO,2025-12-17,13:33:00,2025-12-30,188.75,188.75,188.75,188.75,0,27170,0
FINNIFTY30DEC2527400CE.NFO,2025-12-17,13:34:00,2025-12-30,188.75,188.75,186.2,186.2,195,27170,0
FINNIFTY30DEC2527400CE.NFO,2025-12-17,13:35:00,2025-12-30,186.2,186.6,183.7,183.7,1105,27105,0
FINNIFTY30DEC2527400CE.NFO,2025-12-17,13:36:00,2025-12-30,183.7,183.7,181.9,181.9,130,27105,0
FINNIFTY30DEC2527400CE.NFO,2025-12-17,13:37:00,2025-12-30,181.9,185.25,181.9,184.0,455,27105,0
FINNIFTY30DEC2527400CE.NFO,2025-12-17,13:38:00,2025-12-30,184.0,184.0,182.0,182.0,65,27105,0
FINNIFTY30DEC2527400CE.NFO,2025-12-17,13:39:00,2025-12-30,182.0,182.0,181.0,181.0,715,27950,0
FINNIFTY30DEC2527400CE.NFO,2025-12-17,13:40:00,2025-12-30,181.0,182.45,180.45,182.45,130,27950,0
FINNIFTY30DEC2527400CE.NFO,2025-12-17,13:41:00,2025-12-30,182.45,182.85,182.45,182.85,130,27950,0
FINNIFTY30DEC2527400CE.NFO,2025-12-17,13:42:00,2025-12-30,182.85,182.85,173.7,173.7,390,28405,0
FINNIFTY30DEC2527400CE.NFO,2025-12-17,13:43:00,2025-12-30,173.7,173.7,173.7,173.7,0,28405,0
FINNIFTY30DEC2527400CE.NFO,2025-12-17,13:44:00,2025-12-30,173.7,179.1,173.7,179.1,1365,28665,0
FINNIFTY30DEC2527400CE.NFO,2025-12-17,13:45:00,2025-12-30,179.1,180.0,177.8,178.25,585,28665,0
FINNIFTY30DEC2527400CE.NFO,2025-12-17,13:46:00,2025-12-30,178.25,182.0,177.0,180.65,520,28665,0
FINNIFTY30DEC2527400CE.NFO,2025-12-17,13:47:00,2025-12-30,180.65,180.65,180.65,180.65,65,28665,0
FINNIFTY30DEC2527400CE.NFO,2025-12-17,13:48:00,2025-12-30,180.65,181.2,180.65,181.2,65,28925,0
FINNIFTY30DEC2527400CE.NFO,2025-12-17,13:49:00,2025-12-30,181.2,181.2,178.65,178.65,975,28925,0
FINNIFTY30DEC2527400CE.NFO,2025-12-17,13:50:00,2025-12-30,178.65,180.15,178.25,178.25,65,28860,0
FINNIFTY30DEC2527400CE.NFO,2025-12-17,13:51:00,2025-12-30,178.25,178.25,178.0,178.0,780,28860,0
FINNIFTY30DEC2527400CE.NFO,2025-12-17,13:52:00,2025-12-30,178.0,178.0,178.0,178.0,0,28860,0
FINNIFTY30DEC2527400CE.NFO,2025-12-17,13:53:00,2025-12-30,178.0,183.8,178.0,183.8,130,29510,0
FINNIFTY30DEC2527400CE.NFO,2025-12-17,13:54:00,2025-12-30,183.8,183.8,182.6,182.6,65,29510,0
FINNIFTY30DEC2527400CE.NFO,2025-12-17,13:55:00,2025-12-30,182.6,182.6,182.6,182.6,0,29510,0
FINNIFTY30DEC2527400CE.NFO,2025-12-17,13:56:00,2025-12-30,182.6,182.6,175.5,175.5,130,29510,0
FINNIFTY30DEC2527400CE.NFO,2025-12-17,13:57:00,2025-12-30,175.5,180.5,175.5,180.5,260,29510,0
FINNIFTY30DEC2527400CE.NFO,2025-12-17,13:58:00,2025-12-30,180.5,182.95,180.5,182.95,130,29510,0
FINNIFTY30DEC2527400CE.NFO,2025-12-17,13:59:00,2025-12-30,182.95,186.5,182.95,186.5,2015,28275,0
FINNIFTY30DEC2527400CE.NFO,2025-12-17,14:00:00,2025-12-30,186.5,188.0,186.5,188.0,390,28275,0
FINNIFTY30DEC2527400CE.NFO,2025-12-17,14:01:00,2025-12-30,188.0,188.0,187.0,188.0,390,28275,0
FINNIFTY30DEC2527400CE.NFO,2025-12-17,14:02:00,2025-12-30,188.0,188.0,188.0,188.0,0,28275,0
FINNIFTY30DEC2527400CE.NFO,2025-12-17,14:03:00,2025-12-30,188.0,188.0,183.25,183.25,585,27560,0
FINNIFTY30DEC2527400CE.NFO,2025-12-17,14:04:00,2025-12-30,183.25,187.0,183.25,187.0,65,27560,0
FINNIFTY30DEC2527400CE.NFO,2025-12-17,14:05:00,2025-12-30,187.0,187.0,187.0,187.0,0,27560,0
FINNIFTY30DEC2527400CE.NFO,2025-12-17,14:06:00,2025-12-30,187.0,187.0,187.0,187.0,0,27560,0
FINNIFTY30DEC2527400CE.NFO,2025-12-17,14:07:00,2025-12-30,187.0,187.0,187.0,187.0,65,28080,0
FINNIFTY30DEC2527400CE.NFO,2025-12-17,14:08:00,2025-12-30,187.0,187.0,187.0,187.0,0,28080,0
FINNIFTY30DEC2527400CE.NFO,2025-12-17,14:09:00,2025-12-30,187.0,187.0,187.0,187.0,0,28080,0
FINNIFTY30DEC2527400CE.NFO,2025-12-17,14:10:00,2025-12-30,187.0,187.0,187.0,187.0,0,28080,0
FINNIFTY30DEC2527400CE.NFO,2025-12-17,14:11:00,2025-12-30,187.0,187.0,187.0,187.0,0,28080,0
FINNIFTY30DEC2527400CE.NFO,2025-12-17,14:12:00,2025-12-30,187.0,187.0,187.0,187.0,0,28080,0
FINNIFTY30DEC2527400CE.NFO,2025-12-17,14:13:00,2025-12-30,187.0,187.8,187.0,187.8,130,28080,0
FINNIFTY30DEC2527400CE.NFO,2025-12-17,14:14:00,2025-12-30,187.8,191.9,187.8,189.9,650,28080,0
FINNIFTY30DEC2527400CE.NFO,2025-12-17,14:15:00,2025-12-30,189.9,189.9,189.9,189.9,0,28080,0
FINNIFTY30DEC2527400CE.NFO,2025-12-17,14:16:00,2025-12-30,189.9,189.9,189.9,189.9,0,28080,0
FINNIFTY30DEC2527400CE.NFO,2025-12-17,14:17:00,2025-12-30,189.9,195.15,189.9,195.15,130,28080,0
FINNIFTY30DEC2527400CE.NFO,2025-12-17,14:18:00,2025-12-30,195.15,195.15,195.15,195.15,0,28080,0
FINNIFTY30DEC2527400CE.NFO,2025-12-17,14:19:00,2025-12-30,195.15,196.35,192.2,192.2,130,27560,0
FINNIFTY30DEC2527400CE.NFO,2025-12-17,14:20:00,2025-12-30,192.2,196.0,191.0,191.0,520,27495,0
FINNIFTY30DEC2527400CE.NFO,2025-12-17,14:21:00,2025-12-30,191.0,191.5,191.0,191.5,65,27495,0
FINNIFTY30DEC2527400CE.NFO,2025-12-17,14:22:00,2025-12-30,191.5,191.5,189.0,189.0,195,27495,0
FINNIFTY30DEC2527400CE.NFO,2025-12-17,14:23:00,2025-12-30,189.0,189.75,189.0,189.75,65,27495,0
FINNIFTY30DEC2527400CE.NFO,2025-12-17,14:24:00,2025-12-30,189.75,189.75,187.3,187.3,130,27560,0
FINNIFTY30DEC2527400CE.NFO,2025-12-17,14:25:00,2025-12-30,187.3,187.4,187.3,187.4,65,27560,0
FINNIFTY30DEC2527400CE.NFO,2025-12-17,14:26:00,2025-12-30,187.4,189.0,187.4,189.0,260,27495,0
FINNIFTY30DEC2527400CE.NFO,2025-12-17,14:27:00,2025-12-30,189.0,191.15,188.55,188.55,325,27495,0
FINNIFTY30DEC2527400CE.NFO,2025-12-17,14:28:00,2025-12-30,188.55,190.85,188.55,190.85,65,27495,0
FINNIFTY30DEC2527400CE.NFO,2025-12-17,14:29:00,2025-12-30,190.85,193.05,190.85,192.5,195,26975,0
FINNIFTY30DEC2527400CE.NFO,2025-12-17,14:30:00,2025-12-30,192.5,194.3,192.5,194.3,195,26975,0
FINNIFTY30DEC2527400CE.NFO,2025-12-17,14:31:00,2025-12-30,194.3,194.3,193.3,193.3,65,26975,0
FINNIFTY30DEC2527400CE.NFO,2025-12-17,14:32:00,2025-12-30,193.3,193.3,193.05,193.05,65,26910,0
FINNIFTY30DEC2527400CE.NFO,2025-12-17,14:33:00,2025-12-30,193.05,194.2,193.05,194.2,130,26910,0
FINNIFTY30DEC2527400CE.NFO,2025-12-17,14:34:00,2025-12-30,194.2,195.95,194.2,195.95,390,26910,0
FINNIFTY30DEC2527400CE.NFO,2025-12-17,14:35:00,2025-12-30,195.95,195.95,195.95,195.95,0,26910,0
FINNIFTY30DEC2527400CE.NFO,2025-12-17,14:36:00,2025-12-30,195.95,195.95,190.7,190.7,195,26975,0
FINNIFTY30DEC2527400CE.NFO,2025-12-17,14:37:00,2025-12-30,190.7,191.8,190.7,191.8,260,26975,0
FINNIFTY30DEC2527400CE.NFO,2025-12-17,14:38:00,2025-12-30,191.8,192.25,190.1,190.1,260,27235,0
FINNIFTY30DEC2527400CE.NFO,2025-12-17,14:39:00,2025-12-30,190.1,192.0,190.1,191.75,260,27235,0
FINNIFTY30DEC2527400CE.NFO,2025-12-17,14:40:00,2025-12-30,191.75,192.35,190.9,192.35,195,27235,0
FINNIFTY30DEC2527400CE.NFO,2025-12-17,14:41:00,2025-12-30,192.35,195.3,192.35,195.3,65,27235,0
FINNIFTY30DEC2527400CE.NFO,2025-12-17,14:42:00,2025-12-30,195.3,195.3,191.75,191.75,65,27235,0
FINNIFTY30DEC2527400CE.NFO,2025-12-17,14:43:00,2025-12-30,191.75,191.75,191.75,191.75,0,27235,0
FINNIFTY30DEC2527400CE.NFO,2025-12-17,14:44:00,2025-12-30,191.75,191.75,191.75,191.75,0,27235,0
FINNIFTY30DEC2527400CE.NFO,2025-12-17,14:45:00,2025-12-30,191.75,191.75,191.75,191.75,0,27235,0
FINNIFTY30DEC2527400CE.NFO,2025-12-17,14:46:00,2025-12-30,191.75,191.75,191.75,191.75,0,27235,0
FINNIFTY30DEC2527400CE.NFO,2025-12-17,14:47:00,2025-12-30,191.75,191.75,191.75,191.75,0,27235,0
FINNIFTY30DEC2527400CE.NFO,2025-12-17,14:48:00,2025-12-30,191.75,194.0,191.75,194.0,65,27170,0
FINNIFTY30DEC2527400CE.NFO,2025-12-17,14:49:00,2025-12-30,194.0,201.5,194.0,197.15,2600,27170,0
FINNIFTY30DEC2527400CE.NFO,2025-12-17,14:50:00,2025-12-30,197.15,197.3,196.35,196.35,195,27820,0
FINNIFTY30DEC2527400CE.NFO,2025-12-17,14:51:00,2025-12-30,196.35,197.55,196.35,197.55,65,27820,0
FINNIFTY30DEC2527400CE.NFO,2025-12-17,14:52:00,2025-12-30,197.55,199.35,197.55,199.35,65,27820,0
FINNIFTY30DEC2527400CE.NFO,2025-12-17,14:53:00,2025-12-30,199.35,200.0,199.35,199.8,195,27820,0
FINNIFTY30DEC2527400CE.NFO,2025-12-17,14:54:00,2025-12-30,199.8,199.8,197.45,197.45,130,27820,0
FINNIFTY30DEC2527400CE.NFO,2025-12-17,14:55:00,2025-12-30,197.45,198.4,197.4,198.4,260,27820,0
FINNIFTY30DEC2527400CE.NFO,2025-12-17,14:56:00,2025-12-30,198.4,198.4,198.4,198.4,0,27820,0
FINNIFTY30DEC2527400CE.NFO,2025-12-17,14:57:00,2025-12-30,198.4,198.4,197.15,198.4,325,28145,0
FINNIFTY30DEC2527400CE.NFO,2025-12-17,14:58:00,2025-12-30,198.4,198.4,198.4,198.4,0,28145,0
FINNIFTY30DEC2527400CE.NFO,2025-12-17,14:59:00,2025-12-30,198.4,198.4,198.4,198.4,0,28145,0
FINNIFTY30DEC2527400CE.NFO,2025-12-17,15:00:00,2025-12-30,197.2,202.65,197.2,198.5,1040,28275,0
FINNIFTY30DEC2527400CE.NFO,2025-12-17,15:01:00,2025-12-30,198.5,199.0,198.5,199.0,130,28275,0
FINNIFTY30DEC2527400CE.NFO,2025-12-17,15:02:00,2025-12-30,199.0,199.0,196.2,196.2,325,27885,0
FINNIFTY30DEC2527400CE.NFO,2025-12-17,15:03:00,2025-12-30,196.2,197.4,196.2,197.4,0,27885,0
FINNIFTY30DEC2527400CE.NFO,2025-12-17,15:04:00,2025-12-30,197.4,198.95,197.4,198.95,65,27885,0
FINNIFTY30DEC2527400CE.NFO,2025-12-17,15:05:00,2025-12-30,198.95,198.95,198.95,198.95,65,27885,0
FINNIFTY30DEC2527400CE.NFO,2025-12-17,15:06:00,2025-12-30,198.95,198.95,198.5,198.65,130,27885,0
FINNIFTY30DEC2527400CE.NFO,2025-12-17,15:07:00,2025-12-30,198.65,198.65,195.5,195.5,195,27885,0
FINNIFTY30DEC2527400CE.NFO,2025-12-17,15:08:00,2025-12-30,195.5,196.1,195.5,196.1,65,27885,0
FINNIFTY30DEC2527400CE.NFO,2025-12-17,15:09:00,2025-12-30,196.1,196.1,194.35,194.35,260,27820,0
FINNIFTY30DEC2527400CE.NFO,2025-12-17,15:10:00,2025-12-30,194.35,194.35,194.35,194.35,0,27820,0
FINNIFTY30DEC2527400CE.NFO,2025-12-17,15:11:00,2025-12-30,194.35,194.35,193.9,193.9,130,27820,0
FINNIFTY30DEC2527400CE.NFO,2025-12-17,15:12:00,2025-12-30,193.9,193.9,193.9,193.9,0,27820,0
FINNIFTY30DEC2527400CE.NFO,2025-12-17,15:13:00,2025-12-30,193.9,193.9,191.9,191.9,585,27820,0
FINNIFTY30DEC2527400CE.NFO,2025-12-17,15:14:00,2025-12-30,191.9,191.9,191.9,191.9,0,27820,0
FINNIFTY30DEC2527400CE.NFO,2025-12-17,15:15:00,2025-12-30,191.9,194.45,191.9,194.45,130,27300,0
FINNIFTY30DEC2527400CE.NFO,2025-12-17,15:16:00,2025-12-30,194.45,194.45,190.0,190.0,650,27300,0
FINNIFTY30DEC2527400CE.NFO,2025-12-17,15:17:00,2025-12-30,190.0,190.65,190.0,190.65,130,27300,0
FINNIFTY30DEC2527400CE.NFO,2025-12-17,15:18:00,2025-12-30,190.65,190.65,190.1,190.1,65,26650,0
FINNIFTY30DEC2527400CE.NFO,2025-12-17,15:19:00,2025-12-30,190.1,194.9,190.1,194.9,130,26650,0
FINNIFTY30DEC2527400CE.NFO,2025-12-17,15:20:00,2025-12-30,193.4,193.5,193.4,193.5,390,26650,0
FINNIFTY30DEC2527400CE.NFO,2025-12-17,15:21:00,2025-12-30,193.5,193.5,193.5,193.5,0,26650,0
FINNIFTY30DEC2527400CE.NFO,2025-12-17,15:22:00,2025-12-30,193.5,193.5,193.5,193.5,0,26650,0
FINNIFTY30DEC2527400CE.NFO,2025-12-17,15:23:00,2025-12-30,193.5,197.3,193.5,197.3,65,26520,0
FINNIFTY30DEC2527400CE.NFO,2025-12-17,15:24:00,2025-12-30,197.3,200.0,197.3,200.0,520,26455,0
FINNIFTY30DEC2527400CE.NFO,2025-12-17,15:25:00,2025-12-30,200.0,200.8,199.0,200.8,1170,26455,0
FINNIFTY30DEC2527400CE.NFO,2025-12-17,15:26:00,2025-12-30,200.8,200.8,199.75,199.75,260,26455,0
FINNIFTY30DEC2527400CE.NFO,2025-12-17,15:27:00,2025-12-30,199.75,204.7,199.75,203.05,520,26585,0
FINNIFTY30DEC2527400CE.NFO,2025-12-17,15:28:00,2025-12-30,203.05,204.3,201.15,201.7,910,26585,0
FINNIFTY30DEC2527400CE.NFO,2025-12-17,15:29:00,2025-12-30,201.7,207.0,201.7,207.0,1040,25935,0
FINNIFTY30DEC2527400CE.NFO,2025-12-17,15:30:00,2025-12-30,207.0,207.0,207.0,207.0,1040,25935,1
FINNIFTY30DEC2527400CE.NFO,2025-12-18,09:15:00,2025-12-30,156.95,156.95,156.95,156.95,0,25480,0
FINNIFTY30DEC2527400CE.NFO,2025-12-18,09:16:00,2025-12-30,156.95,169.3,156.95,168.75,910,25480,0
FINNIFTY30DEC2527400CE.NFO,2025-12-18,09:17:00,2025-12-30,168.75,171.8,168.75,171.8,260,25480,0
FINNIFTY30DEC2527400CE.NFO,2025-12-18,09:18:00,2025-12-30,171.8,174.55,171.8,174.55,260,25480,0
FINNIFTY30DEC2527400CE.NFO,2025-12-18,09:19:00,2025-12-30,174.55,174.55,169.35,169.35,195,25675,0
FINNIFTY30DEC2527400CE.NFO,2025-12-18,09:20:00,2025-12-30,169.35,170.0,166.6,170.0,260,25675,0
FINNIFTY30DEC2527400CE.NFO,2025-12-18,09:21:00,2025-12-30,170.0,175.25,168.45,174.6,650,25675,0
FINNIFTY30DEC2527400CE.NFO,2025-12-18,09:22:00,2025-12-30,174.6,176.45,174.6,176.45,195,25545,0
FINNIFTY30DEC2527400CE.NFO,2025-12-18,09:23:00,2025-12-30,176.45,176.45,176.45,176.45,0,25545,0
FINNIFTY30DEC2527400CE.NFO,2025-12-18,09:24:00,2025-12-30,176.45,176.95,176.45,176.95,65,25545,0
FINNIFTY30DEC2527400CE.NFO,2025-12-18,09:25:00,2025-12-30,184.75,190.0,184.75,190.0,260,25545,0
FINNIFTY30DEC2527400CE.NFO,2025-12-18,09:26:00,2025-12-30,190.0,190.0,182.75,182.75,325,25545,0
FINNIFTY30DEC2527400CE.NFO,2025-12-18,09:27:00,2025-12-30,182.75,188.3,182.75,188.3,195,25545,0
FINNIFTY30DEC2527400CE.NFO,2025-12-18,09:28:00,2025-12-30,188.3,188.3,188.3,188.3,0,25545,0
FINNIFTY30DEC2527400CE.NFO,2025-12-18,09:29:00,2025-12-30,188.3,188.3,179.75,179.75,260,25480,0
FINNIFTY30DEC2527400CE.NFO,2025-12-18,09:30:00,2025-12-30,179.75,179.8,175.7,179.8,260,25480,0
FINNIFTY30DEC2527400CE.NFO,2025-12-18,09:31:00,2025-12-30,179.8,188.45,179.8,188.45,130,25480,0
FINNIFTY30DEC2527400CE.NFO,2025-12-18,09:32:00,2025-12-30,188.45,188.45,188.45,188.45,0,25480,0
FINNIFTY30DEC2527400CE.NFO,2025-12-18,09:33:00,2025-12-30,188.45,188.45,183.75,183.75,65,25480,0
FINNIFTY30DEC2527400CE.NFO,2025-12-18,09:34:00,2025-12-30,183.75,183.75,183.75,183.75,0,25480,0
FINNIFTY30DEC2527400CE.NFO,2025-12-18,09:35:00,2025-12-30,183.75,183.75,183.75,183.75,0,25480,0
FINNIFTY30DEC2527400CE.NFO,2025-12-18,09:36:00,2025-12-30,183.75,183.75,183.75,183.75,0,25480,0
FINNIFTY30DEC2527400CE.NFO,2025-12-18,09:37:00,2025-12-30,183.75,183.75,183.75,183.75,0,25480,0
FINNIFTY30DEC2527400CE.NFO,2025-12-18,09:38:00,2025-12-30,183.75,183.75,183.75,183.75,0,25480,0
FINNIFTY30DEC2527400CE.NFO,2025-12-18,09:39:00,2025-12-30,183.75,183.75,183.75,183.75,0,25480,0
FINNIFTY30DEC2527400CE.NFO,2025-12-18,09:40:00,2025-12-30,183.75,183.75,178.45,179.0,1040,25610,0
FINNIFTY30DEC2527400CE.NFO,2025-12-18,09:41:00,2025-12-30,179.0,179.8,172.65,172.65,3250,25610,0
FINNIFTY30DEC2527400CE.NFO,2025-12-18,09:42:00,2025-12-30,172.65,174.15,171.7,172.8,520,25610,0
FINNIFTY30DEC2527400CE.NFO,2025-12-18,09:43:00,2025-12-30,172.8,172.95,167.05,172.95,260,24375,0
FINNIFTY30DEC2527400CE.NFO,2025-12-18,09:44:00,2025-12-30,172.95,172.95,169.7,170.75,130,24375,0
FINNIFTY30DEC2527400CE.NFO,2025-12-18,09:45:00,2025-12-30,170.75,174.3,168.25,171.6,1105,24375,0
FINNIFTY30DEC2527400CE.NFO,2025-12-18,09:46:00,2025-12-30,171.6,171.6,163.75,163.75,1300,24180,0
FINNIFTY30DEC2527400CE.NFO,2025-12-18,09:47:00,2025-12-30,163.6,168.35,162.0,165.7,845,24180,0
FINNIFTY30DEC2527400CE.NFO,2025-12-18,09:48:00,2025-12-30,165.7,167.7,164.35,167.7,390,24180,0
FINNIFTY30DEC2527400CE.NFO,2025-12-18,09:49:00,2025-12-30,167.7,168.45,167.0,167.0,390,23530,0
FINNIFTY30DEC2527400CE.NFO,2025-12-18,09:50:00,2025-12-30,167.0,167.0,160.65,166.2,3120,23530,0
FINNIFTY30DEC2527400CE.NFO,2025-12-18,09:51:00,2025-12-30,166.2,169.65,166.2,169.05,715,23530,0
FINNIFTY30DEC2527400CE.NFO,2025-12-18,09:52:00,2025-12-30,169.05,172.9,169.05,171.75,325,24245,0
FINNIFTY30DEC2527400CE.NFO,2025-12-18,09:53:00,2025-12-30,171.75,174.05,171.65,172.8,520,24245,0
FINNIFTY30DEC2527400CE.NFO,2025-12-18,09:54:00,2025-12-30,172.8,173.4,170.95,170.95,195,24245,0
FINNIFTY30DEC2527400CE.NFO,2025-12-18,09:55:00,2025-12-30,170.95,174.5,170.95,173.45,1170,25220,0
FINNIFTY30DEC2527400CE.NFO,2025-12-18,09:56:00,2025-12-30,173.45,176.65,173.4,173.4,390,25220,0
FINNIFTY30DEC2527400CE.NFO,2025-12-18,09:57:00,2025-12-30,173.4,173.4,173.4,173.4,130,25220,0
FINNIFTY30DEC2527400CE.NFO,2025-12-18,09:58:00,2025-12-30,173.4,173.4,172.0,173.15,130,25350,0
FINNIFTY30DEC2527400CE.NFO,2025-12-18,09:59:00,2025-12-30,173.15,177.85,173.15,177.85,130,25350,0
FINNIFTY30DEC2527400CE.NFO,2025-12-18,10:00:00,2025-12-30,177.85,177.85,173.5,173.5,260,25350,0
FINNIFTY30DEC2527400CE.NFO,2025-12-18,10:01:00,2025-12-30,173.5,174.9,168.45,169.4,1105,25415,0
FINNIFTY30DEC2527400CE.NFO,2025-12-18,10:02:00,2025-12-30,169.4,169.85,169.4,169.85,195,25415,0
FINNIFTY30DEC2527400CE.NFO,2025-12-18,10:03:00,2025-12-30,169.85,169.85,169.85,169.85,0,25415,0
FINNIFTY30DEC2527400CE.NFO,2025-12-18,10:04:00,2025-12-30,169.85,178.15,169.85,178.15,65,25545,0
FINNIFTY30DEC2527400CE.NFO,2025-12-18,10:05:00,2025-12-30,178.15,181.15,176.5,180.15,520,25545,0
FINNIFTY30DEC2527400CE.NFO,2025-12-18,10:06:00,2025-12-30,180.15,186.5,180.15,184.5,325,25545,0
FINNIFTY30DEC2527400CE.NFO,2025-12-18,10:07:00,2025-12-30,184.5,184.5,182.9,183.4,650,26065,0
FINNIFTY30DEC2527400CE.NFO,2025-12-18,10:08:00,2025-12-30,183.4,187.8,183.4,187.8,130,26065,0
FINNIFTY30DEC2527400CE.NFO,2025-12-18,10:09:00,2025-12-30,187.8,187.8,187.8,187.8,0,26065,0
FINNIFTY30DEC2527400CE.NFO,2025-12-18,10:10:00,2025-12-30,187.8,193.0,187.8,193.0,715,26065,0
FINNIFTY30DEC2527400CE.NFO,2025-12-18,10:11:00,2025-12-30,193.0,195.95,190.75,194.95,780,26065,0
FINNIFTY30DEC2527400CE.NFO,2025-12-18,10:12:00,2025-12-30,194.95,205.6,194.95,205.6,520,26065,0
FINNIFTY30DEC2527400CE.NFO,2025-12-18,10:13:00,2025-12-30,205.6,209.0,205.2,205.2,1495,27040,0
FINNIFTY30DEC2527400CE.NFO,2025-12-18,10:14:00,2025-12-30,205.2,205.2,205.2,205.2,0,27040,0
FINNIFTY30DEC2527400CE.NFO,2025-12-18,10:15:00,2025-12-30,205.2,205.2,198.95,200.45,325,27040,0
FINNIFTY30DEC2527400CE.NFO,2025-12-18,10:16:00,2025-12-30,200.45,200.45,200.45,200.45,0,27040,0
FINNIFTY30DEC2527400CE.NFO,2025-12-18,10:17:00,2025-12-30,200.45,216.35,200.45,216.05,520,27235,0
FINNIFTY30DEC2527400CE.NFO,2025-12-18,10:18:00,2025-12-30,216.05,216.05,211.6,213.8,2275,27235,0
FINNIFTY30DEC2527400CE.NFO,2025-12-18,10:19:00,2025-12-30,213.8,221.3,213.8,221.3,975,28015,0
FINNIFTY30DEC2527400CE.NFO,2025-12-18,10:20:00,2025-12-30,221.25,224.75,216.15,216.15,715,28015,0
FINNIFTY30DEC2527400CE.NFO,2025-12-18,10:21:00,2025-12-30,216.15,216.15,214.55,214.55,130,28015,0
FINNIFTY30DEC2527400CE.NFO,2025-12-18,10:22:00,2025-12-30,214.55,220.0,214.55,220.0,130,28015,0
FINNIFTY30DEC2527400CE.NFO,2025-12-18,10:23:00,2025-12-30,220.0,222.0,220.0,222.0,455,28015,0
FINNIFTY30DEC2527400CE.NFO,2025-12-18,10:24:00,2025-12-30,222.0,223.05,217.6,218.25,2080,28015,0
FINNIFTY30DEC2527400CE.NFO,2025-12-18,10:25:00,2025-12-30,218.25,218.9,218.2,218.6,715,28015,0
FINNIFTY30DEC2527400CE.NFO,2025-12-18,10:26:00,2025-12-30,220.4,220.85,218.55,218.65,650,28015,0
FINNIFTY30DEC2527400CE.NFO,2025-12-18,10:27:00,2025-12-30,218.65,218.65,213.75,213.75,130,28015,0
FINNIFTY30DEC2527400CE.NFO,2025-12-18,10:28:00,2025-12-30,213.75,217.85,213.75,217.85,130,28015,0
FINNIFTY30DEC2527400CE.NFO,2025-12-18,10:29:00,2025-12-30,217.85,221.1,217.85,221.1,455,27690,0
FINNIFTY30DEC2527400CE.NFO,2025-12-18,10:30:00,2025-12-30,221.1,226.35,220.1,222.0,975,27690,0
FINNIFTY30DEC2527400CE.NFO,2025-12-18,10:31:00,2025-12-30,222.0,227.0,222.0,227.0,195,27755,0
FINNIFTY30DEC2527400CE.NFO,2025-12-18,10:32:00,2025-12-30,227.0,236.55,227.0,235.15,1040,27755,0
FINNIFTY30DEC2527400CE.NFO,2025-12-18,10:33:00,2025-12-30,235.15,236.85,235.15,235.2,325,27755,0
FINNIFTY30DEC2527400CE.NFO,2025-12-18,10:34:00,2025-12-30,235.2,239.0,235.2,237.55,585,28145,0
FINNIFTY30DEC2527400CE.NFO,2025-12-18,10:35:00,2025-12-30,239.0,239.3,233.55,233.55,1365,28145,0
FINNIFTY30DEC2527400CE.NFO,2025-12-18,10:36:00,2025-12-30,233.55,233.55,227.9,229.85,910,28145,0
FINNIFTY30DEC2527400CE.NFO,2025-12-18,10:37:00,2025-12-30,229.85,229.85,229.85,229.85,0,28145,0
FINNIFTY30DEC2527400CE.NFO,2025-12-18,10:38:00,2025-12-30,229.85,235.0,229.85,235.0,520,27625,0
FINNIFTY30DEC2527400CE.NFO,2025-12-18,10:39:00,2025-12-30,235.0,235.0,234.55,234.55,65,27625,0
FINNIFTY30DEC2527400CE.NFO,2025-12-18,10:40:00,2025-12-30,234.55,235.85,231.65,232.25,845,27690,0
FINNIFTY30DEC2527400CE.NFO,2025-12-18,10:41:00,2025-12-30,232.25,233.3,232.25,232.85,260,27690,0
FINNIFTY30DEC2527400CE.NFO,2025-12-18,10:42:00,2025-12-30,232.85,242.0,232.85,242.0,780,27690,0
FINNIFTY30DEC2527400CE.NFO,2025-12-18,10:43:00,2025-12-30,242.0,245.0,242.0,243.75,715,27625,0
FINNIFTY30DEC2527400CE.NFO,2025-12-18,10:44:00,2025-12-30,243.75,243.75,235.05,237.3,845,27625,0
FINNIFTY30DEC2527400CE.NFO,2025-12-18,10:45:00,2025-12-30,237.3,239.15,235.95,239.15,130,27625,0
FINNIFTY30DEC2527400CE.NFO,2025-12-18,10:46:00,2025-12-30,239.15,239.15,239.15,239.15,0,27625,0
FINNIFTY30DEC2527400CE.NFO,2025-12-18,10:47:00,2025-12-30,239.15,242.9,238.25,242.9,260,28015,0
FINNIFTY30DEC2527400CE.NFO,2025-12-18,10:48:00,2025-12-30,242.9,242.9,242.9,242.9,0,28015,0
FINNIFTY30DEC2527400CE.NFO,2025-12-18,10:49:00,2025-12-30,242.9,242.9,235.0,235.0,195,28015,0
FINNIFTY30DEC2527400CE.NFO,2025-12-18,10:50:00,2025-12-30,235.0,235.0,228.55,228.55,455,28145,0
FINNIFTY30DEC2527400CE.NFO,2025-12-18,10:51:00,2025-12-30,228.55,230.0,227.1,230.0,195,28145,0
FINNIFTY30DEC2527400CE.NFO,2025-12-18,10:52:00,2025-12-30,230.0,230.0,230.0,230.0,130,28145,0
FINNIFTY30DEC2527400CE.NFO,2025-12-18,10:53:00,2025-12-30,230.0,230.75,225.95,230.75,195,28340,0
FINNIFTY30DEC2527400CE.NFO,2025-12-18,10:54:00,2025-12-30,230.75,231.7,230.0,230.0,195,28340,0
FINNIFTY30DEC2527400CE.NFO,2025-12-18,10:55:00,2025-12-30,230.0,230.0,230.0,230.0,0,28340,0
FINNIFTY30DEC2527400CE.NFO,2025-12-18,10:56:00,2025-12-30,230.0,230.0,228.85,228.85,65,28275,0
FINNIFTY30DEC2527400CE.NFO,2025-12-18,10:57:00,2025-12-30,228.85,228.85,228.85,228.85,0,28275,0
FINNIFTY30DEC2527400CE.NFO,2025-12-18,10:58:00,2025-12-30,228.85,229.15,228.85,229.15,65,28275,0
FINNIFTY30DEC2527400CE.NFO,2025-12-18,10:59:00,2025-12-30,229.15,229.15,229.15,229.15,0,28275,0
FINNIFTY30DEC2527400CE.NFO,2025-12-18,11:00:00,2025-12-30,229.15,229.15,228.15,228.15,585,28275,0
FINNIFTY30DEC2527400CE.NFO,2025-12-18,11:01:00,2025-12-30,228.15,228.15,227.0,227.75,130,28535,0
FINNIFTY30DEC2527400CE.NFO,2025-12-18,11:02:00,2025-12-30,227.75,228.6,221.0,221.0,585,28535,0
FINNIFTY30DEC2527400CE.NFO,2025-12-18,11:03:00,2025-12-30,221.0,221.0,219.05,219.85,130,28535,0
FINNIFTY30DEC2527400CE.NFO,2025-12-18,11:04:00,2025-12-30,219.85,219.85,217.15,217.15,65,28535,0
FINNIFTY30DEC2527400CE.NFO,2025-12-18,11:05:00,2025-12-30,217.15,217.15,217.15,217.15,0,28535,0
FINNIFTY30DEC2527400CE.NFO,2025-12-18,11:06:00,2025-12-30,217.15,217.15,217.15,217.15,0,28535,0
FINNIFTY30DEC2527400CE.NFO,2025-12-18,11:07:00,2025-12-30,217.15,217.15,217.15,217.15,0,28535,0
FINNIFTY30DEC2527400CE.NFO,2025-12-18,11:08:00,2025-12-30,217.15,224.95,217.15,224.95,650,28795,0
FINNIFTY30DEC2527400CE.NFO,2025-12-18,11:09:00,2025-12-30,224.95,224.95,224.95,224.95,0,28795,0
FINNIFTY30DEC2527400CE.NFO,2025-12-18,11:10:00,2025-12-30,224.95,224.95,224.1,224.1,195,28535,0
FINNIFTY30DEC2527400CE.NFO,2025-12-18,11:11:00,2025-12-30,224.1,225.0,224.1,225.0,260,28535,0
FINNIFTY30DEC2527400CE.NFO,2025-12-18,11:12:00,2025-12-30,225.0,225.0,225.0,225.0,65,28535,0
FINNIFTY30DEC2527400CE.NFO,2025-12-18,11:13:00,2025-12-30,225.0,225.0,221.1,221.1,65,28405,0
FINNIFTY30DEC2527400CE.NFO,2025-12-18,11:14:00,2025-12-30,221.1,221.1,221.1,221.1,0,28405,0
FINNIFTY30DEC2527400CE.NFO,2025-12-18,11:15:00,2025-12-30,221.1,221.1,221.1,221.1,0,28405,0
FINNIFTY30DEC2527400CE.NFO,2025-12-18,11:16:00,2025-12-30,221.1,221.5,219.55,221.5,260,28405,0
FINNIFTY30DEC2527400CE.NFO,2025-12-18,11:17:00,2025-12-30,221.5,221.5,221.5,221.5,0,28405,0
FINNIFTY30DEC2527400CE.NFO,2025-12-18,11:18:00,2025-12-30,221.5,221.5,218.65,221.5,260,28405,0
FINNIFTY30DEC2527400CE.NFO,2025-12-18,11:19:00,2025-12-30,221.5,222.35,218.0,218.0,260,28405,0
FINNIFTY30DEC2527400CE.NFO,2025-12-18,11:20:00,2025-12-30,218.0,224.5,218.0,224.5,390,28470,0
FINNIFTY30DEC2527400CE.NFO,2025-12-18,11:21:00,2025-12-30,224.5,231.15,224.5,231.15,390,28470,0
FINNIFTY30DEC2527400CE.NFO,2025-12-18,11:22:00,2025-12-30,231.15,236.65,231.0,236.65,780,28665,0
FINNIFTY30DEC2527400CE.NFO,2025-12-18,11:23:00,2025-12-30,236.65,237.65,235.45,237.65,390,28665,0
FINNIFTY30DEC2527400CE.NFO,2025-12-18,11:24:00,2025-12-30,237.65,237.65,235.05,235.05,195,28665,0
FINNIFTY30DEC2527400CE.NFO,2025-12-18,11:25:00,2025-12-30,235.05,239.7,234.65,238.2,520,28860,0
FINNIFTY30DEC2527400CE.NFO,2025-12-18,11:26:00,2025-12-30,238.2,238.2,233.25,234.85,390,28860,0
FINNIFTY30DEC2527400CE.NFO,2025-12-18,11:27:00,2025-12-30,234.85,234.85,234.85,234.85,0,28860,0
FINNIFTY30DEC2527400CE.NFO,2025-12-18,11:28:00,2025-12-30,234.85,234.85,231.9,231.9,65,28860,0
FINNIFTY30DEC2527400CE.NFO,2025-12-18,11:29:00,2025-12-30,231.9,235.05,231.9,235.05,130,28665,0
FINNIFTY30DEC2527400CE.NFO,2025-12-18,11:30:00,2025-12-30,235.05,239.0,235.05,238.35,260,28665,0
FINNIFTY30DEC2527400CE.NFO,2025-12-18,11:31:00,2025-12-30,238.35,238.35,234.0,234.0,260,28600,0
FINNIFTY30DEC2527400CE.NFO,2025-12-18,11:32:00,2025-12-30,234.0,234.0,231.9,231.9,65,28600,0
FINNIFTY30DEC2527400CE.NFO,2025-12-18,11:33:00,2025-12-30,231.9,233.8,231.9,233.8,130,28600,0
FINNIFTY30DEC2527400CE.NFO,2025-12-18,11:34:00,2025-12-30,233.8,233.8,232.7,233.15,325,28795,0
FINNIFTY30DEC2527400CE.NFO,2025-12-18,11:35:00,2025-12-30,233.15,233.15,230.0,230.0,260,28795,0
FINNIFTY30DEC2527400CE.NFO,2025-12-18,11:36:00,2025-12-30,230.0,230.9,230.0,230.9,260,28795,0
FINNIFTY30DEC2527400CE.NFO,2025-12-18,11:37:00,2025-12-30,230.9,230.9,227.0,229.0,520,28795,0
FINNIFTY30DEC2527400CE.NFO,2025-12-18,11:38:00,2025-12-30,229.0,230.1,229.0,229.45,195,28990,0
FINNIFTY30DEC2527400CE.NFO,2025-12-18,11:39:00,2025-12-30,229.45,229.45,229.45,229.45,0,28990,0
FINNIFTY30DEC2527400CE.NFO,2025-12-18,11:40:00,2025-12-30,229.45,229.45,229.45,229.45,0,28990,0
FINNIFTY30DEC2527400CE.NFO,2025-12-18,11:41:00,2025-12-30,229.45,229.45,225.55,225.55,0,28990,0
FINNIFTY30DEC2527400CE.NFO,2025-12-18,11:42:00,2025-12-30,225.55,225.55,225.55,225.55,65,28990,0
FINNIFTY30DEC2527400CE.NFO,2025-12-18,11:43:00,2025-12-30,225.55,226.8,225.0,225.0,195,28990,0
FINNIFTY30DEC2527400CE.NFO,2025-12-18,11:44:00,2025-12-30,225.0,225.0,225.0,225.0,0,28990,0
FINNIFTY30DEC2527400CE.NFO,2025-12-18,11:45:00,2025-12-30,225.0,225.0,220.0,220.0,715,29055,0
FINNIFTY30DEC2527400CE.NFO,2025-12-18,11:46:00,2025-12-30,220.0,220.0,220.0,220.0,0,29055,0
FINNIFTY30DEC2527400CE.NFO,2025-12-18,11:47:00,2025-12-30,220.0,220.0,220.0,220.0,0,29055,0
FINNIFTY30DEC2527400CE.NFO,2025-12-18,11:48:00,2025-12-30,220.0,227.45,220.0,227.45,65,29120,0
FINNIFTY30DEC2527400CE.NFO,2025-12-18,11:49:00,2025-12-30,227.45,227.45,227.45,227.45,0,29120,0
FINNIFTY30DEC2527400CE.NFO,2025-12-18,11:50:00,2025-12-30,227.45,227.45,223.8,227.05,260,29120,0
FINNIFTY30DEC2527400CE.NFO,2025-12-18,11:51:00,2025-12-30,227.05,227.05,227.05,227.05,0,29120,0
FINNIFTY30DEC2527400CE.NFO,2025-12-18,11:52:00,2025-12-30,227.05,232.0,227.05,230.75,585,29380,0
FINNIFTY30DEC2527400CE.NFO,2025-12-18,11:53:00,2025-12-30,230.75,234.0,230.75,234.0,195,29380,0
FINNIFTY30DEC2527400CE.NFO,2025-12-18,11:54:00,2025-12-30,234.0,235.15,234.0,235.0,325,29380,0
FINNIFTY30DEC2527400CE.NFO,2025-12-18,11:55:00,2025-12-30,235.0,235.0,230.2,230.2,65,29380,0
FINNIFTY30DEC2527400CE.NFO,2025-12-18,11:56:00,2025-12-30,230.2,231.9,230.05,230.95,195,29120,0
FINNIFTY30DEC2527400CE.NFO,2025-12-18,11:57:00,2025-12-30,230.95,232.6,230.95,232.6,65,29120,0
FINNIFTY30DEC2527400CE.NFO,2025-12-18,11:58:00,2025-12-30,232.6,232.6,229.5,229.5,65,29120,0
FINNIFTY30DEC2527400CE.NFO,2025-12-18,11:59:00,2025-12-30,229.5,229.5,229.5,229.5,0,29120,0
FINNIFTY30DEC2527400CE.NFO,2025-12-18,12:00:00,2025-12-30,229.5,229.5,229.5,229.5,0,29120,0
FINNIFTY30DEC2527400CE.NFO,2025-12-18,12:01:00,2025-12-30,229.5,229.5,229.5,229.5,0,29120,0
FINNIFTY30DEC2527400CE.NFO,2025-12-18,12:02:00,2025-12-30,229.5,232.4,227.3,232.4,520,28990,0
FINNIFTY30DEC2527400CE.NFO,2025-12-18,12:03:00,2025-12-30,232.4,232.95,232.4,232.95,195,28990,0
FINNIFTY30DEC2527400CE.NFO,2025-12-18,12:04:00,2025-12-30,232.95,232.95,232.95,232.95,0,28990,0
FINNIFTY30DEC2527400CE.NFO,2025-12-18,12:05:00,2025-12-30,232.95,232.95,232.95,232.95,0,28990,0
FINNIFTY30DEC2527400CE.NFO,2025-12-18,12:06:00,2025-12-30,232.95,232.95,225.15,225.15,65,28730,0
FINNIFTY30DEC2527400CE.NFO,2025-12-18,12:07:00,2025-12-30,225.15,225.95,225.15,225.95,195,28730,0
FINNIFTY30DEC2527400CE.NFO,2025-12-18,12:08:00,2025-12-30,225.95,225.95,225.95,225.95,0,28730,0
FINNIFTY30DEC2527400CE.NFO,2025-12-18,12:09:00,2025-12-30,225.95,225.95,225.95,225.95,0,28730,0
FINNIFTY30DEC2527400CE.NFO,2025-12-18,12:10:00,2025-12-30,225.95,225.95,225.95,225.95,0,28730,0
FINNIFTY30DEC2527400CE.NFO,2025-12-18,12:11:00,2025-12-30,225.95,225.95,225.95,225.95,0,28730,0
FINNIFTY30DEC2527400CE.NFO,2025-12-18,12:12:00,2025-12-30,225.95,238.2,225.95,236.85,780,28730,0
FINNIFTY30DEC2527400CE.NFO,2025-12-18,12:13:00,2025-12-30,236.85,238.25,235.45,236.7,6500,28795,0
FINNIFTY30DEC2527400CE.NFO,2025-12-18,12:14:00,2025-12-30,236.7,240.0,236.7,239.5,455,28795,0
FINNIFTY30DEC2527400CE.NFO,2025-12-18,12:15:00,2025-12-30,239.5,244.0,239.5,241.0,520,28795,0
FINNIFTY30DEC2527400CE.NFO,2025-12-18,12:16:00,2025-12-30,241.0,245.2,241.0,242.0,910,28730,0
FINNIFTY30DEC2527400CE.NFO,2025-12-18,12:17:00,2025-12-30,242.0,248.5,242.0,246.95,2600,28730,0
FINNIFTY30DEC2527400CE.NFO,2025-12-18,12:18:00,2025-12-30,246.95,249.0,240.0,240.0,1365,28730,0
FINNIFTY30DEC2527400CE.NFO,2025-12-18,12:19:00,2025-12-30,240.0,240.0,236.3,238.05,585,28860,0
FINNIFTY30DEC2527400CE.NFO,2025-12-18,12:20:00,2025-12-30,238.05,238.05,238.05,238.05,0,28860,0
FINNIFTY30DEC2527400CE.NFO,2025-12-18,12:21:00,2025-12-30,238.05,240.0,238.05,240.0,260,28860,0
FINNIFTY30DEC2527400CE.NFO,2025-12-18,12:22:00,2025-12-30,240.0,240.0,239.2,239.2,260,28925,0
FINNIFTY30DEC2527400CE.NFO,2025-12-18,12:23:00,2025-12-30,239.2,239.2,238.7,238.7,65,28925,0
FINNIFTY30DEC2527400CE.NFO,2025-12-18,12:24:00,2025-12-30,238.7,238.7,238.7,238.7,0,28925,0
FINNIFTY30DEC2527400CE.NFO,2025-12-18,12:25:00,2025-12-30,238.7,238.7,237.25,237.25,65,28925,0
FINNIFTY30DEC2527400CE.NFO,2025-12-18,12:26:00,2025-12-30,237.25,237.25,237.25,237.25,0,28925,0
FINNIFTY30DEC2527400CE.NFO,2025-12-18,12:27:00,2025-12-30,237.25,237.25,237.25,237.25,0,28925,0
FINNIFTY30DEC2527400CE.NFO,2025-12-18,12:28:00,2025-12-30,237.25,240.0,237.25,240.0,65,28925,0
FINNIFTY30DEC2527400CE.NFO,2025-12-18,12:29:00,2025-12-30,240.5,241.3,240.5,241.3,195,28990,0
FINNIFTY30DEC2527400CE.NFO,2025-12-18,12:30:00,2025-12-30,241.3,243.3,240.65,240.7,1040,28990,0
FINNIFTY30DEC2527400CE.NFO,2025-12-18,12:31:00,2025-12-30,240.7,240.7,240.7,240.7,0,28990,0
FINNIFTY30DEC2527400CE.NFO,2025-12-18,12:32:00,2025-12-30,240.7,240.7,239.05,239.05,195,28730,0
FINNIFTY30DEC2527400CE.NFO,2025-12-18,12:33:00,2025-12-30,239.05,239.05,239.05,239.05,0,28730,0
FINNIFTY30DEC2527400CE.NFO,2025-12-18,12:34:00,2025-12-30,239.05,243.6,239.05,243.4,520,28730,0
FINNIFTY30DEC2527400CE.NFO,2025-12-18,12:35:00,2025-12-30,243.4,248.15,243.4,245.55,1105,28925,0
FINNIFTY30DEC2527400CE.NFO,2025-12-18,12:36:00,2025-12-30,245.55,245.55,241.1,243.25,845,28925,0
FINNIFTY30DEC2527400CE.NFO,2025-12-18,12:37:00,2025-12-30,243.25,245.0,243.25,245.0,715,28925,0
FINNIFTY30DEC2527400CE.NFO,2025-12-18,12:38:00,2025-12-30,245.0,250.0,245.0,250.0,520,29055,0
FINNIFTY30DEC2527400CE.NFO,2025-12-18,12:39:00,2025-12-30,250.0,250.0,245.0,245.0,65,29055,0
FINNIFTY30DEC2527400CE.NFO,2025-12-18,12:40:00,2025-12-30,245.0,247.6,244.65,244.65,195,29055,0
FINNIFTY30DEC2527400CE.NFO,2025-12-18,12:41:00,2025-12-30,244.65,244.7,244.65,244.7,65,29120,0
FINNIFTY30DEC2527400CE.NFO,2025-12-18,12:42:00,2025-12-30,244.7,244.7,244.7,244.7,0,29120,0
FINNIFTY30DEC2527400CE.NFO,2025-12-18,12:43:00,2025-12-30,244.7,247.15,243.35,243.35,715,29120,0
FINNIFTY30DEC2527400CE.NFO,2025-12-18,12:44:00,2025-12-30,243.35,245.6,243.35,245.6,65,29055,0
FINNIFTY30DEC2527400CE.NFO,2025-12-18,12:45:00,2025-12-30,245.6,250.5,245.6,246.75,1040,29055,0
FINNIFTY30DEC2527400CE.NFO,2025-12-18,12:46:00,2025-12-30,246.75,246.9,246.75,246.9,65,29055,0
FINNIFTY30DEC2527400CE.NFO,2025-12-18,12:47:00,2025-12-30,246.9,246.9,246.55,246.55,65,28730,0
FINNIFTY30DEC2527400CE.NFO,2025-12-18,12:48:00,2025-12-30,246.55,246.55,240.35,240.35,520,28730,0
FINNIFTY30DEC2527400CE.NFO,2025-12-18,12:49:00,2025-12-30,240.35,240.35,238.6,239.2,390,28730,0
FINNIFTY30DEC2527400CE.NFO,2025-12-18,12:50:00,2025-12-30,239.2,239.2,236.5,236.5,65,28535,0
FINNIFTY30DEC2527400CE.NFO,2025-12-18,12:51:00,2025-12-30,236.5,240.0,236.5,240.0,325,28535,0
FINNIFTY30DEC2527400CE.NFO,2025-12-18,12:52:00,2025-12-30,240.0,240.0,238.05,238.05,195,28535,0
FINNIFTY30DEC2527400CE.NFO,2025-12-18,12:53:00,2025-12-30,238.05,238.05,228.6,228.6,325,28795,0
FINNIFTY30DEC2527400CE.NFO,2025-12-18,12:54:00,2025-12-30,228.6,228.6,228.6,228.6,0,28795,0
FINNIFTY30DEC2527400CE.NFO,2025-12-18,12:55:00,2025-12-30,228.6,229.9,228.6,229.9,130,28795,0
FINNIFTY30DEC2527400CE.NFO,2025-12-18,12:56:00,2025-12-30,229.9,235.45,229.9,233.65,325,28665,0
FINNIFTY30DEC2527400CE.NFO,2025-12-18,12:57:00,2025-12-30,233.65,233.65,228.4,229.85,195,28665,0
FINNIFTY30DEC2527400CE.NFO,2025-12-18,12:58:00,2025-12-30,229.85,229.85,226.85,226.85,260,28665,0
FINNIFTY30DEC2527400CE.NFO,2025-12-18,12:59:00,2025-12-30,226.85,232.25,226.85,232.25,260,28795,0
FINNIFTY30DEC2527400CE.NFO,2025-12-18,13:00:00,2025-12-30,232.25,232.25,228.55,228.7,390,28795,0
FINNIFTY30DEC2527400CE.NFO,2025-12-18,13:01:00,2025-12-30,228.7,232.05,228.7,230.15,195,28795,0
FINNIFTY30DEC2527400CE.NFO,2025-12-18,13:02:00,2025-12-30,230.15,230.15,226.8,229.0,195,29055,0
FINNIFTY30DEC2527400CE.NFO,2025-12-18,13:03:00,2025-12-30,229.0,230.8,229.0,230.8,65,29055,0
FINNIFTY30DEC2527400CE.NFO,2025-12-18,13:04:00,2025-12-30,230.8,232.0,230.8,232.0,130,29055,0
FINNIFTY30DEC2527400CE.NFO,2025-12-18,13:05:00,2025-12-30,232.0,232.5,230.55,230.55,325,29510,0
FINNIFTY30DEC2527400CE.NFO,2025-12-18,13:06:00,2025-12-30,230.55,232.0,230.55,230.6,130,29510,0
FINNIFTY30DEC2527400CE.NFO,2025-12-18,13:07:00,2025-12-30,230.6,232.4,230.6,232.4,260,29510,0
FINNIFTY30DEC2527400CE.NFO,2025-12-18,13:08:00,2025-12-30,232.4,234.6,232.0,234.6,455,29900,0
FINNIFTY30DEC2527400CE.NFO,2025-12-18,13:09:00,2025-12-30,234.6,234.6,234.6,234.6,0,29900,0
FINNIFTY30DEC2527400CE.NFO,2025-12-18,13:10:00,2025-12-30,234.8,234.8,234.8,234.8,65,29900,0
FINNIFTY30DEC2527400CE.NFO,2025-12-18,13:11:00,2025-12-30,234.8,234.8,228.65,228.65,65,29965,0
FINNIFTY30DEC2527400CE.NFO,2025-12-18,13:12:00,2025-12-30,228.65,230.95,228.05,230.95,260,29965,0
FINNIFTY30DEC2527400CE.NFO,2025-12-18,13:13:00,2025-12-30,230.95,230.95,230.95,230.95,0,29965,0
FINNIFTY30DEC2527400CE.NFO,2025-12-18,13:14:00,2025-12-30,230.95,234.55,230.95,234.55,65,30290,0
FINNIFTY30DEC2527400CE.NFO,2025-12-18,13:15:00,2025-12-30,234.55,234.55,227.35,227.35,65,30290,0
FINNIFTY30DEC2527400CE.NFO,2025-12-18,13:16:00,2025-12-30,227.35,230.55,227.0,227.0,195,30290,0
FINNIFTY30DEC2527400CE.NFO,2025-12-18,13:17:00,2025-12-30,227.0,227.0,227.0,227.0,0,30290,0
FINNIFTY30DEC2527400CE.NFO,2025-12-18,13:18:00,2025-12-30,227.0,227.0,225.0,225.0,195,30355,0
FINNIFTY30DEC2527400CE.NFO,2025-12-18,13:19:00,2025-12-30,225.0,226.1,225.0,226.1,65,30355,0
FINNIFTY30DEC2527400CE.NFO,2025-12-18,13:20:00,2025-12-30,226.1,226.1,226.1,226.1,0,30355,0
FINNIFTY30DEC2527400CE.NFO,2025-12-18,13:21:00,2025-12-30,226.1,226.1,226.1,226.1,0,30355,0
FINNIFTY30DEC2527400CE.NFO,2025-12-18,13:22:00,2025-12-30,226.1,226.1,226.1,226.1,0,30355,0
FINNIFTY30DEC2527400CE.NFO,2025-12-18,13:23:00,2025-12-30,226.1,226.1,226.1,226.1,0,30355,0
FINNIFTY30DEC2527400CE.NFO,2025-12-18,13:24:00,2025-12-30,226.1,228.5,226.1,228.5,130,30355,0
FINNIFTY30DEC2527400CE.NFO,2025-12-18,13:25:00,2025-12-30,228.5,228.5,228.5,228.5,0,30355,0
FINNIFTY30DEC2527400CE.NFO,2025-12-18,13:26:00,2025-12-30,228.5,228.5,228.5,228.5,0,30355,0
FINNIFTY30DEC2527400CE.NFO,2025-12-18,13:27:00,2025-12-30,228.5,230.8,228.5,230.8,130,30355,0
FINNIFTY30DEC2527400CE.NFO,2025-12-18,13:28:00,2025-12-30,230.8,230.8,230.8,230.8,65,30355,0
FINNIFTY30DEC2527400CE.NFO,2025-12-18,13:29:00,2025-12-30,230.8,230.8,226.0,226.0,650,30485,0
FINNIFTY30DEC2527400CE.NFO,2025-12-18,13:30:00,2025-12-30,226.0,226.0,225.95,225.95,65,30485,0
FINNIFTY30DEC2527400CE.NFO,2025-12-18,13:31:00,2025-12-30,225.95,225.95,225.95,225.95,0,30485,0
FINNIFTY30DEC2527400CE.NFO,2025-12-18,13:32:00,2025-12-30,225.95,225.95,222.0,222.0,65,30485,0
FINNIFTY30DEC2527400CE.NFO,2025-12-18,13:33:00,2025-12-30,222.0,222.0,220.15,220.15,65,30485,0
FINNIFTY30DEC2527400CE.NFO,2025-12-18,13:34:00,2025-12-30,220.15,220.15,214.05,214.05,975,30485,0
FINNIFTY30DEC2527400CE.NFO,2025-12-18,13:35:00,2025-12-30,214.05,214.05,214.0,214.0,65,30485,0
FINNIFTY30DEC2527400CE.NFO,2025-12-18,13:36:00,2025-12-30,214.0,215.0,214.0,215.0,65,30615,0
FINNIFTY30DEC2527400CE.NFO,2025-12-18,13:37:00,2025-12-30,215.0,216.15,215.0,216.15,650,30615,0
FINNIFTY30DEC2527400CE.NFO,2025-12-18,13:38:00,2025-12-30,216.15,216.15,216.15,216.15,0,30615,0
FINNIFTY30DEC2527400CE.NFO,2025-12-18,13:39:00,2025-12-30,216.15,216.15,216.15,216.15,0,30615,0
FINNIFTY30DEC2527400CE.NFO,2025-12-18,13:40:00,2025-12-30,216.15,216.15,216.15,216.15,0,30615,0
FINNIFTY30DEC2527400CE.NFO,2025-12-18,13:41:00,2025-12-30,216.15,218.25,216.15,217.15,715,30615,0
FINNIFTY30DEC2527400CE.NFO,2025-12-18,13:42:00,2025-12-30,217.15,217.15,215.0,215.0,65,30615,0
FINNIFTY30DEC2527400CE.NFO,2025-12-18,13:43:00,2025-12-30,215.0,216.05,215.0,216.05,195,30615,0
FINNIFTY30DEC2527400CE.NFO,2025-12-18,13:44:00,2025-12-30,216.05,216.05,216.05,216.05,0,30615,0
FINNIFTY30DEC2527400CE.NFO,2025-12-18,13:45:00,2025-12-30,216.05,216.05,214.25,214.25,130,30615,0
FINNIFTY30DEC2527400CE.NFO,2025-12-18,13:46:00,2025-12-30,214.25,214.25,214.25,214.25,0,30615,0
FINNIFTY30DEC2527400CE.NFO,2025-12-18,13:47:00,2025-12-30,214.25,214.25,210.6,213.0,130,30615,0
FINNIFTY30DEC2527400CE.NFO,2025-12-18,13:48:00,2025-12-30,213.0,213.0,213.0,213.0,65,30615,0
FINNIFTY30DEC2527400CE.NFO,2025-12-18,13:49:00,2025-12-30,213.0,213.0,213.0,213.0,0,30615,0
FINNIFTY30DEC2527400CE.NFO,2025-12-18,13:50:00,2025-12-30,213.0,213.0,213.0,213.0,0,30615,0
FINNIFTY30DEC2527400CE.NFO,2025-12-18,13:51:00,2025-12-30,213.0,213.0,213.0,213.0,0,30615,0
FINNIFTY30DEC2527400CE.NFO,2025-12-18,13:52:00,2025-12-30,213.0,216.05,213.0,216.05,65,30680,0
FINNIFTY30DEC2527400CE.NFO,2025-12-18,13:53:00,2025-12-30,216.05,216.05,216.05,216.05,0,30680,0
FINNIFTY30DEC2527400CE.NFO,2025-12-18,13:54:00,2025-12-30,216.05,216.05,216.05,216.05,0,30680,0
FINNIFTY30DEC2527400CE.NFO,2025-12-18,13:55:00,2025-12-30,216.05,216.05,216.05,216.05,0,30680,0
FINNIFTY30DEC2527400CE.NFO,2025-12-18,13:56:00,2025-12-30,216.05,216.05,216.05,216.05,0,30680,0
FINNIFTY30DEC2527400CE.NFO,2025-12-18,13:57:00,2025-12-30,216.05,216.05,216.05,216.05,0,30680,0
FINNIFTY30DEC2527400CE.NFO,2025-12-18,13:58:00,2025-12-30,216.05,220.5,216.05,220.5,195,30745,0
FINNIFTY30DEC2527400CE.NFO,2025-12-18,13:59:00,2025-12-30,220.5,220.5,218.0,218.0,390,30875,0
FINNIFTY30DEC2527400CE.NFO,2025-12-18,14:00:00,2025-12-30,218.0,218.0,212.0,212.0,0,30875,0
FINNIFTY30DEC2527400CE.NFO,2025-12-18,14:01:00,2025-12-30,212.0,212.0,210.0,210.2,455,30875,0
FINNIFTY30DEC2527400CE.NFO,2025-12-18,14:02:00,2025-12-30,210.2,210.2,203.9,203.9,390,31135,0
FINNIFTY30DEC2527400CE.NFO,2025-12-18,14:03:00,2025-12-30,203.9,205.75,203.9,205.75,130,31135,0
FINNIFTY30DEC2527400CE.NFO,2025-12-18,14:04:00,2025-12-30,205.75,205.75,205.75,205.75,0,31135,0
FINNIFTY30DEC2527400CE.NFO,2025-12-18,14:05:00,2025-12-30,205.75,205.75,205.75,205.75,0,31135,0
FINNIFTY30DEC2527400CE.NFO,2025-12-18,14:06:00,2025-12-30,205.75,205.75,205.75,205.75,0,31135,0
FINNIFTY30DEC2527400CE.NFO,2025-12-18,14:07:00,2025-12-30,205.75,205.75,194.75,194.75,650,30940,0
FINNIFTY30DEC2527400CE.NFO,2025-12-18,14:08:00,2025-12-30,194.75,199.4,194.75,199.4,195,31005,0
FINNIFTY30DEC2527400CE.NFO,2025-12-18,14:09:00,2025-12-30,199.4,201.15,199.15,199.15,260,31005,0
FINNIFTY30DEC2527400CE.NFO,2025-12-18,14:10:00,2025-12-30,199.15,199.15,192.8,195.05,390,31005,0
FINNIFTY30DEC2527400CE.NFO,2025-12-18,14:11:00,2025-12-30,195.05,195.05,195.0,195.0,65,31005,0
FINNIFTY30DEC2527400CE.NFO,2025-12-18,14:12:00,2025-12-30,195.0,195.0,194.0,194.0,195,31395,0
FINNIFTY30DEC2527400CE.NFO,2025-12-18,14:13:00,2025-12-30,194.0,194.0,194.0,194.0,0,31395,0
FINNIFTY30DEC2527400CE.NFO,2025-12-18,14:14:00,2025-12-30,194.0,195.3,194.0,194.1,195,31330,0
FINNIFTY30DEC2527400CE.NFO,2025-12-18,14:15:00,2025-12-30,194.1,194.65,194.1,194.65,65,31330,0
FINNIFTY30DEC2527400CE.NFO,2025-12-18,14:16:00,2025-12-30,194.65,194.65,193.0,193.0,130,31330,0
FINNIFTY30DEC2527400CE.NFO,2025-12-18,14:17:00,2025-12-30,193.0,198.65,193.0,198.65,455,31785,0
FINNIFTY30DEC2527400CE.NFO,2025-12-18,14:18:00,2025-12-30,198.65,198.65,198.65,198.65,0,31785,0
FINNIFTY30DEC2527400CE.NFO,2025-12-18,14:19:00,2025-12-30,198.65,198.65,198.65,198.65,0,31785,0
FINNIFTY30DEC2527400CE.NFO,2025-12-18,14:20:00,2025-12-30,198.65,198.65,198.65,198.65,0,31785,0
FINNIFTY30DEC2527400CE.NFO,2025-12-18,14:21:00,2025-12-30,198.65,198.65,194.75,194.75,65,31850,0
FINNIFTY30DEC2527400CE.NFO,2025-12-18,14:22:00,2025-12-30,194.75,194.75,194.75,194.75,0,31850,0
FINNIFTY30DEC2527400CE.NFO,2025-12-18,14:23:00,2025-12-30,194.75,194.75,184.3,184.3,455,31850,0
FINNIFTY30DEC2527400CE.NFO,2025-12-18,14:24:00,2025-12-30,184.3,184.3,175.0,175.0,390,32110,0
FINNIFTY30DEC2527400CE.NFO,2025-12-18,14:25:00,2025-12-30,175.0,176.75,175.0,176.75,130,32110,0
FINNIFTY30DEC2527400CE.NFO,2025-12-18,14:26:00,2025-12-30,176.75,176.75,176.75,176.75,0,32110,0
FINNIFTY30DEC2527400CE.NFO,2025-12-18,14:27:00,2025-12-30,176.75,179.65,176.75,179.65,130,32370,0
FINNIFTY30DEC2527400CE.NFO,2025-12-18,14:28:00,2025-12-30,179.65,179.65,179.65,179.65,0,32370,0
FINNIFTY30DEC2527400CE.NFO,2025-12-18,14:29:00,2025-12-30,179.65,179.65,179.65,179.65,0,32370,0
FINNIFTY30DEC2527400CE.NFO,2025-12-18,14:30:00,2025-12-30,179.65,182.0,179.65,182.0,65,32240,0
FINNIFTY30DEC2527400CE.NFO,2025-12-18,14:31:00,2025-12-30,182.0,183.3,182.0,183.3,130,32240,0
FINNIFTY30DEC2527400CE.NFO,2025-12-18,14:32:00,2025-12-30,183.3,186.25,183.3,186.25,65,32305,0
FINNIFTY30DEC2527400CE.NFO,2025-12-18,14:33:00,2025-12-30,186.25,186.25,186.0,186.0,65,32305,0
FINNIFTY30DEC2527400CE.NFO,2025-12-18,14:34:00,2025-12-30,186.0,186.0,181.2,181.2,65,32305,0
FINNIFTY30DEC2527400CE.NFO,2025-12-18,14:35:00,2025-12-30,181.2,181.2,179.9,179.9,780,32370,0
FINNIFTY30DEC2527400CE.NFO,2025-12-18,14:36:00,2025-12-30,179.9,184.3,179.9,184.3,260,32370,0
FINNIFTY30DEC2527400CE.NFO,2025-12-18,14:37:00,2025-12-30,184.3,184.3,181.45,181.45,585,32370,0
FINNIFTY30DEC2527400CE.NFO,2025-12-18,14:38:00,2025-12-30,181.45,181.45,179.1,179.1,65,32305,0
FINNIFTY30DEC2527400CE.NFO,2025-12-18,14:39:00,2025-12-30,179.1,179.6,177.05,177.45,780,32305,0
FINNIFTY30DEC2527400CE.NFO,2025-12-18,14:40:00,2025-12-30,177.45,177.85,177.45,177.85,65,32305,0
FINNIFTY30DEC2527400CE.NFO,2025-12-18,14:41:00,2025-12-30,177.85,179.6,175.8,176.2,455,32565,0
FINNIFTY30DEC2527400CE.NFO,2025-12-18,14:42:00,2025-12-30,176.2,179.45,176.2,179.45,130,32565,0
FINNIFTY30DEC2527400CE.NFO,2025-12-18,14:43:00,2025-12-30,179.45,179.45,179.45,179.45,0,32565,0
FINNIFTY30DEC2527400CE.NFO,2025-12-18,14:44:00,2025-12-30,179.45,179.45,179.45,179.45,0,32565,0
FINNIFTY30DEC2527400CE.NFO,2025-12-18,14:45:00,2025-12-30,179.45,182.45,179.45,182.45,65,32955,0
FINNIFTY30DEC2527400CE.NFO,2025-12-18,14:46:00,2025-12-30,182.45,182.45,182.45,182.45,1105,32955,0
FINNIFTY30DEC2527400CE.NFO,2025-12-18,14:47:00,2025-12-30,182.45,182.45,182.45,182.45,0,32955,0
FINNIFTY30DEC2527400CE.NFO,2025-12-18,14:48:00,2025-12-30,182.45,182.45,182.45,182.45,0,32955,0
FINNIFTY30DEC2527400CE.NFO,2025-12-18,14:49:00,2025-12-30,182.45,182.45,182.45,182.45,0,32955,0
FINNIFTY30DEC2527400CE.NFO,2025-12-18,14:50:00,2025-12-30,182.45,182.45,180.35,180.35,65,33995,0
FINNIFTY30DEC2527400CE.NFO,2025-12-18,14:51:00,2025-12-30,180.35,180.35,178.35,178.35,260,33995,0
FINNIFTY30DEC2527400CE.NFO,2025-12-18,14:52:00,2025-12-30,178.35,178.35,174.0,175.45,845,33995,0
FINNIFTY30DEC2527400CE.NFO,2025-12-18,14:53:00,2025-12-30,175.45,176.15,173.6,173.7,2145,34775,0
FINNIFTY30DEC2527400CE.NFO,2025-12-18,14:54:00,2025-12-30,173.7,175.8,173.7,174.85,325,34775,0
FINNIFTY30DEC2527400CE.NFO,2025-12-18,14:55:00,2025-12-30,174.85,178.6,174.85,177.25,390,34775,0
FINNIFTY30DEC2527400CE.NFO,2025-12-18,14:56:00,2025-12-30,177.25,180.0,177.25,178.5,130,34775,0
FINNIFTY30DEC2527400CE.NFO,2025-12-18,14:57:00,2025-12-30,178.5,178.5,178.5,178.5,0,34775,0
FINNIFTY30DEC2527400CE.NFO,2025-12-18,14:58:00,2025-12-30,178.5,178.5,178.5,178.5,0,34775,0
FINNIFTY30DEC2527400CE.NFO,2025-12-18,14:59:00,2025-12-30,178.5,178.5,177.0,177.0,1300,34840,0
FINNIFTY30DEC2527400CE.NFO,2025-12-18,15:00:00,2025-12-30,177.0,180.8,177.0,178.1,390,34125,0
FINNIFTY30DEC2527400CE.NFO,2025-12-18,15:01:00,2025-12-30,178.1,178.1,177.45,177.45,65,34125,0
FINNIFTY30DEC2527400CE.NFO,2025-12-18,15:02:00,2025-12-30,177.45,178.0,177.45,177.95,260,34580,0
FINNIFTY30DEC2527400CE.NFO,2025-12-18,15:03:00,2025-12-30,177.95,177.95,177.95,177.95,0,34580,0
FINNIFTY30DEC2527400CE.NFO,2025-12-18,15:04:00,2025-12-30,177.95,181.5,177.95,181.5,65,34580,0
FINNIFTY30DEC2527400CE.NFO,2025-12-18,15:05:00,2025-12-30,181.5,181.55,178.05,181.55,130,34515,0
FINNIFTY30DEC2527400CE.NFO,2025-12-18,15:06:00,2025-12-30,181.55,181.55,174.75,174.75,1365,34515,0
FINNIFTY30DEC2527400CE.NFO,2025-12-18,15:07:00,2025-12-30,174.8,175.8,174.8,175.8,910,34515,0
FINNIFTY30DEC2527400CE.NFO,2025-12-18,15:08:00,2025-12-30,175.8,176.6,175.8,176.6,130,35360,0
FINNIFTY30DEC2527400CE.NFO,2025-12-18,15:09:00,2025-12-30,176.6,177.25,175.1,177.25,325,35360,0
FINNIFTY30DEC2527400CE.NFO,2025-12-18,15:10:00,2025-12-30,177.25,177.25,177.25,177.25,0,35360,0
FINNIFTY30DEC2527400CE.NFO,2025-12-18,15:11:00,2025-12-30,177.25,177.25,177.25,177.25,0,35360,0
FINNIFTY30DEC2527400CE.NFO,2025-12-18,15:12:00,2025-12-30,177.25,177.25,177.25,177.25,0,35360,0
FINNIFTY30DEC2527400CE.NFO,2025-12-18,15:13:00,2025-12-30,177.25,177.25,176.15,176.15,130,35555,0
FINNIFTY30DEC2527400CE.NFO,2025-12-18,15:14:00,2025-12-30,176.15,177.0,175.45,177.0,260,35555,0
FINNIFTY30DEC2527400CE.NFO,2025-12-18,15:15:00,2025-12-30,177.0,177.85,177.0,177.35,390,35620,0
FINNIFTY30DEC2527400CE.NFO,2025-12-18,15:16:00,2025-12-30,177.35,178.25,177.35,178.25,195,35620,0
FINNIFTY30DEC2527400CE.NFO,2025-12-18,15:17:00,2025-12-30,178.25,179.1,176.15,176.15,520,35620,0
FINNIFTY30DEC2527400CE.NFO,2025-12-18,15:18:00,2025-12-30,176.15,180.9,176.15,180.9,65,36075,0
FINNIFTY30DEC2527400CE.NFO,2025-12-18,15:19:00,2025-12-30,180.9,180.9,178.55,178.7,390,36075,0
FINNIFTY30DEC2527400CE.NFO,2025-12-18,15:20:00,2025-12-30,178.7,181.7,178.4,179.45,6500,33345,0
FINNIFTY30DEC2527400CE.NFO,2025-12-18,15:21:00,2025-12-30,179.2,179.2,176.35,177.6,1820,33345,0
FINNIFTY30DEC2527400CE.NFO,2025-12-18,15:22:00,2025-12-30,177.6,178.25,175.1,178.25,4160,33345,0
FINNIFTY30DEC2527400CE.NFO,2025-12-18,15:23:00,2025-12-30,178.25,178.25,177.9,178.25,195,33345,0
FINNIFTY30DEC2527400CE.NFO,2025-12-18,15:24:00,2025-12-30,178.25,179.15,177.0,179.15,1430,33800,0
FINNIFTY30DEC2527400CE.NFO,2025-12-18,15:25:00,2025-12-30,179.15,179.9,179.15,179.45,390,33800,0
FINNIFTY30DEC2527400CE.NFO,2025-12-18,15:26:00,2025-12-30,179.45,179.8,179.45,179.8,845,34190,0
FINNIFTY30DEC2527400CE.NFO,2025-12-18,15:27:00,2025-12-30,179.8,181.6,179.8,179.8,1430,34190,0
FINNIFTY30DEC2527400CE.NFO,2025-12-18,15:28:00,2025-12-30,179.8,182.4,179.65,182.2,2080,34190,0
FINNIFTY30DEC2527400CE.NFO,2025-12-18,15:29:00,2025-12-30,182.2,184.6,181.15,184.6,585,33995,0
FINNIFTY30DEC2527400CE.NFO,2025-12-18,15:30:00,2025-12-30,184.6,184.6,184.6,184.6,585,33995,1
FINNIFTY30DEC2527400CE.NFO,2025-12-19,09:15:00,2025-12-30,204.95,249.15,156.05,186.7,3315,33670,0
FINNIFTY30DEC2527400CE.NFO,2025-12-19,09:16:00,2025-12-30,186.7,206.0,186.7,203.2,650,33605,0
FINNIFTY30DEC2527400CE.NFO,2025-12-19,09:17:00,2025-12-30,203.2,209.95,203.2,206.5,1625,33605,0
FINNIFTY30DEC2527400CE.NFO,2025-12-19,09:18:00,2025-12-30,206.5,214.9,203.7,214.9,780,33605,0
FINNIFTY30DEC2527400CE.NFO,2025-12-19,09:19:00,2025-12-30,214.9,214.95,210.5,212.6,910,34060,0
FINNIFTY30DEC2527400CE.NFO,2025-12-19,09:20:00,2025-12-30,212.6,218.3,204.6,212.6,650,34060,0
FINNIFTY30DEC2527400CE.NFO,2025-12-19,09:21:00,2025-12-30,212.6,226.25,212.6,222.45,1365,34060,0
FINNIFTY30DEC2527400CE.NFO,2025-12-19,09:22:00,2025-12-30,222.45,230.0,222.45,225.55,1560,33735,0
FINNIFTY30DEC2527400CE.NFO,2025-12-19,09:23:00,2025-12-30,225.55,225.55,219.9,221.35,1365,33735,0
FINNIFTY30DEC2527400CE.NFO,2025-12-19,09:24:00,2025-12-30,221.35,221.35,220.0,220.2,455,33735,0
FINNIFTY30DEC2527400CE.NFO,2025-12-19,09:25:00,2025-12-30,220.2,220.2,216.55,216.6,780,33930,0
FINNIFTY30DEC2527400CE.NFO,2025-12-19,09:26:00,2025-12-30,216.6,217.8,216.6,217.8,195,33930,0
FINNIFTY30DEC2527400CE.NFO,2025-12-19,09:27:00,2025-12-30,217.8,226.25,217.8,224.5,650,33930,0
FINNIFTY30DEC2527400CE.NFO,2025-12-19,09:28:00,2025-12-30,224.5,225.7,220.9,225.7,585,34060,0
FINNIFTY30DEC2527400CE.NFO,2025-12-19,09:29:00,2025-12-30,225.7,227.05,224.75,226.2,520,34060,0
FINNIFTY30DEC2527400CE.NFO,2025-12-19,09:30:00,2025-12-30,226.2,236.0,226.2,232.8,2860,34060,0
FINNIFTY30DEC2527400CE.NFO,2025-12-19,09:31:00,2025-12-30,232.8,237.6,232.0,232.05,1430,34385,0
FINNIFTY30DEC2527400CE.NFO,2025-12-19,09:32:00,2025-12-30,232.05,234.25,228.6,233.2,975,34385,0
FINNIFTY30DEC2527400CE.NFO,2025-12-19,09:33:00,2025-12-30,233.2,235.7,230.0,231.75,3640,34385,0
FINNIFTY30DEC2527400CE.NFO,2025-12-19,09:34:00,2025-12-30,231.75,234.8,231.0,233.0,585,34515,0
FINNIFTY30DEC2527400CE.NFO,2025-12-19,09:35:00,2025-12-30,233.0,235.75,233.0,235.35,585,34515,0
FINNIFTY30DEC2527400CE.NFO,2025-12-19,09:36:00,2025-12-30,235.35,235.35,231.0,234.05,1170,34515,0
FINNIFTY30DEC2527400CE.NFO,2025-12-19,09:37:00,2025-12-30,234.05,236.75,232.1,233.95,975,35165,0
FINNIFTY30DEC2527400CE.NFO,2025-12-19,09:38:00,2025-12-30,233.95,234.95,231.65,231.65,1040,35165,0
FINNIFTY30DEC2527400CE.NFO,2025-12-19,09:39:00,2025-12-30,231.65,236.85,231.65,236.45,780,35165,0
FINNIFTY30DEC2527400CE.NFO,2025-12-19,09:40:00,2025-12-30,236.45,236.45,233.2,233.2,455,35685,0
FINNIFTY30DEC2527400CE.NFO,2025-12-19,09:41:00,2025-12-30,233.2,234.0,230.8,234.0,1430,35685,0
FINNIFTY30DEC2527400CE.NFO,2025-12-19,09:42:00,2025-12-30,234.0,237.4,234.0,237.4,195,35685,0
FINNIFTY30DEC2527400CE.NFO,2025-12-19,09:43:00,2025-12-30,237.4,237.4,231.25,231.25,455,36530,0
FINNIFTY30DEC2527400CE.NFO,2025-12-19,09:44:00,2025-12-30,231.25,231.5,228.05,228.05,455,36530,0
FINNIFTY30DEC2527400CE.NFO,2025-12-19,09:45:00,2025-12-30,228.05,238.15,228.05,236.8,1170,36530,0
FINNIFTY30DEC2527400CE.NFO,2025-12-19,09:46:00,2025-12-30,236.8,236.8,233.05,233.3,1430,36530,0
FINNIFTY30DEC2527400CE.NFO,2025-12-19,09:47:00,2025-12-30,233.3,233.3,233.3,233.3,130,36530,0
FINNIFTY30DEC2527400CE.NFO,2025-12-19,09:48:00,2025-12-30,233.3,233.3,225.0,225.0,520,36530,0
FINNIFTY30DEC2527400CE.NFO,2025-12-19,09:49:00,2025-12-30,225.0,225.2,223.0,224.35,585,37570,0
FINNIFTY30DEC2527400CE.NFO,2025-12-19,09:50:00,2025-12-30,224.35,227.4,224.35,224.6,455,37570,0
FINNIFTY30DEC2527400CE.NFO,2025-12-19,09:51:00,2025-12-30,224.6,224.6,224.6,224.6,0,37570,0
FINNIFTY30DEC2527400CE.NFO,2025-12-19,09:52:00,2025-12-30,224.6,224.8,224.6,224.8,65,37570,0
FINNIFTY30DEC2527400CE.NFO,2025-12-19,09:53:00,2025-12-30,224.8,224.8,224.8,224.8,0,37570,0
FINNIFTY30DEC2527400CE.NFO,2025-12-19,09:54:00,2025-12-30,224.8,228.0,224.8,228.0,65,37635,0
FINNIFTY30DEC2527400CE.NFO,2025-12-19,09:55:00,2025-12-30,228.0,234.4,228.0,234.4,195,37635,0
FINNIFTY30DEC2527400CE.NFO,2025-12-19,09:56:00,2025-12-30,234.4,235.4,234.4,235.35,585,37635,0
FINNIFTY30DEC2527400CE.NFO,2025-12-19,09:57:00,2025-12-30,235.35,235.35,233.7,233.7,65,37635,0
FINNIFTY30DEC2527400CE.NFO,2025-12-19,09:58:00,2025-12-30,233.7,238.7,233.7,238.0,715,37895,0
FINNIFTY30DEC2527400CE.NFO,2025-12-19,09:59:00,2025-12-30,238.0,239.6,237.7,237.7,1235,37895,0
FINNIFTY30DEC2527400CE.NFO,2025-12-19,10:00:00,2025-12-30,237.7,245.0,237.7,240.85,3185,37895,0
FINNIFTY30DEC2527400CE.NFO,2025-12-19,10:01:00,2025-12-30,240.85,240.85,236.6,236.6,1105,37115,0
FINNIFTY30DEC2527400CE.NFO,2025-12-19,10:02:00,2025-12-30,236.6,239.85,236.6,236.6,1755,37115,0
FINNIFTY30DEC2527400CE.NFO,2025-12-19,10:03:00,2025-12-30,236.6,236.6,234.0,236.2,195,37115,0
FINNIFTY30DEC2527400CE.NFO,2025-12-19,10:04:00,2025-12-30,236.2,236.45,233.0,233.0,845,36790,0
FINNIFTY30DEC2527400CE.NFO,2025-12-19,10:05:00,2025-12-30,233.0,234.6,226.6,226.6,1105,36790,0
FINNIFTY30DEC2527400CE.NFO,2025-12-19,10:06:00,2025-12-30,225.35,225.35,214.35,214.35,2340,36790,0
FINNIFTY30DEC2527400CE.NFO,2025-12-19,10:07:00,2025-12-30,214.8,219.9,209.1,219.9,1625,36205,0
FINNIFTY30DEC2527400CE.NFO,2025-12-19,10:08:00,2025-12-30,219.9,221.5,219.25,221.5,195,36205,0
FINNIFTY30DEC2527400CE.NFO,2025-12-19,10:09:00,2025-12-30,221.5,226.4,221.5,226.4,65,36205,0
FINNIFTY30DEC2527400CE.NFO,2025-12-19,10:10:00,2025-12-30,226.4,228.0,222.8,222.8,325,35945,0
FINNIFTY30DEC2527400CE.NFO,2025-12-19,10:11:00,2025-12-30,222.8,225.95,220.65,223.65,1300,35945,0
FINNIFTY30DEC2527400CE.NFO,2025-12-19,10:12:00,2025-12-30,223.65,223.65,221.4,221.4,65,35945,0
FINNIFTY30DEC2527400CE.NFO,2025-12-19,10:13:00,2025-12-30,221.4,221.4,218.75,218.8,130,36400,0
FINNIFTY30DEC2527400CE.NFO,2025-12-19,10:14:00,2025-12-30,218.8,220.0,218.8,220.0,195,36400,0
FINNIFTY30DEC2527400CE.NFO,2025-12-19,10:15:00,2025-12-30,220.0,220.0,219.3,219.55,650,36400,0
FINNIFTY30DEC2527400CE.NFO,2025-12-19,10:16:00,2025-12-30,219.55,221.05,219.55,221.05,65,36920,0
FINNIFTY30DEC2527400CE.NFO,2025-12-19,10:17:00,2025-12-30,221.05,228.0,221.05,228.0,845,36920,0
FINNIFTY30DEC2527400CE.NFO,2025-12-19,10:18:00,2025-12-30,228.0,228.0,225.65,225.65,910,36920,0
FINNIFTY30DEC2527400CE.NFO,2025-12-19,10:19:00,2025-12-30,225.65,226.0,225.65,226.0,130,37245,0
FINNIFTY30DEC2527400CE.NFO,2025-12-19,10:20:00,2025-12-30,226.0,226.0,226.0,226.0,0,37245,0
FINNIFTY30DEC2527400CE.NFO,2025-12-19,10:21:00,2025-12-30,226.0,226.0,225.55,225.55,585,37245,0
FINNIFTY30DEC2527400CE.NFO,2025-12-19,10:22:00,2025-12-30,225.55,226.0,225.55,226.0,130,36855,0
FINNIFTY30DEC2527400CE.NFO,2025-12-19,10:23:00,2025-12-30,226.0,226.0,226.0,226.0,0,36855,0
FINNIFTY30DEC2527400CE.NFO,2025-12-19,10:24:00,2025-12-30,226.0,229.5,226.0,227.75,390,36855,0
FINNIFTY30DEC2527400CE.NFO,2025-12-19,10:25:00,2025-12-30,227.75,229.45,227.75,228.9,845,36855,0
FINNIFTY30DEC2527400CE.NFO,2025-12-19,10:26:00,2025-12-30,228.9,229.0,226.15,229.0,130,36855,0
FINNIFTY30DEC2527400CE.NFO,2025-12-19,10:27:00,2025-12-30,229.0,231.45,229.0,231.45,260,36855,0
FINNIFTY30DEC2527400CE.NFO,2025-12-19,10:28:00,2025-12-30,231.45,231.45,227.35,229.55,260,36985,0
FINNIFTY30DEC2527400CE.NFO,2025-12-19,10:29:00,2025-12-30,229.55,229.55,226.15,229.1,325,36985,0
FINNIFTY30DEC2527400CE.NFO,2025-12-19,10:30:00,2025-12-30,229.1,229.1,228.5,228.5,130,36985,0
FINNIFTY30DEC2527400CE.NFO,2025-12-19,10:31:00,2025-12-30,228.5,229.1,228.5,229.1,65,36985,0
FINNIFTY30DEC2527400CE.NFO,2025-12-19,10:32:00,2025-12-30,229.1,229.1,228.4,228.4,130,36920,0
FINNIFTY30DEC2527400CE.NFO,2025-12-19,10:33:00,2025-12-30,228.4,228.4,228.4,228.4,0,36920,0
FINNIFTY30DEC2527400CE.NFO,2025-12-19,10:34:00,2025-12-30,228.4,228.4,223.8,225.35,455,36985,0
FINNIFTY30DEC2527400CE.NFO,2025-12-19,10:35:00,2025-12-30,225.35,225.35,224.65,224.65,260,36985,0
FINNIFTY30DEC2527400CE.NFO,2025-12-19,10:36:00,2025-12-30,224.65,224.65,224.65,224.65,0,36985,0
FINNIFTY30DEC2527400CE.NFO,2025-12-19,10:37:00,2025-12-30,224.65,224.65,219.85,219.85,650,36920,0
FINNIFTY30DEC2527400CE.NFO,2025-12-19,10:38:00,2025-12-30,219.85,219.85,219.85,219.85,0,36920,0
FINNIFTY30DEC2527400CE.NFO,2025-12-19,10:39:00,2025-12-30,219.85,221.95,219.85,221.95,65,36920,0
FINNIFTY30DEC2527400CE.NFO,2025-12-19,10:40:00,2025-12-30,221.95,221.95,221.95,221.95,0,36920,0
FINNIFTY30DEC2527400CE.NFO,2025-12-19,10:41:00,2025-12-30,221.95,223.2,221.65,221.65,195,37245,0
FINNIFTY30DEC2527400CE.NFO,2025-12-19,10:42:00,2025-12-30,221.65,224.1,221.65,224.1,65,37245,0
FINNIFTY30DEC2527400CE.NFO,2025-12-19,10:43:00,2025-12-30,224.1,228.5,224.1,227.7,130,37245,0
FINNIFTY30DEC2527400CE.NFO,2025-12-19,10:44:00,2025-12-30,227.7,227.7,227.7,227.7,0,37245,0
FINNIFTY30DEC2527400CE.NFO,2025-12-19,10:45:00,2025-12-30,227.7,227.7,223.3,224.05,845,37310,0
FINNIFTY30DEC2527400CE.NFO,2025-12-19,10:46:00,2025-12-30,224.05,224.05,219.55,219.55,195,37570,0
FINNIFTY30DEC2527400CE.NFO,2025-12-19,10:47:00,2025-12-30,219.55,219.55,218.6,218.6,195,37570,0
FINNIFTY30DEC2527400CE.NFO,2025-12-19,10:48:00,2025-12-30,218.6,218.6,216.45,216.9,260,37570,0
FINNIFTY30DEC2527400CE.NFO,2025-12-19,10:49:00,2025-12-30,216.9,216.9,216.9,216.9,0,37570,0
FINNIFTY30DEC2527400CE.NFO,2025-12-19,10:50:00,2025-12-30,216.9,216.9,216.9,216.9,0,37570,0
FINNIFTY30DEC2527400CE.NFO,2025-12-19,10:51:00,2025-12-30,216.9,216.9,216.9,216.9,0,37570,0
FINNIFTY30DEC2527400CE.NFO,2025-12-19,10:52:00,2025-12-30,216.9,220.05,216.9,219.95,325,37635,0
FINNIFTY30DEC2527400CE.NFO,2025-12-19,10:53:00,2025-12-30,219.95,222.0,219.95,222.0,65,37505,0
FINNIFTY30DEC2527400CE.NFO,2025-12-19,10:54:00,2025-12-30,222.0,222.0,222.0,222.0,0,37505,0
FINNIFTY30DEC2527400CE.NFO,2025-12-19,10:55:00,2025-12-30,222.0,222.0,222.0,222.0,0,37505,0
FINNIFTY30DEC2527400CE.NFO,2025-12-19,10:56:00,2025-12-30,222.0,222.0,222.0,222.0,65,37505,0
FINNIFTY30DEC2527400CE.NFO,2025-12-19,10:57:00,2025-12-30,222.0,222.0,213.65,213.65,715,37505,0
FINNIFTY30DEC2527400CE.NFO,2025-12-19,10:58:00,2025-12-30,213.65,213.65,213.65,213.65,0,37505,0
FINNIFTY30DEC2527400CE.NFO,2025-12-19,10:59:00,2025-12-30,213.65,213.65,213.65,213.65,65,37635,0
FINNIFTY30DEC2527400CE.NFO,2025-12-19,11:00:00,2025-12-30,213.65,213.65,213.65,213.65,0,37635,0
FINNIFTY30DEC2527400CE.NFO,2025-12-19,11:01:00,2025-12-30,213.65,213.65,213.45,213.45,65,37635,0
FINNIFTY30DEC2527400CE.NFO,2025-12-19,11:02:00,2025-12-30,213.45,213.45,210.7,210.7,195,37635,0
FINNIFTY30DEC2527400CE.NFO,2025-12-19,11:03:00,2025-12-30,210.7,210.7,203.9,203.9,325,37635,0
FINNIFTY30DEC2527400CE.NFO,2025-12-19,11:04:00,2025-12-30,203.9,206.8,203.9,205.65,1235,38415,0
FINNIFTY30DEC2527400CE.NFO,2025-12-19,11:05:00,2025-12-30,205.65,207.0,205.65,206.6,65,38415,0
FINNIFTY30DEC2527400CE.NFO,2025-12-19,11:06:00,2025-12-30,206.6,206.6,203.0,203.0,65,38415,0
FINNIFTY30DEC2527400CE.NFO,2025-12-19,11:07:00,2025-12-30,203.0,203.0,199.2,199.8,650,38415,0
FINNIFTY30DEC2527400CE.NFO,2025-12-19,11:08:00,2025-12-30,199.8,210.0,199.8,209.3,2145,37895,0
FINNIFTY30DEC2527400CE.NFO,2025-12-19,11:09:00,2025-12-30,209.3,209.3,207.95,207.95,260,37895,0
FINNIFTY30DEC2527400CE.NFO,2025-12-19,11:10:00,2025-12-30,207.95,208.15,207.95,208.15,65,36920,0
FINNIFTY30DEC2527400CE.NFO,2025-12-19,11:11:00,2025-12-30,208.15,208.15,208.15,208.15,0,36920,0
FINNIFTY30DEC2527400CE.NFO,2025-12-19,11:12:00,2025-12-30,208.15,208.35,207.1,208.35,195,36920,0
FINNIFTY30DEC2527400CE.NFO,2025-12-19,11:13:00,2025-12-30,208.35,208.35,207.9,207.9,65,36920,0
FINNIFTY30DEC2527400CE.NFO,2025-12-19,11:14:00,2025-12-30,207.9,210.05,207.9,210.05,65,36920,0
FINNIFTY30DEC2527400CE.NFO,2025-12-19,11:15:00,2025-12-30,210.05,210.05,207.05,207.05,520,36920,0
FINNIFTY30DEC2527400CE.NFO,2025-12-19,11:16:00,2025-12-30,207.05,208.35,207.05,208.35,650,36920,0
FINNIFTY30DEC2527400CE.NFO,2025-12-19,11:17:00,2025-12-30,208.35,209.35,203.95,204.0,325,37895,0
FINNIFTY30DEC2527400CE.NFO,2025-12-19,11:18:00,2025-12-30,204.0,204.0,204.0,204.0,0,37895,0
FINNIFTY30DEC2527400CE.NFO,2025-12-19,11:19:00,2025-12-30,204.0,204.0,201.6,202.65,260,37895,0
FINNIFTY30DEC2527400CE.NFO,2025-12-19,11:20:00,2025-12-30,202.65,204.6,202.65,204.05,325,38220,0
FINNIFTY30DEC2527400CE.NFO,2025-12-19,11:21:00,2025-12-30,204.05,207.3,203.9,207.3,325,38220,0
FINNIFTY30DEC2527400CE.NFO,2025-12-19,11:22:00,2025-12-30,207.3,207.45,207.3,207.45,65,38220,0
FINNIFTY30DEC2527400CE.NFO,2025-12-19,11:23:00,2025-12-30,207.45,207.45,205.0,205.0,650,37895,0
FINNIFTY30DEC2527400CE.NFO,2025-12-19,11:24:00,2025-12-30,205.0,205.0,203.25,203.75,130,37895,0
FINNIFTY30DEC2527400CE.NFO,2025-12-19,11:25:00,2025-12-30,202.2,202.2,199.45,201.2,390,37895,0
FINNIFTY30DEC2527400CE.NFO,2025-12-19,11:26:00,2025-12-30,201.2,202.5,200.0,200.65,910,37895,0
FINNIFTY30DEC2527400CE.NFO,2025-12-19,11:27:00,2025-12-30,200.65,200.85,199.0,199.0,455,37895,0
FINNIFTY30DEC2527400CE.NFO,2025-12-19,11:28:00,2025-12-30,199.0,199.0,197.2,197.2,715,37895,0
FINNIFTY30DEC2527400CE.NFO,2025-12-19,11:29:00,2025-12-30,197.2,197.2,196.0,196.0,130,38415,0
FINNIFTY30DEC2527400CE.NFO,2025-12-19,11:30:00,2025-12-30,196.0,196.9,195.8,196.45,650,38415,0
FINNIFTY30DEC2527400CE.NFO,2025-12-19,11:31:00,2025-12-30,196.45,200.45,196.45,200.45,65,38415,0
FINNIFTY30DEC2527400CE.NFO,2025-12-19,11:32:00,2025-12-30,200.45,200.45,195.0,196.45,455,38350,0
FINNIFTY30DEC2527400CE.NFO,2025-12-19,11:33:00,2025-12-30,196.45,196.45,196.45,196.45,0,38350,0
FINNIFTY30DEC2527400CE.NFO,2025-12-19,11:34:00,2025-12-30,196.45,197.8,196.45,197.8,195,38350,0
FINNIFTY30DEC2527400CE.NFO,2025-12-19,11:35:00,2025-12-30,197.8,198.9,196.0,198.9,195,38350,0
FINNIFTY30DEC2527400CE.NFO,2025-12-19,11:36:00,2025-12-30,198.9,201.9,198.9,200.0,780,38350,0
FINNIFTY30DEC2527400CE.NFO,2025-12-19,11:37:00,2025-12-30,201.15,201.15,198.0,198.0,455,37830,0
FINNIFTY30DEC2527400CE.NFO,2025-12-19,11:38:00,2025-12-30,198.0,198.0,198.0,198.0,0,37830,0
FINNIFTY30DEC2527400CE.NFO,2025-12-19,11:39:00,2025-12-30,198.0,199.45,197.7,198.3,195,37830,0
FINNIFTY30DEC2527400CE.NFO,2025-12-19,11:40:00,2025-12-30,198.3,198.3,198.3,198.3,0,37830,0
FINNIFTY30DEC2527400CE.NFO,2025-12-19,11:41:00,2025-12-30,198.3,200.0,198.3,200.0,65,37895,0
FINNIFTY30DEC2527400CE.NFO,2025-12-19,11:42:00,2025-12-30,200.0,200.0,200.0,200.0,0,37895,0
FINNIFTY30DEC2527400CE.NFO,2025-12-19,11:43:00,2025-12-30,200.0,200.0,191.3,191.3,260,37960,0
FINNIFTY30DEC2527400CE.NFO,2025-12-19,11:44:00,2025-12-30,191.3,194.1,188.5,188.5,650,37960,0
FINNIFTY30DEC2527400CE.NFO,2025-12-19,11:45:00,2025-12-30,188.5,189.1,180.0,181.4,3250,37960,0
FINNIFTY30DEC2527400CE.NFO,2025-12-19,11:46:00,2025-12-30,181.4,184.0,181.4,182.65,195,37960,0
FINNIFTY30DEC2527400CE.NFO,2025-12-19,11:47:00,2025-12-30,182.65,182.65,182.0,182.0,65,37505,0
FINNIFTY30DEC2527400CE.NFO,2025-12-19,11:48:00,2025-12-30,182.0,185.45,182.0,185.45,0,37505,0
FINNIFTY30DEC2527400CE.NFO,2025-12-19,11:49:00,2025-12-30,185.45,185.65,184.1,184.1,260,37440,0
FINNIFTY30DEC2527400CE.NFO,2025-12-19,11:50:00,2025-12-30,184.1,184.1,184.1,184.1,0,37440,0
FINNIFTY30DEC2527400CE.NFO,2025-12-19,11:51:00,2025-12-30,184.1,191.35,184.1,189.05,195,37440,0
FINNIFTY30DEC2527400CE.NFO,2025-12-19,11:52:00,2025-12-30,189.05,189.05,189.05,189.05,0,37440,0
FINNIFTY30DEC2527400CE.NFO,2025-12-19,11:53:00,2025-12-30,189.05,190.65,188.0,190.4,195,37570,0
FINNIFTY30DEC2527400CE.NFO,2025-12-19,11:54:00,2025-12-30,190.4,190.4,188.0,188.0,65,37570,0
FINNIFTY30DEC2527400CE.NFO,2025-12-19,11:55:00,2025-12-30,188.0,188.4,188.0,188.4,65,37570,0
FINNIFTY30DEC2527400CE.NFO,2025-12-19,11:56:00,2025-12-30,188.4,188.4,187.3,188.0,260,37635,0
FINNIFTY30DEC2527400CE.NFO,2025-12-19,11:57:00,2025-12-30,188.0,188.0,188.0,188.0,0,37635,0
FINNIFTY30DEC2527400CE.NFO,2025-12-19,11:58:00,2025-12-30,188.0,188.0,188.0,188.0,0,37635,0
FINNIFTY30DEC2527400CE.NFO,2025-12-19,11:59:00,2025-12-30,188.0,191.25,188.0,189.6,260,37570,0
FINNIFTY30DEC2527400CE.NFO,2025-12-19,12:00:00,2025-12-30,189.6,195.3,189.6,195.3,260,37570,0
FINNIFTY30DEC2527400CE.NFO,2025-12-19,12:01:00,2025-12-30,195.3,200.35,194.7,200.35,130,37245,0
FINNIFTY30DEC2527400CE.NFO,2025-12-19,12:02:00,2025-12-30,200.35,204.15,200.35,204.15,520,37245,0
FINNIFTY30DEC2527400CE.NFO,2025-12-19,12:03:00,2025-12-30,204.15,204.15,200.0,200.0,390,37245,0
FINNIFTY30DEC2527400CE.NFO,2025-12-19,12:04:00,2025-12-30,200.0,200.0,197.05,197.05,715,37245,0
FINNIFTY30DEC2527400CE.NFO,2025-12-19,12:05:00,2025-12-30,197.05,197.05,197.0,197.0,65,36725,0
FINNIFTY30DEC2527400CE.NFO,2025-12-19,12:06:00,2025-12-30,197.0,197.0,197.0,197.0,0,36725,0
FINNIFTY30DEC2527400CE.NFO,2025-12-19,12:07:00,2025-12-30,197.0,199.15,197.0,199.15,260,36790,0
FINNIFTY30DEC2527400CE.NFO,2025-12-19,12:08:00,2025-12-30,199.15,204.7,199.15,204.7,910,36790,0
FINNIFTY30DEC2527400CE.NFO,2025-12-19,12:09:00,2025-12-30,204.7,206.6,204.25,204.25,1235,36790,0
FINNIFTY30DEC2527400CE.NFO,2025-12-19,12:10:00,2025-12-30,204.25,204.25,198.55,198.55,260,36790,0
FINNIFTY30DEC2527400CE.NFO,2025-12-19,12:11:00,2025-12-30,198.55,200.25,196.05,196.05,195,35880,0
FINNIFTY30DEC2527400CE.NFO,2025-12-19,12:12:00,2025-12-30,196.05,196.05,193.1,193.35,325,35880,0
FINNIFTY30DEC2527400CE.NFO,2025-12-19,12:13:00,2025-12-30,193.35,195.4,190.75,194.45,585,35880,0
FINNIFTY30DEC2527400CE.NFO,2025-12-19,12:14:00,2025-12-30,194.45,194.45,194.45,194.45,65,36140,0
FINNIFTY30DEC2527400CE.NFO,2025-12-19,12:15:00,2025-12-30,194.45,194.45,194.45,194.45,0,36140,0
FINNIFTY30DEC2527400CE.NFO,2025-12-19,12:16:00,2025-12-30,194.45,194.9,194.1,194.1,65,36140,0
FINNIFTY30DEC2527400CE.NFO,2025-12-19,12:17:00,2025-12-30,194.1,194.1,188.75,189.0,520,36205,0
FINNIFTY30DEC2527400CE.NFO,2025-12-19,12:18:00,2025-12-30,189.0,189.45,187.35,187.35,2730,36205,0
FINNIFTY30DEC2527400CE.NFO,2025-12-19,12:19:00,2025-12-30,187.35,187.35,186.0,186.0,65,36205,0
FINNIFTY30DEC2527400CE.NFO,2025-12-19,12:20:00,2025-12-30,186.0,189.0,185.0,185.0,715,34450,0
FINNIFTY30DEC2527400CE.NFO,2025-12-19,12:21:00,2025-12-30,185.0,189.6,185.0,189.6,390,34450,0
FINNIFTY30DEC2527400CE.NFO,2025-12-19,12:22:00,2025-12-30,189.6,196.2,189.6,195.2,2340,34450,0
FINNIFTY30DEC2527400CE.NFO,2025-12-19,12:23:00,2025-12-30,195.2,197.3,194.8,197.3,975,33735,0
FINNIFTY30DEC2527400CE.NFO,2025-12-19,12:24:00,2025-12-30,197.3,197.3,193.65,193.65,65,33735,0
FINNIFTY30DEC2527400CE.NFO,2025-12-19,12:25:00,2025-12-30,193.65,193.65,192.95,192.95,65,33735,0
FINNIFTY30DEC2527400CE.NFO,2025-12-19,12:26:00,2025-12-30,192.95,192.95,192.95,192.95,0,33735,0
FINNIFTY30DEC2527400CE.NFO,2025-12-19,12:27:00,2025-12-30,192.95,192.95,192.95,192.95,0,33735,0
FINNIFTY30DEC2527400CE.NFO,2025-12-19,12:28:00,2025-12-30,192.95,192.95,192.85,192.85,65,33150,0
FINNIFTY30DEC2527400CE.NFO,2025-12-19,12:29:00,2025-12-30,192.85,193.75,192.85,193.75,130,33215,0
FINNIFTY30DEC2527400CE.NFO,2025-12-19,12:30:00,2025-12-30,193.75,196.95,193.75,195.6,520,33215,0
FINNIFTY30DEC2527400CE.NFO,2025-12-19,12:31:00,2025-12-30,195.6,197.0,195.6,196.3,130,33215,0
FINNIFTY30DEC2527400CE.NFO,2025-12-19,12:32:00,2025-12-30,196.3,201.0,196.3,201.0,260,33865,0
FINNIFTY30DEC2527400CE.NFO,2025-12-19,12:33:00,2025-12-30,201.0,201.0,201.0,201.0,0,33865,0
FINNIFTY30DEC2527400CE.NFO,2025-12-19,12:34:00,2025-12-30,201.0,201.0,201.0,201.0,0,33865,0
FINNIFTY30DEC2527400CE.NFO,2025-12-19,12:35:00,2025-12-30,201.0,205.4,201.0,204.9,325,33670,0
FINNIFTY30DEC2527400CE.NFO,2025-12-19,12:36:00,2025-12-30,204.9,204.9,203.55,203.55,65,33670,0
FINNIFTY30DEC2527400CE.NFO,2025-12-19,12:37:00,2025-12-30,203.55,204.75,203.55,204.75,65,33670,0
FINNIFTY30DEC2527400CE.NFO,2025-12-19,12:38:00,2025-12-30,204.75,208.15,204.75,206.55,975,34190,0
FINNIFTY30DEC2527400CE.NFO,2025-12-19,12:39:00,2025-12-30,206.55,208.15,205.3,208.15,520,34190,0
FINNIFTY30DEC2527400CE.NFO,2025-12-19,12:40:00,2025-12-30,208.15,208.15,205.45,205.45,325,34190,0
FINNIFTY30DEC2527400CE.NFO,2025-12-19,12:41:00,2025-12-30,205.45,210.3,205.45,208.55,390,34775,0
FINNIFTY30DEC2527400CE.NFO,2025-12-19,12:42:00,2025-12-30,208.55,208.55,206.35,206.35,195,34775,0
FINNIFTY30DEC2527400CE.NFO,2025-12-19,12:43:00,2025-12-30,206.35,206.85,204.4,204.4,520,34775,0
FINNIFTY30DEC2527400CE.NFO,2025-12-19,12:44:00,2025-12-30,204.4,204.4,204.4,204.4,0,34775,0
FINNIFTY30DEC2527400CE.NFO,2025-12-19,12:45:00,2025-12-30,204.4,204.4,204.0,204.0,65,34580,0
FINNIFTY30DEC2527400CE.NFO,2025-12-19,12:46:00,2025-12-30,204.0,205.05,204.0,204.8,260,34580,0
FINNIFTY30DEC2527400CE.NFO,2025-12-19,12:47:00,2025-12-30,204.8,204.8,201.75,201.75,780,34580,0
FINNIFTY30DEC2527400CE.NFO,2025-12-19,12:48:00,2025-12-30,201.75,201.75,201.75,201.75,650,34580,0
FINNIFTY30DEC2527400CE.NFO,2025-12-19,12:49:00,2025-12-30,201.75,203.1,201.75,203.1,65,34580,0
FINNIFTY30DEC2527400CE.NFO,2025-12-19,12:50:00,2025-12-30,199.65,199.65,199.25,199.25,1560,34450,0
FINNIFTY30DEC2527400CE.NFO,2025-12-19,12:51:00,2025-12-30,199.25,201.9,199.25,201.9,130,34450,0
FINNIFTY30DEC2527400CE.NFO,2025-12-19,12:52:00,2025-12-30,201.9,201.9,201.9,201.9,0,34450,0
FINNIFTY30DEC2527400CE.NFO,2025-12-19,12:53:00,2025-12-30,201.9,202.4,201.9,202.4,195,34645,0
FINNIFTY30DEC2527400CE.NFO,2025-12-19,12:54:00,2025-12-30,202.4,203.15,202.4,203.15,65,34645,0
FINNIFTY30DEC2527400CE.NFO,2025-12-19,12:55:00,2025-12-30,203.15,203.15,200.2,200.2,65,34645,0
FINNIFTY30DEC2527400CE.NFO,2025-12-19,12:56:00,2025-12-30,200.2,205.65,200.2,205.65,585,34775,0
FINNIFTY30DEC2527400CE.NFO,2025-12-19,12:57:00,2025-12-30,205.65,205.65,202.7,203.0,780,34775,0
FINNIFTY30DEC2527400CE.NFO,2025-12-19,12:58:00,2025-12-30,203.0,205.7,203.0,205.7,65,34775,0
FINNIFTY30DEC2527400CE.NFO,2025-12-19,12:59:00,2025-12-30,205.7,207.3,205.7,206.9,650,34645,0
FINNIFTY30DEC2527400CE.NFO,2025-12-19,13:00:00,2025-12-30,206.9,206.9,204.1,204.1,65,34645,0
FINNIFTY30DEC2527400CE.NFO,2025-12-19,13:01:00,2025-12-30,204.1,206.35,203.05,204.55,1560,34645,0
FINNIFTY30DEC2527400CE.NFO,2025-12-19,13:02:00,2025-12-30,204.55,208.0,204.55,205.55,325,35295,0
FINNIFTY30DEC2527400CE.NFO,2025-12-19,13:03:00,2025-12-30,205.55,207.05,205.55,207.05,65,35295,0
FINNIFTY30DEC2527400CE.NFO,2025-12-19,13:04:00,2025-12-30,207.05,207.05,207.05,207.05,0,35295,0
FINNIFTY30DEC2527400CE.NFO,2025-12-19,13:05:00,2025-12-30,207.05,207.05,205.05,205.05,390,35165,0
FINNIFTY30DEC2527400CE.NFO,2025-12-19,13:06:00,2025-12-30,205.05,205.05,205.05,205.05,0,35165,0
FINNIFTY30DEC2527400CE.NFO,2025-12-19,13:07:00,2025-12-30,205.05,205.05,205.05,205.05,0,35165,0
FINNIFTY30DEC2527400CE.NFO,2025-12-19,13:08:00,2025-12-30,205.05,205.05,205.05,205.05,0,35165,0
FINNIFTY30DEC2527400CE.NFO,2025-12-19,13:09:00,2025-12-30,205.05,205.05,199.0,199.0,390,34970,0
FINNIFTY30DEC2527400CE.NFO,2025-12-19,13:10:00,2025-12-30,199.0,199.0,199.0,199.0,0,34970,0
FINNIFTY30DEC2527400CE.NFO,2025-12-19,13:11:00,2025-12-30,199.0,199.0,199.0,199.0,0,34970,0
FINNIFTY30DEC2527400CE.NFO,2025-12-19,13:12:00,2025-12-30,199.0,200.25,194.6,196.95,1105,35100,0
FINNIFTY30DEC2527400CE.NFO,2025-12-19,13:13:00,2025-12-30,196.95,196.95,193.8,193.8,195,35100,0
FINNIFTY30DEC2527400CE.NFO,2025-12-19,13:14:00,2025-12-30,193.8,198.05,193.25,198.05,325,34515,0
FINNIFTY30DEC2527400CE.NFO,2025-12-19,13:15:00,2025-12-30,198.05,198.05,198.05,198.05,0,34515,0
FINNIFTY30DEC2527400CE.NFO,2025-12-19,13:16:00,2025-12-30,198.05,198.05,195.55,198.0,325,34515,0
FINNIFTY30DEC2527400CE.NFO,2025-12-19,13:17:00,2025-12-30,198.0,200.5,198.0,200.5,390,34190,0
FINNIFTY30DEC2527400CE.NFO,2025-12-19,13:18:00,2025-12-30,200.5,204.45,200.5,204.35,520,34190,0
FINNIFTY30DEC2527400CE.NFO,2025-12-19,13:19:00,2025-12-30,204.35,208.65,204.35,208.65,195,34190,0
FINNIFTY30DEC2527400CE.NFO,2025-12-19,13:20:00,2025-12-30,208.65,208.65,205.0,205.0,325,33995,0
FINNIFTY30DEC2527400CE.NFO,2025-12-19,13:21:00,2025-12-30,205.0,209.0,205.0,207.55,455,33995,0
FINNIFTY30DEC2527400CE.NFO,2025-12-19,13:22:00,2025-12-30,207.55,209.0,207.55,209.0,260,33995,0
FINNIFTY30DEC2527400CE.NFO,2025-12-19,13:23:00,2025-12-30,209.0,209.0,209.0,209.0,0,33995,0
FINNIFTY30DEC2527400CE.NFO,2025-12-19,13:24:00,2025-12-30,209.0,209.0,208.35,208.35,65,33735,0
FINNIFTY30DEC2527400CE.NFO,2025-12-19,13:25:00,2025-12-30,208.35,208.6,208.35,208.6,65,33735,0
FINNIFTY30DEC2527400CE.NFO,2025-12-19,13:26:00,2025-12-30,208.6,208.6,208.5,208.5,65,33865,0
FINNIFTY30DEC2527400CE.NFO,2025-12-19,13:27:00,2025-12-30,208.5,208.5,208.5,208.5,0,33865,0
FINNIFTY30DEC2527400CE.NFO,2025-12-19,13:28:00,2025-12-30,208.5,210.6,206.75,208.3,325,33865,0
FINNIFTY30DEC2527400CE.NFO,2025-12-19,13:29:00,2025-12-30,208.3,209.95,208.3,209.95,195,33800,0
FINNIFTY30DEC2527400CE.NFO,2025-12-19,13:30:00,2025-12-30,209.95,209.95,209.8,209.8,195,33800,0
FINNIFTY30DEC2527400CE.NFO,2025-12-19,13:31:00,2025-12-30,209.8,211.15,209.8,211.15,260,33800,0
FINNIFTY30DEC2527400CE.NFO,2025-12-19,13:32:00,2025-12-30,211.15,214.2,211.15,214.2,1495,33800,0
FINNIFTY30DEC2527400CE.NFO,2025-12-19,13:33:00,2025-12-30,214.2,216.95,212.6,216.95,260,33800,0
FINNIFTY30DEC2527400CE.NFO,2025-12-19,13:34:00,2025-12-30,216.95,218.3,214.6,214.6,325,33800,0
FINNIFTY30DEC2527400CE.NFO,2025-12-19,13:35:00,2025-12-30,214.6,219.95,214.6,219.95,0,34255,0
FINNIFTY30DEC2527400CE.NFO,2025-12-19,13:36:00,2025-12-30,219.95,223.05,218.55,222.9,1040,34255,0
FINNIFTY30DEC2527400CE.NFO,2025-12-19,13:37:00,2025-12-30,222.9,222.95,222.0,222.0,325,34255,0
FINNIFTY30DEC2527400CE.NFO,2025-12-19,13:38:00,2025-12-30,222.0,222.0,217.75,217.75,65,34515,0
FINNIFTY30DEC2527400CE.NFO,2025-12-19,13:39:00,2025-12-30,217.75,219.55,217.75,219.55,65,34515,0
FINNIFTY30DEC2527400CE.NFO,2025-12-19,13:40:00,2025-12-30,219.55,219.55,218.0,218.0,65,34515,0
FINNIFTY30DEC2527400CE.NFO,2025-12-19,13:41:00,2025-12-30,218.0,222.0,218.0,221.0,195,34515,0
FINNIFTY30DEC2527400CE.NFO,2025-12-19,13:42:00,2025-12-30,221.0,221.0,219.05,219.05,260,34515,0
FINNIFTY30DEC2527400CE.NFO,2025-12-19,13:43:00,2025-12-30,219.05,220.9,219.05,220.9,65,34515,0
FINNIFTY30DEC2527400CE.NFO,2025-12-19,13:44:00,2025-12-30,220.9,222.4,220.0,222.4,260,34190,0
FINNIFTY30DEC2527400CE.NFO,2025-12-19,13:45:00,2025-12-30,222.4,223.15,221.95,222.85,325,34190,0
FINNIFTY30DEC2527400CE.NFO,2025-12-19,13:46:00,2025-12-30,222.85,222.85,220.4,220.6,910,34190,0
FINNIFTY30DEC2527400CE.NFO,2025-12-19,13:47:00,2025-12-30,220.6,225.15,220.6,223.3,1235,34710,0
FINNIFTY30DEC2527400CE.NFO,2025-12-19,13:48:00,2025-12-30,223.3,223.45,222.0,222.6,520,34710,0
FINNIFTY30DEC2527400CE.NFO,2025-12-19,13:49:00,2025-12-30,222.6,222.6,218.3,218.65,455,34710,0
FINNIFTY30DEC2527400CE.NFO,2025-12-19,13:50:00,2025-12-30,218.65,221.85,218.65,221.85,2015,35165,0
FINNIFTY30DEC2527400CE.NFO,2025-12-19,13:51:00,2025-12-30,221.85,221.85,221.85,221.85,0,35165,0
FINNIFTY30DEC2527400CE.NFO,2025-12-19,13:52:00,2025-12-30,221.85,222.0,221.55,222.0,520,35165,0
FINNIFTY30DEC2527400CE.NFO,2025-12-19,13:53:00,2025-12-30,222.0,222.0,218.8,218.8,130,35165,0
FINNIFTY30DEC2527400CE.NFO,2025-12-19,13:54:00,2025-12-30,218.8,218.8,215.8,215.8,325,35295,0
FINNIFTY30DEC2527400CE.NFO,2025-12-19,13:55:00,2025-12-30,215.8,216.0,215.8,216.0,1040,35295,0
FINNIFTY30DEC2527400CE.NFO,2025-12-19,13:56:00,2025-12-30,216.0,217.25,214.7,215.9,585,34645,0
FINNIFTY30DEC2527400CE.NFO,2025-12-19,13:57:00,2025-12-30,215.9,217.3,215.9,217.3,65,34645,0
FINNIFTY30DEC2527400CE.NFO,2025-12-19,13:58:00,2025-12-30,217.3,217.3,217.0,217.25,195,34645,0
FINNIFTY30DEC2527400CE.NFO,2025-12-19,13:59:00,2025-12-30,217.25,217.8,217.25,217.8,65,34710,0
FINNIFTY30DEC2527400CE.NFO,2025-12-19,14:00:00,2025-12-30,217.8,218.1,217.8,218.1,130,34710,0
FINNIFTY30DEC2527400CE.NFO,2025-12-19,14:01:00,2025-12-30,218.1,219.9,218.1,219.9,195,34710,0
FINNIFTY30DEC2527400CE.NFO,2025-12-19,14:02:00,2025-12-30,219.9,219.9,218.0,218.0,260,34710,0
FINNIFTY30DEC2527400CE.NFO,2025-12-19,14:03:00,2025-12-30,218.0,218.0,212.25,212.25,325,35100,0
FINNIFTY30DEC2527400CE.NFO,2025-12-19,14:04:00,2025-12-30,212.25,212.45,207.3,212.15,975,35100,0
FINNIFTY30DEC2527400CE.NFO,2025-12-19,14:05:00,2025-12-30,212.15,212.45,209.35,209.35,195,34710,0
FINNIFTY30DEC2527400CE.NFO,2025-12-19,14:06:00,2025-12-30,209.35,211.65,209.35,209.65,585,34710,0
FINNIFTY30DEC2527400CE.NFO,2025-12-19,14:07:00,2025-12-30,209.65,209.65,203.8,203.95,1170,34710,0
FINNIFTY30DEC2527400CE.NFO,2025-12-19,14:08:00,2025-12-30,203.95,205.65,202.5,205.65,520,35165,0
FINNIFTY30DEC2527400CE.NFO,2025-12-19,14:09:00,2025-12-30,205.65,205.65,205.1,205.1,455,35165,0
FINNIFTY30DEC2527400CE.NFO,2025-12-19,14:10:00,2025-12-30,205.1,205.35,205.0,205.0,195,35165,0
FINNIFTY30DEC2527400CE.NFO,2025-12-19,14:11:00,2025-12-30,205.0,205.0,202.2,202.2,65,35100,0
FINNIFTY30DEC2527400CE.NFO,2025-12-19,14:12:00,2025-12-30,202.2,210.95,202.2,210.95,585,35100,0
FINNIFTY30DEC2527400CE.NFO,2025-12-19,14:13:00,2025-12-30,210.95,210.95,205.75,207.6,1430,35100,0
FINNIFTY30DEC2527400CE.NFO,2025-12-19,14:14:00,2025-12-30,207.6,207.6,203.45,203.45,130,35100,0
FINNIFTY30DEC2527400CE.NFO,2025-12-19,14:15:00,2025-12-30,203.45,206.1,203.45,205.6,260,34190,0
FINNIFTY30DEC2527400CE.NFO,2025-12-19,14:16:00,2025-12-30,205.6,205.6,205.6,205.6,0,34190,0
FINNIFTY30DEC2527400CE.NFO,2025-12-19,14:17:00,2025-12-30,205.6,205.6,205.6,205.6,0,34190,0
FINNIFTY30DEC2527400CE.NFO,2025-12-19,14:18:00,2025-12-30,205.6,210.7,205.6,209.0,585,34255,0
FINNIFTY30DEC2527400CE.NFO,2025-12-19,14:19:00,2025-12-30,209.0,209.0,208.7,208.7,65,34255,0
FINNIFTY30DEC2527400CE.NFO,2025-12-19,14:20:00,2025-12-30,208.7,210.2,208.55,208.55,195,34645,0
FINNIFTY30DEC2527400CE.NFO,2025-12-19,14:21:00,2025-12-30,208.55,208.55,208.55,208.55,0,34645,0
FINNIFTY30DEC2527400CE.NFO,2025-12-19,14:22:00,2025-12-30,211.6,211.6,211.05,211.05,65,34645,0
FINNIFTY30DEC2527400CE.NFO,2025-12-19,14:23:00,2025-12-30,211.05,212.75,211.05,212.75,130,34775,0
FINNIFTY30DEC2527400CE.NFO,2025-12-19,14:24:00,2025-12-30,212.75,217.15,212.75,217.0,585,34775,0
FINNIFTY30DEC2527400CE.NFO,2025-12-19,14:25:00,2025-12-30,217.0,220.5,217.0,218.7,390,34775,0
FINNIFTY30DEC2527400CE.NFO,2025-12-19,14:26:00,2025-12-30,218.7,218.7,212.0,212.35,195,34450,0
FINNIFTY30DEC2527400CE.NFO,2025-12-19,14:27:00,2025-12-30,212.35,212.35,209.9,209.9,65,34450,0
FINNIFTY30DEC2527400CE.NFO,2025-12-19,14:28:00,2025-12-30,209.9,210.0,209.9,210.0,65,34450,0
FINNIFTY30DEC2527400CE.NFO,2025-12-19,14:29:00,2025-12-30,210.0,211.75,207.3,211.75,390,34125,0
FINNIFTY30DEC2527400CE.NFO,2025-12-19,14:30:00,2025-12-30,211.75,211.75,211.0,211.6,195,34125,0
FINNIFTY30DEC2527400CE.NFO,2025-12-19,14:31:00,2025-12-30,211.6,211.6,211.55,211.55,65,34125,0
FINNIFTY30DEC2527400CE.NFO,2025-12-19,14:32:00,2025-12-30,211.55,212.8,211.55,212.8,195,34125,0
FINNIFTY30DEC2527400CE.NFO,2025-12-19,14:33:00,2025-12-30,212.8,212.8,207.45,207.45,65,34125,0
FINNIFTY30DEC2527400CE.NFO,2025-12-19,14:34:00,2025-12-30,207.45,210.35,207.45,210.35,260,34125,0
FINNIFTY30DEC2527400CE.NFO,2025-12-19,14:35:00,2025-12-30,210.35,210.35,210.35,210.35,0,34125,0
FINNIFTY30DEC2527400CE.NFO,2025-12-19,14:36:00,2025-12-30,210.35,211.85,210.35,211.85,65,34125,0
FINNIFTY30DEC2527400CE.NFO,2025-12-19,14:37:00,2025-12-30,211.85,214.0,211.85,214.0,195,34125,0
FINNIFTY30DEC2527400CE.NFO,2025-12-19,14:38:00,2025-12-30,214.0,215.0,213.95,213.95,390,34125,0
FINNIFTY30DEC2527400CE.NFO,2025-12-19,14:39:00,2025-12-30,213.95,215.45,213.55,214.3,845,33800,0
FINNIFTY30DEC2527400CE.NFO,2025-12-19,14:40:00,2025-12-30,214.3,214.3,212.8,212.8,260,33800,0
FINNIFTY30DEC2527400CE.NFO,2025-12-19,14:41:00,2025-12-30,212.8,212.8,210.65,210.7,455,33800,0
FINNIFTY30DEC2527400CE.NFO,2025-12-19,14:42:00,2025-12-30,210.7,210.7,210.7,210.7,0,33800,0
FINNIFTY30DEC2527400CE.NFO,2025-12-19,14:43:00,2025-12-30,210.7,215.1,210.7,214.4,130,33930,0
FINNIFTY30DEC2527400CE.NFO,2025-12-19,14:44:00,2025-12-30,214.4,214.4,213.95,214.05,390,33930,0
FINNIFTY30DEC2527400CE.NFO,2025-12-19,14:45:00,2025-12-30,214.05,215.85,214.05,215.85,455,33930,0
FINNIFTY30DEC2527400CE.NFO,2025-12-19,14:46:00,2025-12-30,215.85,217.3,215.05,215.6,1560,33930,0
FINNIFTY30DEC2527400CE.NFO,2025-12-19,14:47:00,2025-12-30,215.6,217.0,214.5,215.85,650,34125,0
FINNIFTY30DEC2527400CE.NFO,2025-12-19,14:48:00,2025-12-30,215.85,220.0,215.1,219.95,1105,34125,0
FINNIFTY30DEC2527400CE.NFO,2025-12-19,14:49:00,2025-12-30,219.95,221.4,219.95,221.4,130,34125,0
FINNIFTY30DEC2527400CE.NFO,2025-12-19,14:50:00,2025-12-30,221.4,221.4,217.4,217.4,455,34905,0
FINNIFTY30DEC2527400CE.NFO,2025-12-19,14:51:00,2025-12-30,217.4,217.4,213.3,214.45,715,34905,0
FINNIFTY30DEC2527400CE.NFO,2025-12-19,14:52:00,2025-12-30,214.45,215.1,212.4,215.1,520,34905,0
FINNIFTY30DEC2527400CE.NFO,2025-12-19,14:53:00,2025-12-30,215.1,215.1,214.2,214.2,130,35295,0
FINNIFTY30DEC2527400CE.NFO,2025-12-19,14:54:00,2025-12-30,214.2,214.2,212.0,212.0,260,35295,0
FINNIFTY30DEC2527400CE.NFO,2025-12-19,14:55:00,2025-12-30,212.4,213.55,210.95,213.55,1105,35295,0
FINNIFTY30DEC2527400CE.NFO,2025-12-19,14:56:00,2025-12-30,213.55,213.55,209.9,211.05,585,35165,0
FINNIFTY30DEC2527400CE.NFO,2025-12-19,14:57:00,2025-12-30,211.05,211.15,211.05,211.15,130,35165,0
FINNIFTY30DEC2527400CE.NFO,2025-12-19,14:58:00,2025-12-30,211.15,211.15,211.15,211.15,0,35165,0
FINNIFTY30DEC2527400CE.NFO,2025-12-19,14:59:00,2025-12-30,211.15,216.9,211.15,216.9,65,35165,0
FINNIFTY30DEC2527400CE.NFO,2025-12-19,15:00:00,2025-12-30,213.8,213.8,205.3,210.75,1170,35035,0
FINNIFTY30DEC2527400CE.NFO,2025-12-19,15:01:00,2025-12-30,210.75,217.0,210.75,217.0,0,35035,0
FINNIFTY30DEC2527400CE.NFO,2025-12-19,15:02:00,2025-12-30,217.0,217.0,214.0,214.0,520,35035,0
FINNIFTY30DEC2527400CE.NFO,2025-12-19,15:03:00,2025-12-30,214.0,214.0,214.0,214.0,0,35035,0
FINNIFTY30DEC2527400CE.NFO,2025-12-19,15:04:00,2025-12-30,214.0,214.0,214.0,214.0,0,35035,0
FINNIFTY30DEC2527400CE.NFO,2025-12-19,15:05:00,2025-12-30,214.0,215.3,214.0,215.3,65,34840,0
FINNIFTY30DEC2527400CE.NFO,2025-12-19,15:06:00,2025-12-30,215.3,215.9,215.3,215.9,195,34840,0
FINNIFTY30DEC2527400CE.NFO,2025-12-19,15:07:00,2025-12-30,215.9,215.9,215.9,215.9,0,34840,0
FINNIFTY30DEC2527400CE.NFO,2025-12-19,15:08:00,2025-12-30,215.9,215.9,213.6,213.6,130,34840,0
FINNIFTY30DEC2527400CE.NFO,2025-12-19,15:09:00,2025-12-30,213.6,213.6,213.6,213.6,0,34840,0
FINNIFTY30DEC2527400CE.NFO,2025-12-19,15:10:00,2025-12-30,213.6,213.6,213.6,213.6,65,34970,0
FINNIFTY30DEC2527400CE.NFO,2025-12-19,15:11:00,2025-12-30,213.6,213.6,213.6,213.6,0,34970,0
FINNIFTY30DEC2527400CE.NFO,2025-12-19,15:12:00,2025-12-30,213.6,213.6,211.7,213.6,260,34905,0
FINNIFTY30DEC2527400CE.NFO,2025-12-19,15:13:00,2025-12-30,213.6,215.0,213.6,215.0,650,34905,0
FINNIFTY30DEC2527400CE.NFO,2025-12-19,15:14:00,2025-12-30,215.0,215.9,215.0,215.3,195,34905,0
FINNIFTY30DEC2527400CE.NFO,2025-12-19,15:15:00,2025-12-30,215.3,215.3,212.9,212.9,390,35035,0
FINNIFTY30DEC2527400CE.NFO,2025-12-19,15:16:00,2025-12-30,212.9,215.75,212.2,213.7,845,35035,0
FINNIFTY30DEC2527400CE.NFO,2025-12-19,15:17:00,2025-12-30,213.7,215.5,213.7,215.45,455,35035,0
FINNIFTY30DEC2527400CE.NFO,2025-12-19,15:18:00,2025-12-30,215.45,215.45,212.9,212.9,130,35035,0
FINNIFTY30DEC2527400CE.NFO,2025-12-19,15:19:00,2025-12-30,212.9,213.35,212.9,213.35,65,35035,0
FINNIFTY30DEC2527400CE.NFO,2025-12-19,15:20:00,2025-12-30,215.3,215.35,210.95,212.85,5525,33410,0
FINNIFTY30DEC2527400CE.NFO,2025-12-19,15:21:00,2025-12-30,211.75,215.75,211.4,214.15,4030,33410,0
FINNIFTY30DEC2527400CE.NFO,2025-12-19,15:22:00,2025-12-30,214.15,217.55,214.15,217.55,585,33410,0
FINNIFTY30DEC2527400CE.NFO,2025-12-19,15:23:00,2025-12-30,217.55,217.55,213.75,213.75,130,33410,0
FINNIFTY30DEC2527400CE.NFO,2025-12-19,15:24:00,2025-12-30,213.75,213.75,211.1,211.1,325,30875,0
FINNIFTY30DEC2527400CE.NFO,2025-12-19,15:25:00,2025-12-30,211.1,212.85,211.1,212.85,260,30875,0
FINNIFTY30DEC2527400CE.NFO,2025-12-19,15:26:00,2025-12-30,212.85,216.0,207.9,209.2,1235,30875,0
FINNIFTY30DEC2527400CE.NFO,2025-12-19,15:27:00,2025-12-30,211.4,214.9,210.7,210.7,325,30225,0
FINNIFTY30DEC2527400CE.NFO,2025-12-19,15:28:00,2025-12-30,210.7,213.75,209.95,213.35,650,30225,0
FINNIFTY30DEC2527400CE.NFO,2025-12-19,15:29:00,2025-12-30,213.35,213.35,208.75,208.75,455,30225,0
FINNIFTY30DEC2527400CE.NFO,2025-12-19,15:30:00,2025-12-30,208.75,208.75,208.75,208.75,455,30225,1
FINNIFTY30DEC2527400CE.NFO,2025-12-22,09:15:00,2025-12-30,235.0,274.0,217.25,249.25,3120,29120,0
FINNIFTY30DEC2527400CE.NFO,2025-12-22,09:16:00,2025-12-30,249.25,256.0,249.25,256.0,1365,28015,0
FINNIFTY30DEC2527400CE.NFO,2025-12-22,09:17:00,2025-12-30,256.0,264.05,256.0,263.25,780,28015,0
FINNIFTY30DEC2527400CE.NFO,2025-12-22,09:18:00,2025-12-30,263.25,274.3,260.4,260.4,2275,28015,0
FINNIFTY30DEC2527400CE.NFO,2025-12-22,09:19:00,2025-12-30,260.4,268.4,260.4,268.4,1105,26650,0
FINNIFTY30DEC2527400CE.NFO,2025-12-22,09:20:00,2025-12-30,268.4,279.4,268.4,278.0,4290,26650,0
FINNIFTY30DEC2527400CE.NFO,2025-12-22,09:21:00,2025-12-30,278.0,280.0,275.0,276.75,3185,26650,0
FINNIFTY30DEC2527400CE.NFO,2025-12-22,09:22:00,2025-12-30,276.75,280.85,272.45,280.85,520,28990,0
FINNIFTY30DEC2527400CE.NFO,2025-12-22,09:23:00,2025-12-30,280.85,283.45,275.05,275.05,65,28990,0
FINNIFTY30DEC2527400CE.NFO,2025-12-22,09:24:00,2025-12-30,275.05,278.5,273.95,273.95,325,28990,0
FINNIFTY30DEC2527400CE.NFO,2025-12-22,09:25:00,2025-12-30,273.95,276.95,273.95,276.95,260,29055,0
FINNIFTY30DEC2527400CE.NFO,2025-12-22,09:26:00,2025-12-30,276.95,282.1,276.65,279.35,1105,29055,0
FINNIFTY30DEC2527400CE.NFO,2025-12-22,09:27:00,2025-12-30,279.35,282.95,278.75,280.8,1235,29055,0
FINNIFTY30DEC2527400CE.NFO,2025-12-22,09:28:00,2025-12-30,280.8,283.75,277.75,283.1,1300,29965,0
FINNIFTY30DEC2527400CE.NFO,2025-12-22,09:29:00,2025-12-30,283.1,283.2,273.5,278.0,780,29965,0
FINNIFTY30DEC2527400CE.NFO,2025-12-22,09:30:00,2025-12-30,278.0,284.4,277.5,277.5,845,29965,0
FINNIFTY30DEC2527400CE.NFO,2025-12-22,09:31:00,2025-12-30,277.5,279.35,277.0,277.0,260,32110,0
FINNIFTY30DEC2527400CE.NFO,2025-12-22,09:32:00,2025-12-30,275.05,275.05,266.7,268.75,585,32110,0
FINNIFTY30DEC2527400CE.NFO,2025-12-22,09:33:00,2025-12-30,268.75,270.9,265.0,265.0,390,32110,0
FINNIFTY30DEC2527400CE.NFO,2025-12-22,09:34:00,2025-12-30,265.0,265.0,258.05,260.5,390,31460,0
FINNIFTY30DEC2527400CE.NFO,2025-12-22,09:35:00,2025-12-30,260.5,265.0,260.5,261.15,2990,31460,0
FINNIFTY30DEC2527400CE.NFO,2025-12-22,09:36:00,2025-12-30,261.15,261.15,261.15,261.15,0,31460,0
FINNIFTY30DEC2527400CE.NFO,2025-12-22,09:37:00,2025-12-30,261.15,261.15,261.15,261.15,0,31460,0
FINNIFTY30DEC2527400CE.NFO,2025-12-22,09:38:00,2025-12-30,261.15,265.0,260.35,260.35,260,28795,0
FINNIFTY30DEC2527400CE.NFO,2025-12-22,09:39:00,2025-12-30,260.35,260.35,260.35,260.35,0,28795,0
FINNIFTY30DEC2527400CE.NFO,2025-12-22,09:40:00,2025-12-30,260.35,260.35,260.35,260.35,0,28795,0
FINNIFTY30DEC2527400CE.NFO,2025-12-22,09:41:00,2025-12-30,260.35,261.3,260.35,261.3,390,28990,0
FINNIFTY30DEC2527400CE.NFO,2025-12-22,09:42:00,2025-12-30,261.3,267.15,261.3,267.15,1040,28990,0
FINNIFTY30DEC2527400CE.NFO,2025-12-22,09:43:00,2025-12-30,267.15,271.15,267.15,268.45,325,29445,0
FINNIFTY30DEC2527400CE.NFO,2025-12-22,09:44:00,2025-12-30,268.45,268.45,268.45,268.45,65,29445,0
FINNIFTY30DEC2527400CE.NFO,2025-12-22,09:45:00,2025-12-30,268.45,284.1,268.45,280.0,4810,29445,0
FINNIFTY30DEC2527400CE.NFO,2025-12-22,09:46:00,2025-12-30,280.0,284.85,279.05,284.85,1820,32630,0
FINNIFTY30DEC2527400CE.NFO,2025-12-22,09:47:00,2025-12-30,284.85,284.85,279.0,281.75,2470,32630,0
FINNIFTY30DEC2527400CE.NFO,2025-12-22,09:48:00,2025-12-30,281.75,281.75,271.0,271.0,260,32630,0
FINNIFTY30DEC2527400CE.NFO,2025-12-22,09:49:00,2025-12-30,271.0,271.0,258.4,261.75,520,36855,0
FINNIFTY30DEC2527400CE.NFO,2025-12-22,09:50:00,2025-12-30,261.75,263.65,258.55,262.75,3965,36855,0
FINNIFTY30DEC2527400CE.NFO,2025-12-22,09:51:00,2025-12-30,261.55,261.55,258.5,260.05,7280,36855,0
FINNIFTY30DEC2527400CE.NFO,2025-12-22,09:52:00,2025-12-30,260.0,260.0,259.2,259.2,260,29705,0
FINNIFTY30DEC2527400CE.NFO,2025-12-22,09:53:00,2025-12-30,259.2,259.2,259.2,259.2,0,29705,0
FINNIFTY30DEC2527400CE.NFO,2025-12-22,09:54:00,2025-12-30,259.2,263.35,259.2,262.45,910,29705,0
FINNIFTY30DEC2527400CE.NFO,2025-12-22,09:55:00,2025-12-30,262.45,265.4,259.0,264.65,715,30095,0
FINNIFTY30DEC2527400CE.NFO,2025-12-22,09:56:00,2025-12-30,265.35,265.35,263.2,264.7,910,30095,0
FINNIFTY30DEC2527400CE.NFO,2025-12-22,09:57:00,2025-12-30,264.7,269.55,264.65,264.8,715,30095,0
FINNIFTY30DEC2527400CE.NFO,2025-12-22,09:58:00,2025-12-30,264.8,274.0,264.55,274.0,975,32045,0
FINNIFTY30DEC2527400CE.NFO,2025-12-22,09:59:00,2025-12-30,274.0,277.5,274.0,275.45,650,32045,0
FINNIFTY30DEC2527400CE.NFO,2025-12-22,10:00:00,2025-12-30,275.45,276.05,274.05,274.05,325,32045,0
FINNIFTY30DEC2527400CE.NFO,2025-12-22,10:01:00,2025-12-30,274.05,275.5,273.35,273.85,390,33280,0
FINNIFTY30DEC2527400CE.NFO,2025-12-22,10:02:00,2025-12-30,273.85,274.7,273.8,274.1,4940,33280,0
FINNIFTY30DEC2527400CE.NFO,2025-12-22,10:03:00,2025-12-30,274.1,274.1,274.1,274.1,0,33280,0
FINNIFTY30DEC2527400CE.NFO,2025-12-22,10:04:00,2025-12-30,274.1,288.9,274.1,286.05,5785,28795,0
FINNIFTY30DEC2527400CE.NFO,2025-12-22,10:05:00,2025-12-30,286.05,292.8,286.05,286.1,5200,28795,0
FINNIFTY30DEC2527400CE.NFO,2025-12-22,10:06:00,2025-12-30,286.1,289.1,285.45,289.0,455,28795,0
FINNIFTY30DEC2527400CE.NFO,2025-12-22,10:07:00,2025-12-30,289.0,290.05,279.3,279.3,910,34645,0
FINNIFTY30DEC2527400CE.NFO,2025-12-22,10:08:00,2025-12-30,279.3,279.3,279.3,279.3,0,34645,0
FINNIFTY30DEC2527400CE.NFO,2025-12-22,10:09:00,2025-12-30,279.3,279.65,274.0,274.55,390,34645,0
FINNIFTY30DEC2527400CE.NFO,2025-12-22,10:10:00,2025-12-30,274.55,274.55,269.15,269.85,390,34450,0
FINNIFTY30DEC2527400CE.NFO,2025-12-22,10:11:00,2025-12-30,269.85,271.4,268.4,271.4,325,34450,0
FINNIFTY30DEC2527400CE.NFO,2025-12-22,10:12:00,2025-12-30,271.4,271.4,268.55,268.55,130,34450,0
FINNIFTY30DEC2527400CE.NFO,2025-12-22,10:13:00,2025-12-30,268.55,272.15,268.55,272.15,260,33930,0
FINNIFTY30DEC2527400CE.NFO,2025-12-22,10:14:00,2025-12-30,272.15,273.4,270.7,273.4,260,33930,0
FINNIFTY30DEC2527400CE.NFO,2025-12-22,10:15:00,2025-12-30,273.4,273.7,273.15,273.15,130,33930,0
FINNIFTY30DEC2527400CE.NFO,2025-12-22,10:16:00,2025-12-30,273.15,277.8,273.15,276.65,585,33345,0
FINNIFTY30DEC2527400CE.NFO,2025-12-22,10:17:00,2025-12-30,276.65,276.65,273.35,273.9,390,33345,0
FINNIFTY30DEC2527400CE.NFO,2025-12-22,10:18:00,2025-12-30,273.9,273.9,270.0,272.8,1040,33345,0
FINNIFTY30DEC2527400CE.NFO,2025-12-22,10:19:00,2025-12-30,272.8,273.65,270.95,271.25,585,32435,0
FINNIFTY30DEC2527400CE.NFO,2025-12-22,10:20:00,2025-12-30,271.25,271.25,268.25,268.5,325,32435,0
FINNIFTY30DEC2527400CE.NFO,2025-12-22,10:21:00,2025-12-30,268.5,274.25,268.5,274.25,1170,32435,0
FINNIFTY30DEC2527400CE.NFO,2025-12-22,10:22:00,2025-12-30,269.45,271.05,268.0,269.95,455,33020,0
FINNIFTY30DEC2527400CE.NFO,2025-12-22,10:23:00,2025-12-30,269.95,270.9,268.05,269.85,455,33020,0
FINNIFTY30DEC2527400CE.NFO,2025-12-22,10:24:00,2025-12-30,269.85,269.85,269.45,269.45,260,33020,0
FINNIFTY30DEC2527400CE.NFO,2025-12-22,10:25:00,2025-12-30,269.45,269.45,268.0,268.0,195,32825,0
FINNIFTY30DEC2527400CE.NFO,2025-12-22,10:26:00,2025-12-30,268.0,268.0,262.6,265.7,455,32825,0
FINNIFTY30DEC2527400CE.NFO,2025-12-22,10:27:00,2025-12-30,265.7,271.1,265.7,268.4,260,32825,0
FINNIFTY30DEC2527400CE.NFO,2025-12-22,10:28:00,2025-12-30,268.4,268.6,267.85,267.85,390,32630,0
FINNIFTY30DEC2527400CE.NFO,2025-12-22,10:29:00,2025-12-30,267.85,267.85,265.85,267.8,195,32630,0
FINNIFTY30DEC2527400CE.NFO,2025-12-22,10:30:00,2025-12-30,267.8,268.85,267.25,267.35,195,32630,0
FINNIFTY30DEC2527400CE.NFO,2025-12-22,10:31:00,2025-12-30,267.35,268.75,267.35,268.6,130,32500,0
FINNIFTY30DEC2527400CE.NFO,2025-12-22,10:32:00,2025-12-30,268.6,269.3,268.5,269.3,130,32500,0
FINNIFTY30DEC2527400CE.NFO,2025-12-22,10:33:00,2025-12-30,269.3,269.3,265.25,265.25,1300,32500,0
FINNIFTY30DEC2527400CE.NFO,2025-12-22,10:34:00,2025-12-30,265.25,267.3,265.25,266.25,780,33605,0
FINNIFTY30DEC2527400CE.NFO,2025-12-22,10:35:00,2025-12-30,266.25,267.65,265.75,265.75,130,33605,0
FINNIFTY30DEC2527400CE.NFO,2025-12-22,10:36:00,2025-12-30,265.75,266.95,265.25,265.25,390,33605,0
FINNIFTY30DEC2527400CE.NFO,2025-12-22,10:37:00,2025-12-30,265.25,265.5,259.2,260.3,2665,31265,0
FINNIFTY30DEC2527400CE.NFO,2025-12-22,10:38:00,2025-12-30,260.3,260.3,258.05,258.05,195,31265,0
FINNIFTY30DEC2527400CE.NFO,2025-12-22,10:39:00,2025-12-30,258.05,260.55,258.05,260.55,130,31265,0
FINNIFTY30DEC2527400CE.NFO,2025-12-22,10:40:00,2025-12-30,260.55,260.55,258.45,258.45,130,31135,0
FINNIFTY30DEC2527400CE.NFO,2025-12-22,10:41:00,2025-12-30,258.45,258.45,253.5,255.55,325,31135,0
FINNIFTY30DEC2527400CE.NFO,2025-12-22,10:42:00,2025-12-30,255.55,256.05,253.0,253.0,130,31135,0
FINNIFTY30DEC2527400CE.NFO,2025-12-22,10:43:00,2025-12-30,253.0,259.3,253.0,258.65,195,31070,0
FINNIFTY30DEC2527400CE.NFO,2025-12-22,10:44:00,2025-12-30,258.65,261.0,258.65,259.0,1300,31070,0
FINNIFTY30DEC2527400CE.NFO,2025-12-22,10:45:00,2025-12-30,259.0,261.3,259.0,259.0,650,31070,0
FINNIFTY30DEC2527400CE.NFO,2025-12-22,10:46:00,2025-12-30,259.0,259.0,259.0,259.0,65,32760,0
FINNIFTY30DEC2527400CE.NFO,2025-12-22,10:47:00,2025-12-30,259.0,261.5,259.0,261.5,715,32760,0
FINNIFTY30DEC2527400CE.NFO,2025-12-22,10:48:00,2025-12-30,261.5,263.0,261.5,263.0,0,32760,0
FINNIFTY30DEC2527400CE.NFO,2025-12-22,10:49:00,2025-12-30,263.0,265.0,263.0,265.0,1300,32045,0
FINNIFTY30DEC2527400CE.NFO,2025-12-22,10:50:00,2025-12-30,265.0,265.45,262.5,262.5,650,32045,0
FINNIFTY30DEC2527400CE.NFO,2025-12-22,10:51:00,2025-12-30,262.5,262.5,262.5,262.5,0,32045,0
FINNIFTY30DEC2527400CE.NFO,2025-12-22,10:52:00,2025-12-30,262.5,262.5,262.5,262.5,0,32045,0
FINNIFTY30DEC2527400CE.NFO,2025-12-22,10:53:00,2025-12-30,262.5,262.5,262.5,262.5,0,32045,0
FINNIFTY30DEC2527400CE.NFO,2025-12-22,10:54:00,2025-12-30,262.5,267.75,262.5,267.55,195,32175,0
FINNIFTY30DEC2527400CE.NFO,2025-12-22,10:55:00,2025-12-30,267.55,267.55,266.05,266.1,325,32695,0
FINNIFTY30DEC2527400CE.NFO,2025-12-22,10:56:00,2025-12-30,266.1,267.3,265.7,267.3,195,32695,0
FINNIFTY30DEC2527400CE.NFO,2025-12-22,10:57:00,2025-12-30,267.3,267.3,264.0,265.75,390,32695,0
FINNIFTY30DEC2527400CE.NFO,2025-12-22,10:58:00,2025-12-30,265.75,266.3,264.6,264.6,390,33670,0
FINNIFTY30DEC2527400CE.NFO,2025-12-22,10:59:00,2025-12-30,264.6,267.85,264.0,267.85,390,33670,0
FINNIFTY30DEC2527400CE.NFO,2025-12-22,11:00:00,2025-12-30,267.85,267.85,267.05,267.05,195,33670,0
FINNIFTY30DEC2527400CE.NFO,2025-12-22,11:01:00,2025-12-30,267.05,267.05,261.35,261.35,585,33670,0
FINNIFTY30DEC2527400CE.NFO,2025-12-22,11:02:00,2025-12-30,261.35,264.45,261.35,264.45,260,34515,0
FINNIFTY30DEC2527400CE.NFO,2025-12-22,11:03:00,2025-12-30,264.45,265.75,261.55,261.55,325,34515,0
FINNIFTY30DEC2527400CE.NFO,2025-12-22,11:04:00,2025-12-30,261.55,264.15,260.85,261.0,1300,34515,0
FINNIFTY30DEC2527400CE.NFO,2025-12-22,11:05:00,2025-12-30,261.0,261.0,257.5,257.5,130,36140,0
FINNIFTY30DEC2527400CE.NFO,2025-12-22,11:06:00,2025-12-30,257.5,259.85,257.5,258.7,195,36140,0
FINNIFTY30DEC2527400CE.NFO,2025-12-22,11:07:00,2025-12-30,258.7,260.05,257.1,260.05,325,36465,0
FINNIFTY30DEC2527400CE.NFO,2025-12-22,11:08:00,2025-12-30,260.05,263.05,260.05,263.05,390,36465,0
FINNIFTY30DEC2527400CE.NFO,2025-12-22,11:09:00,2025-12-30,263.05,263.65,262.25,263.6,325,36465,0
FINNIFTY30DEC2527400CE.NFO,2025-12-22,11:10:00,2025-12-30,263.6,263.6,261.5,261.55,130,36465,0
FINNIFTY30DEC2527400CE.NFO,2025-12-22,11:11:00,2025-12-30,261.55,263.35,260.0,260.3,455,37440,0
FINNIFTY30DEC2527400CE.NFO,2025-12-22,11:12:00,2025-12-30,260.3,264.5,260.3,264.2,390,37440,0
FINNIFTY30DEC2527400CE.NFO,2025-12-22,11:13:00,2025-12-30,264.2,264.55,260.0,262.3,520,38545,0
FINNIFTY30DEC2527400CE.NFO,2025-12-22,11:14:00,2025-12-30,262.3,262.75,262.25,262.25,260,38545,0
FINNIFTY30DEC2527400CE.NFO,2025-12-22,11:15:00,2025-12-30,262.25,264.3,262.25,264.3,195,38545,0
FINNIFTY30DEC2527400CE.NFO,2025-12-22,11:16:00,2025-12-30,264.3,264.3,260.5,260.5,260,38545,0
FINNIFTY30DEC2527400CE.NFO,2025-12-22,11:17:00,2025-12-30,260.5,262.9,260.5,261.85,130,39130,0
FINNIFTY30DEC2527400CE.NFO,2025-12-22,11:18:00,2025-12-30,261.85,261.85,260.45,260.45,130,39130,0
FINNIFTY30DEC2527400CE.NFO,2025-12-22,11:19:00,2025-12-30,260.45,261.55,260.45,261.55,390,39585,0
FINNIFTY30DEC2527400CE.NFO,2025-12-22,11:20:00,2025-12-30,261.55,261.55,255.0,259.45,780,39585,0
FINNIFTY30DEC2527400CE.NFO,2025-12-22,11:21:00,2025-12-30,259.45,264.4,259.45,264.4,260,39585,0
FINNIFTY30DEC2527400CE.NFO,2025-12-22,11:22:00,2025-12-30,264.4,264.7,259.95,263.4,260,40625,0
FINNIFTY30DEC2527400CE.NFO,2025-12-22,11:23:00,2025-12-30,263.4,264.1,261.95,264.1,390,40625,0
FINNIFTY30DEC2527400CE.NFO,2025-12-22,11:24:00,2025-12-30,264.1,265.5,263.8,263.8,260,40625,0
FINNIFTY30DEC2527400CE.NFO,2025-12-22,11:25:00,2025-12-30,263.8,267.95,263.8,267.5,585,41470,0
FINNIFTY30DEC2527400CE.NFO,2025-12-22,11:26:00,2025-12-30,267.5,268.2,265.35,267.15,585,41470,0
FINNIFTY30DEC2527400CE.NFO,2025-12-22,11:27:00,2025-12-30,267.15,268.15,264.45,267.95,260,41470,0
FINNIFTY30DEC2527400CE.NFO,2025-12-22,11:28:00,2025-12-30,267.95,268.0,267.1,267.35,455,42380,0
FINNIFTY30DEC2527400CE.NFO,2025-12-22,11:29:00,2025-12-30,267.35,268.65,267.35,268.65,195,42380,0
FINNIFTY30DEC2527400CE.NFO,2025-12-22,11:30:00,2025-12-30,268.65,269.0,268.1,269.0,325,42380,0
FINNIFTY30DEC2527400CE.NFO,2025-12-22,11:31:00,2025-12-30,269.0,269.0,267.45,267.45,260,42380,0
FINNIFTY30DEC2527400CE.NFO,2025-12-22,11:32:00,2025-12-30,267.45,267.45,262.6,263.05,390,43160,0
FINNIFTY30DEC2527400CE.NFO,2025-12-22,11:33:00,2025-12-30,263.05,264.6,261.25,263.35,325,43160,0
FINNIFTY30DEC2527400CE.NFO,2025-12-22,11:34:00,2025-12-30,263.35,266.25,263.35,266.2,390,42770,0
FINNIFTY30DEC2527400CE.NFO,2025-12-22,11:35:00,2025-12-30,266.2,266.2,263.25,263.25,65,42770,0
FINNIFTY30DEC2527400CE.NFO,2025-12-22,11:36:00,2025-12-30,263.25,267.65,262.95,267.65,390,42770,0
FINNIFTY30DEC2527400CE.NFO,2025-12-22,11:37:00,2025-12-30,267.65,268.0,265.6,266.65,910,42770,0
FINNIFTY30DEC2527400CE.NFO,2025-12-22,11:38:00,2025-12-30,266.65,268.0,266.65,267.6,455,41925,0
FINNIFTY30DEC2527400CE.NFO,2025-12-22,11:39:00,2025-12-30,267.6,267.6,264.4,264.4,455,41925,0
FINNIFTY30DEC2527400CE.NFO,2025-12-22,11:40:00,2025-12-30,264.4,266.65,264.4,264.75,325,41925,0
FINNIFTY30DEC2527400CE.NFO,2025-12-22,11:41:00,2025-12-30,264.75,264.75,263.25,263.25,195,41015,0
FINNIFTY30DEC2527400CE.NFO,2025-12-22,11:42:00,2025-12-30,263.25,265.6,262.55,262.55,195,41015,0
FINNIFTY30DEC2527400CE.NFO,2025-12-22,11:43:00,2025-12-30,262.55,262.55,262.05,262.2,130,41015,0
FINNIFTY30DEC2527400CE.NFO,2025-12-22,11:44:00,2025-12-30,262.25,262.25,261.15,261.15,195,40625,0
FINNIFTY30DEC2527400CE.NFO,2025-12-22,11:45:00,2025-12-30,261.15,263.65,261.15,263.65,130,40625,0
FINNIFTY30DEC2527400CE.NFO,2025-12-22,11:46:00,2025-12-30,263.65,266.4,263.65,266.4,260,40625,0
FINNIFTY30DEC2527400CE.NFO,2025-12-22,11:47:00,2025-12-30,266.4,267.5,265.5,265.5,260,40300,0
FINNIFTY30DEC2527400CE.NFO,2025-12-22,11:48:00,2025-12-30,265.5,267.05,264.75,264.75,325,40300,0
FINNIFTY30DEC2527400CE.NFO,2025-12-22,11:49:00,2025-12-30,264.75,267.0,264.75,266.8,325,39845,0
FINNIFTY30DEC2527400CE.NFO,2025-12-22,11:50:00,2025-12-30,266.8,266.8,266.65,266.65,195,39845,0
FINNIFTY30DEC2527400CE.NFO,2025-12-22,11:51:00,2025-12-30,266.65,268.05,266.65,266.85,260,39845,0
FINNIFTY30DEC2527400CE.NFO,2025-12-22,11:52:00,2025-12-30,266.85,268.15,264.1,266.55,325,39195,0
FINNIFTY30DEC2527400CE.NFO,2025-12-22,11:53:00,2025-12-30,266.55,268.05,265.55,268.05,390,39195,0
FINNIFTY30DEC2527400CE.NFO,2025-12-22,11:54:00,2025-12-30,268.05,268.05,263.85,265.15,390,39195,0
FINNIFTY30DEC2527400CE.NFO,2025-12-22,11:55:00,2025-12-30,264.95,265.4,263.7,263.95,260,39195,0
FINNIFTY30DEC2527400CE.NFO,2025-12-22,11:56:00,2025-12-30,263.95,263.95,262.85,263.2,260,38220,0
FINNIFTY30DEC2527400CE.NFO,2025-12-22,11:57:00,2025-12-30,263.2,265.85,262.65,262.65,650,38220,0
FINNIFTY30DEC2527400CE.NFO,2025-12-22,11:58:00,2025-12-30,262.65,262.65,262.35,262.35,130,38220,0
FINNIFTY30DEC2527400CE.NFO,2025-12-22,11:59:00,2025-12-30,262.35,266.8,262.35,266.8,390,37570,0
FINNIFTY30DEC2527400CE.NFO,2025-12-22,12:00:00,2025-12-30,266.8,266.8,266.2,266.2,65,37570,0
FINNIFTY30DEC2527400CE.NFO,2025-12-22,12:01:00,2025-12-30,266.2,268.05,264.3,268.05,1560,37570,0
FINNIFTY30DEC2527400CE.NFO,2025-12-22,12:02:00,2025-12-30,268.05,268.05,264.3,264.9,195,38415,0
FINNIFTY30DEC2527400CE.NFO,2025-12-22,12:03:00,2025-12-30,264.9,268.9,264.9,266.8,845,38415,0
FINNIFTY30DEC2527400CE.NFO,2025-12-22,12:04:00,2025-12-30,266.8,269.0,266.55,267.15,455,38415,0
FINNIFTY30DEC2527400CE.NFO,2025-12-22,12:05:00,2025-12-30,267.15,268.0,266.55,267.85,455,37505,0
FINNIFTY30DEC2527400CE.NFO,2025-12-22,12:06:00,2025-12-30,267.85,267.85,267.3,267.3,195,37505,0
FINNIFTY30DEC2527400CE.NFO,2025-12-22,12:07:00,2025-12-30,267.3,269.95,267.05,269.95,585,37505,0
FINNIFTY30DEC2527400CE.NFO,2025-12-22,12:08:00,2025-12-30,269.95,269.95,268.5,268.7,325,36855,0
FINNIFTY30DEC2527400CE.NFO,2025-12-22,12:09:00,2025-12-30,268.7,268.7,267.65,267.65,1040,36855,0
FINNIFTY30DEC2527400CE.NFO,2025-12-22,12:10:00,2025-12-30,267.65,267.65,267.65,267.65,0,36855,0
FINNIFTY30DEC2527400CE.NFO,2025-12-22,12:11:00,2025-12-30,267.65,267.65,267.65,267.65,65,37050,0
FINNIFTY30DEC2527400CE.NFO,2025-12-22,12:12:00,2025-12-30,267.65,267.65,264.4,264.4,325,37050,0
FINNIFTY30DEC2527400CE.NFO,2025-12-22,12:13:00,2025-12-30,264.4,264.4,262.0,262.7,130,37050,0
FINNIFTY30DEC2527400CE.NFO,2025-12-22,12:14:00,2025-12-30,262.7,262.7,262.7,262.7,0,37050,0
FINNIFTY30DEC2527400CE.NFO,2025-12-22,12:15:00,2025-12-30,262.7,262.7,262.0,262.0,65,37245,0
FINNIFTY30DEC2527400CE.NFO,2025-12-22,12:16:00,2025-12-30,262.0,264.0,262.0,264.0,260,37245,0
FINNIFTY30DEC2527400CE.NFO,2025-12-22,12:17:00,2025-12-30,264.0,264.0,264.0,264.0,0,37245,0
FINNIFTY30DEC2527400CE.NFO,2025-12-22,12:18:00,2025-12-30,264.0,264.0,264.0,264.0,0,37245,0
FINNIFTY30DEC2527400CE.NFO,2025-12-22,12:19:00,2025-12-30,264.0,268.0,264.0,267.65,130,37440,0
FINNIFTY30DEC2527400CE.NFO,2025-12-22,12:20:00,2025-12-30,267.65,267.65,267.65,267.65,0,37440,0
FINNIFTY30DEC2527400CE.NFO,2025-12-22,12:21:00,2025-12-30,267.65,267.65,265.7,265.7,0,37570,0
FINNIFTY30DEC2527400CE.NFO,2025-12-22,12:22:00,2025-12-30,265.7,267.45,265.65,265.65,260,37570,0
FINNIFTY30DEC2527400CE.NFO,2025-12-22,12:23:00,2025-12-30,265.65,265.65,264.0,264.0,195,37505,0
FINNIFTY30DEC2527400CE.NFO,2025-12-22,12:24:00,2025-12-30,264.0,268.6,264.0,268.6,130,37505,0
FINNIFTY30DEC2527400CE.NFO,2025-12-22,12:25:00,2025-12-30,268.6,268.6,268.6,268.6,0,37505,0
FINNIFTY30DEC2527400CE.NFO,2025-12-22,12:26:00,2025-12-30,268.6,269.3,268.6,269.3,260,37570,0
FINNIFTY30DEC2527400CE.NFO,2025-12-22,12:27:00,2025-12-30,269.3,269.3,269.3,269.3,0,37570,0
FINNIFTY30DEC2527400CE.NFO,2025-12-22,12:28:00,2025-12-30,269.3,269.3,269.3,269.3,0,37570,0
FINNIFTY30DEC2527400CE.NFO,2025-12-22,12:29:00,2025-12-30,269.3,269.3,269.3,269.3,0,37570,0
FINNIFTY30DEC2527400CE.NFO,2025-12-22,12:30:00,2025-12-30,269.3,269.3,267.05,267.05,65,37635,0
FINNIFTY30DEC2527400CE.NFO,2025-12-22,12:31:00,2025-12-30,267.05,267.05,265.45,265.45,65,37635,0
FINNIFTY30DEC2527400CE.NFO,2025-12-22,12:32:00,2025-12-30,265.45,265.45,265.45,265.45,0,37635,0
FINNIFTY30DEC2527400CE.NFO,2025-12-22,12:33:00,2025-12-30,265.45,265.45,265.0,265.0,65,37635,0
FINNIFTY30DEC2527400CE.NFO,2025-12-22,12:34:00,2025-12-30,265.0,265.0,265.0,265.0,0,37635,0
FINNIFTY30DEC2527400CE.NFO,2025-12-22,12:35:00,2025-12-30,265.0,265.0,262.5,262.5,130,37635,0
FINNIFTY30DEC2527400CE.NFO,2025-12-22,12:36:00,2025-12-30,262.5,265.0,262.5,265.0,65,37635,0
FINNIFTY30DEC2527400CE.NFO,2025-12-22,12:37:00,2025-12-30,265.0,265.0,265.0,265.0,0,37635,0
FINNIFTY30DEC2527400CE.NFO,2025-12-22,12:38:00,2025-12-30,265.0,267.0,265.0,267.0,65,37505,0
FINNIFTY30DEC2527400CE.NFO,2025-12-22,12:39:00,2025-12-30,267.0,267.0,267.0,267.0,0,37505,0
FINNIFTY30DEC2527400CE.NFO,2025-12-22,12:40:00,2025-12-30,267.0,268.5,267.0,268.5,65,37505,0
FINNIFTY30DEC2527400CE.NFO,2025-12-22,12:41:00,2025-12-30,268.5,268.5,268.5,268.5,0,37505,0
FINNIFTY30DEC2527400CE.NFO,2025-12-22,12:42:00,2025-12-30,268.5,268.5,268.5,268.5,0,37505,0
FINNIFTY30DEC2527400CE.NFO,2025-12-22,12:43:00,2025-12-30,268.5,268.5,261.0,261.05,260,37440,0
FINNIFTY30DEC2527400CE.NFO,2025-12-22,12:44:00,2025-12-30,261.05,261.05,256.7,256.7,585,37375,0
FINNIFTY30DEC2527400CE.NFO,2025-12-22,12:45:00,2025-12-30,256.7,256.7,255.0,255.0,260,37375,0
FINNIFTY30DEC2527400CE.NFO,2025-12-22,12:46:00,2025-12-30,255.0,255.0,255.0,255.0,65,37375,0
FINNIFTY30DEC2527400CE.NFO,2025-12-22,12:47:00,2025-12-30,255.0,255.0,255.0,255.0,0,37375,0
FINNIFTY30DEC2527400CE.NFO,2025-12-22,12:48:00,2025-12-30,255.0,260.85,255.0,260.85,130,37765,0
FINNIFTY30DEC2527400CE.NFO,2025-12-22,12:49:00,2025-12-30,260.85,260.85,258.0,258.0,130,37765,0
FINNIFTY30DEC2527400CE.NFO,2025-12-22,12:50:00,2025-12-30,258.0,258.8,257.5,258.8,520,37895,0
FINNIFTY30DEC2527400CE.NFO,2025-12-22,12:51:00,2025-12-30,258.8,258.8,258.8,258.8,0,37895,0
FINNIFTY30DEC2527400CE.NFO,2025-12-22,12:52:00,2025-12-30,258.8,258.8,257.7,257.7,130,37895,0
FINNIFTY30DEC2527400CE.NFO,2025-12-22,12:53:00,2025-12-30,257.7,257.7,256.0,256.0,195,37895,0
FINNIFTY30DEC2527400CE.NFO,2025-12-22,12:54:00,2025-12-30,256.0,259.25,256.0,259.25,910,37895,0
FINNIFTY30DEC2527400CE.NFO,2025-12-22,12:55:00,2025-12-30,259.25,259.25,259.25,259.25,195,37895,0
FINNIFTY30DEC2527400CE.NFO,2025-12-22,12:56:00,2025-12-30,259.25,259.25,259.0,259.0,130,37310,0
FINNIFTY30DEC2527400CE.NFO,2025-12-22,12:57:00,2025-12-30,259.0,259.6,259.0,259.6,130,37310,0
FINNIFTY30DEC2527400CE.NFO,2025-12-22,12:58:00,2025-12-30,259.6,259.6,257.85,257.85,65,37310,0
FINNIFTY30DEC2527400CE.NFO,2025-12-22,12:59:00,2025-12-30,257.85,257.85,257.85,257.85,0,37310,0
FINNIFTY30DEC2527400CE.NFO,2025-12-22,13:00:00,2025-12-30,257.85,259.25,255.4,259.25,390,37570,0
FINNIFTY30DEC2527400CE.NFO,2025-12-22,13:01:00,2025-12-30,259.25,259.25,256.0,256.0,130,37570,0
FINNIFTY30DEC2527400CE.NFO,2025-12-22,13:02:00,2025-12-30,256.0,256.0,256.0,256.0,0,37570,0
FINNIFTY30DEC2527400CE.NFO,2025-12-22,13:03:00,2025-12-30,256.0,256.0,256.0,256.0,0,37570,0
FINNIFTY30DEC2527400CE.NFO,2025-12-22,13:04:00,2025-12-30,256.0,256.0,256.0,256.0,0,37570,0
FINNIFTY30DEC2527400CE.NFO,2025-12-22,13:05:00,2025-12-30,256.0,256.6,256.0,256.35,520,37700,0
FINNIFTY30DEC2527400CE.NFO,2025-12-22,13:06:00,2025-12-30,256.35,261.15,256.35,261.15,130,37700,0
FINNIFTY30DEC2527400CE.NFO,2025-12-22,13:07:00,2025-12-30,261.15,261.15,258.45,258.45,130,37700,0
FINNIFTY30DEC2527400CE.NFO,2025-12-22,13:08:00,2025-12-30,258.45,259.75,257.75,259.75,455,38350,0
FINNIFTY30DEC2527400CE.NFO,2025-12-22,13:09:00,2025-12-30,259.75,259.75,255.7,255.7,130,38350,0
FINNIFTY30DEC2527400CE.NFO,2025-12-22,13:10:00,2025-12-30,255.7,257.45,254.3,257.45,65,38350,0
FINNIFTY30DEC2527400CE.NFO,2025-12-22,13:11:00,2025-12-30,257.45,257.45,257.45,257.45,0,38350,0
FINNIFTY30DEC2527400CE.NFO,2025-12-22,13:12:00,2025-12-30,257.45,257.45,253.75,253.75,130,38675,0
FINNIFTY30DEC2527400CE.NFO,2025-12-22,13:13:00,2025-12-30,253.75,253.75,253.75,253.75,130,38675,0
FINNIFTY30DEC2527400CE.NFO,2025-12-22,13:14:00,2025-12-30,253.75,258.0,253.75,258.0,195,38740,0
FINNIFTY30DEC2527400CE.NFO,2025-12-22,13:15:00,2025-12-30,258.0,258.0,258.0,258.0,0,38740,0
FINNIFTY30DEC2527400CE.NFO,2025-12-22,13:16:00,2025-12-30,258.0,258.9,258.0,258.9,130,38740,0
FINNIFTY30DEC2527400CE.NFO,2025-12-22,13:17:00,2025-12-30,258.9,258.9,258.9,258.9,0,38740,0
FINNIFTY30DEC2527400CE.NFO,2025-12-22,13:18:00,2025-12-30,258.9,258.9,258.9,258.9,0,38740,0
FINNIFTY30DEC2527400CE.NFO,2025-12-22,13:19:00,2025-12-30,258.9,258.9,258.9,258.9,0,38740,0
FINNIFTY30DEC2527400CE.NFO,2025-12-22,13:20:00,2025-12-30,258.9,258.9,258.0,258.0,130,38675,0
FINNIFTY30DEC2527400CE.NFO,2025-12-22,13:21:00,2025-12-30,258.0,258.0,258.0,258.0,0,38675,0
FINNIFTY30DEC2527400CE.NFO,2025-12-22,13:22:00,2025-12-30,258.0,260.0,258.0,260.0,130,38675,0
FINNIFTY30DEC2527400CE.NFO,2025-12-22,13:23:00,2025-12-30,260.0,260.0,256.05,256.05,130,38675,0
FINNIFTY30DEC2527400CE.NFO,2025-12-22,13:24:00,2025-12-30,256.05,259.0,256.05,259.0,195,38675,0
FINNIFTY30DEC2527400CE.NFO,2025-12-22,13:25:00,2025-12-30,259.0,259.0,258.5,258.5,130,38675,0
FINNIFTY30DEC2527400CE.NFO,2025-12-22,13:26:00,2025-12-30,258.5,261.4,258.05,261.4,390,38805,0
FINNIFTY30DEC2527400CE.NFO,2025-12-22,13:27:00,2025-12-30,261.4,262.0,258.0,262.0,260,38805,0
FINNIFTY30DEC2527400CE.NFO,2025-12-22,13:28:00,2025-12-30,262.0,262.95,262.0,262.95,65,38805,0
FINNIFTY30DEC2527400CE.NFO,2025-12-22,13:29:00,2025-12-30,262.95,262.95,262.95,262.95,0,38805,0
FINNIFTY30DEC2527400CE.NFO,2025-12-22,13:30:00,2025-12-30,262.95,262.95,256.2,256.2,260,38675,0
FINNIFTY30DEC2527400CE.NFO,2025-12-22,13:31:00,2025-12-30,256.2,256.2,255.95,255.95,65,38675,0
FINNIFTY30DEC2527400CE.NFO,2025-12-22,13:32:00,2025-12-30,255.95,258.6,255.95,258.6,65,38675,0
FINNIFTY30DEC2527400CE.NFO,2025-12-22,13:33:00,2025-12-30,258.6,258.6,258.6,258.6,0,38675,0
FINNIFTY30DEC2527400CE.NFO,2025-12-22,13:34:00,2025-12-30,258.6,258.6,258.6,258.6,0,38675,0
FINNIFTY30DEC2527400CE.NFO,2025-12-22,13:35:00,2025-12-30,258.6,264.0,258.6,264.0,65,38740,0
FINNIFTY30DEC2527400CE.NFO,2025-12-22,13:36:00,2025-12-30,264.0,264.0,264.0,264.0,0,38740,0
FINNIFTY30DEC2527400CE.NFO,2025-12-22,13:37:00,2025-12-30,264.0,264.0,254.45,256.35,195,38805,0
FINNIFTY30DEC2527400CE.NFO,2025-12-22,13:38:00,2025-12-30,256.35,256.35,255.85,255.85,130,38805,0
FINNIFTY30DEC2527400CE.NFO,2025-12-22,13:39:00,2025-12-30,255.0,255.0,255.0,255.0,650,38740,0
FINNIFTY30DEC2527400CE.NFO,2025-12-22,13:40:00,2025-12-30,255.0,255.0,253.6,253.75,195,38740,0
FINNIFTY30DEC2527400CE.NFO,2025-12-22,13:41:00,2025-12-30,253.75,258.0,253.75,258.0,130,39325,0
FINNIFTY30DEC2527400CE.NFO,2025-12-22,13:42:00,2025-12-30,258.0,258.0,258.0,258.0,0,39325,0
FINNIFTY30DEC2527400CE.NFO,2025-12-22,13:43:00,2025-12-30,258.0,258.0,258.0,258.0,0,39325,0
FINNIFTY30DEC2527400CE.NFO,2025-12-22,13:44:00,2025-12-30,258.0,262.55,258.0,262.55,455,39390,0
FINNIFTY30DEC2527400CE.NFO,2025-12-22,13:45:00,2025-12-30,262.55,262.55,260.65,261.15,130,39390,0
FINNIFTY30DEC2527400CE.NFO,2025-12-22,13:46:00,2025-12-30,261.15,261.15,259.05,259.05,130,39390,0
FINNIFTY30DEC2527400CE.NFO,2025-12-22,13:47:00,2025-12-30,259.05,262.0,259.05,262.0,65,39455,0
FINNIFTY30DEC2527400CE.NFO,2025-12-22,13:48:00,2025-12-30,262.0,262.0,262.0,262.0,0,39455,0
FINNIFTY30DEC2527400CE.NFO,2025-12-22,13:49:00,2025-12-30,262.0,262.0,261.95,261.95,65,39455,0
FINNIFTY30DEC2527400CE.NFO,2025-12-22,13:50:00,2025-12-30,261.95,261.95,259.85,259.85,65,39455,0
FINNIFTY30DEC2527400CE.NFO,2025-12-22,13:51:00,2025-12-30,259.85,259.85,259.85,259.85,0,39455,0
FINNIFTY30DEC2527400CE.NFO,2025-12-22,13:52:00,2025-12-30,259.85,259.85,259.85,259.85,0,39455,0
FINNIFTY30DEC2527400CE.NFO,2025-12-22,13:53:00,2025-12-30,259.85,259.85,259.85,259.85,0,39455,0
FINNIFTY30DEC2527400CE.NFO,2025-12-22,13:54:00,2025-12-30,259.85,259.85,256.95,257.65,585,39455,0
FINNIFTY30DEC2527400CE.NFO,2025-12-22,13:55:00,2025-12-30,257.65,257.65,257.65,257.65,0,39455,0
FINNIFTY30DEC2527400CE.NFO,2025-12-22,13:56:00,2025-12-30,257.65,257.65,257.65,257.65,0,39455,0
FINNIFTY30DEC2527400CE.NFO,2025-12-22,13:57:00,2025-12-30,257.65,258.4,257.65,258.4,65,39065,0
FINNIFTY30DEC2527400CE.NFO,2025-12-22,13:58:00,2025-12-30,258.4,258.4,258.4,258.4,65,39065,0
FINNIFTY30DEC2527400CE.NFO,2025-12-22,13:59:00,2025-12-30,258.4,258.4,258.4,258.4,0,39065,0
FINNIFTY30DEC2527400CE.NFO,2025-12-22,14:00:00,2025-12-30,258.4,258.4,258.4,258.4,0,39065,0
FINNIFTY30DEC2527400CE.NFO,2025-12-22,14:01:00,2025-12-30,258.4,264.0,258.4,264.0,715,38935,0
FINNIFTY30DEC2527400CE.NFO,2025-12-22,14:02:00,2025-12-30,264.0,264.0,264.0,264.0,0,38935,0
FINNIFTY30DEC2527400CE.NFO,2025-12-22,14:03:00,2025-12-30,264.0,264.0,257.4,257.4,65,38350,0
FINNIFTY30DEC2527400CE.NFO,2025-12-22,14:04:00,2025-12-30,257.4,257.4,257.4,257.4,0,38350,0
FINNIFTY30DEC2527400CE.NFO,2025-12-22,14:05:00,2025-12-30,257.4,257.9,257.4,257.9,65,38285,0
FINNIFTY30DEC2527400CE.NFO,2025-12-22,14:06:00,2025-12-30,257.9,257.9,257.9,257.9,0,38285,0
FINNIFTY30DEC2527400CE.NFO,2025-12-22,14:07:00,2025-12-30,257.9,257.9,257.0,257.0,195,38285,0
FINNIFTY30DEC2527400CE.NFO,2025-12-22,14:08:00,2025-12-30,257.0,257.0,249.95,249.95,975,38155,0
FINNIFTY30DEC2527400CE.NFO,2025-12-22,14:09:00,2025-12-30,249.95,249.95,249.0,249.1,325,38155,0
FINNIFTY30DEC2527400CE.NFO,2025-12-22,14:10:00,2025-12-30,249.1,249.1,245.35,245.35,325,38155,0
FINNIFTY30DEC2527400CE.NFO,2025-12-22,14:11:00,2025-12-30,245.35,245.9,243.1,245.9,325,38155,0
FINNIFTY30DEC2527400CE.NFO,2025-12-22,14:12:00,2025-12-30,245.9,245.9,245.9,245.9,0,38155,0
FINNIFTY30DEC2527400CE.NFO,2025-12-22,14:13:00,2025-12-30,245.9,245.9,245.9,245.9,0,38155,0
FINNIFTY30DEC2527400CE.NFO,2025-12-22,14:14:00,2025-12-30,245.9,245.9,245.9,245.9,0,38155,0
FINNIFTY30DEC2527400CE.NFO,2025-12-22,14:15:00,2025-12-30,245.9,256.35,245.9,256.35,65,38285,0
FINNIFTY30DEC2527400CE.NFO,2025-12-22,14:16:00,2025-12-30,256.35,256.35,256.0,256.0,260,38285,0
FINNIFTY30DEC2527400CE.NFO,2025-12-22,14:17:00,2025-12-30,256.0,256.0,256.0,256.0,0,38285,0
FINNIFTY30DEC2527400CE.NFO,2025-12-22,14:18:00,2025-12-30,256.0,256.0,256.0,256.0,0,38285,0
FINNIFTY30DEC2527400CE.NFO,2025-12-22,14:19:00,2025-12-30,256.0,256.0,250.9,250.9,65,38090,0
FINNIFTY30DEC2527400CE.NFO,2025-12-22,14:20:00,2025-12-30,250.9,254.3,250.9,254.3,65,38025,0
FINNIFTY30DEC2527400CE.NFO,2025-12-22,14:21:00,2025-12-30,254.3,254.3,253.0,253.0,65,38025,0
FINNIFTY30DEC2527400CE.NFO,2025-12-22,14:22:00,2025-12-30,253.0,253.0,253.0,253.0,0,38025,0
FINNIFTY30DEC2527400CE.NFO,2025-12-22,14:23:00,2025-12-30,253.0,258.55,253.0,258.55,65,38025,0
FINNIFTY30DEC2527400CE.NFO,2025-12-22,14:24:00,2025-12-30,258.55,260.9,258.0,260.9,910,38025,0
FINNIFTY30DEC2527400CE.NFO,2025-12-22,14:25:00,2025-12-30,260.9,260.95,259.0,259.0,780,38025,0
FINNIFTY30DEC2527400CE.NFO,2025-12-22,14:26:00,2025-12-30,259.0,259.5,259.0,259.5,65,38025,0
FINNIFTY30DEC2527400CE.NFO,2025-12-22,14:27:00,2025-12-30,259.5,260.0,259.35,259.5,195,38220,0
FINNIFTY30DEC2527400CE.NFO,2025-12-22,14:28:00,2025-12-30,259.5,262.5,259.5,262.5,585,38220,0
FINNIFTY30DEC2527400CE.NFO,2025-12-22,14:29:00,2025-12-30,262.5,262.5,260.3,262.5,520,37765,0
FINNIFTY30DEC2527400CE.NFO,2025-12-22,14:30:00,2025-12-30,262.5,262.5,261.05,261.05,585,37765,0
FINNIFTY30DEC2527400CE.NFO,2025-12-22,14:31:00,2025-12-30,261.05,261.05,259.5,259.5,130,37765,0
FINNIFTY30DEC2527400CE.NFO,2025-12-22,14:32:00,2025-12-30,259.5,259.7,259.5,259.7,65,37765,0
FINNIFTY30DEC2527400CE.NFO,2025-12-22,14:33:00,2025-12-30,259.7,259.7,259.0,259.0,65,37505,0
FINNIFTY30DEC2527400CE.NFO,2025-12-22,14:34:00,2025-12-30,259.0,259.0,259.0,259.0,0,37505,0
FINNIFTY30DEC2527400CE.NFO,2025-12-22,14:35:00,2025-12-30,263.5,265.0,263.5,263.95,2405,37505,0
FINNIFTY30DEC2527400CE.NFO,2025-12-22,14:36:00,2025-12-30,263.95,264.65,260.7,260.7,390,38285,0
FINNIFTY30DEC2527400CE.NFO,2025-12-22,14:37:00,2025-12-30,260.7,260.7,260.7,260.7,0,38285,0
FINNIFTY30DEC2527400CE.NFO,2025-12-22,14:38:00,2025-12-30,260.7,262.65,260.7,262.65,585,38285,0
FINNIFTY30DEC2527400CE.NFO,2025-12-22,14:39:00,2025-12-30,262.65,262.65,257.6,257.6,455,38285,0
FINNIFTY30DEC2527400CE.NFO,2025-12-22,14:40:00,2025-12-30,257.6,260.45,256.3,256.3,260,38285,0
FINNIFTY30DEC2527400CE.NFO,2025-12-22,14:41:00,2025-12-30,256.3,256.3,256.3,256.3,0,38285,0
FINNIFTY30DEC2527400CE.NFO,2025-12-22,14:42:00,2025-12-30,256.3,256.3,256.3,256.3,0,38285,0
FINNIFTY30DEC2527400CE.NFO,2025-12-22,14:43:00,2025-12-30,256.3,256.3,256.3,256.3,0,38285,0
FINNIFTY30DEC2527400CE.NFO,2025-12-22,14:44:00,2025-12-30,256.3,257.95,256.3,257.95,325,38740,0
FINNIFTY30DEC2527400CE.NFO,2025-12-22,14:45:00,2025-12-30,257.95,257.95,257.95,257.95,0,38740,0
FINNIFTY30DEC2527400CE.NFO,2025-12-22,14:46:00,2025-12-30,257.95,257.95,257.95,257.95,0,38740,0
FINNIFTY30DEC2527400CE.NFO,2025-12-22,14:47:00,2025-12-30,257.95,257.95,257.95,257.95,0,38740,0
FINNIFTY30DEC2527400CE.NFO,2025-12-22,14:48:00,2025-12-30,257.95,257.95,257.95,257.95,0,38740,0
FINNIFTY30DEC2527400CE.NFO,2025-12-22,14:49:00,2025-12-30,257.95,257.95,257.95,257.95,0,38740,0
FINNIFTY30DEC2527400CE.NFO,2025-12-22,14:50:00,2025-12-30,257.95,257.95,257.95,257.95,65,38415,0
FINNIFTY30DEC2527400CE.NFO,2025-12-22,14:51:00,2025-12-30,257.95,257.95,257.95,257.95,0,38415,0
FINNIFTY30DEC2527400CE.NFO,2025-12-22,14:52:00,2025-12-30,257.95,259.8,257.95,259.8,0,38350,0
FINNIFTY30DEC2527400CE.NFO,2025-12-22,14:53:00,2025-12-30,259.8,259.8,256.3,256.3,390,38350,0
FINNIFTY30DEC2527400CE.NFO,2025-12-22,14:54:00,2025-12-30,256.3,259.4,256.3,259.4,130,38155,0
FINNIFTY30DEC2527400CE.NFO,2025-12-22,14:55:00,2025-12-30,259.4,259.4,259.4,259.4,0,38155,0
FINNIFTY30DEC2527400CE.NFO,2025-12-22,14:56:00,2025-12-30,259.4,259.4,255.6,255.6,130,38155,0
FINNIFTY30DEC2527400CE.NFO,2025-12-22,14:57:00,2025-12-30,255.6,255.6,255.6,255.6,0,38155,0
FINNIFTY30DEC2527400CE.NFO,2025-12-22,14:58:00,2025-12-30,255.6,255.6,253.6,253.65,390,38155,0
FINNIFTY30DEC2527400CE.NFO,2025-12-22,14:59:00,2025-12-30,253.65,254.7,253.65,254.7,325,38155,0
FINNIFTY30DEC2527400CE.NFO,2025-12-22,15:00:00,2025-12-30,254.7,257.4,254.35,255.1,390,37700,0
FINNIFTY30DEC2527400CE.NFO,2025-12-22,15:01:00,2025-12-30,255.1,256.7,254.35,254.35,715,37700,0
FINNIFTY30DEC2527400CE.NFO,2025-12-22,15:02:00,2025-12-30,254.35,254.85,253.85,254.55,585,37700,0
FINNIFTY30DEC2527400CE.NFO,2025-12-22,15:03:00,2025-12-30,254.55,254.55,254.55,254.55,0,37700,0
FINNIFTY30DEC2527400CE.NFO,2025-12-22,15:04:00,2025-12-30,254.55,254.55,254.55,254.55,0,37700,0
FINNIFTY30DEC2527400CE.NFO,2025-12-22,15:05:00,2025-12-30,254.55,254.55,253.4,253.4,130,37765,0
FINNIFTY30DEC2527400CE.NFO,2025-12-22,15:06:00,2025-12-30,253.4,253.4,253.4,253.4,0,37765,0
FINNIFTY30DEC2527400CE.NFO,2025-12-22,15:07:00,2025-12-30,253.4,253.4,253.4,253.4,0,37765,0
FINNIFTY30DEC2527400CE.NFO,2025-12-22,15:08:00,2025-12-30,253.4,253.4,253.4,253.4,0,37765,0
FINNIFTY30DEC2527400CE.NFO,2025-12-22,15:09:00,2025-12-30,253.4,253.4,248.9,252.0,1755,37700,0
FINNIFTY30DEC2527400CE.NFO,2025-12-22,15:10:00,2025-12-30,252.0,253.4,252.0,253.4,130,37700,0
FINNIFTY30DEC2527400CE.NFO,2025-12-22,15:11:00,2025-12-30,253.4,253.4,253.4,253.4,0,37700,0
FINNIFTY30DEC2527400CE.NFO,2025-12-22,15:12:00,2025-12-30,253.4,253.4,252.65,252.65,65,36465,0
FINNIFTY30DEC2527400CE.NFO,2025-12-22,15:13:00,2025-12-30,252.65,252.65,252.65,252.65,0,36465,0
FINNIFTY30DEC2527400CE.NFO,2025-12-22,15:14:00,2025-12-30,252.65,252.65,252.65,252.65,0,36465,0
FINNIFTY30DEC2527400CE.NFO,2025-12-22,15:15:00,2025-12-30,252.65,252.65,248.0,248.0,130,36400,0
FINNIFTY30DEC2527400CE.NFO,2025-12-22,15:16:00,2025-12-30,248.0,250.0,248.0,250.0,130,36400,0
FINNIFTY30DEC2527400CE.NFO,2025-12-22,15:17:00,2025-12-30,250.0,250.0,245.9,247.65,130,36400,0
FINNIFTY30DEC2527400CE.NFO,2025-12-22,15:18:00,2025-12-30,247.65,247.65,247.0,247.0,260,36400,0
FINNIFTY30DEC2527400CE.NFO,2025-12-22,15:19:00,2025-12-30,247.0,247.0,244.45,244.45,455,36400,0
FINNIFTY30DEC2527400CE.NFO,2025-12-22,15:20:00,2025-12-30,246.05,248.1,244.85,246.4,2340,36400,0
FINNIFTY30DEC2527400CE.NFO,2025-12-22,15:21:00,2025-12-30,246.4,248.7,246.4,247.6,195,34905,0
FINNIFTY30DEC2527400CE.NFO,2025-12-22,15:22:00,2025-12-30,247.6,249.5,246.95,249.1,1365,34905,0
FINNIFTY30DEC2527400CE.NFO,2025-12-22,15:23:00,2025-12-30,249.1,249.1,248.6,248.6,130,34905,0
FINNIFTY30DEC2527400CE.NFO,2025-12-22,15:24:00,2025-12-30,248.0,249.0,247.8,247.8,260,33865,0
FINNIFTY30DEC2527400CE.NFO,2025-12-22,15:25:00,2025-12-30,247.8,250.4,247.8,249.85,1040,33865,0
FINNIFTY30DEC2527400CE.NFO,2025-12-22,15:26:00,2025-12-30,249.85,253.25,249.85,253.25,650,33865,0
FINNIFTY30DEC2527400CE.NFO,2025-12-22,15:27:00,2025-12-30,253.25,253.25,253.25,253.25,0,33865,0
FINNIFTY30DEC2527400CE.NFO,2025-12-22,15:28:00,2025-12-30,253.25,253.25,246.65,246.65,1040,33605,0
FINNIFTY30DEC2527400CE.NFO,2025-12-22,15:29:00,2025-12-30,246.65,250.6,231.05,231.05,780,33215,0
FINNIFTY30DEC2527400CE.NFO,2025-12-22,15:30:00,2025-12-30,231.05,231.05,231.05,231.05,780,33215,1
FINNIFTY30DEC2527400CE.NFO,2025-12-23,09:15:00,2025-12-30,265.6,269.3,248.1,269.05,845,33150,0
FINNIFTY30DEC2527400CE.NFO,2025-12-23,09:16:00,2025-12-30,269.05,269.05,253.35,259.35,520,32890,0
FINNIFTY30DEC2527400CE.NFO,2025-12-23,09:17:00,2025-12-30,259.35,270.0,258.15,270.0,975,32890,0
FINNIFTY30DEC2527400CE.NFO,2025-12-23,09:18:00,2025-12-30,270.0,276.1,267.85,276.1,1820,32890,0
FINNIFTY30DEC2527400CE.NFO,2025-12-23,09:19:00,2025-12-30,275.45,280.55,275.45,278.75,455,31070,0
FINNIFTY30DEC2527400CE.NFO,2025-12-23,09:20:00,2025-12-30,278.75,289.55,278.15,289.55,5590,31070,0
FINNIFTY30DEC2527400CE.NFO,2025-12-23,09:21:00,2025-12-30,289.25,290.95,289.25,290.6,1690,31070,0
FINNIFTY30DEC2527400CE.NFO,2025-12-23,09:22:00,2025-12-30,290.6,291.0,284.9,284.9,585,28080,0
FINNIFTY30DEC2527400CE.NFO,2025-12-23,09:23:00,2025-12-30,284.9,284.9,283.1,284.9,260,28080,0
FINNIFTY30DEC2527400CE.NFO,2025-12-23,09:24:00,2025-12-30,284.9,285.8,284.9,284.95,195,28080,0
FINNIFTY30DEC2527400CE.NFO,2025-12-23,09:25:00,2025-12-30,284.95,284.95,272.2,275.0,390,28210,0
FINNIFTY30DEC2527400CE.NFO,2025-12-23,09:26:00,2025-12-30,275.0,282.95,275.0,282.95,195,28210,0
FINNIFTY30DEC2527400CE.NFO,2025-12-23,09:27:00,2025-12-30,282.95,282.95,275.95,276.75,390,28210,0
FINNIFTY30DEC2527400CE.NFO,2025-12-23,09:28:00,2025-12-30,276.75,276.75,276.75,276.75,0,28210,0
FINNIFTY30DEC2527400CE.NFO,2025-12-23,09:29:00,2025-12-30,276.75,276.75,276.75,276.75,0,28210,0
FINNIFTY30DEC2527400CE.NFO,2025-12-23,09:30:00,2025-12-30,276.75,276.75,275.15,275.15,650,27950,0
FINNIFTY30DEC2527400CE.NFO,2025-12-23,09:31:00,2025-12-30,275.15,275.15,275.0,275.0,130,28470,0
FINNIFTY30DEC2527400CE.NFO,2025-12-23,09:32:00,2025-12-30,275.0,275.0,270.1,270.1,195,28470,0
FINNIFTY30DEC2527400CE.NFO,2025-12-23,09:33:00,2025-12-30,270.2,270.2,268.9,268.9,715,28470,0
FINNIFTY30DEC2527400CE.NFO,2025-12-23,09:34:00,2025-12-30,268.9,280.0,268.9,278.85,455,27885,0
FINNIFTY30DEC2527400CE.NFO,2025-12-23,09:35:00,2025-12-30,278.85,278.85,278.85,278.85,0,27885,0
FINNIFTY30DEC2527400CE.NFO,2025-12-23,09:36:00,2025-12-30,278.85,279.75,278.85,279.75,65,27885,0
FINNIFTY30DEC2527400CE.NFO,2025-12-23,09:37:00,2025-12-30,279.75,279.75,279.75,279.75,65,27885,0
FINNIFTY30DEC2527400CE.NFO,2025-12-23,09:38:00,2025-12-30,279.75,279.75,270.0,270.0,195,28080,0
FINNIFTY30DEC2527400CE.NFO,2025-12-23,09:39:00,2025-12-30,270.0,270.0,267.4,267.4,65,28080,0
FINNIFTY30DEC2527400CE.NFO,2025-12-23,09:40:00,2025-12-30,267.4,267.4,267.4,267.4,0,28080,0
FINNIFTY30DEC2527400CE.NFO,2025-12-23,09:41:00,2025-12-30,267.4,267.4,267.4,267.4,65,28080,0
FINNIFTY30DEC2527400CE.NFO,2025-12-23,09:42:00,2025-12-30,267.4,267.4,267.4,267.4,0,28080,0
FINNIFTY30DEC2527400CE.NFO,2025-12-23,09:43:00,2025-12-30,267.4,267.4,267.4,267.4,0,28080,0
FINNIFTY30DEC2527400CE.NFO,2025-12-23,09:44:00,2025-12-30,267.4,267.4,260.05,260.05,260,28145,0
FINNIFTY30DEC2527400CE.NFO,2025-12-23,09:45:00,2025-12-30,258.5,264.15,257.2,264.15,975,28145,0
FINNIFTY30DEC2527400CE.NFO,2025-12-23,09:46:00,2025-12-30,264.15,264.15,259.25,259.25,65,27170,0
FINNIFTY30DEC2527400CE.NFO,2025-12-23,09:47:00,2025-12-30,259.25,263.4,259.25,263.4,65,27170,0
FINNIFTY30DEC2527400CE.NFO,2025-12-23,09:48:00,2025-12-30,263.4,269.05,263.4,269.05,65,27170,0
FINNIFTY30DEC2527400CE.NFO,2025-12-23,09:49:00,2025-12-30,269.05,269.05,267.1,267.1,195,27170,0
FINNIFTY30DEC2527400CE.NFO,2025-12-23,09:50:00,2025-12-30,267.1,267.1,267.1,267.1,0,27170,0
FINNIFTY30DEC2527400CE.NFO,2025-12-23,09:51:00,2025-12-30,267.1,267.1,267.1,267.1,0,27170,0
FINNIFTY30DEC2527400CE.NFO,2025-12-23,09:52:00,2025-12-30,267.1,267.1,267.1,267.1,0,27170,0
FINNIFTY30DEC2527400CE.NFO,2025-12-23,09:53:00,2025-12-30,267.1,267.1,267.1,267.1,0,27170,0
FINNIFTY30DEC2527400CE.NFO,2025-12-23,09:54:00,2025-12-30,267.1,267.1,267.1,267.1,0,27170,0
FINNIFTY30DEC2527400CE.NFO,2025-12-23,09:55:00,2025-12-30,267.1,267.1,263.0,263.0,65,27235,0
FINNIFTY30DEC2527400CE.NFO,2025-12-23,09:56:00,2025-12-30,263.0,270.0,263.0,270.0,65,27235,0
FINNIFTY30DEC2527400CE.NFO,2025-12-23,09:57:00,2025-12-30,270.0,270.0,270.0,270.0,0,27235,0
FINNIFTY30DEC2527400CE.NFO,2025-12-23,09:58:00,2025-12-30,270.0,270.0,270.0,270.0,0,27235,0
FINNIFTY30DEC2527400CE.NFO,2025-12-23,09:59:00,2025-12-30,270.0,276.45,270.0,276.45,65,27235,0
FINNIFTY30DEC2527400CE.NFO,2025-12-23,10:00:00,2025-12-30,276.45,281.25,276.0,277.8,520,27235,0
FINNIFTY30DEC2527400CE.NFO,2025-12-23,10:01:00,2025-12-30,277.8,282.3,277.8,282.3,325,27105,0
FINNIFTY30DEC2527400CE.NFO,2025-12-23,10:02:00,2025-12-30,282.3,290.0,282.3,286.45,1040,27105,0
FINNIFTY30DEC2527400CE.NFO,2025-12-23,10:03:00,2025-12-30,286.45,290.45,286.45,290.45,325,27105,0
FINNIFTY30DEC2527400CE.NFO,2025-12-23,10:04:00,2025-12-30,290.45,290.45,284.8,284.8,65,26325,0
FINNIFTY30DEC2527400CE.NFO,2025-12-23,10:05:00,2025-12-30,284.8,284.8,284.8,284.8,0,26325,0
FINNIFTY30DEC2527400CE.NFO,2025-12-23,10:06:00,2025-12-30,284.8,284.8,284.8,284.8,0,26325,0
FINNIFTY30DEC2527400CE.NFO,2025-12-23,10:07:00,2025-12-30,284.8,284.8,284.4,284.4,65,26325,0
FINNIFTY30DEC2527400CE.NFO,2025-12-23,10:08:00,2025-12-30,284.4,284.4,284.4,284.4,0,26325,0
FINNIFTY30DEC2527400CE.NFO,2025-12-23,10:09:00,2025-12-30,284.4,284.4,284.4,284.4,0,26325,0
FINNIFTY30DEC2527400CE.NFO,2025-12-23,10:10:00,2025-12-30,284.4,284.4,284.4,284.4,0,26325,0
FINNIFTY30DEC2527400CE.NFO,2025-12-23,10:11:00,2025-12-30,284.4,290.0,284.4,290.0,65,26325,0
FINNIFTY30DEC2527400CE.NFO,2025-12-23,10:12:00,2025-12-30,290.0,290.0,288.45,288.45,130,26325,0
FINNIFTY30DEC2527400CE.NFO,2025-12-23,10:13:00,2025-12-30,288.45,288.45,288.45,288.45,0,26325,0
FINNIFTY30DEC2527400CE.NFO,2025-12-23,10:14:00,2025-12-30,288.45,288.45,288.45,288.45,0,26325,0
FINNIFTY30DEC2527400CE.NFO,2025-12-23,10:15:00,2025-12-30,288.45,288.45,288.45,288.45,0,26325,0
FINNIFTY30DEC2527400CE.NFO,2025-12-23,10:16:00,2025-12-30,288.45,288.45,288.45,288.45,0,26325,0
FINNIFTY30DEC2527400CE.NFO,2025-12-23,10:17:00,2025-12-30,288.45,288.45,288.45,288.45,0,26325,0
FINNIFTY30DEC2527400CE.NFO,2025-12-23,10:18:00,2025-12-30,288.45,288.45,278.6,278.6,65,26130,0
FINNIFTY30DEC2527400CE.NFO,2025-12-23,10:19:00,2025-12-30,278.6,278.6,278.6,278.6,0,26130,0
FINNIFTY30DEC2527400CE.NFO,2025-12-23,10:20:00,2025-12-30,278.6,278.6,278.6,278.6,0,26130,0
FINNIFTY30DEC2527400CE.NFO,2025-12-23,10:21:00,2025-12-30,278.6,278.6,266.15,266.15,65,26065,0
FINNIFTY30DEC2527400CE.NFO,2025-12-23,10:22:00,2025-12-30,266.15,266.15,266.15,266.15,65,26065,0
FINNIFTY30DEC2527400CE.NFO,2025-12-23,10:23:00,2025-12-30,266.15,266.15,266.15,266.15,0,26065,0
FINNIFTY30DEC2527400CE.NFO,2025-12-23,10:24:00,2025-12-30,266.15,266.15,266.15,266.15,0,26065,0
FINNIFTY30DEC2527400CE.NFO,2025-12-23,10:25:00,2025-12-30,266.15,272.8,266.15,272.8,65,26065,0
FINNIFTY30DEC2527400CE.NFO,2025-12-23,10:26:00,2025-12-30,272.8,272.8,272.8,272.8,0,26065,0
FINNIFTY30DEC2527400CE.NFO,2025-12-23,10:27:00,2025-12-30,272.8,273.8,272.8,273.8,130,26065,0
FINNIFTY30DEC2527400CE.NFO,2025-12-23,10:28:00,2025-12-30,273.8,273.8,273.8,273.8,0,26065,0
FINNIFTY30DEC2527400CE.NFO,2025-12-23,10:29:00,2025-12-30,273.8,273.8,273.8,273.8,0,26065,0
FINNIFTY30DEC2527400CE.NFO,2025-12-23,10:30:00,2025-12-30,273.8,273.8,273.8,273.8,0,26065,0
FINNIFTY30DEC2527400CE.NFO,2025-12-23,10:31:00,2025-12-30,273.8,273.8,273.8,273.8,0,26065,0
FINNIFTY30DEC2527400CE.NFO,2025-12-23,10:32:00,2025-12-30,273.8,280.0,273.8,280.0,195,26065,0
FINNIFTY30DEC2527400CE.NFO,2025-12-23,10:33:00,2025-12-30,280.0,280.0,280.0,280.0,0,26065,0
FINNIFTY30DEC2527400CE.NFO,2025-12-23,10:34:00,2025-12-30,280.0,280.0,274.8,274.8,65,26065,0
FINNIFTY30DEC2527400CE.NFO,2025-12-23,10:35:00,2025-12-30,274.8,278.2,274.8,278.2,650,25870,0
FINNIFTY30DEC2527400CE.NFO,2025-12-23,10:36:00,2025-12-30,278.2,278.2,278.2,278.2,0,25870,0
FINNIFTY30DEC2527400CE.NFO,2025-12-23,10:37:00,2025-12-30,278.2,278.2,275.0,275.0,65,25870,0
FINNIFTY30DEC2527400CE.NFO,2025-12-23,10:38:00,2025-12-30,275.0,275.0,275.0,275.0,0,25870,0
FINNIFTY30DEC2527400CE.NFO,2025-12-23,10:39:00,2025-12-30,275.0,275.0,275.0,275.0,0,25870,0
FINNIFTY30DEC2527400CE.NFO,2025-12-23,10:40:00,2025-12-30,275.0,275.0,275.0,275.0,0,25870,0
FINNIFTY30DEC2527400CE.NFO,2025-12-23,10:41:00,2025-12-30,275.0,275.0,275.0,275.0,0,25870,0
FINNIFTY30DEC2527400CE.NFO,2025-12-23,10:42:00,2025-12-30,275.0,275.0,275.0,275.0,0,25870,0
FINNIFTY30DEC2527400CE.NFO,2025-12-23,10:43:00,2025-12-30,275.0,275.0,275.0,275.0,0,25870,0
FINNIFTY30DEC2527400CE.NFO,2025-12-23,10:44:00,2025-12-30,275.0,275.0,275.0,275.0,0,25870,0
FINNIFTY30DEC2527400CE.NFO,2025-12-23,10:45:00,2025-12-30,275.0,275.0,275.0,275.0,0,25870,0
FINNIFTY30DEC2527400CE.NFO,2025-12-23,10:46:00,2025-12-30,275.0,275.0,275.0,275.0,0,25870,0
FINNIFTY30DEC2527400CE.NFO,2025-12-23,10:47:00,2025-12-30,275.0,287.0,275.0,287.0,650,26390,0
FINNIFTY30DEC2527400CE.NFO,2025-12-23,10:48:00,2025-12-30,287.0,287.9,286.0,286.0,195,26390,0
FINNIFTY30DEC2527400CE.NFO,2025-12-23,10:49:00,2025-12-30,286.0,286.0,286.0,286.0,0,26390,0
FINNIFTY30DEC2527400CE.NFO,2025-12-23,10:50:00,2025-12-30,286.0,290.0,286.0,290.0,65,26260,0
FINNIFTY30DEC2527400CE.NFO,2025-12-23,10:51:00,2025-12-30,290.0,294.05,290.0,293.2,260,26260,0
FINNIFTY30DEC2527400CE.NFO,2025-12-23,10:52:00,2025-12-30,293.2,295.0,293.2,295.0,130,26260,0
FINNIFTY30DEC2527400CE.NFO,2025-12-23,10:53:00,2025-12-30,292.55,292.55,289.65,289.65,65,26325,0
FINNIFTY30DEC2527400CE.NFO,2025-12-23,10:54:00,2025-12-30,289.65,289.65,289.65,289.65,0,26325,0
FINNIFTY30DEC2527400CE.NFO,2025-12-23,10:55:00,2025-12-30,289.65,295.0,289.65,294.9,325,26325,0
FINNIFTY30DEC2527400CE.NFO,2025-12-23,10:56:00,2025-12-30,294.9,294.9,294.9,294.9,0,26325,0
FINNIFTY30DEC2527400CE.NFO,2025-12-23,10:57:00,2025-12-30,294.9,294.9,294.9,294.9,0,26325,0
FINNIFTY30DEC2527400CE.NFO,2025-12-23,10:58:00,2025-12-30,294.9,294.9,294.9,294.9,0,26325,0
FINNIFTY30DEC2527400CE.NFO,2025-12-23,10:59:00,2025-12-30,294.9,294.9,288.1,288.1,65,26390,0
FINNIFTY30DEC2527400CE.NFO,2025-12-23,11:00:00,2025-12-30,288.1,290.0,288.1,290.0,65,26390,0
FINNIFTY30DEC2527400CE.NFO,2025-12-23,11:01:00,2025-12-30,290.0,290.0,290.0,290.0,0,26390,0
FINNIFTY30DEC2527400CE.NFO,2025-12-23,11:02:00,2025-12-30,290.0,290.0,290.0,290.0,0,26390,0
FINNIFTY30DEC2527400CE.NFO,2025-12-23,11:03:00,2025-12-30,290.0,290.0,290.0,290.0,0,26390,0
FINNIFTY30DEC2527400CE.NFO,2025-12-23,11:04:00,2025-12-30,290.0,290.0,290.0,290.0,0,26390,0
FINNIFTY30DEC2527400CE.NFO,2025-12-23,11:05:00,2025-12-30,290.0,290.0,290.0,290.0,0,26390,0
FINNIFTY30DEC2527400CE.NFO,2025-12-23,11:06:00,2025-12-30,290.0,290.0,290.0,290.0,0,26390,0
FINNIFTY30DEC2527400CE.NFO,2025-12-23,11:07:00,2025-12-30,290.0,290.0,290.0,290.0,0,26390,0
FINNIFTY30DEC2527400CE.NFO,2025-12-23,11:08:00,2025-12-30,290.0,290.0,290.0,290.0,0,26390,0
FINNIFTY30DEC2527400CE.NFO,2025-12-23,11:09:00,2025-12-30,290.0,290.0,290.0,290.0,0,26390,0
FINNIFTY30DEC2527400CE.NFO,2025-12-23,11:10:00,2025-12-30,290.0,290.0,290.0,290.0,65,26260,0
FINNIFTY30DEC2527400CE.NFO,2025-12-23,11:11:00,2025-12-30,290.0,290.0,290.0,290.0,0,26260,0
FINNIFTY30DEC2527400CE.NFO,2025-12-23,11:12:00,2025-12-30,290.0,290.0,290.0,290.0,0,26260,0
FINNIFTY30DEC2527400CE.NFO,2025-12-23,11:13:00,2025-12-30,290.0,290.0,290.0,290.0,0,26260,0
FINNIFTY30DEC2527400CE.NFO,2025-12-23,11:14:00,2025-12-30,290.0,290.0,290.0,290.0,0,26260,0
FINNIFTY30DEC2527400CE.NFO,2025-12-23,11:15:00,2025-12-30,290.0,290.0,290.0,290.0,0,26260,0
FINNIFTY30DEC2527400CE.NFO,2025-12-23,11:16:00,2025-12-30,290.0,290.0,290.0,290.0,0,26260,0
FINNIFTY30DEC2527400CE.NFO,2025-12-23,11:17:00,2025-12-30,290.0,290.0,290.0,290.0,0,26260,0
FINNIFTY30DEC2527400CE.NFO,2025-12-23,11:18:00,2025-12-30,290.0,290.0,290.0,290.0,0,26260,0
FINNIFTY30DEC2527400CE.NFO,2025-12-23,11:19:00,2025-12-30,290.0,290.0,290.0,290.0,0,26260,0
FINNIFTY30DEC2527400CE.NFO,2025-12-23,11:20:00,2025-12-30,290.0,290.0,290.0,290.0,0,26260,0
FINNIFTY30DEC2527400CE.NFO,2025-12-23,11:21:00,2025-12-30,290.0,290.0,290.0,290.0,0,26260,0
FINNIFTY30DEC2527400CE.NFO,2025-12-23,11:22:00,2025-12-30,290.0,290.0,290.0,290.0,0,26260,0
FINNIFTY30DEC2527400CE.NFO,2025-12-23,11:23:00,2025-12-30,290.0,290.0,281.8,281.8,65,26260,0
FINNIFTY30DEC2527400CE.NFO,2025-12-23,11:24:00,2025-12-30,281.8,281.8,281.8,281.8,0,26260,0
FINNIFTY30DEC2527400CE.NFO,2025-12-23,11:25:00,2025-12-30,281.8,281.8,281.8,281.8,0,26260,0
FINNIFTY30DEC2527400CE.NFO,2025-12-23,11:26:00,2025-12-30,281.8,281.8,281.8,281.8,0,26260,0
FINNIFTY30DEC2527400CE.NFO,2025-12-23,11:27:00,2025-12-30,281.8,281.8,276.45,276.45,585,26195,0
FINNIFTY30DEC2527400CE.NFO,2025-12-23,11:28:00,2025-12-30,276.45,276.45,276.45,276.45,0,26195,0
FINNIFTY30DEC2527400CE.NFO,2025-12-23,11:29:00,2025-12-30,276.45,276.45,276.45,276.45,0,26195,0
FINNIFTY30DEC2527400CE.NFO,2025-12-23,11:30:00,2025-12-30,276.45,276.45,276.45,276.45,0,26195,0
FINNIFTY30DEC2527400CE.NFO,2025-12-23,11:31:00,2025-12-30,276.45,276.45,276.45,276.45,0,26195,0
FINNIFTY30DEC2527400CE.NFO,2025-12-23,11:32:00,2025-12-30,276.45,276.45,276.45,276.45,0,26195,0
FINNIFTY30DEC2527400CE.NFO,2025-12-23,11:33:00,2025-12-30,276.45,277.95,276.45,277.95,65,26195,0
FINNIFTY30DEC2527400CE.NFO,2025-12-23,11:34:00,2025-12-30,277.95,277.95,277.95,277.95,0,26195,0
FINNIFTY30DEC2527400CE.NFO,2025-12-23,11:35:00,2025-12-30,277.95,277.95,277.95,277.95,0,26195,0
FINNIFTY30DEC2527400CE.NFO,2025-12-23,11:36:00,2025-12-30,277.95,277.95,275.1,275.1,260,26195,0
FINNIFTY30DEC2527400CE.NFO,2025-12-23,11:37:00,2025-12-30,275.1,275.1,275.1,275.1,0,26195,0
FINNIFTY30DEC2527400CE.NFO,2025-12-23,11:38:00,2025-12-30,275.1,275.1,275.1,275.1,0,26195,0
FINNIFTY30DEC2527400CE.NFO,2025-12-23,11:39:00,2025-12-30,275.1,275.1,275.1,275.1,0,26195,0
FINNIFTY30DEC2527400CE.NFO,2025-12-23,11:40:00,2025-12-30,275.1,275.1,275.1,275.1,0,26195,0
FINNIFTY30DEC2527400CE.NFO,2025-12-23,11:41:00,2025-12-30,275.1,275.1,275.1,275.1,0,26195,0
FINNIFTY30DEC2527400CE.NFO,2025-12-23,11:42:00,2025-12-30,275.1,275.1,275.1,275.1,0,26195,0
FINNIFTY30DEC2527400CE.NFO,2025-12-23,11:43:00,2025-12-30,275.1,275.1,275.1,275.1,0,26195,0
FINNIFTY30DEC2527400CE.NFO,2025-12-23,11:44:00,2025-12-30,275.1,275.1,275.1,275.1,0,26195,0
FINNIFTY30DEC2527400CE.NFO,2025-12-23,11:45:00,2025-12-30,275.1,275.1,275.1,275.1,0,26195,0
FINNIFTY30DEC2527400CE.NFO,2025-12-23,11:46:00,2025-12-30,275.1,275.1,268.25,268.25,65,25935,0
FINNIFTY30DEC2527400CE.NFO,2025-12-23,11:47:00,2025-12-30,268.25,268.25,268.25,268.25,0,25935,0
FINNIFTY30DEC2527400CE.NFO,2025-12-23,11:48:00,2025-12-30,268.25,268.25,268.25,268.25,0,25935,0
FINNIFTY30DEC2527400CE.NFO,2025-12-23,11:49:00,2025-12-30,268.25,268.25,268.25,268.25,0,25935,0
FINNIFTY30DEC2527400CE.NFO,2025-12-23,11:50:00,2025-12-30,268.25,268.25,268.25,268.25,0,25935,0
FINNIFTY30DEC2527400CE.NFO,2025-12-23,11:51:00,2025-12-30,268.25,268.25,268.25,268.25,0,25935,0
FINNIFTY30DEC2527400CE.NFO,2025-12-23,11:52:00,2025-12-30,268.25,268.25,268.25,268.25,0,25935,0
FINNIFTY30DEC2527400CE.NFO,2025-12-23,11:53:00,2025-12-30,268.25,268.25,268.25,268.25,0,25935,0
FINNIFTY30DEC2527400CE.NFO,2025-12-23,11:54:00,2025-12-30,268.25,268.25,268.25,268.25,0,25935,0
FINNIFTY30DEC2527400CE.NFO,2025-12-23,11:55:00,2025-12-30,268.25,268.25,268.25,268.25,0,25935,0
FINNIFTY30DEC2527400CE.NFO,2025-12-23,11:56:00,2025-12-30,268.25,268.25,268.25,268.25,0,25935,0
FINNIFTY30DEC2527400CE.NFO,2025-12-23,11:57:00,2025-12-30,268.25,268.25,268.25,268.25,0,25935,0
FINNIFTY30DEC2527400CE.NFO,2025-12-23,11:58:00,2025-12-30,268.25,268.25,268.25,268.25,0,25935,0
FINNIFTY30DEC2527400CE.NFO,2025-12-23,11:59:00,2025-12-30,268.25,268.25,268.25,268.25,0,25935,0
FINNIFTY30DEC2527400CE.NFO,2025-12-23,12:00:00,2025-12-30,268.25,268.25,268.25,268.25,0,25935,0
FINNIFTY30DEC2527400CE.NFO,2025-12-23,12:01:00,2025-12-30,268.25,268.25,268.25,268.25,0,25935,0
FINNIFTY30DEC2527400CE.NFO,2025-12-23,12:02:00,2025-12-30,268.25,268.25,268.25,268.25,0,25935,0
FINNIFTY30DEC2527400CE.NFO,2025-12-23,12:03:00,2025-12-30,268.25,268.25,268.25,268.25,0,25935,0
FINNIFTY30DEC2527400CE.NFO,2025-12-23,12:04:00,2025-12-30,268.25,268.25,268.25,268.25,0,25935,0
FINNIFTY30DEC2527400CE.NFO,2025-12-23,12:05:00,2025-12-30,268.25,268.25,268.25,268.25,0,25935,0
FINNIFTY30DEC2527400CE.NFO,2025-12-23,12:06:00,2025-12-30,268.25,268.25,268.25,268.25,0,25935,0
FINNIFTY30DEC2527400CE.NFO,2025-12-23,12:07:00,2025-12-30,268.25,268.25,268.25,268.25,0,25935,0
FINNIFTY30DEC2527400CE.NFO,2025-12-23,12:08:00,2025-12-30,268.25,279.05,268.25,279.05,65,25870,0
FINNIFTY30DEC2527400CE.NFO,2025-12-23,12:09:00,2025-12-30,279.05,279.05,279.05,279.05,0,25870,0
FINNIFTY30DEC2527400CE.NFO,2025-12-23,12:10:00,2025-12-30,279.05,279.05,279.05,279.05,0,25870,0
FINNIFTY30DEC2527400CE.NFO,2025-12-23,12:11:00,2025-12-30,279.05,279.05,279.05,279.05,0,25870,0
FINNIFTY30DEC2527400CE.NFO,2025-12-23,12:12:00,2025-12-30,279.05,279.05,279.05,279.05,0,25870,0
FINNIFTY30DEC2527400CE.NFO,2025-12-23,12:13:00,2025-12-30,279.05,279.9,279.05,279.9,130,25935,0
FINNIFTY30DEC2527400CE.NFO,2025-12-23,12:14:00,2025-12-30,279.9,279.9,279.9,279.9,0,25935,0
FINNIFTY30DEC2527400CE.NFO,2025-12-23,12:15:00,2025-12-30,279.9,279.9,279.9,279.9,0,25935,0
FINNIFTY30DEC2527400CE.NFO,2025-12-23,12:16:00,2025-12-30,279.9,279.9,279.9,279.9,0,25935,0
FINNIFTY30DEC2527400CE.NFO,2025-12-23,12:17:00,2025-12-30,279.9,279.9,279.9,279.9,0,25935,0
FINNIFTY30DEC2527400CE.NFO,2025-12-23,12:18:00,2025-12-30,279.9,279.9,279.9,279.9,0,25935,0
FINNIFTY30DEC2527400CE.NFO,2025-12-23,12:19:00,2025-12-30,279.9,279.9,279.9,279.9,0,25935,0
FINNIFTY30DEC2527400CE.NFO,2025-12-23,12:20:00,2025-12-30,279.9,279.9,279.9,279.9,0,25935,0
FINNIFTY30DEC2527400CE.NFO,2025-12-23,12:21:00,2025-12-30,279.9,279.9,279.9,279.9,0,25935,0
FINNIFTY30DEC2527400CE.NFO,2025-12-23,12:22:00,2025-12-30,279.9,279.9,279.9,279.9,0,25935,0
FINNIFTY30DEC2527400CE.NFO,2025-12-23,12:23:00,2025-12-30,279.9,279.9,279.9,279.9,0,25935,0
FINNIFTY30DEC2527400CE.NFO,2025-12-23,12:24:00,2025-12-30,279.9,279.9,276.1,276.1,65,26065,0
FINNIFTY30DEC2527400CE.NFO,2025-12-23,12:25:00,2025-12-30,276.1,276.1,276.1,276.1,0,26065,0
FINNIFTY30DEC2527400CE.NFO,2025-12-23,12:26:00,2025-12-30,276.1,276.1,276.1,276.1,0,26065,0
FINNIFTY30DEC2527400CE.NFO,2025-12-23,12:27:00,2025-12-30,276.1,276.1,276.1,276.1,0,26065,0
FINNIFTY30DEC2527400CE.NFO,2025-12-23,12:28:00,2025-12-30,276.1,276.1,276.1,276.1,0,26065,0
FINNIFTY30DEC2527400CE.NFO,2025-12-23,12:29:00,2025-12-30,276.1,276.1,276.1,276.1,0,26065,0
FINNIFTY30DEC2527400CE.NFO,2025-12-23,12:30:00,2025-12-30,276.1,276.1,276.1,276.1,0,26065,0
FINNIFTY30DEC2527400CE.NFO,2025-12-23,12:31:00,2025-12-30,276.1,276.1,276.1,276.1,0,26065,0
FINNIFTY30DEC2527400CE.NFO,2025-12-23,12:32:00,2025-12-30,276.1,279.4,276.1,279.4,65,26065,0
FINNIFTY30DEC2527400CE.NFO,2025-12-23,12:33:00,2025-12-30,279.4,279.4,279.4,279.4,0,26065,0
FINNIFTY30DEC2527400CE.NFO,2025-12-23,12:34:00,2025-12-30,279.4,279.4,279.4,279.4,0,26065,0
FINNIFTY30DEC2527400CE.NFO,2025-12-23,12:35:00,2025-12-30,279.4,279.4,279.4,279.4,0,26065,0
FINNIFTY30DEC2527400CE.NFO,2025-12-23,12:36:00,2025-12-30,279.4,279.4,279.4,279.4,0,26065,0
FINNIFTY30DEC2527400CE.NFO,2025-12-23,12:37:00,2025-12-30,279.4,279.4,279.4,279.4,0,26065,0
FINNIFTY30DEC2527400CE.NFO,2025-12-23,12:38:00,2025-12-30,279.4,279.4,279.4,279.4,0,26065,0
FINNIFTY30DEC2527400CE.NFO,2025-12-23,12:39:00,2025-12-30,279.4,279.4,279.4,279.4,0,26065,0
FINNIFTY30DEC2527400CE.NFO,2025-12-23,12:40:00,2025-12-30,279.4,279.4,279.4,279.4,0,26065,0
FINNIFTY30DEC2527400CE.NFO,2025-12-23,12:41:00,2025-12-30,279.4,279.4,279.4,279.4,0,26065,0
FINNIFTY30DEC2527400CE.NFO,2025-12-23,12:42:00,2025-12-30,279.4,279.4,279.4,279.4,0,26065,0
FINNIFTY30DEC2527400CE.NFO,2025-12-23,12:43:00,2025-12-30,279.4,279.4,279.4,279.4,0,26065,0
FINNIFTY30DEC2527400CE.NFO,2025-12-23,12:44:00,2025-12-30,279.4,280.2,279.4,280.2,65,26065,0
FINNIFTY30DEC2527400CE.NFO,2025-12-23,12:45:00,2025-12-30,280.2,282.8,280.2,282.8,65,26065,0
FINNIFTY30DEC2527400CE.NFO,2025-12-23,12:46:00,2025-12-30,282.8,282.8,282.8,282.8,0,26065,0
FINNIFTY30DEC2527400CE.NFO,2025-12-23,12:47:00,2025-12-30,282.8,282.8,282.8,282.8,0,26065,0
FINNIFTY30DEC2527400CE.NFO,2025-12-23,12:48:00,2025-12-30,282.8,285.3,282.8,285.3,65,26065,0
FINNIFTY30DEC2527400CE.NFO,2025-12-23,12:49:00,2025-12-30,285.3,285.3,285.3,285.3,0,26065,0
FINNIFTY30DEC2527400CE.NFO,2025-12-23,12:50:00,2025-12-30,285.3,285.3,285.3,285.3,0,26065,0
FINNIFTY30DEC2527400CE.NFO,2025-12-23,12:51:00,2025-12-30,285.3,285.3,285.3,285.3,0,26065,0
FINNIFTY30DEC2527400CE.NFO,2025-12-23,12:52:00,2025-12-30,285.3,285.3,285.3,285.3,0,26065,0
FINNIFTY30DEC2527400CE.NFO,2025-12-23,12:53:00,2025-12-30,285.3,285.3,285.3,285.3,0,26065,0
FINNIFTY30DEC2527400CE.NFO,2025-12-23,12:54:00,2025-12-30,285.3,285.3,285.3,285.3,0,26065,0
FINNIFTY30DEC2527400CE.NFO,2025-12-23,12:55:00,2025-12-30,285.3,285.3,285.3,285.3,0,26065,0
FINNIFTY30DEC2527400CE.NFO,2025-12-23,12:56:00,2025-12-30,285.3,285.3,285.3,285.3,0,26065,0
FINNIFTY30DEC2527400CE.NFO,2025-12-23,12:57:00,2025-12-30,285.3,285.3,285.3,285.3,0,26065,0
FINNIFTY30DEC2527400CE.NFO,2025-12-23,12:58:00,2025-12-30,288.0,288.0,288.0,288.0,65,26065,0
FINNIFTY30DEC2527400CE.NFO,2025-12-23,12:59:00,2025-12-30,288.0,288.0,288.0,288.0,0,26065,0
FINNIFTY30DEC2527400CE.NFO,2025-12-23,13:00:00,2025-12-30,288.0,288.0,288.0,288.0,0,26065,0
FINNIFTY30DEC2527400CE.NFO,2025-12-23,13:01:00,2025-12-30,288.0,294.0,288.0,294.0,390,26000,0
FINNIFTY30DEC2527400CE.NFO,2025-12-23,13:02:00,2025-12-30,294.0,294.0,294.0,294.0,0,26000,0
FINNIFTY30DEC2527400CE.NFO,2025-12-23,13:03:00,2025-12-30,294.0,294.0,293.0,293.0,65,25740,0
FINNIFTY30DEC2527400CE.NFO,2025-12-23,13:04:00,2025-12-30,293.0,293.0,293.0,293.0,0,25740,0
FINNIFTY30DEC2527400CE.NFO,2025-12-23,13:05:00,2025-12-30,293.0,293.0,287.8,291.35,260,25675,0
FINNIFTY30DEC2527400CE.NFO,2025-12-23,13:06:00,2025-12-30,291.35,291.35,291.35,291.35,0,25675,0
FINNIFTY30DEC2527400CE.NFO,2025-12-23,13:07:00,2025-12-30,291.35,291.35,291.35,291.35,0,25675,0
FINNIFTY30DEC2527400CE.NFO,2025-12-23,13:08:00,2025-12-30,291.35,291.35,291.35,291.35,0,25675,0
FINNIFTY30DEC2527400CE.NFO,2025-12-23,13:09:00,2025-12-30,291.35,291.35,291.35,291.35,0,25675,0
FINNIFTY30DEC2527400CE.NFO,2025-12-23,13:10:00,2025-12-30,291.35,291.35,291.35,291.35,0,25675,0
FINNIFTY30DEC2527400CE.NFO,2025-12-23,13:11:00,2025-12-30,291.35,291.35,291.35,291.35,0,25675,0
FINNIFTY30DEC2527400CE.NFO,2025-12-23,13:12:00,2025-12-30,291.35,291.35,291.35,291.35,0,25675,0
FINNIFTY30DEC2527400CE.NFO,2025-12-23,13:13:00,2025-12-30,291.35,291.35,291.35,291.35,0,25675,0
FINNIFTY30DEC2527400CE.NFO,2025-12-23,13:14:00,2025-12-30,291.35,291.35,291.35,291.35,0,25675,0
FINNIFTY30DEC2527400CE.NFO,2025-12-23,13:15:00,2025-12-30,291.35,291.35,291.35,291.35,0,25675,0
FINNIFTY30DEC2527400CE.NFO,2025-12-23,13:16:00,2025-12-30,291.35,291.35,291.35,291.35,0,25675,0
FINNIFTY30DEC2527400CE.NFO,2025-12-23,13:17:00,2025-12-30,291.35,297.0,291.35,297.0,65,25740,0
FINNIFTY30DEC2527400CE.NFO,2025-12-23,13:18:00,2025-12-30,297.0,297.0,297.0,297.0,0,25740,0
FINNIFTY30DEC2527400CE.NFO,2025-12-23,13:19:00,2025-12-30,297.0,297.0,297.0,297.0,0,25740,0
FINNIFTY30DEC2527400CE.NFO,2025-12-23,13:20:00,2025-12-30,297.0,297.0,297.0,297.0,0,25740,0
FINNIFTY30DEC2527400CE.NFO,2025-12-23,13:21:00,2025-12-30,297.0,297.0,297.0,297.0,0,25740,0
FINNIFTY30DEC2527400CE.NFO,2025-12-23,13:22:00,2025-12-30,297.0,297.0,297.0,297.0,0,25740,0
FINNIFTY30DEC2527400CE.NFO,2025-12-23,13:23:00,2025-12-30,297.0,297.0,297.0,297.0,0,25740,0
FINNIFTY30DEC2527400CE.NFO,2025-12-23,13:24:00,2025-12-30,297.0,297.0,297.0,297.0,0,25740,0
FINNIFTY30DEC2527400CE.NFO,2025-12-23,13:25:00,2025-12-30,297.0,297.0,297.0,297.0,0,25740,0
FINNIFTY30DEC2527400CE.NFO,2025-12-23,13:26:00,2025-12-30,297.0,297.0,297.0,297.0,0,25740,0
FINNIFTY30DEC2527400CE.NFO,2025-12-23,13:27:00,2025-12-30,297.0,297.0,297.0,297.0,0,25740,0
FINNIFTY30DEC2527400CE.NFO,2025-12-23,13:28:00,2025-12-30,297.0,297.0,290.65,290.65,65,25740,0
FINNIFTY30DEC2527400CE.NFO,2025-12-23,13:29:00,2025-12-30,290.65,290.65,290.65,290.65,0,25740,0
FINNIFTY30DEC2527400CE.NFO,2025-12-23,13:30:00,2025-12-30,290.65,290.65,290.65,290.65,0,25740,0
FINNIFTY30DEC2527400CE.NFO,2025-12-23,13:31:00,2025-12-30,290.65,290.65,290.65,290.65,0,25740,0
FINNIFTY30DEC2527400CE.NFO,2025-12-23,13:32:00,2025-12-30,290.65,290.65,290.65,290.65,0,25740,0
FINNIFTY30DEC2527400CE.NFO,2025-12-23,13:33:00,2025-12-30,290.65,290.65,290.65,290.65,0,25740,0
FINNIFTY30DEC2527400CE.NFO,2025-12-23,13:34:00,2025-12-30,290.65,290.65,290.65,290.65,0,25740,0
FINNIFTY30DEC2527400CE.NFO,2025-12-23,13:35:00,2025-12-30,290.65,290.65,290.65,290.65,0,25740,0
FINNIFTY30DEC2527400CE.NFO,2025-12-23,13:36:00,2025-12-30,290.65,290.65,290.65,290.65,0,25740,0
FINNIFTY30DEC2527400CE.NFO,2025-12-23,13:37:00,2025-12-30,290.65,290.65,290.65,290.65,0,25740,0
FINNIFTY30DEC2527400CE.NFO,2025-12-23,13:38:00,2025-12-30,290.65,290.65,290.65,290.65,0,25740,0
FINNIFTY30DEC2527400CE.NFO,2025-12-23,13:39:00,2025-12-30,290.65,290.65,290.65,290.65,0,25740,0
FINNIFTY30DEC2527400CE.NFO,2025-12-23,13:40:00,2025-12-30,290.65,290.65,290.65,290.65,0,25740,0
FINNIFTY30DEC2527400CE.NFO,2025-12-23,13:41:00,2025-12-30,290.65,291.3,290.65,291.3,65,25740,0
FINNIFTY30DEC2527400CE.NFO,2025-12-23,13:42:00,2025-12-30,291.3,293.95,291.3,293.95,65,25740,0
FINNIFTY30DEC2527400CE.NFO,2025-12-23,13:43:00,2025-12-30,293.95,293.95,293.95,293.95,0,25740,0
FINNIFTY30DEC2527400CE.NFO,2025-12-23,13:44:00,2025-12-30,293.95,293.95,293.95,293.95,0,25740,0
FINNIFTY30DEC2527400CE.NFO,2025-12-23,13:45:00,2025-12-30,293.95,293.95,293.95,293.95,0,25740,0
FINNIFTY30DEC2527400CE.NFO,2025-12-23,13:46:00,2025-12-30,293.95,293.95,293.95,293.95,0,25740,0
FINNIFTY30DEC2527400CE.NFO,2025-12-23,13:47:00,2025-12-30,293.95,293.95,293.95,293.95,0,25740,0
FINNIFTY30DEC2527400CE.NFO,2025-12-23,13:48:00,2025-12-30,293.95,293.95,293.95,293.95,0,25740,0
FINNIFTY30DEC2527400CE.NFO,2025-12-23,13:49:00,2025-12-30,293.95,293.95,293.95,293.95,0,25740,0
FINNIFTY30DEC2527400CE.NFO,2025-12-23,13:50:00,2025-12-30,293.95,293.95,293.95,293.95,0,25740,0
FINNIFTY30DEC2527400CE.NFO,2025-12-23,13:51:00,2025-12-30,293.95,293.95,293.95,293.95,0,25740,0
FINNIFTY30DEC2527400CE.NFO,2025-12-23,13:52:00,2025-12-30,293.95,293.95,293.95,293.95,0,25740,0
FINNIFTY30DEC2527400CE.NFO,2025-12-23,13:53:00,2025-12-30,293.95,293.95,293.95,293.95,0,25740,0
FINNIFTY30DEC2527400CE.NFO,2025-12-23,13:54:00,2025-12-30,293.95,293.95,293.95,293.95,0,25740,0
FINNIFTY30DEC2527400CE.NFO,2025-12-23,13:55:00,2025-12-30,293.95,293.95,293.95,293.95,0,25740,0
FINNIFTY30DEC2527400CE.NFO,2025-12-23,13:56:00,2025-12-30,293.95,297.0,293.95,297.0,65,25805,0
FINNIFTY30DEC2527400CE.NFO,2025-12-23,13:57:00,2025-12-30,297.0,297.0,297.0,297.0,0,25805,0
FINNIFTY30DEC2527400CE.NFO,2025-12-23,13:58:00,2025-12-30,297.0,297.0,297.0,297.0,0,25805,0
FINNIFTY30DEC2527400CE.NFO,2025-12-23,13:59:00,2025-12-30,297.0,297.0,297.0,297.0,0,25805,0
FINNIFTY30DEC2527400CE.NFO,2025-12-23,14:00:00,2025-12-30,297.0,297.0,297.0,297.0,0,25805,0
FINNIFTY30DEC2527400CE.NFO,2025-12-23,14:01:00,2025-12-30,297.0,297.0,297.0,297.0,0,25805,0
FINNIFTY30DEC2527400CE.NFO,2025-12-23,14:02:00,2025-12-30,297.0,297.0,297.0,297.0,0,25805,0
FINNIFTY30DEC2527400CE.NFO,2025-12-23,14:03:00,2025-12-30,297.0,297.0,297.0,297.0,0,25805,0
FINNIFTY30DEC2527400CE.NFO,2025-12-23,14:04:00,2025-12-30,297.0,297.0,297.0,297.0,0,25805,0
FINNIFTY30DEC2527400CE.NFO,2025-12-23,14:05:00,2025-12-30,297.0,297.0,297.0,297.0,0,25805,0
FINNIFTY30DEC2527400CE.NFO,2025-12-23,14:06:00,2025-12-30,297.0,297.0,297.0,297.0,0,25805,0
FINNIFTY30DEC2527400CE.NFO,2025-12-23,14:07:00,2025-12-30,297.0,297.0,297.0,297.0,0,25805,0
FINNIFTY30DEC2527400CE.NFO,2025-12-23,14:08:00,2025-12-30,297.0,297.0,297.0,297.0,0,25805,0
FINNIFTY30DEC2527400CE.NFO,2025-12-23,14:09:00,2025-12-30,297.0,297.0,297.0,297.0,0,25805,0
FINNIFTY30DEC2527400CE.NFO,2025-12-23,14:10:00,2025-12-30,297.0,297.0,297.0,297.0,0,25805,0
FINNIFTY30DEC2527400CE.NFO,2025-12-23,14:11:00,2025-12-30,297.0,297.0,296.4,296.4,65,25740,0
FINNIFTY30DEC2527400CE.NFO,2025-12-23,14:12:00,2025-12-30,296.4,296.4,296.4,296.4,0,25740,0
FINNIFTY30DEC2527400CE.NFO,2025-12-23,14:13:00,2025-12-30,296.4,296.4,296.4,296.4,0,25740,0
FINNIFTY30DEC2527400CE.NFO,2025-12-23,14:14:00,2025-12-30,296.4,300.0,296.4,300.0,585,25285,0
FINNIFTY30DEC2527400CE.NFO,2025-12-23,14:15:00,2025-12-30,300.0,300.0,300.0,300.0,0,25285,0
FINNIFTY30DEC2527400CE.NFO,2025-12-23,14:16:00,2025-12-30,300.0,300.0,300.0,300.0,0,25285,0
FINNIFTY30DEC2527400CE.NFO,2025-12-23,14:17:00,2025-12-30,300.0,306.05,300.0,306.05,130,25220,0
FINNIFTY30DEC2527400CE.NFO,2025-12-23,14:18:00,2025-12-30,306.05,306.05,302.75,302.75,65,25220,0
FINNIFTY30DEC2527400CE.NFO,2025-12-23,14:19:00,2025-12-30,302.75,302.75,302.75,302.75,0,25220,0
FINNIFTY30DEC2527400CE.NFO,2025-12-23,14:20:00,2025-12-30,302.75,302.75,298.15,298.15,65,26000,0
FINNIFTY30DEC2527400CE.NFO,2025-12-23,14:21:00,2025-12-30,298.15,298.15,298.15,298.15,0,26000,0
FINNIFTY30DEC2527400CE.NFO,2025-12-23,14:22:00,2025-12-30,298.15,298.15,298.15,298.15,0,26000,0
FINNIFTY30DEC2527400CE.NFO,2025-12-23,14:23:00,2025-12-30,298.15,306.0,298.15,306.0,715,26000,0
FINNIFTY30DEC2527400CE.NFO,2025-12-23,14:24:00,2025-12-30,306.0,306.0,306.0,306.0,0,26000,0
FINNIFTY30DEC2527400CE.NFO,2025-12-23,14:25:00,2025-12-30,306.0,306.0,306.0,306.0,0,26000,0
FINNIFTY30DEC2527400CE.NFO,2025-12-23,14:26:00,2025-12-30,306.0,306.0,304.4,304.4,2210,26000,0
FINNIFTY30DEC2527400CE.NFO,2025-12-23,14:27:00,2025-12-30,304.4,304.4,304.4,304.4,0,26000,0
FINNIFTY30DEC2527400CE.NFO,2025-12-23,14:28:00,2025-12-30,304.4,304.4,304.4,304.4,0,26000,0
FINNIFTY30DEC2527400CE.NFO,2025-12-23,14:29:00,2025-12-30,304.4,304.4,304.4,304.4,0,26000,0
FINNIFTY30DEC2527400CE.NFO,2025-12-23,14:30:00,2025-12-30,296.8,296.9,296.8,296.9,260,23595,0
FINNIFTY30DEC2527400CE.NFO,2025-12-23,14:31:00,2025-12-30,296.9,296.9,296.9,296.9,0,23595,0
FINNIFTY30DEC2527400CE.NFO,2025-12-23,14:32:00,2025-12-30,296.9,296.9,296.9,296.9,0,23595,0
FINNIFTY30DEC2527400CE.NFO,2025-12-23,14:33:00,2025-12-30,296.9,296.9,296.9,296.9,0,23595,0
FINNIFTY30DEC2527400CE.NFO,2025-12-23,14:34:00,2025-12-30,296.9,296.9,293.1,294.0,910,23400,0
FINNIFTY30DEC2527400CE.NFO,2025-12-23,14:35:00,2025-12-30,294.0,294.0,290.0,294.0,1365,22620,0
FINNIFTY30DEC2527400CE.NFO,2025-12-23,14:36:00,2025-12-30,294.0,294.0,294.0,294.0,2535,22620,0
FINNIFTY30DEC2527400CE.NFO,2025-12-23,14:37:00,2025-12-30,294.0,294.0,294.0,294.0,0,22620,0
FINNIFTY30DEC2527400CE.NFO,2025-12-23,14:38:00,2025-12-30,294.0,294.0,291.8,291.8,65,19500,0
FINNIFTY30DEC2527400CE.NFO,2025-12-23,14:39:00,2025-12-30,291.8,291.8,291.8,291.8,0,19500,0
FINNIFTY30DEC2527400CE.NFO,2025-12-23,14:40:00,2025-12-30,291.8,291.8,291.8,291.8,0,19500,0
FINNIFTY30DEC2527400CE.NFO,2025-12-23,14:41:00,2025-12-30,291.8,291.8,281.15,281.15,0,19500,0
FINNIFTY30DEC2527400CE.NFO,2025-12-23,14:42:00,2025-12-30,282.6,282.6,281.95,281.95,910,19500,0
FINNIFTY30DEC2527400CE.NFO,2025-12-23,14:43:00,2025-12-30,281.95,281.95,281.5,281.5,195,19500,0
FINNIFTY30DEC2527400CE.NFO,2025-12-23,14:44:00,2025-12-30,281.5,282.85,281.5,281.5,715,19110,0
FINNIFTY30DEC2527400CE.NFO,2025-12-23,14:45:00,2025-12-30,281.5,282.45,279.7,281.45,585,19110,0
FINNIFTY30DEC2527400CE.NFO,2025-12-23,14:46:00,2025-12-30,281.45,281.45,279.65,279.65,65,19110,0
FINNIFTY30DEC2527400CE.NFO,2025-12-23,14:47:00,2025-12-30,287.9,287.9,287.9,287.9,130,19110,0
FINNIFTY30DEC2527400CE.NFO,2025-12-23,14:48:00,2025-12-30,287.9,287.9,287.9,287.9,0,19110,0
FINNIFTY30DEC2527400CE.NFO,2025-12-23,14:49:00,2025-12-30,287.9,287.9,287.9,287.9,0,19110,0
FINNIFTY30DEC2527400CE.NFO,2025-12-23,14:50:00,2025-12-30,287.9,287.9,287.9,287.9,0,19110,0
FINNIFTY30DEC2527400CE.NFO,2025-12-23,14:51:00,2025-12-30,287.9,287.9,285.0,285.0,65,18525,0
FINNIFTY30DEC2527400CE.NFO,2025-12-23,14:52:00,2025-12-30,285.0,290.55,285.0,290.55,65,18525,0
FINNIFTY30DEC2527400CE.NFO,2025-12-23,14:53:00,2025-12-30,290.55,290.55,290.55,290.55,0,18525,0
FINNIFTY30DEC2527400CE.NFO,2025-12-23,14:54:00,2025-12-30,290.55,290.55,290.55,290.55,0,18525,0
FINNIFTY30DEC2527400CE.NFO,2025-12-23,14:55:00,2025-12-30,290.55,290.55,290.55,290.55,65,18460,0
FINNIFTY30DEC2527400CE.NFO,2025-12-23,14:56:00,2025-12-30,290.55,290.55,290.55,290.55,0,18460,0
FINNIFTY30DEC2527400CE.NFO,2025-12-23,14:57:00,2025-12-30,290.55,290.55,290.55,290.55,0,18460,0
FINNIFTY30DEC2527400CE.NFO,2025-12-23,14:58:00,2025-12-30,290.55,290.55,290.55,290.55,0,18460,0
FINNIFTY30DEC2527400CE.NFO,2025-12-23,14:59:00,2025-12-30,290.55,290.55,290.55,290.55,0,18460,0
FINNIFTY30DEC2527400CE.NFO,2025-12-23,15:00:00,2025-12-30,290.55,293.95,290.55,291.65,130,18460,0
FINNIFTY30DEC2527400CE.NFO,2025-12-23,15:01:00,2025-12-30,291.65,291.65,291.65,291.65,0,18460,0
FINNIFTY30DEC2527400CE.NFO,2025-12-23,15:02:00,2025-12-30,291.65,291.65,291.65,291.65,0,18460,0
FINNIFTY30DEC2527400CE.NFO,2025-12-23,15:03:00,2025-12-30,291.65,291.65,291.65,291.65,0,18460,0
FINNIFTY30DEC2527400CE.NFO,2025-12-23,15:04:00,2025-12-30,291.65,291.65,291.65,291.65,0,18460,0
FINNIFTY30DEC2527400CE.NFO,2025-12-23,15:05:00,2025-12-30,291.65,291.65,287.6,287.6,65,18460,0
FINNIFTY30DEC2527400CE.NFO,2025-12-23,15:06:00,2025-12-30,287.6,287.6,287.6,287.6,0,18460,0
FINNIFTY30DEC2527400CE.NFO,2025-12-23,15:07:00,2025-12-30,287.6,287.6,287.6,287.6,0,18460,0
FINNIFTY30DEC2527400CE.NFO,2025-12-23,15:08:00,2025-12-30,287.6,287.6,287.6,287.6,0,18460,0
FINNIFTY30DEC2527400CE.NFO,2025-12-23,15:09:00,2025-12-30,287.6,287.6,287.6,287.6,65,18460,0
FINNIFTY30DEC2527400CE.NFO,2025-12-23,15:10:00,2025-12-30,287.6,287.6,287.6,287.6,0,18460,0
FINNIFTY30DEC2527400CE.NFO,2025-12-23,15:11:00,2025-12-30,287.6,287.6,287.6,287.6,0,18460,0
FINNIFTY30DEC2527400CE.NFO,2025-12-23,15:12:00,2025-12-30,287.6,287.6,287.6,287.6,0,18460,0
FINNIFTY30DEC2527400CE.NFO,2025-12-23,15:13:00,2025-12-30,287.6,287.6,287.6,287.6,0,18460,0
FINNIFTY30DEC2527400CE.NFO,2025-12-23,15:14:00,2025-12-30,287.6,287.6,287.6,287.6,0,18460,0
FINNIFTY30DEC2527400CE.NFO,2025-12-23,15:15:00,2025-12-30,287.6,287.6,287.6,287.6,0,18460,0
FINNIFTY30DEC2527400CE.NFO,2025-12-23,15:16:00,2025-12-30,287.6,287.6,287.6,287.6,0,18460,0
FINNIFTY30DEC2527400CE.NFO,2025-12-23,15:17:00,2025-12-30,287.6,287.6,287.6,287.6,0,18460,0
FINNIFTY30DEC2527400CE.NFO,2025-12-23,15:18:00,2025-12-30,287.6,287.6,287.6,287.6,0,18460,0
FINNIFTY30DEC2527400CE.NFO,2025-12-23,15:19:00,2025-12-30,287.6,287.6,287.6,287.6,0,18460,0
FINNIFTY30DEC2527400CE.NFO,2025-12-23,15:20:00,2025-12-30,287.6,287.6,287.6,287.6,0,18460,0
FINNIFTY30DEC2527400CE.NFO,2025-12-23,15:21:00,2025-12-30,293.2,293.2,291.0,291.0,130,18460,0
FINNIFTY30DEC2527400CE.NFO,2025-12-23,15:22:00,2025-12-30,291.0,291.0,291.0,291.0,0,18460,0
FINNIFTY30DEC2527400CE.NFO,2025-12-23,15:23:00,2025-12-30,291.0,291.0,291.0,291.0,0,18460,0
FINNIFTY30DEC2527400CE.NFO,2025-12-23,15:24:00,2025-12-30,283.9,290.5,283.9,290.5,390,18460,0
FINNIFTY30DEC2527400CE.NFO,2025-12-23,15:25:00,2025-12-30,290.5,290.5,288.35,288.35,65,18460,0
FINNIFTY30DEC2527400CE.NFO,2025-12-23,15:26:00,2025-12-30,288.35,288.35,288.35,288.35,0,18460,0
FINNIFTY30DEC2527400CE.NFO,2025-12-23,15:27:00,2025-12-30,288.35,288.35,288.35,288.35,0,18460,0
FINNIFTY30DEC2527400CE.NFO,2025-12-23,15:28:00,2025-12-30,288.35,288.35,288.35,288.35,195,18200,0
FINNIFTY30DEC2527400CE.NFO,2025-12-23,15:29:00,2025-12-30,288.35,288.35,288.35,288.35,0,18200,0
FINNIFTY30DEC2527400CE.NFO,2025-12-23,15:30:00,2025-12-30,288.35,288.35,288.35,288.35,0,18200,1
FINNIFTY30DEC2527400CE.NFO,2025-12-24,09:15:00,2025-12-30,281.3,281.3,281.3,281.3,0,18005,0
FINNIFTY30DEC2527400CE.NFO,2025-12-24,09:16:00,2025-12-30,281.3,289.9,275.95,287.95,520,18005,0
FINNIFTY30DEC2527400CE.NFO,2025-12-24,09:17:00,2025-12-30,287.95,298.45,287.95,291.1,780,18005,0
FINNIFTY30DEC2527400CE.NFO,2025-12-24,09:18:00,2025-12-30,291.1,300.25,291.1,300.25,65,18005,0
FINNIFTY30DEC2527400CE.NFO,2025-12-24,09:19:00,2025-12-30,300.25,319.25,300.25,319.25,520,18850,0
FINNIFTY30DEC2527400CE.NFO,2025-12-24,09:20:00,2025-12-30,319.25,319.25,319.25,319.25,0,18850,0
FINNIFTY30DEC2527400CE.NFO,2025-12-24,09:21:00,2025-12-30,322.15,322.15,318.95,318.95,455,18850,0
FINNIFTY30DEC2527400CE.NFO,2025-12-24,09:22:00,2025-12-30,318.95,323.5,318.95,323.5,130,18655,0
FINNIFTY30DEC2527400CE.NFO,2025-12-24,09:23:00,2025-12-30,323.5,323.5,323.5,323.5,0,18655,0
FINNIFTY30DEC2527400CE.NFO,2025-12-24,09:24:00,2025-12-30,323.5,323.5,323.5,323.5,0,18655,0
FINNIFTY30DEC2527400CE.NFO,2025-12-24,09:25:00,2025-12-30,323.5,330.0,323.5,330.0,130,18655,0
FINNIFTY30DEC2527400CE.NFO,2025-12-24,09:26:00,2025-12-30,330.0,330.0,330.0,330.0,0,18655,0
FINNIFTY30DEC2527400CE.NFO,2025-12-24,09:27:00,2025-12-30,330.0,330.0,330.0,330.0,0,18655,0
FINNIFTY30DEC2527400CE.NFO,2025-12-24,09:28:00,2025-12-30,330.0,340.0,330.0,340.0,65,18590,0
FINNIFTY30DEC2527400CE.NFO,2025-12-24,09:29:00,2025-12-30,340.0,340.0,340.0,340.0,0,18590,0
FINNIFTY30DEC2527400CE.NFO,2025-12-24,09:30:00,2025-12-30,340.0,341.95,340.0,341.95,65,18590,0
FINNIFTY30DEC2527400CE.NFO,2025-12-24,09:31:00,2025-12-30,341.95,350.15,340.8,350.15,585,18590,0
FINNIFTY30DEC2527400CE.NFO,2025-12-24,09:32:00,2025-12-30,350.15,350.15,350.15,350.15,0,18590,0
FINNIFTY30DEC2527400CE.NFO,2025-12-24,09:33:00,2025-12-30,351.85,360.4,351.85,360.4,650,18590,0
FINNIFTY30DEC2527400CE.NFO,2025-12-24,09:34:00,2025-12-30,360.4,360.4,360.4,360.4,0,18590,0
FINNIFTY30DEC2527400CE.NFO,2025-12-24,09:35:00,2025-12-30,360.4,361.25,360.4,361.15,195,18785,0
FINNIFTY30DEC2527400CE.NFO,2025-12-24,09:36:00,2025-12-30,361.15,361.15,361.15,361.15,0,18785,0
FINNIFTY30DEC2527400CE.NFO,2025-12-24,09:37:00,2025-12-30,361.15,361.15,356.95,356.95,390,18720,0
FINNIFTY30DEC2527400CE.NFO,2025-12-24,09:38:00,2025-12-30,356.95,360.0,356.95,360.0,65,18720,0
FINNIFTY30DEC2527400CE.NFO,2025-12-24,09:39:00,2025-12-30,360.0,360.0,348.4,349.65,260,18720,0
FINNIFTY30DEC2527400CE.NFO,2025-12-24,09:40:00,2025-12-30,349.65,349.65,349.65,349.65,0,18720,0
FINNIFTY30DEC2527400CE.NFO,2025-12-24,09:41:00,2025-12-30,349.65,349.65,349.5,349.5,65,18460,0
FINNIFTY30DEC2527400CE.NFO,2025-12-24,09:42:00,2025-12-30,349.5,349.5,346.0,346.0,65,18460,0
FINNIFTY30DEC2527400CE.NFO,2025-12-24,09:43:00,2025-12-30,346.0,346.0,346.0,346.0,0,18460,0
FINNIFTY30DEC2527400CE.NFO,2025-12-24,09:44:00,2025-12-30,346.0,352.25,346.0,352.25,260,18460,0
FINNIFTY30DEC2527400CE.NFO,2025-12-24,09:45:00,2025-12-30,352.25,356.35,352.25,356.35,65,18460,0
FINNIFTY30DEC2527400CE.NFO,2025-12-24,09:46:00,2025-12-30,356.35,356.35,356.35,356.35,0,18460,0
FINNIFTY30DEC2527400CE.NFO,2025-12-24,09:47:00,2025-12-30,356.35,356.35,356.35,356.35,0,18460,0
FINNIFTY30DEC2527400CE.NFO,2025-12-24,09:48:00,2025-12-30,356.35,356.35,356.35,356.35,0,18460,0
FINNIFTY30DEC2527400CE.NFO,2025-12-24,09:49:00,2025-12-30,356.35,356.35,356.35,356.35,0,18460,0
FINNIFTY30DEC2527400CE.NFO,2025-12-24,09:50:00,2025-12-30,356.35,356.35,356.35,356.35,0,18460,0
FINNIFTY30DEC2527400CE.NFO,2025-12-24,09:51:00,2025-12-30,356.35,356.35,356.35,356.35,0,18460,0
FINNIFTY30DEC2527400CE.NFO,2025-12-24,09:52:00,2025-12-30,356.35,366.0,356.35,366.0,65,18330,0
FINNIFTY30DEC2527400CE.NFO,2025-12-24,09:53:00,2025-12-30,366.0,366.0,366.0,366.0,0,18330,0
FINNIFTY30DEC2527400CE.NFO,2025-12-24,09:54:00,2025-12-30,366.0,366.0,366.0,366.0,0,18330,0
FINNIFTY30DEC2527400CE.NFO,2025-12-24,09:55:00,2025-12-30,366.0,366.0,366.0,366.0,0,18330,0
FINNIFTY30DEC2527400CE.NFO,2025-12-24,09:56:00,2025-12-30,366.0,366.0,366.0,366.0,0,18330,0
FINNIFTY30DEC2527400CE.NFO,2025-12-24,09:57:00,2025-12-30,366.0,366.0,366.0,366.0,0,18330,0
FINNIFTY30DEC2527400CE.NFO,2025-12-24,09:58:00,2025-12-30,366.0,366.0,366.0,366.0,0,18330,0
FINNIFTY30DEC2527400CE.NFO,2025-12-24,09:59:00,2025-12-30,366.0,366.0,366.0,366.0,0,18330,0
FINNIFTY30DEC2527400CE.NFO,2025-12-24,10:00:00,2025-12-30,366.0,366.0,366.0,366.0,0,18330,0
FINNIFTY30DEC2527400CE.NFO,2025-12-24,10:01:00,2025-12-30,366.0,368.55,366.0,368.55,65,18265,0
FINNIFTY30DEC2527400CE.NFO,2025-12-24,10:02:00,2025-12-30,368.55,368.55,368.55,368.55,0,18265,0
FINNIFTY30DEC2527400CE.NFO,2025-12-24,10:03:00,2025-12-30,368.55,368.55,368.55,368.55,0,18265,0
FINNIFTY30DEC2527400CE.NFO,2025-12-24,10:04:00,2025-12-30,368.55,368.55,364.0,364.0,325,18265,0
FINNIFTY30DEC2527400CE.NFO,2025-12-24,10:05:00,2025-12-30,364.0,364.0,364.0,364.0,0,18265,0
FINNIFTY30DEC2527400CE.NFO,2025-12-24,10:06:00,2025-12-30,364.0,364.0,364.0,364.0,0,18265,0
FINNIFTY30DEC2527400CE.NFO,2025-12-24,10:07:00,2025-12-30,364.0,364.0,364.0,364.0,0,18265,0
FINNIFTY30DEC2527400CE.NFO,2025-12-24,10:08:00,2025-12-30,364.0,364.0,364.0,364.0,0,18265,0
FINNIFTY30DEC2527400CE.NFO,2025-12-24,10:09:00,2025-12-30,364.0,364.0,364.0,364.0,0,18265,0
FINNIFTY30DEC2527400CE.NFO,2025-12-24,10:10:00,2025-12-30,364.0,364.0,364.0,364.0,0,18265,0
FINNIFTY30DEC2527400CE.NFO,2025-12-24,10:11:00,2025-12-30,364.0,364.0,364.0,364.0,0,18265,0
FINNIFTY30DEC2527400CE.NFO,2025-12-24,10:12:00,2025-12-30,364.0,364.0,364.0,364.0,0,18265,0
FINNIFTY30DEC2527400CE.NFO,2025-12-24,10:13:00,2025-12-30,364.0,364.0,364.0,364.0,0,18265,0
FINNIFTY30DEC2527400CE.NFO,2025-12-24,10:14:00,2025-12-30,364.0,364.0,364.0,364.0,0,18265,0
FINNIFTY30DEC2527400CE.NFO,2025-12-24,10:15:00,2025-12-30,364.0,372.6,364.0,372.6,65,17940,0
FINNIFTY30DEC2527400CE.NFO,2025-12-24,10:16:00,2025-12-30,372.6,372.6,372.6,372.6,0,17940,0
FINNIFTY30DEC2527400CE.NFO,2025-12-24,10:17:00,2025-12-30,372.6,372.6,372.6,372.6,0,17940,0
FINNIFTY30DEC2527400CE.NFO,2025-12-24,10:18:00,2025-12-30,372.6,372.6,372.6,372.6,0,17940,0
FINNIFTY30DEC2527400CE.NFO,2025-12-24,10:19:00,2025-12-30,372.6,372.6,372.6,372.6,0,17940,0
FINNIFTY30DEC2527400CE.NFO,2025-12-24,10:20:00,2025-12-30,372.6,372.6,372.6,372.6,0,17940,0
FINNIFTY30DEC2527400CE.NFO,2025-12-24,10:21:00,2025-12-30,372.6,372.6,372.6,372.6,0,17940,0
FINNIFTY30DEC2527400CE.NFO,2025-12-24,10:22:00,2025-12-30,372.6,372.6,372.6,372.6,0,17940,0
FINNIFTY30DEC2527400CE.NFO,2025-12-24,10:23:00,2025-12-30,372.6,372.6,372.6,372.6,0,17940,0
FINNIFTY30DEC2527400CE.NFO,2025-12-24,10:24:00,2025-12-30,372.6,372.6,372.6,372.6,0,17940,0
FINNIFTY30DEC2527400CE.NFO,2025-12-24,10:25:00,2025-12-30,372.6,372.6,372.6,372.6,0,17940,0
FINNIFTY30DEC2527400CE.NFO,2025-12-24,10:26:00,2025-12-30,372.6,372.6,372.6,372.6,0,17940,0
FINNIFTY30DEC2527400CE.NFO,2025-12-24,10:27:00,2025-12-30,372.6,372.6,372.6,372.6,0,17940,0
FINNIFTY30DEC2527400CE.NFO,2025-12-24,10:28:00,2025-12-30,372.6,372.6,372.6,372.6,0,17940,0
FINNIFTY30DEC2527400CE.NFO,2025-12-24,10:29:00,2025-12-30,372.6,372.6,372.6,372.6,0,17940,0
FINNIFTY30DEC2527400CE.NFO,2025-12-24,10:30:00,2025-12-30,372.6,372.6,372.6,372.6,0,17940,0
FINNIFTY30DEC2527400CE.NFO,2025-12-24,10:31:00,2025-12-30,372.6,372.6,372.6,372.6,0,17940,0
FINNIFTY30DEC2527400CE.NFO,2025-12-24,10:32:00,2025-12-30,372.6,372.6,372.6,372.6,0,17940,0
FINNIFTY30DEC2527400CE.NFO,2025-12-24,10:33:00,2025-12-30,372.6,372.6,372.6,372.6,0,17940,0
FINNIFTY30DEC2527400CE.NFO,2025-12-24,10:34:00,2025-12-30,372.6,372.6,372.6,372.6,0,17940,0
FINNIFTY30DEC2527400CE.NFO,2025-12-24,10:35:00,2025-12-30,372.6,372.6,372.6,372.6,0,17940,0
FINNIFTY30DEC2527400CE.NFO,2025-12-24,10:36:00,2025-12-30,372.6,372.6,372.6,372.6,0,17940,0
FINNIFTY30DEC2527400CE.NFO,2025-12-24,10:37:00,2025-12-30,372.6,372.6,372.6,372.6,0,17940,0
FINNIFTY30DEC2527400CE.NFO,2025-12-24,10:38:00,2025-12-30,372.6,372.6,372.6,372.6,0,17940,0
FINNIFTY30DEC2527400CE.NFO,2025-12-24,10:39:00,2025-12-30,372.6,372.6,372.6,372.6,0,17940,0
FINNIFTY30DEC2527400CE.NFO,2025-12-24,10:40:00,2025-12-30,372.6,372.6,372.6,372.6,0,17940,0
FINNIFTY30DEC2527400CE.NFO,2025-12-24,10:41:00,2025-12-30,372.6,372.6,372.6,372.6,0,17940,0
FINNIFTY30DEC2527400CE.NFO,2025-12-24,10:42:00,2025-12-30,372.6,372.6,372.6,372.6,0,17940,0
FINNIFTY30DEC2527400CE.NFO,2025-12-24,10:43:00,2025-12-30,372.6,372.6,372.6,372.6,0,17940,0
FINNIFTY30DEC2527400CE.NFO,2025-12-24,10:44:00,2025-12-30,372.6,372.6,372.6,372.6,0,17940,0
FINNIFTY30DEC2527400CE.NFO,2025-12-24,10:45:00,2025-12-30,372.6,372.6,372.6,372.6,0,17940,0
FINNIFTY30DEC2527400CE.NFO,2025-12-24,10:46:00,2025-12-30,372.6,372.6,372.6,372.6,0,17940,0
FINNIFTY30DEC2527400CE.NFO,2025-12-24,10:47:00,2025-12-30,372.6,372.6,372.6,372.6,0,17940,0
FINNIFTY30DEC2527400CE.NFO,2025-12-24,10:48:00,2025-12-30,372.6,372.6,372.6,372.6,0,17940,0
FINNIFTY30DEC2527400CE.NFO,2025-12-24,10:49:00,2025-12-30,372.6,372.6,372.6,372.6,0,17940,0
FINNIFTY30DEC2527400CE.NFO,2025-12-24,10:50:00,2025-12-30,372.6,372.6,372.6,372.6,0,17940,0
FINNIFTY30DEC2527400CE.NFO,2025-12-24,10:51:00,2025-12-30,372.6,372.6,372.6,372.6,0,17940,0
FINNIFTY30DEC2527400CE.NFO,2025-12-24,10:52:00,2025-12-30,372.6,372.6,372.6,372.6,0,17940,0
FINNIFTY30DEC2527400CE.NFO,2025-12-24,10:53:00,2025-12-30,372.6,372.6,372.6,372.6,0,17940,0
FINNIFTY30DEC2527400CE.NFO,2025-12-24,10:54:00,2025-12-30,372.6,372.6,349.0,349.0,65,17875,0
FINNIFTY30DEC2527400CE.NFO,2025-12-24,10:55:00,2025-12-30,349.0,355.05,349.0,355.05,65,17875,0
FINNIFTY30DEC2527400CE.NFO,2025-12-24,10:56:00,2025-12-30,355.05,355.05,355.05,355.05,0,17875,0
FINNIFTY30DEC2527400CE.NFO,2025-12-24,10:57:00,2025-12-30,350.0,355.7,350.0,355.7,455,17940,0
FINNIFTY30DEC2527400CE.NFO,2025-12-24,10:58:00,2025-12-30,355.7,355.7,355.7,355.7,0,17940,0
FINNIFTY30DEC2527400CE.NFO,2025-12-24,10:59:00,2025-12-30,355.7,355.7,355.7,355.7,0,17940,0
FINNIFTY30DEC2527400CE.NFO,2025-12-24,11:00:00,2025-12-30,355.7,355.7,355.7,355.7,0,17940,0
FINNIFTY30DEC2527400CE.NFO,2025-12-24,11:01:00,2025-12-30,355.7,355.7,355.7,355.7,0,17940,0
FINNIFTY30DEC2527400CE.NFO,2025-12-24,11:02:00,2025-12-30,355.7,355.7,355.7,355.7,0,17940,0
FINNIFTY30DEC2527400CE.NFO,2025-12-24,11:03:00,2025-12-30,355.7,355.7,355.7,355.7,0,17940,0
FINNIFTY30DEC2527400CE.NFO,2025-12-24,11:04:00,2025-12-30,355.7,355.7,355.7,355.7,0,17940,0
FINNIFTY30DEC2527400CE.NFO,2025-12-24,11:05:00,2025-12-30,355.7,355.7,355.7,355.7,0,17940,0
FINNIFTY30DEC2527400CE.NFO,2025-12-24,11:06:00,2025-12-30,355.7,355.7,355.7,355.7,0,17940,0
FINNIFTY30DEC2527400CE.NFO,2025-12-24,11:07:00,2025-12-30,355.7,355.7,355.7,355.7,0,17940,0
FINNIFTY30DEC2527400CE.NFO,2025-12-24,11:08:00,2025-12-30,355.7,355.7,355.7,355.7,0,17940,0
FINNIFTY30DEC2527400CE.NFO,2025-12-24,11:09:00,2025-12-30,355.7,355.7,355.7,355.7,0,17940,0
FINNIFTY30DEC2527400CE.NFO,2025-12-24,11:10:00,2025-12-30,355.7,355.7,355.7,355.7,0,17940,0
FINNIFTY30DEC2527400CE.NFO,2025-12-24,11:11:00,2025-12-30,355.7,355.7,355.7,355.7,0,17940,0
FINNIFTY30DEC2527400CE.NFO,2025-12-24,11:12:00,2025-12-30,355.7,355.7,355.7,355.7,0,17940,0
FINNIFTY30DEC2527400CE.NFO,2025-12-24,11:13:00,2025-12-30,355.7,355.7,355.7,355.7,0,17940,0
FINNIFTY30DEC2527400CE.NFO,2025-12-24,11:14:00,2025-12-30,355.7,355.7,355.7,355.7,0,17940,0
FINNIFTY30DEC2527400CE.NFO,2025-12-24,11:15:00,2025-12-30,355.7,355.7,355.7,355.7,0,17940,0
FINNIFTY30DEC2527400CE.NFO,2025-12-24,11:16:00,2025-12-30,355.7,355.7,355.7,355.7,0,17940,0
FINNIFTY30DEC2527400CE.NFO,2025-12-24,11:17:00,2025-12-30,355.7,355.7,355.7,355.7,0,17940,0
FINNIFTY30DEC2527400CE.NFO,2025-12-24,11:18:00,2025-12-30,355.7,355.7,355.7,355.7,0,17940,0
FINNIFTY30DEC2527400CE.NFO,2025-12-24,11:19:00,2025-12-30,355.7,355.7,355.7,355.7,0,17940,0
FINNIFTY30DEC2527400CE.NFO,2025-12-24,11:20:00,2025-12-30,355.7,355.7,355.7,355.7,0,17940,0
FINNIFTY30DEC2527400CE.NFO,2025-12-24,11:21:00,2025-12-30,355.7,355.7,355.7,355.7,0,17940,0
FINNIFTY30DEC2527400CE.NFO,2025-12-24,11:22:00,2025-12-30,355.7,355.7,355.7,355.7,0,17940,0
FINNIFTY30DEC2527400CE.NFO,2025-12-24,11:23:00,2025-12-30,355.7,360.0,355.7,360.0,65,17485,0
FINNIFTY30DEC2527400CE.NFO,2025-12-24,11:24:00,2025-12-30,360.0,360.0,360.0,360.0,0,17485,0
FINNIFTY30DEC2527400CE.NFO,2025-12-24,11:25:00,2025-12-30,360.0,360.0,360.0,360.0,0,17485,0
FINNIFTY30DEC2527400CE.NFO,2025-12-24,11:26:00,2025-12-30,360.0,360.0,360.0,360.0,0,17485,0
FINNIFTY30DEC2527400CE.NFO,2025-12-24,11:27:00,2025-12-30,360.0,360.0,360.0,360.0,0,17485,0
FINNIFTY30DEC2527400CE.NFO,2025-12-24,11:28:00,2025-12-30,360.0,360.0,360.0,360.0,0,17485,0
FINNIFTY30DEC2527400CE.NFO,2025-12-24,11:29:00,2025-12-30,360.0,360.0,360.0,360.0,0,17485,0
FINNIFTY30DEC2527400CE.NFO,2025-12-24,11:30:00,2025-12-30,360.0,360.0,360.0,360.0,0,17485,0
FINNIFTY30DEC2527400CE.NFO,2025-12-24,11:31:00,2025-12-30,360.0,360.0,360.0,360.0,0,17485,0
FINNIFTY30DEC2527400CE.NFO,2025-12-24,11:32:00,2025-12-30,360.0,360.0,360.0,360.0,0,17485,0
FINNIFTY30DEC2527400CE.NFO,2025-12-24,11:33:00,2025-12-30,360.0,360.0,360.0,360.0,0,17485,0
FINNIFTY30DEC2527400CE.NFO,2025-12-24,11:34:00,2025-12-30,360.0,360.0,360.0,360.0,0,17485,0
FINNIFTY30DEC2527400CE.NFO,2025-12-24,11:35:00,2025-12-30,360.0,360.0,360.0,360.0,0,17485,0
FINNIFTY30DEC2527400CE.NFO,2025-12-24,11:36:00,2025-12-30,360.0,360.0,360.0,360.0,0,17485,0
FINNIFTY30DEC2527400CE.NFO,2025-12-24,11:37:00,2025-12-30,360.0,360.0,360.0,360.0,0,17485,0
FINNIFTY30DEC2527400CE.NFO,2025-12-24,11:38:00,2025-12-30,360.0,360.0,360.0,360.0,0,17485,0
FINNIFTY30DEC2527400CE.NFO,2025-12-24,11:39:00,2025-12-30,360.0,360.0,360.0,360.0,0,17485,0
FINNIFTY30DEC2527400CE.NFO,2025-12-24,11:40:00,2025-12-30,360.0,360.0,360.0,360.0,0,17485,0
FINNIFTY30DEC2527400CE.NFO,2025-12-24,11:41:00,2025-12-30,360.0,360.0,360.0,360.0,0,17485,0
FINNIFTY30DEC2527400CE.NFO,2025-12-24,11:42:00,2025-12-30,360.0,360.0,360.0,360.0,0,17485,0
FINNIFTY30DEC2527400CE.NFO,2025-12-24,11:43:00,2025-12-30,360.0,360.0,360.0,360.0,0,17485,0
FINNIFTY30DEC2527400CE.NFO,2025-12-24,11:44:00,2025-12-30,360.0,360.0,360.0,360.0,0,17485,0
FINNIFTY30DEC2527400CE.NFO,2025-12-24,11:45:00,2025-12-30,360.0,360.0,360.0,360.0,0,17485,0
FINNIFTY30DEC2527400CE.NFO,2025-12-24,11:46:00,2025-12-30,360.0,360.0,360.0,360.0,0,17485,0
FINNIFTY30DEC2527400CE.NFO,2025-12-24,11:47:00,2025-12-30,360.0,360.0,360.0,360.0,0,17485,0
FINNIFTY30DEC2527400CE.NFO,2025-12-24,11:48:00,2025-12-30,360.0,360.0,360.0,360.0,0,17485,0
FINNIFTY30DEC2527400CE.NFO,2025-12-24,11:49:00,2025-12-30,360.0,360.0,360.0,360.0,0,17485,0
FINNIFTY30DEC2527400CE.NFO,2025-12-24,11:50:00,2025-12-30,360.0,360.0,360.0,360.0,0,17485,0
FINNIFTY30DEC2527400CE.NFO,2025-12-24,11:51:00,2025-12-30,360.0,360.0,360.0,360.0,0,17485,0
FINNIFTY30DEC2527400CE.NFO,2025-12-24,11:52:00,2025-12-30,360.0,360.0,360.0,360.0,0,17485,0
FINNIFTY30DEC2527400CE.NFO,2025-12-24,11:53:00,2025-12-30,360.0,360.0,360.0,360.0,0,17485,0
FINNIFTY30DEC2527400CE.NFO,2025-12-24,11:54:00,2025-12-30,360.0,360.0,360.0,360.0,0,17485,0
FINNIFTY30DEC2527400CE.NFO,2025-12-24,11:55:00,2025-12-30,360.0,360.0,360.0,360.0,0,17485,0
FINNIFTY30DEC2527400CE.NFO,2025-12-24,11:56:00,2025-12-30,360.0,360.0,360.0,360.0,0,17485,0
FINNIFTY30DEC2527400CE.NFO,2025-12-24,11:57:00,2025-12-30,360.0,360.0,360.0,360.0,0,17485,0
FINNIFTY30DEC2527400CE.NFO,2025-12-24,11:58:00,2025-12-30,360.0,360.0,360.0,360.0,0,17485,0
FINNIFTY30DEC2527400CE.NFO,2025-12-24,11:59:00,2025-12-30,360.0,360.0,360.0,360.0,0,17485,0
FINNIFTY30DEC2527400CE.NFO,2025-12-24,12:00:00,2025-12-30,360.0,360.0,360.0,360.0,0,17485,0
FINNIFTY30DEC2527400CE.NFO,2025-12-24,12:01:00,2025-12-30,360.0,360.0,360.0,360.0,0,17485,0
FINNIFTY30DEC2527400CE.NFO,2025-12-24,12:02:00,2025-12-30,360.0,360.0,330.35,330.35,65,17485,0
FINNIFTY30DEC2527400CE.NFO,2025-12-24,12:03:00,2025-12-30,330.35,330.35,330.35,330.35,0,17485,0
FINNIFTY30DEC2527400CE.NFO,2025-12-24,12:04:00,2025-12-30,330.35,330.35,330.35,330.35,0,17485,0
FINNIFTY30DEC2527400CE.NFO,2025-12-24,12:05:00,2025-12-30,330.35,330.35,330.35,330.35,0,17485,0
FINNIFTY30DEC2527400CE.NFO,2025-12-24,12:06:00,2025-12-30,330.35,330.35,330.35,330.35,0,17485,0
FINNIFTY30DEC2527400CE.NFO,2025-12-24,12:07:00,2025-12-30,330.35,330.35,330.35,330.35,0,17485,0
FINNIFTY30DEC2527400CE.NFO,2025-12-24,12:08:00,2025-12-30,330.35,330.35,330.35,330.35,0,17485,0
FINNIFTY30DEC2527400CE.NFO,2025-12-24,12:09:00,2025-12-30,330.35,330.35,330.35,330.35,0,17485,0
FINNIFTY30DEC2527400CE.NFO,2025-12-24,12:10:00,2025-12-30,330.35,330.35,330.35,330.35,0,17485,0
FINNIFTY30DEC2527400CE.NFO,2025-12-24,12:11:00,2025-12-30,330.35,330.35,330.35,330.35,0,17485,0
FINNIFTY30DEC2527400CE.NFO,2025-12-24,12:12:00,2025-12-30,330.35,330.35,330.35,330.35,0,17485,0
FINNIFTY30DEC2527400CE.NFO,2025-12-24,12:13:00,2025-12-30,330.35,330.35,324.45,324.45,65,17420,0
FINNIFTY30DEC2527400CE.NFO,2025-12-24,12:14:00,2025-12-30,324.45,324.45,324.45,324.45,0,17420,0
FINNIFTY30DEC2527400CE.NFO,2025-12-24,12:15:00,2025-12-30,324.45,324.45,324.45,324.45,0,17420,0
FINNIFTY30DEC2527400CE.NFO,2025-12-24,12:16:00,2025-12-30,324.45,324.45,324.45,324.45,0,17420,0
FINNIFTY30DEC2527400CE.NFO,2025-12-24,12:17:00,2025-12-30,324.45,324.45,324.45,324.45,0,17420,0
FINNIFTY30DEC2527400CE.NFO,2025-12-24,12:18:00,2025-12-30,324.45,324.45,324.45,324.45,0,17420,0
FINNIFTY30DEC2527400CE.NFO,2025-12-24,12:19:00,2025-12-30,324.45,324.45,324.45,324.45,0,17420,0
FINNIFTY30DEC2527400CE.NFO,2025-12-24,12:20:00,2025-12-30,324.45,324.45,324.45,324.45,0,17420,0
FINNIFTY30DEC2527400CE.NFO,2025-12-24,12:21:00,2025-12-30,324.45,324.45,324.45,324.45,0,17420,0
FINNIFTY30DEC2527400CE.NFO,2025-12-24,12:22:00,2025-12-30,324.45,324.45,324.45,324.45,0,17420,0
FINNIFTY30DEC2527400CE.NFO,2025-12-24,12:23:00,2025-12-30,324.45,324.45,324.45,324.45,0,17420,0
FINNIFTY30DEC2527400CE.NFO,2025-12-24,12:24:00,2025-12-30,324.45,324.45,324.45,324.45,0,17420,0
FINNIFTY30DEC2527400CE.NFO,2025-12-24,12:25:00,2025-12-30,324.45,324.45,324.45,324.45,0,17420,0
FINNIFTY30DEC2527400CE.NFO,2025-12-24,12:26:00,2025-12-30,324.45,324.45,324.45,324.45,0,17420,0
FINNIFTY30DEC2527400CE.NFO,2025-12-24,12:27:00,2025-12-30,324.45,324.45,324.45,324.45,0,17420,0
FINNIFTY30DEC2527400CE.NFO,2025-12-24,12:28:00,2025-12-30,324.45,324.45,324.45,324.45,0,17420,0
FINNIFTY30DEC2527400CE.NFO,2025-12-24,12:29:00,2025-12-30,324.45,324.45,324.45,324.45,0,17420,0
FINNIFTY30DEC2527400CE.NFO,2025-12-24,12:30:00,2025-12-30,324.45,324.45,324.45,324.45,0,17420,0
FINNIFTY30DEC2527400CE.NFO,2025-12-24,12:31:00,2025-12-30,324.45,324.45,324.45,324.45,0,17420,0
FINNIFTY30DEC2527400CE.NFO,2025-12-24,12:32:00,2025-12-30,324.45,324.45,322.3,322.3,520,17420,0
FINNIFTY30DEC2527400CE.NFO,2025-12-24,12:33:00,2025-12-30,322.3,326.3,322.3,326.3,325,17420,0
FINNIFTY30DEC2527400CE.NFO,2025-12-24,12:34:00,2025-12-30,326.3,326.3,326.3,326.3,130,17420,0
FINNIFTY30DEC2527400CE.NFO,2025-12-24,12:35:00,2025-12-30,326.3,326.3,326.3,326.3,0,17420,0
FINNIFTY30DEC2527400CE.NFO,2025-12-24,12:36:00,2025-12-30,326.3,326.3,326.3,326.3,0,17420,0
FINNIFTY30DEC2527400CE.NFO,2025-12-24,12:37:00,2025-12-30,326.3,326.3,326.3,326.3,0,17420,0
FINNIFTY30DEC2527400CE.NFO,2025-12-24,12:38:00,2025-12-30,326.3,326.3,326.3,326.3,0,17420,0
FINNIFTY30DEC2527400CE.NFO,2025-12-24,12:39:00,2025-12-30,326.3,326.3,326.3,326.3,0,17420,0
FINNIFTY30DEC2527400CE.NFO,2025-12-24,12:40:00,2025-12-30,326.3,326.3,326.3,326.3,0,17420,0
FINNIFTY30DEC2527400CE.NFO,2025-12-24,12:41:00,2025-12-30,326.3,326.3,315.0,315.0,65,17160,0
FINNIFTY30DEC2527400CE.NFO,2025-12-24,12:42:00,2025-12-30,315.0,315.0,315.0,315.0,0,17160,0
FINNIFTY30DEC2527400CE.NFO,2025-12-24,12:43:00,2025-12-30,315.0,315.0,315.0,315.0,0,17160,0
FINNIFTY30DEC2527400CE.NFO,2025-12-24,12:44:00,2025-12-30,315.0,315.0,315.0,315.0,0,17160,0
FINNIFTY30DEC2527400CE.NFO,2025-12-24,12:45:00,2025-12-30,315.0,315.0,315.0,315.0,0,17160,0
FINNIFTY30DEC2527400CE.NFO,2025-12-24,12:46:00,2025-12-30,315.0,315.0,315.0,315.0,0,17160,0
FINNIFTY30DEC2527400CE.NFO,2025-12-24,12:47:00,2025-12-30,315.0,315.0,315.0,315.0,0,17160,0
FINNIFTY30DEC2527400CE.NFO,2025-12-24,12:48:00,2025-12-30,315.0,315.0,314.8,314.8,325,17225,0
FINNIFTY30DEC2527400CE.NFO,2025-12-24,12:49:00,2025-12-30,314.8,314.8,314.8,314.8,0,17225,0
FINNIFTY30DEC2527400CE.NFO,2025-12-24,12:50:00,2025-12-30,314.8,314.8,314.8,314.8,0,17225,0
FINNIFTY30DEC2527400CE.NFO,2025-12-24,12:51:00,2025-12-30,314.8,314.8,314.8,314.8,0,17225,0
FINNIFTY30DEC2527400CE.NFO,2025-12-24,12:52:00,2025-12-30,314.8,314.8,314.8,314.8,0,17225,0
FINNIFTY30DEC2527400CE.NFO,2025-12-24,12:53:00,2025-12-30,314.8,314.8,314.8,314.8,0,17225,0
FINNIFTY30DEC2527400CE.NFO,2025-12-24,12:54:00,2025-12-30,314.8,314.8,314.8,314.8,0,17225,0
FINNIFTY30DEC2527400CE.NFO,2025-12-24,12:55:00,2025-12-30,314.8,314.8,314.8,314.8,0,17225,0
FINNIFTY30DEC2527400CE.NFO,2025-12-24,12:56:00,2025-12-30,314.8,314.8,314.8,314.8,0,17225,0
FINNIFTY30DEC2527400CE.NFO,2025-12-24,12:57:00,2025-12-30,314.8,314.8,314.8,314.8,0,17225,0
FINNIFTY30DEC2527400CE.NFO,2025-12-24,12:58:00,2025-12-30,314.8,314.8,314.8,314.8,0,17225,0
FINNIFTY30DEC2527400CE.NFO,2025-12-24,12:59:00,2025-12-30,314.8,314.8,314.8,314.8,0,17225,0
FINNIFTY30DEC2527400CE.NFO,2025-12-24,13:00:00,2025-12-30,314.8,314.8,314.8,314.8,0,17225,0
FINNIFTY30DEC2527400CE.NFO,2025-12-24,13:01:00,2025-12-30,314.8,314.8,298.0,298.0,65,17355,0
FINNIFTY30DEC2527400CE.NFO,2025-12-24,13:02:00,2025-12-30,298.0,298.0,298.0,298.0,0,17355,0
FINNIFTY30DEC2527400CE.NFO,2025-12-24,13:03:00,2025-12-30,298.0,298.0,298.0,298.0,0,17355,0
FINNIFTY30DEC2527400CE.NFO,2025-12-24,13:04:00,2025-12-30,298.0,298.0,298.0,298.0,0,17355,0
FINNIFTY30DEC2527400CE.NFO,2025-12-24,13:05:00,2025-12-30,298.0,298.0,298.0,298.0,0,17355,0
FINNIFTY30DEC2527400CE.NFO,2025-12-24,13:06:00,2025-12-30,298.0,298.0,281.35,281.35,130,17420,0
FINNIFTY30DEC2527400CE.NFO,2025-12-24,13:07:00,2025-12-30,281.35,285.25,281.35,285.25,455,17420,0
FINNIFTY30DEC2527400CE.NFO,2025-12-24,13:08:00,2025-12-30,285.25,285.25,277.35,277.35,325,17485,0
FINNIFTY30DEC2527400CE.NFO,2025-12-24,13:09:00,2025-12-30,277.35,277.35,277.35,277.35,0,17485,0
FINNIFTY30DEC2527400CE.NFO,2025-12-24,13:10:00,2025-12-30,277.35,277.35,272.0,272.0,195,17485,0
FINNIFTY30DEC2527400CE.NFO,2025-12-24,13:11:00,2025-12-30,272.0,276.85,272.0,276.85,65,17485,0
FINNIFTY30DEC2527400CE.NFO,2025-12-24,13:12:00,2025-12-30,276.85,276.85,276.85,276.85,0,17485,0
FINNIFTY30DEC2527400CE.NFO,2025-12-24,13:13:00,2025-12-30,276.85,276.85,276.85,276.85,0,17485,0
FINNIFTY30DEC2527400CE.NFO,2025-12-24,13:14:00,2025-12-30,276.85,276.85,272.65,272.65,195,17615,0
FINNIFTY30DEC2527400CE.NFO,2025-12-24,13:15:00,2025-12-30,272.65,272.65,272.65,272.65,0,17615,0
FINNIFTY30DEC2527400CE.NFO,2025-12-24,13:16:00,2025-12-30,272.65,272.65,272.65,272.65,0,17615,0
FINNIFTY30DEC2527400CE.NFO,2025-12-24,13:17:00,2025-12-30,272.65,272.65,272.65,272.65,0,17615,0
FINNIFTY30DEC2527400CE.NFO,2025-12-24,13:18:00,2025-12-30,272.65,272.65,272.65,272.65,0,17615,0
FINNIFTY30DEC2527400CE.NFO,2025-12-24,13:19:00,2025-12-30,272.65,272.65,272.65,272.65,0,17615,0
FINNIFTY30DEC2527400CE.NFO,2025-12-24,13:20:00,2025-12-30,272.65,272.65,272.65,272.65,0,17615,0
FINNIFTY30DEC2527400CE.NFO,2025-12-24,13:21:00,2025-12-30,272.65,272.65,272.65,272.65,0,17615,0
FINNIFTY30DEC2527400CE.NFO,2025-12-24,13:22:00,2025-12-30,272.65,272.65,272.65,272.65,0,17615,0
FINNIFTY30DEC2527400CE.NFO,2025-12-24,13:23:00,2025-12-30,272.65,272.65,270.0,270.0,65,17485,0
FINNIFTY30DEC2527400CE.NFO,2025-12-24,13:24:00,2025-12-30,270.0,270.0,270.0,270.0,0,17485,0
FINNIFTY30DEC2527400CE.NFO,2025-12-24,13:25:00,2025-12-30,270.0,270.0,270.0,270.0,0,17485,0
FINNIFTY30DEC2527400CE.NFO,2025-12-24,13:26:00,2025-12-30,270.0,272.7,270.0,272.7,65,17485,0
FINNIFTY30DEC2527400CE.NFO,2025-12-24,13:27:00,2025-12-30,272.7,272.7,269.75,269.75,65,17485,0
FINNIFTY30DEC2527400CE.NFO,2025-12-24,13:28:00,2025-12-30,269.75,269.75,269.75,269.75,0,17485,0
FINNIFTY30DEC2527400CE.NFO,2025-12-24,13:29:00,2025-12-30,269.75,269.75,269.75,269.75,0,17485,0
FINNIFTY30DEC2527400CE.NFO,2025-12-24,13:30:00,2025-12-30,269.75,269.75,269.75,269.75,0,17485,0
FINNIFTY30DEC2527400CE.NFO,2025-12-24,13:31:00,2025-12-30,269.75,269.75,269.75,269.75,0,17485,0
FINNIFTY30DEC2527400CE.NFO,2025-12-24,13:32:00,2025-12-30,269.75,269.75,245.55,245.55,130,17615,0
FINNIFTY30DEC2527400CE.NFO,2025-12-24,13:33:00,2025-12-30,245.55,246.8,245.55,246.8,130,17615,0
FINNIFTY30DEC2527400CE.NFO,2025-12-24,13:34:00,2025-12-30,246.8,252.0,246.8,250.5,715,17615,0
FINNIFTY30DEC2527400CE.NFO,2025-12-24,13:35:00,2025-12-30,250.5,250.5,250.5,250.5,0,17615,0
FINNIFTY30DEC2527400CE.NFO,2025-12-24,13:36:00,2025-12-30,250.5,250.5,250.5,250.5,0,17615,0
FINNIFTY30DEC2527400CE.NFO,2025-12-24,13:37:00,2025-12-30,250.5,250.5,250.5,250.5,0,17615,0
FINNIFTY30DEC2527400CE.NFO,2025-12-24,13:38:00,2025-12-30,250.5,250.5,250.0,250.0,65,18200,0
FINNIFTY30DEC2527400CE.NFO,2025-12-24,13:39:00,2025-12-30,250.0,250.0,250.0,250.0,0,18200,0
FINNIFTY30DEC2527400CE.NFO,2025-12-24,13:40:00,2025-12-30,250.0,250.0,250.0,250.0,0,18200,0
FINNIFTY30DEC2527400CE.NFO,2025-12-24,13:41:00,2025-12-30,250.0,250.0,250.0,250.0,0,18200,0
FINNIFTY30DEC2527400CE.NFO,2025-12-24,13:42:00,2025-12-30,250.0,250.0,250.0,250.0,0,18200,0
FINNIFTY30DEC2527400CE.NFO,2025-12-24,13:43:00,2025-12-30,250.0,250.0,241.35,241.35,195,18265,0
FINNIFTY30DEC2527400CE.NFO,2025-12-24,13:44:00,2025-12-30,241.35,241.35,241.35,241.35,0,18265,0
FINNIFTY30DEC2527400CE.NFO,2025-12-24,13:45:00,2025-12-30,241.35,241.35,241.35,241.35,0,18265,0
FINNIFTY30DEC2527400CE.NFO,2025-12-24,13:46:00,2025-12-30,241.35,241.35,241.35,241.35,0,18265,0
FINNIFTY30DEC2527400CE.NFO,2025-12-24,13:47:00,2025-12-30,241.35,241.35,241.35,241.35,0,18265,0
FINNIFTY30DEC2527400CE.NFO,2025-12-24,13:48:00,2025-12-30,241.35,241.35,241.35,241.35,0,18265,0
FINNIFTY30DEC2527400CE.NFO,2025-12-24,13:49:00,2025-12-30,241.35,241.35,241.35,241.35,0,18265,0
FINNIFTY30DEC2527400CE.NFO,2025-12-24,13:50:00,2025-12-30,241.35,241.35,241.35,241.35,0,18265,0
FINNIFTY30DEC2527400CE.NFO,2025-12-24,13:51:00,2025-12-30,241.35,241.35,241.35,241.35,0,18265,0
FINNIFTY30DEC2527400CE.NFO,2025-12-24,13:52:00,2025-12-30,241.35,241.35,241.35,241.35,0,18265,0
FINNIFTY30DEC2527400CE.NFO,2025-12-24,13:53:00,2025-12-30,241.35,255.0,241.35,254.0,715,18070,0
FINNIFTY30DEC2527400CE.NFO,2025-12-24,13:54:00,2025-12-30,254.0,258.0,254.0,258.0,195,18070,0
FINNIFTY30DEC2527400CE.NFO,2025-12-24,13:55:00,2025-12-30,258.0,258.0,258.0,258.0,0,18070,0
FINNIFTY30DEC2527400CE.NFO,2025-12-24,13:56:00,2025-12-30,258.0,258.0,258.0,258.0,0,18070,0
FINNIFTY30DEC2527400CE.NFO,2025-12-24,13:57:00,2025-12-30,258.0,258.0,258.0,258.0,0,18070,0
FINNIFTY30DEC2527400CE.NFO,2025-12-24,13:58:00,2025-12-30,258.0,258.0,258.0,258.0,0,18070,0
FINNIFTY30DEC2527400CE.NFO,2025-12-24,13:59:00,2025-12-30,258.0,258.0,258.0,258.0,0,18070,0
FINNIFTY30DEC2527400CE.NFO,2025-12-24,14:00:00,2025-12-30,258.0,258.0,241.0,241.0,65,17550,0
FINNIFTY30DEC2527400CE.NFO,2025-12-24,14:01:00,2025-12-30,241.0,241.0,241.0,241.0,0,17550,0
FINNIFTY30DEC2527400CE.NFO,2025-12-24,14:02:00,2025-12-30,241.0,241.0,241.0,241.0,0,17550,0
FINNIFTY30DEC2527400CE.NFO,2025-12-24,14:03:00,2025-12-30,241.0,241.0,241.0,241.0,0,17550,0
FINNIFTY30DEC2527400CE.NFO,2025-12-24,14:04:00,2025-12-30,241.0,241.0,241.0,241.0,0,17550,0
FINNIFTY30DEC2527400CE.NFO,2025-12-24,14:05:00,2025-12-30,241.0,241.0,241.0,241.0,0,17550,0
FINNIFTY30DEC2527400CE.NFO,2025-12-24,14:06:00,2025-12-30,241.0,248.55,241.0,247.95,130,17615,0
FINNIFTY30DEC2527400CE.NFO,2025-12-24,14:07:00,2025-12-30,247.95,247.95,247.95,247.95,0,17615,0
FINNIFTY30DEC2527400CE.NFO,2025-12-24,14:08:00,2025-12-30,247.95,247.95,241.8,241.8,130,17615,0
FINNIFTY30DEC2527400CE.NFO,2025-12-24,14:09:00,2025-12-30,241.8,241.8,241.8,241.8,0,17615,0
FINNIFTY30DEC2527400CE.NFO,2025-12-24,14:10:00,2025-12-30,241.8,241.8,241.8,241.8,0,17615,0
FINNIFTY30DEC2527400CE.NFO,2025-12-24,14:11:00,2025-12-30,241.8,241.8,241.8,241.8,0,17615,0
FINNIFTY30DEC2527400CE.NFO,2025-12-24,14:12:00,2025-12-30,241.8,241.8,241.8,241.8,0,17615,0
FINNIFTY30DEC2527400CE.NFO,2025-12-24,14:13:00,2025-12-30,241.8,241.8,241.8,241.8,0,17615,0
FINNIFTY30DEC2527400CE.NFO,2025-12-24,14:14:00,2025-12-30,241.8,246.8,241.8,246.8,260,17615,0
FINNIFTY30DEC2527400CE.NFO,2025-12-24,14:15:00,2025-12-30,246.8,246.8,246.8,246.8,0,17615,0
FINNIFTY30DEC2527400CE.NFO,2025-12-24,14:16:00,2025-12-30,246.8,246.8,246.8,246.8,0,17615,0
FINNIFTY30DEC2527400CE.NFO,2025-12-24,14:17:00,2025-12-30,246.8,246.8,246.8,246.8,0,17615,0
FINNIFTY30DEC2527400CE.NFO,2025-12-24,14:18:00,2025-12-30,246.8,246.8,246.8,246.8,0,17615,0
FINNIFTY30DEC2527400CE.NFO,2025-12-24,14:19:00,2025-12-30,246.8,246.8,246.8,246.8,0,17615,0
FINNIFTY30DEC2527400CE.NFO,2025-12-24,14:20:00,2025-12-30,246.8,246.8,246.8,246.8,0,17615,0
FINNIFTY30DEC2527400CE.NFO,2025-12-24,14:21:00,2025-12-30,246.8,246.8,246.8,246.8,0,17615,0
FINNIFTY30DEC2527400CE.NFO,2025-12-24,14:22:00,2025-12-30,246.8,246.8,246.8,246.8,0,17615,0
FINNIFTY30DEC2527400CE.NFO,2025-12-24,14:23:00,2025-12-30,246.8,246.8,246.8,246.8,0,17615,0
FINNIFTY30DEC2527400CE.NFO,2025-12-24,14:24:00,2025-12-30,246.8,246.8,246.8,246.8,0,17615,0
FINNIFTY30DEC2527400CE.NFO,2025-12-24,14:25:00,2025-12-30,246.8,246.8,246.8,246.8,0,17615,0
FINNIFTY30DEC2527400CE.NFO,2025-12-24,14:26:00,2025-12-30,246.8,246.8,246.8,246.8,0,17615,0
FINNIFTY30DEC2527400CE.NFO,2025-12-24,14:27:00,2025-12-30,246.8,246.8,232.85,232.85,65,17875,0
FINNIFTY30DEC2527400CE.NFO,2025-12-24,14:28:00,2025-12-30,232.85,232.85,232.85,232.85,0,17875,0
FINNIFTY30DEC2527400CE.NFO,2025-12-24,14:29:00,2025-12-30,232.85,238.35,232.85,238.35,65,17875,0
FINNIFTY30DEC2527400CE.NFO,2025-12-24,14:30:00,2025-12-30,238.35,252.45,238.35,252.45,325,17810,0
FINNIFTY30DEC2527400CE.NFO,2025-12-24,14:31:00,2025-12-30,252.45,252.45,245.6,245.6,65,17810,0
FINNIFTY30DEC2527400CE.NFO,2025-12-24,14:32:00,2025-12-30,245.6,245.6,245.6,245.6,0,17810,0
FINNIFTY30DEC2527400CE.NFO,2025-12-24,14:33:00,2025-12-30,245.6,245.6,245.6,245.6,0,17810,0
FINNIFTY30DEC2527400CE.NFO,2025-12-24,14:34:00,2025-12-30,245.6,245.6,245.6,245.6,0,17810,0
FINNIFTY30DEC2527400CE.NFO,2025-12-24,14:35:00,2025-12-30,245.6,245.6,245.6,245.6,0,17810,0
FINNIFTY30DEC2527400CE.NFO,2025-12-24,14:36:00,2025-12-30,245.6,245.6,245.6,245.6,0,17810,0
FINNIFTY30DEC2527400CE.NFO,2025-12-24,14:37:00,2025-12-30,245.6,245.6,245.6,245.6,0,17810,0
FINNIFTY30DEC2527400CE.NFO,2025-12-24,14:38:00,2025-12-30,245.6,245.6,245.6,245.6,0,17810,0
FINNIFTY30DEC2527400CE.NFO,2025-12-24,14:39:00,2025-12-30,245.6,245.6,245.6,245.6,0,17810,0
FINNIFTY30DEC2527400CE.NFO,2025-12-24,14:40:00,2025-12-30,245.6,245.6,245.6,245.6,0,17810,0
FINNIFTY30DEC2527400CE.NFO,2025-12-24,14:41:00,2025-12-30,245.6,245.6,245.6,245.6,0,17810,0
FINNIFTY30DEC2527400CE.NFO,2025-12-24,14:42:00,2025-12-30,245.6,245.6,245.6,245.6,0,17810,0
FINNIFTY30DEC2527400CE.NFO,2025-12-24,14:43:00,2025-12-30,245.6,245.6,245.6,245.6,0,17810,0
FINNIFTY30DEC2527400CE.NFO,2025-12-24,14:44:00,2025-12-30,245.6,245.6,245.6,245.6,0,17810,0
FINNIFTY30DEC2527400CE.NFO,2025-12-24,14:45:00,2025-12-30,245.6,245.6,245.6,245.6,0,17810,0
FINNIFTY30DEC2527400CE.NFO,2025-12-24,14:46:00,2025-12-30,245.6,245.6,245.6,245.6,0,17810,0
FINNIFTY30DEC2527400CE.NFO,2025-12-24,14:47:00,2025-12-30,245.6,245.6,245.6,245.6,0,17810,0
FINNIFTY30DEC2527400CE.NFO,2025-12-24,14:48:00,2025-12-30,245.6,253.2,245.6,253.2,65,17745,0
FINNIFTY30DEC2527400CE.NFO,2025-12-24,14:49:00,2025-12-30,253.2,253.2,253.2,253.2,0,17745,0
FINNIFTY30DEC2527400CE.NFO,2025-12-24,14:50:00,2025-12-30,253.2,253.2,253.2,253.2,0,17745,0
FINNIFTY30DEC2527400CE.NFO,2025-12-24,14:51:00,2025-12-30,253.2,253.2,253.2,253.2,0,17745,0
FINNIFTY30DEC2527400CE.NFO,2025-12-24,14:52:00,2025-12-30,253.2,253.2,253.2,253.2,0,17745,0
FINNIFTY30DEC2527400CE.NFO,2025-12-24,14:53:00,2025-12-30,253.2,253.2,247.0,247.0,65,17745,0
FINNIFTY30DEC2527400CE.NFO,2025-12-24,14:54:00,2025-12-30,247.0,247.0,247.0,247.0,0,17745,0
FINNIFTY30DEC2527400CE.NFO,2025-12-24,14:55:00,2025-12-30,247.0,247.0,247.0,247.0,0,17745,0
FINNIFTY30DEC2527400CE.NFO,2025-12-24,14:56:00,2025-12-30,247.0,247.0,247.0,247.0,0,17745,0
FINNIFTY30DEC2527400CE.NFO,2025-12-24,14:57:00,2025-12-30,247.0,254.8,247.0,254.8,65,17810,0
FINNIFTY30DEC2527400CE.NFO,2025-12-24,14:58:00,2025-12-30,254.8,254.8,254.8,254.8,0,17810,0
FINNIFTY30DEC2527400CE.NFO,2025-12-24,14:59:00,2025-12-30,254.8,254.8,254.8,254.8,0,17810,0
FINNIFTY30DEC2527400CE.NFO,2025-12-24,15:00:00,2025-12-30,254.8,261.85,254.8,261.85,130,17875,0
FINNIFTY30DEC2527400CE.NFO,2025-12-24,15:01:00,2025-12-30,261.85,261.85,261.85,261.85,0,17875,0
FINNIFTY30DEC2527400CE.NFO,2025-12-24,15:02:00,2025-12-30,261.85,261.85,261.85,261.85,0,17875,0
FINNIFTY30DEC2527400CE.NFO,2025-12-24,15:03:00,2025-12-30,261.85,261.85,261.85,261.85,0,17875,0
FINNIFTY30DEC2527400CE.NFO,2025-12-24,15:04:00,2025-12-30,261.85,261.85,261.85,261.85,0,17875,0
FINNIFTY30DEC2527400CE.NFO,2025-12-24,15:05:00,2025-12-30,261.85,261.85,261.85,261.85,0,17875,0
FINNIFTY30DEC2527400CE.NFO,2025-12-24,15:06:00,2025-12-30,261.85,261.85,261.85,261.85,0,17875,0
FINNIFTY30DEC2527400CE.NFO,2025-12-24,15:07:00,2025-12-30,261.85,261.85,261.85,261.85,0,17875,0
FINNIFTY30DEC2527400CE.NFO,2025-12-24,15:08:00,2025-12-30,261.85,261.85,250.95,250.95,65,17875,0
FINNIFTY30DEC2527400CE.NFO,2025-12-24,15:09:00,2025-12-30,250.95,250.95,250.95,250.95,0,17875,0
FINNIFTY30DEC2527400CE.NFO,2025-12-24,15:10:00,2025-12-30,250.95,250.95,250.95,250.95,0,17875,0
FINNIFTY30DEC2527400CE.NFO,2025-12-24,15:11:00,2025-12-30,250.95,250.95,250.95,250.95,0,17875,0
FINNIFTY30DEC2527400CE.NFO,2025-12-24,15:12:00,2025-12-30,250.95,250.95,250.95,250.95,0,17875,0
FINNIFTY30DEC2527400CE.NFO,2025-12-24,15:13:00,2025-12-30,250.95,250.95,250.95,250.95,0,17875,0
FINNIFTY30DEC2527400CE.NFO,2025-12-24,15:14:00,2025-12-30,250.95,250.95,250.95,250.95,0,17875,0
FINNIFTY30DEC2527400CE.NFO,2025-12-24,15:15:00,2025-12-30,250.95,250.95,250.95,250.95,65,17810,0
FINNIFTY30DEC2527400CE.NFO,2025-12-24,15:16:00,2025-12-30,250.95,250.95,250.95,250.95,0,17810,0
FINNIFTY30DEC2527400CE.NFO,2025-12-24,15:17:00,2025-12-30,250.95,250.95,250.95,250.95,0,17810,0
FINNIFTY30DEC2527400CE.NFO,2025-12-24,15:18:00,2025-12-30,250.95,250.95,250.95,250.95,0,17810,0
FINNIFTY30DEC2527400CE.NFO,2025-12-24,15:19:00,2025-12-30,250.95,250.95,250.95,250.95,0,17810,0
FINNIFTY30DEC2527400CE.NFO,2025-12-24,15:20:00,2025-12-30,250.95,250.95,250.95,250.95,0,17810,0
FINNIFTY30DEC2527400CE.NFO,2025-12-24,15:21:00,2025-12-30,250.95,250.95,250.95,250.95,0,17810,0
FINNIFTY30DEC2527400CE.NFO,2025-12-24,15:22:00,2025-12-30,250.95,250.95,250.95,250.95,0,17810,0
FINNIFTY30DEC2527400CE.NFO,2025-12-24,15:23:00,2025-12-30,250.95,250.95,250.95,250.95,0,17810,0
FINNIFTY30DEC2527400CE.NFO,2025-12-24,15:24:00,2025-12-30,250.95,250.95,250.95,250.95,0,17810,0
FINNIFTY30DEC2527400CE.NFO,2025-12-24,15:25:00,2025-12-30,250.95,250.95,228.65,228.65,130,17810,0
FINNIFTY30DEC2527400CE.NFO,2025-12-24,15:26:00,2025-12-30,228.65,228.65,228.65,228.65,0,17810,0
FINNIFTY30DEC2527400CE.NFO,2025-12-24,15:27:00,2025-12-30,228.65,228.65,228.65,228.65,0,17810,0
FINNIFTY30DEC2527400CE.NFO,2025-12-24,15:28:00,2025-12-30,228.65,228.65,218.8,222.2,130,17680,0
FINNIFTY30DEC2527400CE.NFO,2025-12-24,15:29:00,2025-12-30,222.2,222.2,222.2,222.2,0,17680,0
FINNIFTY30DEC2527400CE.NFO,2025-12-24,15:30:00,2025-12-30,222.2,222.2,222.2,222.2,0,17680,1
FINNIFTY30DEC2527400CE.NFO,2025-12-26,09:15:00,2025-12-30,200.0,200.0,200.0,200.0,0,17615,0
FINNIFTY30DEC2527400CE.NFO,2025-12-26,09:16:00,2025-12-30,200.0,204.9,187.5,203.9,650,17810,0
FINNIFTY30DEC2527400CE.NFO,2025-12-26,09:17:00,2025-12-30,196.0,200.5,192.85,192.85,1040,17810,0
FINNIFTY30DEC2527400CE.NFO,2025-12-26,09:18:00,2025-12-30,192.85,192.85,192.85,192.85,0,17810,0
FINNIFTY30DEC2527400CE.NFO,2025-12-26,09:19:00,2025-12-30,203.55,203.55,190.65,190.65,585,19175,0
FINNIFTY30DEC2527400CE.NFO,2025-12-26,09:20:00,2025-12-30,190.65,190.65,186.35,190.5,1040,19175,0
FINNIFTY30DEC2527400CE.NFO,2025-12-26,09:21:00,2025-12-30,190.5,190.5,185.0,185.0,65,19175,0
FINNIFTY30DEC2527400CE.NFO,2025-12-26,09:22:00,2025-12-30,185.0,185.0,185.0,185.0,0,19175,0
FINNIFTY30DEC2527400CE.NFO,2025-12-26,09:23:00,2025-12-30,185.0,185.0,185.0,185.0,65,20020,0
FINNIFTY30DEC2527400CE.NFO,2025-12-26,09:24:00,2025-12-30,185.0,185.0,185.0,185.0,0,20020,0
FINNIFTY30DEC2527400CE.NFO,2025-12-26,09:25:00,2025-12-30,185.0,195.0,185.0,195.0,325,20020,0
FINNIFTY30DEC2527400CE.NFO,2025-12-26,09:26:00,2025-12-30,195.0,197.3,195.0,197.3,260,20020,0
FINNIFTY30DEC2527400CE.NFO,2025-12-26,09:27:00,2025-12-30,197.3,197.3,197.0,197.0,65,20020,0
FINNIFTY30DEC2527400CE.NFO,2025-12-26,09:28:00,2025-12-30,197.0,197.0,190.0,190.0,130,19890,0
FINNIFTY30DEC2527400CE.NFO,2025-12-26,09:29:00,2025-12-30,190.0,190.0,190.0,190.0,0,19890,0
FINNIFTY30DEC2527400CE.NFO,2025-12-26,09:30:00,2025-12-30,190.0,191.75,190.0,191.75,65,19890,0
FINNIFTY30DEC2527400CE.NFO,2025-12-26,09:31:00,2025-12-30,191.75,191.75,190.0,190.0,65,19890,0
FINNIFTY30DEC2527400CE.NFO,2025-12-26,09:32:00,2025-12-30,190.0,190.0,178.0,180.0,390,19955,0
FINNIFTY30DEC2527400CE.NFO,2025-12-26,09:33:00,2025-12-30,180.0,180.0,177.75,177.75,65,19955,0
FINNIFTY30DEC2527400CE.NFO,2025-12-26,09:34:00,2025-12-30,177.75,180.0,175.9,180.0,1755,21060,0
FINNIFTY30DEC2527400CE.NFO,2025-12-26,09:35:00,2025-12-30,180.0,180.0,174.0,174.0,130,21060,0
FINNIFTY30DEC2527400CE.NFO,2025-12-26,09:36:00,2025-12-30,174.0,174.95,169.75,169.75,1365,21060,0
FINNIFTY30DEC2527400CE.NFO,2025-12-26,09:37:00,2025-12-30,169.75,172.85,169.75,170.0,195,22165,0
FINNIFTY30DEC2527400CE.NFO,2025-12-26,09:38:00,2025-12-30,170.0,170.0,170.0,170.0,0,22165,0
FINNIFTY30DEC2527400CE.NFO,2025-12-26,09:39:00,2025-12-30,170.0,170.0,163.7,163.75,455,22165,0
FINNIFTY30DEC2527400CE.NFO,2025-12-26,09:40:00,2025-12-30,163.75,163.75,160.0,160.45,520,22100,0
FINNIFTY30DEC2527400CE.NFO,2025-12-26,09:41:00,2025-12-30,160.45,168.35,160.45,168.35,325,22100,0
FINNIFTY30DEC2527400CE.NFO,2025-12-26,09:42:00,2025-12-30,168.35,168.35,160.45,160.9,455,22100,0
FINNIFTY30DEC2527400CE.NFO,2025-12-26,09:43:00,2025-12-30,160.9,160.9,160.9,160.9,0,22100,0
FINNIFTY30DEC2527400CE.NFO,2025-12-26,09:44:00,2025-12-30,160.9,160.9,160.9,160.9,0,22100,0
FINNIFTY30DEC2527400CE.NFO,2025-12-26,09:45:00,2025-12-30,160.9,162.0,160.9,162.0,65,22620,0
FINNIFTY30DEC2527400CE.NFO,2025-12-26,09:46:00,2025-12-30,162.0,165.05,162.0,165.05,520,22555,0
FINNIFTY30DEC2527400CE.NFO,2025-12-26,09:47:00,2025-12-30,165.05,165.05,162.05,162.95,325,22555,0
FINNIFTY30DEC2527400CE.NFO,2025-12-26,09:48:00,2025-12-30,162.95,164.55,161.8,161.8,845,22555,0
FINNIFTY30DEC2527400CE.NFO,2025-12-26,09:49:00,2025-12-30,161.8,169.1,161.8,169.1,390,22425,0
FINNIFTY30DEC2527400CE.NFO,2025-12-26,09:50:00,2025-12-30,169.1,169.1,167.05,167.05,260,22425,0
FINNIFTY30DEC2527400CE.NFO,2025-12-26,09:51:00,2025-12-30,167.05,167.05,162.6,162.6,0,22425,0
FINNIFTY30DEC2527400CE.NFO,2025-12-26,09:52:00,2025-12-30,162.6,162.6,162.6,162.6,390,22425,0
FINNIFTY30DEC2527400CE.NFO,2025-12-26,09:53:00,2025-12-30,162.6,163.1,160.0,162.45,650,21840,0
FINNIFTY30DEC2527400CE.NFO,2025-12-26,09:54:00,2025-12-30,162.45,162.45,162.45,162.45,0,21840,0
FINNIFTY30DEC2527400CE.NFO,2025-12-26,09:55:00,2025-12-30,162.45,165.0,162.45,165.0,195,21840,0
FINNIFTY30DEC2527400CE.NFO,2025-12-26,09:56:00,2025-12-30,165.0,165.0,165.0,165.0,0,21840,0
FINNIFTY30DEC2527400CE.NFO,2025-12-26,09:57:00,2025-12-30,165.0,165.0,165.0,165.0,0,21840,0
FINNIFTY30DEC2527400CE.NFO,2025-12-26,09:58:00,2025-12-30,165.0,168.2,165.0,167.75,195,21645,0
FINNIFTY30DEC2527400CE.NFO,2025-12-26,09:59:00,2025-12-30,167.75,170.25,167.75,170.0,1365,21645,0
FINNIFTY30DEC2527400CE.NFO,2025-12-26,10:00:00,2025-12-30,170.0,170.0,168.7,168.7,65,21645,0
FINNIFTY30DEC2527400CE.NFO,2025-12-26,10:01:00,2025-12-30,168.7,168.7,168.7,168.7,0,21645,0
FINNIFTY30DEC2527400CE.NFO,2025-12-26,10:02:00,2025-12-30,168.7,168.7,158.0,158.0,520,22750,0
FINNIFTY30DEC2527400CE.NFO,2025-12-26,10:03:00,2025-12-30,158.0,161.9,158.0,161.9,130,22750,0
FINNIFTY30DEC2527400CE.NFO,2025-12-26,10:04:00,2025-12-30,161.9,170.25,161.9,170.25,65,22620,0
FINNIFTY30DEC2527400CE.NFO,2025-12-26,10:05:00,2025-12-30,170.25,170.3,170.2,170.2,195,22620,0
FINNIFTY30DEC2527400CE.NFO,2025-12-26,10:06:00,2025-12-30,170.2,170.2,170.2,170.2,0,22620,0
FINNIFTY30DEC2527400CE.NFO,2025-12-26,10:07:00,2025-12-30,170.2,170.2,170.2,170.2,0,22620,0
FINNIFTY30DEC2527400CE.NFO,2025-12-26,10:08:00,2025-12-30,170.2,172.9,170.2,172.9,260,22620,0
FINNIFTY30DEC2527400CE.NFO,2025-12-26,10:09:00,2025-12-30,172.9,172.9,172.9,172.9,0,22620,0
FINNIFTY30DEC2527400CE.NFO,2025-12-26,10:10:00,2025-12-30,172.9,172.9,164.95,164.95,130,22815,0
FINNIFTY30DEC2527400CE.NFO,2025-12-26,10:11:00,2025-12-30,164.95,168.65,163.0,168.25,1105,22815,0
FINNIFTY30DEC2527400CE.NFO,2025-12-26,10:12:00,2025-12-30,168.25,168.25,167.7,167.7,130,22815,0
FINNIFTY30DEC2527400CE.NFO,2025-12-26,10:13:00,2025-12-30,167.7,167.7,167.6,167.6,130,23595,0
FINNIFTY30DEC2527400CE.NFO,2025-12-26,10:14:00,2025-12-30,167.6,167.6,163.85,163.85,0,23595,0
FINNIFTY30DEC2527400CE.NFO,2025-12-26,10:15:00,2025-12-30,163.85,163.85,163.0,163.0,130,23595,0
FINNIFTY30DEC2527400CE.NFO,2025-12-26,10:16:00,2025-12-30,163.0,163.0,163.0,163.0,0,23595,0
FINNIFTY30DEC2527400CE.NFO,2025-12-26,10:17:00,2025-12-30,163.0,163.0,163.0,163.0,0,23595,0
FINNIFTY30DEC2527400CE.NFO,2025-12-26,10:18:00,2025-12-30,163.0,165.15,163.0,165.15,325,23790,0
FINNIFTY30DEC2527400CE.NFO,2025-12-26,10:19:00,2025-12-30,165.15,165.15,165.0,165.0,65,24115,0
FINNIFTY30DEC2527400CE.NFO,2025-12-26,10:20:00,2025-12-30,165.0,165.0,163.0,163.0,65,24115,0
FINNIFTY30DEC2527400CE.NFO,2025-12-26,10:21:00,2025-12-30,163.0,163.0,163.0,163.0,0,24115,0
FINNIFTY30DEC2527400CE.NFO,2025-12-26,10:22:00,2025-12-30,163.0,163.0,160.65,160.65,65,24180,0
FINNIFTY30DEC2527400CE.NFO,2025-12-26,10:23:00,2025-12-30,160.65,160.65,157.0,158.3,390,24180,0
FINNIFTY30DEC2527400CE.NFO,2025-12-26,10:24:00,2025-12-30,158.3,158.3,158.3,158.3,0,24180,0
FINNIFTY30DEC2527400CE.NFO,2025-12-26,10:25:00,2025-12-30,158.3,158.3,158.3,158.3,0,24180,0
FINNIFTY30DEC2527400CE.NFO,2025-12-26,10:26:00,2025-12-30,158.3,158.3,158.3,158.3,0,24180,0
FINNIFTY30DEC2527400CE.NFO,2025-12-26,10:27:00,2025-12-30,158.3,158.3,158.3,158.3,0,24180,0
FINNIFTY30DEC2527400CE.NFO,2025-12-26,10:28:00,2025-12-30,158.3,165.0,158.3,165.0,195,24245,0
FINNIFTY30DEC2527400CE.NFO,2025-12-26,10:29:00,2025-12-30,165.0,168.85,165.0,168.85,195,24245,0
FINNIFTY30DEC2527400CE.NFO,2025-12-26,10:30:00,2025-12-30,168.85,170.45,165.4,165.4,2275,24245,0
FINNIFTY30DEC2527400CE.NFO,2025-12-26,10:31:00,2025-12-30,165.4,166.3,165.4,166.3,130,24245,0
FINNIFTY30DEC2527400CE.NFO,2025-12-26,10:32:00,2025-12-30,166.3,168.0,165.55,165.55,130,25610,0
FINNIFTY30DEC2527400CE.NFO,2025-12-26,10:33:00,2025-12-30,165.55,165.55,165.55,165.55,0,25610,0
FINNIFTY30DEC2527400CE.NFO,2025-12-26,10:34:00,2025-12-30,165.55,165.55,165.55,165.55,0,25610,0
FINNIFTY30DEC2527400CE.NFO,2025-12-26,10:35:00,2025-12-30,165.55,165.55,165.55,165.55,0,25610,0
FINNIFTY30DEC2527400CE.NFO,2025-12-26,10:36:00,2025-12-30,165.55,165.55,165.55,165.55,0,25610,0
FINNIFTY30DEC2527400CE.NFO,2025-12-26,10:37:00,2025-12-30,165.55,168.75,165.55,168.75,585,25675,0
FINNIFTY30DEC2527400CE.NFO,2025-12-26,10:38:00,2025-12-30,168.75,168.75,165.9,165.9,455,25675,0
FINNIFTY30DEC2527400CE.NFO,2025-12-26,10:39:00,2025-12-30,165.9,169.0,165.9,169.0,130,25675,0
FINNIFTY30DEC2527400CE.NFO,2025-12-26,10:40:00,2025-12-30,169.0,174.0,169.0,174.0,520,25480,0
FINNIFTY30DEC2527400CE.NFO,2025-12-26,10:41:00,2025-12-30,174.0,174.0,170.0,170.5,390,25480,0
FINNIFTY30DEC2527400CE.NFO,2025-12-26,10:42:00,2025-12-30,170.5,175.9,170.5,174.55,260,25480,0
FINNIFTY30DEC2527400CE.NFO,2025-12-26,10:43:00,2025-12-30,174.55,175.55,174.4,174.4,260,25480,0
FINNIFTY30DEC2527400CE.NFO,2025-12-26,10:44:00,2025-12-30,174.4,174.4,172.0,172.0,130,25805,0
FINNIFTY30DEC2527400CE.NFO,2025-12-26,10:45:00,2025-12-30,172.0,172.0,172.0,172.0,0,25805,0
FINNIFTY30DEC2527400CE.NFO,2025-12-26,10:46:00,2025-12-30,172.0,172.0,172.0,172.0,0,25805,0
FINNIFTY30DEC2527400CE.NFO,2025-12-26,10:47:00,2025-12-30,172.0,172.0,170.15,170.15,65,25675,0
FINNIFTY30DEC2527400CE.NFO,2025-12-26,10:48:00,2025-12-30,170.15,170.15,170.15,170.15,0,25675,0
FINNIFTY30DEC2527400CE.NFO,2025-12-26,10:49:00,2025-12-30,170.15,170.15,164.9,164.9,130,25675,0
FINNIFTY30DEC2527400CE.NFO,2025-12-26,10:50:00,2025-12-30,164.9,167.25,164.9,167.25,65,25805,0
FINNIFTY30DEC2527400CE.NFO,2025-12-26,10:51:00,2025-12-30,167.25,167.25,167.25,167.25,0,25805,0
FINNIFTY30DEC2527400CE.NFO,2025-12-26,10:52:00,2025-12-30,167.25,169.35,167.25,169.35,65,25805,0
FINNIFTY30DEC2527400CE.NFO,2025-12-26,10:53:00,2025-12-30,169.35,169.4,169.35,169.4,65,25935,0
FINNIFTY30DEC2527400CE.NFO,2025-12-26,10:54:00,2025-12-30,169.4,169.4,169.4,169.4,0,25935,0
FINNIFTY30DEC2527400CE.NFO,2025-12-26,10:55:00,2025-12-30,169.4,169.4,169.4,169.4,0,25935,0
FINNIFTY30DEC2527400CE.NFO,2025-12-26,10:56:00,2025-12-30,169.4,169.4,165.0,165.0,65,26000,0
FINNIFTY30DEC2527400CE.NFO,2025-12-26,10:57:00,2025-12-30,165.0,168.05,165.0,168.05,325,26000,0
FINNIFTY30DEC2527400CE.NFO,2025-12-26,10:58:00,2025-12-30,168.05,168.05,165.0,165.0,195,26000,0
FINNIFTY30DEC2527400CE.NFO,2025-12-26,10:59:00,2025-12-30,165.0,165.0,165.0,165.0,0,26000,0
FINNIFTY30DEC2527400CE.NFO,2025-12-26,11:00:00,2025-12-30,165.0,165.0,165.0,165.0,0,26000,0
FINNIFTY30DEC2527400CE.NFO,2025-12-26,11:01:00,2025-12-30,165.0,170.0,165.0,170.0,65,26065,0
FINNIFTY30DEC2527400CE.NFO,2025-12-26,11:02:00,2025-12-30,170.0,170.0,170.0,170.0,0,26065,0
FINNIFTY30DEC2527400CE.NFO,2025-12-26,11:03:00,2025-12-30,170.0,170.0,170.0,170.0,0,26065,0
FINNIFTY30DEC2527400CE.NFO,2025-12-26,11:04:00,2025-12-30,170.0,170.0,170.0,170.0,0,26065,0
FINNIFTY30DEC2527400CE.NFO,2025-12-26,11:05:00,2025-12-30,170.0,170.0,170.0,170.0,0,26065,0
FINNIFTY30DEC2527400CE.NFO,2025-12-26,11:06:00,2025-12-30,170.0,170.0,170.0,170.0,0,26065,0
FINNIFTY30DEC2527400CE.NFO,2025-12-26,11:07:00,2025-12-30,170.0,170.0,170.0,170.0,0,26065,0
FINNIFTY30DEC2527400CE.NFO,2025-12-26,11:08:00,2025-12-30,170.0,170.0,159.3,162.75,195,26000,0
FINNIFTY30DEC2527400CE.NFO,2025-12-26,11:09:00,2025-12-30,162.75,163.8,161.8,161.8,195,26000,0
FINNIFTY30DEC2527400CE.NFO,2025-12-26,11:10:00,2025-12-30,161.8,161.8,161.8,161.8,0,26000,0
FINNIFTY30DEC2527400CE.NFO,2025-12-26,11:11:00,2025-12-30,161.8,161.8,161.0,161.0,65,25935,0
FINNIFTY30DEC2527400CE.NFO,2025-12-26,11:12:00,2025-12-30,161.0,161.0,159.45,159.65,195,25935,0
FINNIFTY30DEC2527400CE.NFO,2025-12-26,11:13:00,2025-12-30,159.65,159.65,157.95,158.3,325,26000,0
FINNIFTY30DEC2527400CE.NFO,2025-12-26,11:14:00,2025-12-30,158.3,158.3,158.3,158.3,0,26000,0
FINNIFTY30DEC2527400CE.NFO,2025-12-26,11:15:00,2025-12-30,158.3,158.3,157.0,157.0,65,26000,0
FINNIFTY30DEC2527400CE.NFO,2025-12-26,11:16:00,2025-12-30,157.0,157.0,153.1,153.1,1105,25935,0
FINNIFTY30DEC2527400CE.NFO,2025-12-26,11:17:00,2025-12-30,153.1,155.6,152.1,155.6,910,25935,0
FINNIFTY30DEC2527400CE.NFO,2025-12-26,11:18:00,2025-12-30,155.6,155.6,155.6,155.6,0,25935,0
FINNIFTY30DEC2527400CE.NFO,2025-12-26,11:19:00,2025-12-30,155.6,155.6,155.6,155.6,0,25935,0
FINNIFTY30DEC2527400CE.NFO,2025-12-26,11:20:00,2025-12-30,155.6,155.6,154.85,154.85,325,25350,0
FINNIFTY30DEC2527400CE.NFO,2025-12-26,11:21:00,2025-12-30,154.85,155.05,154.35,154.45,390,25350,0
FINNIFTY30DEC2527400CE.NFO,2025-12-26,11:22:00,2025-12-30,154.45,154.45,154.45,154.45,0,25350,0
FINNIFTY30DEC2527400CE.NFO,2025-12-26,11:23:00,2025-12-30,154.45,156.0,154.45,156.0,130,25675,0
FINNIFTY30DEC2527400CE.NFO,2025-12-26,11:24:00,2025-12-30,156.0,156.0,156.0,156.0,0,25675,0
FINNIFTY30DEC2527400CE.NFO,2025-12-26,11:25:00,2025-12-30,156.0,156.0,156.0,156.0,0,25675,0
FINNIFTY30DEC2527400CE.NFO,2025-12-26,11:26:00,2025-12-30,156.0,156.0,156.0,156.0,0,25675,0
FINNIFTY30DEC2527400CE.NFO,2025-12-26,11:27:00,2025-12-30,156.0,156.0,156.0,156.0,0,25675,0
FINNIFTY30DEC2527400CE.NFO,2025-12-26,11:28:00,2025-12-30,156.0,159.2,156.0,159.2,65,25545,0
FINNIFTY30DEC2527400CE.NFO,2025-12-26,11:29:00,2025-12-30,159.2,159.2,159.2,159.2,0,25545,0
FINNIFTY30DEC2527400CE.NFO,2025-12-26,11:30:00,2025-12-30,159.2,159.2,155.05,155.5,130,25610,0
FINNIFTY30DEC2527400CE.NFO,2025-12-26,11:31:00,2025-12-30,155.5,155.5,155.5,155.5,0,25610,0
FINNIFTY30DEC2527400CE.NFO,2025-12-26,11:32:00,2025-12-30,155.5,155.5,144.8,144.8,845,25610,0
FINNIFTY30DEC2527400CE.NFO,2025-12-26,11:33:00,2025-12-30,144.8,147.1,141.15,144.6,1625,25610,0
FINNIFTY30DEC2527400CE.NFO,2025-12-26,11:34:00,2025-12-30,144.6,145.25,142.0,142.0,1495,25610,0
FINNIFTY30DEC2527400CE.NFO,2025-12-26,11:35:00,2025-12-30,142.0,142.0,137.75,137.75,1040,26130,0
FINNIFTY30DEC2527400CE.NFO,2025-12-26,11:36:00,2025-12-30,137.75,140.05,137.75,139.25,325,26130,0
FINNIFTY30DEC2527400CE.NFO,2025-12-26,11:37:00,2025-12-30,139.25,143.4,139.25,141.0,3445,28730,0
FINNIFTY30DEC2527400CE.NFO,2025-12-26,11:38:00,2025-12-30,141.0,141.0,139.1,139.1,325,28730,0
FINNIFTY30DEC2527400CE.NFO,2025-12-26,11:39:00,2025-12-30,139.1,139.1,139.1,139.1,0,28730,0
FINNIFTY30DEC2527400CE.NFO,2025-12-26,11:40:00,2025-12-30,139.1,140.0,139.1,140.0,195,28730,0
FINNIFTY30DEC2527400CE.NFO,2025-12-26,11:41:00,2025-12-30,140.0,141.0,138.15,140.95,845,28990,0
FINNIFTY30DEC2527400CE.NFO,2025-12-26,11:42:00,2025-12-30,140.95,140.95,140.95,140.95,0,28990,0
FINNIFTY30DEC2527400CE.NFO,2025-12-26,11:43:00,2025-12-30,140.95,140.95,140.35,140.95,260,29120,0
FINNIFTY30DEC2527400CE.NFO,2025-12-26,11:44:00,2025-12-30,140.95,142.45,140.55,140.55,325,29120,0
FINNIFTY30DEC2527400CE.NFO,2025-12-26,11:45:00,2025-12-30,140.55,140.55,140.55,140.55,0,29120,0
FINNIFTY30DEC2527400CE.NFO,2025-12-26,11:46:00,2025-12-30,140.55,140.55,140.35,140.55,195,29120,0
FINNIFTY30DEC2527400CE.NFO,2025-12-26,11:47:00,2025-12-30,140.55,140.55,138.8,139.1,520,29380,0
FINNIFTY30DEC2527400CE.NFO,2025-12-26,11:48:00,2025-12-30,139.1,140.85,139.1,139.45,845,29380,0
FINNIFTY30DEC2527400CE.NFO,2025-12-26,11:49:00,2025-12-30,139.45,140.95,139.45,140.8,325,29380,0
FINNIFTY30DEC2527400CE.NFO,2025-12-26,11:50:00,2025-12-30,140.8,140.8,139.0,139.75,910,28925,0
FINNIFTY30DEC2527400CE.NFO,2025-12-26,11:51:00,2025-12-30,139.75,141.6,139.75,141.0,520,28925,0
FINNIFTY30DEC2527400CE.NFO,2025-12-26,11:52:00,2025-12-30,141.0,141.5,140.0,141.5,130,28925,0
FINNIFTY30DEC2527400CE.NFO,2025-12-26,11:53:00,2025-12-30,141.5,141.5,138.85,138.85,390,29835,0
FINNIFTY30DEC2527400CE.NFO,2025-12-26,11:54:00,2025-12-30,138.85,139.8,138.0,138.0,780,29835,0
FINNIFTY30DEC2527400CE.NFO,2025-12-26,11:55:00,2025-12-30,138.0,138.0,135.8,136.15,2730,29835,0
FINNIFTY30DEC2527400CE.NFO,2025-12-26,11:56:00,2025-12-30,136.15,136.4,136.15,136.4,650,30095,0
FINNIFTY30DEC2527400CE.NFO,2025-12-26,11:57:00,2025-12-30,136.4,138.0,136.4,138.0,130,30095,0
FINNIFTY30DEC2527400CE.NFO,2025-12-26,11:58:00,2025-12-30,138.0,139.85,138.0,138.1,455,30095,0
FINNIFTY30DEC2527400CE.NFO,2025-12-26,11:59:00,2025-12-30,138.1,139.2,136.7,138.9,1560,29705,0
FINNIFTY30DEC2527400CE.NFO,2025-12-26,12:00:00,2025-12-30,138.9,138.9,136.5,136.55,455,29705,0
FINNIFTY30DEC2527400CE.NFO,2025-12-26,12:01:00,2025-12-30,136.55,136.55,135.0,135.0,780,30875,0
FINNIFTY30DEC2527400CE.NFO,2025-12-26,12:02:00,2025-12-30,135.0,135.0,132.95,134.0,325,30875,0
FINNIFTY30DEC2527400CE.NFO,2025-12-26,12:03:00,2025-12-30,134.0,134.15,131.7,131.7,390,30875,0
FINNIFTY30DEC2527400CE.NFO,2025-12-26,12:04:00,2025-12-30,131.7,132.1,130.5,130.5,780,31200,0
FINNIFTY30DEC2527400CE.NFO,2025-12-26,12:05:00,2025-12-30,130.5,130.5,130.25,130.25,260,31200,0
FINNIFTY30DEC2527400CE.NFO,2025-12-26,12:06:00,2025-12-30,130.25,133.45,130.25,132.0,1105,31200,0
FINNIFTY30DEC2527400CE.NFO,2025-12-26,12:07:00,2025-12-30,132.0,132.0,132.0,132.0,0,31200,0
FINNIFTY30DEC2527400CE.NFO,2025-12-26,12:08:00,2025-12-30,132.0,132.15,131.6,131.6,260,30810,0
FINNIFTY30DEC2527400CE.NFO,2025-12-26,12:09:00,2025-12-30,131.6,134.1,131.6,133.55,1625,30810,0
FINNIFTY30DEC2527400CE.NFO,2025-12-26,12:10:00,2025-12-30,133.55,133.75,132.1,132.1,2015,30810,0
FINNIFTY30DEC2527400CE.NFO,2025-12-26,12:11:00,2025-12-30,132.1,135.55,132.1,135.55,130,32370,0
FINNIFTY30DEC2527400CE.NFO,2025-12-26,12:12:00,2025-12-30,135.55,137.0,134.8,137.0,2015,32370,0
FINNIFTY30DEC2527400CE.NFO,2025-12-26,12:13:00,2025-12-30,137.0,137.0,133.1,133.1,130,32370,0
FINNIFTY30DEC2527400CE.NFO,2025-12-26,12:14:00,2025-12-30,133.1,134.1,133.1,134.1,325,33085,0
FINNIFTY30DEC2527400CE.NFO,2025-12-26,12:15:00,2025-12-30,134.1,134.1,131.7,132.2,1300,33085,0
FINNIFTY30DEC2527400CE.NFO,2025-12-26,12:16:00,2025-12-30,132.2,134.6,132.2,134.6,130,33085,0
FINNIFTY30DEC2527400CE.NFO,2025-12-26,12:17:00,2025-12-30,134.6,134.6,130.65,130.65,1560,34580,0
FINNIFTY30DEC2527400CE.NFO,2025-12-26,12:18:00,2025-12-30,130.65,132.5,130.65,132.5,65,34580,0
FINNIFTY30DEC2527400CE.NFO,2025-12-26,12:19:00,2025-12-30,132.5,132.5,132.5,132.5,0,34580,0
FINNIFTY30DEC2527400CE.NFO,2025-12-26,12:20:00,2025-12-30,132.5,132.5,132.5,132.5,0,34580,0
FINNIFTY30DEC2527400CE.NFO,2025-12-26,12:21:00,2025-12-30,132.5,132.5,130.3,130.3,65,35945,0
FINNIFTY30DEC2527400CE.NFO,2025-12-26,12:22:00,2025-12-30,131.0,131.0,126.95,126.95,2600,35945,0
FINNIFTY30DEC2527400CE.NFO,2025-12-26,12:23:00,2025-12-30,126.95,126.95,126.75,126.75,260,38155,0
FINNIFTY30DEC2527400CE.NFO,2025-12-26,12:24:00,2025-12-30,126.75,127.05,126.75,127.0,520,38155,0
FINNIFTY30DEC2527400CE.NFO,2025-12-26,12:25:00,2025-12-30,127.0,127.65,124.0,127.65,2015,38155,0
FINNIFTY30DEC2527400CE.NFO,2025-12-26,12:26:00,2025-12-30,127.65,128.85,127.65,128.7,2275,37830,0
FINNIFTY30DEC2527400CE.NFO,2025-12-26,12:27:00,2025-12-30,128.7,128.85,127.05,127.95,1495,37830,0
FINNIFTY30DEC2527400CE.NFO,2025-12-26,12:28:00,2025-12-30,127.95,127.95,125.75,125.95,650,37830,0
FINNIFTY30DEC2527400CE.NFO,2025-12-26,12:29:00,2025-12-30,125.95,127.45,125.95,126.0,1495,36920,0
FINNIFTY30DEC2527400CE.NFO,2025-12-26,12:30:00,2025-12-30,126.0,126.6,126.0,126.6,325,36920,0
FINNIFTY30DEC2527400CE.NFO,2025-12-26,12:31:00,2025-12-30,126.6,126.6,120.8,120.8,1235,36920,0
FINNIFTY30DEC2527400CE.NFO,2025-12-26,12:32:00,2025-12-30,120.8,123.25,119.9,122.9,845,38090,0
FINNIFTY30DEC2527400CE.NFO,2025-12-26,12:33:00,2025-12-30,122.9,122.9,118.65,119.7,1950,38090,0
FINNIFTY30DEC2527400CE.NFO,2025-12-26,12:34:00,2025-12-30,119.7,120.75,119.7,120.5,260,38090,0
FINNIFTY30DEC2527400CE.NFO,2025-12-26,12:35:00,2025-12-30,120.5,120.5,119.0,119.0,130,38025,0
FINNIFTY30DEC2527400CE.NFO,2025-12-26,12:36:00,2025-12-30,119.0,120.25,119.0,119.0,2730,38025,0
FINNIFTY30DEC2527400CE.NFO,2025-12-26,12:37:00,2025-12-30,119.0,119.0,118.8,119.0,195,38025,0
FINNIFTY30DEC2527400CE.NFO,2025-12-26,12:38:00,2025-12-30,119.0,119.8,117.55,119.8,390,39065,0
FINNIFTY30DEC2527400CE.NFO,2025-12-26,12:39:00,2025-12-30,119.8,121.95,118.55,118.55,1430,39065,0
FINNIFTY30DEC2527400CE.NFO,2025-12-26,12:40:00,2025-12-30,118.55,118.8,116.8,116.8,845,39065,0
FINNIFTY30DEC2527400CE.NFO,2025-12-26,12:41:00,2025-12-30,116.8,116.8,113.55,113.55,2275,39520,0
FINNIFTY30DEC2527400CE.NFO,2025-12-26,12:42:00,2025-12-30,113.55,115.7,113.55,115.7,975,39520,0
FINNIFTY30DEC2527400CE.NFO,2025-12-26,12:43:00,2025-12-30,115.7,116.0,114.0,116.0,4810,39520,0
FINNIFTY30DEC2527400CE.NFO,2025-12-26,12:44:00,2025-12-30,116.0,116.0,112.85,112.85,2275,38610,0
FINNIFTY30DEC2527400CE.NFO,2025-12-26,12:45:00,2025-12-30,112.85,114.0,112.0,113.35,2015,38610,0
FINNIFTY30DEC2527400CE.NFO,2025-12-26,12:46:00,2025-12-30,113.35,114.25,113.35,114.25,975,38610,0
FINNIFTY30DEC2527400CE.NFO,2025-12-26,12:47:00,2025-12-30,114.25,114.35,114.0,114.35,65,37960,0
FINNIFTY30DEC2527400CE.NFO,2025-12-26,12:48:00,2025-12-30,114.35,115.25,114.35,115.2,195,37960,0
FINNIFTY30DEC2527400CE.NFO,2025-12-26,12:49:00,2025-12-30,115.2,115.2,114.15,114.15,195,37960,0
FINNIFTY30DEC2527400CE.NFO,2025-12-26,12:50:00,2025-12-30,114.15,114.25,112.15,112.15,1040,38090,0
FINNIFTY30DEC2527400CE.NFO,2025-12-26,12:51:00,2025-12-30,112.15,114.15,112.15,113.5,455,38090,0
FINNIFTY30DEC2527400CE.NFO,2025-12-26,12:52:00,2025-12-30,113.5,115.25,113.5,114.0,1430,38090,0
FINNIFTY30DEC2527400CE.NFO,2025-12-26,12:53:00,2025-12-30,114.0,117.95,114.0,116.4,260,38090,0
FINNIFTY30DEC2527400CE.NFO,2025-12-26,12:54:00,2025-12-30,116.4,116.4,113.75,116.3,1495,38090,0
FINNIFTY30DEC2527400CE.NFO,2025-12-26,12:55:00,2025-12-30,116.3,116.3,115.9,116.2,455,38090,0
FINNIFTY30DEC2527400CE.NFO,2025-12-26,12:56:00,2025-12-30,116.2,116.2,114.5,115.3,845,38220,0
FINNIFTY30DEC2527400CE.NFO,2025-12-26,12:57:00,2025-12-30,115.3,115.75,114.15,114.15,715,38220,0
FINNIFTY30DEC2527400CE.NFO,2025-12-26,12:58:00,2025-12-30,114.15,116.1,114.15,116.1,455,38220,0
FINNIFTY30DEC2527400CE.NFO,2025-12-26,12:59:00,2025-12-30,116.1,116.7,114.65,115.65,1235,38220,0
FINNIFTY30DEC2527400CE.NFO,2025-12-26,13:00:00,2025-12-30,115.4,116.3,115.05,116.3,650,38220,0
FINNIFTY30DEC2527400CE.NFO,2025-12-26,13:01:00,2025-12-30,116.3,118.6,116.3,118.6,325,38220,0
FINNIFTY30DEC2527400CE.NFO,2025-12-26,13:02:00,2025-12-30,118.6,119.1,115.4,115.4,3640,38675,0
FINNIFTY30DEC2527400CE.NFO,2025-12-26,13:03:00,2025-12-30,115.4,115.4,114.0,114.0,325,38675,0
FINNIFTY30DEC2527400CE.NFO,2025-12-26,13:04:00,2025-12-30,114.0,116.75,114.0,116.1,585,38675,0
FINNIFTY30DEC2527400CE.NFO,2025-12-26,13:05:00,2025-12-30,116.1,116.1,115.05,115.05,780,41990,0
FINNIFTY30DEC2527400CE.NFO,2025-12-26,13:06:00,2025-12-30,115.05,115.05,113.35,113.35,130,41990,0
FINNIFTY30DEC2527400CE.NFO,2025-12-26,13:07:00,2025-12-30,113.35,116.85,113.35,116.8,390,41990,0
FINNIFTY30DEC2527400CE.NFO,2025-12-26,13:08:00,2025-12-30,116.8,116.8,116.2,116.2,260,42055,0
FINNIFTY30DEC2527400CE.NFO,2025-12-26,13:09:00,2025-12-30,116.2,116.2,115.6,115.6,195,42055,0
FINNIFTY30DEC2527400CE.NFO,2025-12-26,13:10:00,2025-12-30,115.6,115.6,114.85,114.85,195,42055,0
FINNIFTY30DEC2527400CE.NFO,2025-12-26,13:11:00,2025-12-30,114.85,116.4,114.85,116.4,390,42055,0
FINNIFTY30DEC2527400CE.NFO,2025-12-26,13:12:00,2025-12-30,116.4,117.6,116.4,117.0,1040,42055,0
FINNIFTY30DEC2527400CE.NFO,2025-12-26,13:13:00,2025-12-30,117.0,117.4,116.5,116.5,715,42055,0
FINNIFTY30DEC2527400CE.NFO,2025-12-26,13:14:00,2025-12-30,116.5,119.95,116.5,118.1,195,42120,0
FINNIFTY30DEC2527400CE.NFO,2025-12-26,13:15:00,2025-12-30,118.1,121.2,118.1,120.75,2210,42120,0
FINNIFTY30DEC2527400CE.NFO,2025-12-26,13:16:00,2025-12-30,120.75,121.0,117.95,119.2,2535,42120,0
FINNIFTY30DEC2527400CE.NFO,2025-12-26,13:17:00,2025-12-30,119.2,122.45,118.95,121.25,1170,41275,0
FINNIFTY30DEC2527400CE.NFO,2025-12-26,13:18:00,2025-12-30,121.25,121.25,119.4,121.05,650,41275,0
FINNIFTY30DEC2527400CE.NFO,2025-12-26,13:19:00,2025-12-30,121.05,123.35,121.05,123.35,520,41275,0
FINNIFTY30DEC2527400CE.NFO,2025-12-26,13:20:00,2025-12-30,123.35,123.35,120.8,121.0,325,40950,0
FINNIFTY30DEC2527400CE.NFO,2025-12-26,13:21:00,2025-12-30,121.0,121.8,121.0,121.6,390,40950,0
FINNIFTY30DEC2527400CE.NFO,2025-12-26,13:22:00,2025-12-30,121.6,122.15,121.0,121.0,715,40950,0
FINNIFTY30DEC2527400CE.NFO,2025-12-26,13:23:00,2025-12-30,121.0,121.0,121.0,121.0,130,41405,0
FINNIFTY30DEC2527400CE.NFO,2025-12-26,13:24:00,2025-12-30,121.0,121.0,119.7,120.2,195,41405,0
FINNIFTY30DEC2527400CE.NFO,2025-12-26,13:25:00,2025-12-30,120.2,122.65,120.0,122.65,325,41405,0
FINNIFTY30DEC2527400CE.NFO,2025-12-26,13:26:00,2025-12-30,122.65,122.65,120.1,120.1,0,41405,0
FINNIFTY30DEC2527400CE.NFO,2025-12-26,13:27:00,2025-12-30,120.1,123.0,120.1,121.8,780,41275,0
FINNIFTY30DEC2527400CE.NFO,2025-12-26,13:28:00,2025-12-30,121.8,124.0,121.8,123.15,1625,41275,0
FINNIFTY30DEC2527400CE.NFO,2025-12-26,13:29:00,2025-12-30,123.15,123.7,122.0,122.25,845,39260,0
FINNIFTY30DEC2527400CE.NFO,2025-12-26,13:30:00,2025-12-30,122.25,122.25,120.15,120.5,650,39260,0
FINNIFTY30DEC2527400CE.NFO,2025-12-26,13:31:00,2025-12-30,120.5,121.85,120.5,121.85,130,39260,0
FINNIFTY30DEC2527400CE.NFO,2025-12-26,13:32:00,2025-12-30,121.85,121.85,121.4,121.4,325,39260,0
FINNIFTY30DEC2527400CE.NFO,2025-12-26,13:33:00,2025-12-30,121.4,124.0,120.55,120.55,390,39390,0
FINNIFTY30DEC2527400CE.NFO,2025-12-26,13:34:00,2025-12-30,120.55,120.9,120.55,120.9,390,39390,0
FINNIFTY30DEC2527400CE.NFO,2025-12-26,13:35:00,2025-12-30,120.9,120.9,118.95,119.2,1300,39065,0
FINNIFTY30DEC2527400CE.NFO,2025-12-26,13:36:00,2025-12-30,119.2,119.2,116.2,116.2,845,39065,0
FINNIFTY30DEC2527400CE.NFO,2025-12-26,13:37:00,2025-12-30,116.95,117.2,115.0,115.0,130,39065,0
FINNIFTY30DEC2527400CE.NFO,2025-12-26,13:38:00,2025-12-30,115.0,119.35,115.0,119.35,390,39325,0
FINNIFTY30DEC2527400CE.NFO,2025-12-26,13:39:00,2025-12-30,119.35,119.35,118.6,118.95,390,39325,0
FINNIFTY30DEC2527400CE.NFO,2025-12-26,13:40:00,2025-12-30,118.95,120.25,116.45,116.45,455,39325,0
FINNIFTY30DEC2527400CE.NFO,2025-12-26,13:41:00,2025-12-30,116.45,116.45,116.45,116.45,0,39325,0
FINNIFTY30DEC2527400CE.NFO,2025-12-26,13:42:00,2025-12-30,116.45,117.15,116.25,117.15,1560,39780,0
FINNIFTY30DEC2527400CE.NFO,2025-12-26,13:43:00,2025-12-30,117.15,117.15,116.4,116.4,130,39780,0
FINNIFTY30DEC2527400CE.NFO,2025-12-26,13:44:00,2025-12-30,116.4,118.7,116.4,118.7,650,41275,0
FINNIFTY30DEC2527400CE.NFO,2025-12-26,13:45:00,2025-12-30,118.7,119.75,117.25,119.75,325,41275,0
FINNIFTY30DEC2527400CE.NFO,2025-12-26,13:46:00,2025-12-30,119.75,119.75,116.65,117.85,325,41275,0
FINNIFTY30DEC2527400CE.NFO,2025-12-26,13:47:00,2025-12-30,117.85,118.0,117.0,117.0,130,41275,0
FINNIFTY30DEC2527400CE.NFO,2025-12-26,13:48:00,2025-12-30,117.0,117.0,116.95,116.95,65,41210,0
FINNIFTY30DEC2527400CE.NFO,2025-12-26,13:49:00,2025-12-30,116.95,119.0,116.95,119.0,130,41210,0
FINNIFTY30DEC2527400CE.NFO,2025-12-26,13:50:00,2025-12-30,119.0,119.0,119.0,119.0,0,41210,0
FINNIFTY30DEC2527400CE.NFO,2025-12-26,13:51:00,2025-12-30,119.0,120.1,118.0,118.0,1040,41080,0
FINNIFTY30DEC2527400CE.NFO,2025-12-26,13:52:00,2025-12-30,118.0,118.5,118.0,118.5,715,41080,0
FINNIFTY30DEC2527400CE.NFO,2025-12-26,13:53:00,2025-12-30,118.5,119.25,118.5,119.25,130,41080,0
FINNIFTY30DEC2527400CE.NFO,2025-12-26,13:54:00,2025-12-30,119.25,119.25,114.75,115.25,1170,41990,0
FINNIFTY30DEC2527400CE.NFO,2025-12-26,13:55:00,2025-12-30,115.25,117.05,115.25,115.9,975,41990,0
FINNIFTY30DEC2527400CE.NFO,2025-12-26,13:56:00,2025-12-30,115.9,116.05,115.9,116.0,1430,42640,0
FINNIFTY30DEC2527400CE.NFO,2025-12-26,13:57:00,2025-12-30,116.0,117.2,116.0,117.2,455,42640,0
FINNIFTY30DEC2527400CE.NFO,2025-12-26,13:58:00,2025-12-30,117.2,117.95,117.2,117.85,455,42640,0
FINNIFTY30DEC2527400CE.NFO,2025-12-26,13:59:00,2025-12-30,117.85,118.7,116.65,118.7,260,43420,0
FINNIFTY30DEC2527400CE.NFO,2025-12-26,14:00:00,2025-12-30,118.7,118.7,117.25,118.0,2015,43420,0
FINNIFTY30DEC2527400CE.NFO,2025-12-26,14:01:00,2025-12-30,118.0,118.0,116.7,116.7,1105,43420,0
FINNIFTY30DEC2527400CE.NFO,2025-12-26,14:02:00,2025-12-30,116.7,117.2,116.7,116.8,325,44785,0
FINNIFTY30DEC2527400CE.NFO,2025-12-26,14:03:00,2025-12-30,116.8,117.9,116.8,117.1,195,44785,0
FINNIFTY30DEC2527400CE.NFO,2025-12-26,14:04:00,2025-12-30,117.1,117.1,116.25,116.25,130,44785,0
FINNIFTY30DEC2527400CE.NFO,2025-12-26,14:05:00,2025-12-30,116.25,116.25,113.65,113.65,1040,44785,0
FINNIFTY30DEC2527400CE.NFO,2025-12-26,14:06:00,2025-12-30,113.65,113.65,110.0,112.15,3900,44785,0
FINNIFTY30DEC2527400CE.NFO,2025-12-26,14:07:00,2025-12-30,112.15,112.15,110.5,111.4,650,44785,0
FINNIFTY30DEC2527400CE.NFO,2025-12-26,14:08:00,2025-12-30,111.4,112.85,111.4,111.6,780,43615,0
FINNIFTY30DEC2527400CE.NFO,2025-12-26,14:09:00,2025-12-30,111.6,111.6,107.0,107.0,3380,43615,0
FINNIFTY30DEC2527400CE.NFO,2025-12-26,14:10:00,2025-12-30,107.0,107.2,103.55,106.05,3055,43615,0
FINNIFTY30DEC2527400CE.NFO,2025-12-26,14:11:00,2025-12-30,106.05,109.5,106.05,109.5,3900,49205,0
FINNIFTY30DEC2527400CE.NFO,2025-12-26,14:12:00,2025-12-30,109.5,109.95,108.0,109.85,2080,49205,0
FINNIFTY30DEC2527400CE.NFO,2025-12-26,14:13:00,2025-12-30,109.85,109.85,107.95,107.95,325,49205,0
FINNIFTY30DEC2527400CE.NFO,2025-12-26,14:14:00,2025-12-30,107.95,109.65,107.95,108.4,2145,49790,0
FINNIFTY30DEC2527400CE.NFO,2025-12-26,14:15:00,2025-12-30,108.4,108.85,106.0,106.15,2470,49790,0
FINNIFTY30DEC2527400CE.NFO,2025-12-26,14:16:00,2025-12-30,106.15,107.5,106.15,106.55,520,49790,0
FINNIFTY30DEC2527400CE.NFO,2025-12-26,14:17:00,2025-12-30,106.55,106.55,102.4,103.6,2470,49855,0
FINNIFTY30DEC2527400CE.NFO,2025-12-26,14:18:00,2025-12-30,103.6,103.6,100.6,100.65,4030,49855,0
FINNIFTY30DEC2527400CE.NFO,2025-12-26,14:19:00,2025-12-30,100.65,100.8,98.8,98.8,5395,49855,0
FINNIFTY30DEC2527400CE.NFO,2025-12-26,14:20:00,2025-12-30,98.0,99.5,97.2,98.9,2210,51220,0
FINNIFTY30DEC2527400CE.NFO,2025-12-26,14:21:00,2025-12-30,98.9,98.9,93.0,97.2,8190,51220,0
FINNIFTY30DEC2527400CE.NFO,2025-12-26,14:22:00,2025-12-30,97.2,98.0,95.1,98.0,2210,51220,0
FINNIFTY30DEC2527400CE.NFO,2025-12-26,14:23:00,2025-12-30,98.0,98.7,96.75,97.95,1690,50115,0
FINNIFTY30DEC2527400CE.NFO,2025-12-26,14:24:00,2025-12-30,97.95,99.75,96.95,97.85,5525,50115,0
FINNIFTY30DEC2527400CE.NFO,2025-12-26,14:25:00,2025-12-30,97.85,98.25,96.15,97.9,2145,50115,0
FINNIFTY30DEC2527400CE.NFO,2025-12-26,14:26:00,2025-12-30,97.9,97.9,96.9,96.9,65,50115,0
FINNIFTY30DEC2527400CE.NFO,2025-12-26,14:27:00,2025-12-30,96.9,100.9,96.9,100.7,1690,51285,0
FINNIFTY30DEC2527400CE.NFO,2025-12-26,14:28:00,2025-12-30,100.7,103.45,100.7,102.2,1430,51285,0
FINNIFTY30DEC2527400CE.NFO,2025-12-26,14:29:00,2025-12-30,101.4,104.0,100.95,104.0,2080,53755,0
FINNIFTY30DEC2527400CE.NFO,2025-12-26,14:30:00,2025-12-30,102.75,103.1,102.0,103.1,1560,53755,0
FINNIFTY30DEC2527400CE.NFO,2025-12-26,14:31:00,2025-12-30,103.1,103.1,101.7,102.0,1170,53755,0
FINNIFTY30DEC2527400CE.NFO,2025-12-26,14:32:00,2025-12-30,102.0,102.95,101.4,102.95,2210,52130,0
FINNIFTY30DEC2527400CE.NFO,2025-12-26,14:33:00,2025-12-30,102.95,103.0,99.45,99.7,1820,52130,0
FINNIFTY30DEC2527400CE.NFO,2025-12-26,14:34:00,2025-12-30,99.4,100.35,98.35,100.35,1755,52130,0
FINNIFTY30DEC2527400CE.NFO,2025-12-26,14:35:00,2025-12-30,100.35,101.45,99.4,99.4,455,52260,0
FINNIFTY30DEC2527400CE.NFO,2025-12-26,14:36:00,2025-12-30,99.4,103.6,99.4,103.0,2535,52260,0
FINNIFTY30DEC2527400CE.NFO,2025-12-26,14:37:00,2025-12-30,103.0,104.4,103.0,104.4,1690,52260,0
FINNIFTY30DEC2527400CE.NFO,2025-12-26,14:38:00,2025-12-30,104.4,104.4,102.15,103.0,1885,52715,0
FINNIFTY30DEC2527400CE.NFO,2025-12-26,14:39:00,2025-12-30,103.0,105.55,102.9,103.4,2080,52715,0
FINNIFTY30DEC2527400CE.NFO,2025-12-26,14:40:00,2025-12-30,103.4,103.4,101.85,101.85,1040,52715,0
FINNIFTY30DEC2527400CE.NFO,2025-12-26,14:41:00,2025-12-30,101.85,101.85,101.05,101.8,130,52715,0
FINNIFTY30DEC2527400CE.NFO,2025-12-26,14:42:00,2025-12-30,101.8,104.4,101.8,104.05,1170,52065,0
FINNIFTY30DEC2527400CE.NFO,2025-12-26,14:43:00,2025-12-30,104.05,104.2,103.95,104.2,325,52065,0
FINNIFTY30DEC2527400CE.NFO,2025-12-26,14:44:00,2025-12-30,104.2,104.35,102.9,104.35,1170,52065,0
FINNIFTY30DEC2527400CE.NFO,2025-12-26,14:45:00,2025-12-30,104.35,104.6,103.0,104.6,975,52065,0
FINNIFTY30DEC2527400CE.NFO,2025-12-26,14:46:00,2025-12-30,104.6,104.8,103.65,103.65,910,52065,0
FINNIFTY30DEC2527400CE.NFO,2025-12-26,14:47:00,2025-12-30,103.65,103.65,103.0,103.65,1235,51415,0
FINNIFTY30DEC2527400CE.NFO,2025-12-26,14:48:00,2025-12-30,103.65,104.95,103.5,104.75,1105,51415,0
FINNIFTY30DEC2527400CE.NFO,2025-12-26,14:49:00,2025-12-30,104.75,104.75,102.7,103.55,11180,51415,0
FINNIFTY30DEC2527400CE.NFO,2025-12-26,14:50:00,2025-12-30,103.0,103.75,102.2,102.85,5005,62530,0
FINNIFTY30DEC2527400CE.NFO,2025-12-26,14:51:00,2025-12-30,102.85,103.0,102.65,102.8,260,62530,0
FINNIFTY30DEC2527400CE.NFO,2025-12-26,14:52:00,2025-12-30,102.8,106.1,102.8,106.1,1885,62530,0
FINNIFTY30DEC2527400CE.NFO,2025-12-26,14:53:00,2025-12-30,106.1,107.55,106.1,106.25,1495,61685,0
FINNIFTY30DEC2527400CE.NFO,2025-12-26,14:54:00,2025-12-30,106.25,107.2,105.7,105.7,1040,61685,0
FINNIFTY30DEC2527400CE.NFO,2025-12-26,14:55:00,2025-12-30,105.7,107.15,105.7,106.65,1820,61685,0
FINNIFTY30DEC2527400CE.NFO,2025-12-26,14:56:00,2025-12-30,106.65,108.95,106.65,108.05,3250,63635,0
FINNIFTY30DEC2527400CE.NFO,2025-12-26,14:57:00,2025-12-30,108.05,108.85,107.1,107.3,2015,63635,0
FINNIFTY30DEC2527400CE.NFO,2025-12-26,14:58:00,2025-12-30,107.3,110.4,107.3,109.6,3965,63635,0
FINNIFTY30DEC2527400CE.NFO,2025-12-26,14:59:00,2025-12-30,109.6,111.0,109.15,109.15,4160,63635,0
FINNIFTY30DEC2527400CE.NFO,2025-12-26,15:00:00,2025-12-30,109.15,112.25,108.75,108.85,5005,63700,0
FINNIFTY30DEC2527400CE.NFO,2025-12-26,15:01:00,2025-12-30,109.85,113.75,109.2,113.75,5655,63700,0
FINNIFTY30DEC2527400CE.NFO,2025-12-26,15:02:00,2025-12-30,113.75,113.75,111.3,111.5,2275,59800,0
FINNIFTY30DEC2527400CE.NFO,2025-12-26,15:03:00,2025-12-30,111.4,111.65,110.15,110.15,1755,59800,0
FINNIFTY30DEC2527400CE.NFO,2025-12-26,15:04:00,2025-12-30,110.15,110.4,108.45,109.05,3380,59800,0
FINNIFTY30DEC2527400CE.NFO,2025-12-26,15:05:00,2025-12-30,108.9,110.7,108.7,108.7,4160,59800,0
FINNIFTY30DEC2527400CE.NFO,2025-12-26,15:06:00,2025-12-30,108.7,110.05,108.7,110.0,3770,55835,0
FINNIFTY30DEC2527400CE.NFO,2025-12-26,15:07:00,2025-12-30,110.0,110.05,107.15,107.7,2600,55835,0
FINNIFTY30DEC2527400CE.NFO,2025-12-26,15:08:00,2025-12-30,107.7,108.8,107.6,108.1,1430,55835,0
FINNIFTY30DEC2527400CE.NFO,2025-12-26,15:09:00,2025-12-30,108.1,112.0,108.1,111.1,7475,54145,0
FINNIFTY30DEC2527400CE.NFO,2025-12-26,15:10:00,2025-12-30,111.1,111.6,110.15,110.9,1820,54145,0
FINNIFTY30DEC2527400CE.NFO,2025-12-26,15:11:00,2025-12-30,112.0,112.6,112.0,112.1,1040,51025,0
FINNIFTY30DEC2527400CE.NFO,2025-12-26,15:12:00,2025-12-30,112.1,112.9,111.8,112.0,455,51025,0
FINNIFTY30DEC2527400CE.NFO,2025-12-26,15:13:00,2025-12-30,112.0,112.0,110.5,111.35,3640,51025,0
FINNIFTY30DEC2527400CE.NFO,2025-12-26,15:14:00,2025-12-30,111.35,114.75,111.35,113.6,3185,51025,0
FINNIFTY30DEC2527400CE.NFO,2025-12-26,15:15:00,2025-12-30,113.6,113.6,113.6,113.6,0,51025,0
FINNIFTY30DEC2527400CE.NFO,2025-12-26,15:16:00,2025-12-30,113.6,113.6,108.65,109.7,2795,47515,0
FINNIFTY30DEC2527400CE.NFO,2025-12-26,15:17:00,2025-12-30,109.7,109.7,108.05,108.05,1300,47385,0
FINNIFTY30DEC2527400CE.NFO,2025-12-26,15:18:00,2025-12-30,108.05,108.4,108.05,108.35,1040,47385,0
FINNIFTY30DEC2527400CE.NFO,2025-12-26,15:19:00,2025-12-30,108.35,110.2,108.0,108.4,780,47385,0
FINNIFTY30DEC2527400CE.NFO,2025-12-26,15:20:00,2025-12-30,109.35,111.7,109.0,111.6,3900,44265,0
FINNIFTY30DEC2527400CE.NFO,2025-12-26,15:21:00,2025-12-30,111.6,112.45,111.05,111.7,1430,44265,0
FINNIFTY30DEC2527400CE.NFO,2025-12-26,15:22:00,2025-12-30,111.75,112.0,110.55,111.95,5915,44265,0
FINNIFTY30DEC2527400CE.NFO,2025-12-26,15:23:00,2025-12-30,111.95,113.25,111.45,113.0,3510,44265,0
FINNIFTY30DEC2527400CE.NFO,2025-12-26,15:24:00,2025-12-30,113.0,113.6,112.9,113.6,975,39325,0
FINNIFTY30DEC2527400CE.NFO,2025-12-26,15:25:00,2025-12-30,113.1,113.6,112.45,112.8,1820,39325,0
FINNIFTY30DEC2527400CE.NFO,2025-12-26,15:26:00,2025-12-30,112.8,112.8,110.2,110.2,2600,38675,0
FINNIFTY30DEC2527400CE.NFO,2025-12-26,15:27:00,2025-12-30,110.2,110.8,110.2,110.8,65,38675,0
FINNIFTY30DEC2527400CE.NFO,2025-12-26,15:28:00,2025-12-30,110.8,116.0,110.05,110.05,3185,38675,0
FINNIFTY30DEC2527400CE.NFO,2025-12-26,15:29:00,2025-12-30,110.05,116.0,110.05,110.05,975,38675,0
FINNIFTY30DEC2527400CE.NFO,2025-12-26,15:30:00,2025-12-30,110.05,110.05,110.05,110.05,975,38675,1
FINNIFTY30DEC2527400CE.NFO,2025-12-29,09:15:00,2025-12-30,122.4,126.1,104.95,109.6,3900,38675,0
FINNIFTY30DEC2527400CE.NFO,2025-12-29,09:16:00,2025-12-30,110.0,110.0,99.75,104.7,3835,40430,0
FINNIFTY30DEC2527400CE.NFO,2025-12-29,09:17:00,2025-12-30,104.7,104.7,97.0,100.7,5785,40430,0
FINNIFTY30DEC2527400CE.NFO,2025-12-29,09:18:00,2025-12-30,100.7,106.2,99.85,105.45,4095,40430,0
FINNIFTY30DEC2527400CE.NFO,2025-12-29,09:19:00,2025-12-30,105.45,106.75,98.65,98.65,3575,41860,0
FINNIFTY30DEC2527400CE.NFO,2025-12-29,09:20:00,2025-12-30,98.55,106.95,98.55,106.35,3055,41860,0
FINNIFTY30DEC2527400CE.NFO,2025-12-29,09:21:00,2025-12-30,106.35,108.6,98.6,99.2,5655,41860,0
FINNIFTY30DEC2527400CE.NFO,2025-12-29,09:22:00,2025-12-30,99.2,104.5,99.2,104.5,845,43680,0
FINNIFTY30DEC2527400CE.NFO,2025-12-29,09:23:00,2025-12-30,104.5,107.05,102.55,105.1,1235,43680,0
FINNIFTY30DEC2527400CE.NFO,2025-12-29,09:24:00,2025-12-30,105.1,110.5,105.0,107.9,3965,43680,0
FINNIFTY30DEC2527400CE.NFO,2025-12-29,09:25:00,2025-12-30,107.9,110.0,105.45,108.4,2795,43745,0
FINNIFTY30DEC2527400CE.NFO,2025-12-29,09:26:00,2025-12-30,108.4,115.65,106.5,114.35,1495,43745,0
FINNIFTY30DEC2527400CE.NFO,2025-12-29,09:27:00,2025-12-30,114.35,116.0,111.2,112.35,3250,43745,0
FINNIFTY30DEC2527400CE.NFO,2025-12-29,09:28:00,2025-12-30,112.35,117.95,110.95,113.2,3445,47515,0
FINNIFTY30DEC2527400CE.NFO,2025-12-29,09:29:00,2025-12-30,113.2,113.2,107.0,109.0,3055,47515,0
FINNIFTY30DEC2527400CE.NFO,2025-12-29,09:30:00,2025-12-30,109.0,111.85,108.0,111.85,1495,47515,0
FINNIFTY30DEC2527400CE.NFO,2025-12-29,09:31:00,2025-12-30,111.85,111.85,107.2,107.5,845,48815,0
FINNIFTY30DEC2527400CE.NFO,2025-12-29,09:32:00,2025-12-30,107.5,109.75,107.5,109.15,1560,48815,0
FINNIFTY30DEC2527400CE.NFO,2025-12-29,09:33:00,2025-12-30,109.15,111.9,107.1,108.3,780,48815,0
FINNIFTY30DEC2527400CE.NFO,2025-12-29,09:34:00,2025-12-30,108.3,112.5,108.15,109.8,3055,48750,0
FINNIFTY30DEC2527400CE.NFO,2025-12-29,09:35:00,2025-12-30,109.8,111.8,109.15,109.4,1365,48750,0
FINNIFTY30DEC2527400CE.NFO,2025-12-29,09:36:00,2025-12-30,108.0,111.8,107.35,110.4,2795,48750,0
FINNIFTY30DEC2527400CE.NFO,2025-12-29,09:37:00,2025-12-30,110.4,110.9,109.25,109.25,1040,50505,0
FINNIFTY30DEC2527400CE.NFO,2025-12-29,09:38:00,2025-12-30,109.25,109.4,107.0,107.0,3445,50505,0
FINNIFTY30DEC2527400CE.NFO,2025-12-29,09:39:00,2025-12-30,106.55,107.7,104.0,106.1,10920,50505,0
FINNIFTY30DEC2527400CE.NFO,2025-12-29,09:40:00,2025-12-30,106.1,107.35,98.15,98.15,6890,50310,0
FINNIFTY30DEC2527400CE.NFO,2025-12-29,09:41:00,2025-12-30,98.15,101.9,97.1,97.45,3770,50310,0
FINNIFTY30DEC2527400CE.NFO,2025-12-29,09:42:00,2025-12-30,97.45,100.6,97.0,100.6,2600,50310,0
FINNIFTY30DEC2527400CE.NFO,2025-12-29,09:43:00,2025-12-30,100.6,102.0,98.4,102.0,1690,53625,0
FINNIFTY30DEC2527400CE.NFO,2025-12-29,09:44:00,2025-12-30,102.0,107.0,101.0,105.85,11050,53625,0
FINNIFTY30DEC2527400CE.NFO,2025-12-29,09:45:00,2025-12-30,105.95,108.5,104.8,106.85,6630,53625,0
FINNIFTY30DEC2527400CE.NFO,2025-12-29,09:46:00,2025-12-30,106.85,109.2,105.0,105.0,6175,54275,0
FINNIFTY30DEC2527400CE.NFO,2025-12-29,09:47:00,2025-12-30,105.0,105.25,98.8,99.55,5135,54275,0
FINNIFTY30DEC2527400CE.NFO,2025-12-29,09:48:00,2025-12-30,99.55,102.45,98.0,100.9,2535,54275,0
FINNIFTY30DEC2527400CE.NFO,2025-12-29,09:49:00,2025-12-30,100.9,100.9,96.4,97.1,2730,54145,0
FINNIFTY30DEC2527400CE.NFO,2025-12-29,09:50:00,2025-12-30,97.1,98.3,94.7,96.25,9360,54145,0
FINNIFTY30DEC2527400CE.NFO,2025-12-29,09:51:00,2025-12-30,96.25,97.6,91.4,94.15,11895,54145,0
FINNIFTY30DEC2527400CE.NFO,2025-12-29,09:52:00,2025-12-30,94.15,94.9,90.0,92.75,4550,58955,0
FINNIFTY30DEC2527400CE.NFO,2025-12-29,09:53:00,2025-12-30,92.75,94.15,88.65,89.25,4745,58955,0
FINNIFTY30DEC2527400CE.NFO,2025-12-29,09:54:00,2025-12-30,89.45,89.9,81.05,81.85,18850,58955,0
FINNIFTY30DEC2527400CE.NFO,2025-12-29,09:55:00,2025-12-30,81.25,81.8,76.35,79.7,15080,56680,0
FINNIFTY30DEC2527400CE.NFO,2025-12-29,09:56:00,2025-12-30,79.7,80.2,76.6,77.8,10075,56680,0
FINNIFTY30DEC2527400CE.NFO,2025-12-29,09:57:00,2025-12-30,76.95,78.95,75.75,76.75,7995,56680,0
FINNIFTY30DEC2527400CE.NFO,2025-12-29,09:58:00,2025-12-30,76.75,79.05,73.45,73.45,8060,65780,0
FINNIFTY30DEC2527400CE.NFO,2025-12-29,09:59:00,2025-12-30,73.45,73.7,70.0,70.05,5980,65780,0
FINNIFTY30DEC2527400CE.NFO,2025-12-29,10:00:00,2025-12-30,69.85,70.95,67.15,68.0,12610,65780,0
FINNIFTY30DEC2527400CE.NFO,2025-12-29,10:01:00,2025-12-30,68.0,72.25,65.75,71.6,10595,66235,0
FINNIFTY30DEC2527400CE.NFO,2025-12-29,10:02:00,2025-12-30,71.6,72.2,69.55,70.2,15730,66235,0
FINNIFTY30DEC2527400CE.NFO,2025-12-29,10:03:00,2025-12-30,70.2,70.95,68.3,68.75,5200,66235,0
FINNIFTY30DEC2527400CE.NFO,2025-12-29,10:04:00,2025-12-30,68.75,70.25,67.65,67.65,6240,73645,0
FINNIFTY30DEC2527400CE.NFO,2025-12-29,10:05:00,2025-12-30,67.45,71.25,66.25,71.25,10790,73645,0
FINNIFTY30DEC2527400CE.NFO,2025-12-29,10:06:00,2025-12-30,71.25,72.9,69.25,72.9,6370,73645,0
FINNIFTY30DEC2527400CE.NFO,2025-12-29,10:07:00,2025-12-30,72.85,73.2,70.6,71.6,6630,81380,0
FINNIFTY30DEC2527400CE.NFO,2025-12-29,10:08:00,2025-12-30,71.6,71.6,70.0,70.9,3705,81380,0
FINNIFTY30DEC2527400CE.NFO,2025-12-29,10:09:00,2025-12-30,70.9,72.35,70.45,72.25,1820,81380,0
FINNIFTY30DEC2527400CE.NFO,2025-12-29,10:10:00,2025-12-30,72.25,72.25,70.3,70.65,5460,84045,0
FINNIFTY30DEC2527400CE.NFO,2025-12-29,10:11:00,2025-12-30,70.55,73.6,70.3,72.45,10075,84045,0
FINNIFTY30DEC2527400CE.NFO,2025-12-29,10:12:00,2025-12-30,72.55,73.75,70.75,72.9,11180,84045,0
FINNIFTY30DEC2527400CE.NFO,2025-12-29,10:13:00,2025-12-30,72.9,72.95,71.0,72.35,2470,92820,0
FINNIFTY30DEC2527400CE.NFO,2025-12-29,10:14:00,2025-12-30,73.35,74.2,71.35,73.35,14235,92820,0
FINNIFTY30DEC2527400CE.NFO,2025-12-29,10:15:00,2025-12-30,73.1,73.1,70.75,72.5,5135,92820,0
FINNIFTY30DEC2527400CE.NFO,2025-12-29,10:16:00,2025-12-30,72.5,72.85,71.3,72.25,7800,100165,0
FINNIFTY30DEC2527400CE.NFO,2025-12-29,10:17:00,2025-12-30,72.25,72.45,70.65,71.25,5785,100165,0
FINNIFTY30DEC2527400CE.NFO,2025-12-29,10:18:00,2025-12-30,71.25,72.15,69.0,71.3,18395,100165,0
FINNIFTY30DEC2527400CE.NFO,2025-12-29,10:19:00,2025-12-30,71.3,71.3,69.75,69.75,2730,88660,0
FINNIFTY30DEC2527400CE.NFO,2025-12-29,10:20:00,2025-12-30,69.75,69.75,66.15,67.6,9815,88660,0
FINNIFTY30DEC2527400CE.NFO,2025-12-29,10:21:00,2025-12-30,67.6,68.15,66.9,68.15,1170,88660,0
FINNIFTY30DEC2527400CE.NFO,2025-12-29,10:22:00,2025-12-30,68.15,69.4,67.7,67.95,8710,89440,0
FINNIFTY30DEC2527400CE.NFO,2025-12-29,10:23:00,2025-12-30,67.15,67.15,64.1,66.25,14755,89440,0
FINNIFTY30DEC2527400CE.NFO,2025-12-29,10:24:00,2025-12-30,66.25,68.5,66.05,67.6,5265,89440,0
FINNIFTY30DEC2527400CE.NFO,2025-12-29,10:25:00,2025-12-30,67.6,68.8,65.85,66.3,8515,93275,0
FINNIFTY30DEC2527400CE.NFO,2025-12-29,10:26:00,2025-12-30,65.5,67.7,65.3,67.3,3185,93275,0
FINNIFTY30DEC2527400CE.NFO,2025-12-29,10:27:00,2025-12-30,67.3,67.5,65.6,66.85,6045,93275,0
FINNIFTY30DEC2527400CE.NFO,2025-12-29,10:28:00,2025-12-30,66.85,66.85,64.2,65.9,8450,94120,0
FINNIFTY30DEC2527400CE.NFO,2025-12-29,10:29:00,2025-12-30,65.9,65.9,63.0,63.7,6110,94120,0
FINNIFTY30DEC2527400CE.NFO,2025-12-29,10:30:00,2025-12-30,63.7,63.7,60.9,61.75,15210,94120,0
FINNIFTY30DEC2527400CE.NFO,2025-12-29,10:31:00,2025-12-30,61.75,63.7,59.3,60.05,9425,95615,0
FINNIFTY30DEC2527400CE.NFO,2025-12-29,10:32:00,2025-12-30,60.2,60.2,57.4,58.75,18460,95615,0
FINNIFTY30DEC2527400CE.NFO,2025-12-29,10:33:00,2025-12-30,58.65,60.7,58.6,59.75,5655,95615,0
FINNIFTY30DEC2527400CE.NFO,2025-12-29,10:34:00,2025-12-30,59.75,61.35,58.95,60.1,7345,104065,0
FINNIFTY30DEC2527400CE.NFO,2025-12-29,10:35:00,2025-12-30,60.1,61.6,59.0,61.05,7410,104065,0
FINNIFTY30DEC2527400CE.NFO,2025-12-29,10:36:00,2025-12-30,61.05,62.05,61.05,61.95,4355,104065,0
FINNIFTY30DEC2527400CE.NFO,2025-12-29,10:37:00,2025-12-30,61.95,63.6,61.65,61.65,4810,102635,0
FINNIFTY30DEC2527400CE.NFO,2025-12-29,10:38:00,2025-12-30,61.65,62.95,61.2,62.0,7215,102635,0
FINNIFTY30DEC2527400CE.NFO,2025-12-29,10:39:00,2025-12-30,62.0,63.7,61.9,63.15,3315,102635,0
FINNIFTY30DEC2527400CE.NFO,2025-12-29,10:40:00,2025-12-30,63.15,63.15,59.4,59.95,7215,106925,0
FINNIFTY30DEC2527400CE.NFO,2025-12-29,10:41:00,2025-12-30,59.95,61.35,59.95,60.55,3705,106925,0
FINNIFTY30DEC2527400CE.NFO,2025-12-29,10:42:00,2025-12-30,61.0,61.0,56.6,56.8,6695,106925,0
FINNIFTY30DEC2527400CE.NFO,2025-12-29,10:43:00,2025-12-30,56.6,56.7,54.2,55.85,23855,111345,0
FINNIFTY30DEC2527400CE.NFO,2025-12-29,10:44:00,2025-12-30,55.85,55.85,54.4,55.15,7995,111345,0
FINNIFTY30DEC2527400CE.NFO,2025-12-29,10:45:00,2025-12-30,55.15,57.15,54.35,55.8,13520,111345,0
FINNIFTY30DEC2527400CE.NFO,2025-12-29,10:46:00,2025-12-30,55.8,57.25,55.05,56.5,9815,103480,0
FINNIFTY30DEC2527400CE.NFO,2025-12-29,10:47:00,2025-12-30,56.5,56.7,56.0,56.7,1300,103480,0
FINNIFTY30DEC2527400CE.NFO,2025-12-29,10:48:00,2025-12-30,56.75,57.6,56.5,57.45,5265,103480,0
FINNIFTY30DEC2527400CE.NFO,2025-12-29,10:49:00,2025-12-30,57.45,57.45,55.4,56.55,3315,104650,0
FINNIFTY30DEC2527400CE.NFO,2025-12-29,10:50:00,2025-12-30,56.55,57.7,55.55,56.25,5525,104650,0
FINNIFTY30DEC2527400CE.NFO,2025-12-29,10:51:00,2025-12-30,56.25,57.5,55.1,57.2,5200,104650,0
FINNIFTY30DEC2527400CE.NFO,2025-12-29,10:52:00,2025-12-30,57.2,59.2,57.2,59.15,7605,109200,0
FINNIFTY30DEC2527400CE.NFO,2025-12-29,10:53:00,2025-12-30,59.15,60.0,57.8,60.0,7540,109200,0
FINNIFTY30DEC2527400CE.NFO,2025-12-29,10:54:00,2025-12-30,60.0,60.9,59.25,60.15,8840,109200,0
FINNIFTY30DEC2527400CE.NFO,2025-12-29,10:55:00,2025-12-30,60.15,60.95,57.65,58.0,14625,113490,0
FINNIFTY30DEC2527400CE.NFO,2025-12-29,10:56:00,2025-12-30,58.0,59.95,56.7,59.95,6630,113490,0
FINNIFTY30DEC2527400CE.NFO,2025-12-29,10:57:00,2025-12-30,60.05,60.7,59.3,59.5,4420,113490,0
FINNIFTY30DEC2527400CE.NFO,2025-12-29,10:58:00,2025-12-30,59.5,59.8,57.55,57.85,2795,111930,0
FINNIFTY30DEC2527400CE.NFO,2025-12-29,10:59:00,2025-12-30,57.85,59.55,57.8,59.1,3835,111930,0
FINNIFTY30DEC2527400CE.NFO,2025-12-29,11:00:00,2025-12-30,59.1,59.2,57.55,58.05,3510,111930,0
FINNIFTY30DEC2527400CE.NFO,2025-12-29,11:01:00,2025-12-30,58.05,60.35,58.05,60.35,7150,112385,0
FINNIFTY30DEC2527400CE.NFO,2025-12-29,11:02:00,2025-12-30,60.35,61.2,57.9,58.3,14105,112385,0
FINNIFTY30DEC2527400CE.NFO,2025-12-29,11:03:00,2025-12-30,58.3,58.3,54.4,55.6,14105,112385,0
FINNIFTY30DEC2527400CE.NFO,2025-12-29,11:04:00,2025-12-30,55.6,56.65,52.1,52.1,12805,121160,0
FINNIFTY30DEC2527400CE.NFO,2025-12-29,11:05:00,2025-12-30,52.2,52.95,51.3,52.05,10855,121160,0
FINNIFTY30DEC2527400CE.NFO,2025-12-29,11:06:00,2025-12-30,51.3,53.0,51.05,51.95,10660,121160,0
FINNIFTY30DEC2527400CE.NFO,2025-12-29,11:07:00,2025-12-30,51.95,51.95,49.1,50.85,14170,122590,0
FINNIFTY30DEC2527400CE.NFO,2025-12-29,11:08:00,2025-12-30,50.85,52.75,50.65,50.8,6890,122590,0
FINNIFTY30DEC2527400CE.NFO,2025-12-29,11:09:00,2025-12-30,50.8,51.7,50.8,50.9,4680,122590,0
FINNIFTY30DEC2527400CE.NFO,2025-12-29,11:10:00,2025-12-30,50.9,51.25,49.35,50.0,10075,120055,0
FINNIFTY30DEC2527400CE.NFO,2025-12-29,11:11:00,2025-12-30,50.0,50.0,48.5,49.45,7800,120055,0
FINNIFTY30DEC2527400CE.NFO,2025-12-29,11:12:00,2025-12-30,49.45,50.3,48.5,49.15,7085,120055,0
FINNIFTY30DEC2527400CE.NFO,2025-12-29,11:13:00,2025-12-30,49.15,50.0,49.1,49.4,4615,123630,0
FINNIFTY30DEC2527400CE.NFO,2025-12-29,11:14:00,2025-12-30,49.4,49.95,49.0,49.95,2275,123630,0
FINNIFTY30DEC2527400CE.NFO,2025-12-29,11:15:00,2025-12-30,49.95,50.0,49.05,49.25,5525,123630,0
FINNIFTY30DEC2527400CE.NFO,2025-12-29,11:16:00,2025-12-30,49.25,49.5,48.85,49.15,2860,126425,0
FINNIFTY30DEC2527400CE.NFO,2025-12-29,11:17:00,2025-12-30,49.15,49.15,46.15,46.6,11440,126425,0
FINNIFTY30DEC2527400CE.NFO,2025-12-29,11:18:00,2025-12-30,46.6,47.35,43.75,44.3,14885,126425,0
FINNIFTY30DEC2527400CE.NFO,2025-12-29,11:19:00,2025-12-30,44.3,47.0,42.75,46.5,24505,127595,0
FINNIFTY30DEC2527400CE.NFO,2025-12-29,11:20:00,2025-12-30,46.5,46.5,44.55,45.0,13325,127595,0
FINNIFTY30DEC2527400CE.NFO,2025-12-29,11:21:00,2025-12-30,45.0,45.9,43.0,43.5,10465,127595,0
FINNIFTY30DEC2527400CE.NFO,2025-12-29,11:22:00,2025-12-30,43.5,45.55,43.5,45.0,6435,131885,0
FINNIFTY30DEC2527400CE.NFO,2025-12-29,11:23:00,2025-12-30,45.0,45.0,40.4,41.7,27300,131885,0
FINNIFTY30DEC2527400CE.NFO,2025-12-29,11:24:00,2025-12-30,41.0,41.65,40.75,41.2,7605,131885,0
FINNIFTY30DEC2527400CE.NFO,2025-12-29,11:25:00,2025-12-30,41.2,42.95,41.15,42.65,7930,141180,0
FINNIFTY30DEC2527400CE.NFO,2025-12-29,11:26:00,2025-12-30,42.85,43.95,41.15,41.75,18850,141180,0
FINNIFTY30DEC2527400CE.NFO,2025-12-29,11:27:00,2025-12-30,41.75,43.0,41.75,42.2,3705,141180,0
FINNIFTY30DEC2527400CE.NFO,2025-12-29,11:28:00,2025-12-30,42.2,44.0,42.05,43.75,4485,145015,0
FINNIFTY30DEC2527400CE.NFO,2025-12-29,11:29:00,2025-12-30,43.75,44.25,43.15,43.15,3510,145015,0
FINNIFTY30DEC2527400CE.NFO,2025-12-29,11:30:00,2025-12-30,43.3,44.0,43.3,43.85,2730,145015,0
FINNIFTY30DEC2527400CE.NFO,2025-12-29,11:31:00,2025-12-30,43.85,45.25,43.45,43.6,4875,143715,0
FINNIFTY30DEC2527400CE.NFO,2025-12-29,11:32:00,2025-12-30,43.6,44.3,43.2,43.65,1755,143715,0
FINNIFTY30DEC2527400CE.NFO,2025-12-29,11:33:00,2025-12-30,43.65,44.2,42.55,43.9,7865,143715,0
FINNIFTY30DEC2527400CE.NFO,2025-12-29,11:34:00,2025-12-30,43.75,44.0,43.15,44.0,1625,145925,0
FINNIFTY30DEC2527400CE.NFO,2025-12-29,11:35:00,2025-12-30,44.0,44.3,42.4,44.15,3185,145925,0
FINNIFTY30DEC2527400CE.NFO,2025-12-29,11:36:00,2025-12-30,44.15,44.2,42.85,42.85,4550,145925,0
FINNIFTY30DEC2527400CE.NFO,2025-12-29,11:37:00,2025-12-30,42.85,43.25,41.7,43.25,1885,147745,0
FINNIFTY30DEC2527400CE.NFO,2025-12-29,11:38:00,2025-12-30,43.25,43.25,40.75,41.4,11895,147745,0
FINNIFTY30DEC2527400CE.NFO,2025-12-29,11:39:00,2025-12-30,41.4,42.95,41.0,42.95,10790,147745,0
FINNIFTY30DEC2527400CE.NFO,2025-12-29,11:40:00,2025-12-30,42.95,44.0,41.85,43.55,9490,151320,0
FINNIFTY30DEC2527400CE.NFO,2025-12-29,11:41:00,2025-12-30,43.35,43.85,43.0,43.05,4680,151320,0
FINNIFTY30DEC2527400CE.NFO,2025-12-29,11:42:00,2025-12-30,43.5,43.8,42.4,43.0,5915,151320,0
FINNIFTY30DEC2527400CE.NFO,2025-12-29,11:43:00,2025-12-30,42.95,45.15,42.95,45.15,20020,154245,0
FINNIFTY30DEC2527400CE.NFO,2025-12-29,11:44:00,2025-12-30,45.15,45.4,44.05,44.85,8905,154245,0
FINNIFTY30DEC2527400CE.NFO,2025-12-29,11:45:00,2025-12-30,44.85,45.2,44.0,45.2,5525,154245,0
FINNIFTY30DEC2527400CE.NFO,2025-12-29,11:46:00,2025-12-30,45.2,47.4,45.2,46.8,16120,169650,0
FINNIFTY30DEC2527400CE.NFO,2025-12-29,11:47:00,2025-12-30,46.8,48.0,46.8,47.5,12350,169650,0
FINNIFTY30DEC2527400CE.NFO,2025-12-29,11:48:00,2025-12-30,47.5,48.0,47.0,48.0,2275,169650,0
FINNIFTY30DEC2527400CE.NFO,2025-12-29,11:49:00,2025-12-30,48.0,48.0,47.25,47.45,16055,163670,0
FINNIFTY30DEC2527400CE.NFO,2025-12-29,11:50:00,2025-12-30,47.45,47.45,45.6,45.6,4095,163670,0
FINNIFTY30DEC2527400CE.NFO,2025-12-29,11:51:00,2025-12-30,45.6,46.05,44.95,46.05,9100,163670,0
FINNIFTY30DEC2527400CE.NFO,2025-12-29,11:52:00,2025-12-30,46.05,46.55,44.7,45.25,5005,157885,0
FINNIFTY30DEC2527400CE.NFO,2025-12-29,11:53:00,2025-12-30,45.25,47.0,45.25,46.8,4485,157885,0
FINNIFTY30DEC2527400CE.NFO,2025-12-29,11:54:00,2025-12-30,46.8,46.9,46.2,46.5,3510,157885,0
FINNIFTY30DEC2527400CE.NFO,2025-12-29,11:55:00,2025-12-30,46.5,47.15,46.25,46.35,2210,156260,0
FINNIFTY30DEC2527400CE.NFO,2025-12-29,11:56:00,2025-12-30,46.35,46.35,44.25,44.4,5525,156260,0
FINNIFTY30DEC2527400CE.NFO,2025-12-29,11:57:00,2025-12-30,44.4,44.45,42.9,43.95,9035,156260,0
FINNIFTY30DEC2527400CE.NFO,2025-12-29,11:58:00,2025-12-30,43.95,45.15,43.8,44.6,2145,156260,0
FINNIFTY30DEC2527400CE.NFO,2025-12-29,11:59:00,2025-12-30,44.6,45.05,43.0,43.0,2860,154115,0
FINNIFTY30DEC2527400CE.NFO,2025-12-29,12:00:00,2025-12-30,43.0,44.05,42.4,43.7,7150,154115,0
FINNIFTY30DEC2527400CE.NFO,2025-12-29,12:01:00,2025-12-30,43.7,44.7,43.7,44.25,4745,155545,0
FINNIFTY30DEC2527400CE.NFO,2025-12-29,12:02:00,2025-12-30,44.25,44.55,42.25,43.0,6565,155545,0
FINNIFTY30DEC2527400CE.NFO,2025-12-29,12:03:00,2025-12-30,43.0,43.0,40.7,40.7,24895,155545,0
FINNIFTY30DEC2527400CE.NFO,2025-12-29,12:04:00,2025-12-30,40.65,40.7,39.3,40.0,11700,151320,0
FINNIFTY30DEC2527400CE.NFO,2025-12-29,12:05:00,2025-12-30,40.15,40.6,39.85,40.25,4810,151320,0
FINNIFTY30DEC2527400CE.NFO,2025-12-29,12:06:00,2025-12-30,40.25,41.25,40.05,40.15,6045,151320,0
FINNIFTY30DEC2527400CE.NFO,2025-12-29,12:07:00,2025-12-30,40.15,41.0,40.15,40.6,11440,150800,0
FINNIFTY30DEC2527400CE.NFO,2025-12-29,12:08:00,2025-12-30,40.6,42.25,40.35,42.25,6305,150800,0
FINNIFTY30DEC2527400CE.NFO,2025-12-29,12:09:00,2025-12-30,42.25,44.3,42.0,44.0,9620,150800,0
FINNIFTY30DEC2527400CE.NFO,2025-12-29,12:10:00,2025-12-30,43.95,47.5,43.75,46.85,13130,149175,0
FINNIFTY30DEC2527400CE.NFO,2025-12-29,12:11:00,2025-12-30,46.45,46.45,44.5,45.0,19305,149175,0
FINNIFTY30DEC2527400CE.NFO,2025-12-29,12:12:00,2025-12-30,45.3,45.85,44.3,45.0,10530,149175,0
FINNIFTY30DEC2527400CE.NFO,2025-12-29,12:13:00,2025-12-30,45.0,46.8,44.8,46.8,7930,149175,0
FINNIFTY30DEC2527400CE.NFO,2025-12-29,12:14:00,2025-12-30,46.8,47.6,46.15,47.05,4875,150865,0
FINNIFTY30DEC2527400CE.NFO,2025-12-29,12:15:00,2025-12-30,47.05,47.45,46.15,46.75,5785,150865,0
FINNIFTY30DEC2527400CE.NFO,2025-12-29,12:16:00,2025-12-30,46.75,46.75,45.65,45.65,3120,150865,0
FINNIFTY30DEC2527400CE.NFO,2025-12-29,12:17:00,2025-12-30,45.65,45.9,44.5,45.45,5330,152945,0
FINNIFTY30DEC2527400CE.NFO,2025-12-29,12:18:00,2025-12-30,45.45,46.4,45.1,46.25,3315,152945,0
FINNIFTY30DEC2527400CE.NFO,2025-12-29,12:19:00,2025-12-30,46.25,47.15,46.2,46.45,3120,152945,0
FINNIFTY30DEC2527400CE.NFO,2025-12-29,12:20:00,2025-12-30,46.45,46.45,45.55,46.0,4290,153465,0
FINNIFTY30DEC2527400CE.NFO,2025-12-29,12:21:00,2025-12-30,46.0,46.0,44.4,45.55,4745,153465,0
FINNIFTY30DEC2527400CE.NFO,2025-12-29,12:22:00,2025-12-30,45.55,45.75,43.75,44.35,3315,153465,0
FINNIFTY30DEC2527400CE.NFO,2025-12-29,12:23:00,2025-12-30,44.35,44.45,42.3,42.4,6175,152815,0
FINNIFTY30DEC2527400CE.NFO,2025-12-29,12:24:00,2025-12-30,42.4,43.35,41.75,42.5,3575,152815,0
FINNIFTY30DEC2527400CE.NFO,2025-12-29,12:25:00,2025-12-30,42.5,42.6,41.4,42.0,3705,152815,0
FINNIFTY30DEC2527400CE.NFO,2025-12-29,12:26:00,2025-12-30,42.0,45.15,42.0,45.15,7215,152100,0
FINNIFTY30DEC2527400CE.NFO,2025-12-29,12:27:00,2025-12-30,45.15,45.8,43.65,43.65,6305,152100,0
FINNIFTY30DEC2527400CE.NFO,2025-12-29,12:28:00,2025-12-30,43.65,44.4,43.65,44.0,2730,152100,0
FINNIFTY30DEC2527400CE.NFO,2025-12-29,12:29:00,2025-12-30,44.0,44.0,42.75,43.5,1365,152100,0
FINNIFTY30DEC2527400CE.NFO,2025-12-29,12:30:00,2025-12-30,43.5,45.35,43.35,44.9,2080,152100,0
FINNIFTY30DEC2527400CE.NFO,2025-12-29,12:31:00,2025-12-30,44.9,45.85,44.35,45.6,7995,152100,0
FINNIFTY30DEC2527400CE.NFO,2025-12-29,12:32:00,2025-12-30,45.6,45.6,44.15,44.15,3445,152555,0
FINNIFTY30DEC2527400CE.NFO,2025-12-29,12:33:00,2025-12-30,44.15,45.8,44.15,45.25,2600,152555,0
FINNIFTY30DEC2527400CE.NFO,2025-12-29,12:34:00,2025-12-30,45.25,45.25,39.7,40.65,23400,152555,0
FINNIFTY30DEC2527400CE.NFO,2025-12-29,12:35:00,2025-12-30,42.15,42.9,41.8,42.8,11635,160420,0
FINNIFTY30DEC2527400CE.NFO,2025-12-29,12:36:00,2025-12-30,42.8,43.75,42.45,43.0,5525,160420,0
FINNIFTY30DEC2527400CE.NFO,2025-12-29,12:37:00,2025-12-30,43.0,44.35,42.05,43.7,26195,160420,0
FINNIFTY30DEC2527400CE.NFO,2025-12-29,12:38:00,2025-12-30,43.7,44.3,42.45,42.45,4355,170495,0
FINNIFTY30DEC2527400CE.NFO,2025-12-29,12:39:00,2025-12-30,42.45,42.95,42.0,42.0,2795,170495,0
FINNIFTY30DEC2527400CE.NFO,2025-12-29,12:40:00,2025-12-30,42.0,42.85,41.95,42.0,975,170495,0
FINNIFTY30DEC2527400CE.NFO,2025-12-29,12:41:00,2025-12-30,42.0,42.0,40.6,41.0,6110,169585,0
FINNIFTY30DEC2527400CE.NFO,2025-12-29,12:42:00,2025-12-30,41.0,41.6,40.4,41.25,3250,169585,0
FINNIFTY30DEC2527400CE.NFO,2025-12-29,12:43:00,2025-12-30,41.25,41.8,40.7,40.85,4225,169585,0
FINNIFTY30DEC2527400CE.NFO,2025-12-29,12:44:00,2025-12-30,40.85,41.35,40.3,40.95,4030,170560,0
FINNIFTY30DEC2527400CE.NFO,2025-12-29,12:45:00,2025-12-30,40.95,40.95,40.25,40.8,2405,170560,0
FINNIFTY30DEC2527400CE.NFO,2025-12-29,12:46:00,2025-12-30,40.8,41.15,39.35,40.8,6435,170560,0
FINNIFTY30DEC2527400CE.NFO,2025-12-29,12:47:00,2025-12-30,40.8,40.9,39.8,39.8,5915,172770,0
FINNIFTY30DEC2527400CE.NFO,2025-12-29,12:48:00,2025-12-30,39.8,39.9,39.3,39.65,5460,172770,0
FINNIFTY30DEC2527400CE.NFO,2025-12-29,12:49:00,2025-12-30,39.65,39.65,38.7,39.05,17810,172770,0
FINNIFTY30DEC2527400CE.NFO,2025-12-29,12:50:00,2025-12-30,39.05,40.0,38.85,38.85,5785,174200,0
FINNIFTY30DEC2527400CE.NFO,2025-12-29,12:51:00,2025-12-30,38.1,38.45,37.3,37.6,12155,174200,0
FINNIFTY30DEC2527400CE.NFO,2025-12-29,12:52:00,2025-12-30,37.6,39.15,37.6,38.85,2795,174200,0
FINNIFTY30DEC2527400CE.NFO,2025-12-29,12:53:00,2025-12-30,38.85,39.45,38.1,39.1,5460,176345,0
FINNIFTY30DEC2527400CE.NFO,2025-12-29,12:54:00,2025-12-30,39.1,39.95,38.45,39.3,6240,176345,0
FINNIFTY30DEC2527400CE.NFO,2025-12-29,12:55:00,2025-12-30,39.3,40.2,38.85,40.2,2925,176345,0
FINNIFTY30DEC2527400CE.NFO,2025-12-29,12:56:00,2025-12-30,40.2,41.3,40.2,40.9,2535,177905,0
FINNIFTY30DEC2527400CE.NFO,2025-12-29,12:57:00,2025-12-30,41.25,41.55,40.15,41.5,10855,177905,0
FINNIFTY30DEC2527400CE.NFO,2025-12-29,12:58:00,2025-12-30,41.5,41.85,41.0,41.85,5005,177905,0
FINNIFTY30DEC2527400CE.NFO,2025-12-29,12:59:00,2025-12-30,41.85,42.4,41.8,42.4,3250,174395,0
FINNIFTY30DEC2527400CE.NFO,2025-12-29,13:00:00,2025-12-30,42.2,43.0,42.15,42.35,3250,174395,0
FINNIFTY30DEC2527400CE.NFO,2025-12-29,13:01:00,2025-12-30,42.35,43.9,42.35,42.5,11310,174395,0
FINNIFTY30DEC2527400CE.NFO,2025-12-29,13:02:00,2025-12-30,42.5,44.0,42.3,43.85,3250,171340,0
FINNIFTY30DEC2527400CE.NFO,2025-12-29,13:03:00,2025-12-30,43.9,45.95,43.3,45.4,10205,171340,0
FINNIFTY30DEC2527400CE.NFO,2025-12-29,13:04:00,2025-12-30,45.4,47.25,45.2,46.9,16770,171340,0
FINNIFTY30DEC2527400CE.NFO,2025-12-29,13:05:00,2025-12-30,46.65,47.1,45.95,46.25,6110,174850,0
FINNIFTY30DEC2527400CE.NFO,2025-12-29,13:06:00,2025-12-30,46.25,47.05,45.65,45.7,10985,174850,0
FINNIFTY30DEC2527400CE.NFO,2025-12-29,13:07:00,2025-12-30,45.85,46.25,43.3,43.85,15535,174850,0
FINNIFTY30DEC2527400CE.NFO,2025-12-29,13:08:00,2025-12-30,43.85,45.4,43.15,45.4,5785,180830,0
FINNIFTY30DEC2527400CE.NFO,2025-12-29,13:09:00,2025-12-30,45.4,45.4,44.1,44.9,6305,180830,0
FINNIFTY30DEC2527400CE.NFO,2025-12-29,13:10:00,2025-12-30,44.9,45.65,44.05,45.65,12415,180830,0
FINNIFTY30DEC2527400CE.NFO,2025-12-29,13:11:00,2025-12-30,45.65,45.9,43.7,45.6,5980,180830,0
FINNIFTY30DEC2527400CE.NFO,2025-12-29,13:12:00,2025-12-30,45.6,45.95,45.1,45.65,7735,180830,0
FINNIFTY30DEC2527400CE.NFO,2025-12-29,13:13:00,2025-12-30,45.65,45.8,43.05,43.7,5980,180830,0
FINNIFTY30DEC2527400CE.NFO,2025-12-29,13:14:00,2025-12-30,43.7,43.85,39.15,39.45,33410,180440,0
FINNIFTY30DEC2527400CE.NFO,2025-12-29,13:15:00,2025-12-30,39.4,40.55,38.85,39.7,10660,180440,0
FINNIFTY30DEC2527400CE.NFO,2025-12-29,13:16:00,2025-12-30,39.7,40.3,38.0,38.7,16900,180440,0
FINNIFTY30DEC2527400CE.NFO,2025-12-29,13:17:00,2025-12-30,38.7,38.7,34.6,34.95,33020,181155,0
FINNIFTY30DEC2527400CE.NFO,2025-12-29,13:18:00,2025-12-30,34.8,36.4,33.75,35.65,12480,181155,0
FINNIFTY30DEC2527400CE.NFO,2025-12-29,13:19:00,2025-12-30,35.8,37.3,35.65,36.7,7605,181155,0
FINNIFTY30DEC2527400CE.NFO,2025-12-29,13:20:00,2025-12-30,36.7,37.55,36.35,37.3,3900,154570,0
FINNIFTY30DEC2527400CE.NFO,2025-12-29,13:21:00,2025-12-30,37.3,37.9,37.0,37.55,1755,154570,0
FINNIFTY30DEC2527400CE.NFO,2025-12-29,13:22:00,2025-12-30,37.55,37.75,36.8,37.7,3705,154570,0
FINNIFTY30DEC2527400CE.NFO,2025-12-29,13:23:00,2025-12-30,37.8,38.6,37.8,38.2,4875,154635,0
FINNIFTY30DEC2527400CE.NFO,2025-12-29,13:24:00,2025-12-30,38.2,39.5,38.2,39.2,2210,154635,0
FINNIFTY30DEC2527400CE.NFO,2025-12-29,13:25:00,2025-12-30,39.25,39.6,38.7,39.55,6305,154635,0
FINNIFTY30DEC2527400CE.NFO,2025-12-29,13:26:00,2025-12-30,39.55,40.0,39.2,39.45,6565,155545,0
FINNIFTY30DEC2527400CE.NFO,2025-12-29,13:27:00,2025-12-30,39.45,39.75,38.7,39.5,3315,155545,0
FINNIFTY30DEC2527400CE.NFO,2025-12-29,13:28:00,2025-12-30,39.5,40.4,39.5,40.4,7215,155545,0
FINNIFTY30DEC2527400CE.NFO,2025-12-29,13:29:00,2025-12-30,40.4,40.65,38.7,40.1,4875,158210,0
FINNIFTY30DEC2527400CE.NFO,2025-12-29,13:30:00,2025-12-30,40.1,41.0,39.55,39.9,4355,158210,0
FINNIFTY30DEC2527400CE.NFO,2025-12-29,13:31:00,2025-12-30,39.9,39.9,38.5,39.15,1820,158210,0
FINNIFTY30DEC2527400CE.NFO,2025-12-29,13:32:00,2025-12-30,39.15,40.85,38.7,40.85,8645,159315,0
FINNIFTY30DEC2527400CE.NFO,2025-12-29,13:33:00,2025-12-30,40.85,41.35,39.65,39.75,5070,159315,0
FINNIFTY30DEC2527400CE.NFO,2025-12-29,13:34:00,2025-12-30,39.75,39.75,38.35,38.35,3835,159315,0
FINNIFTY30DEC2527400CE.NFO,2025-12-29,13:35:00,2025-12-30,38.35,38.8,37.05,37.25,7930,159380,0
FINNIFTY30DEC2527400CE.NFO,2025-12-29,13:36:00,2025-12-30,37.25,38.0,35.9,37.35,11115,159380,0
FINNIFTY30DEC2527400CE.NFO,2025-12-29,13:37:00,2025-12-30,37.35,37.8,34.0,34.35,13780,159380,0
FINNIFTY30DEC2527400CE.NFO,2025-12-29,13:38:00,2025-12-30,34.35,36.75,34.2,36.7,15015,154960,0
FINNIFTY30DEC2527400CE.NFO,2025-12-29,13:39:00,2025-12-30,36.3,36.5,35.2,35.95,9945,154960,0
FINNIFTY30DEC2527400CE.NFO,2025-12-29,13:40:00,2025-12-30,35.95,36.5,35.4,36.05,7475,154960,0
FINNIFTY30DEC2527400CE.NFO,2025-12-29,13:41:00,2025-12-30,36.05,37.55,36.0,36.8,20150,156195,0
FINNIFTY30DEC2527400CE.NFO,2025-12-29,13:42:00,2025-12-30,36.8,38.0,36.7,38.0,17745,156195,0
FINNIFTY30DEC2527400CE.NFO,2025-12-29,13:43:00,2025-12-30,37.45,38.75,36.75,37.85,8450,156195,0
FINNIFTY30DEC2527400CE.NFO,2025-12-29,13:44:00,2025-12-30,37.85,39.2,37.5,37.85,9425,165945,0
FINNIFTY30DEC2527400CE.NFO,2025-12-29,13:45:00,2025-12-30,37.85,39.85,37.8,39.55,6305,165945,0
FINNIFTY30DEC2527400CE.NFO,2025-12-29,13:46:00,2025-12-30,39.45,42.95,39.15,42.95,9555,165945,0
FINNIFTY30DEC2527400CE.NFO,2025-12-29,13:47:00,2025-12-30,42.3,42.4,40.75,41.3,6825,173485,0
FINNIFTY30DEC2527400CE.NFO,2025-12-29,13:48:00,2025-12-30,41.3,43.4,41.3,42.3,8060,173485,0
FINNIFTY30DEC2527400CE.NFO,2025-12-29,13:49:00,2025-12-30,42.9,43.75,42.5,43.7,6435,173485,0
FINNIFTY30DEC2527400CE.NFO,2025-12-29,13:50:00,2025-12-30,43.7,43.85,42.2,42.7,6370,167115,0
FINNIFTY30DEC2527400CE.NFO,2025-12-29,13:51:00,2025-12-30,42.7,43.85,42.05,43.0,9685,167115,0
FINNIFTY30DEC2527400CE.NFO,2025-12-29,13:52:00,2025-12-30,42.8,44.0,42.25,43.7,5980,167115,0
FINNIFTY30DEC2527400CE.NFO,2025-12-29,13:53:00,2025-12-30,43.7,44.65,43.35,43.55,6565,167765,0
FINNIFTY30DEC2527400CE.NFO,2025-12-29,13:54:00,2025-12-30,43.55,44.5,42.55,44.2,7280,167765,0
FINNIFTY30DEC2527400CE.NFO,2025-12-29,13:55:00,2025-12-30,44.2,44.2,41.65,41.65,8190,167765,0
FINNIFTY30DEC2527400CE.NFO,2025-12-29,13:56:00,2025-12-30,42.05,42.9,41.05,42.85,11895,175370,0
FINNIFTY30DEC2527400CE.NFO,2025-12-29,13:57:00,2025-12-30,42.85,42.9,39.45,39.55,11050,175370,0
FINNIFTY30DEC2527400CE.NFO,2025-12-29,13:58:00,2025-12-30,39.55,40.9,39.55,40.9,9620,175370,0
FINNIFTY30DEC2527400CE.NFO,2025-12-29,13:59:00,2025-12-30,41.1,41.95,40.75,40.8,5005,178555,0
FINNIFTY30DEC2527400CE.NFO,2025-12-29,14:00:00,2025-12-30,40.55,41.65,40.55,41.65,5915,178555,0
FINNIFTY30DEC2527400CE.NFO,2025-12-29,14:01:00,2025-12-30,41.65,42.9,41.3,42.8,5135,178555,0
FINNIFTY30DEC2527400CE.NFO,2025-12-29,14:02:00,2025-12-30,42.75,44.95,42.75,43.95,8905,179595,0
FINNIFTY30DEC2527400CE.NFO,2025-12-29,14:03:00,2025-12-30,43.95,44.65,43.25,44.4,8710,179595,0
FINNIFTY30DEC2527400CE.NFO,2025-12-29,14:04:00,2025-12-30,44.4,44.4,43.15,43.7,5590,179595,0
FINNIFTY30DEC2527400CE.NFO,2025-12-29,14:05:00,2025-12-30,43.7,46.45,42.65,46.05,18850,184340,0
FINNIFTY30DEC2527400CE.NFO,2025-12-29,14:06:00,2025-12-30,45.85,50.25,45.6,47.75,37050,184340,0
FINNIFTY30DEC2527400CE.NFO,2025-12-29,14:07:00,2025-12-30,47.75,48.15,45.7,47.45,15340,184340,0
FINNIFTY30DEC2527400CE.NFO,2025-12-29,14:08:00,2025-12-30,47.25,47.25,44.55,46.7,11635,187525,0
FINNIFTY30DEC2527400CE.NFO,2025-12-29,14:09:00,2025-12-30,47.15,49.05,46.65,49.05,9750,187525,0
FINNIFTY30DEC2527400CE.NFO,2025-12-29,14:10:00,2025-12-30,49.05,49.05,47.5,48.05,17940,187525,0
FINNIFTY30DEC2527400CE.NFO,2025-12-29,14:11:00,2025-12-30,47.9,48.95,46.5,48.7,14690,188760,0
FINNIFTY30DEC2527400CE.NFO,2025-12-29,14:12:00,2025-12-30,48.7,49.3,47.05,47.85,14950,188760,0
FINNIFTY30DEC2527400CE.NFO,2025-12-29,14:13:00,2025-12-30,48.0,48.25,46.4,46.9,9620,188760,0
FINNIFTY30DEC2527400CE.NFO,2025-12-29,14:14:00,2025-12-30,46.9,46.95,45.1,45.8,25415,185445,0
FINNIFTY30DEC2527400CE.NFO,2025-12-29,14:15:00,2025-12-30,45.8,45.8,39.0,40.0,33995,185445,0
FINNIFTY30DEC2527400CE.NFO,2025-12-29,14:16:00,2025-12-30,40.0,41.9,39.85,41.6,13260,185445,0
FINNIFTY30DEC2527400CE.NFO,2025-12-29,14:17:00,2025-12-30,41.15,41.15,39.7,40.3,9880,167635,0
FINNIFTY30DEC2527400CE.NFO,2025-12-29,14:18:00,2025-12-30,40.3,41.05,39.8,40.45,10985,167635,0
FINNIFTY30DEC2527400CE.NFO,2025-12-29,14:19:00,2025-12-30,40.7,41.55,40.05,40.75,10920,167635,0
FINNIFTY30DEC2527400CE.NFO,2025-12-29,14:20:00,2025-12-30,40.75,42.35,40.75,41.45,9880,176475,0
FINNIFTY30DEC2527400CE.NFO,2025-12-29,14:21:00,2025-12-30,41.45,43.35,41.05,42.9,5200,176475,0
FINNIFTY30DEC2527400CE.NFO,2025-12-29,14:22:00,2025-12-30,42.9,44.0,42.35,43.55,4940,176475,0
FINNIFTY30DEC2527400CE.NFO,2025-12-29,14:23:00,2025-12-30,43.55,48.55,43.0,48.55,8385,175630,0
FINNIFTY30DEC2527400CE.NFO,2025-12-29,14:24:00,2025-12-30,48.55,54.25,48.55,53.55,33475,175630,0
FINNIFTY30DEC2527400CE.NFO,2025-12-29,14:25:00,2025-12-30,54.6,58.7,53.0,58.7,31135,175630,0
FINNIFTY30DEC2527400CE.NFO,2025-12-29,14:26:00,2025-12-30,58.7,59.95,54.2,54.2,45240,168415,0
FINNIFTY30DEC2527400CE.NFO,2025-12-29,14:27:00,2025-12-30,54.2,57.6,53.95,54.7,24050,168415,0
FINNIFTY30DEC2527400CE.NFO,2025-12-29,14:28:00,2025-12-30,55.4,56.1,51.3,53.7,37635,168415,0
FINNIFTY30DEC2527400CE.NFO,2025-12-29,14:29:00,2025-12-30,53.65,53.65,52.3,52.95,10400,149890,0
FINNIFTY30DEC2527400CE.NFO,2025-12-29,14:30:00,2025-12-30,52.95,53.6,47.5,50.2,24440,149890,0
FINNIFTY30DEC2527400CE.NFO,2025-12-29,14:31:00,2025-12-30,49.8,51.75,48.75,51.3,15535,149890,0
FINNIFTY30DEC2527400CE.NFO,2025-12-29,14:32:00,2025-12-30,51.3,52.55,50.65,52.2,12870,152750,0
FINNIFTY30DEC2527400CE.NFO,2025-12-29,14:33:00,2025-12-30,52.2,56.45,51.25,54.9,27235,152750,0
FINNIFTY30DEC2527400CE.NFO,2025-12-29,14:34:00,2025-12-30,55.6,55.6,53.85,55.3,8125,152750,0
FINNIFTY30DEC2527400CE.NFO,2025-12-29,14:35:00,2025-12-30,55.3,55.3,49.25,50.75,24310,157235,0
FINNIFTY30DEC2527400CE.NFO,2025-12-29,14:36:00,2025-12-30,50.75,50.75,48.0,50.0,13650,157235,0
FINNIFTY30DEC2527400CE.NFO,2025-12-29,14:37:00,2025-12-30,50.0,51.8,49.3,51.4,9945,157235,0
FINNIFTY30DEC2527400CE.NFO,2025-12-29,14:38:00,2025-12-30,51.4,53.85,50.95,53.85,12155,155805,0
FINNIFTY30DEC2527400CE.NFO,2025-12-29,14:39:00,2025-12-30,53.85,54.5,50.85,52.7,14625,155805,0
FINNIFTY30DEC2527400CE.NFO,2025-12-29,14:40:00,2025-12-30,52.7,53.2,51.0,51.0,3445,155805,0
FINNIFTY30DEC2527400CE.NFO,2025-12-29,14:41:00,2025-12-30,51.0,51.9,49.9,51.35,10920,154570,0
FINNIFTY30DEC2527400CE.NFO,2025-12-29,14:42:00,2025-12-30,51.5,52.3,49.1,51.2,14625,154570,0
FINNIFTY30DEC2527400CE.NFO,2025-12-29,14:43:00,2025-12-30,51.2,51.55,49.7,49.95,9685,154570,0
FINNIFTY30DEC2527400CE.NFO,2025-12-29,14:44:00,2025-12-30,49.95,54.15,49.95,54.15,6175,153205,0
FINNIFTY30DEC2527400CE.NFO,2025-12-29,14:45:00,2025-12-30,53.95,54.8,52.2,52.6,9165,153205,0
FINNIFTY30DEC2527400CE.NFO,2025-12-29,14:46:00,2025-12-30,52.2,53.3,51.0,53.05,7410,153205,0
FINNIFTY30DEC2527400CE.NFO,2025-12-29,14:47:00,2025-12-30,53.05,55.75,52.3,55.2,10725,151255,0
FINNIFTY30DEC2527400CE.NFO,2025-12-29,14:48:00,2025-12-30,55.05,57.0,54.6,56.4,22425,151255,0
FINNIFTY30DEC2527400CE.NFO,2025-12-29,14:49:00,2025-12-30,56.4,57.45,55.25,56.7,9620,151255,0
FINNIFTY30DEC2527400CE.NFO,2025-12-29,14:50:00,2025-12-30,57.0,57.1,52.9,54.45,22360,152100,0
FINNIFTY30DEC2527400CE.NFO,2025-12-29,14:51:00,2025-12-30,53.5,54.45,50.55,53.15,22230,152100,0
FINNIFTY30DEC2527400CE.NFO,2025-12-29,14:52:00,2025-12-30,53.15,55.6,52.1,55.15,14040,152100,0
FINNIFTY30DEC2527400CE.NFO,2025-12-29,14:53:00,2025-12-30,55.15,56.65,53.65,53.85,12480,144755,0
FINNIFTY30DEC2527400CE.NFO,2025-12-29,14:54:00,2025-12-30,53.4,53.55,49.6,51.25,16120,144755,0
FINNIFTY30DEC2527400CE.NFO,2025-12-29,14:55:00,2025-12-30,51.25,51.8,48.9,50.05,13325,144755,0
FINNIFTY30DEC2527400CE.NFO,2025-12-29,14:56:00,2025-12-30,49.9,52.6,49.65,50.9,9685,140465,0
FINNIFTY30DEC2527400CE.NFO,2025-12-29,14:57:00,2025-12-30,51.7,55.6,51.7,54.85,12350,140465,0
FINNIFTY30DEC2527400CE.NFO,2025-12-29,14:58:00,2025-12-30,55.5,55.6,52.6,54.25,11245,140465,0
FINNIFTY30DEC2527400CE.NFO,2025-12-29,14:59:00,2025-12-30,54.65,56.8,52.85,53.7,12350,141830,0
FINNIFTY30DEC2527400CE.NFO,2025-12-29,15:00:00,2025-12-30,52.75,56.0,51.7,52.55,26715,141830,0
FINNIFTY30DEC2527400CE.NFO,2025-12-29,15:01:00,2025-12-30,52.55,52.7,47.5,51.55,43940,141830,0
FINNIFTY30DEC2527400CE.NFO,2025-12-29,15:02:00,2025-12-30,51.05,51.65,49.0,49.45,13130,157560,0
FINNIFTY30DEC2527400CE.NFO,2025-12-29,15:03:00,2025-12-30,49.45,51.0,48.35,48.45,8515,157560,0
FINNIFTY30DEC2527400CE.NFO,2025-12-29,15:04:00,2025-12-30,48.45,51.4,48.45,51.15,11830,157560,0
FINNIFTY30DEC2527400CE.NFO,2025-12-29,15:05:00,2025-12-30,51.15,53.95,50.15,52.9,34580,136630,0
FINNIFTY30DEC2527400CE.NFO,2025-12-29,15:06:00,2025-12-30,52.9,52.9,50.0,50.55,13390,136630,0
FINNIFTY30DEC2527400CE.NFO,2025-12-29,15:07:00,2025-12-30,50.0,51.4,49.25,50.0,6500,136630,0
FINNIFTY30DEC2527400CE.NFO,2025-12-29,15:08:00,2025-12-30,49.35,49.75,46.5,48.0,16770,137280,0
FINNIFTY30DEC2527400CE.NFO,2025-12-29,15:09:00,2025-12-30,48.0,48.5,46.05,47.65,12935,137280,0
FINNIFTY30DEC2527400CE.NFO,2025-12-29,15:10:00,2025-12-30,47.9,49.25,47.45,49.25,20345,137280,0
FINNIFTY30DEC2527400CE.NFO,2025-12-29,15:11:00,2025-12-30,49.25,49.25,47.5,48.45,10790,141440,0
FINNIFTY30DEC2527400CE.NFO,2025-12-29,15:12:00,2025-12-30,48.25,49.05,47.5,49.0,8970,141440,0
FINNIFTY30DEC2527400CE.NFO,2025-12-29,15:13:00,2025-12-30,49.0,49.3,47.5,47.85,11440,141440,0
FINNIFTY30DEC2527400CE.NFO,2025-12-29,15:14:00,2025-12-30,48.3,50.0,47.75,49.35,10010,137540,0
FINNIFTY30DEC2527400CE.NFO,2025-12-29,15:15:00,2025-12-30,49.35,49.35,45.45,48.6,22035,137540,0
FINNIFTY30DEC2527400CE.NFO,2025-12-29,15:16:00,2025-12-30,48.6,49.25,47.3,48.9,4680,137540,0
FINNIFTY30DEC2527400CE.NFO,2025-12-29,15:17:00,2025-12-30,48.9,49.35,48.15,48.35,4160,129805,0
FINNIFTY30DEC2527400CE.NFO,2025-12-29,15:18:00,2025-12-30,48.35,48.7,47.25,48.3,5655,129805,0
FINNIFTY30DEC2527400CE.NFO,2025-12-29,15:19:00,2025-12-30,48.3,48.5,46.6,47.2,7280,129805,0
FINNIFTY30DEC2527400CE.NFO,2025-12-29,15:20:00,2025-12-30,47.05,48.05,45.45,45.5,6305,123760,0
FINNIFTY30DEC2527400CE.NFO,2025-12-29,15:21:00,2025-12-30,45.5,47.45,45.5,46.65,4550,123760,0
FINNIFTY30DEC2527400CE.NFO,2025-12-29,15:22:00,2025-12-30,46.45,47.8,46.0,47.45,7605,123760,0
FINNIFTY30DEC2527400CE.NFO,2025-12-29,15:23:00,2025-12-30,46.7,47.75,46.45,46.95,3575,123760,0
FINNIFTY30DEC2527400CE.NFO,2025-12-29,15:24:00,2025-12-30,46.95,48.0,46.85,47.35,10920,124280,0
FINNIFTY30DEC2527400CE.NFO,2025-12-29,15:25:00,2025-12-30,47.35,48.0,46.8,47.35,6240,124280,0
FINNIFTY30DEC2527400CE.NFO,2025-12-29,15:26:00,2025-12-30,47.5,48.35,45.6,47.9,13325,112255,0
FINNIFTY30DEC2527400CE.NFO,2025-12-29,15:27:00,2025-12-30,47.1,47.85,46.55,47.3,3380,112255,0
FINNIFTY30DEC2527400CE.NFO,2025-12-29,15:28:00,2025-12-30,47.3,48.95,46.55,47.05,20150,112255,0
FINNIFTY30DEC2527400CE.NFO,2025-12-29,15:29:00,2025-12-30,47.25,48.5,44.9,44.9,11180,95875,0
FINNIFTY30DEC2527400CE.NFO,2025-12-29,15:30:00,2025-12-30,44.9,44.9,44.9,44.9,11180,95875,1
FINNIFTY30DEC2527400CE.NFO,2025-12-30,09:15:00,2025-12-30,49.4,49.4,32.8,34.2,46735,95095,0
FINNIFTY30DEC2527400CE.NFO,2025-12-30,09:16:00,2025-12-30,34.2,39.5,34.2,36.65,49855,109785,0
FINNIFTY30DEC2527400CE.NFO,2025-12-30,09:17:00,2025-12-30,36.65,42.55,36.65,40.75,57330,109785,0
FINNIFTY30DEC2527400CE.NFO,2025-12-30,09:18:00,2025-12-30,41.2,41.2,30.2,33.3,77675,109785,0
FINNIFTY30DEC2527400CE.NFO,2025-12-30,09:19:00,2025-12-30,33.15,34.25,29.85,33.25,50960,146965,0
FINNIFTY30DEC2527400CE.NFO,2025-12-30,09:20:00,2025-12-30,33.25,33.4,28.7,29.45,36855,146965,0
FINNIFTY30DEC2527400CE.NFO,2025-12-30,09:21:00,2025-12-30,29.45,29.45,26.45,27.25,63960,146965,0
FINNIFTY30DEC2527400CE.NFO,2025-12-30,09:22:00,2025-12-30,26.9,27.2,20.55,22.05,99125,166400,0
FINNIFTY30DEC2527400CE.NFO,2025-12-30,09:23:00,2025-12-30,22.05,26.2,22.05,22.9,49855,166400,0
FINNIFTY30DEC2527400CE.NFO,2025-12-30,09:24:00,2025-12-30,22.9,24.15,22.5,23.35,43940,166400,0
FINNIFTY30DEC2527400CE.NFO,2025-12-30,09:25:00,2025-12-30,23.45,25.2,23.15,24.4,25415,180895,0
FINNIFTY30DEC2527400CE.NFO,2025-12-30,09:26:00,2025-12-30,24.05,24.25,21.3,21.95,36985,180895,0
FINNIFTY30DEC2527400CE.NFO,2025-12-30,09:27:00,2025-12-30,21.5,22.9,21.5,22.65,22100,180895,0
FINNIFTY30DEC2527400CE.NFO,2025-12-30,09:28:00,2025-12-30,22.65,24.5,22.25,23.9,12935,199095,0
FINNIFTY30DEC2527400CE.NFO,2025-12-30,09:29:00,2025-12-30,23.9,24.5,22.65,23.2,11440,199095,0
FINNIFTY30DEC2527400CE.NFO,2025-12-30,09:30:00,2025-12-30,23.5,23.5,21.9,23.15,13455,199095,0
FINNIFTY30DEC2527400CE.NFO,2025-12-30,09:31:00,2025-12-30,23.15,25.35,22.75,23.7,20930,195000,0
FINNIFTY30DEC2527400CE.NFO,2025-12-30,09:32:00,2025-12-30,23.7,24.1,21.1,22.0,36205,195000,0
FINNIFTY30DEC2527400CE.NFO,2025-12-30,09:33:00,2025-12-30,22.0,24.5,21.85,24.4,33865,195000,0
FINNIFTY30DEC2527400CE.NFO,2025-12-30,09:34:00,2025-12-30,24.4,26.6,23.8,26.35,35425,198705,0
FINNIFTY30DEC2527400CE.NFO,2025-12-30,09:35:00,2025-12-30,26.9,27.15,24.25,26.9,46995,198705,0
FINNIFTY30DEC2527400CE.NFO,2025-12-30,09:36:00,2025-12-30,26.95,29.6,22.2,22.9,62855,198705,0
FINNIFTY30DEC2527400CE.NFO,2025-12-30,09:37:00,2025-12-30,22.6,24.35,22.4,22.4,28990,201240,0
FINNIFTY30DEC2527400CE.NFO,2025-12-30,09:38:00,2025-12-30,22.4,23.6,21.5,22.05,35165,201240,0
FINNIFTY30DEC2527400CE.NFO,2025-12-30,09:39:00,2025-12-30,22.05,29.0,20.8,28.2,78975,201240,0
FINNIFTY30DEC2527400CE.NFO,2025-12-30,09:40:00,2025-12-30,28.2,28.2,25.0,25.4,42250,208195,0
FINNIFTY30DEC2527400CE.NFO,2025-12-30,09:41:00,2025-12-30,25.4,26.05,23.15,24.9,25025,208195,0
FINNIFTY30DEC2527400CE.NFO,2025-12-30,09:42:00,2025-12-30,24.85,27.15,24.6,27.15,18590,208195,0
FINNIFTY30DEC2527400CE.NFO,2025-12-30,09:43:00,2025-12-30,27.15,28.4,26.1,28.0,40625,215670,0
FINNIFTY30DEC2527400CE.NFO,2025-12-30,09:44:00,2025-12-30,28.2,29.7,27.6,28.1,36790,215670,0
FINNIFTY30DEC2527400CE.NFO,2025-12-30,09:45:00,2025-12-30,28.1,28.9,23.2,23.2,33410,215670,0
FINNIFTY30DEC2527400CE.NFO,2025-12-30,09:46:00,2025-12-30,23.3,23.6,20.6,22.1,56160,220285,0
FINNIFTY30DEC2527400CE.NFO,2025-12-30,09:47:00,2025-12-30,22.1,22.4,20.3,20.85,22490,220285,0
FINNIFTY30DEC2527400CE.NFO,2025-12-30,09:48:00,2025-12-30,20.85,21.85,17.6,19.0,50505,220285,0
FINNIFTY30DEC2527400CE.NFO,2025-12-30,09:49:00,2025-12-30,19.0,20.0,17.65,18.6,32110,235950,0
FINNIFTY30DEC2527400CE.NFO,2025-12-30,09:50:00,2025-12-30,18.65,18.65,16.9,17.4,36205,235950,0
FINNIFTY30DEC2527400CE.NFO,2025-12-30,09:51:00,2025-12-30,17.4,23.35,17.4,23.35,61100,235950,0
FINNIFTY30DEC2527400CE.NFO,2025-12-30,09:52:00,2025-12-30,22.85,26.0,22.85,24.2,69355,242125,0
FINNIFTY30DEC2527400CE.NFO,2025-12-30,09:53:00,2025-12-30,24.25,26.4,22.35,26.35,74425,242125,0
FINNIFTY30DEC2527400CE.NFO,2025-12-30,09:54:00,2025-12-30,25.95,27.3,25.2,26.75,41275,242125,0
FINNIFTY30DEC2527400CE.NFO,2025-12-30,09:55:00,2025-12-30,26.75,33.45,25.5,29.45,62790,238680,0
FINNIFTY30DEC2527400CE.NFO,2025-12-30,09:56:00,2025-12-30,29.05,30.35,27.85,29.8,50310,238680,0
FINNIFTY30DEC2527400CE.NFO,2025-12-30,09:57:00,2025-12-30,29.6,30.55,27.8,28.0,45305,238680,0
FINNIFTY30DEC2527400CE.NFO,2025-12-30,09:58:00,2025-12-30,28.0,29.4,26.9,27.6,39260,229905,0
FINNIFTY30DEC2527400CE.NFO,2025-12-30,09:59:00,2025-12-30,27.6,28.0,25.0,26.75,51220,229905,0
FINNIFTY30DEC2527400CE.NFO,2025-12-30,10:00:00,2025-12-30,26.75,27.65,25.55,25.55,22230,229905,0
FINNIFTY30DEC2527400CE.NFO,2025-12-30,10:01:00,2025-12-30,25.55,26.0,19.35,20.65,65715,231595,0
FINNIFTY30DEC2527400CE.NFO,2025-12-30,10:02:00,2025-12-30,20.55,24.95,20.55,23.95,59800,231595,0
FINNIFTY30DEC2527400CE.NFO,2025-12-30,10:03:00,2025-12-30,23.95,24.2,21.8,22.8,41405,231595,0
FINNIFTY30DEC2527400CE.NFO,2025-12-30,10:04:00,2025-12-30,22.8,25.0,22.4,23.4,23660,254085,0
FINNIFTY30DEC2527400CE.NFO,2025-12-30,10:05:00,2025-12-30,23.4,24.3,21.8,22.25,32110,254085,0
FINNIFTY30DEC2527400CE.NFO,2025-12-30,10:06:00,2025-12-30,22.0,22.4,19.85,20.0,54405,254085,0
FINNIFTY30DEC2527400CE.NFO,2025-12-30,10:07:00,2025-12-30,19.75,21.3,18.55,19.6,58240,275730,0
FINNIFTY30DEC2527400CE.NFO,2025-12-30,10:08:00,2025-12-30,19.5,20.7,18.45,18.5,22945,275730,0
FINNIFTY30DEC2527400CE.NFO,2025-12-30,10:09:00,2025-12-30,18.5,19.15,17.5,18.9,38545,275730,0
FINNIFTY30DEC2527400CE.NFO,2025-12-30,10:10:00,2025-12-30,19.05,20.05,18.4,18.8,39390,290420,0
FINNIFTY30DEC2527400CE.NFO,2025-12-30,10:11:00,2025-12-30,18.8,20.25,18.35,18.6,39520,290420,0
FINNIFTY30DEC2527400CE.NFO,2025-12-30,10:12:00,2025-12-30,18.95,23.45,18.45,22.15,66170,290420,0
FINNIFTY30DEC2527400CE.NFO,2025-12-30,10:13:00,2025-12-30,21.55,24.05,21.55,23.4,60190,294255,0
FINNIFTY30DEC2527400CE.NFO,2025-12-30,10:14:00,2025-12-30,23.4,24.0,20.85,22.3,67275,294255,0
FINNIFTY30DEC2527400CE.NFO,2025-12-30,10:15:00,2025-12-30,22.05,24.15,22.05,23.45,77805,294255,0
FINNIFTY30DEC2527400CE.NFO,2025-12-30,10:16:00,2025-12-30,23.45,24.15,22.75,22.75,49075,277615,0
FINNIFTY30DEC2527400CE.NFO,2025-12-30,10:17:00,2025-12-30,22.75,24.15,22.75,23.8,25350,277615,0
FINNIFTY30DEC2527400CE.NFO,2025-12-30,10:18:00,2025-12-30,23.75,24.25,22.1,22.2,33410,277615,0
FINNIFTY30DEC2527400CE.NFO,2025-12-30,10:19:00,2025-12-30,22.2,23.2,21.2,23.15,41925,287690,0
FINNIFTY30DEC2527400CE.NFO,2025-12-30,10:20:00,2025-12-30,23.15,28.65,22.85,28.2,96525,287690,0
FINNIFTY30DEC2527400CE.NFO,2025-12-30,10:21:00,2025-12-30,28.45,30.65,27.35,28.45,104000,287690,0
FINNIFTY30DEC2527400CE.NFO,2025-12-30,10:22:00,2025-12-30,28.45,30.0,28.25,29.2,60450,281515,0
FINNIFTY30DEC2527400CE.NFO,2025-12-30,10:23:00,2025-12-30,29.2,31.25,28.4,29.85,36400,281515,0
FINNIFTY30DEC2527400CE.NFO,2025-12-30,10:24:00,2025-12-30,29.95,31.75,29.3,31.0,64285,281515,0
FINNIFTY30DEC2527400CE.NFO,2025-12-30,10:25:00,2025-12-30,31.0,32.5,29.35,30.9,55120,277485,0
FINNIFTY30DEC2527400CE.NFO,2025-12-30,10:26:00,2025-12-30,31.2,31.5,28.8,29.4,30810,277485,0
FINNIFTY30DEC2527400CE.NFO,2025-12-30,10:27:00,2025-12-30,29.2,31.6,28.5,30.9,57135,277485,0
FINNIFTY30DEC2527400CE.NFO,2025-12-30,10:28:00,2025-12-30,31.25,31.75,28.8,30.6,59930,307580,0
FINNIFTY30DEC2527400CE.NFO,2025-12-30,10:29:00,2025-12-30,30.6,30.6,26.7,28.3,65065,307580,0
FINNIFTY30DEC2527400CE.NFO,2025-12-30,10:30:00,2025-12-30,28.15,33.35,28.1,32.45,94965,307580,0
FINNIFTY30DEC2527400CE.NFO,2025-12-30,10:31:00,2025-12-30,32.75,35.7,31.1,31.3,106015,282230,0
FINNIFTY30DEC2527400CE.NFO,2025-12-30,10:32:00,2025-12-30,31.8,34.7,31.0,32.85,58110,282230,0
FINNIFTY30DEC2527400CE.NFO,2025-12-30,10:33:00,2025-12-30,32.85,34.5,32.65,33.4,48360,282230,0
FINNIFTY30DEC2527400CE.NFO,2025-12-30,10:34:00,2025-12-30,33.35,34.8,33.0,33.75,56160,290745,0
FINNIFTY30DEC2527400CE.NFO,2025-12-30,10:35:00,2025-12-30,33.4,33.6,29.4,30.3,86710,290745,0
FINNIFTY30DEC2527400CE.NFO,2025-12-30,10:36:00,2025-12-30,30.1,31.45,25.75,26.6,97175,290745,0
FINNIFTY30DEC2527400CE.NFO,2025-12-30,10:37:00,2025-12-30,26.45,28.7,24.5,25.5,87490,312715,0
FINNIFTY30DEC2527400CE.NFO,2025-12-30,10:38:00,2025-12-30,25.75,26.8,23.75,24.4,67470,312715,0
FINNIFTY30DEC2527400CE.NFO,2025-12-30,10:39:00,2025-12-30,24.4,27.35,24.15,25.35,57850,312715,0
FINNIFTY30DEC2527400CE.NFO,2025-12-30,10:40:00,2025-12-30,25.35,25.75,21.9,23.0,62595,320970,0
FINNIFTY30DEC2527400CE.NFO,2025-12-30,10:41:00,2025-12-30,22.9,24.05,20.6,23.75,55835,320970,0
FINNIFTY30DEC2527400CE.NFO,2025-12-30,10:42:00,2025-12-30,23.65,23.65,19.6,19.8,56745,320970,0
FINNIFTY30DEC2527400CE.NFO,2025-12-30,10:43:00,2025-12-30,20.1,20.95,18.8,19.25,72215,330980,0
FINNIFTY30DEC2527400CE.NFO,2025-12-30,10:44:00,2025-12-30,19.25,20.1,17.4,18.65,59020,330980,0
FINNIFTY30DEC2527400CE.NFO,2025-12-30,10:45:00,2025-12-30,18.65,18.95,16.35,16.85,45890,330980,0
FINNIFTY30DEC2527400CE.NFO,2025-12-30,10:46:00,2025-12-30,16.85,17.75,15.3,17.7,103090,352170,0
FINNIFTY30DEC2527400CE.NFO,2025-12-30,10:47:00,2025-12-30,17.95,17.95,15.6,16.35,54015,352170,0
FINNIFTY30DEC2527400CE.NFO,2025-12-30,10:48:00,2025-12-30,16.45,17.2,15.65,16.1,37310,352170,0
FINNIFTY30DEC2527400CE.NFO,2025-12-30,10:49:00,2025-12-30,16.1,18.3,15.7,18.0,73450,360165,0
FINNIFTY30DEC2527400CE.NFO,2025-12-30,10:50:00,2025-12-30,18.0,18.8,16.85,18.4,76180,360165,0
FINNIFTY30DEC2527400CE.NFO,2025-12-30,10:51:00,2025-12-30,18.6,19.95,16.0,16.7,82485,360165,0
FINNIFTY30DEC2527400CE.NFO,2025-12-30,10:52:00,2025-12-30,16.7,16.9,13.2,14.35,101660,405405,0
FINNIFTY30DEC2527400CE.NFO,2025-12-30,10:53:00,2025-12-30,14.35,14.45,12.7,12.9,89245,405405,0
FINNIFTY30DEC2527400CE.NFO,2025-12-30,10:54:00,2025-12-30,13.05,13.05,11.0,11.4,79040,405405,0
FINNIFTY30DEC2527400CE.NFO,2025-12-30,10:55:00,2025-12-30,11.4,11.95,11.05,11.75,47580,412555,0
FINNIFTY30DEC2527400CE.NFO,2025-12-30,10:56:00,2025-12-30,11.6,12.45,11.55,12.15,39520,412555,0
FINNIFTY30DEC2527400CE.NFO,2025-12-30,10:57:00,2025-12-30,12.4,13.6,12.2,13.0,51935,412555,0
FINNIFTY30DEC2527400CE.NFO,2025-12-30,10:58:00,2025-12-30,13.0,13.0,11.95,12.0,53560,413595,0
FINNIFTY30DEC2527400CE.NFO,2025-12-30,10:59:00,2025-12-30,12.0,12.4,11.35,12.2,28795,413595,0
FINNIFTY30DEC2527400CE.NFO,2025-12-30,11:00:00,2025-12-30,12.2,13.05,11.75,13.0,44915,413595,0
FINNIFTY30DEC2527400CE.NFO,2025-12-30,11:01:00,2025-12-30,13.0,13.0,11.55,11.6,40885,426595,0
FINNIFTY30DEC2527400CE.NFO,2025-12-30,11:02:00,2025-12-30,11.6,12.85,11.6,12.8,47710,426595,0
FINNIFTY30DEC2527400CE.NFO,2025-12-30,11:03:00,2025-12-30,12.8,13.2,11.7,12.5,58370,426595,0
FINNIFTY30DEC2527400CE.NFO,2025-12-30,11:04:00,2025-12-30,12.5,12.85,12.2,12.55,16510,444535,0
FINNIFTY30DEC2527400CE.NFO,2025-12-30,11:05:00,2025-12-30,12.55,15.0,12.15,13.8,63635,444535,0
FINNIFTY30DEC2527400CE.NFO,2025-12-30,11:06:00,2025-12-30,13.8,13.9,11.9,12.45,41340,444535,0
FINNIFTY30DEC2527400CE.NFO,2025-12-30,11:07:00,2025-12-30,12.45,12.95,10.9,12.05,61230,435760,0
FINNIFTY30DEC2527400CE.NFO,2025-12-30,11:08:00,2025-12-30,12.05,13.2,11.55,13.0,38415,435760,0
FINNIFTY30DEC2527400CE.NFO,2025-12-30,11:09:00,2025-12-30,13.0,13.35,12.5,12.75,27365,435760,0
FINNIFTY30DEC2527400CE.NFO,2025-12-30,11:10:00,2025-12-30,12.75,12.75,11.55,11.55,34840,445510,0
FINNIFTY30DEC2527400CE.NFO,2025-12-30,11:11:00,2025-12-30,11.55,11.6,9.95,11.45,101205,445510,0
FINNIFTY30DEC2527400CE.NFO,2025-12-30,11:12:00,2025-12-30,11.45,12.7,10.7,11.45,52065,445510,0
FINNIFTY30DEC2527400CE.NFO,2025-12-30,11:13:00,2025-12-30,11.5,13.15,11.5,12.0,60840,451360,0
FINNIFTY30DEC2527400CE.NFO,2025-12-30,11:14:00,2025-12-30,12.15,12.2,11.4,11.8,23530,451360,0
FINNIFTY30DEC2527400CE.NFO,2025-12-30,11:15:00,2025-12-30,11.8,13.3,11.1,13.3,26715,451360,0
FINNIFTY30DEC2527400CE.NFO,2025-12-30,11:16:00,2025-12-30,13.3,13.75,12.3,13.6,25935,450060,0
FINNIFTY30DEC2527400CE.NFO,2025-12-30,11:17:00,2025-12-30,13.6,14.2,12.9,13.8,28600,450060,0
FINNIFTY30DEC2527400CE.NFO,2025-12-30,11:18:00,2025-12-30,13.8,14.8,13.7,13.8,63115,450060,0
FINNIFTY30DEC2527400CE.NFO,2025-12-30,11:19:00,2025-12-30,13.8,14.55,12.4,12.4,54470,431275,0
FINNIFTY30DEC2527400CE.NFO,2025-12-30,11:20:00,2025-12-30,12.4,13.55,11.9,12.9,48295,431275,0
FINNIFTY30DEC2527400CE.NFO,2025-12-30,11:21:00,2025-12-30,12.9,13.15,11.25,11.45,28925,431275,0
FINNIFTY30DEC2527400CE.NFO,2025-12-30,11:22:00,2025-12-30,11.45,11.7,10.8,11.6,28990,445120,0
FINNIFTY30DEC2527400CE.NFO,2025-12-30,11:23:00,2025-12-30,11.4,11.45,10.2,10.45,58500,445120,0
FINNIFTY30DEC2527400CE.NFO,2025-12-30,11:24:00,2025-12-30,10.45,11.35,9.6,10.0,91520,445120,0
FINNIFTY30DEC2527400CE.NFO,2025-12-30,11:25:00,2025-12-30,10.0,10.45,9.15,9.75,37895,458380,0
FINNIFTY30DEC2527400CE.NFO,2025-12-30,11:26:00,2025-12-30,9.65,10.2,9.25,10.05,32175,458380,0
FINNIFTY30DEC2527400CE.NFO,2025-12-30,11:27:00,2025-12-30,10.05,10.15,9.25,9.7,20150,458380,0
FINNIFTY30DEC2527400CE.NFO,2025-12-30,11:28:00,2025-12-30,9.7,10.85,9.6,9.6,27820,459225,0
FINNIFTY30DEC2527400CE.NFO,2025-12-30,11:29:00,2025-12-30,9.8,10.25,9.4,9.75,30485,459225,0
FINNIFTY30DEC2527400CE.NFO,2025-12-30,11:30:00,2025-12-30,10.0,10.0,7.3,7.7,82680,459225,0
FINNIFTY30DEC2527400CE.NFO,2025-12-30,11:31:00,2025-12-30,7.7,8.6,7.5,8.35,70525,449930,0
FINNIFTY30DEC2527400CE.NFO,2025-12-30,11:32:00,2025-12-30,8.25,8.75,7.6,7.85,61555,449930,0
FINNIFTY30DEC2527400CE.NFO,2025-12-30,11:33:00,2025-12-30,7.85,7.85,6.75,7.1,67925,449930,0
FINNIFTY30DEC2527400CE.NFO,2025-12-30,11:34:00,2025-12-30,7.15,7.45,6.3,6.55,55120,443625,0
FINNIFTY30DEC2527400CE.NFO,2025-12-30,11:35:00,2025-12-30,6.55,7.05,6.35,6.85,52065,443625,0
FINNIFTY30DEC2527400CE.NFO,2025-12-30,11:36:00,2025-12-30,6.85,7.7,6.75,7.3,31460,443625,0
FINNIFTY30DEC2527400CE.NFO,2025-12-30,11:37:00,2025-12-30,7.3,7.65,6.95,7.0,21320,441155,0
FINNIFTY30DEC2527400CE.NFO,2025-12-30,11:38:00,2025-12-30,7.1,7.75,7.0,7.45,24310,441155,0
FINNIFTY30DEC2527400CE.NFO,2025-12-30,11:39:00,2025-12-30,7.45,8.2,7.3,8.2,23400,441155,0
FINNIFTY30DEC2527400CE.NFO,2025-12-30,11:40:00,2025-12-30,8.2,8.55,7.95,8.5,39585,452140,0
FINNIFTY30DEC2527400CE.NFO,2025-12-30,11:41:00,2025-12-30,8.5,9.7,8.5,9.7,80795,452140,0
FINNIFTY30DEC2527400CE.NFO,2025-12-30,11:42:00,2025-12-30,9.75,10.6,9.45,10.15,63635,452140,0
FINNIFTY30DEC2527400CE.NFO,2025-12-30,11:43:00,2025-12-30,10.15,10.6,9.7,10.2,30550,465855,0
FINNIFTY30DEC2527400CE.NFO,2025-12-30,11:44:00,2025-12-30,10.2,11.55,10.2,10.7,93990,465855,0
FINNIFTY30DEC2527400CE.NFO,2025-12-30,11:45:00,2025-12-30,10.55,11.8,10.55,11.55,42705,465855,0
FINNIFTY30DEC2527400CE.NFO,2025-12-30,11:46:00,2025-12-30,11.55,11.6,10.25,10.7,58695,471705,0
FINNIFTY30DEC2527400CE.NFO,2025-12-30,11:47:00,2025-12-30,10.55,10.9,9.6,10.55,38090,471705,0
FINNIFTY30DEC2527400CE.NFO,2025-12-30,11:48:00,2025-12-30,10.55,10.85,10.1,10.3,23855,471705,0
FINNIFTY30DEC2527400CE.NFO,2025-12-30,11:49:00,2025-12-30,10.3,10.5,9.65,9.85,25090,457470,0
FINNIFTY30DEC2527400CE.NFO,2025-12-30,11:50:00,2025-12-30,9.85,10.0,8.3,8.65,70330,457470,0
FINNIFTY30DEC2527400CE.NFO,2025-12-30,11:51:00,2025-12-30,8.65,8.95,7.9,8.7,40170,457470,0
FINNIFTY30DEC2527400CE.NFO,2025-12-30,11:52:00,2025-12-30,8.7,8.75,7.2,7.7,52195,450580,0
FINNIFTY30DEC2527400CE.NFO,2025-12-30,11:53:00,2025-12-30,7.7,8.6,7.55,8.35,38155,450580,0
FINNIFTY30DEC2527400CE.NFO,2025-12-30,11:54:00,2025-12-30,8.35,8.35,7.65,7.7,28535,450580,0
FINNIFTY30DEC2527400CE.NFO,2025-12-30,11:55:00,2025-12-30,7.7,7.7,6.65,7.25,46475,450580,0
FINNIFTY30DEC2527400CE.NFO,2025-12-30,11:56:00,2025-12-30,7.25,7.7,6.95,7.25,31460,450255,0
FINNIFTY30DEC2527400CE.NFO,2025-12-30,11:57:00,2025-12-30,7.25,7.3,5.95,6.0,31590,450255,0
FINNIFTY30DEC2527400CE.NFO,2025-12-30,11:58:00,2025-12-30,6.05,6.4,5.7,6.35,43680,450255,0
FINNIFTY30DEC2527400CE.NFO,2025-12-30,11:59:00,2025-12-30,6.35,6.35,6.05,6.3,15470,456820,0
FINNIFTY30DEC2527400CE.NFO,2025-12-30,12:00:00,2025-12-30,6.2,6.65,6.05,6.35,34190,456820,0
FINNIFTY30DEC2527400CE.NFO,2025-12-30,12:01:00,2025-12-30,6.35,6.45,5.65,5.8,65000,456820,0
FINNIFTY30DEC2527400CE.NFO,2025-12-30,12:02:00,2025-12-30,5.8,6.45,5.75,6.3,22230,479700,0
FINNIFTY30DEC2527400CE.NFO,2025-12-30,12:03:00,2025-12-30,6.25,6.35,5.75,6.0,17940,479700,0
FINNIFTY30DEC2527400CE.NFO,2025-12-30,12:04:00,2025-12-30,6.0,6.15,5.75,6.05,28600,479700,0
FINNIFTY30DEC2527400CE.NFO,2025-12-30,12:05:00,2025-12-30,6.0,6.85,5.95,6.75,28860,483145,0
FINNIFTY30DEC2527400CE.NFO,2025-12-30,12:06:00,2025-12-30,6.75,6.95,6.35,6.35,26845,483145,0
FINNIFTY30DEC2527400CE.NFO,2025-12-30,12:07:00,2025-12-30,6.35,6.7,6.25,6.45,12350,483145,0
FINNIFTY30DEC2527400CE.NFO,2025-12-30,12:08:00,2025-12-30,6.45,7.0,6.3,6.5,22490,485290,0
FINNIFTY30DEC2527400CE.NFO,2025-12-30,12:09:00,2025-12-30,6.5,6.75,6.4,6.55,14755,485290,0
FINNIFTY30DEC2527400CE.NFO,2025-12-30,12:10:00,2025-12-30,6.55,6.8,6.2,6.2,21450,485290,0
FINNIFTY30DEC2527400CE.NFO,2025-12-30,12:11:00,2025-12-30,6.2,6.3,5.05,5.5,44265,487760,0
FINNIFTY30DEC2527400CE.NFO,2025-12-30,12:12:00,2025-12-30,5.5,5.5,4.0,4.1,100230,487760,0
FINNIFTY30DEC2527400CE.NFO,2025-12-30,12:13:00,2025-12-30,4.1,4.15,3.6,3.8,75595,487760,0
FINNIFTY30DEC2527400CE.NFO,2025-12-30,12:14:00,2025-12-30,3.8,4.1,3.65,4.1,33475,457795,0
FINNIFTY30DEC2527400CE.NFO,2025-12-30,12:15:00,2025-12-30,4.1,4.4,3.9,3.95,75270,457795,0
FINNIFTY30DEC2527400CE.NFO,2025-12-30,12:16:00,2025-12-30,3.9,4.15,3.85,4.05,33475,457795,0
FINNIFTY30DEC2527400CE.NFO,2025-12-30,12:17:00,2025-12-30,4.05,4.45,3.9,4.4,37310,437710,0
FINNIFTY30DEC2527400CE.NFO,2025-12-30,12:18:00,2025-12-30,4.15,4.45,3.9,4.05,42315,437710,0
FINNIFTY30DEC2527400CE.NFO,2025-12-30,12:19:00,2025-12-30,4.05,4.5,3.9,4.3,24830,437710,0
FINNIFTY30DEC2527400CE.NFO,2025-12-30,12:20:00,2025-12-30,4.3,5.15,4.25,5.0,30745,421655,0
FINNIFTY30DEC2527400CE.NFO,2025-12-30,12:21:00,2025-12-30,5.0,5.45,4.65,4.85,41730,421655,0
FINNIFTY30DEC2527400CE.NFO,2025-12-30,12:22:00,2025-12-30,4.85,4.85,4.25,4.55,37375,421655,0
FINNIFTY30DEC2527400CE.NFO,2025-12-30,12:23:00,2025-12-30,4.55,4.55,4.2,4.4,15925,429650,0
FINNIFTY30DEC2527400CE.NFO,2025-12-30,12:24:00,2025-12-30,4.4,4.65,4.25,4.55,15210,429650,0
FINNIFTY30DEC2527400CE.NFO,2025-12-30,12:25:00,2025-12-30,4.55,4.7,4.15,4.7,17940,429650,0
FINNIFTY30DEC2527400CE.NFO,2025-12-30,12:26:00,2025-12-30,4.7,5.25,4.7,5.05,29965,431860,0
FINNIFTY30DEC2527400CE.NFO,2025-12-30,12:27:00,2025-12-30,5.05,5.1,4.35,4.45,15015,431860,0
FINNIFTY30DEC2527400CE.NFO,2025-12-30,12:28:00,2025-12-30,4.45,4.5,3.8,3.9,25805,431860,0
FINNIFTY30DEC2527400CE.NFO,2025-12-30,12:29:00,2025-12-30,3.9,4.25,3.6,4.25,32175,434850,0
FINNIFTY30DEC2527400CE.NFO,2025-12-30,12:30:00,2025-12-30,4.25,4.3,3.95,4.15,19760,434850,0
FINNIFTY30DEC2527400CE.NFO,2025-12-30,12:31:00,2025-12-30,4.15,4.25,3.9,4.15,28275,434850,0
FINNIFTY30DEC2527400CE.NFO,2025-12-30,12:32:00,2025-12-30,4.15,4.5,4.1,4.35,9880,443430,0
FINNIFTY30DEC2527400CE.NFO,2025-12-30,12:33:00,2025-12-30,4.35,5.5,4.3,5.4,17810,443430,0
FINNIFTY30DEC2527400CE.NFO,2025-12-30,12:34:00,2025-12-30,5.4,5.7,4.8,4.85,62075,443430,0
FINNIFTY30DEC2527400CE.NFO,2025-12-30,12:35:00,2025-12-30,4.85,4.9,4.1,4.45,39520,445250,0
FINNIFTY30DEC2527400CE.NFO,2025-12-30,12:36:00,2025-12-30,4.45,5.05,4.35,5.0,22490,445250,0
FINNIFTY30DEC2527400CE.NFO,2025-12-30,12:37:00,2025-12-30,5.0,5.55,4.8,5.5,18265,445250,0
FINNIFTY30DEC2527400CE.NFO,2025-12-30,12:38:00,2025-12-30,5.6,5.85,5.25,5.3,32955,465725,0
FINNIFTY30DEC2527400CE.NFO,2025-12-30,12:39:00,2025-12-30,5.25,5.5,4.9,5.3,20020,465725,0
FINNIFTY30DEC2527400CE.NFO,2025-12-30,12:40:00,2025-12-30,5.3,5.5,4.65,5.05,26650,465725,0
FINNIFTY30DEC2527400CE.NFO,2025-12-30,12:41:00,2025-12-30,4.85,5.2,4.7,4.85,27170,456365,0
FINNIFTY30DEC2527400CE.NFO,2025-12-30,12:42:00,2025-12-30,4.85,5.1,4.45,4.7,23920,456365,0
FINNIFTY30DEC2527400CE.NFO,2025-12-30,12:43:00,2025-12-30,4.7,4.85,3.95,4.4,20085,456365,0
FINNIFTY30DEC2527400CE.NFO,2025-12-30,12:44:00,2025-12-30,4.4,4.55,4.15,4.35,11765,460525,0
FINNIFTY30DEC2527400CE.NFO,2025-12-30,12:45:00,2025-12-30,4.35,4.35,3.6,3.8,47515,460525,0
FINNIFTY30DEC2527400CE.NFO,2025-12-30,12:46:00,2025-12-30,3.8,3.85,3.4,3.75,50245,460525,0
FINNIFTY30DEC2527400CE.NFO,2025-12-30,12:47:00,2025-12-30,3.75,4.35,3.75,4.35,22880,429325,0
FINNIFTY30DEC2527400CE.NFO,2025-12-30,12:48:00,2025-12-30,4.35,5.45,4.3,5.45,78260,429325,0
FINNIFTY30DEC2527400CE.NFO,2025-12-30,12:49:00,2025-12-30,5.3,5.55,4.9,5.05,43875,429325,0
FINNIFTY30DEC2527400CE.NFO,2025-12-30,12:50:00,2025-12-30,5.05,5.2,4.75,4.9,10920,428350,0
FINNIFTY30DEC2527400CE.NFO,2025-12-30,12:51:00,2025-12-30,4.9,4.95,4.45,4.5,10790,428350,0
FINNIFTY30DEC2527400CE.NFO,2025-12-30,12:52:00,2025-12-30,4.4,4.45,3.7,4.25,33020,428350,0
FINNIFTY30DEC2527400CE.NFO,2025-12-30,12:53:00,2025-12-30,4.25,4.8,4.1,4.8,17030,422760,0
FINNIFTY30DEC2527400CE.NFO,2025-12-30,12:54:00,2025-12-30,4.75,5.2,4.65,4.65,19955,422760,0
FINNIFTY30DEC2527400CE.NFO,2025-12-30,12:55:00,2025-12-30,4.65,4.8,4.2,4.75,17680,422760,0
FINNIFTY30DEC2527400CE.NFO,2025-12-30,12:56:00,2025-12-30,4.75,4.8,4.25,4.25,13520,425100,0
FINNIFTY30DEC2527400CE.NFO,2025-12-30,12:57:00,2025-12-30,4.25,4.4,3.85,4.05,38545,425100,0
FINNIFTY30DEC2527400CE.NFO,2025-12-30,12:58:00,2025-12-30,4.05,4.1,3.45,3.55,19305,425100,0
FINNIFTY30DEC2527400CE.NFO,2025-12-30,12:59:00,2025-12-30,3.55,3.8,3.35,3.65,19305,428805,0
FINNIFTY30DEC2527400CE.NFO,2025-12-30,13:00:00,2025-12-30,3.55,3.85,3.5,3.7,15860,428805,0
FINNIFTY30DEC2527400CE.NFO,2025-12-30,13:01:00,2025-12-30,3.7,3.7,3.2,3.2,16120,428805,0
FINNIFTY30DEC2527400CE.NFO,2025-12-30,13:02:00,2025-12-30,3.2,3.2,2.65,2.8,34710,426075,0
FINNIFTY30DEC2527400CE.NFO,2025-12-30,13:03:00,2025-12-30,2.8,3.0,2.75,2.8,30420,426075,0
FINNIFTY30DEC2527400CE.NFO,2025-12-30,13:04:00,2025-12-30,2.8,2.85,2.2,2.25,57590,426075,0
FINNIFTY30DEC2527400CE.NFO,2025-12-30,13:05:00,2025-12-30,2.3,2.65,2.2,2.5,35035,407420,0
FINNIFTY30DEC2527400CE.NFO,2025-12-30,13:06:00,2025-12-30,2.55,2.75,2.4,2.7,23855,407420,0
FINNIFTY30DEC2527400CE.NFO,2025-12-30,13:07:00,2025-12-30,2.7,2.8,2.35,2.5,28795,407420,0
FINNIFTY30DEC2527400CE.NFO,2025-12-30,13:08:00,2025-12-30,2.55,2.6,2.25,2.4,22685,417040,0
FINNIFTY30DEC2527400CE.NFO,2025-12-30,13:09:00,2025-12-30,2.4,2.4,2.05,2.05,37115,417040,0
FINNIFTY30DEC2527400CE.NFO,2025-12-30,13:10:00,2025-12-30,2.05,2.15,1.7,1.7,52260,417040,0
FINNIFTY30DEC2527400CE.NFO,2025-12-30,13:11:00,2025-12-30,1.7,1.95,1.7,1.85,35425,425945,0
FINNIFTY30DEC2527400CE.NFO,2025-12-30,13:12:00,2025-12-30,1.85,2.1,1.85,2.05,14820,425945,0
FINNIFTY30DEC2527400CE.NFO,2025-12-30,13:13:00,2025-12-30,2.05,2.7,2.0,2.6,66495,425945,0
FINNIFTY30DEC2527400CE.NFO,2025-12-30,13:14:00,2025-12-30,2.6,2.6,2.25,2.35,21775,447005,0
FINNIFTY30DEC2527400CE.NFO,2025-12-30,13:15:00,2025-12-30,2.35,2.5,2.25,2.45,48555,447005,0
FINNIFTY30DEC2527400CE.NFO,2025-12-30,13:16:00,2025-12-30,2.45,2.55,2.05,2.3,55445,447005,0
FINNIFTY30DEC2527400CE.NFO,2025-12-30,13:17:00,2025-12-30,2.3,2.4,2.1,2.1,13715,437320,0
FINNIFTY30DEC2527400CE.NFO,2025-12-30,13:18:00,2025-12-30,2.1,2.2,1.85,2.15,29900,437320,0
FINNIFTY30DEC2527400CE.NFO,2025-12-30,13:19:00,2025-12-30,2.15,2.55,2.15,2.45,20345,437320,0
FINNIFTY30DEC2527400CE.NFO,2025-12-30,13:20:00,2025-12-30,2.45,2.6,2.35,2.4,14430,450645,0
FINNIFTY30DEC2527400CE.NFO,2025-12-30,13:21:00,2025-12-30,2.4,2.4,2.15,2.15,13780,450645,0
FINNIFTY30DEC2527400CE.NFO,2025-12-30,13:22:00,2025-12-30,2.15,2.55,2.1,2.25,23725,450645,0
FINNIFTY30DEC2527400CE.NFO,2025-12-30,13:23:00,2025-12-30,2.25,2.55,2.2,2.55,9230,459875,0
FINNIFTY30DEC2527400CE.NFO,2025-12-30,13:24:00,2025-12-30,2.55,2.55,2.25,2.3,10855,459875,0
FINNIFTY30DEC2527400CE.NFO,2025-12-30,13:25:00,2025-12-30,2.3,2.3,1.9,2.1,12220,459875,0
FINNIFTY30DEC2527400CE.NFO,2025-12-30,13:26:00,2025-12-30,2.1,2.2,2.05,2.1,10075,465790,0
FINNIFTY30DEC2527400CE.NFO,2025-12-30,13:27:00,2025-12-30,2.1,2.8,2.1,2.5,30745,465790,0
FINNIFTY30DEC2527400CE.NFO,2025-12-30,13:28:00,2025-12-30,2.5,2.8,2.4,2.45,24440,465790,0
FINNIFTY30DEC2527400CE.NFO,2025-12-30,13:29:00,2025-12-30,2.45,2.55,2.35,2.5,10465,458315,0
FINNIFTY30DEC2527400CE.NFO,2025-12-30,13:30:00,2025-12-30,2.5,2.75,2.4,2.65,16705,458315,0
FINNIFTY30DEC2527400CE.NFO,2025-12-30,13:31:00,2025-12-30,2.65,2.75,2.5,2.7,13195,458315,0
FINNIFTY30DEC2527400CE.NFO,2025-12-30,13:32:00,2025-12-30,2.7,3.15,2.7,3.0,57070,461110,0
FINNIFTY30DEC2527400CE.NFO,2025-12-30,13:33:00,2025-12-30,2.9,3.45,2.85,3.25,52195,461110,0
FINNIFTY30DEC2527400CE.NFO,2025-12-30,13:34:00,2025-12-30,3.15,3.65,3.0,3.65,34450,461110,0
FINNIFTY30DEC2527400CE.NFO,2025-12-30,13:35:00,2025-12-30,3.75,4.25,3.5,3.9,103155,478400,0
FINNIFTY30DEC2527400CE.NFO,2025-12-30,13:36:00,2025-12-30,3.9,4.15,3.55,3.9,54015,478400,0
FINNIFTY30DEC2527400CE.NFO,2025-12-30,13:37:00,2025-12-30,3.95,4.1,3.35,3.4,42120,478400,0
FINNIFTY30DEC2527400CE.NFO,2025-12-30,13:38:00,2025-12-30,3.45,3.9,3.1,3.8,47320,458900,0
FINNIFTY30DEC2527400CE.NFO,2025-12-30,13:39:00,2025-12-30,3.7,3.85,3.45,3.85,26975,458900,0
FINNIFTY30DEC2527400CE.NFO,2025-12-30,13:40:00,2025-12-30,3.85,5.05,3.7,5.0,69095,458900,0
FINNIFTY30DEC2527400CE.NFO,2025-12-30,13:41:00,2025-12-30,5.0,5.95,4.9,5.65,132470,484055,0
FINNIFTY30DEC2527400CE.NFO,2025-12-30,13:42:00,2025-12-30,5.65,5.65,4.4,5.3,136890,484055,0
FINNIFTY30DEC2527400CE.NFO,2025-12-30,13:43:00,2025-12-30,5.3,7.2,5.3,6.85,181220,484055,0
FINNIFTY30DEC2527400CE.NFO,2025-12-30,13:44:00,2025-12-30,6.95,8.0,6.05,6.4,164645,470080,0
FINNIFTY30DEC2527400CE.NFO,2025-12-30,13:45:00,2025-12-30,6.4,10.0,6.4,9.1,219635,470080,0
FINNIFTY30DEC2527400CE.NFO,2025-12-30,13:46:00,2025-12-30,9.35,10.05,8.75,9.2,152620,470080,0
FINNIFTY30DEC2527400CE.NFO,2025-12-30,13:47:00,2025-12-30,9.2,10.7,9.1,10.7,138255,458380,0
FINNIFTY30DEC2527400CE.NFO,2025-12-30,13:48:00,2025-12-30,10.7,11.0,9.6,9.85,183365,458380,0
FINNIFTY30DEC2527400CE.NFO,2025-12-30,13:49:00,2025-12-30,9.9,10.45,7.85,8.05,141050,458380,0
FINNIFTY30DEC2527400CE.NFO,2025-12-30,13:50:00,2025-12-30,8.3,8.8,6.4,6.4,180245,454870,0
FINNIFTY30DEC2527400CE.NFO,2025-12-30,13:51:00,2025-12-30,6.65,6.75,5.55,5.65,152230,454870,0
FINNIFTY30DEC2527400CE.NFO,2025-12-30,13:52:00,2025-12-30,5.65,6.9,5.65,6.65,79560,454870,0
FINNIFTY30DEC2527400CE.NFO,2025-12-30,13:53:00,2025-12-30,6.65,7.5,6.05,6.4,65000,478400,0
FINNIFTY30DEC2527400CE.NFO,2025-12-30,13:54:00,2025-12-30,6.4,6.55,5.25,5.45,77480,478400,0
FINNIFTY30DEC2527400CE.NFO,2025-12-30,13:55:00,2025-12-30,5.45,6.55,5.1,6.55,44720,478400,0
FINNIFTY30DEC2527400CE.NFO,2025-12-30,13:56:00,2025-12-30,6.6,6.6,4.4,5.35,90740,479115,0
FINNIFTY30DEC2527400CE.NFO,2025-12-30,13:57:00,2025-12-30,5.2,5.75,4.95,5.7,41730,479115,0
FINNIFTY30DEC2527400CE.NFO,2025-12-30,13:58:00,2025-12-30,5.7,6.85,5.25,6.65,55835,479115,0
FINNIFTY30DEC2527400CE.NFO,2025-12-30,13:59:00,2025-12-30,6.65,6.65,5.15,5.65,72215,489645,0
FINNIFTY30DEC2527400CE.NFO,2025-12-30,14:00:00,2025-12-30,5.65,7.35,5.45,7.35,91780,489645,0
FINNIFTY30DEC2527400CE.NFO,2025-12-30,14:01:00,2025-12-30,7.6,8.45,6.45,7.0,163215,489645,0
FINNIFTY30DEC2527400CE.NFO,2025-12-30,14:02:00,2025-12-30,6.95,8.4,6.65,8.3,55770,487565,0
FINNIFTY30DEC2527400CE.NFO,2025-12-30,14:03:00,2025-12-30,8.2,8.2,6.55,7.45,67275,487565,0
FINNIFTY30DEC2527400CE.NFO,2025-12-30,14:04:00,2025-12-30,7.3,8.15,7.0,7.55,61555,487565,0
FINNIFTY30DEC2527400CE.NFO,2025-12-30,14:05:00,2025-12-30,7.55,7.7,6.25,6.35,89830,500695,0
FINNIFTY30DEC2527400CE.NFO,2025-12-30,14:06:00,2025-12-30,6.45,6.55,5.2,5.65,98865,500695,0
FINNIFTY30DEC2527400CE.NFO,2025-12-30,14:07:00,2025-12-30,5.8,6.0,5.05,5.05,98280,500695,0
FINNIFTY30DEC2527400CE.NFO,2025-12-30,14:08:00,2025-12-30,4.95,4.95,3.6,4.3,133575,460460,0
FINNIFTY30DEC2527400CE.NFO,2025-12-30,14:09:00,2025-12-30,4.3,4.45,3.6,4.2,59020,460460,0
FINNIFTY30DEC2527400CE.NFO,2025-12-30,14:10:00,2025-12-30,4.2,5.55,4.2,5.35,48620,460460,0
FINNIFTY30DEC2527400CE.NFO,2025-12-30,14:11:00,2025-12-30,5.35,5.75,4.85,5.55,76830,483405,0
FINNIFTY30DEC2527400CE.NFO,2025-12-30,14:12:00,2025-12-30,5.55,6.6,5.25,6.25,71630,483405,0
FINNIFTY30DEC2527400CE.NFO,2025-12-30,14:13:00,2025-12-30,6.15,9.65,5.9,7.4,204165,483405,0
FINNIFTY30DEC2527400CE.NFO,2025-12-30,14:14:00,2025-12-30,7.2,7.9,6.35,7.9,116220,509925,0
FINNIFTY30DEC2527400CE.NFO,2025-12-30,14:15:00,2025-12-30,7.8,7.8,6.85,7.25,98605,509925,0
FINNIFTY30DEC2527400CE.NFO,2025-12-30,14:16:00,2025-12-30,7.25,11.95,7.15,11.45,291915,509925,0
FINNIFTY30DEC2527400CE.NFO,2025-12-30,14:17:00,2025-12-30,11.25,12.3,8.25,8.8,255840,509275,0
FINNIFTY30DEC2527400CE.NFO,2025-12-30,14:18:00,2025-12-30,8.8,9.75,7.05,9.05,132860,509275,0
FINNIFTY30DEC2527400CE.NFO,2025-12-30,14:19:00,2025-12-30,8.7,9.25,6.0,6.2,218985,509275,0
FINNIFTY30DEC2527400CE.NFO,2025-12-30,14:20:00,2025-12-30,6.2,6.85,3.65,3.7,261105,540215,0
FINNIFTY30DEC2527400CE.NFO,2025-12-30,14:21:00,2025-12-30,3.85,4.3,3.25,3.8,197535,540215,0
FINNIFTY30DEC2527400CE.NFO,2025-12-30,14:22:00,2025-12-30,3.8,4.3,3.4,3.95,65650,540215,0
FINNIFTY30DEC2527400CE.NFO,2025-12-30,14:23:00,2025-12-30,4.0,4.0,3.45,3.5,64415,556920,0
FINNIFTY30DEC2527400CE.NFO,2025-12-30,14:24:00,2025-12-30,3.5,3.65,2.2,2.55,168285,556920,0
FINNIFTY30DEC2527400CE.NFO,2025-12-30,14:25:00,2025-12-30,2.55,2.55,1.5,1.6,124605,556920,0
FINNIFTY30DEC2527400CE.NFO,2025-12-30,14:26:00,2025-12-30,1.6,1.85,1.55,1.75,63505,522925,0
FINNIFTY30DEC2527400CE.NFO,2025-12-30,14:27:00,2025-12-30,1.75,1.75,1.4,1.55,84565,522925,0
FINNIFTY30DEC2527400CE.NFO,2025-12-30,14:28:00,2025-12-30,1.55,1.65,1.3,1.45,75075,522925,0
FINNIFTY30DEC2527400CE.NFO,2025-12-30,14:29:00,2025-12-30,1.5,2.05,1.35,1.35,107640,492765,0
FINNIFTY30DEC2527400CE.NFO,2025-12-30,14:30:00,2025-12-30,1.3,1.8,1.15,1.65,89570,492765,0
FINNIFTY30DEC2527400CE.NFO,2025-12-30,14:31:00,2025-12-30,1.65,2.7,1.65,2.7,104650,492765,0
FINNIFTY30DEC2527400CE.NFO,2025-12-30,14:32:00,2025-12-30,2.7,2.9,2.3,2.9,69225,527930,0
FINNIFTY30DEC2527400CE.NFO,2025-12-30,14:33:00,2025-12-30,2.85,2.9,2.25,2.9,73450,527930,0
FINNIFTY30DEC2527400CE.NFO,2025-12-30,14:34:00,2025-12-30,2.8,4.0,2.6,3.35,130910,527930,0
FINNIFTY30DEC2527400CE.NFO,2025-12-30,14:35:00,2025-12-30,3.2,3.2,2.3,2.45,90935,544830,0
FINNIFTY30DEC2527400CE.NFO,2025-12-30,14:36:00,2025-12-30,2.45,2.45,1.6,1.85,92105,544830,0
FINNIFTY30DEC2527400CE.NFO,2025-12-30,14:37:00,2025-12-30,1.85,1.85,1.35,1.4,45695,544830,0
FINNIFTY30DEC2527400CE.NFO,2025-12-30,14:38:00,2025-12-30,1.4,1.6,1.3,1.3,48945,541450,0
FINNIFTY30DEC2527400CE.NFO,2025-12-30,14:39:00,2025-12-30,1.4,1.45,1.2,1.45,56875,541450,0
FINNIFTY30DEC2527400CE.NFO,2025-12-30,14:40:00,2025-12-30,1.45,1.8,1.35,1.45,69615,541450,0
FINNIFTY30DEC2527400CE.NFO,2025-12-30,14:41:00,2025-12-30,1.35,1.4,1.05,1.15,81900,543595,0
FINNIFTY30DEC2527400CE.NFO,2025-12-30,14:42:00,2025-12-30,1.15,1.8,1.1,1.6,58565,543595,0
FINNIFTY30DEC2527400CE.NFO,2025-12-30,14:43:00,2025-12-30,1.7,3.25,1.6,3.15,255450,543595,0
FINNIFTY30DEC2527400CE.NFO,2025-12-30,14:44:00,2025-12-30,3.25,3.7,2.15,2.5,163150,559390,0
FINNIFTY30DEC2527400CE.NFO,2025-12-30,14:45:00,2025-12-30,2.5,2.9,1.45,1.8,236405,559390,0
FINNIFTY30DEC2527400CE.NFO,2025-12-30,14:46:00,2025-12-30,1.8,2.35,1.65,2.15,158925,559390,0
FINNIFTY30DEC2527400CE.NFO,2025-12-30,14:47:00,2025-12-30,2.1,3.7,2.0,3.25,273195,642330,0
FINNIFTY30DEC2527400CE.NFO,2025-12-30,14:48:00,2025-12-30,3.3,5.25,3.3,3.9,307775,642330,0
FINNIFTY30DEC2527400CE.NFO,2025-12-30,14:49:00,2025-12-30,4.05,5.15,2.65,5.0,222235,642330,0
FINNIFTY30DEC2527400CE.NFO,2025-12-30,14:50:00,2025-12-30,4.95,5.2,3.85,4.7,305760,656370,0
FINNIFTY30DEC2527400CE.NFO,2025-12-30,14:51:00,2025-12-30,4.7,4.75,3.4,3.55,178425,656370,0
FINNIFTY30DEC2527400CE.NFO,2025-12-30,14:52:00,2025-12-30,3.5,4.3,3.4,4.25,176020,656370,0
FINNIFTY30DEC2527400CE.NFO,2025-12-30,14:53:00,2025-12-30,4.25,4.25,3.05,3.5,228735,667810,0
FINNIFTY30DEC2527400CE.NFO,2025-12-30,14:54:00,2025-12-30,3.5,3.75,2.75,3.2,227825,667810,0
FINNIFTY30DEC2527400CE.NFO,2025-12-30,14:55:00,2025-12-30,3.2,3.4,2.45,2.8,239590,667810,0
FINNIFTY30DEC2527400CE.NFO,2025-12-30,14:56:00,2025-12-30,2.7,4.1,2.45,3.3,287820,680615,0
FINNIFTY30DEC2527400CE.NFO,2025-12-30,14:57:00,2025-12-30,3.35,3.6,1.75,2.35,253175,680615,0
FINNIFTY30DEC2527400CE.NFO,2025-12-30,14:58:00,2025-12-30,2.35,2.45,0.85,1.15,456755,680615,0
FINNIFTY30DEC2527400CE.NFO,2025-12-30,14:59:00,2025-12-30,1.15,1.5,0.9,1.15,579215,628745,0
FINNIFTY30DEC2527400CE.NFO,2025-12-30,15:00:00,2025-12-30,1.05,1.5,1.0,1.2,589355,628745,0
FINNIFTY30DEC2527400CE.NFO,2025-12-30,15:01:00,2025-12-30,1.2,1.45,0.1,0.2,885885,628745,0
FINNIFTY30DEC2527400CE.NFO,2025-12-30,15:02:00,2025-12-30,0.2,0.4,0.15,0.25,223665,485355,0
FINNIFTY30DEC2527400CE.NFO,2025-12-30,15:03:00,2025-12-30,0.3,0.6,0.2,0.3,118105,485355,0
FINNIFTY30DEC2527400CE.NFO,2025-12-30,15:04:00,2025-12-30,0.35,1.0,0.25,0.7,225875,485355,0
FINNIFTY30DEC2527400CE.NFO,2025-12-30,15:05:00,2025-12-30,0.55,1.55,0.45,1.5,807170,598000,0
FINNIFTY30DEC2527400CE.NFO,2025-12-30,15:06:00,2025-12-30,1.3,4.3,1.3,3.85,667160,598000,0
FINNIFTY30DEC2527400CE.NFO,2025-12-30,15:07:00,2025-12-30,3.45,3.65,0.45,0.6,868530,598000,0
FINNIFTY30DEC2527400CE.NFO,2025-12-30,15:08:00,2025-12-30,0.5,0.65,0.2,0.6,164710,580905,0
FINNIFTY30DEC2527400CE.NFO,2025-12-30,15:09:00,2025-12-30,0.5,0.75,0.3,0.75,305695,580905,0
FINNIFTY30DEC2527400CE.NFO,2025-12-30,15:10:00,2025-12-30,0.55,0.9,0.4,0.6,437450,580905,0
FINNIFTY30DEC2527400CE.NFO,2025-12-30,15:11:00,2025-12-30,0.6,0.7,0.25,0.5,331435,626600,0
FINNIFTY30DEC2527400CE.NFO,2025-12-30,15:12:00,2025-12-30,0.5,0.5,0.2,0.25,156520,626600,0
FINNIFTY30DEC2527400CE.NFO,2025-12-30,15:13:00,2025-12-30,0.3,0.3,0.15,0.3,170755,626600,0
FINNIFTY30DEC2527400CE.NFO,2025-12-30,15:14:00,2025-12-30,0.35,0.45,0.2,0.3,101010,576030,0
FINNIFTY30DEC2527400CE.NFO,2025-12-30,15:15:00,2025-12-30,0.35,0.5,0.25,0.4,85020,576030,0
FINNIFTY30DEC2527400CE.NFO,2025-12-30,15:16:00,2025-12-30,0.4,0.65,0.3,0.55,206700,576030,0
FINNIFTY30DEC2527400CE.NFO,2025-12-30,15:17:00,2025-12-30,0.45,0.6,0.3,0.3,222170,652925,0
FINNIFTY30DEC2527400CE.NFO,2025-12-30,15:18:00,2025-12-30,0.25,0.25,0.15,0.2,171015,652925,0
FINNIFTY30DEC2527400CE.NFO,2025-12-30,15:19:00,2025-12-30,0.2,0.2,0.1,0.15,78390,652925,0
FINNIFTY30DEC2527400CE.NFO,2025-12-30,15:20:00,2025-12-30,0.15,0.15,0.05,0.15,149890,652925,0
FINNIFTY30DEC2527400CE.NFO,2025-12-30,15:21:00,2025-12-30,0.15,0.15,0.1,0.15,60125,575770,0
FINNIFTY30DEC2527400CE.NFO,2025-12-30,15:22:00,2025-12-30,0.15,0.15,0.1,0.15,71305,575770,0
FINNIFTY30DEC2527400CE.NFO,2025-12-30,15:23:00,2025-12-30,0.1,0.25,0.1,0.2,133835,575770,0
FINNIFTY30DEC2527400CE.NFO,2025-12-30,15:24:00,2025-12-30,0.2,0.25,0.1,0.1,49595,562835,0
FINNIFTY30DEC2527400CE.NFO,2025-12-30,15:25:00,2025-12-30,0.15,0.2,0.05,0.05,218140,562835,0
FINNIFTY30DEC2527400CE.NFO,2025-12-30,15:26:00,2025-12-30,0.05,0.25,0.05,0.05,112905,562835,0
FINNIFTY30DEC2527400CE.NFO,2025-12-30,15:27:00,2025-12-30,0.05,0.7,0.05,0.2,138775,543855,0
FINNIFTY30DEC2527400CE.NFO,2025-12-30,15:28:00,2025-12-30,0.2,0.3,0.1,0.2,87750,543855,0
FINNIFTY30DEC2527400CE.NFO,2025-12-30,15:29:00,2025-12-30,0.2,0.25,0.1,0.15,70330,543855,0
FINNIFTY30DEC2527400CE.NFO,2025-12-30,15:30:00,2025-12-30,0.15,0.15,0.15,0.15,70330,543855,1
