Date,ExpiryDate,Instrument,Symbol,StrikePrice,OptionType,Open,High,Low,Close,SettledPrice,Contracts,TurnOver,OpenInterest
2003-03-20,2003-03-27,FUTIDX,NIFTY,0.0,FUT,1007.9,1023.85,1003.15,1021.8,1021.8,19401.0,39376.37,2902800.0
2003-03-20,2003-04-24,FUTIDX,NIFTY,0.0,FUT,1006.5,1026.0,1006.5,1024.45,1024.45,1950.0,3968.17,527800.0
2003-03-20,2003-05-29,FUTIDX,NIFTY,0.0,FUT,1010.05,1028.5,1010.05,1026.55,1026.55,42.0,85.8,21600.0
2003-03-20,2003-03-27,FUTSTK,ACC,0.0,FUT,133.5,136.4,132.55,136.0,136.0,857.0,1734.58,1537500.0
2003-03-20,2003-04-24,FUTSTK,ACC,0.0,FUT,135.45,137.4,134.0,137.15,137.15,157.0,320.82,231000.0
2003-03-20,2003-05-29,FUTSTK,ACC,0.0,FUT,0.0,0.0,0.0,154.8,138.0,0.0,0.0,0.0
2003-03-20,2003-03-27,FUTSTK,BAJAJAUTO,0.0,FUT,485.9,500.6,484.6,499.8,499.8,192.0,757.72,177600.0
2003-03-20,2003-04-24,FUTSTK,BAJAJAUTO,0.0,FUT,489.0,503.95,489.0,502.85,502.85,28.0,111.47,23200.0
2003-03-20,2003-05-29,FUTSTK,BAJAJAUTO,0.0,FUT,512.0,512.0,512.0,512.0,507.55,1.0,4.09,0.0
2003-03-20,2003-03-27,FUTSTK,BEL,0.0,FUT,190.0,194.5,189.0,192.0,192.0,93.0,196.19,331100.0
2003-03-20,2003-04-24,FUTSTK,BEL,0.0,FUT,193.2,193.2,193.0,193.0,192.65,3.0,6.37,7700.0
2003-03-20,2003-05-29,FUTSTK,BEL,0.0,FUT,0.0,0.0,0.0,203.85,194.25,0.0,0.0,0.0
2003-03-20,2003-03-27,FUTSTK,BHEL,0.0,FUT,207.65,217.85,207.2,216.3,216.3,1265.0,3241.11,865200.0
2003-03-20,2003-04-24,FUTSTK,BHEL,0.0,FUT,209.15,217.5,209.0,216.4,216.4,72.0,184.86,81600.0
2003-03-20,2003-05-29,FUTSTK,BHEL,0.0,FUT,0.0,0.0,0.0,221.65,221.7,0.0,0.0,0.0
2003-03-20,2003-03-27,FUTSTK,BPCL,0.0,FUT,215.05,223.5,214.9,222.85,222.85,1001.0,2422.75,1169300.0
2003-03-20,2003-04-24,FUTSTK,BPCL,0.0,FUT,218.1,225.3,218.0,224.8,224.8,42.0,102.47,71500.0
2003-03-20,2003-05-29,FUTSTK,BPCL,0.0,FUT,224.95,224.95,224.95,224.95,228.2,1.0,2.47,1100.0
2003-03-20,2003-03-27,FUTSTK,BSES,0.0,FUT,218.1,219.0,217.05,219.0,219.0,5.0,11.99,119900.0
2003-03-20,2003-04-24,FUTSTK,BSES,0.0,FUT,223.95,223.95,223.95,223.95,219.95,1.0,2.46,5500.0
2003-03-20,2003-05-29,FUTSTK,BSES,0.0,FUT,0.0,0.0,0.0,236.95,221.8,0.0,0.0,0.0
2003-03-20,2003-03-27,FUTSTK,CIPLA,0.0,FUT,737.5,740.8,732.5,733.85,733.85,63.0,92.57,101600.0
2003-03-20,2003-04-24,FUTSTK,CIPLA,0.0,FUT,748.65,748.65,739.0,739.5,739.5,10.0,14.82,3800.0
2003-03-20,2003-05-29,FUTSTK,CIPLA,0.0,FUT,0.0,0.0,0.0,780.15,744.4,0.0,0.0,0.0
2003-03-20,2003-03-27,FUTSTK,DIGITALEQP,0.0,FUT,620.1,640.0,615.5,637.35,637.35,3681.0,9290.24,552400.0
2003-03-20,2003-04-24,FUTSTK,DIGITALEQP,0.0,FUT,626.3,639.0,621.25,637.7,637.7,85.0,214.34,36400.0
2003-03-20,2003-05-29,FUTSTK,DIGITALEQP,0.0,FUT,690.0,690.0,605.0,605.0,648.95,2.0,5.18,0.0
2003-03-20,2003-03-27,FUTSTK,DRREDDY,0.0,FUT,874.0,892.0,874.0,884.9,884.9,147.0,519.65,104000.0
2003-03-20,2003-04-24,FUTSTK,DRREDDY,0.0,FUT,880.0,894.75,880.0,882.2,882.2,3.0,10.62,3200.0
2003-03-20,2003-05-29,FUTSTK,DRREDDY,0.0,FUT,0.0,0.0,0.0,870.05,898.1,0.0,0.0,0.0
2003-03-20,2003-03-27,FUTSTK,GRASIM,0.0,FUT,335.95,338.5,335.0,337.05,337.05,39.0,91.91,366800.0
2003-03-20,2003-04-24,FUTSTK,GRASIM,0.0,FUT,0.0,0.0,0.0,340.0,339.2,0.0,0.0,2100.0
2003-03-20,2003-05-29,FUTSTK,GRASIM,0.0,FUT,0.0,0.0,0.0,357.1,342.05,0.0,0.0,0.0
2003-03-20,2003-03-27,FUTSTK,GUJAMBCEM,0.0,FUT,154.6,157.8,154.25,155.75,155.75,100.0,171.28,511500.0
2003-03-20,2003-04-24,FUTSTK,GUJAMBCEM,0.0,FUT,156.5,159.8,155.6,156.75,156.75,19.0,32.87,34100.0
2003-03-20,2003-05-29,FUTSTK,GUJAMBCEM,0.0,FUT,0.0,0.0,0.0,164.55,158.05,0.0,0.0,0.0
2003-03-20,2003-03-27,FUTSTK,HCLTECH,0.0,FUT,154.65,161.7,153.3,160.45,160.45,849.0,1742.89,435500.0
2003-03-20,2003-04-24,FUTSTK,HCLTECH,0.0,FUT,155.0,161.75,155.0,160.9,160.9,25.0,51.65,31200.0
2003-03-20,2003-05-29,FUTSTK,HCLTECH,0.0,FUT,130.0,162.0,130.0,162.0,163.1,2.0,3.79,0.0
2003-03-20,2003-03-27,FUTSTK,HDFC,0.0,FUT,351.95,353.75,349.05,350.3,350.3,17.0,35.8,31800.0
2003-03-20,2003-04-24,FUTSTK,HDFC,0.0,FUT,352.05,353.0,352.05,353.0,353.0,2.0,4.23,10200.0
2003-03-20,2003-05-29,FUTSTK,HDFC,0.0,FUT,0.0,0.0,0.0,380.6,357.1,0.0,0.0,0.0
2003-03-20,2003-03-27,FUTSTK,HEROHONDA,0.0,FUT,216.15,226.8,214.55,225.9,225.9,708.0,1254.69,389600.0
2003-03-20,2003-04-24,FUTSTK,HEROHONDA,0.0,FUT,215.25,227.9,215.25,227.45,227.45,54.0,96.6,25600.0
2003-03-20,2003-05-29,FUTSTK,HEROHONDA,0.0,FUT,220.0,220.0,220.0,220.0,232.55,1.0,1.76,800.0
2003-03-20,2003-03-27,FUTSTK,HINDALC0,0.0,FUT,550.0,556.8,550.0,555.9,555.9,22.0,36.62,66600.0
2003-03-20,2003-04-24,FUTSTK,HINDALC0,0.0,FUT,551.0,558.7,551.0,556.0,558.2,25.0,41.68,13200.0
2003-03-20,2003-05-29,FUTSTK,HINDALC0,0.0,FUT,0.0,0.0,0.0,582.8,562.9,0.0,0.0,0.0
2003-03-20,2003-03-27,FUTSTK,HINDLEVER,0.0,FUT,158.15,161.3,157.55,160.75,160.75,558.0,891.5,1299000.0
2003-03-20,2003-04-24,FUTSTK,HINDLEVER,0.0,FUT,156.0,158.5,155.0,157.9,157.9,142.0,222.89,698000.0
2003-03-20,2003-05-29,FUTSTK,HINDLEVER,0.0,FUT,156.5,156.95,156.5,156.95,163.3,2.0,3.13,6000.0
2003-03-20,2003-03-27,FUTSTK,HINDPETRO,0.0,FUT,296.0,302.95,295.6,300.55,300.55,2669.0,10394.19,4875000.0
2003-03-20,2003-04-24,FUTSTK,HINDPETRO,0.0,FUT,299.95,305.35,298.25,303.05,303.05,355.0,1393.89,941200.0
2003-03-20,2003-05-29,FUTSTK,HINDPETRO,0.0,FUT,304.9,305.9,302.9,305.9,305.9,9.0,35.64,26000.0
2003-03-20,2003-03-27,FUTSTK,ICICIBANK,0.0,FUT,137.5,140.5,137.2,139.5,139.5,143.0,277.99,480200.0
2003-03-20,2003-04-24,FUTSTK,ICICIBANK,0.0,FUT,140.75,141.25,139.7,141.0,141.0,7.0,13.78,22400.0
2003-03-20,2003-05-29,FUTSTK,ICICIBANK,0.0,FUT,0.0,0.0,0.0,152.35,141.7,0.0,0.0,0.0
2003-03-20,2003-03-27,FUTSTK,INFOSYSTCH,0.0,FUT,4141.0,4363.0,4141.0,4329.7,4329.7,8201.0,34954.86,332000.0
2003-03-20,2003-04-24,FUTSTK,INFOSYSTCH,0.0,FUT,4200.0,4360.0,4165.0,4335.35,4335.35,440.0,1881.84,42100.0
2003-03-20,2003-05-29,FUTSTK,INFOSYSTCH,0.0,FUT,4399.0,4399.0,4399.0,4399.0,4399.0,1.0,4.39,300.0
2003-03-20,2003-03-27,FUTSTK,IPCL,0.0,FUT,83.0,84.5,82.4,84.25,84.25,78.0,143.71,1126400.0
2003-03-20,2003-04-24,FUTSTK,IPCL,0.0,FUT,84.8,85.2,84.35,84.95,84.95,17.0,31.68,55000.0
2003-03-20,2003-05-29,FUTSTK,IPCL,0.0,FUT,0.0,0.0,0.0,91.9,85.45,0.0,0.0,0.0
2003-03-20,2003-03-27,FUTSTK,ITC,0.0,FUT,627.1,631.0,626.0,627.25,627.25,232.0,437.1,153900.0
2003-03-20,2003-04-24,FUTSTK,ITC,0.0,FUT,635.5,636.0,631.25,631.55,631.55,40.0,76.02,11100.0
2003-03-20,2003-05-29,FUTSTK,ITC,0.0,FUT,0.0,0.0,0.0,650.8,636.6,0.0,0.0,0.0
2003-03-20,2003-03-27,FUTSTK,L&T,0.0,FUT,189.9,191.9,187.55,190.1,190.1,632.0,1201.63,1924000.0
2003-03-20,2003-04-24,FUTSTK,L&T,0.0,FUT,190.1,192.9,189.0,191.9,191.9,118.0,225.98,189000.0
2003-03-20,2003-05-29,FUTSTK,L&T,0.0,FUT,0.0,0.0,0.0,202.3,193.0,0.0,0.0,0.0
2003-03-20,2003-03-27,FUTSTK,M&M,0.0,FUT,103.25,106.5,103.15,106.25,106.25,549.0,1441.87,2105000.0
2003-03-20,2003-04-24,FUTSTK,M&M,0.0,FUT,104.65,107.25,104.65,107.0,107.0,86.0,227.89,212500.0
2003-03-20,2003-05-29,FUTSTK,M&M,0.0,FUT,107.0,107.0,106.0,106.0,107.7,3.0,7.98,10000.0
2003-03-20,2003-03-27,FUTSTK,MASTEK,0.0,FUT,520.0,570.0,515.1,554.85,554.85,3635.0,7814.08,338400.0
2003-03-20,2003-04-24,FUTSTK,MASTEK,0.0,FUT,525.0,570.0,525.0,555.0,555.0,90.0,195.83,18400.0
2003-03-20,2003-05-29,FUTSTK,MASTEK,0.0,FUT,0.0,0.0,0.0,564.2,568.5,0.0,0.0,0.0
2003-03-20,2003-03-27,FUTSTK,MTNL,0.0,FUT,96.0,96.8,94.5,95.75,95.75,353.0,539.8,1249600.0
2003-03-20,2003-04-24,FUTSTK,MTNL,0.0,FUT,96.75,97.75,95.5,96.6,96.6,64.0,98.96,91200.0
2003-03-20,2003-05-29,FUTSTK,MTNL,0.0,FUT,0.0,0.0,0.0,102.0,97.25,0.0,0.0,0.0
2003-03-20,2003-03-27,FUTSTK,NATIONALUM,0.0,FUT,79.8,80.55,79.8,80.3,80.3,20.0,36.87,446200.0
2003-03-20,2003-04-24,FUTSTK,NATIONALUM,0.0,FUT,82.8,82.8,80.75,81.4,81.4,14.0,26.1,46000.0
2003-03-20,2003-05-29,FUTSTK,NATIONALUM,0.0,FUT,0.0,0.0,0.0,89.8,81.4,0.0,0.0,0.0
2003-03-20,2003-03-27,FUTSTK,NIIT,0.0,FUT,108.0,113.4,104.7,111.65,111.65,2265.0,3708.84,1210500.0
2003-03-20,2003-04-24,FUTSTK,NIIT,0.0,FUT,109.9,114.0,105.6,112.4,112.4,166.0,273.4,214500.0
2003-03-20,2003-05-29,FUTSTK,NIIT,0.0,FUT,0.0,0.0,0.0,133.3,113.25,0.0,0.0,0.0
2003-03-20,2003-03-27,FUTSTK,ONGC,0.0,FUT,360.0,360.7,354.15,356.1,356.1,28.0,59.93,125400.0
2003-03-20,2003-04-24,FUTSTK,ONGC,0.0,FUT,357.0,358.0,357.0,358.0,358.05,4.0,8.58,5400.0
2003-03-20,2003-05-29,FUTSTK,ONGC,0.0,FUT,0.0,0.0,0.0,380.05,361.1,0.0,0.0,0.0
2003-03-20,2003-03-27,FUTSTK,POLARIS,0.0,FUT,120.0,134.0,120.0,131.95,131.95,3454.0,6158.41,1236200.0
2003-03-20,2003-04-24,FUTSTK,POLARIS,0.0,FUT,124.9,134.5,122.55,132.95,132.95,110.0,197.96,124600.0
2003-03-20,2003-05-29,FUTSTK,POLARIS,0.0,FUT,0.0,0.0,0.0,141.65,134.1,0.0,0.0,0.0
2003-03-20,2003-03-27,FUTSTK,RANBAXY,0.0,FUT,585.0,621.0,585.0,615.8,615.8,997.0,4826.99,348800.0
2003-03-20,2003-04-24,FUTSTK,RANBAXY,0.0,FUT,597.0,621.8,593.1,616.3,616.3,93.0,453.61,50400.0
2003-03-20,2003-05-29,FUTSTK,RANBAXY,0.0,FUT,0.0,0.0,0.0,641.5,625.85,0.0,0.0,0.0
2003-03-20,2003-03-27,FUTSTK,RELIANCE,0.0,FUT,284.0,294.3,282.5,292.8,292.8,8119.0,14073.17,3277800.0
2003-03-20,2003-04-24,FUTSTK,RELIANCE,0.0,FUT,290.5,295.25,284.9,293.7,293.7,543.0,946.43,351000.0
2003-03-20,2003-05-29,FUTSTK,RELIANCE,0.0,FUT,293.5,293.5,293.5,293.5,298.35,1.0,1.76,4200.0
2003-03-20,2003-03-27,FUTSTK,SATYAMCOMP,0.0,FUT,196.1,206.5,195.25,205.35,205.35,17173.0,41541.65,5590800.0
2003-03-20,2003-04-24,FUTSTK,SATYAMCOMP,0.0,FUT,199.0,207.85,197.0,206.7,206.7,752.0,1835.75,714000.0
2003-03-20,2003-05-29,FUTSTK,SATYAMCOMP,0.0,FUT,203.0,207.0,195.0,207.0,208.65,12.0,29.39,13200.0
2003-03-20,2003-03-27,FUTSTK,SBIN,0.0,FUT,275.0,282.8,275.0,282.05,282.05,2958.0,8274.07,4706000.0
2003-03-20,2003-04-24,FUTSTK,SBIN,0.0,FUT,279.0,285.0,278.0,284.55,284.55,220.0,621.11,293000.0
2003-03-20,2003-05-29,FUTSTK,SBIN,0.0,FUT,0.0,0.0,0.0,281.3,286.4,0.0,0.0,4000.0
2003-03-20,2003-03-27,FUTSTK,SCI,0.0,FUT,53.95,56.5,53.9,56.2,56.2,220.0,387.42,2246400.0
2003-03-20,2003-04-24,FUTSTK,SCI,0.0,FUT,54.3,56.8,54.2,56.55,56.55,64.0,113.73,364800.0
2003-03-20,2003-05-29,FUTSTK,SCI,0.0,FUT,0.0,0.0,0.0,62.35,57.15,0.0,0.0,0.0
2003-03-20,2003-03-27,FUTSTK,STROPTICAL,0.0,FUT,36.4,37.7,36.0,37.45,37.45,291.0,64.4,1219200.0
2003-03-20,2003-04-24,FUTSTK,STROPTICAL,0.0,FUT,37.8,38.25,36.25,37.65,37.65,117.0,26.09,215400.0
2003-03-20,2003-05-29,FUTSTK,STROPTICAL,0.0,FUT,0.0,0.0,0.0,38.5,37.9,0.0,0.0,4800.0
2003-03-20,2003-03-27,FUTSTK,TATAPOWER,0.0,FUT,114.5,115.7,113.65,115.45,115.45,94.0,172.78,1163200.0
2003-03-20,2003-04-24,FUTSTK,TATAPOWER,0.0,FUT,115.5,117.0,115.5,116.45,116.45,13.0,24.11,126400.0
2003-03-20,2003-05-29,FUTSTK,TATAPOWER,0.0,FUT,0.0,0.0,0.0,124.15,116.95,0.0,0.0,0.0
2003-03-20,2003-03-27,FUTSTK,TATATEA,0.0,FUT,174.8,178.25,174.8,177.85,177.85,52.0,101.25,265100.0
2003-03-20,2003-04-24,FUTSTK,TATATEA,0.0,FUT,177.5,179.5,177.5,179.25,179.25,6.0,11.77,18700.0
2003-03-20,2003-05-29,FUTSTK,TATATEA,0.0,FUT,0.0,0.0,0.0,182.1,180.6,0.0,0.0,0.0
2003-03-20,2003-03-27,FUTSTK,TELCO,0.0,FUT,153.45,159.3,152.7,158.5,158.5,1564.0,8043.79,2811600.0
2003-03-20,2003-04-24,FUTSTK,TELCO,0.0,FUT,154.3,160.25,154.3,159.45,159.45,166.0,861.72,392700.0
2003-03-20,2003-05-29,FUTSTK,TELCO,0.0,FUT,160.0,160.0,160.0,160.0,160.0,1.0,5.28,0.0
2003-03-20,2003-03-27,FUTSTK,TISCO,0.0,FUT,136.1,140.0,135.6,139.55,139.55,2736.0,6831.26,8888400.0
2003-03-20,2003-04-24,FUTSTK,TISCO,0.0,FUT,137.4,140.9,137.2,140.6,140.6,677.0,1703.32,2377800.0
2003-03-20,2003-05-29,FUTSTK,TISCO,0.0,FUT,141.6,141.8,140.25,140.25,141.65,7.0,17.75,34200.0
2003-03-20,2003-03-27,FUTSTK,VSNL,0.0,FUT,78.55,80.4,78.25,79.5,79.5,644.0,358.21,1031800.0
2003-03-20,2003-04-24,FUTSTK,VSNL,0.0,FUT,79.15,81.2,79.1,80.3,80.3,330.0,185.47,403900.0
2003-03-20,2003-05-29,FUTSTK,VSNL,0.0,FUT,81.0,81.05,81.0,81.05,81.05,2.0,1.13,3500.0
2003-03-20,2003-03-27,FUTSTK,WIPRO,0.0,FUT,1325.0,1368.0,1325.0,1356.85,1356.85,1164.0,3136.28,233200.0
2003-03-20,2003-04-24,FUTSTK,WIPRO,0.0,FUT,1350.0,1374.0,1344.0,1361.2,1361.2,103.0,278.35,26000.0
2003-03-20,2003-05-29,FUTSTK,WIPRO,0.0,FUT,0.0,0.0,0.0,1410.0,1378.05,0.0,0.0,400.0
2003-03-20,2003-03-27,OPTIDX,NIFTY,970.0,CE,0.0,0.0,0.0,32.55,59.35,0.0,0.0,0.0
2003-03-20,2003-03-27,OPTIDX,NIFTY,980.0,CE,29.5,42.3,28.4,42.3,42.3,29.0,58.86,9000.0
2003-03-20,2003-03-27,OPTIDX,NIFTY,990.0,CE,21.1,33.0,18.55,32.9,32.9,160.0,325.61,45200.0
2003-03-20,2003-03-27,OPTIDX,NIFTY,1000.0,CE,16.3,26.0,12.9,24.3,24.3,532.0,1085.11,139800.0
2003-03-20,2003-03-27,OPTIDX,NIFTY,1010.0,CE,9.0,17.95,7.35,16.5,16.5,701.0,1434.38,217400.0
2003-03-20,2003-03-27,OPTIDX,NIFTY,1020.0,CE,5.0,11.0,4.0,10.25,10.25,703.0,1445.06,202200.0
2003-03-20,2003-03-27,OPTIDX,NIFTY,1030.0,CE,2.45,6.7,2.45,6.0,6.0,376.0,777.85,148400.0
2003-03-20,2003-03-27,OPTIDX,NIFTY,1040.0,CE,1.0,3.7,1.0,3.4,3.4,117.0,243.91,162000.0
2003-03-20,2003-03-27,OPTIDX,NIFTY,1050.0,CE,0.5,1.9,0.5,1.6,1.6,45.0,94.58,166800.0
2003-03-20,2003-03-27,OPTIDX,NIFTY,1060.0,CE,0.7,1.25,0.7,1.25,1.25,73.0,154.88,250200.0
2003-03-20,2003-03-27,OPTIDX,NIFTY,1070.0,CE,0.55,0.75,0.25,0.55,0.55,61.0,130.6,204000.0
2003-03-20,2003-03-27,OPTIDX,NIFTY,1080.0,CE,0.45,0.45,0.3,0.45,0.45,69.0,149.09,170400.0
2003-03-20,2003-03-27,OPTIDX,NIFTY,1090.0,CE,0.3,0.45,0.3,0.45,0.45,45.0,98.13,52000.0
2003-03-20,2003-03-27,OPTIDX,NIFTY,1100.0,CE,0.0,0.0,0.0,0.35,1.55,0.0,0.0,87400.0
2003-03-20,2003-03-27,OPTIDX,NIFTY,1110.0,CE,0.15,0.15,0.15,0.15,0.15,1.0,2.22,35400.0
2003-03-20,2003-03-27,OPTIDX,NIFTY,1120.0,CE,0.0,0.0,0.0,0.2,0.6,0.0,0.0,5000.0
2003-03-20,2003-03-27,OPTIDX,NIFTY,970.0,PE,1.05,1.05,1.05,1.05,1.05,1.0,1.94,9400.0
2003-03-20,2003-03-27,OPTIDX,NIFTY,980.0,PE,3.5,3.5,1.1,1.2,1.2,173.0,339.6,86600.0
2003-03-20,2003-03-27,OPTIDX,NIFTY,990.0,PE,5.95,5.95,1.85,2.15,2.15,230.0,456.64,124000.0
2003-03-20,2003-03-27,OPTIDX,NIFTY,1000.0,PE,8.1,8.7,3.0,3.3,3.3,589.0,1183.36,164800.0
2003-03-20,2003-03-27,OPTIDX,NIFTY,1010.0,PE,11.85,13.0,4.7,5.15,5.15,537.0,1092.55,127400.0
2003-03-20,2003-03-27,OPTIDX,NIFTY,1020.0,PE,18.0,19.95,7.75,8.5,8.5,376.0,775.11,102400.0
2003-03-20,2003-03-27,OPTIDX,NIFTY,1030.0,PE,27.0,27.0,13.1,13.85,13.85,123.0,257.44,69800.0
2003-03-20,2003-03-27,OPTIDX,NIFTY,1040.0,PE,32.0,32.0,20.5,21.55,21.55,23.0,48.96,68600.0
2003-03-20,2003-03-27,OPTIDX,NIFTY,1050.0,PE,40.0,42.5,31.0,31.05,31.05,18.0,39.08,100200.0
2003-03-20,2003-03-27,OPTIDX,NIFTY,1060.0,PE,46.0,46.0,39.0,39.4,39.4,15.0,33.09,66200.0
2003-03-20,2003-03-27,OPTIDX,NIFTY,1070.0,PE,60.1,60.1,50.0,50.0,50.0,15.0,33.69,35000.0
2003-03-20,2003-03-27,OPTIDX,NIFTY,1080.0,PE,62.1,67.0,52.0,61.9,61.9,38.0,86.62,24000.0
2003-03-20,2003-03-27,OPTIDX,NIFTY,1090.0,PE,0.0,0.0,0.0,104.7,65.3,0.0,0.0,1000.0
2003-03-20,2003-03-27,OPTIDX,NIFTY,1100.0,PE,98.0,98.0,54.0,54.0,54.0,60.0,141.12,1000.0
2003-03-20,2003-03-27,OPTIDX,NIFTY,1110.0,PE,0.0,0.0,0.0,109.0,83.9,0.0,0.0,200.0
2003-03-20,2003-03-27,OPTIDX,NIFTY,1120.0,PE,0.0,0.0,0.0,119.0,93.5,0.0,0.0,0.0
2003-03-20,2003-04-24,OPTIDX,NIFTY,970.0,CE,0.0,0.0,0.0,50.75,80.4,0.0,0.0,0.0
2003-03-20,2003-04-24,OPTIDX,NIFTY,980.0,CE,42.3,49.85,42.3,49.85,49.85,3.0,6.15,2000.0
2003-03-20,2003-04-24,OPTIDX,NIFTY,990.0,CE,0.0,0.0,0.0,31.95,66.95,0.0,0.0,800.0
2003-03-20,2003-04-24,OPTIDX,NIFTY,1000.0,CE,28.4,33.5,26.15,33.4,33.4,8.0,16.47,12400.0
2003-03-20,2003-04-24,OPTIDX,NIFTY,1010.0,CE,18.0,28.0,16.0,26.35,26.35,60.0,123.77,15600.0
2003-03-20,2003-04-24,OPTIDX,NIFTY,1020.0,CE,14.5,20.9,13.0,20.05,20.05,72.0,149.28,27600.0
2003-03-20,2003-04-24,OPTIDX,NIFTY,1030.0,CE,10.0,15.5,10.0,14.85,14.85,44.0,91.82,22000.0
2003-03-20,2003-04-24,OPTIDX,NIFTY,1040.0,CE,8.5,12.5,8.4,11.5,11.5,53.0,111.26,23600.0
2003-03-20,2003-04-24,OPTIDX,NIFTY,1050.0,CE,7.0,8.9,6.0,8.3,8.3,51.0,107.85,10800.0
2003-03-20,2003-04-24,OPTIDX,NIFTY,1060.0,CE,4.5,7.9,4.5,5.7,5.7,23.0,49.0,8800.0
2003-03-20,2003-04-24,OPTIDX,NIFTY,1070.0,CE,3.75,3.75,3.75,3.75,3.75,1.0,2.14,200.0
2003-03-20,2003-04-24,OPTIDX,NIFTY,1080.0,CE,0.0,0.0,0.0,49.65,24.35,0.0,0.0,0.0
2003-03-20,2003-04-24,OPTIDX,NIFTY,1090.0,CE,0.0,0.0,0.0,42.1,21.35,0.0,0.0,0.0
2003-03-20,2003-04-24,OPTIDX,NIFTY,970.0,PE,0.0,0.0,0.0,21.5,17.05,0.0,0.0,0.0
2003-03-20,2003-04-24,OPTIDX,NIFTY,980.0,PE,7.0,7.25,7.0,7.25,7.25,2.0,3.94,400.0
2003-03-20,2003-04-24,OPTIDX,NIFTY,990.0,PE,8.35,8.35,6.05,6.65,6.65,15.0,29.9,4000.0
2003-03-20,2003-04-24,OPTIDX,NIFTY,1000.0,PE,15.7,15.7,8.7,8.75,8.75,43.0,86.9,9400.0
2003-03-20,2003-04-24,OPTIDX,NIFTY,1010.0,PE,15.0,15.0,12.0,12.55,12.55,22.0,45.0,10000.0
2003-03-20,2003-04-24,OPTIDX,NIFTY,1020.0,PE,20.0,20.0,15.25,15.7,15.7,18.0,37.34,4200.0
2003-03-20,2003-04-24,OPTIDX,NIFTY,1030.0,PE,25.0,25.0,22.0,22.5,22.5,14.0,29.49,5200.0
2003-03-20,2003-04-24,OPTIDX,NIFTY,1040.0,PE,29.0,29.0,29.0,29.0,29.0,2.0,4.27,20800.0
2003-03-20,2003-04-24,OPTIDX,NIFTY,1050.0,PE,0.0,0.0,0.0,55.25,51.3,0.0,0.0,800.0
2003-03-20,2003-04-24,OPTIDX,NIFTY,1060.0,PE,0.0,0.0,0.0,70.0,57.2,0.0,0.0,1000.0
2003-03-20,2003-04-24,OPTIDX,NIFTY,1070.0,PE,0.0,0.0,0.0,97.0,63.5,0.0,0.0,400.0
2003-03-20,2003-04-24,OPTIDX,NIFTY,1080.0,PE,109.9,109.9,109.9,109.9,109.9,1.0,2.37,200.0
2003-03-20,2003-04-24,OPTIDX,NIFTY,1090.0,PE,0.0,0.0,0.0,54.9,77.0,0.0,0.0,0.0
2003-03-20,2003-05-29,OPTIDX,NIFTY,970.0,CE,0.0,0.0,0.0,66.7,100.5,0.0,0.0,0.0
2003-03-20,2003-05-29,OPTIDX,NIFTY,980.0,CE,0.0,0.0,0.0,68.7,94.15,0.0,0.0,0.0
2003-03-20,2003-05-29,OPTIDX,NIFTY,990.0,CE,0.0,0.0,0.0,67.55,88.0,0.0,0.0,0.0
2003-03-20,2003-05-29,OPTIDX,NIFTY,1000.0,CE,0.0,0.0,0.0,68.9,82.15,0.0,0.0,0.0
2003-03-20,2003-05-29,OPTIDX,NIFTY,1010.0,CE,0.0,0.0,0.0,72.2,76.55,0.0,0.0,0.0
2003-03-20,2003-05-29,OPTIDX,NIFTY,1020.0,CE,0.0,0.0,0.0,72.9,71.2,0.0,0.0,0.0
2003-03-20,2003-05-29,OPTIDX,NIFTY,1030.0,CE,0.0,0.0,0.0,77.4,66.1,0.0,0.0,0.0
2003-03-20,2003-05-29,OPTIDX,NIFTY,1040.0,CE,0.0,0.0,0.0,71.8,61.25,0.0,0.0,0.0
2003-03-20,2003-05-29,OPTIDX,NIFTY,1050.0,CE,0.0,0.0,0.0,66.45,56.7,0.0,0.0,0.0
2003-03-20,2003-05-29,OPTIDX,NIFTY,1060.0,CE,0.0,0.0,0.0,61.4,52.4,0.0,0.0,0.0
2003-03-20,2003-05-29,OPTIDX,NIFTY,1070.0,CE,0.0,0.0,0.0,56.6,48.3,0.0,0.0,0.0
2003-03-20,2003-05-29,OPTIDX,NIFTY,1080.0,CE,0.0,0.0,0.0,57.05,44.5,0.0,0.0,0.0
2003-03-20,2003-05-29,OPTIDX,NIFTY,970.0,PE,0.0,0.0,0.0,31.7,29.1,0.0,0.0,0.0
2003-03-20,2003-05-29,OPTIDX,NIFTY,980.0,PE,0.0,0.0,0.0,34.05,32.6,0.0,0.0,0.0
2003-03-20,2003-05-29,OPTIDX,NIFTY,990.0,PE,0.0,0.0,0.0,37.55,36.3,0.0,0.0,0.0
2003-03-20,2003-05-29,OPTIDX,NIFTY,1000.0,PE,0.0,0.0,0.0,38.05,40.25,0.0,0.0,0.0
2003-03-20,2003-05-29,OPTIDX,NIFTY,1010.0,PE,0.0,0.0,0.0,36.9,44.5,0.0,0.0,0.0
2003-03-20,2003-05-29,OPTIDX,NIFTY,1020.0,PE,0.0,0.0,0.0,37.75,48.95,0.0,0.0,0.0
2003-03-20,2003-05-29,OPTIDX,NIFTY,1030.0,PE,0.0,0.0,0.0,38.45,53.7,0.0,0.0,0.0
2003-03-20,2003-05-29,OPTIDX,NIFTY,1040.0,PE,0.0,0.0,0.0,42.7,58.75,0.0,0.0,0.0
2003-03-20,2003-05-29,OPTIDX,NIFTY,1050.0,PE,0.0,0.0,0.0,47.2,64.0,0.0,0.0,0.0
2003-03-20,2003-05-29,OPTIDX,NIFTY,1060.0,PE,0.0,0.0,0.0,52.0,69.5,0.0,0.0,0.0
2003-03-20,2003-05-29,OPTIDX,NIFTY,1070.0,PE,0.0,0.0,0.0,57.1,75.3,0.0,0.0,0.0
2003-03-20,2003-05-29,OPTIDX,NIFTY,1080.0,PE,0.0,0.0,0.0,57.1,81.3,0.0,0.0,0.0
2003-03-20,2003-03-27,OPTSTK,ACC,125.0,CA,7.55,11.8,7.55,11.8,11.8,10.0,20.2,0.0
2003-03-20,2003-03-27,OPTSTK,ACC,130.0,CA,5.5,6.8,5.5,6.7,6.7,14.0,28.57,25500.0
2003-03-20,2003-03-27,OPTSTK,ACC,135.0,CA,2.0,3.4,1.85,2.9,2.9,72.0,148.7,94500.0
2003-03-20,2003-03-27,OPTSTK,ACC,140.0,CA,0.45,1.4,0.45,1.15,1.15,42.0,88.83,156000.0
2003-03-20,2003-03-27,OPTSTK,ACC,145.0,CA,0.4,0.7,0.4,0.4,0.4,11.0,24.01,151500.0
2003-03-20,2003-03-27,OPTSTK,ACC,150.0,CA,0.2,0.35,0.15,0.15,0.15,8.0,18.02,258000.0
2003-03-20,2003-03-27,OPTSTK,ACC,155.0,CA,0.15,0.25,0.15,0.25,0.25,3.0,6.98,184500.0
2003-03-20,2003-03-27,OPTSTK,ACC,160.0,CA,0.0,0.0,0.0,0.15,0.1,0.0,0.0,318000.0
2003-03-20,2003-03-27,OPTSTK,ACC,170.0,CA,0.0,0.0,0.0,0.1,0.05,0.0,0.0,157500.0
2003-03-20,2003-03-27,OPTSTK,ACC,180.0,CA,0.0,0.0,0.0,0.15,0.0,0.0,0.0,30000.0
2003-03-20,2003-03-27,OPTSTK,ACC,190.0,CA,0.0,0.0,0.0,6.5,0.0,0.0,0.0,0.0
2003-03-20,2003-03-27,OPTSTK,ACC,125.0,PA,0.0,0.0,0.0,1.05,0.75,0.0,0.0,0.0
2003-03-20,2003-03-27,OPTSTK,ACC,130.0,PA,2.5,2.5,0.75,0.75,0.75,12.0,23.61,28500.0
2003-03-20,2003-03-27,OPTSTK,ACC,135.0,PA,3.6,3.75,2.05,2.05,2.05,30.0,62.11,64500.0
2003-03-20,2003-03-27,OPTSTK,ACC,140.0,PA,7.5,7.5,4.75,5.05,5.05,23.0,50.34,64500.0
2003-03-20,2003-03-27,OPTSTK,ACC,145.0,PA,12.05,12.05,10.05,10.1,10.1,5.0,11.68,52500.0
2003-03-20,2003-03-27,OPTSTK,ACC,150.0,PA,15.0,15.0,15.0,15.0,15.0,2.0,4.95,103500.0
2003-03-20,2003-03-27,OPTSTK,ACC,155.0,PA,18.25,23.8,18.25,18.3,18.3,22.0,58.04,31500.0
2003-03-20,2003-03-27,OPTSTK,ACC,160.0,PA,20.1,37.75,20.1,23.15,23.15,22.0,62.6,4500.0
2003-03-20,2003-03-27,OPTSTK,ACC,170.0,PA,19.1,38.5,19.1,38.5,38.5,2.0,5.96,0.0
2003-03-20,2003-03-27,OPTSTK,ACC,180.0,PA,0.0,0.0,0.0,31.0,44.0,0.0,0.0,0.0
2003-03-20,2003-03-27,OPTSTK,ACC,190.0,PA,0.0,0.0,0.0,11.3,54.0,0.0,0.0,0.0
2003-03-20,2003-04-24,OPTSTK,ACC,125.0,CA,0.0,0.0,0.0,12.65,16.15,0.0,0.0,0.0
2003-03-20,2003-04-24,OPTSTK,ACC,130.0,CA,13.9,13.9,9.0,9.0,9.0,2.0,4.24,3000.0
2003-03-20,2003-04-24,OPTSTK,ACC,135.0,CA,5.6,6.6,5.5,6.0,6.0,13.0,27.48,28500.0
2003-03-20,2003-04-24,OPTSTK,ACC,140.0,CA,3.25,4.2,3.25,3.95,3.95,14.0,30.19,24000.0
2003-03-20,2003-04-24,OPTSTK,ACC,145.0,CA,0.0,0.0,0.0,11.25,6.25,0.0,0.0,0.0
2003-03-20,2003-04-24,OPTSTK,ACC,150.0,CA,1.6,1.6,1.4,1.4,1.4,3.0,6.81,10500.0
2003-03-20,2003-04-24,OPTSTK,ACC,155.0,CA,0.0,0.0,0.0,8.5,3.55,0.0,0.0,0.0
2003-03-20,2003-04-24,OPTSTK,ACC,160.0,CA,0.0,0.0,0.0,10.05,2.65,0.0,0.0,0.0
2003-03-20,2003-04-24,OPTSTK,ACC,170.0,CA,0.0,0.0,0.0,6.7,1.4,0.0,0.0,0.0
2003-03-20,2003-04-24,OPTSTK,ACC,180.0,CA,0.0,0.0,0.0,6.35,0.7,0.0,0.0,0.0
2003-03-20,2003-04-24,OPTSTK,ACC,125.0,PA,0.0,0.0,0.0,4.25,4.4,0.0,0.0,0.0
2003-03-20,2003-04-24,OPTSTK,ACC,130.0,PA,2.85,2.85,2.85,2.85,2.85,1.0,1.99,3000.0
2003-03-20,2003-04-24,OPTSTK,ACC,135.0,PA,0.0,0.0,0.0,3.0,8.55,0.0,0.0,1500.0
2003-03-20,2003-04-24,OPTSTK,ACC,140.0,PA,0.0,0.0,0.0,11.1,11.25,0.0,0.0,0.0
2003-03-20,2003-04-24,OPTSTK,ACC,145.0,PA,0.0,0.0,0.0,13.8,14.35,0.0,0.0,0.0
2003-03-20,2003-04-24,OPTSTK,ACC,150.0,PA,0.0,0.0,0.0,16.75,17.8,0.0,0.0,0.0
2003-03-20,2003-04-24,OPTSTK,ACC,155.0,PA,0.0,0.0,0.0,18.55,21.6,0.0,0.0,0.0
2003-03-20,2003-04-24,OPTSTK,ACC,160.0,PA,0.0,0.0,0.0,14.8,25.6,0.0,0.0,0.0
2003-03-20,2003-04-24,OPTSTK,ACC,170.0,PA,0.0,0.0,0.0,21.3,34.3,0.0,0.0,0.0
2003-03-20,2003-04-24,OPTSTK,ACC,180.0,PA,0.0,0.0,0.0,26.15,43.5,0.0,0.0,0.0
2003-03-20,2003-05-29,OPTSTK,ACC,125.0,CA,0.0,0.0,0.0,16.0,20.15,0.0,0.0,0.0
2003-03-20,2003-05-29,OPTSTK,ACC,130.0,CA,0.0,0.0,0.0,28.2,17.3,0.0,0.0,0.0
2003-03-20,2003-05-29,OPTSTK,ACC,135.0,CA,0.0,0.0,0.0,18.5,14.8,0.0,0.0,0.0
2003-03-20,2003-05-29,OPTSTK,ACC,140.0,CA,0.0,0.0,0.0,21.4,12.55,0.0,0.0,0.0
2003-03-20,2003-05-29,OPTSTK,ACC,145.0,CA,0.0,0.0,0.0,16.45,10.55,0.0,0.0,0.0
2003-03-20,2003-05-29,OPTSTK,ACC,150.0,CA,0.0,0.0,0.0,15.75,8.85,0.0,0.0,0.0
2003-03-20,2003-05-29,OPTSTK,ACC,155.0,CA,0.0,0.0,0.0,11.7,7.4,0.0,0.0,0.0
2003-03-20,2003-05-29,OPTSTK,ACC,160.0,CA,0.0,0.0,0.0,11.25,6.15,0.0,0.0,0.0
2003-03-20,2003-05-29,OPTSTK,ACC,170.0,CA,0.0,0.0,0.0,7.85,4.2,0.0,0.0,0.0
2003-03-20,2003-05-29,OPTSTK,ACC,125.0,PA,0.0,0.0,0.0,6.85,7.4,0.0,0.0,0.0
2003-03-20,2003-05-29,OPTSTK,ACC,130.0,PA,0.0,0.0,0.0,3.8,9.45,0.0,0.0,0.0
2003-03-20,2003-05-29,OPTSTK,ACC,135.0,PA,0.0,0.0,0.0,6.75,11.85,0.0,0.0,0.0
2003-03-20,2003-05-29,OPTSTK,ACC,140.0,PA,0.0,0.0,0.0,6.8,14.5,0.0,0.0,0.0
2003-03-20,2003-05-29,OPTSTK,ACC,145.0,PA,0.0,0.0,0.0,9.45,17.45,0.0,0.0,0.0
2003-03-20,2003-05-29,OPTSTK,ACC,150.0,PA,0.0,0.0,0.0,11.0,20.65,0.0,0.0,0.0
2003-03-20,2003-05-29,OPTSTK,ACC,155.0,PA,0.0,0.0,0.0,14.55,24.1,0.0,0.0,0.0
2003-03-20,2003-05-29,OPTSTK,ACC,160.0,PA,0.0,0.0,0.0,16.4,27.8,0.0,0.0,0.0
2003-03-20,2003-05-29,OPTSTK,ACC,170.0,PA,0.0,0.0,0.0,22.85,35.65,0.0,0.0,0.0
2003-03-20,2003-03-27,OPTSTK,BAJAJAUTO,440.0,CA,0.0,0.0,0.0,48.55,60.5,0.0,0.0,0.0
2003-03-20,2003-03-27,OPTSTK,BAJAJAUTO,450.0,CA,0.0,0.0,0.0,68.7,51.2,0.0,0.0,0.0
2003-03-20,2003-03-27,OPTSTK,BAJAJAUTO,460.0,CA,0.0,0.0,0.0,69.3,42.35,0.0,0.0,0.0
2003-03-20,2003-03-27,OPTSTK,BAJAJAUTO,480.0,CA,9.9,10.0,9.9,10.0,10.0,2.0,7.83,4800.0
2003-03-20,2003-03-27,OPTSTK,BAJAJAUTO,500.0,CA,5.4,5.5,5.4,5.5,5.5,2.0,8.08,10400.0
2003-03-20,2003-03-27,OPTSTK,BAJAJAUTO,510.0,CA,0.0,0.0,0.0,1.6,10.65,0.0,0.0,800.0
2003-03-20,2003-03-27,OPTSTK,BAJAJAUTO,520.0,CA,0.0,0.0,0.0,1.25,7.3,0.0,0.0,3200.0
2003-03-20,2003-03-27,OPTSTK,BAJAJAUTO,540.0,CA,0.0,0.0,0.0,0.5,3.1,0.0,0.0,1600.0
2003-03-20,2003-03-27,OPTSTK,BAJAJAUTO,570.0,CA,0.0,0.0,0.0,26.15,0.7,0.0,0.0,0.0
2003-03-20,2003-03-27,OPTSTK,BAJAJAUTO,600.0,CA,0.0,0.0,0.0,22.15,0.1,0.0,0.0,0.0
2003-03-20,2003-03-27,OPTSTK,BAJAJAUTO,440.0,PA,0.0,0.0,0.0,3.6,0.65,0.0,0.0,0.0
2003-03-20,2003-03-27,OPTSTK,BAJAJAUTO,450.0,PA,0.0,0.0,0.0,18.4,1.35,0.0,0.0,0.0
2003-03-20,2003-03-27,OPTSTK,BAJAJAUTO,460.0,PA,0.0,0.0,0.0,25.05,2.45,0.0,0.0,0.0
2003-03-20,2003-03-27,OPTSTK,BAJAJAUTO,480.0,PA,2.3,2.3,2.3,2.3,2.3,1.0,3.85,1600.0
2003-03-20,2003-03-27,OPTSTK,BAJAJAUTO,500.0,PA,0.0,0.0,0.0,28.0,15.0,0.0,0.0,4800.0
2003-03-20,2003-03-27,OPTSTK,BAJAJAUTO,510.0,PA,0.0,0.0,0.0,3.0,20.7,0.0,0.0,0.0
2003-03-20,2003-03-27,OPTSTK,BAJAJAUTO,520.0,PA,0.0,0.0,0.0,5.0,27.35,0.0,0.0,0.0
2003-03-20,2003-03-27,OPTSTK,BAJAJAUTO,540.0,PA,0.0,0.0,0.0,75.95,43.1,0.0,0.0,0.0
2003-03-20,2003-03-27,OPTSTK,BAJAJAUTO,570.0,PA,0.0,0.0,0.0,80.15,70.65,0.0,0.0,0.0
2003-03-20,2003-03-27,OPTSTK,BAJAJAUTO,600.0,PA,0.0,0.0,0.0,85.85,100.05,0.0,0.0,0.0
2003-03-20,2003-04-24,OPTSTK,BAJAJAUTO,440.0,CA,0.0,0.0,0.0,58.15,72.25,0.0,0.0,0.0
2003-03-20,2003-04-24,OPTSTK,BAJAJAUTO,450.0,CA,0.0,0.0,0.0,86.15,64.9,0.0,0.0,0.0
2003-03-20,2003-04-24,OPTSTK,BAJAJAUTO,460.0,CA,0.0,0.0,0.0,56.5,57.95,0.0,0.0,0.0
2003-03-20,2003-04-24,OPTSTK,BAJAJAUTO,480.0,CA,0.0,0.0,0.0,66.25,45.55,0.0,0.0,0.0
2003-03-20,2003-04-24,OPTSTK,BAJAJAUTO,500.0,CA,0.0,0.0,0.0,33.35,35.0,0.0,0.0,0.0
2003-03-20,2003-04-24,OPTSTK,BAJAJAUTO,510.0,CA,0.0,0.0,0.0,49.7,30.45,0.0,0.0,0.0
2003-03-20,2003-04-24,OPTSTK,BAJAJAUTO,520.0,CA,0.0,0.0,0.0,24.7,26.35,0.0,0.0,0.0
2003-03-20,2003-04-24,OPTSTK,BAJAJAUTO,540.0,CA,0.0,0.0,0.0,36.35,19.45,0.0,0.0,0.0
2003-03-20,2003-04-24,OPTSTK,BAJAJAUTO,570.0,CA,0.0,0.0,0.0,26.0,11.95,0.0,0.0,0.0
2003-03-20,2003-04-24,OPTSTK,BAJAJAUTO,600.0,CA,0.0,0.0,0.0,23.05,7.0,0.0,0.0,0.0
2003-03-20,2003-04-24,OPTSTK,BAJAJAUTO,440.0,PA,0.0,0.0,0.0,11.1,9.45,0.0,0.0,0.0
2003-03-20,2003-04-24,OPTSTK,BAJAJAUTO,450.0,PA,0.0,0.0,0.0,14.3,12.05,0.0,0.0,0.0
2003-03-20,2003-04-24,OPTSTK,BAJAJAUTO,460.0,PA,0.0,0.0,0.0,13.85,15.0,0.0,0.0,0.0
2003-03-20,2003-04-24,OPTSTK,BAJAJAUTO,480.0,PA,0.0,0.0,0.0,24.0,22.4,0.0,0.0,0.0
2003-03-20,2003-04-24,OPTSTK,BAJAJAUTO,500.0,PA,0.0,0.0,0.0,30.35,31.75,0.0,0.0,0.0
2003-03-20,2003-04-24,OPTSTK,BAJAJAUTO,510.0,PA,0.0,0.0,0.0,36.95,37.1,0.0,0.0,0.0
2003-03-20,2003-04-24,OPTSTK,BAJAJAUTO,520.0,PA,0.0,0.0,0.0,41.6,42.95,0.0,0.0,0.0
2003-03-20,2003-04-24,OPTSTK,BAJAJAUTO,540.0,PA,0.0,0.0,0.0,53.2,55.85,0.0,0.0,0.0
2003-03-20,2003-04-24,OPTSTK,BAJAJAUTO,570.0,PA,0.0,0.0,0.0,72.45,78.1,0.0,0.0,0.0
2003-03-20,2003-04-24,OPTSTK,BAJAJAUTO,600.0,PA,0.0,0.0,0.0,84.15,102.9,0.0,0.0,0.0
2003-03-20,2003-05-29,OPTSTK,BAJAJAUTO,440.0,CA,0.0,0.0,0.0,67.95,85.0,0.0,0.0,0.0
2003-03-20,2003-05-29,OPTSTK,BAJAJAUTO,450.0,CA,0.0,0.0,0.0,84.3,78.45,0.0,0.0,0.0
2003-03-20,2003-05-29,OPTSTK,BAJAJAUTO,460.0,CA,0.0,0.0,0.0,66.7,72.2,0.0,0.0,0.0
2003-03-20,2003-05-29,OPTSTK,BAJAJAUTO,480.0,CA,0.0,0.0,0.0,65.15,60.75,0.0,0.0,0.0
2003-03-20,2003-05-29,OPTSTK,BAJAJAUTO,500.0,CA,0.0,0.0,0.0,44.7,50.7,0.0,0.0,0.0
2003-03-20,2003-05-29,OPTSTK,BAJAJAUTO,510.0,CA,0.0,0.0,0.0,49.2,46.15,0.0,0.0,0.0
2003-03-20,2003-05-29,OPTSTK,BAJAJAUTO,520.0,CA,0.0,0.0,0.0,35.95,41.95,0.0,0.0,0.0
2003-03-20,2003-05-29,OPTSTK,BAJAJAUTO,540.0,CA,0.0,0.0,0.0,36.35,34.45,0.0,0.0,0.0
2003-03-20,2003-05-29,OPTSTK,BAJAJAUTO,570.0,CA,0.0,0.0,0.0,26.35,25.25,0.0,0.0,0.0
2003-03-20,2003-05-29,OPTSTK,BAJAJAUTO,440.0,PA,0.0,0.0,0.0,18.3,18.6,0.0,0.0,0.0
2003-03-20,2003-05-29,OPTSTK,BAJAJAUTO,450.0,PA,0.0,0.0,0.0,16.7,21.85,0.0,0.0,0.0
2003-03-20,2003-05-29,OPTSTK,BAJAJAUTO,460.0,PA,0.0,0.0,0.0,21.35,25.45,0.0,0.0,0.0
2003-03-20,2003-05-29,OPTSTK,BAJAJAUTO,480.0,PA,0.0,0.0,0.0,27.05,33.7,0.0,0.0,0.0
2003-03-20,2003-05-29,OPTSTK,BAJAJAUTO,500.0,PA,0.0,0.0,0.0,38.8,43.3,0.0,0.0,0.0
2003-03-20,2003-05-29,OPTSTK,BAJAJAUTO,510.0,PA,0.0,0.0,0.0,40.65,48.6,0.0,0.0,0.0
2003-03-20,2003-05-29,OPTSTK,BAJAJAUTO,520.0,PA,0.0,0.0,0.0,49.8,54.2,0.0,0.0,0.0
2003-03-20,2003-05-29,OPTSTK,BAJAJAUTO,540.0,PA,0.0,0.0,0.0,57.35,66.35,0.0,0.0,0.0
2003-03-20,2003-05-29,OPTSTK,BAJAJAUTO,570.0,PA,0.0,0.0,0.0,76.85,86.7,0.0,0.0,0.0
2003-03-20,2003-03-27,OPTSTK,BEL,170.0,CA,0.0,0.0,0.0,18.5,21.5,0.0,0.0,0.0
2003-03-20,2003-03-27,OPTSTK,BEL,180.0,CA,7.3,7.3,7.3,7.3,7.3,1.0,2.06,1100.0
2003-03-20,2003-03-27,OPTSTK,BEL,190.0,CA,5.0,5.8,4.3,5.55,5.55,9.0,19.32,13200.0
2003-03-20,2003-03-27,OPTSTK,BEL,200.0,CA,1.4,1.45,0.9,0.9,0.9,4.0,8.85,27500.0
2003-03-20,2003-03-27,OPTSTK,BEL,210.0,CA,0.0,0.0,0.0,0.5,0.55,0.0,0.0,19800.0
2003-03-20,2003-03-27,OPTSTK,BEL,220.0,CA,0.0,0.0,0.0,0.15,0.15,0.0,0.0,6600.0
2003-03-20,2003-03-27,OPTSTK,BEL,230.0,CA,0.0,0.0,0.0,1.25,0.05,0.0,0.0,1100.0
2003-03-20,2003-03-27,OPTSTK,BEL,170.0,PA,0.0,0.0,0.0,2.15,0.25,0.0,0.0,0.0
2003-03-20,2003-03-27,OPTSTK,BEL,180.0,PA,0.0,0.0,0.0,4.5,1.3,0.0,0.0,0.0
2003-03-20,2003-03-27,OPTSTK,BEL,190.0,PA,2.9,2.9,2.05,2.05,2.05,2.0,4.23,16500.0
2003-03-20,2003-03-27,OPTSTK,BEL,200.0,PA,0.0,0.0,0.0,9.0,10.75,0.0,0.0,6600.0
2003-03-20,2003-03-27,OPTSTK,BEL,210.0,PA,0.0,0.0,0.0,19.75,19.2,0.0,0.0,0.0
2003-03-20,2003-03-27,OPTSTK,BEL,220.0,PA,0.0,0.0,0.0,6.35,28.75,0.0,0.0,0.0
2003-03-20,2003-03-27,OPTSTK,BEL,230.0,PA,0.0,0.0,0.0,26.15,38.65,0.0,0.0,0.0
2003-03-20,2003-04-24,OPTSTK,BEL,170.0,CA,0.0,0.0,0.0,26.65,25.65,0.0,0.0,0.0
2003-03-20,2003-04-24,OPTSTK,BEL,180.0,CA,0.0,0.0,0.0,25.05,18.6,0.0,0.0,0.0
2003-03-20,2003-04-24,OPTSTK,BEL,190.0,CA,0.0,0.0,0.0,18.95,12.9,0.0,0.0,0.0
2003-03-20,2003-04-24,OPTSTK,BEL,200.0,CA,0.0,0.0,0.0,13.95,8.55,0.0,0.0,0.0
2003-03-20,2003-04-24,OPTSTK,BEL,210.0,CA,0.0,0.0,0.0,10.0,5.45,0.0,0.0,0.0
2003-03-20,2003-04-24,OPTSTK,BEL,220.0,CA,0.0,0.0,0.0,7.0,3.3,0.0,0.0,0.0
2003-03-20,2003-04-24,OPTSTK,BEL,230.0,CA,0.0,0.0,0.0,8.35,1.95,0.0,0.0,0.0
2003-03-20,2003-04-24,OPTSTK,BEL,170.0,PA,0.0,0.0,0.0,3.85,3.2,0.0,0.0,0.0
2003-03-20,2003-04-24,OPTSTK,BEL,180.0,PA,0.0,0.0,0.0,6.35,6.1,0.0,0.0,0.0
2003-03-20,2003-04-24,OPTSTK,BEL,190.0,PA,0.0,0.0,0.0,10.1,10.3,0.0,0.0,0.0
2003-03-20,2003-04-24,OPTSTK,BEL,200.0,PA,0.0,0.0,0.0,14.95,15.9,0.0,0.0,0.0
2003-03-20,2003-04-24,OPTSTK,BEL,210.0,PA,0.0,0.0,0.0,20.9,22.7,0.0,0.0,0.0
2003-03-20,2003-04-24,OPTSTK,BEL,220.0,PA,0.0,0.0,0.0,27.75,30.5,0.0,0.0,0.0
2003-03-20,2003-04-24,OPTSTK,BEL,230.0,PA,0.0,0.0,0.0,28.05,39.05,0.0,0.0,0.0
2003-03-20,2003-05-29,OPTSTK,BEL,170.0,CA,0.0,0.0,0.0,31.9,30.15,0.0,0.0,0.0
2003-03-20,2003-05-29,OPTSTK,BEL,180.0,CA,0.0,0.0,0.0,30.55,23.8,0.0,0.0,0.0
2003-03-20,2003-05-29,OPTSTK,BEL,190.0,CA,0.0,0.0,0.0,24.3,18.4,0.0,0.0,0.0
2003-03-20,2003-05-29,OPTSTK,BEL,200.0,CA,0.0,0.0,0.0,19.0,14.0,0.0,0.0,0.0
2003-03-20,2003-05-29,OPTSTK,BEL,210.0,CA,0.0,0.0,0.0,14.6,10.45,0.0,0.0,0.0
2003-03-20,2003-05-29,OPTSTK,BEL,220.0,CA,0.0,0.0,0.0,11.05,7.7,0.0,0.0,0.0
2003-03-20,2003-05-29,OPTSTK,BEL,170.0,PA,0.0,0.0,0.0,4.6,6.35,0.0,0.0,0.0
2003-03-20,2003-05-29,OPTSTK,BEL,180.0,PA,0.0,0.0,0.0,7.1,9.8,0.0,0.0,0.0
2003-03-20,2003-05-29,OPTSTK,BEL,190.0,PA,0.0,0.0,0.0,10.7,14.25,0.0,0.0,0.0
2003-03-20,2003-05-29,OPTSTK,BEL,200.0,PA,0.0,0.0,0.0,15.25,19.65,0.0,0.0,0.0
2003-03-20,2003-05-29,OPTSTK,BEL,210.0,PA,0.0,0.0,0.0,20.7,25.95,0.0,0.0,0.0
2003-03-20,2003-05-29,OPTSTK,BEL,220.0,PA,0.0,0.0,0.0,26.95,33.05,0.0,0.0,0.0
2003-03-20,2003-03-27,OPTSTK,BHEL,150.0,CA,0.0,0.0,0.0,69.0,68.25,0.0,0.0,0.0
2003-03-20,2003-03-27,OPTSTK,BHEL,160.0,CA,0.0,0.0,0.0,47.9,58.3,0.0,0.0,0.0
2003-03-20,2003-03-27,OPTSTK,BHEL,170.0,CA,0.0,0.0,0.0,36.0,48.3,0.0,0.0,0.0
2003-03-20,2003-03-27,OPTSTK,BHEL,180.0,CA,0.0,0.0,0.0,20.5,38.35,0.0,0.0,1200.0
2003-03-20,2003-03-27,OPTSTK,BHEL,190.0,CA,25.1,27.5,25.1,27.5,27.5,5.0,12.98,9600.0
2003-03-20,2003-03-27,OPTSTK,BHEL,200.0,CA,9.5,18.5,9.5,18.05,18.05,112.0,289.95,170400.0
2003-03-20,2003-03-27,OPTSTK,BHEL,210.0,CA,3.25,9.35,3.0,8.25,8.25,247.0,640.27,207600.0
2003-03-20,2003-03-27,OPTSTK,BHEL,220.0,CA,0.8,3.25,0.8,2.8,2.8,97.0,258.54,192000.0
2003-03-20,2003-03-27,OPTSTK,BHEL,230.0,CA,0.25,0.95,0.25,0.95,0.95,4.0,11.07,26400.0
2003-03-20,2003-03-27,OPTSTK,BHEL,240.0,CA,0.0,0.0,0.0,1.0,1.0,0.0,0.0,6000.0
2003-03-20,2003-03-27,OPTSTK,BHEL,150.0,PA,0.0,0.0,0.0,5.8,0.0,0.0,0.0,0.0
2003-03-20,2003-03-27,OPTSTK,BHEL,160.0,PA,0.0,0.0,0.0,9.4,0.0,0.0,0.0,0.0
2003-03-20,2003-03-27,OPTSTK,BHEL,170.0,PA,0.0,0.0,0.0,14.05,0.0,0.0,0.0,0.0
2003-03-20,2003-03-27,OPTSTK,BHEL,180.0,PA,0.0,0.0,0.0,0.95,0.05,0.0,0.0,12000.0
2003-03-20,2003-03-27,OPTSTK,BHEL,190.0,PA,0.5,0.5,0.4,0.4,0.4,6.0,13.71,68400.0
2003-03-20,2003-03-27,OPTSTK,BHEL,200.0,PA,1.75,1.75,0.65,0.8,0.8,78.0,188.06,199200.0
2003-03-20,2003-03-27,OPTSTK,BHEL,210.0,PA,5.0,5.0,1.85,2.1,2.1,97.0,247.35,106800.0
2003-03-20,2003-03-27,OPTSTK,BHEL,220.0,PA,6.0,8.0,5.05,6.15,6.15,9.0,24.46,12000.0
2003-03-20,2003-03-27,OPTSTK,BHEL,230.0,PA,0.0,0.0,0.0,26.25,14.3,0.0,0.0,0.0
2003-03-20,2003-03-27,OPTSTK,BHEL,240.0,PA,0.0,0.0,0.0,20.0,22.6,0.0,0.0,0.0
2003-03-20,2003-04-24,OPTSTK,BHEL,160.0,CA,0.0,0.0,0.0,30.8,59.8,0.0,0.0,0.0
2003-03-20,2003-04-24,OPTSTK,BHEL,170.0,CA,0.0,0.0,0.0,24.2,50.5,0.0,0.0,0.0
2003-03-20,2003-04-24,OPTSTK,BHEL,180.0,CA,0.0,0.0,0.0,18.6,41.7,0.0,0.0,0.0
2003-03-20,2003-04-24,OPTSTK,BHEL,190.0,CA,0.0,0.0,0.0,14.05,33.65,0.0,0.0,0.0
2003-03-20,2003-04-24,OPTSTK,BHEL,200.0,CA,17.0,19.0,17.0,19.0,19.0,4.0,10.48,4800.0
2003-03-20,2003-04-24,OPTSTK,BHEL,210.0,CA,8.0,13.5,8.0,13.5,13.5,9.0,23.88,2400.0
2003-03-20,2003-04-24,OPTSTK,BHEL,220.0,CA,0.0,0.0,0.0,9.0,15.2,0.0,0.0,0.0
2003-03-20,2003-04-24,OPTSTK,BHEL,230.0,CA,4.4,4.4,0.5,0.5,0.5,6.0,16.73,0.0
2003-03-20,2003-04-24,OPTSTK,BHEL,240.0,CA,0.0,0.0,0.0,7.75,7.9,0.0,0.0,0.0
2003-03-20,2003-04-24,OPTSTK,BHEL,160.0,PA,0.0,0.0,0.0,5.4,0.5,0.0,0.0,0.0
2003-03-20,2003-04-24,OPTSTK,BHEL,170.0,PA,0.0,0.0,0.0,8.7,1.1,0.0,0.0,0.0
2003-03-20,2003-04-24,OPTSTK,BHEL,180.0,PA,0.0,0.0,0.0,12.95,2.2,0.0,0.0,0.0
2003-03-20,2003-04-24,OPTSTK,BHEL,190.0,PA,0.0,0.0,0.0,18.25,4.05,0.0,0.0,0.0
2003-03-20,2003-04-24,OPTSTK,BHEL,200.0,PA,3.0,3.1,3.0,3.1,3.1,3.0,7.31,3600.0
2003-03-20,2003-04-24,OPTSTK,BHEL,210.0,PA,0.0,0.0,0.0,28.4,10.55,0.0,0.0,0.0
2003-03-20,2003-04-24,OPTSTK,BHEL,220.0,PA,0.0,0.0,0.0,30.85,15.35,0.0,0.0,0.0
2003-03-20,2003-04-24,OPTSTK,BHEL,230.0,PA,0.0,0.0,0.0,28.7,21.15,0.0,0.0,0.0
2003-03-20,2003-04-24,OPTSTK,BHEL,240.0,PA,0.0,0.0,0.0,29.9,27.9,0.0,0.0,0.0
2003-03-20,2003-05-29,OPTSTK,BHEL,180.0,CA,0.0,0.0,0.0,33.4,46.45,0.0,0.0,0.0
2003-03-20,2003-05-29,OPTSTK,BHEL,190.0,CA,0.0,0.0,0.0,32.1,39.3,0.0,0.0,0.0
2003-03-20,2003-05-29,OPTSTK,BHEL,200.0,CA,0.0,0.0,0.0,30.85,32.9,0.0,0.0,0.0
2003-03-20,2003-05-29,OPTSTK,BHEL,210.0,CA,0.0,0.0,0.0,25.0,27.25,0.0,0.0,0.0
2003-03-20,2003-05-29,OPTSTK,BHEL,220.0,CA,0.0,0.0,0.0,19.95,22.3,0.0,0.0,0.0
2003-03-20,2003-05-29,OPTSTK,BHEL,230.0,CA,0.0,0.0,0.0,15.7,18.1,0.0,0.0,0.0
2003-03-20,2003-05-29,OPTSTK,BHEL,240.0,CA,0.0,0.0,0.0,12.25,14.55,0.0,0.0,0.0
2003-03-20,2003-05-29,OPTSTK,BHEL,180.0,PA,0.0,0.0,0.0,7.0,5.45,0.0,0.0,0.0
2003-03-20,2003-05-29,OPTSTK,BHEL,190.0,PA,0.0,0.0,0.0,7.95,8.15,0.0,0.0,0.0
2003-03-20,2003-05-29,OPTSTK,BHEL,200.0,PA,0.0,0.0,0.0,9.55,11.55,0.0,0.0,0.0
2003-03-20,2003-05-29,OPTSTK,BHEL,210.0,PA,0.0,0.0,0.0,13.5,15.75,0.0,0.0,0.0
2003-03-20,2003-05-29,OPTSTK,BHEL,220.0,PA,0.0,0.0,0.0,18.35,20.65,0.0,0.0,0.0
2003-03-20,2003-05-29,OPTSTK,BHEL,230.0,PA,0.0,0.0,0.0,23.95,26.3,0.0,0.0,0.0
2003-03-20,2003-05-29,OPTSTK,BHEL,240.0,PA,0.0,0.0,0.0,30.3,32.6,0.0,0.0,0.0
2003-03-20,2003-03-27,OPTSTK,BPCL,170.0,CA,0.0,0.0,0.0,60.0,54.7,0.0,0.0,0.0
2003-03-20,2003-03-27,OPTSTK,BPCL,180.0,CA,0.0,0.0,0.0,40.0,44.75,0.0,0.0,0.0
2003-03-20,2003-03-27,OPTSTK,BPCL,190.0,CA,35.0,45.0,27.4,27.4,27.4,12.0,29.65,2200.0
2003-03-20,2003-03-27,OPTSTK,BPCL,200.0,CA,18.9,23.9,18.9,23.0,23.0,13.0,31.67,57200.0
2003-03-20,2003-03-27,OPTSTK,BPCL,210.0,CA,8.55,14.25,7.5,13.75,13.75,62.0,151.14,235400.0
2003-03-20,2003-03-27,OPTSTK,BPCL,220.0,CA,2.5,5.5,1.95,5.1,5.1,206.0,507.17,305800.0
2003-03-20,2003-03-27,OPTSTK,BPCL,230.0,CA,0.85,1.75,0.8,1.5,1.5,46.0,116.98,273900.0
2003-03-20,2003-03-27,OPTSTK,BPCL,240.0,CA,0.5,0.65,0.45,0.6,0.6,6.0,15.87,150700.0
2003-03-20,2003-03-27,OPTSTK,BPCL,250.0,CA,0.0,0.0,0.0,0.2,0.7,0.0,0.0,23100.0
2003-03-20,2003-03-27,OPTSTK,BPCL,170.0,PA,0.0,0.0,0.0,2.0,0.0,0.0,0.0,1100.0
2003-03-20,2003-03-27,OPTSTK,BPCL,180.0,PA,0.0,0.0,0.0,0.85,0.05,0.0,0.0,1100.0
2003-03-20,2003-03-27,OPTSTK,BPCL,190.0,PA,0.0,0.0,0.0,0.85,0.1,0.0,0.0,7700.0
2003-03-20,2003-03-27,OPTSTK,BPCL,200.0,PA,0.75,0.75,0.4,0.6,0.6,21.0,46.31,133100.0
2003-03-20,2003-03-27,OPTSTK,BPCL,210.0,PA,2.0,2.0,0.8,0.9,0.9,56.0,130.06,236500.0
2003-03-20,2003-03-27,OPTSTK,BPCL,220.0,PA,4.6,4.6,2.3,2.55,2.55,60.0,147.29,129800.0
2003-03-20,2003-03-27,OPTSTK,BPCL,230.0,PA,0.0,0.0,0.0,27.25,9.9,0.0,0.0,14300.0
2003-03-20,2003-03-27,OPTSTK,BPCL,240.0,PA,0.0,0.0,0.0,5.35,17.15,0.0,0.0,0.0
2003-03-20,2003-03-27,OPTSTK,BPCL,250.0,PA,0.0,0.0,0.0,12.0,25.9,0.0,0.0,0.0
2003-03-20,2003-04-24,OPTSTK,BPCL,170.0,CA,0.0,0.0,0.0,31.3,56.5,0.0,0.0,0.0
2003-03-20,2003-04-24,OPTSTK,BPCL,180.0,CA,0.0,0.0,0.0,25.0,47.4,0.0,0.0,0.0
2003-03-20,2003-04-24,OPTSTK,BPCL,190.0,CA,0.0,0.0,0.0,19.6,38.85,0.0,0.0,0.0
2003-03-20,2003-04-24,OPTSTK,BPCL,200.0,CA,0.0,0.0,0.0,15.0,31.1,0.0,0.0,1100.0
2003-03-20,2003-04-24,OPTSTK,BPCL,210.0,CA,14.95,16.75,14.95,16.75,16.75,3.0,7.44,11000.0
2003-03-20,2003-04-24,OPTSTK,BPCL,220.0,CA,7.6,9.65,7.25,9.65,9.65,18.0,45.17,27500.0
2003-03-20,2003-04-24,OPTSTK,BPCL,230.0,CA,4.5,4.6,4.5,4.5,4.5,7.0,18.05,7700.0
2003-03-20,2003-04-24,OPTSTK,BPCL,240.0,CA,0.0,0.0,0.0,9.7,9.95,0.0,0.0,0.0
2003-03-20,2003-04-24,OPTSTK,BPCL,250.0,CA,0.0,0.0,0.0,6.85,7.05,0.0,0.0,0.0
2003-03-20,2003-04-24,OPTSTK,BPCL,170.0,PA,0.0,0.0,0.0,6.85,0.7,0.0,0.0,0.0
2003-03-20,2003-04-24,OPTSTK,BPCL,180.0,PA,0.0,0.0,0.0,10.4,1.45,0.0,0.0,0.0
2003-03-20,2003-04-24,OPTSTK,BPCL,190.0,PA,0.0,0.0,0.0,14.85,2.85,0.0,0.0,0.0
2003-03-20,2003-04-24,OPTSTK,BPCL,200.0,PA,0.0,0.0,0.0,3.25,5.0,0.0,0.0,1100.0
2003-03-20,2003-04-24,OPTSTK,BPCL,210.0,PA,3.2,3.2,3.2,3.2,3.2,1.0,2.34,1100.0
2003-03-20,2003-04-24,OPTSTK,BPCL,220.0,PA,0.0,0.0,0.0,30.85,12.2,0.0,0.0,0.0
2003-03-20,2003-04-24,OPTSTK,BPCL,230.0,PA,0.0,0.0,0.0,28.6,17.4,0.0,0.0,0.0
2003-03-20,2003-04-24,OPTSTK,BPCL,240.0,PA,0.0,0.0,0.0,28.95,23.55,0.0,0.0,0.0
2003-03-20,2003-04-24,OPTSTK,BPCL,250.0,PA,0.0,0.0,0.0,29.4,30.55,0.0,0.0,0.0
2003-03-20,2003-05-29,OPTSTK,BPCL,190.0,CA,0.0,0.0,0.0,29.25,44.0,0.0,0.0,0.0
2003-03-20,2003-05-29,OPTSTK,BPCL,200.0,CA,0.0,0.0,0.0,33.7,37.15,0.0,0.0,0.0
2003-03-20,2003-05-29,OPTSTK,BPCL,210.0,CA,0.0,0.0,0.0,27.7,30.95,0.0,0.0,0.0
2003-03-20,2003-05-29,OPTSTK,BPCL,220.0,CA,0.0,0.0,0.0,22.5,25.55,0.0,0.0,0.0
2003-03-20,2003-05-29,OPTSTK,BPCL,230.0,CA,0.0,0.0,0.0,18.05,20.9,0.0,0.0,0.0
2003-03-20,2003-05-29,OPTSTK,BPCL,240.0,CA,0.0,0.0,0.0,14.3,16.9,0.0,0.0,0.0
2003-03-20,2003-05-29,OPTSTK,BPCL,250.0,CA,0.0,0.0,0.0,11.35,13.55,0.0,0.0,0.0
2003-03-20,2003-05-29,OPTSTK,BPCL,190.0,PA,0.0,0.0,0.0,8.05,6.45,0.0,0.0,0.0
2003-03-20,2003-05-29,OPTSTK,BPCL,200.0,PA,0.0,0.0,0.0,9.45,9.4,0.0,0.0,0.0
2003-03-20,2003-05-29,OPTSTK,BPCL,210.0,PA,0.0,0.0,0.0,13.3,13.05,0.0,0.0,0.0
2003-03-20,2003-05-29,OPTSTK,BPCL,220.0,PA,0.0,0.0,0.0,17.95,17.5,0.0,0.0,0.0
2003-03-20,2003-05-29,OPTSTK,BPCL,230.0,PA,0.0,0.0,0.0,23.35,22.65,0.0,0.0,0.0
2003-03-20,2003-05-29,OPTSTK,BPCL,240.0,PA,0.0,0.0,0.0,29.45,28.5,0.0,0.0,0.0
2003-03-20,2003-05-29,OPTSTK,BPCL,250.0,PA,0.0,0.0,0.0,32.5,35.0,0.0,0.0,0.0
2003-03-20,2003-03-27,OPTSTK,BSES,190.0,CA,0.0,0.0,0.0,23.8,28.6,0.0,0.0,0.0
2003-03-20,2003-03-27,OPTSTK,BSES,200.0,CA,38.0,38.0,13.9,13.9,13.9,8.0,19.88,0.0
2003-03-20,2003-03-27,OPTSTK,BSES,210.0,CA,0.0,0.0,0.0,17.65,11.35,0.0,0.0,0.0
2003-03-20,2003-03-27,OPTSTK,BSES,220.0,CA,2.05,9.0,2.05,9.0,9.0,6.0,14.88,0.0
2003-03-20,2003-03-27,OPTSTK,BSES,230.0,CA,0.0,0.0,0.0,0.45,2.35,0.0,0.0,7700.0
2003-03-20,2003-03-27,OPTSTK,BSES,240.0,CA,0.0,0.0,0.0,0.7,0.8,0.0,0.0,2200.0
2003-03-20,2003-03-27,OPTSTK,BSES,250.0,CA,0.0,0.0,0.0,9.25,0.25,0.0,0.0,0.0
2003-03-20,2003-03-27,OPTSTK,BSES,190.0,PA,0.0,0.0,0.0,1.2,0.2,0.0,0.0,0.0
2003-03-20,2003-03-27,OPTSTK,BSES,200.0,PA,0.0,0.0,0.0,8.25,0.85,0.0,0.0,0.0
2003-03-20,2003-03-27,OPTSTK,BSES,210.0,PA,0.0,0.0,0.0,11.8,2.9,0.0,0.0,0.0
2003-03-20,2003-03-27,OPTSTK,BSES,220.0,PA,0.0,0.0,0.0,16.15,7.2,0.0,0.0,0.0
2003-03-20,2003-03-27,OPTSTK,BSES,230.0,PA,0.0,0.0,0.0,21.35,13.85,0.0,0.0,0.0
2003-03-20,2003-03-27,OPTSTK,BSES,240.0,PA,0.0,0.0,0.0,10.75,22.3,0.0,0.0,0.0
2003-03-20,2003-03-27,OPTSTK,BSES,250.0,PA,0.0,0.0,0.0,15.25,31.7,0.0,0.0,0.0
2003-03-20,2003-04-24,OPTSTK,BSES,190.0,CA,0.0,0.0,0.0,27.65,33.05,0.0,0.0,0.0
2003-03-20,2003-04-24,OPTSTK,BSES,200.0,CA,0.0,0.0,0.0,25.95,25.65,0.0,0.0,0.0
2003-03-20,2003-04-24,OPTSTK,BSES,210.0,CA,0.0,0.0,0.0,26.0,19.35,0.0,0.0,0.0
2003-03-20,2003-04-24,OPTSTK,BSES,220.0,CA,0.0,0.0,0.0,20.7,14.15,0.0,0.0,0.0
2003-03-20,2003-04-24,OPTSTK,BSES,230.0,CA,0.0,0.0,0.0,16.25,10.05,0.0,0.0,0.0
2003-03-20,2003-04-24,OPTSTK,BSES,240.0,CA,0.0,0.0,0.0,12.6,6.95,0.0,0.0,0.0
2003-03-20,2003-04-24,OPTSTK,BSES,250.0,CA,0.0,0.0,0.0,11.05,4.7,0.0,0.0,0.0
2003-03-20,2003-04-24,OPTSTK,BSES,190.0,PA,0.0,0.0,0.0,4.2,3.35,0.0,0.0,0.0
2003-03-20,2003-04-24,OPTSTK,BSES,200.0,PA,0.0,0.0,0.0,8.3,5.9,0.0,0.0,0.0
2003-03-20,2003-04-24,OPTSTK,BSES,210.0,PA,0.0,0.0,0.0,12.0,9.5,0.0,0.0,0.0
2003-03-20,2003-04-24,OPTSTK,BSES,220.0,PA,0.0,0.0,0.0,16.55,14.2,0.0,0.0,0.0
2003-03-20,2003-04-24,OPTSTK,BSES,230.0,PA,0.0,0.0,0.0,21.95,20.05,0.0,0.0,0.0
2003-03-20,2003-04-24,OPTSTK,BSES,240.0,PA,0.0,0.0,0.0,28.15,26.85,0.0,0.0,0.0
2003-03-20,2003-04-24,OPTSTK,BSES,250.0,PA,0.0,0.0,0.0,27.15,34.5,0.0,0.0,0.0
2003-03-20,2003-05-29,OPTSTK,BSES,190.0,CA,0.0,0.0,0.0,31.8,38.25,0.0,0.0,0.0
2003-03-20,2003-05-29,OPTSTK,BSES,200.0,CA,0.0,0.0,0.0,34.85,31.65,0.0,0.0,0.0
2003-03-20,2003-05-29,OPTSTK,BSES,210.0,CA,0.0,0.0,0.0,35.4,25.85,0.0,0.0,0.0
2003-03-20,2003-05-29,OPTSTK,BSES,220.0,CA,0.0,0.0,0.0,29.25,20.85,0.0,0.0,0.0
2003-03-20,2003-05-29,OPTSTK,BSES,230.0,CA,0.0,0.0,0.0,23.8,16.6,0.0,0.0,0.0
2003-03-20,2003-05-29,OPTSTK,BSES,240.0,CA,0.0,0.0,0.0,19.2,13.1,0.0,0.0,0.0
2003-03-20,2003-05-29,OPTSTK,BSES,250.0,CA,0.0,0.0,0.0,15.3,10.25,0.0,0.0,0.0
2003-03-20,2003-05-29,OPTSTK,BSES,190.0,PA,0.0,0.0,0.0,7.2,7.0,0.0,0.0,0.0
2003-03-20,2003-05-29,OPTSTK,BSES,200.0,PA,0.0,0.0,0.0,7.5,10.2,0.0,0.0,0.0
2003-03-20,2003-05-29,OPTSTK,BSES,210.0,PA,0.0,0.0,0.0,8.9,14.25,0.0,0.0,0.0
2003-03-20,2003-05-29,OPTSTK,BSES,220.0,PA,0.0,0.0,0.0,12.55,19.1,0.0,0.0,0.0
2003-03-20,2003-05-29,OPTSTK,BSES,230.0,PA,0.0,0.0,0.0,17.0,24.7,0.0,0.0,0.0
2003-03-20,2003-05-29,OPTSTK,BSES,240.0,PA,0.0,0.0,0.0,22.2,31.0,0.0,0.0,0.0
2003-03-20,2003-05-29,OPTSTK,BSES,250.0,PA,0.0,0.0,0.0,28.15,37.95,0.0,0.0,0.0
2003-03-20,2003-03-27,OPTSTK,CIPLA,660.0,CA,0.0,0.0,0.0,70.4,74.8,0.0,0.0,0.0
2003-03-20,2003-03-27,OPTSTK,CIPLA,690.0,CA,0.0,0.0,0.0,69.85,49.0,0.0,0.0,0.0
2003-03-20,2003-03-27,OPTSTK,CIPLA,720.0,CA,0.0,0.0,0.0,25.0,28.3,0.0,0.0,800.0
2003-03-20,2003-03-27,OPTSTK,CIPLA,750.0,CA,0.0,0.0,0.0,9.0,14.15,0.0,0.0,5600.0
2003-03-20,2003-03-27,OPTSTK,CIPLA,780.0,CA,0.0,0.0,0.0,2.0,6.05,0.0,0.0,6200.0
2003-03-20,2003-03-27,OPTSTK,CIPLA,810.0,CA,0.0,0.0,0.0,2.75,2.2,0.0,0.0,3400.0
2003-03-20,2003-03-27,OPTSTK,CIPLA,840.0,CA,0.0,0.0,0.0,0.8,0.7,0.0,0.0,600.0
2003-03-20,2003-03-27,OPTSTK,CIPLA,870.0,CA,0.0,0.0,0.0,88.05,0.2,0.0,0.0,0.0
2003-03-20,2003-03-27,OPTSTK,CIPLA,900.0,CA,0.0,0.0,0.0,74.15,0.05,0.0,0.0,0.0
2003-03-20,2003-03-27,OPTSTK,CIPLA,930.0,CA,0.0,0.0,0.0,61.95,0.05,0.0,0.0,0.0
2003-03-20,2003-03-27,OPTSTK,CIPLA,960.0,CA,0.0,0.0,0.0,58.35,0.0,0.0,0.0,0.0
2003-03-20,2003-03-27,OPTSTK,CIPLA,990.0,CA,0.0,0.0,0.0,58.15,0.0,0.0,0.0,0.0
2003-03-20,2003-03-27,OPTSTK,CIPLA,660.0,PA,0.0,0.0,0.0,5.8,1.7,0.0,0.0,0.0
2003-03-20,2003-03-27,OPTSTK,CIPLA,690.0,PA,0.0,0.0,0.0,10.6,5.85,0.0,0.0,0.0
2003-03-20,2003-03-27,OPTSTK,CIPLA,720.0,PA,0.0,0.0,0.0,16.55,15.1,0.0,0.0,0.0
2003-03-20,2003-03-27,OPTSTK,CIPLA,750.0,PA,0.0,0.0,0.0,25.0,30.9,0.0,0.0,800.0
2003-03-20,2003-03-27,OPTSTK,CIPLA,780.0,PA,0.0,0.0,0.0,23.0,52.75,0.0,0.0,200.0
2003-03-20,2003-03-27,OPTSTK,CIPLA,810.0,PA,0.0,0.0,0.0,40.05,78.85,0.0,0.0,0.0
2003-03-20,2003-03-27,OPTSTK,CIPLA,840.0,PA,0.0,0.0,0.0,132.0,107.3,0.0,0.0,0.0
2003-03-20,2003-03-27,OPTSTK,CIPLA,870.0,PA,0.0,0.0,0.0,65.75,136.75,0.0,0.0,0.0
2003-03-20,2003-03-27,OPTSTK,CIPLA,900.0,PA,0.0,0.0,0.0,81.35,166.55,0.0,0.0,0.0
2003-03-20,2003-03-27,OPTSTK,CIPLA,930.0,PA,0.0,0.0,0.0,98.7,196.5,0.0,0.0,0.0
2003-03-20,2003-03-27,OPTSTK,CIPLA,960.0,PA,0.0,0.0,0.0,109.45,226.45,0.0,0.0,0.0
2003-03-20,2003-03-27,OPTSTK,CIPLA,990.0,PA,0.0,0.0,0.0,103.35,256.35,0.0,0.0,0.0
2003-03-20,2003-04-24,OPTSTK,CIPLA,660.0,CA,0.0,0.0,0.0,85.0,93.9,0.0,0.0,0.0
2003-03-20,2003-04-24,OPTSTK,CIPLA,690.0,CA,0.0,0.0,0.0,84.95,73.65,0.0,0.0,0.0
2003-03-20,2003-04-24,OPTSTK,CIPLA,720.0,CA,0.0,0.0,0.0,109.75,56.4,0.0,0.0,0.0
2003-03-20,2003-04-24,OPTSTK,CIPLA,750.0,CA,0.0,0.0,0.0,114.7,42.15,0.0,0.0,0.0
2003-03-20,2003-04-24,OPTSTK,CIPLA,780.0,CA,0.0,0.0,0.0,114.6,30.8,0.0,0.0,0.0
2003-03-20,2003-04-24,OPTSTK,CIPLA,810.0,CA,0.0,0.0,0.0,96.8,22.0,0.0,0.0,0.0
2003-03-20,2003-04-24,OPTSTK,CIPLA,840.0,CA,0.0,0.0,0.0,81.05,15.4,0.0,0.0,0.0
2003-03-20,2003-04-24,OPTSTK,CIPLA,870.0,CA,0.0,0.0,0.0,67.3,10.55,0.0,0.0,0.0
2003-03-20,2003-04-24,OPTSTK,CIPLA,900.0,CA,0.0,0.0,0.0,55.35,7.1,0.0,0.0,0.0
2003-03-20,2003-04-24,OPTSTK,CIPLA,660.0,PA,0.0,0.0,0.0,17.3,16.4,0.0,0.0,0.0
2003-03-20,2003-04-24,OPTSTK,CIPLA,690.0,PA,0.0,0.0,0.0,22.35,25.9,0.0,0.0,0.0
2003-03-20,2003-04-24,OPTSTK,CIPLA,720.0,PA,0.0,0.0,0.0,26.2,38.4,0.0,0.0,0.0
2003-03-20,2003-04-24,OPTSTK,CIPLA,750.0,PA,0.0,0.0,0.0,31.15,53.9,0.0,0.0,0.0
2003-03-20,2003-04-24,OPTSTK,CIPLA,780.0,PA,0.0,0.0,0.0,36.7,72.3,0.0,0.0,0.0
2003-03-20,2003-04-24,OPTSTK,CIPLA,810.0,PA,0.0,0.0,0.0,48.55,93.2,0.0,0.0,0.0
2003-03-20,2003-04-24,OPTSTK,CIPLA,840.0,PA,0.0,0.0,0.0,62.35,116.4,0.0,0.0,0.0
2003-03-20,2003-04-24,OPTSTK,CIPLA,870.0,PA,0.0,0.0,0.0,78.15,141.3,0.0,0.0,0.0
2003-03-20,2003-04-24,OPTSTK,CIPLA,900.0,PA,0.0,0.0,0.0,95.8,167.6,0.0,0.0,0.0
2003-03-20,2003-05-29,OPTSTK,CIPLA,660.0,CA,0.0,0.0,0.0,99.75,113.1,0.0,0.0,0.0
2003-03-20,2003-05-29,OPTSTK,CIPLA,690.0,CA,0.0,0.0,0.0,100.05,94.75,0.0,0.0,0.0
2003-03-20,2003-05-29,OPTSTK,CIPLA,720.0,CA,0.0,0.0,0.0,99.05,78.55,0.0,0.0,0.0
2003-03-20,2003-05-29,OPTSTK,CIPLA,750.0,CA,0.0,0.0,0.0,82.4,64.5,0.0,0.0,0.0
2003-03-20,2003-05-29,OPTSTK,CIPLA,780.0,CA,0.0,0.0,0.0,67.9,52.5,0.0,0.0,0.0
2003-03-20,2003-05-29,OPTSTK,CIPLA,810.0,CA,0.0,0.0,0.0,55.45,42.3,0.0,0.0,0.0
2003-03-20,2003-05-29,OPTSTK,CIPLA,840.0,CA,0.0,0.0,0.0,44.85,33.85,0.0,0.0,0.0
2003-03-20,2003-05-29,OPTSTK,CIPLA,660.0,PA,0.0,0.0,0.0,28.2,30.1,0.0,0.0,0.0
2003-03-20,2003-05-29,OPTSTK,CIPLA,690.0,PA,0.0,0.0,0.0,33.45,41.25,0.0,0.0,0.0
2003-03-20,2003-05-29,OPTSTK,CIPLA,720.0,PA,0.0,0.0,0.0,39.8,54.6,0.0,0.0,0.0
2003-03-20,2003-05-29,OPTSTK,CIPLA,750.0,PA,0.0,0.0,0.0,52.75,70.05,0.0,0.0,0.0
2003-03-20,2003-05-29,OPTSTK,CIPLA,780.0,PA,0.0,0.0,0.0,67.75,87.5,0.0,0.0,0.0
2003-03-20,2003-05-29,OPTSTK,CIPLA,810.0,PA,0.0,0.0,0.0,84.8,106.85,0.0,0.0,0.0
2003-03-20,2003-05-29,OPTSTK,CIPLA,840.0,PA,0.0,0.0,0.0,103.75,127.85,0.0,0.0,0.0
2003-03-20,2003-03-27,OPTSTK,DIGITALEQP,450.0,CA,0.0,0.0,0.0,87.9,188.9,0.0,0.0,0.0
2003-03-20,2003-03-27,OPTSTK,DIGITALEQP,480.0,CA,0.0,0.0,0.0,91.7,158.95,0.0,0.0,0.0
2003-03-20,2003-03-27,OPTSTK,DIGITALEQP,510.0,CA,0.0,0.0,0.0,71.45,129.05,0.0,0.0,0.0
2003-03-20,2003-03-27,OPTSTK,DIGITALEQP,540.0,CA,0.0,0.0,0.0,95.0,99.25,0.0,0.0,0.0
2003-03-20,2003-03-27,OPTSTK,DIGITALEQP,570.0,CA,70.0,74.4,59.25,59.25,59.25,9.0,22.93,2400.0
2003-03-20,2003-03-27,OPTSTK,DIGITALEQP,600.0,CA,33.5,44.8,31.1,43.05,43.05,58.0,147.9,100800.0
2003-03-20,2003-03-27,OPTSTK,DIGITALEQP,630.0,CA,13.5,20.0,11.15,18.25,18.25,309.0,798.37,164800.0
2003-03-20,2003-03-27,OPTSTK,DIGITALEQP,660.0,CA,5.0,8.0,4.0,6.5,6.5,101.0,268.94,106000.0
2003-03-20,2003-03-27,OPTSTK,DIGITALEQP,690.0,CA,2.0,2.0,1.55,1.85,1.85,6.0,16.6,52800.0
2003-03-20,2003-03-27,OPTSTK,DIGITALEQP,720.0,CA,0.0,0.0,0.0,0.9,1.2,0.0,0.0,6800.0
2003-03-20,2003-03-27,OPTSTK,DIGITALEQP,450.0,PA,0.0,0.0,0.0,12.95,0.0,0.0,0.0,0.0
2003-03-20,2003-03-27,OPTSTK,DIGITALEQP,480.0,PA,0.0,0.0,0.0,14.65,0.0,0.0,0.0,0.0
2003-03-20,2003-03-27,OPTSTK,DIGITALEQP,510.0,PA,0.0,0.0,0.0,24.05,0.05,0.0,0.0,0.0
2003-03-20,2003-03-27,OPTSTK,DIGITALEQP,540.0,PA,1.6,1.6,1.6,1.6,1.6,1.0,2.16,24800.0
2003-03-20,2003-03-27,OPTSTK,DIGITALEQP,570.0,PA,5.0,5.0,2.1,2.25,2.25,44.0,100.88,89200.0
2003-03-20,2003-03-27,OPTSTK,DIGITALEQP,600.0,PA,8.0,10.9,4.1,4.85,4.85,167.0,405.5,187200.0
2003-03-20,2003-03-27,OPTSTK,DIGITALEQP,630.0,PA,20.75,22.0,9.4,11.35,11.35,190.0,489.64,122400.0
2003-03-20,2003-03-27,OPTSTK,DIGITALEQP,660.0,PA,35.55,36.0,30.05,30.05,30.05,17.0,47.21,28400.0
2003-03-20,2003-03-27,OPTSTK,DIGITALEQP,690.0,PA,0.0,0.0,0.0,85.0,54.6,0.0,0.0,400.0
2003-03-20,2003-03-27,OPTSTK,DIGITALEQP,720.0,PA,0.0,0.0,0.0,76.0,81.85,0.0,0.0,0.0
2003-03-20,2003-04-24,OPTSTK,DIGITALEQP,480.0,CA,0.0,0.0,0.0,93.0,163.6,0.0,0.0,0.0
2003-03-20,2003-04-24,OPTSTK,DIGITALEQP,510.0,CA,0.0,0.0,0.0,76.05,135.85,0.0,0.0,0.0
2003-03-20,2003-04-24,OPTSTK,DIGITALEQP,540.0,CA,0.0,0.0,0.0,61.5,109.9,0.0,0.0,0.0
2003-03-20,2003-04-24,OPTSTK,DIGITALEQP,570.0,CA,0.0,0.0,0.0,49.25,86.4,0.0,0.0,0.0
2003-03-20,2003-04-24,OPTSTK,DIGITALEQP,600.0,CA,0.0,0.0,0.0,39.1,65.9,0.0,0.0,0.0
2003-03-20,2003-04-24,OPTSTK,DIGITALEQP,630.0,CA,23.0,34.9,23.0,34.2,34.2,9.0,23.78,3600.0
2003-03-20,2003-04-24,OPTSTK,DIGITALEQP,660.0,CA,0.0,0.0,0.0,66.55,35.05,0.0,0.0,0.0
2003-03-20,2003-04-24,OPTSTK,DIGITALEQP,690.0,CA,0.0,0.0,0.0,3.5,24.45,0.0,0.0,400.0
2003-03-20,2003-04-24,OPTSTK,DIGITALEQP,720.0,CA,0.0,0.0,0.0,22.55,16.65,0.0,0.0,0.0
2003-03-20,2003-04-24,OPTSTK,DIGITALEQP,480.0,PA,0.0,0.0,0.0,30.85,1.45,0.0,0.0,0.0
2003-03-20,2003-04-24,OPTSTK,DIGITALEQP,510.0,PA,0.0,0.0,0.0,43.45,3.45,0.0,0.0,0.0
2003-03-20,2003-04-24,OPTSTK,DIGITALEQP,540.0,PA,0.0,0.0,0.0,58.45,7.25,0.0,0.0,0.0
2003-03-20,2003-04-24,OPTSTK,DIGITALEQP,570.0,PA,0.0,0.0,0.0,75.8,13.5,0.0,0.0,0.0
2003-03-20,2003-04-24,OPTSTK,DIGITALEQP,600.0,PA,0.0,0.0,0.0,26.4,22.75,0.0,0.0,4400.0
2003-03-20,2003-04-24,OPTSTK,DIGITALEQP,630.0,PA,0.0,0.0,0.0,92.0,35.35,0.0,0.0,0.0
2003-03-20,2003-04-24,OPTSTK,DIGITALEQP,660.0,PA,0.0,0.0,0.0,95.75,51.35,0.0,0.0,0.0
2003-03-20,2003-04-24,OPTSTK,DIGITALEQP,690.0,PA,0.0,0.0,0.0,114.9,70.55,0.0,0.0,0.0
2003-03-20,2003-04-24,OPTSTK,DIGITALEQP,720.0,PA,0.0,0.0,0.0,84.8,92.45,0.0,0.0,0.0
2003-03-20,2003-05-29,OPTSTK,DIGITALEQP,540.0,CA,0.0,0.0,0.0,101.9,124.0,0.0,0.0,0.0
2003-03-20,2003-05-29,OPTSTK,DIGITALEQP,570.0,CA,0.0,0.0,0.0,82.5,103.1,0.0,0.0,0.0
2003-03-20,2003-05-29,OPTSTK,DIGITALEQP,600.0,CA,0.0,0.0,0.0,65.75,84.55,0.0,0.0,0.0
2003-03-20,2003-05-29,OPTSTK,DIGITALEQP,630.0,CA,0.0,0.0,0.0,51.6,68.5,0.0,0.0,0.0
2003-03-20,2003-05-29,OPTSTK,DIGITALEQP,660.0,CA,0.0,0.0,0.0,39.95,54.8,0.0,0.0,0.0
2003-03-20,2003-05-29,OPTSTK,DIGITALEQP,690.0,CA,0.0,0.0,0.0,45.85,43.35,0.0,0.0,0.0
2003-03-20,2003-05-29,OPTSTK,DIGITALEQP,720.0,CA,0.0,0.0,0.0,35.65,33.9,0.0,0.0,0.0
2003-03-20,2003-05-29,OPTSTK,DIGITALEQP,540.0,PA,0.0,0.0,0.0,20.25,16.85,0.0,0.0,0.0
2003-03-20,2003-05-29,OPTSTK,DIGITALEQP,570.0,PA,0.0,0.0,0.0,30.35,25.45,0.0,0.0,0.0
2003-03-20,2003-05-29,OPTSTK,DIGITALEQP,600.0,PA,0.0,0.0,0.0,43.15,36.4,0.0,0.0,0.0
2003-03-20,2003-05-29,OPTSTK,DIGITALEQP,630.0,PA,0.0,0.0,0.0,58.55,49.85,0.0,0.0,0.0
2003-03-20,2003-05-29,OPTSTK,DIGITALEQP,660.0,PA,0.0,0.0,0.0,76.4,65.65,0.0,0.0,0.0
2003-03-20,2003-05-29,OPTSTK,DIGITALEQP,690.0,PA,0.0,0.0,0.0,74.25,83.7,0.0,0.0,0.0
2003-03-20,2003-05-29,OPTSTK,DIGITALEQP,720.0,PA,0.0,0.0,0.0,93.6,103.8,0.0,0.0,0.0
2003-03-20,2003-03-27,OPTSTK,DRREDDY,810.0,CA,0.0,0.0,0.0,86.35,78.0,0.0,0.0,0.0
2003-03-20,2003-03-27,OPTSTK,DRREDDY,840.0,CA,60.0,60.0,28.0,28.0,28.0,14.0,49.5,1200.0
2003-03-20,2003-03-27,OPTSTK,DRREDDY,870.0,CA,22.0,28.0,22.0,28.0,28.0,2.0,7.16,9600.0
2003-03-20,2003-03-27,OPTSTK,DRREDDY,900.0,CA,5.95,6.0,4.1,4.1,4.1,3.0,10.86,20000.0
2003-03-20,2003-03-27,OPTSTK,DRREDDY,930.0,CA,0.0,0.0,0.0,6.9,9.85,0.0,0.0,3600.0
2003-03-20,2003-03-27,OPTSTK,DRREDDY,950.0,CA,0.0,0.0,0.0,1.0,5.95,0.0,0.0,0.0
2003-03-20,2003-03-27,OPTSTK,DRREDDY,960.0,CA,0.0,0.0,0.0,83.6,4.55,0.0,0.0,0.0
2003-03-20,2003-03-27,OPTSTK,DRREDDY,990.0,CA,0.0,0.0,0.0,71.95,1.9,0.0,0.0,0.0
2003-03-20,2003-03-27,OPTSTK,DRREDDY,1000.0,CA,0.0,0.0,0.0,83.1,1.4,0.0,0.0,0.0
2003-03-20,2003-03-27,OPTSTK,DRREDDY,1020.0,CA,0.0,0.0,0.0,53.4,0.7,0.0,0.0,0.0
2003-03-20,2003-03-27,OPTSTK,DRREDDY,1050.0,CA,0.0,0.0,0.0,59.95,0.25,0.0,0.0,0.0
2003-03-20,2003-03-27,OPTSTK,DRREDDY,1100.0,CA,0.0,0.0,0.0,44.65,0.05,0.0,0.0,0.0
2003-03-20,2003-03-27,OPTSTK,DRREDDY,810.0,PA,0.0,0.0,0.0,19.6,3.5,0.0,0.0,0.0
2003-03-20,2003-03-27,OPTSTK,DRREDDY,840.0,PA,0.0,0.0,0.0,3.25,9.0,0.0,0.0,2000.0
2003-03-20,2003-03-27,OPTSTK,DRREDDY,870.0,PA,9.0,9.0,6.0,6.0,6.0,5.0,17.54,12000.0
2003-03-20,2003-03-27,OPTSTK,DRREDDY,900.0,PA,0.0,0.0,0.0,31.0,34.5,0.0,0.0,3600.0
2003-03-20,2003-03-27,OPTSTK,DRREDDY,930.0,PA,15.0,65.0,15.0,62.0,62.0,16.0,62.02,0.0
2003-03-20,2003-03-27,OPTSTK,DRREDDY,950.0,PA,0.0,0.0,0.0,48.25,71.2,0.0,0.0,0.0
2003-03-20,2003-03-27,OPTSTK,DRREDDY,960.0,PA,0.0,0.0,0.0,102.1,79.8,0.0,0.0,0.0
2003-03-20,2003-03-27,OPTSTK,DRREDDY,990.0,PA,0.0,0.0,0.0,30.0,107.1,0.0,0.0,0.0
2003-03-20,2003-03-27,OPTSTK,DRREDDY,1000.0,PA,0.0,0.0,0.0,71.05,116.55,0.0,0.0,0.0
2003-03-20,2003-03-27,OPTSTK,DRREDDY,1020.0,PA,0.0,0.0,0.0,114.6,135.85,0.0,0.0,0.0
2003-03-20,2003-03-27,OPTSTK,DRREDDY,1050.0,PA,0.0,0.0,0.0,111.0,165.35,0.0,0.0,0.0
2003-03-20,2003-03-27,OPTSTK,DRREDDY,1100.0,PA,0.0,0.0,0.0,131.4,215.05,0.0,0.0,0.0
2003-03-20,2003-04-24,OPTSTK,DRREDDY,810.0,CA,0.0,0.0,0.0,102.75,104.1,0.0,0.0,0.0
2003-03-20,2003-04-24,OPTSTK,DRREDDY,840.0,CA,0.0,0.0,0.0,114.5,84.75,0.0,0.0,0.0
2003-03-20,2003-04-24,OPTSTK,DRREDDY,870.0,CA,0.0,0.0,0.0,97.35,67.9,0.0,0.0,0.0
2003-03-20,2003-04-24,OPTSTK,DRREDDY,900.0,CA,0.0,0.0,0.0,82.05,53.55,0.0,0.0,0.0
2003-03-20,2003-04-24,OPTSTK,DRREDDY,930.0,CA,0.0,0.0,0.0,68.65,41.55,0.0,0.0,0.0
2003-03-20,2003-04-24,OPTSTK,DRREDDY,960.0,CA,0.0,0.0,0.0,57.0,31.8,0.0,0.0,0.0
2003-03-20,2003-04-24,OPTSTK,DRREDDY,990.0,CA,0.0,0.0,0.0,51.65,24.0,0.0,0.0,0.0
2003-03-20,2003-04-24,OPTSTK,DRREDDY,810.0,PA,0.0,0.0,0.0,32.15,24.15,0.0,0.0,0.0
2003-03-20,2003-04-24,OPTSTK,DRREDDY,840.0,PA,0.0,0.0,0.0,42.7,34.6,0.0,0.0,0.0
2003-03-20,2003-04-24,OPTSTK,DRREDDY,870.0,PA,0.0,0.0,0.0,55.1,47.5,0.0,0.0,0.0
2003-03-20,2003-04-24,OPTSTK,DRREDDY,900.0,PA,0.0,0.0,0.0,69.4,62.9,0.0,0.0,0.0
2003-03-20,2003-04-24,OPTSTK,DRREDDY,930.0,PA,0.0,0.0,0.0,85.55,80.65,0.0,0.0,0.0
2003-03-20,2003-04-24,OPTSTK,DRREDDY,960.0,PA,0.0,0.0,0.0,103.5,100.6,0.0,0.0,0.0
2003-03-20,2003-04-24,OPTSTK,DRREDDY,990.0,PA,0.0,0.0,0.0,112.85,122.6,0.0,0.0,0.0
2003-03-20,2003-05-29,OPTSTK,DRREDDY,810.0,CA,0.0,0.0,0.0,106.45,128.45,0.0,0.0,0.0
2003-03-20,2003-05-29,OPTSTK,DRREDDY,840.0,CA,0.0,0.0,0.0,90.15,110.8,0.0,0.0,0.0
2003-03-20,2003-05-29,OPTSTK,DRREDDY,870.0,CA,0.0,0.0,0.0,75.75,94.95,0.0,0.0,0.0
2003-03-20,2003-05-29,OPTSTK,DRREDDY,900.0,CA,0.0,0.0,0.0,63.2,80.8,0.0,0.0,0.0
2003-03-20,2003-05-29,OPTSTK,DRREDDY,930.0,CA,0.0,0.0,0.0,52.3,68.35,0.0,0.0,0.0
2003-03-20,2003-05-29,OPTSTK,DRREDDY,960.0,CA,0.0,0.0,0.0,54.35,57.45,0.0,0.0,0.0
2003-03-20,2003-05-29,OPTSTK,DRREDDY,810.0,PA,0.0,0.0,0.0,47.3,41.85,0.0,0.0,0.0
2003-03-20,2003-05-29,OPTSTK,DRREDDY,840.0,PA,0.0,0.0,0.0,60.55,53.7,0.0,0.0,0.0
2003-03-20,2003-05-29,OPTSTK,DRREDDY,870.0,PA,0.0,0.0,0.0,75.7,67.3,0.0,0.0,0.0
2003-03-20,2003-05-29,OPTSTK,DRREDDY,900.0,PA,0.0,0.0,0.0,92.7,82.65,0.0,0.0,0.0
2003-03-20,2003-05-29,OPTSTK,DRREDDY,930.0,PA,0.0,0.0,0.0,111.35,99.7,0.0,0.0,0.0
2003-03-20,2003-05-29,OPTSTK,DRREDDY,960.0,PA,0.0,0.0,0.0,113.25,118.35,0.0,0.0,0.0
2003-03-20,2003-03-27,OPTSTK,GRASIM,260.0,CA,0.0,0.0,0.0,46.8,76.8,0.0,0.0,0.0
2003-03-20,2003-03-27,OPTSTK,GRASIM,280.0,CA,0.0,0.0,0.0,61.0,56.85,0.0,0.0,0.0
2003-03-20,2003-03-27,OPTSTK,GRASIM,300.0,CA,0.0,0.0,0.0,38.0,37.4,0.0,0.0,0.0
2003-03-20,2003-03-27,OPTSTK,GRASIM,320.0,CA,42.0,42.0,3.05,3.05,3.05,8.0,19.18,0.0
2003-03-20,2003-03-27,OPTSTK,GRASIM,340.0,CA,2.1,2.1,2.1,2.1,2.1,1.0,2.39,7000.0
2003-03-20,2003-03-27,OPTSTK,GRASIM,360.0,CA,0.0,0.0,0.0,1.0,2.5,0.0,0.0,9100.0
2003-03-20,2003-03-27,OPTSTK,GRASIM,380.0,CA,0.0,0.0,0.0,10.9,0.55,0.0,0.0,0.0
2003-03-20,2003-03-27,OPTSTK,GRASIM,400.0,CA,0.0,0.0,0.0,3.85,0.1,0.0,0.0,0.0
2003-03-20,2003-03-27,OPTSTK,GRASIM,260.0,PA,0.0,0.0,0.0,9.0,0.0,0.0,0.0,0.0
2003-03-20,2003-03-27,OPTSTK,GRASIM,280.0,PA,0.0,0.0,0.0,16.0,0.05,0.0,0.0,0.0
2003-03-20,2003-03-27,OPTSTK,GRASIM,300.0,PA,0.0,0.0,0.0,25.6,0.55,0.0,0.0,0.0
2003-03-20,2003-03-27,OPTSTK,GRASIM,320.0,PA,0.0,0.0,0.0,37.7,3.35,0.0,0.0,0.0
2003-03-20,2003-03-27,OPTSTK,GRASIM,340.0,PA,0.0,0.0,0.0,10.0,11.4,0.0,0.0,1400.0
2003-03-20,2003-03-27,OPTSTK,GRASIM,360.0,PA,0.0,0.0,0.0,31.0,25.55,0.0,0.0,0.0
2003-03-20,2003-03-27,OPTSTK,GRASIM,380.0,PA,0.0,0.0,0.0,54.0,43.55,0.0,0.0,0.0
2003-03-20,2003-03-27,OPTSTK,GRASIM,400.0,PA,0.0,0.0,0.0,50.8,63.1,0.0,0.0,0.0
2003-03-20,2003-04-24,OPTSTK,GRASIM,280.0,CA,0.0,0.0,0.0,57.2,61.6,0.0,0.0,0.0
2003-03-20,2003-04-24,OPTSTK,GRASIM,300.0,CA,0.0,0.0,0.0,43.55,45.55,0.0,0.0,0.0
2003-03-20,2003-04-24,OPTSTK,GRASIM,320.0,CA,0.0,0.0,0.0,32.25,32.0,0.0,0.0,0.0
2003-03-20,2003-04-24,OPTSTK,GRASIM,340.0,CA,0.0,0.0,0.0,23.2,21.4,0.0,0.0,0.0
2003-03-20,2003-04-24,OPTSTK,GRASIM,360.0,CA,0.0,0.0,0.0,16.3,13.6,0.0,0.0,0.0
2003-03-20,2003-04-24,OPTSTK,GRASIM,380.0,CA,0.0,0.0,0.0,12.3,8.25,0.0,0.0,0.0
2003-03-20,2003-04-24,OPTSTK,GRASIM,400.0,CA,0.0,0.0,0.0,9.5,4.8,0.0,0.0,0.0
2003-03-20,2003-04-24,OPTSTK,GRASIM,280.0,PA,0.0,0.0,0.0,8.0,2.9,0.0,0.0,0.0
2003-03-20,2003-04-24,OPTSTK,GRASIM,300.0,PA,0.0,0.0,0.0,14.1,6.65,0.0,0.0,0.0
2003-03-20,2003-04-24,OPTSTK,GRASIM,320.0,PA,0.0,0.0,0.0,22.5,13.0,0.0,0.0,0.0
2003-03-20,2003-04-24,OPTSTK,GRASIM,340.0,PA,0.0,0.0,0.0,33.15,22.2,0.0,0.0,0.0
2003-03-20,2003-04-24,OPTSTK,GRASIM,360.0,PA,0.0,0.0,0.0,45.95,34.25,0.0,0.0,0.0
2003-03-20,2003-04-24,OPTSTK,GRASIM,380.0,PA,0.0,0.0,0.0,56.8,48.75,0.0,0.0,0.0
2003-03-20,2003-04-24,OPTSTK,GRASIM,400.0,PA,0.0,0.0,0.0,54.5,65.1,0.0,0.0,0.0
2003-03-20,2003-05-29,OPTSTK,GRASIM,280.0,CA,0.0,0.0,0.0,60.1,68.4,0.0,0.0,0.0
2003-03-20,2003-05-29,OPTSTK,GRASIM,300.0,CA,0.0,0.0,0.0,59.1,54.1,0.0,0.0,0.0
2003-03-20,2003-05-29,OPTSTK,GRASIM,320.0,CA,0.0,0.0,0.0,51.1,41.85,0.0,0.0,0.0
2003-03-20,2003-05-29,OPTSTK,GRASIM,340.0,CA,0.0,0.0,0.0,39.35,31.65,0.0,0.0,0.0
2003-03-20,2003-05-29,OPTSTK,GRASIM,360.0,CA,0.0,0.0,0.0,29.65,23.5,0.0,0.0,0.0
2003-03-20,2003-05-29,OPTSTK,GRASIM,380.0,CA,0.0,0.0,0.0,21.9,17.1,0.0,0.0,0.0
2003-03-20,2003-05-29,OPTSTK,GRASIM,400.0,CA,0.0,0.0,0.0,15.85,12.3,0.0,0.0,0.0
2003-03-20,2003-05-29,OPTSTK,GRASIM,280.0,PA,0.0,0.0,0.0,7.15,7.4,0.0,0.0,0.0
2003-03-20,2003-05-29,OPTSTK,GRASIM,300.0,PA,0.0,0.0,0.0,9.55,12.75,0.0,0.0,0.0
2003-03-20,2003-05-29,OPTSTK,GRASIM,320.0,PA,0.0,0.0,0.0,14.6,20.15,0.0,0.0,0.0
2003-03-20,2003-05-29,OPTSTK,GRASIM,340.0,PA,0.0,0.0,0.0,22.5,29.65,0.0,0.0,0.0
2003-03-20,2003-05-29,OPTSTK,GRASIM,360.0,PA,0.0,0.0,0.0,32.5,41.15,0.0,0.0,0.0
2003-03-20,2003-05-29,OPTSTK,GRASIM,380.0,PA,0.0,0.0,0.0,44.45,54.45,0.0,0.0,0.0
2003-03-20,2003-05-29,OPTSTK,GRASIM,400.0,PA,0.0,0.0,0.0,58.1,69.3,0.0,0.0,0.0
2003-03-20,2003-03-27,OPTSTK,GUJAMBCEM,130.0,CA,0.0,0.0,0.0,16.0,25.65,0.0,0.0,0.0
2003-03-20,2003-03-27,OPTSTK,GUJAMBCEM,140.0,CA,0.0,0.0,0.0,10.5,16.0,0.0,0.0,0.0
2003-03-20,2003-03-27,OPTSTK,GUJAMBCEM,145.0,CA,0.0,0.0,0.0,9.0,11.6,0.0,0.0,0.0
2003-03-20,2003-03-27,OPTSTK,GUJAMBCEM,150.0,CA,6.9,6.9,6.9,6.9,6.9,1.0,1.72,13200.0
2003-03-20,2003-03-27,OPTSTK,GUJAMBCEM,155.0,CA,2.0,2.0,2.0,2.0,2.0,1.0,1.72,1100.0
2003-03-20,2003-03-27,OPTSTK,GUJAMBCEM,160.0,CA,0.9,1.75,0.75,0.75,0.75,11.0,19.49,70400.0
2003-03-20,2003-03-27,OPTSTK,GUJAMBCEM,170.0,CA,0.0,0.0,0.0,0.7,0.65,0.0,0.0,45100.0
2003-03-20,2003-03-27,OPTSTK,GUJAMBCEM,180.0,CA,0.0,0.0,0.0,0.65,0.1,0.0,0.0,5500.0
2003-03-20,2003-03-27,OPTSTK,GUJAMBCEM,190.0,CA,0.0,0.0,0.0,7.3,0.05,0.0,0.0,0.0
2003-03-20,2003-03-27,OPTSTK,GUJAMBCEM,130.0,PA,0.0,0.0,0.0,1.25,0.05,0.0,0.0,0.0
2003-03-20,2003-03-27,OPTSTK,GUJAMBCEM,140.0,PA,0.0,0.0,0.0,4.8,0.35,0.0,0.0,0.0
2003-03-20,2003-03-27,OPTSTK,GUJAMBCEM,145.0,PA,0.0,0.0,0.0,3.65,0.95,0.0,0.0,0.0
2003-03-20,2003-03-27,OPTSTK,GUJAMBCEM,150.0,PA,0.7,0.7,0.7,0.7,0.7,1.0,1.65,8800.0
2003-03-20,2003-03-27,OPTSTK,GUJAMBCEM,155.0,PA,0.0,0.0,0.0,8.7,4.2,0.0,0.0,0.0
2003-03-20,2003-03-27,OPTSTK,GUJAMBCEM,160.0,PA,0.0,0.0,0.0,5.0,7.05,0.0,0.0,9900.0
2003-03-20,2003-03-27,OPTSTK,GUJAMBCEM,170.0,PA,0.0,0.0,0.0,18.15,15.0,0.0,0.0,0.0
2003-03-20,2003-03-27,OPTSTK,GUJAMBCEM,180.0,PA,0.0,0.0,0.0,27.65,24.4,0.0,0.0,0.0
2003-03-20,2003-03-27,OPTSTK,GUJAMBCEM,190.0,PA,0.0,0.0,0.0,27.15,34.3,0.0,0.0,0.0
2003-03-20,2003-04-24,OPTSTK,GUJAMBCEM,130.0,CA,0.0,0.0,0.0,27.6,27.95,0.0,0.0,0.0
2003-03-20,2003-04-24,OPTSTK,GUJAMBCEM,140.0,CA,0.0,0.0,0.0,15.0,20.05,0.0,0.0,0.0
2003-03-20,2003-04-24,OPTSTK,GUJAMBCEM,145.0,CA,0.0,0.0,0.0,12.95,16.6,0.0,0.0,0.0
2003-03-20,2003-04-24,OPTSTK,GUJAMBCEM,150.0,CA,0.0,0.0,0.0,7.5,13.55,0.0,0.0,1100.0
2003-03-20,2003-04-24,OPTSTK,GUJAMBCEM,155.0,CA,0.0,0.0,0.0,8.1,10.9,0.0,0.0,0.0
2003-03-20,2003-04-24,OPTSTK,GUJAMBCEM,160.0,CA,2.25,2.25,2.25,2.25,2.25,1.0,1.78,1100.0
2003-03-20,2003-04-24,OPTSTK,GUJAMBCEM,170.0,CA,0.0,0.0,0.0,1.2,5.2,0.0,0.0,3300.0
2003-03-20,2003-04-24,OPTSTK,GUJAMBCEM,180.0,CA,0.0,0.0,0.0,6.55,2.95,0.0,0.0,0.0
2003-03-20,2003-04-24,OPTSTK,GUJAMBCEM,130.0,PA,0.0,0.0,0.0,2.6,1.45,0.0,0.0,0.0
2003-03-20,2003-04-24,OPTSTK,GUJAMBCEM,140.0,PA,0.0,0.0,0.0,5.0,3.45,0.0,0.0,0.0
2003-03-20,2003-04-24,OPTSTK,GUJAMBCEM,145.0,PA,0.0,0.0,0.0,6.9,4.95,0.0,0.0,0.0
2003-03-20,2003-04-24,OPTSTK,GUJAMBCEM,150.0,PA,0.0,0.0,0.0,8.5,6.9,0.0,0.0,0.0
2003-03-20,2003-04-24,OPTSTK,GUJAMBCEM,155.0,PA,0.0,0.0,0.0,12.0,9.2,0.0,0.0,0.0
2003-03-20,2003-04-24,OPTSTK,GUJAMBCEM,160.0,PA,0.0,0.0,0.0,13.2,11.9,0.0,0.0,0.0
2003-03-20,2003-04-24,OPTSTK,GUJAMBCEM,170.0,PA,0.0,0.0,0.0,19.1,18.35,0.0,0.0,0.0
2003-03-20,2003-04-24,OPTSTK,GUJAMBCEM,180.0,PA,0.0,0.0,0.0,25.95,26.05,0.0,0.0,0.0
2003-03-20,2003-05-29,OPTSTK,GUJAMBCEM,130.0,CA,0.0,0.0,0.0,28.2,31.15,0.0,0.0,0.0
2003-03-20,2003-05-29,OPTSTK,GUJAMBCEM,140.0,CA,0.0,0.0,0.0,28.65,24.1,0.0,0.0,0.0
2003-03-20,2003-05-29,OPTSTK,GUJAMBCEM,145.0,CA,0.0,0.0,0.0,16.5,21.0,0.0,0.0,0.0
2003-03-20,2003-05-29,OPTSTK,GUJAMBCEM,150.0,CA,0.0,0.0,0.0,21.95,18.15,0.0,0.0,0.0
2003-03-20,2003-05-29,OPTSTK,GUJAMBCEM,155.0,CA,0.0,0.0,0.0,11.75,15.6,0.0,0.0,0.0
2003-03-20,2003-05-29,OPTSTK,GUJAMBCEM,160.0,CA,0.0,0.0,0.0,16.4,13.35,0.0,0.0,0.0
2003-03-20,2003-05-29,OPTSTK,GUJAMBCEM,170.0,CA,0.0,0.0,0.0,11.95,9.6,0.0,0.0,0.0
2003-03-20,2003-05-29,OPTSTK,GUJAMBCEM,180.0,CA,0.0,0.0,0.0,8.55,6.75,0.0,0.0,0.0
2003-03-20,2003-05-29,OPTSTK,GUJAMBCEM,130.0,PA,0.0,0.0,0.0,3.4,3.55,0.0,0.0,0.0
2003-03-20,2003-05-29,OPTSTK,GUJAMBCEM,140.0,PA,0.0,0.0,0.0,4.5,6.35,0.0,0.0,0.0
2003-03-20,2003-05-29,OPTSTK,GUJAMBCEM,145.0,PA,0.0,0.0,0.0,9.6,8.15,0.0,0.0,0.0
2003-03-20,2003-05-29,OPTSTK,GUJAMBCEM,150.0,PA,0.0,0.0,0.0,7.65,10.25,0.0,0.0,0.0
2003-03-20,2003-05-29,OPTSTK,GUJAMBCEM,155.0,PA,0.0,0.0,0.0,14.7,12.65,0.0,0.0,0.0
2003-03-20,2003-05-29,OPTSTK,GUJAMBCEM,160.0,PA,0.0,0.0,0.0,11.95,15.3,0.0,0.0,0.0
2003-03-20,2003-05-29,OPTSTK,GUJAMBCEM,170.0,PA,0.0,0.0,0.0,17.35,21.35,0.0,0.0,0.0
2003-03-20,2003-05-29,OPTSTK,GUJAMBCEM,180.0,PA,0.0,0.0,0.0,23.75,28.4,0.0,0.0,0.0
2003-03-20,2003-03-27,OPTSTK,HCLTECH,130.0,CA,0.0,0.0,0.0,21.75,30.6,0.0,0.0,0.0
2003-03-20,2003-03-27,OPTSTK,HCLTECH,140.0,CA,11.1,19.45,11.1,19.45,19.45,10.0,20.18,10400.0
2003-03-20,2003-03-27,OPTSTK,HCLTECH,145.0,CA,0.0,0.0,0.0,8.25,16.35,0.0,0.0,0.0
2003-03-20,2003-03-27,OPTSTK,HCLTECH,150.0,CA,7.0,12.0,7.0,11.65,11.65,22.0,45.55,55900.0
2003-03-20,2003-03-27,OPTSTK,HCLTECH,155.0,CA,0.0,0.0,0.0,3.85,8.65,0.0,0.0,0.0
2003-03-20,2003-03-27,OPTSTK,HCLTECH,160.0,CA,1.8,4.6,1.8,4.3,4.3,37.0,78.55,53300.0
2003-03-20,2003-03-27,OPTSTK,HCLTECH,170.0,CA,0.5,1.2,0.5,1.15,1.15,16.0,35.55,76700.0
2003-03-20,2003-03-27,OPTSTK,HCLTECH,180.0,CA,0.0,0.0,0.0,0.4,0.65,0.0,0.0,45500.0
2003-03-20,2003-03-27,OPTSTK,HCLTECH,190.0,CA,0.0,0.0,0.0,0.2,0.15,0.0,0.0,2600.0
2003-03-20,2003-03-27,OPTSTK,HCLTECH,200.0,CA,0.0,0.0,0.0,1.75,0.05,0.0,0.0,0.0
2003-03-20,2003-03-27,OPTSTK,HCLTECH,130.0,PA,0.0,0.0,0.0,0.65,0.05,0.0,0.0,0.0
2003-03-20,2003-03-27,OPTSTK,HCLTECH,140.0,PA,0.0,0.0,0.0,1.5,0.3,0.0,0.0,11700.0
2003-03-20,2003-03-27,OPTSTK,HCLTECH,145.0,PA,0.0,0.0,0.0,4.75,0.75,0.0,0.0,0.0
2003-03-20,2003-03-27,OPTSTK,HCLTECH,150.0,PA,2.6,2.6,0.8,1.3,1.3,12.0,23.64,37700.0
2003-03-20,2003-03-27,OPTSTK,HCLTECH,155.0,PA,1.0,1.0,1.0,1.0,1.0,1.0,2.02,1300.0
2003-03-20,2003-03-27,OPTSTK,HCLTECH,160.0,PA,0.0,0.0,0.0,7.4,5.15,0.0,0.0,11700.0
2003-03-20,2003-03-27,OPTSTK,HCLTECH,170.0,PA,0.0,0.0,0.0,17.0,11.55,0.0,0.0,14300.0
2003-03-20,2003-03-27,OPTSTK,HCLTECH,180.0,PA,0.0,0.0,0.0,30.0,20.0,0.0,0.0,0.0
2003-03-20,2003-03-27,OPTSTK,HCLTECH,190.0,PA,0.0,0.0,0.0,23.5,29.5,0.0,0.0,0.0
2003-03-20,2003-03-27,OPTSTK,HCLTECH,200.0,PA,0.0,0.0,0.0,25.25,39.35,0.0,0.0,0.0
2003-03-20,2003-04-24,OPTSTK,HCLTECH,130.0,CA,0.0,0.0,0.0,24.6,33.2,0.0,0.0,0.0
2003-03-20,2003-04-24,OPTSTK,HCLTECH,140.0,CA,0.0,0.0,0.0,25.6,25.25,0.0,0.0,0.0
2003-03-20,2003-04-24,OPTSTK,HCLTECH,145.0,CA,0.0,0.0,0.0,12.5,21.7,0.0,0.0,0.0
2003-03-20,2003-04-24,OPTSTK,HCLTECH,150.0,CA,0.0,0.0,0.0,18.9,18.5,0.0,0.0,0.0
2003-03-20,2003-04-24,OPTSTK,HCLTECH,155.0,CA,0.0,0.0,0.0,8.0,15.6,0.0,0.0,0.0
2003-03-20,2003-04-24,OPTSTK,HCLTECH,160.0,CA,0.0,0.0,0.0,13.45,13.0,0.0,0.0,0.0
2003-03-20,2003-04-24,OPTSTK,HCLTECH,170.0,CA,0.0,0.0,0.0,9.25,8.85,0.0,0.0,0.0
2003-03-20,2003-04-24,OPTSTK,HCLTECH,180.0,CA,0.0,0.0,0.0,6.15,5.8,0.0,0.0,0.0
2003-03-20,2003-04-24,OPTSTK,HCLTECH,190.0,CA,0.0,0.0,0.0,8.05,3.7,0.0,0.0,0.0
2003-03-20,2003-04-24,OPTSTK,HCLTECH,200.0,CA,0.0,0.0,0.0,4.6,2.3,0.0,0.0,0.0
2003-03-20,2003-04-24,OPTSTK,HCLTECH,130.0,PA,0.0,0.0,0.0,2.85,1.75,0.0,0.0,0.0
2003-03-20,2003-04-24,OPTSTK,HCLTECH,140.0,PA,0.0,0.0,0.0,3.8,3.75,0.0,0.0,0.0
2003-03-20,2003-04-24,OPTSTK,HCLTECH,145.0,PA,0.0,0.0,0.0,8.3,5.15,0.0,0.0,0.0
2003-03-20,2003-04-24,OPTSTK,HCLTECH,150.0,PA,0.0,0.0,0.0,6.9,6.85,0.0,0.0,0.0
2003-03-20,2003-04-24,OPTSTK,HCLTECH,155.0,PA,0.0,0.0,0.0,13.75,8.95,0.0,0.0,0.0
2003-03-20,2003-04-24,OPTSTK,HCLTECH,160.0,PA,0.0,0.0,0.0,11.3,11.35,0.0,0.0,0.0
2003-03-20,2003-04-24,OPTSTK,HCLTECH,170.0,PA,0.0,0.0,0.0,17.0,17.1,0.0,0.0,0.0
2003-03-20,2003-04-24,OPTSTK,HCLTECH,180.0,PA,0.0,0.0,0.0,23.75,23.95,0.0,0.0,0.0
2003-03-20,2003-04-24,OPTSTK,HCLTECH,190.0,PA,0.0,0.0,0.0,25.4,31.75,0.0,0.0,0.0
2003-03-20,2003-04-24,OPTSTK,HCLTECH,200.0,PA,0.0,0.0,0.0,27.15,40.3,0.0,0.0,0.0
2003-03-20,2003-05-29,OPTSTK,HCLTECH,130.0,CA,0.0,0.0,0.0,27.75,36.85,0.0,0.0,0.0
2003-03-20,2003-05-29,OPTSTK,HCLTECH,140.0,CA,0.0,0.0,0.0,30.3,29.85,0.0,0.0,0.0
2003-03-20,2003-05-29,OPTSTK,HCLTECH,145.0,CA,0.0,0.0,0.0,16.3,26.7,0.0,0.0,0.0
2003-03-20,2003-05-29,OPTSTK,HCLTECH,150.0,CA,0.0,0.0,0.0,23.45,23.75,0.0,0.0,0.0
2003-03-20,2003-05-29,OPTSTK,HCLTECH,155.0,CA,0.0,0.0,0.0,11.85,21.1,0.0,0.0,0.0
2003-03-20,2003-05-29,OPTSTK,HCLTECH,160.0,CA,0.0,0.0,0.0,17.7,18.65,0.0,0.0,0.0
2003-03-20,2003-05-29,OPTSTK,HCLTECH,170.0,CA,0.0,0.0,0.0,13.0,14.4,0.0,0.0,0.0
2003-03-20,2003-05-29,OPTSTK,HCLTECH,180.0,CA,0.0,0.0,0.0,9.35,11.0,0.0,0.0,0.0
2003-03-20,2003-05-29,OPTSTK,HCLTECH,190.0,CA,0.0,0.0,0.0,10.85,8.3,0.0,0.0,0.0
2003-03-20,2003-05-29,OPTSTK,HCLTECH,200.0,CA,0.0,0.0,0.0,7.85,6.25,0.0,0.0,0.0
2003-03-20,2003-05-29,OPTSTK,HCLTECH,130.0,PA,0.0,0.0,0.0,5.3,4.35,0.0,0.0,0.0
2003-03-20,2003-05-29,OPTSTK,HCLTECH,140.0,PA,0.0,0.0,0.0,4.15,7.15,0.0,0.0,0.0
2003-03-20,2003-05-29,OPTSTK,HCLTECH,145.0,PA,0.0,0.0,0.0,11.25,8.9,0.0,0.0,0.0
2003-03-20,2003-05-29,OPTSTK,HCLTECH,150.0,PA,0.0,0.0,0.0,7.1,10.9,0.0,0.0,0.0
2003-03-20,2003-05-29,OPTSTK,HCLTECH,155.0,PA,0.0,0.0,0.0,16.65,13.15,0.0,0.0,0.0
2003-03-20,2003-05-29,OPTSTK,HCLTECH,160.0,PA,0.0,0.0,0.0,11.2,15.6,0.0,0.0,0.0
2003-03-20,2003-05-29,OPTSTK,HCLTECH,170.0,PA,0.0,0.0,0.0,16.4,21.25,0.0,0.0,0.0
2003-03-20,2003-05-29,OPTSTK,HCLTECH,180.0,PA,0.0,0.0,0.0,22.6,27.65,0.0,0.0,0.0
2003-03-20,2003-05-29,OPTSTK,HCLTECH,190.0,PA,0.0,0.0,0.0,22.3,34.8,0.0,0.0,0.0
2003-03-20,2003-05-29,OPTSTK,HCLTECH,200.0,PA,0.0,0.0,0.0,29.2,42.55,0.0,0.0,0.0
2003-03-20,2003-03-27,OPTSTK,HDFC,300.0,CA,11.0,67.0,11.0,67.0,67.0,30.0,61.02,0.0
2003-03-20,2003-03-27,OPTSTK,HDFC,320.0,CA,15.25,39.9,15.25,39.9,39.9,8.0,16.68,0.0
2003-03-20,2003-03-27,OPTSTK,HDFC,340.0,CA,0.0,0.0,0.0,39.15,17.5,0.0,0.0,0.0
2003-03-20,2003-03-27,OPTSTK,HDFC,360.0,CA,10.0,10.0,0.25,0.25,0.25,18.0,39.44,0.0
2003-03-20,2003-03-27,OPTSTK,HDFC,380.0,CA,1.0,1.0,1.0,1.0,1.0,4.0,9.14,0.0
2003-03-20,2003-03-27,OPTSTK,HDFC,400.0,CA,0.0,0.0,0.0,15.75,0.6,0.0,0.0,0.0
2003-03-20,2003-03-27,OPTSTK,HDFC,420.0,CA,0.0,0.0,0.0,13.6,0.15,0.0,0.0,0.0
2003-03-20,2003-03-27,OPTSTK,HDFC,440.0,CA,0.0,0.0,0.0,8.8,0.05,0.0,0.0,0.0
2003-03-20,2003-03-27,OPTSTK,HDFC,300.0,PA,0.0,0.0,0.0,0.45,0.2,0.0,0.0,0.0
2003-03-20,2003-03-27,OPTSTK,HDFC,320.0,PA,0.0,0.0,0.0,14.75,1.4,0.0,0.0,0.0
2003-03-20,2003-03-27,OPTSTK,HDFC,340.0,PA,0.0,0.0,0.0,22.7,5.8,0.0,0.0,0.0
2003-03-20,2003-03-27,OPTSTK,HDFC,360.0,PA,0.0,0.0,0.0,32.75,15.55,0.0,0.0,0.0
2003-03-20,2003-03-27,OPTSTK,HDFC,380.0,PA,6.55,31.55,6.55,31.55,31.55,6.0,14.36,0.0
2003-03-20,2003-03-27,OPTSTK,HDFC,400.0,PA,0.0,0.0,0.0,80.0,48.75,0.0,0.0,0.0
2003-03-20,2003-03-27,OPTSTK,HDFC,420.0,PA,0.0,0.0,0.0,20.0,68.3,0.0,0.0,0.0
2003-03-20,2003-03-27,OPTSTK,HDFC,440.0,PA,0.0,0.0,0.0,55.35,88.15,0.0,0.0,0.0
2003-03-20,2003-04-24,OPTSTK,HDFC,300.0,CA,0.0,0.0,0.0,45.95,58.65,0.0,0.0,0.0
2003-03-20,2003-04-24,OPTSTK,HDFC,320.0,CA,0.0,0.0,0.0,62.95,43.7,0.0,0.0,0.0
2003-03-20,2003-04-24,OPTSTK,HDFC,340.0,CA,0.0,0.0,0.0,54.2,31.25,0.0,0.0,0.0
2003-03-20,2003-04-24,OPTSTK,HDFC,360.0,CA,0.0,0.0,0.0,6.55,21.5,0.0,0.0,0.0
2003-03-20,2003-04-24,OPTSTK,HDFC,380.0,CA,0.0,0.0,0.0,32.0,14.2,0.0,0.0,0.0
2003-03-20,2003-04-24,OPTSTK,HDFC,400.0,CA,0.0,0.0,0.0,23.85,9.1,0.0,0.0,0.0
2003-03-20,2003-04-24,OPTSTK,HDFC,420.0,CA,0.0,0.0,0.0,17.45,5.6,0.0,0.0,0.0
2003-03-20,2003-04-24,OPTSTK,HDFC,440.0,CA,0.0,0.0,0.0,15.0,3.35,0.0,0.0,0.0
2003-03-20,2003-04-24,OPTSTK,HDFC,300.0,PA,0.0,0.0,0.0,4.5,5.0,0.0,0.0,0.0
2003-03-20,2003-04-24,OPTSTK,HDFC,320.0,PA,0.0,0.0,0.0,9.1,9.9,0.0,0.0,0.0
2003-03-20,2003-04-24,OPTSTK,HDFC,340.0,PA,0.0,0.0,0.0,14.15,17.3,0.0,0.0,0.0
2003-03-20,2003-04-24,OPTSTK,HDFC,360.0,PA,0.0,0.0,0.0,21.75,27.35,0.0,0.0,0.0
2003-03-20,2003-04-24,OPTSTK,HDFC,380.0,PA,0.0,0.0,0.0,31.4,39.9,0.0,0.0,0.0
2003-03-20,2003-04-24,OPTSTK,HDFC,400.0,PA,0.0,0.0,0.0,42.95,54.6,0.0,0.0,0.0
2003-03-20,2003-04-24,OPTSTK,HDFC,420.0,PA,0.0,0.0,0.0,56.3,70.95,0.0,0.0,0.0
2003-03-20,2003-04-24,OPTSTK,HDFC,440.0,PA,0.0,0.0,0.0,59.5,88.5,0.0,0.0,0.0
2003-03-20,2003-05-29,OPTSTK,HDFC,300.0,CA,0.0,0.0,0.0,52.45,67.05,0.0,0.0,0.0
2003-03-20,2003-05-29,OPTSTK,HDFC,320.0,CA,0.0,0.0,0.0,62.55,53.7,0.0,0.0,0.0
2003-03-20,2003-05-29,OPTSTK,HDFC,340.0,CA,0.0,0.0,0.0,55.15,42.3,0.0,0.0,0.0
2003-03-20,2003-05-29,OPTSTK,HDFC,360.0,CA,0.0,0.0,0.0,43.2,32.75,0.0,0.0,0.0
2003-03-20,2003-05-29,OPTSTK,HDFC,380.0,CA,0.0,0.0,0.0,33.25,25.0,0.0,0.0,0.0
2003-03-20,2003-05-29,OPTSTK,HDFC,400.0,CA,0.0,0.0,0.0,25.1,18.8,0.0,0.0,0.0
2003-03-20,2003-05-29,OPTSTK,HDFC,420.0,CA,0.0,0.0,0.0,18.65,14.0,0.0,0.0,0.0
2003-03-20,2003-05-29,OPTSTK,HDFC,300.0,PA,0.0,0.0,0.0,9.25,10.9,0.0,0.0,0.0
2003-03-20,2003-05-29,OPTSTK,HDFC,320.0,PA,0.0,0.0,0.0,9.95,17.25,0.0,0.0,0.0
2003-03-20,2003-05-29,OPTSTK,HDFC,340.0,PA,0.0,0.0,0.0,15.2,25.5,0.0,0.0,0.0
2003-03-20,2003-05-29,OPTSTK,HDFC,360.0,PA,0.0,0.0,0.0,22.95,35.6,0.0,0.0,0.0
2003-03-20,2003-05-29,OPTSTK,HDFC,380.0,PA,0.0,0.0,0.0,32.65,47.5,0.0,0.0,0.0
2003-03-20,2003-05-29,OPTSTK,HDFC,400.0,PA,0.0,0.0,0.0,44.2,61.0,0.0,0.0,0.0
2003-03-20,2003-05-29,OPTSTK,HDFC,420.0,PA,0.0,0.0,0.0,57.45,75.85,0.0,0.0,0.0
2003-03-20,2003-03-27,OPTSTK,HEROHONDA,190.0,CA,0.0,0.0,0.0,33.0,39.1,0.0,0.0,800.0
2003-03-20,2003-03-27,OPTSTK,HEROHONDA,200.0,CA,0.0,0.0,0.0,23.9,29.55,0.0,0.0,2400.0
2003-03-20,2003-03-27,OPTSTK,HEROHONDA,210.0,CA,10.0,14.5,10.0,14.5,14.5,2.0,3.55,14400.0
2003-03-20,2003-03-27,OPTSTK,HEROHONDA,220.0,CA,3.0,8.75,2.85,8.25,8.25,80.0,144.39,114400.0
2003-03-20,2003-03-27,OPTSTK,HEROHONDA,230.0,CA,1.0,3.0,1.0,2.85,2.85,31.0,57.55,76800.0
2003-03-20,2003-03-27,OPTSTK,HEROHONDA,240.0,CA,0.75,0.75,0.7,0.7,0.7,4.0,7.7,56800.0
2003-03-20,2003-03-27,OPTSTK,HEROHONDA,250.0,CA,0.0,0.0,0.0,8.8,1.85,0.0,0.0,0.0
2003-03-20,2003-03-27,OPTSTK,HEROHONDA,260.0,CA,0.0,0.0,0.0,0.7,0.8,0.0,0.0,9600.0
2003-03-20,2003-03-27,OPTSTK,HEROHONDA,270.0,CA,0.0,0.0,0.0,2.85,0.3,0.0,0.0,0.0
2003-03-20,2003-03-27,OPTSTK,HEROHONDA,280.0,CA,0.0,0.0,0.0,3.45,0.1,0.0,0.0,0.0
2003-03-20,2003-03-27,OPTSTK,HEROHONDA,300.0,CA,0.0,0.0,0.0,1.0,0.05,0.0,0.0,0.0
2003-03-20,2003-03-27,OPTSTK,HEROHONDA,190.0,PA,0.0,0.0,0.0,3.05,0.15,0.0,0.0,0.0
2003-03-20,2003-03-27,OPTSTK,HEROHONDA,200.0,PA,0.0,0.0,0.0,0.6,0.55,0.0,0.0,9600.0
2003-03-20,2003-03-27,OPTSTK,HEROHONDA,210.0,PA,2.0,2.0,0.9,0.95,0.95,7.0,11.83,32000.0
2003-03-20,2003-03-27,OPTSTK,HEROHONDA,220.0,PA,7.75,7.75,1.65,1.7,1.7,36.0,64.4,64800.0
2003-03-20,2003-03-27,OPTSTK,HEROHONDA,230.0,PA,14.0,14.0,8.0,8.0,8.0,2.0,3.85,10400.0
2003-03-20,2003-03-27,OPTSTK,HEROHONDA,240.0,PA,0.0,0.0,0.0,14.3,14.95,0.0,0.0,0.0
2003-03-20,2003-03-27,OPTSTK,HEROHONDA,250.0,PA,0.0,0.0,0.0,11.1,22.8,0.0,0.0,0.0
2003-03-20,2003-03-27,OPTSTK,HEROHONDA,260.0,PA,0.0,0.0,0.0,12.0,31.7,0.0,0.0,0.0
2003-03-20,2003-03-27,OPTSTK,HEROHONDA,270.0,PA,0.0,0.0,0.0,24.95,41.2,0.0,0.0,0.0
2003-03-20,2003-03-27,OPTSTK,HEROHONDA,280.0,PA,0.0,0.0,0.0,25.6,51.0,0.0,0.0,0.0
2003-03-20,2003-03-27,OPTSTK,HEROHONDA,300.0,PA,0.0,0.0,0.0,17.0,70.9,0.0,0.0,0.0
2003-03-20,2003-04-24,OPTSTK,HEROHONDA,190.0,CA,0.0,0.0,0.0,23.4,43.9,0.0,0.0,0.0
2003-03-20,2003-04-24,OPTSTK,HEROHONDA,200.0,CA,0.0,0.0,0.0,26.6,36.25,0.0,0.0,0.0
2003-03-20,2003-04-24,OPTSTK,HEROHONDA,210.0,CA,21.85,21.85,21.85,21.85,21.85,1.0,1.85,1600.0
2003-03-20,2003-04-24,OPTSTK,HEROHONDA,220.0,CA,13.5,13.6,8.0,8.0,8.0,3.0,5.56,3200.0
2003-03-20,2003-04-24,OPTSTK,HEROHONDA,230.0,CA,0.0,0.0,0.0,5.1,18.4,0.0,0.0,1600.0
2003-03-20,2003-04-24,OPTSTK,HEROHONDA,240.0,CA,0.0,0.0,0.0,24.1,14.2,0.0,0.0,0.0
2003-03-20,2003-04-24,OPTSTK,HEROHONDA,250.0,CA,0.0,0.0,0.0,11.8,10.8,0.0,0.0,0.0
2003-03-20,2003-04-24,OPTSTK,HEROHONDA,260.0,CA,0.0,0.0,0.0,12.65,8.1,0.0,0.0,0.0
2003-03-20,2003-04-24,OPTSTK,HEROHONDA,270.0,CA,0.0,0.0,0.0,5.05,6.0,0.0,0.0,0.0
2003-03-20,2003-04-24,OPTSTK,HEROHONDA,280.0,CA,0.0,0.0,0.0,5.75,4.4,0.0,0.0,0.0
2003-03-20,2003-04-24,OPTSTK,HEROHONDA,300.0,CA,0.0,0.0,0.0,2.25,2.3,0.0,0.0,0.0
2003-03-20,2003-04-24,OPTSTK,HEROHONDA,190.0,PA,0.0,0.0,0.0,5.0,3.65,0.0,0.0,0.0
2003-03-20,2003-04-24,OPTSTK,HEROHONDA,200.0,PA,0.0,0.0,0.0,3.0,5.95,0.0,0.0,800.0
2003-03-20,2003-04-24,OPTSTK,HEROHONDA,210.0,PA,0.0,0.0,0.0,2.65,9.0,0.0,0.0,800.0
2003-03-20,2003-04-24,OPTSTK,HEROHONDA,220.0,PA,0.0,0.0,0.0,1.55,13.0,0.0,0.0,0.0
2003-03-20,2003-04-24,OPTSTK,HEROHONDA,230.0,PA,0.0,0.0,0.0,4.8,17.85,0.0,0.0,0.0
2003-03-20,2003-04-24,OPTSTK,HEROHONDA,240.0,PA,0.0,0.0,0.0,5.5,23.55,0.0,0.0,0.0
2003-03-20,2003-04-24,OPTSTK,HEROHONDA,250.0,PA,0.0,0.0,0.0,12.9,30.1,0.0,0.0,0.0
2003-03-20,2003-04-24,OPTSTK,HEROHONDA,260.0,PA,0.0,0.0,0.0,13.75,37.3,0.0,0.0,0.0
2003-03-20,2003-04-24,OPTSTK,HEROHONDA,270.0,PA,0.0,0.0,0.0,25.9,45.1,0.0,0.0,0.0
2003-03-20,2003-04-24,OPTSTK,HEROHONDA,280.0,PA,0.0,0.0,0.0,26.55,53.4,0.0,0.0,0.0
2003-03-20,2003-04-24,OPTSTK,HEROHONDA,300.0,PA,0.0,0.0,0.0,42.8,71.1,0.0,0.0,0.0
2003-03-20,2003-05-29,OPTSTK,HEROHONDA,190.0,CA,0.0,0.0,0.0,32.6,49.9,0.0,0.0,0.0
2003-03-20,2003-05-29,OPTSTK,HEROHONDA,200.0,CA,0.0,0.0,0.0,32.55,43.15,0.0,0.0,0.0
2003-03-20,2003-05-29,OPTSTK,HEROHONDA,210.0,CA,0.0,0.0,0.0,26.5,37.0,0.0,0.0,0.0
2003-03-20,2003-05-29,OPTSTK,HEROHONDA,220.0,CA,0.0,0.0,0.0,21.3,31.55,0.0,0.0,0.0
2003-03-20,2003-05-29,OPTSTK,HEROHONDA,230.0,CA,0.0,0.0,0.0,16.85,26.75,0.0,0.0,0.0
2003-03-20,2003-05-29,OPTSTK,HEROHONDA,240.0,CA,0.0,0.0,0.0,13.2,22.5,0.0,0.0,0.0
2003-03-20,2003-05-29,OPTSTK,HEROHONDA,250.0,CA,0.0,0.0,0.0,11.45,18.85,0.0,0.0,0.0
2003-03-20,2003-05-29,OPTSTK,HEROHONDA,190.0,PA,0.0,0.0,0.0,7.05,8.05,0.0,0.0,0.0
2003-03-20,2003-05-29,OPTSTK,HEROHONDA,200.0,PA,0.0,0.0,0.0,8.95,11.15,0.0,0.0,0.0
2003-03-20,2003-05-29,OPTSTK,HEROHONDA,210.0,PA,0.0,0.0,0.0,12.75,14.9,0.0,0.0,0.0
2003-03-20,2003-05-29,OPTSTK,HEROHONDA,220.0,PA,0.0,0.0,0.0,17.35,19.25,0.0,0.0,0.0
2003-03-20,2003-05-29,OPTSTK,HEROHONDA,230.0,PA,0.0,0.0,0.0,22.8,24.25,0.0,0.0,0.0
2003-03-20,2003-05-29,OPTSTK,HEROHONDA,240.0,PA,0.0,0.0,0.0,29.0,29.9,0.0,0.0,0.0
2003-03-20,2003-05-29,OPTSTK,HEROHONDA,250.0,PA,0.0,0.0,0.0,32.8,36.05,0.0,0.0,0.0
2003-03-20,2003-03-27,OPTSTK,HINDALC0,480.0,CA,0.0,0.0,0.0,73.1,74.65,0.0,0.0,0.0
2003-03-20,2003-03-27,OPTSTK,HINDALC0,510.0,CA,14.25,59.0,14.25,57.4,57.4,76.0,124.53,0.0
2003-03-20,2003-03-27,OPTSTK,HINDALC0,540.0,CA,0.0,0.0,0.0,10.0,24.05,0.0,0.0,0.0
2003-03-20,2003-03-27,OPTSTK,HINDALC0,570.0,CA,0.0,0.0,0.0,1.5,9.65,0.0,0.0,0.0
2003-03-20,2003-03-27,OPTSTK,HINDALC0,600.0,CA,0.0,0.0,0.0,30.0,2.95,0.0,0.0,0.0
2003-03-20,2003-03-27,OPTSTK,HINDALC0,630.0,CA,0.0,0.0,0.0,41.3,0.7,0.0,0.0,0.0
2003-03-20,2003-03-27,OPTSTK,HINDALC0,660.0,CA,0.0,0.0,0.0,31.3,0.15,0.0,0.0,0.0
2003-03-20,2003-03-27,OPTSTK,HINDALC0,480.0,PA,0.0,0.0,0.0,0.4,0.35,0.0,0.0,0.0
2003-03-20,2003-03-27,OPTSTK,HINDALC0,510.0,PA,0.0,0.0,0.0,16.65,2.4,0.0,0.0,0.0
2003-03-20,2003-03-27,OPTSTK,HINDALC0,540.0,PA,0.0,0.0,0.0,25.15,9.65,0.0,0.0,0.0
2003-03-20,2003-03-27,OPTSTK,HINDALC0,570.0,PA,0.0,0.0,0.0,36.95,25.2,0.0,0.0,0.0
2003-03-20,2003-03-27,OPTSTK,HINDALC0,600.0,PA,0.0,0.0,0.0,51.5,48.45,0.0,0.0,0.0
2003-03-20,2003-03-27,OPTSTK,HINDALC0,630.0,PA,0.0,0.0,0.0,68.7,76.15,0.0,0.0,0.0
2003-03-20,2003-03-27,OPTSTK,HINDALC0,660.0,PA,0.0,0.0,0.0,88.25,105.55,0.0,0.0,0.0
2003-03-20,2003-04-24,OPTSTK,HINDALC0,480.0,CA,0.0,0.0,0.0,80.95,85.45,0.0,0.0,0.0
2003-03-20,2003-04-24,OPTSTK,HINDALC0,510.0,CA,0.0,0.0,0.0,85.9,63.3,0.0,0.0,0.0
2003-03-20,2003-04-24,OPTSTK,HINDALC0,540.0,CA,0.0,0.0,0.0,88.55,44.95,0.0,0.0,0.0
2003-03-20,2003-04-24,OPTSTK,HINDALC0,570.0,CA,0.0,0.0,0.0,69.95,30.6,0.0,0.0,0.0
2003-03-20,2003-04-24,OPTSTK,HINDALC0,600.0,CA,0.0,0.0,0.0,54.3,20.0,0.0,0.0,0.0
2003-03-20,2003-04-24,OPTSTK,HINDALC0,630.0,CA,0.0,0.0,0.0,41.4,12.6,0.0,0.0,0.0
2003-03-20,2003-04-24,OPTSTK,HINDALC0,660.0,CA,0.0,0.0,0.0,31.05,7.65,0.0,0.0,0.0
2003-03-20,2003-04-24,OPTSTK,HINDALC0,480.0,PA,0.0,0.0,0.0,5.95,7.95,0.0,0.0,0.0
2003-03-20,2003-04-24,OPTSTK,HINDALC0,510.0,PA,0.0,0.0,0.0,13.5,15.55,0.0,0.0,0.0
2003-03-20,2003-04-24,OPTSTK,HINDALC0,540.0,PA,0.0,0.0,0.0,21.6,26.95,0.0,0.0,0.0
2003-03-20,2003-04-24,OPTSTK,HINDALC0,570.0,PA,0.0,0.0,0.0,32.6,42.35,0.0,0.0,0.0
2003-03-20,2003-04-24,OPTSTK,HINDALC0,600.0,PA,0.0,0.0,0.0,54.0,61.5,0.0,0.0,0.0
2003-03-20,2003-04-24,OPTSTK,HINDALC0,630.0,PA,0.0,0.0,0.0,63.2,83.85,0.0,0.0,0.0
2003-03-20,2003-04-24,OPTSTK,HINDALC0,660.0,PA,0.0,0.0,0.0,82.4,108.65,0.0,0.0,0.0
2003-03-20,2003-05-29,OPTSTK,HINDALC0,480.0,CA,0.0,0.0,0.0,90.85,98.4,0.0,0.0,0.0
2003-03-20,2003-05-29,OPTSTK,HINDALC0,510.0,CA,0.0,0.0,0.0,91.6,78.55,0.0,0.0,0.0
2003-03-20,2003-05-29,OPTSTK,HINDALC0,540.0,CA,0.0,0.0,0.0,72.6,61.6,0.0,0.0,0.0
2003-03-20,2003-05-29,OPTSTK,HINDALC0,570.0,CA,0.0,0.0,0.0,56.55,47.45,0.0,0.0,0.0
2003-03-20,2003-05-29,OPTSTK,HINDALC0,600.0,CA,0.0,0.0,0.0,43.25,36.0,0.0,0.0,0.0
2003-03-20,2003-05-29,OPTSTK,HINDALC0,630.0,CA,0.0,0.0,0.0,32.6,26.85,0.0,0.0,0.0
2003-03-20,2003-05-29,OPTSTK,HINDALC0,660.0,CA,0.0,0.0,0.0,28.5,19.85,0.0,0.0,0.0
2003-03-20,2003-05-29,OPTSTK,HINDALC0,480.0,PA,0.0,0.0,0.0,13.0,16.9,0.0,0.0,0.0
2003-03-20,2003-05-29,OPTSTK,HINDALC0,510.0,PA,0.0,0.0,0.0,19.9,26.55,0.0,0.0,0.0
2003-03-20,2003-05-29,OPTSTK,HINDALC0,540.0,PA,0.0,0.0,0.0,30.5,39.1,0.0,0.0,0.0
2003-03-20,2003-05-29,OPTSTK,HINDALC0,570.0,PA,0.0,0.0,0.0,43.95,54.5,0.0,0.0,0.0
2003-03-20,2003-05-29,OPTSTK,HINDALC0,600.0,PA,0.0,0.0,0.0,60.2,72.5,0.0,0.0,0.0
2003-03-20,2003-05-29,OPTSTK,HINDALC0,630.0,PA,0.0,0.0,0.0,79.05,92.9,0.0,0.0,0.0
2003-03-20,2003-05-29,OPTSTK,HINDALC0,660.0,PA,0.0,0.0,0.0,91.15,115.35,0.0,0.0,0.0
2003-03-20,2003-03-27,OPTSTK,HINDLEVER,140.0,CA,0.0,0.0,0.0,26.55,20.95,0.0,0.0,0.0
2003-03-20,2003-03-27,OPTSTK,HINDLEVER,150.0,CA,10.45,10.65,10.45,10.65,10.65,2.0,3.21,10000.0
2003-03-20,2003-03-27,OPTSTK,HINDLEVER,160.0,CA,1.55,2.65,1.1,2.45,2.45,65.0,105.31,249000.0
2003-03-20,2003-03-27,OPTSTK,HINDLEVER,170.0,CA,0.25,0.5,0.2,0.5,0.5,41.0,69.87,512000.0
2003-03-20,2003-03-27,OPTSTK,HINDLEVER,180.0,CA,0.2,0.25,0.2,0.2,0.2,9.0,16.22,233000.0
2003-03-20,2003-03-27,OPTSTK,HINDLEVER,190.0,CA,0.05,0.1,0.05,0.1,0.1,2.0,3.8,44000.0
2003-03-20,2003-03-27,OPTSTK,HINDLEVER,200.0,CA,0.0,0.0,0.0,0.7,0.05,0.0,0.0,1000.0
2003-03-20,2003-03-27,OPTSTK,HINDLEVER,140.0,PA,0.0,0.0,0.0,2.2,0.15,0.0,0.0,0.0
2003-03-20,2003-03-27,OPTSTK,HINDLEVER,150.0,PA,0.5,0.5,0.3,0.3,0.3,4.0,6.01,63000.0
2003-03-20,2003-03-27,OPTSTK,HINDLEVER,160.0,PA,2.9,2.9,1.45,1.55,1.55,30.0,48.62,210000.0
2003-03-20,2003-03-27,OPTSTK,HINDLEVER,170.0,PA,0.0,0.0,0.0,12.3,10.75,0.0,0.0,67000.0
2003-03-20,2003-03-27,OPTSTK,HINDLEVER,180.0,PA,0.0,0.0,0.0,20.25,19.5,0.0,0.0,0.0
2003-03-20,2003-03-27,OPTSTK,HINDLEVER,190.0,PA,0.0,0.0,0.0,13.0,29.2,0.0,0.0,1000.0
2003-03-20,2003-03-27,OPTSTK,HINDLEVER,200.0,PA,0.0,0.0,0.0,31.9,39.15,0.0,0.0,0.0
2003-03-20,2003-04-24,OPTSTK,HINDLEVER,140.0,CA,0.0,0.0,0.0,28.7,24.3,0.0,0.0,0.0
2003-03-20,2003-04-24,OPTSTK,HINDLEVER,150.0,CA,8.15,11.4,8.15,11.4,11.4,19.0,30.41,75000.0
2003-03-20,2003-04-24,OPTSTK,HINDLEVER,160.0,CA,3.85,4.5,3.7,4.4,4.4,24.0,39.36,165000.0
2003-03-20,2003-04-24,OPTSTK,HINDLEVER,170.0,CA,1.9,1.9,1.6,1.7,1.7,9.0,15.45,70000.0
2003-03-20,2003-04-24,OPTSTK,HINDLEVER,180.0,CA,1.0,1.0,0.75,0.75,0.75,2.0,3.61,4000.0
2003-03-20,2003-04-24,OPTSTK,HINDLEVER,190.0,CA,0.0,0.0,0.0,8.35,2.55,0.0,0.0,0.0
2003-03-20,2003-04-24,OPTSTK,HINDLEVER,140.0,PA,0.0,0.0,0.0,3.7,2.55,0.0,0.0,0.0
2003-03-20,2003-04-24,OPTSTK,HINDLEVER,150.0,PA,2.05,2.3,2.05,2.3,2.3,2.0,3.04,13000.0
2003-03-20,2003-04-24,OPTSTK,HINDLEVER,160.0,PA,5.7,6.0,5.5,5.75,5.75,4.0,6.62,16000.0
2003-03-20,2003-04-24,OPTSTK,HINDLEVER,170.0,PA,0.0,0.0,0.0,19.0,15.3,0.0,0.0,15000.0
2003-03-20,2003-04-24,OPTSTK,HINDLEVER,180.0,PA,0.0,0.0,0.0,18.35,22.35,0.0,0.0,0.0
2003-03-20,2003-04-24,OPTSTK,HINDLEVER,190.0,PA,0.0,0.0,0.0,24.85,30.4,0.0,0.0,0.0
2003-03-20,2003-05-29,OPTSTK,HINDLEVER,140.0,CA,0.0,0.0,0.0,29.85,28.15,0.0,0.0,0.0
2003-03-20,2003-05-29,OPTSTK,HINDLEVER,150.0,CA,0.0,0.0,0.0,27.75,21.75,0.0,0.0,0.0
2003-03-20,2003-05-29,OPTSTK,HINDLEVER,160.0,CA,0.0,0.0,0.0,21.35,16.4,0.0,0.0,0.0
2003-03-20,2003-05-29,OPTSTK,HINDLEVER,170.0,CA,0.0,0.0,0.0,16.1,12.1,0.0,0.0,0.0
2003-03-20,2003-05-29,OPTSTK,HINDLEVER,180.0,CA,0.0,0.0,0.0,11.85,8.8,0.0,0.0,0.0
2003-03-20,2003-05-29,OPTSTK,HINDLEVER,190.0,CA,0.0,0.0,0.0,8.55,6.25,0.0,0.0,0.0
2003-03-20,2003-05-29,OPTSTK,HINDLEVER,140.0,PA,0.0,0.0,0.0,3.7,5.3,0.0,0.0,0.0
2003-03-20,2003-05-29,OPTSTK,HINDLEVER,150.0,PA,0.0,0.0,0.0,5.6,8.7,0.0,0.0,0.0
2003-03-20,2003-05-29,OPTSTK,HINDLEVER,160.0,PA,0.0,0.0,0.0,9.1,13.2,0.0,0.0,0.0
2003-03-20,2003-05-29,OPTSTK,HINDLEVER,170.0,PA,0.0,0.0,0.0,13.65,18.75,0.0,0.0,0.0
2003-03-20,2003-05-29,OPTSTK,HINDLEVER,180.0,PA,0.0,0.0,0.0,19.25,25.25,0.0,0.0,0.0
2003-03-20,2003-05-29,OPTSTK,HINDLEVER,190.0,PA,0.0,0.0,0.0,25.8,32.55,0.0,0.0,0.0
2003-03-20,2003-03-27,OPTSTK,HINDPETRO,240.0,CA,80.5,80.5,48.3,48.3,48.3,2.0,7.91,1300.0
2003-03-20,2003-03-27,OPTSTK,HINDPETRO,260.0,CA,40.0,40.0,39.5,39.5,39.5,2.0,7.79,15600.0
2003-03-20,2003-03-27,OPTSTK,HINDPETRO,280.0,CA,19.2,23.45,17.55,21.25,21.25,96.0,374.9,445900.0
2003-03-20,2003-03-27,OPTSTK,HINDPETRO,300.0,CA,5.45,7.0,3.65,6.05,6.05,453.0,1798.26,1129700.0
2003-03-20,2003-03-27,OPTSTK,HINDPETRO,320.0,CA,1.05,1.4,0.75,1.2,1.2,110.0,459.18,1263600.0
2003-03-20,2003-03-27,OPTSTK,HINDPETRO,340.0,CA,0.5,0.5,0.4,0.4,0.4,5.0,22.12,656500.0
2003-03-20,2003-03-27,OPTSTK,HINDPETRO,360.0,CA,0.3,0.3,0.3,0.3,0.3,2.0,9.36,215800.0
2003-03-20,2003-03-27,OPTSTK,HINDPETRO,240.0,PA,0.0,0.0,0.0,14.6,0.05,0.0,0.0,0.0
2003-03-20,2003-03-27,OPTSTK,HINDPETRO,260.0,PA,0.25,0.4,0.2,0.4,0.4,4.0,13.53,247000.0
2003-03-20,2003-03-27,OPTSTK,HINDPETRO,280.0,PA,1.5,1.75,0.75,0.95,0.95,120.0,438.48,660400.0
2003-03-20,2003-03-27,OPTSTK,HINDPETRO,300.0,PA,6.5,7.9,4.15,5.2,5.2,116.0,461.12,535600.0
2003-03-20,2003-03-27,OPTSTK,HINDPETRO,320.0,PA,23.6,23.6,19.0,21.2,21.2,17.0,75.48,198900.0
2003-03-20,2003-03-27,OPTSTK,HINDPETRO,340.0,PA,0.0,0.0,0.0,47.4,39.9,0.0,0.0,2600.0
2003-03-20,2003-03-27,OPTSTK,HINDPETRO,360.0,PA,0.0,0.0,0.0,57.95,59.45,0.0,0.0,0.0
2003-03-20,2003-04-24,OPTSTK,HINDPETRO,240.0,CA,0.0,0.0,0.0,58.05,63.55,0.0,0.0,0.0
2003-03-20,2003-04-24,OPTSTK,HINDPETRO,260.0,CA,0.0,0.0,0.0,43.5,46.55,0.0,0.0,0.0
2003-03-20,2003-04-24,OPTSTK,HINDPETRO,280.0,CA,26.0,31.5,26.0,26.0,26.0,11.0,43.94,74100.0
2003-03-20,2003-04-24,OPTSTK,HINDPETRO,300.0,CA,13.2,16.0,12.75,14.1,14.1,70.0,286.0,378300.0
2003-03-20,2003-04-24,OPTSTK,HINDPETRO,320.0,CA,6.55,7.85,6.55,7.2,7.2,54.0,229.73,211900.0
2003-03-20,2003-04-24,OPTSTK,HINDPETRO,340.0,CA,3.5,3.6,3.0,3.35,3.35,32.0,142.85,76700.0
2003-03-20,2003-04-24,OPTSTK,HINDPETRO,360.0,CA,1.95,1.95,1.75,1.75,1.75,2.0,9.4,24700.0
2003-03-20,2003-04-24,OPTSTK,HINDPETRO,240.0,PA,0.0,0.0,0.0,1.0,1.55,0.0,0.0,1300.0
2003-03-20,2003-04-24,OPTSTK,HINDPETRO,260.0,PA,1.1,1.2,1.05,1.05,1.05,5.0,16.97,59800.0
2003-03-20,2003-04-24,OPTSTK,HINDPETRO,280.0,PA,4.9,4.9,3.6,3.7,3.7,14.0,51.72,135200.0
2003-03-20,2003-04-24,OPTSTK,HINDPETRO,300.0,PA,13.5,13.5,10.25,10.35,10.35,37.0,149.95,123500.0
2003-03-20,2003-04-24,OPTSTK,HINDPETRO,320.0,PA,0.0,0.0,0.0,30.0,29.95,0.0,0.0,1300.0
2003-03-20,2003-04-24,OPTSTK,HINDPETRO,340.0,PA,0.0,0.0,0.0,54.3,44.45,0.0,0.0,0.0
2003-03-20,2003-04-24,OPTSTK,HINDPETRO,360.0,PA,0.0,0.0,0.0,51.6,60.95,0.0,0.0,0.0
2003-03-20,2003-05-29,OPTSTK,HINDPETRO,240.0,CA,0.0,0.0,0.0,56.85,68.75,0.0,0.0,0.0
2003-03-20,2003-05-29,OPTSTK,HINDPETRO,260.0,CA,0.0,0.0,0.0,59.35,53.6,0.0,0.0,0.0
2003-03-20,2003-05-29,OPTSTK,HINDPETRO,280.0,CA,0.0,0.0,0.0,48.7,40.6,0.0,0.0,0.0
2003-03-20,2003-05-29,OPTSTK,HINDPETRO,300.0,CA,0.0,0.0,0.0,36.45,29.95,0.0,0.0,0.0
2003-03-20,2003-05-29,OPTSTK,HINDPETRO,320.0,CA,0.0,0.0,0.0,26.6,21.55,0.0,0.0,0.0
2003-03-20,2003-05-29,OPTSTK,HINDPETRO,340.0,CA,0.0,0.0,0.0,18.9,15.15,0.0,0.0,0.0
2003-03-20,2003-05-29,OPTSTK,HINDPETRO,360.0,CA,0.0,0.0,0.0,13.15,10.45,0.0,0.0,0.0
2003-03-20,2003-05-29,OPTSTK,HINDPETRO,240.0,PA,0.0,0.0,0.0,5.35,4.75,0.0,0.0,0.0
2003-03-20,2003-05-29,OPTSTK,HINDPETRO,260.0,PA,0.0,0.0,0.0,6.4,9.3,0.0,0.0,0.0
2003-03-20,2003-05-29,OPTSTK,HINDPETRO,280.0,PA,0.0,0.0,0.0,11.4,15.95,0.0,0.0,0.0
2003-03-20,2003-05-29,OPTSTK,HINDPETRO,300.0,PA,0.0,0.0,0.0,18.85,24.95,0.0,0.0,0.0
2003-03-20,2003-05-29,OPTSTK,HINDPETRO,320.0,PA,0.0,0.0,0.0,28.7,36.25,0.0,0.0,0.0
2003-03-20,2003-05-29,OPTSTK,HINDPETRO,340.0,PA,0.0,0.0,0.0,40.7,49.5,0.0,0.0,0.0
2003-03-20,2003-05-29,OPTSTK,HINDPETRO,360.0,PA,0.0,0.0,0.0,54.6,64.5,0.0,0.0,0.0
2003-03-20,2003-03-27,OPTSTK,ICICIBANK,125.0,CA,0.0,0.0,0.0,10.45,14.55,0.0,0.0,0.0
2003-03-20,2003-03-27,OPTSTK,ICICIBANK,130.0,CA,0.0,0.0,0.0,14.4,9.8,0.0,0.0,0.0
2003-03-20,2003-03-27,OPTSTK,ICICIBANK,135.0,CA,5.75,5.75,5.75,5.75,5.75,1.0,1.97,4200.0
2003-03-20,2003-03-27,OPTSTK,ICICIBANK,140.0,CA,1.5,2.45,1.5,2.45,2.45,5.0,9.94,39200.0
2003-03-20,2003-03-27,OPTSTK,ICICIBANK,145.0,CA,0.75,0.9,0.7,0.9,0.9,4.0,8.16,44800.0
2003-03-20,2003-03-27,OPTSTK,ICICIBANK,150.0,CA,0.0,0.0,0.0,0.45,0.3,0.0,0.0,107800.0
2003-03-20,2003-03-27,OPTSTK,ICICIBANK,155.0,CA,0.0,0.0,0.0,0.4,0.1,0.0,0.0,50400.0
2003-03-20,2003-03-27,OPTSTK,ICICIBANK,160.0,CA,0.0,0.0,0.0,0.25,0.05,0.0,0.0,22400.0
2003-03-20,2003-03-27,OPTSTK,ICICIBANK,125.0,PA,0.0,0.0,0.0,0.25,0.05,0.0,0.0,0.0
2003-03-20,2003-03-27,OPTSTK,ICICIBANK,130.0,PA,0.0,0.0,0.0,0.6,0.3,0.0,0.0,1400.0
2003-03-20,2003-03-27,OPTSTK,ICICIBANK,135.0,PA,0.0,0.0,0.0,1.95,1.15,0.0,0.0,5600.0
2003-03-20,2003-03-27,OPTSTK,ICICIBANK,140.0,PA,2.15,2.15,2.0,2.0,2.0,3.0,5.96,28000.0
2003-03-20,2003-03-27,OPTSTK,ICICIBANK,145.0,PA,7.0,7.0,7.0,7.0,7.0,1.0,2.12,8400.0
2003-03-20,2003-03-27,OPTSTK,ICICIBANK,150.0,PA,18.0,18.0,4.5,4.5,4.5,2.0,4.51,35000.0
2003-03-20,2003-03-27,OPTSTK,ICICIBANK,155.0,PA,0.0,0.0,0.0,20.25,15.5,0.0,0.0,0.0
2003-03-20,2003-03-27,OPTSTK,ICICIBANK,160.0,PA,0.0,0.0,0.0,13.15,20.45,0.0,0.0,0.0
2003-03-20,2003-04-24,OPTSTK,ICICIBANK,125.0,CA,0.0,0.0,0.0,12.45,16.6,0.0,0.0,0.0
2003-03-20,2003-04-24,OPTSTK,ICICIBANK,130.0,CA,0.0,0.0,0.0,16.1,12.75,0.0,0.0,0.0
2003-03-20,2003-04-24,OPTSTK,ICICIBANK,135.0,CA,0.0,0.0,0.0,14.8,9.4,0.0,0.0,0.0
2003-03-20,2003-04-24,OPTSTK,ICICIBANK,140.0,CA,5.9,6.0,5.9,6.0,6.0,3.0,6.12,4200.0
2003-03-20,2003-04-24,OPTSTK,ICICIBANK,145.0,CA,0.0,0.0,0.0,13.4,4.55,0.0,0.0,0.0
2003-03-20,2003-04-24,OPTSTK,ICICIBANK,150.0,CA,0.0,0.0,0.0,3.0,3.0,0.0,0.0,11200.0
2003-03-20,2003-04-24,OPTSTK,ICICIBANK,155.0,CA,0.0,0.0,0.0,8.45,1.9,0.0,0.0,0.0
2003-03-20,2003-04-24,OPTSTK,ICICIBANK,160.0,CA,0.0,0.0,0.0,6.55,1.15,0.0,0.0,0.0
2003-03-20,2003-04-24,OPTSTK,ICICIBANK,125.0,PA,0.0,0.0,0.0,1.65,1.3,0.0,0.0,0.0
2003-03-20,2003-04-24,OPTSTK,ICICIBANK,130.0,PA,0.0,0.0,0.0,3.0,2.35,0.0,0.0,0.0
2003-03-20,2003-04-24,OPTSTK,ICICIBANK,135.0,PA,0.0,0.0,0.0,3.65,4.0,0.0,0.0,0.0
2003-03-20,2003-04-24,OPTSTK,ICICIBANK,140.0,PA,0.0,0.0,0.0,4.55,6.2,0.0,0.0,0.0
2003-03-20,2003-04-24,OPTSTK,ICICIBANK,145.0,PA,0.0,0.0,0.0,6.4,9.05,0.0,0.0,0.0
2003-03-20,2003-04-24,OPTSTK,ICICIBANK,150.0,PA,0.0,0.0,0.0,8.65,12.45,0.0,0.0,0.0
2003-03-20,2003-04-24,OPTSTK,ICICIBANK,155.0,PA,0.0,0.0,0.0,11.3,16.3,0.0,0.0,0.0
2003-03-20,2003-04-24,OPTSTK,ICICIBANK,160.0,PA,0.0,0.0,0.0,14.35,20.5,0.0,0.0,0.0
2003-03-20,2003-05-29,OPTSTK,ICICIBANK,125.0,CA,0.0,0.0,0.0,14.65,19.15,0.0,0.0,0.0
2003-03-20,2003-05-29,OPTSTK,ICICIBANK,130.0,CA,0.0,0.0,0.0,16.25,15.65,0.0,0.0,0.0
2003-03-20,2003-05-29,OPTSTK,ICICIBANK,135.0,CA,0.0,0.0,0.0,17.0,12.55,0.0,0.0,0.0
2003-03-20,2003-05-29,OPTSTK,ICICIBANK,140.0,CA,0.0,0.0,0.0,16.35,9.9,0.0,0.0,0.0
2003-03-20,2003-05-29,OPTSTK,ICICIBANK,145.0,CA,0.0,0.0,0.0,13.2,7.7,0.0,0.0,0.0
2003-03-20,2003-05-29,OPTSTK,ICICIBANK,150.0,CA,0.0,0.0,0.0,10.5,5.85,0.0,0.0,0.0
2003-03-20,2003-05-29,OPTSTK,ICICIBANK,155.0,CA,0.0,0.0,0.0,8.2,4.4,0.0,0.0,0.0
2003-03-20,2003-05-29,OPTSTK,ICICIBANK,160.0,CA,0.0,0.0,0.0,6.3,3.25,0.0,0.0,0.0
2003-03-20,2003-05-29,OPTSTK,ICICIBANK,125.0,PA,0.0,0.0,0.0,3.1,2.8,0.0,0.0,0.0
2003-03-20,2003-05-29,OPTSTK,ICICIBANK,130.0,PA,0.0,0.0,0.0,3.4,4.2,0.0,0.0,0.0
2003-03-20,2003-05-29,OPTSTK,ICICIBANK,135.0,PA,0.0,0.0,0.0,3.7,6.05,0.0,0.0,0.0
2003-03-20,2003-05-29,OPTSTK,ICICIBANK,140.0,PA,0.0,0.0,0.0,4.2,8.3,0.0,0.0,0.0
2003-03-20,2003-05-29,OPTSTK,ICICIBANK,145.0,PA,0.0,0.0,0.0,6.0,11.0,0.0,0.0,0.0
2003-03-20,2003-05-29,OPTSTK,ICICIBANK,150.0,PA,0.0,0.0,0.0,8.2,14.05,0.0,0.0,0.0
2003-03-20,2003-05-29,OPTSTK,ICICIBANK,155.0,PA,0.0,0.0,0.0,10.85,17.5,0.0,0.0,0.0
2003-03-20,2003-05-29,OPTSTK,ICICIBANK,160.0,PA,0.0,0.0,0.0,13.85,21.3,0.0,0.0,0.0
2003-03-20,2003-03-27,OPTSTK,INFOSYSTCH,3800.0,CA,388.0,530.0,388.0,530.0,530.0,9.0,38.48,1100.0
2003-03-20,2003-03-27,OPTSTK,INFOSYSTCH,3900.0,CA,342.0,455.0,324.1,439.9,439.9,49.0,209.54,6600.0
2003-03-20,2003-03-27,OPTSTK,INFOSYSTCH,4000.0,CA,240.0,370.0,222.0,354.3,354.3,336.0,1439.03,40300.0
2003-03-20,2003-03-27,OPTSTK,INFOSYSTCH,4100.0,CA,140.0,274.0,140.0,250.55,250.55,277.0,1186.88,52500.0
2003-03-20,2003-03-27,OPTSTK,INFOSYSTCH,4200.0,CA,74.9,186.5,74.9,161.45,161.45,778.0,3359.7,70200.0
2003-03-20,2003-03-27,OPTSTK,INFOSYSTCH,4300.0,CA,31.0,112.0,28.65,95.85,95.85,658.0,2872.86,55600.0
2003-03-20,2003-03-27,OPTSTK,INFOSYSTCH,4400.0,CA,17.5,54.9,14.0,45.0,45.0,298.0,1320.12,33300.0
2003-03-20,2003-03-27,OPTSTK,INFOSYSTCH,4500.0,CA,4.6,24.0,4.6,19.1,19.1,38.0,171.56,19500.0
2003-03-20,2003-03-27,OPTSTK,INFOSYSTCH,4600.0,CA,2.5,8.0,2.0,8.0,8.0,4.0,18.41,7400.0
2003-03-20,2003-03-27,OPTSTK,INFOSYSTCH,4700.0,CA,0.0,0.0,0.0,2.0,32.05,0.0,0.0,1900.0
2003-03-20,2003-03-27,OPTSTK,INFOSYSTCH,4800.0,CA,0.0,0.0,0.0,5.0,18.95,0.0,0.0,600.0
2003-03-20,2003-03-27,OPTSTK,INFOSYSTCH,4900.0,CA,0.0,0.0,0.0,386.1,10.75,0.0,0.0,0.0
2003-03-20,2003-03-27,OPTSTK,INFOSYSTCH,5000.0,CA,0.0,0.0,0.0,1.0,5.85,0.0,0.0,1500.0
2003-03-20,2003-03-27,OPTSTK,INFOSYSTCH,3800.0,PA,12.0,14.85,5.3,7.0,7.0,24.0,91.38,19200.0
2003-03-20,2003-03-27,OPTSTK,INFOSYSTCH,3900.0,PA,20.0,23.35,8.1,9.65,9.65,101.0,395.22,40800.0
2003-03-20,2003-03-27,OPTSTK,INFOSYSTCH,4000.0,PA,38.0,41.0,15.0,18.0,18.0,367.0,1476.36,72600.0
2003-03-20,2003-03-27,OPTSTK,INFOSYSTCH,4100.0,PA,55.0,61.0,20.0,24.85,24.85,535.0,2213.46,80700.0
2003-03-20,2003-03-27,OPTSTK,INFOSYSTCH,4200.0,PA,91.0,98.35,32.3,36.4,36.4,734.0,3126.82,62600.0
2003-03-20,2003-03-27,OPTSTK,INFOSYSTCH,4300.0,PA,135.0,146.5,56.0,68.5,68.5,318.0,1396.12,26400.0
2003-03-20,2003-03-27,OPTSTK,INFOSYSTCH,4400.0,PA,177.0,248.0,99.0,108.0,108.0,54.0,244.45,3500.0
2003-03-20,2003-03-27,OPTSTK,INFOSYSTCH,4500.0,PA,254.15,370.0,211.15,211.15,211.15,44.0,210.7,1300.0
2003-03-20,2003-03-27,OPTSTK,INFOSYSTCH,4600.0,PA,397.25,397.25,293.7,293.7,293.7,30.0,148.36,0.0
2003-03-20,2003-03-27,OPTSTK,INFOSYSTCH,4700.0,PA,0.0,0.0,0.0,417.0,363.35,0.0,0.0,0.0
2003-03-20,2003-03-27,OPTSTK,INFOSYSTCH,4800.0,PA,0.0,0.0,0.0,900.0,450.1,0.0,0.0,0.0
2003-03-20,2003-03-27,OPTSTK,INFOSYSTCH,4900.0,PA,0.0,0.0,0.0,600.0,541.7,0.0,0.0,0.0
2003-03-20,2003-03-27,OPTSTK,INFOSYSTCH,5000.0,PA,0.0,0.0,0.0,705.0,636.65,0.0,0.0,0.0
2003-03-20,2003-04-24,OPTSTK,INFOSYSTCH,3800.0,CA,0.0,0.0,0.0,398.65,669.95,0.0,0.0,0.0
2003-03-20,2003-04-24,OPTSTK,INFOSYSTCH,3900.0,CA,0.0,0.0,0.0,431.1,595.4,0.0,0.0,0.0
2003-03-20,2003-04-24,OPTSTK,INFOSYSTCH,4000.0,CA,0.0,0.0,0.0,195.15,525.3,0.0,0.0,700.0
2003-03-20,2003-04-24,OPTSTK,INFOSYSTCH,4100.0,CA,205.0,205.0,205.0,205.0,205.0,2.0,8.61,1200.0
2003-03-20,2003-04-24,OPTSTK,INFOSYSTCH,4200.0,CA,165.0,235.0,162.0,233.35,233.35,30.0,131.61,9500.0
2003-03-20,2003-04-24,OPTSTK,INFOSYSTCH,4300.0,CA,76.0,197.95,76.0,170.4,170.4,48.0,213.5,5800.0
2003-03-20,2003-04-24,OPTSTK,INFOSYSTCH,4400.0,CA,77.0,135.0,77.0,122.1,122.1,42.0,189.2,3600.0
2003-03-20,2003-04-24,OPTSTK,INFOSYSTCH,4500.0,CA,60.0,90.0,51.25,83.8,83.8,21.0,96.09,2000.0
2003-03-20,2003-04-24,OPTSTK,INFOSYSTCH,4600.0,CA,0.0,0.0,0.0,317.75,216.6,0.0,0.0,0.0
2003-03-20,2003-04-24,OPTSTK,INFOSYSTCH,4700.0,CA,0.0,0.0,0.0,312.7,182.75,0.0,0.0,0.0
2003-03-20,2003-04-24,OPTSTK,INFOSYSTCH,3800.0,PA,0.0,0.0,0.0,146.3,77.3,0.0,0.0,0.0
2003-03-20,2003-04-24,OPTSTK,INFOSYSTCH,3900.0,PA,48.05,48.05,47.0,47.0,47.0,3.0,11.84,600.0
2003-03-20,2003-04-24,OPTSTK,INFOSYSTCH,4000.0,PA,88.8,95.0,70.0,70.05,70.05,68.0,276.91,8400.0
2003-03-20,2003-04-24,OPTSTK,INFOSYSTCH,4100.0,PA,102.05,103.0,89.0,89.0,89.0,9.0,37.79,2100.0
2003-03-20,2003-04-24,OPTSTK,INFOSYSTCH,4200.0,PA,135.0,136.0,111.0,118.0,118.0,13.0,56.23,1100.0
2003-03-20,2003-04-24,OPTSTK,INFOSYSTCH,4300.0,PA,165.0,165.0,150.0,154.1,154.1,14.0,62.35,1100.0
2003-03-20,2003-04-24,OPTSTK,INFOSYSTCH,4400.0,PA,0.0,0.0,0.0,406.25,300.95,0.0,0.0,0.0
2003-03-20,2003-04-24,OPTSTK,INFOSYSTCH,4500.0,PA,0.0,0.0,0.0,465.1,356.65,0.0,0.0,0.0
2003-03-20,2003-04-24,OPTSTK,INFOSYSTCH,4600.0,PA,0.0,0.0,0.0,445.2,417.3,0.0,0.0,0.0
2003-03-20,2003-04-24,OPTSTK,INFOSYSTCH,4700.0,PA,0.0,0.0,0.0,434.4,482.6,0.0,0.0,0.0
2003-03-20,2003-05-29,OPTSTK,INFOSYSTCH,3800.0,CA,0.0,0.0,0.0,486.1,781.05,0.0,0.0,0.0
2003-03-20,2003-05-29,OPTSTK,INFOSYSTCH,3900.0,CA,0.0,0.0,0.0,498.3,714.3,0.0,0.0,0.0
2003-03-20,2003-05-29,OPTSTK,INFOSYSTCH,4000.0,CA,0.0,0.0,0.0,443.8,651.55,0.0,0.0,0.0
2003-03-20,2003-05-29,OPTSTK,INFOSYSTCH,4100.0,CA,0.0,0.0,0.0,393.7,592.7,0.0,0.0,0.0
2003-03-20,2003-05-29,OPTSTK,INFOSYSTCH,4200.0,CA,0.0,0.0,0.0,347.95,537.65,0.0,0.0,0.0
2003-03-20,2003-05-29,OPTSTK,INFOSYSTCH,4300.0,CA,0.0,0.0,0.0,306.4,486.45,0.0,0.0,0.0
2003-03-20,2003-05-29,OPTSTK,INFOSYSTCH,4400.0,CA,0.0,0.0,0.0,353.95,438.95,0.0,0.0,0.0
2003-03-20,2003-05-29,OPTSTK,INFOSYSTCH,4500.0,CA,0.0,0.0,0.0,312.95,395.1,0.0,0.0,0.0
2003-03-20,2003-05-29,OPTSTK,INFOSYSTCH,4600.0,CA,0.0,0.0,0.0,0.0,0.0,0.0,0.0,0.0
2003-03-20,2003-05-29,OPTSTK,INFOSYSTCH,3800.0,PA,0.0,0.0,0.0,211.8,156.95,0.0,0.0,0.0
2003-03-20,2003-05-29,OPTSTK,INFOSYSTCH,3900.0,PA,0.0,0.0,0.0,232.45,188.5,0.0,0.0,0.0
2003-03-20,2003-05-29,OPTSTK,INFOSYSTCH,4000.0,PA,0.0,0.0,0.0,276.4,224.15,0.0,0.0,0.0
2003-03-20,2003-05-29,OPTSTK,INFOSYSTCH,4100.0,PA,0.0,0.0,0.0,324.75,263.6,0.0,0.0,0.0
2003-03-20,2003-05-29,OPTSTK,INFOSYSTCH,4200.0,PA,0.0,0.0,0.0,377.45,306.9,0.0,0.0,0.0
2003-03-20,2003-05-29,OPTSTK,INFOSYSTCH,4300.0,PA,0.0,0.0,0.0,434.35,354.0,0.0,0.0,0.0
2003-03-20,2003-05-29,OPTSTK,INFOSYSTCH,4400.0,PA,0.0,0.0,0.0,401.05,404.85,0.0,0.0,0.0
2003-03-20,2003-05-29,OPTSTK,INFOSYSTCH,4500.0,PA,0.0,0.0,0.0,458.5,459.35,0.0,0.0,0.0
2003-03-20,2003-05-29,OPTSTK,INFOSYSTCH,4600.0,PA,0.0,0.0,0.0,0.0,0.0,0.0,0.0,0.0
2003-03-20,2003-03-27,OPTSTK,IPCL,75.0,CA,0.0,0.0,0.0,10.75,9.3,0.0,0.0,0.0
2003-03-20,2003-03-27,OPTSTK,IPCL,80.0,CA,3.5,4.5,3.5,4.5,4.5,2.0,3.69,30800.0
2003-03-20,2003-03-27,OPTSTK,IPCL,85.0,CA,1.15,1.85,1.05,1.65,1.65,10.0,18.99,125400.0
2003-03-20,2003-03-27,OPTSTK,IPCL,90.0,CA,0.45,0.8,0.3,0.8,0.8,9.0,17.91,231000.0
2003-03-20,2003-03-27,OPTSTK,IPCL,95.0,CA,0.15,0.15,0.15,0.15,0.15,1.0,2.09,112200.0
2003-03-20,2003-03-27,OPTSTK,IPCL,100.0,CA,0.0,0.0,0.0,0.15,0.05,0.0,0.0,15400.0
2003-03-20,2003-03-27,OPTSTK,IPCL,105.0,CA,0.0,0.0,0.0,2.7,0.0,0.0,0.0,0.0
2003-03-20,2003-03-27,OPTSTK,IPCL,75.0,PA,0.0,0.0,0.0,1.05,0.15,0.0,0.0,0.0
2003-03-20,2003-03-27,OPTSTK,IPCL,80.0,PA,0.0,0.0,0.0,0.85,0.9,0.0,0.0,33000.0
2003-03-20,2003-03-27,OPTSTK,IPCL,85.0,PA,0.0,0.0,0.0,2.85,2.95,0.0,0.0,39600.0
2003-03-20,2003-03-27,OPTSTK,IPCL,90.0,PA,7.05,7.05,6.05,6.05,6.05,2.0,4.24,92400.0
2003-03-20,2003-03-27,OPTSTK,IPCL,95.0,PA,12.0,12.0,1.5,12.0,12.0,10.0,22.38,2200.0
2003-03-20,2003-03-27,OPTSTK,IPCL,100.0,PA,6.0,17.5,6.0,17.5,17.5,8.0,19.66,0.0
2003-03-20,2003-03-27,OPTSTK,IPCL,105.0,PA,0.0,0.0,0.0,16.5,20.85,0.0,0.0,0.0
2003-03-20,2003-04-24,OPTSTK,IPCL,75.0,CA,0.0,0.0,0.0,14.05,11.35,0.0,0.0,0.0
2003-03-20,2003-04-24,OPTSTK,IPCL,80.0,CA,0.0,0.0,0.0,13.55,8.0,0.0,0.0,0.0
2003-03-20,2003-04-24,OPTSTK,IPCL,85.0,CA,3.0,3.0,3.0,3.0,3.0,1.0,1.93,2200.0
2003-03-20,2003-04-24,OPTSTK,IPCL,90.0,CA,1.25,1.25,1.25,1.25,1.25,1.0,2.0,6600.0
2003-03-20,2003-04-24,OPTSTK,IPCL,95.0,CA,1.75,1.75,1.75,1.75,1.75,1.0,2.12,2200.0
2003-03-20,2003-04-24,OPTSTK,IPCL,100.0,CA,0.0,0.0,0.0,5.65,1.25,0.0,0.0,0.0
2003-03-20,2003-04-24,OPTSTK,IPCL,105.0,CA,0.0,0.0,0.0,4.05,0.7,0.0,0.0,0.0
2003-03-20,2003-04-24,OPTSTK,IPCL,75.0,PA,0.0,0.0,0.0,1.95,1.75,0.0,0.0,0.0
2003-03-20,2003-04-24,OPTSTK,IPCL,80.0,PA,0.0,0.0,0.0,2.65,3.35,0.0,0.0,0.0
2003-03-20,2003-04-24,OPTSTK,IPCL,85.0,PA,0.0,0.0,0.0,3.2,5.65,0.0,0.0,0.0
2003-03-20,2003-04-24,OPTSTK,IPCL,90.0,PA,0.0,0.0,0.0,5.05,8.7,0.0,0.0,0.0
2003-03-20,2003-04-24,OPTSTK,IPCL,95.0,PA,0.0,0.0,0.0,7.45,12.3,0.0,0.0,0.0
2003-03-20,2003-04-24,OPTSTK,IPCL,100.0,PA,0.0,0.0,0.0,14.8,16.4,0.0,0.0,0.0
2003-03-20,2003-04-24,OPTSTK,IPCL,105.0,PA,0.0,0.0,0.0,12.55,20.8,0.0,0.0,0.0
2003-03-20,2003-05-29,OPTSTK,IPCL,75.0,CA,0.0,0.0,0.0,15.25,13.55,0.0,0.0,0.0
2003-03-20,2003-05-29,OPTSTK,IPCL,80.0,CA,0.0,0.0,0.0,14.75,10.5,0.0,0.0,0.0
2003-03-20,2003-05-29,OPTSTK,IPCL,85.0,CA,0.0,0.0,0.0,11.6,7.95,0.0,0.0,0.0
2003-03-20,2003-05-29,OPTSTK,IPCL,90.0,CA,0.0,0.0,0.0,8.9,5.9,0.0,0.0,0.0
2003-03-20,2003-05-29,OPTSTK,IPCL,95.0,CA,0.0,0.0,0.0,6.7,4.35,0.0,0.0,0.0
2003-03-20,2003-05-29,OPTSTK,IPCL,100.0,CA,0.0,0.0,0.0,5.0,3.1,0.0,0.0,0.0
2003-03-20,2003-05-29,OPTSTK,IPCL,75.0,PA,0.0,0.0,0.0,2.15,3.3,0.0,0.0,0.0
2003-03-20,2003-05-29,OPTSTK,IPCL,80.0,PA,0.0,0.0,0.0,3.05,5.15,0.0,0.0,0.0
2003-03-20,2003-05-29,OPTSTK,IPCL,85.0,PA,0.0,0.0,0.0,4.8,7.55,0.0,0.0,0.0
2003-03-20,2003-05-29,OPTSTK,IPCL,90.0,PA,0.0,0.0,0.0,7.05,10.4,0.0,0.0,0.0
2003-03-20,2003-05-29,OPTSTK,IPCL,95.0,PA,0.0,0.0,0.0,9.8,13.75,0.0,0.0,0.0
2003-03-20,2003-05-29,OPTSTK,IPCL,100.0,PA,0.0,0.0,0.0,13.0,17.45,0.0,0.0,0.0
2003-03-20,2003-03-27,OPTSTK,ITC,570.0,CA,0.0,0.0,0.0,92.95,58.9,0.0,0.0,0.0
2003-03-20,2003-03-27,OPTSTK,ITC,600.0,CA,0.0,0.0,0.0,40.0,34.4,0.0,0.0,0.0
2003-03-20,2003-03-27,OPTSTK,ITC,630.0,CA,6.65,6.65,3.7,5.55,5.55,26.0,49.55,32100.0
2003-03-20,2003-03-27,OPTSTK,ITC,660.0,CA,0.0,0.0,0.0,2.0,6.6,0.0,0.0,38700.0
2003-03-20,2003-03-27,OPTSTK,ITC,690.0,CA,0.0,0.0,0.0,0.75,2.1,0.0,0.0,9000.0
2003-03-20,2003-03-27,OPTSTK,ITC,720.0,CA,0.0,0.0,0.0,39.55,0.55,0.0,0.0,0.0
2003-03-20,2003-03-27,OPTSTK,ITC,750.0,CA,0.0,0.0,0.0,34.0,0.15,0.0,0.0,0.0
2003-03-20,2003-03-27,OPTSTK,ITC,570.0,PA,0.0,0.0,0.0,14.95,1.95,0.0,0.0,0.0
2003-03-20,2003-03-27,OPTSTK,ITC,600.0,PA,1.1,1.1,1.05,1.05,1.05,2.0,3.6,5400.0
2003-03-20,2003-03-27,OPTSTK,ITC,630.0,PA,6.0,7.9,5.05,7.85,7.85,23.0,43.98,35700.0
2003-03-20,2003-03-27,OPTSTK,ITC,660.0,PA,0.0,0.0,0.0,34.9,39.5,0.0,0.0,1800.0
2003-03-20,2003-03-27,OPTSTK,ITC,690.0,PA,0.0,0.0,0.0,56.0,64.95,0.0,0.0,0.0
2003-03-20,2003-03-27,OPTSTK,ITC,720.0,PA,0.0,0.0,0.0,29.2,93.35,0.0,0.0,0.0
2003-03-20,2003-03-27,OPTSTK,ITC,750.0,PA,0.0,0.0,0.0,51.0,122.9,0.0,0.0,0.0
2003-03-20,2003-04-24,OPTSTK,ITC,570.0,CA,0.0,0.0,0.0,90.5,76.3,0.0,0.0,0.0
2003-03-20,2003-04-24,OPTSTK,ITC,600.0,CA,0.0,0.0,0.0,72.2,56.9,0.0,0.0,0.0
2003-03-20,2003-04-24,OPTSTK,ITC,630.0,CA,0.0,0.0,0.0,56.65,41.1,0.0,0.0,0.0
2003-03-20,2003-04-24,OPTSTK,ITC,660.0,CA,0.0,0.0,0.0,43.75,28.7,0.0,0.0,0.0
2003-03-20,2003-04-24,OPTSTK,ITC,690.0,CA,0.0,0.0,0.0,33.3,19.45,0.0,0.0,0.0
2003-03-20,2003-04-24,OPTSTK,ITC,720.0,CA,0.0,0.0,0.0,32.4,12.8,0.0,0.0,0.0
2003-03-20,2003-04-24,OPTSTK,ITC,570.0,PA,0.0,0.0,0.0,23.85,15.55,0.0,0.0,0.0
2003-03-20,2003-04-24,OPTSTK,ITC,600.0,PA,0.0,0.0,0.0,35.15,25.9,0.0,0.0,0.0
2003-03-20,2003-04-24,OPTSTK,ITC,630.0,PA,12.0,12.0,12.0,12.0,12.0,1.0,1.92,300.0
2003-03-20,2003-04-24,OPTSTK,ITC,660.0,PA,0.0,0.0,0.0,65.85,57.2,0.0,0.0,0.0
2003-03-20,2003-04-24,OPTSTK,ITC,690.0,PA,0.0,0.0,0.0,84.95,77.7,0.0,0.0,0.0
2003-03-20,2003-04-24,OPTSTK,ITC,720.0,PA,0.0,0.0,0.0,91.1,100.8,0.0,0.0,0.0
2003-03-20,2003-05-29,OPTSTK,ITC,570.0,CA,0.0,0.0,0.0,101.85,93.1,0.0,0.0,0.0
2003-03-20,2003-05-29,OPTSTK,ITC,600.0,CA,0.0,0.0,0.0,82.75,75.35,0.0,0.0,0.0
2003-03-20,2003-05-29,OPTSTK,ITC,630.0,CA,0.0,0.0,0.0,66.3,60.2,0.0,0.0,0.0
2003-03-20,2003-05-29,OPTSTK,ITC,660.0,CA,0.0,0.0,0.0,52.35,47.45,0.0,0.0,0.0
2003-03-20,2003-05-29,OPTSTK,ITC,690.0,CA,0.0,0.0,0.0,40.75,36.95,0.0,0.0,0.0
2003-03-20,2003-05-29,OPTSTK,ITC,720.0,CA,0.0,0.0,0.0,34.85,28.45,0.0,0.0,0.0
2003-03-20,2003-05-29,OPTSTK,ITC,570.0,PA,0.0,0.0,0.0,22.3,27.6,0.0,0.0,0.0
2003-03-20,2003-05-29,OPTSTK,ITC,600.0,PA,0.0,0.0,0.0,32.75,39.4,0.0,0.0,0.0
2003-03-20,2003-05-29,OPTSTK,ITC,630.0,PA,0.0,0.0,0.0,45.8,53.7,0.0,0.0,0.0
2003-03-20,2003-05-29,OPTSTK,ITC,660.0,PA,0.0,0.0,0.0,61.4,70.45,0.0,0.0,0.0
2003-03-20,2003-05-29,OPTSTK,ITC,690.0,PA,0.0,0.0,0.0,79.35,89.45,0.0,0.0,0.0
2003-03-20,2003-05-29,OPTSTK,ITC,720.0,PA,0.0,0.0,0.0,93.0,110.45,0.0,0.0,0.0
2003-03-20,2003-03-27,OPTSTK,L&T,170.0,CA,0.0,0.0,0.0,22.35,20.3,0.0,0.0,0.0
2003-03-20,2003-03-27,OPTSTK,L&T,180.0,CA,3.05,10.25,3.05,10.25,10.25,4.0,7.52,53000.0
2003-03-20,2003-03-27,OPTSTK,L&T,190.0,CA,2.45,3.6,1.75,2.65,2.65,146.0,281.35,593000.0
2003-03-20,2003-03-27,OPTSTK,L&T,200.0,CA,0.85,1.0,0.4,0.8,0.8,68.0,136.48,751000.0
2003-03-20,2003-03-27,OPTSTK,L&T,210.0,CA,0.25,0.3,0.15,0.25,0.25,29.0,60.95,456000.0
2003-03-20,2003-03-27,OPTSTK,L&T,220.0,CA,0.0,0.0,0.0,0.25,0.1,0.0,0.0,208000.0
2003-03-20,2003-03-27,OPTSTK,L&T,230.0,CA,0.0,0.0,0.0,0.25,0.05,0.0,0.0,31000.0
2003-03-20,2003-03-27,OPTSTK,L&T,170.0,PA,0.0,0.0,0.0,0.85,0.3,0.0,0.0,1000.0
2003-03-20,2003-03-27,OPTSTK,L&T,180.0,PA,0.5,0.5,0.35,0.35,0.35,2.0,3.6,95000.0
2003-03-20,2003-03-27,OPTSTK,L&T,190.0,PA,3.5,3.5,2.0,2.15,2.15,27.0,51.93,183000.0
2003-03-20,2003-03-27,OPTSTK,L&T,200.0,PA,10.05,11.0,9.75,11.0,11.0,5.0,10.52,197000.0
2003-03-20,2003-03-27,OPTSTK,L&T,210.0,PA,0.0,0.0,0.0,24.0,20.35,0.0,0.0,13000.0
2003-03-20,2003-03-27,OPTSTK,L&T,220.0,PA,0.0,0.0,0.0,26.0,30.0,0.0,0.0,0.0
2003-03-20,2003-03-27,OPTSTK,L&T,230.0,PA,0.0,0.0,0.0,14.0,39.9,0.0,0.0,0.0
2003-03-20,2003-04-24,OPTSTK,L&T,170.0,CA,0.0,0.0,0.0,25.4,24.65,0.0,0.0,0.0
2003-03-20,2003-04-24,OPTSTK,L&T,180.0,CA,0.0,0.0,0.0,13.95,17.75,0.0,0.0,1000.0
2003-03-20,2003-04-24,OPTSTK,L&T,190.0,CA,6.05,7.15,6.05,6.85,6.85,26.0,51.11,61000.0
2003-03-20,2003-04-24,OPTSTK,L&T,200.0,CA,3.0,3.75,3.0,3.65,3.65,29.0,58.94,66000.0
2003-03-20,2003-04-24,OPTSTK,L&T,210.0,CA,1.4,1.5,1.3,1.5,1.5,9.0,19.02,18000.0
2003-03-20,2003-04-24,OPTSTK,L&T,220.0,CA,0.0,0.0,0.0,0.75,3.05,0.0,0.0,1000.0
2003-03-20,2003-04-24,OPTSTK,L&T,170.0,PA,0.0,0.0,0.0,6.9,3.45,0.0,0.0,0.0
2003-03-20,2003-04-24,OPTSTK,L&T,180.0,PA,0.0,0.0,0.0,2.85,6.5,0.0,0.0,4000.0
2003-03-20,2003-04-24,OPTSTK,L&T,190.0,PA,5.0,5.0,4.15,4.15,4.15,2.0,3.89,3000.0
2003-03-20,2003-04-24,OPTSTK,L&T,200.0,PA,0.0,0.0,0.0,21.65,16.6,0.0,0.0,0.0
2003-03-20,2003-04-24,OPTSTK,L&T,210.0,PA,0.0,0.0,0.0,28.5,23.55,0.0,0.0,0.0
2003-03-20,2003-04-24,OPTSTK,L&T,220.0,PA,0.0,0.0,0.0,28.8,31.5,0.0,0.0,0.0
2003-03-20,2003-05-29,OPTSTK,L&T,170.0,CA,0.0,0.0,0.0,30.95,29.2,0.0,0.0,0.0
2003-03-20,2003-05-29,OPTSTK,L&T,180.0,CA,0.0,0.0,0.0,28.9,22.95,0.0,0.0,0.0
2003-03-20,2003-05-29,OPTSTK,L&T,190.0,CA,0.0,0.0,0.0,22.7,17.7,0.0,0.0,0.0
2003-03-20,2003-05-29,OPTSTK,L&T,200.0,CA,0.0,0.0,0.0,17.45,13.4,0.0,0.0,0.0
2003-03-20,2003-05-29,OPTSTK,L&T,210.0,CA,0.0,0.0,0.0,13.2,9.95,0.0,0.0,0.0
2003-03-20,2003-05-29,OPTSTK,L&T,220.0,CA,0.0,0.0,0.0,9.8,7.3,0.0,0.0,0.0
2003-03-20,2003-05-29,OPTSTK,L&T,170.0,PA,0.0,0.0,0.0,4.9,6.65,0.0,0.0,0.0
2003-03-20,2003-05-29,OPTSTK,L&T,180.0,PA,0.0,0.0,0.0,6.95,10.25,0.0,0.0,0.0
2003-03-20,2003-05-29,OPTSTK,L&T,190.0,PA,0.0,0.0,0.0,10.6,14.8,0.0,0.0,0.0
2003-03-20,2003-05-29,OPTSTK,L&T,200.0,PA,0.0,0.0,0.0,15.2,20.35,0.0,0.0,0.0
2003-03-20,2003-05-29,OPTSTK,L&T,210.0,PA,0.0,0.0,0.0,20.8,26.75,0.0,0.0,0.0
2003-03-20,2003-05-29,OPTSTK,L&T,220.0,PA,0.0,0.0,0.0,27.2,33.9,0.0,0.0,0.0
2003-03-20,2003-03-27,OPTSTK,M&M,85.0,CA,10.75,21.0,10.75,21.0,21.0,4.0,10.09,0.0
2003-03-20,2003-03-27,OPTSTK,M&M,90.0,CA,0.0,0.0,0.0,10.2,16.1,0.0,0.0,7500.0
2003-03-20,2003-03-27,OPTSTK,M&M,95.0,CA,9.2,9.2,9.2,9.2,9.2,12.0,31.26,42500.0
2003-03-20,2003-03-27,OPTSTK,M&M,100.0,CA,4.2,7.0,4.2,6.6,6.6,18.0,47.62,370000.0
2003-03-20,2003-03-27,OPTSTK,M&M,105.0,CA,1.5,3.0,1.2,2.75,2.75,72.0,192.87,465000.0
2003-03-20,2003-03-27,OPTSTK,M&M,110.0,CA,0.3,0.7,0.3,0.7,0.7,14.0,38.66,512500.0
2003-03-20,2003-03-27,OPTSTK,M&M,115.0,CA,0.25,0.25,0.25,0.25,0.25,2.0,5.76,295000.0
2003-03-20,2003-03-27,OPTSTK,M&M,120.0,CA,0.2,0.5,0.2,0.4,0.4,3.0,9.02,240000.0
2003-03-20,2003-03-27,OPTSTK,M&M,125.0,CA,0.0,0.0,0.0,5.95,0.05,0.0,0.0,0.0
2003-03-20,2003-03-27,OPTSTK,M&M,85.0,PA,0.0,0.0,0.0,2.45,0.0,0.0,0.0,0.0
2003-03-20,2003-03-27,OPTSTK,M&M,90.0,PA,0.0,0.0,0.0,2.65,0.05,0.0,0.0,0.0
2003-03-20,2003-03-27,OPTSTK,M&M,95.0,PA,0.25,0.25,0.25,0.25,0.25,2.0,4.76,130000.0
2003-03-20,2003-03-27,OPTSTK,M&M,100.0,PA,1.25,1.25,0.45,0.45,0.45,25.0,62.89,482500.0
2003-03-20,2003-03-27,OPTSTK,M&M,105.0,PA,2.6,2.6,1.5,1.6,1.6,28.0,74.87,170000.0
2003-03-20,2003-03-27,OPTSTK,M&M,110.0,PA,0.0,0.0,0.0,6.6,5.55,0.0,0.0,92500.0
2003-03-20,2003-03-27,OPTSTK,M&M,115.0,PA,0.0,0.0,0.0,16.0,9.5,0.0,0.0,7500.0
2003-03-20,2003-03-27,OPTSTK,M&M,120.0,PA,0.0,0.0,0.0,15.45,14.1,0.0,0.0,0.0
2003-03-20,2003-03-27,OPTSTK,M&M,125.0,PA,0.0,0.0,0.0,7.65,18.95,0.0,0.0,0.0
2003-03-20,2003-04-24,OPTSTK,M&M,85.0,CA,0.0,0.0,0.0,16.15,22.25,0.0,0.0,0.0
2003-03-20,2003-04-24,OPTSTK,M&M,90.0,CA,0.0,0.0,0.0,13.0,17.95,0.0,0.0,0.0
2003-03-20,2003-04-24,OPTSTK,M&M,95.0,CA,0.0,0.0,0.0,10.3,14.1,0.0,0.0,0.0
2003-03-20,2003-04-24,OPTSTK,M&M,100.0,CA,7.5,7.5,7.5,7.5,7.5,1.0,2.68,2500.0
2003-03-20,2003-04-24,OPTSTK,M&M,105.0,CA,4.05,5.0,4.0,4.55,4.55,10.0,27.38,20000.0
2003-03-20,2003-04-24,OPTSTK,M&M,110.0,CA,2.55,2.9,2.55,2.9,2.9,3.0,8.45,5000.0
2003-03-20,2003-04-24,OPTSTK,M&M,115.0,CA,0.0,0.0,0.0,4.05,4.0,0.0,0.0,0.0
2003-03-20,2003-04-24,OPTSTK,M&M,120.0,CA,1.4,1.4,1.4,1.4,1.4,1.0,3.03,2500.0
2003-03-20,2003-04-24,OPTSTK,M&M,85.0,PA,0.0,0.0,0.0,3.55,0.65,0.0,0.0,0.0
2003-03-20,2003-04-24,OPTSTK,M&M,90.0,PA,0.0,0.0,0.0,5.35,1.3,0.0,0.0,0.0
2003-03-20,2003-04-24,OPTSTK,M&M,95.0,PA,0.0,0.0,0.0,7.55,2.4,0.0,0.0,0.0
2003-03-20,2003-04-24,OPTSTK,M&M,100.0,PA,1.45,1.45,1.45,1.45,1.45,1.0,2.53,2500.0
2003-03-20,2003-04-24,OPTSTK,M&M,105.0,PA,0.0,0.0,0.0,13.3,6.2,0.0,0.0,0.0
2003-03-20,2003-04-24,OPTSTK,M&M,110.0,PA,0.0,0.0,0.0,14.4,8.9,0.0,0.0,0.0
2003-03-20,2003-04-24,OPTSTK,M&M,115.0,PA,0.0,0.0,0.0,13.95,12.15,0.0,0.0,0.0
2003-03-20,2003-04-24,OPTSTK,M&M,120.0,PA,0.0,0.0,0.0,13.0,15.8,0.0,0.0,0.0
2003-03-20,2003-05-29,OPTSTK,M&M,90.0,CA,0.0,0.0,0.0,16.9,20.4,0.0,0.0,0.0
2003-03-20,2003-05-29,OPTSTK,M&M,95.0,CA,0.0,0.0,0.0,15.9,16.95,0.0,0.0,0.0
2003-03-20,2003-05-29,OPTSTK,M&M,100.0,CA,0.0,0.0,0.0,12.85,13.9,0.0,0.0,0.0
2003-03-20,2003-05-29,OPTSTK,M&M,105.0,CA,0.0,0.0,0.0,10.25,11.25,0.0,0.0,0.0
2003-03-20,2003-05-29,OPTSTK,M&M,110.0,CA,0.0,0.0,0.0,8.05,9.0,0.0,0.0,0.0
2003-03-20,2003-05-29,OPTSTK,M&M,115.0,CA,0.0,0.0,0.0,6.2,7.15,0.0,0.0,0.0
2003-03-20,2003-05-29,OPTSTK,M&M,120.0,CA,0.0,0.0,0.0,6.55,5.6,0.0,0.0,0.0
2003-03-20,2003-05-29,OPTSTK,M&M,90.0,PA,0.0,0.0,0.0,3.25,3.0,0.0,0.0,0.0
2003-03-20,2003-05-29,OPTSTK,M&M,95.0,PA,0.0,0.0,0.0,4.15,4.45,0.0,0.0,0.0
2003-03-20,2003-05-29,OPTSTK,M&M,100.0,PA,0.0,0.0,0.0,6.0,6.35,0.0,0.0,0.0
2003-03-20,2003-05-29,OPTSTK,M&M,105.0,PA,0.0,0.0,0.0,8.3,8.6,0.0,0.0,0.0
2003-03-20,2003-05-29,OPTSTK,M&M,110.0,PA,0.0,0.0,0.0,11.0,11.3,0.0,0.0,0.0
2003-03-20,2003-05-29,OPTSTK,M&M,115.0,PA,0.0,0.0,0.0,14.15,14.35,0.0,0.0,0.0
2003-03-20,2003-05-29,OPTSTK,M&M,120.0,PA,0.0,0.0,0.0,14.55,17.7,0.0,0.0,0.0
2003-03-20,2003-03-27,OPTSTK,MASTEK,450.0,CA,0.0,0.0,0.0,64.6,109.85,0.0,0.0,0.0
2003-03-20,2003-03-27,OPTSTK,MASTEK,480.0,CA,48.0,83.05,48.0,83.05,83.05,5.0,10.76,2800.0
2003-03-20,2003-03-27,OPTSTK,MASTEK,510.0,CA,23.0,36.5,23.0,34.25,34.25,37.0,79.86,33600.0
2003-03-20,2003-03-27,OPTSTK,MASTEK,540.0,CA,5.05,29.7,5.0,21.05,21.05,200.0,442.53,49200.0
2003-03-20,2003-03-27,OPTSTK,MASTEK,570.0,CA,1.5,15.95,1.5,10.95,10.95,98.0,226.94,60400.0
2003-03-20,2003-03-27,OPTSTK,MASTEK,600.0,CA,1.25,2.0,1.0,1.8,1.8,12.0,28.87,48000.0
2003-03-20,2003-03-27,OPTSTK,MASTEK,630.0,CA,0.0,0.0,0.0,0.6,2.0,0.0,0.0,12400.0
2003-03-20,2003-03-27,OPTSTK,MASTEK,660.0,CA,0.0,0.0,0.0,3.0,0.6,0.0,0.0,400.0
2003-03-20,2003-03-27,OPTSTK,MASTEK,450.0,PA,0.0,0.0,0.0,1.3,0.1,0.0,0.0,0.0
2003-03-20,2003-03-27,OPTSTK,MASTEK,480.0,PA,3.05,3.05,0.65,1.5,1.5,13.0,25.08,24000.0
2003-03-20,2003-03-27,OPTSTK,MASTEK,510.0,PA,9.1,11.0,2.8,4.8,4.8,121.0,249.89,73200.0
2003-03-20,2003-03-27,OPTSTK,MASTEK,540.0,PA,22.0,22.0,6.0,9.3,9.3,89.0,196.48,34800.0
2003-03-20,2003-03-27,OPTSTK,MASTEK,570.0,PA,41.9,41.9,16.0,20.7,20.7,20.0,47.4,18400.0
2003-03-20,2003-03-27,OPTSTK,MASTEK,600.0,PA,55.0,55.0,55.0,55.0,55.0,1.0,2.62,400.0
2003-03-20,2003-03-27,OPTSTK,MASTEK,630.0,PA,0.0,0.0,0.0,105.0,71.95,0.0,0.0,0.0
2003-03-20,2003-03-27,OPTSTK,MASTEK,660.0,PA,0.0,0.0,0.0,135.0,100.5,0.0,0.0,0.0
2003-03-20,2003-04-24,OPTSTK,MASTEK,450.0,CA,0.0,0.0,0.0,72.95,118.45,0.0,0.0,0.0
2003-03-20,2003-04-24,OPTSTK,MASTEK,480.0,CA,0.0,0.0,0.0,102.85,94.15,0.0,0.0,0.0
2003-03-20,2003-04-24,OPTSTK,MASTEK,510.0,CA,0.0,0.0,0.0,93.65,72.75,0.0,0.0,0.0
2003-03-20,2003-04-24,OPTSTK,MASTEK,540.0,CA,0.0,0.0,0.0,12.0,54.65,0.0,0.0,400.0
2003-03-20,2003-04-24,OPTSTK,MASTEK,570.0,CA,17.4,17.5,17.4,17.45,17.45,2.0,4.69,800.0
2003-03-20,2003-04-24,OPTSTK,MASTEK,600.0,CA,0.0,0.0,0.0,51.0,28.45,0.0,0.0,0.0
2003-03-20,2003-04-24,OPTSTK,MASTEK,630.0,CA,0.0,0.0,0.0,40.95,19.8,0.0,0.0,0.0
2003-03-20,2003-04-24,OPTSTK,MASTEK,660.0,CA,0.0,0.0,0.0,43.8,13.45,0.0,0.0,0.0
2003-03-20,2003-04-24,OPTSTK,MASTEK,450.0,PA,0.0,0.0,0.0,7.5,5.7,0.0,0.0,0.0
2003-03-20,2003-04-24,OPTSTK,MASTEK,480.0,PA,0.0,0.0,0.0,27.25,11.15,0.0,0.0,0.0
2003-03-20,2003-04-24,OPTSTK,MASTEK,510.0,PA,11.0,11.0,11.0,11.0,11.0,1.0,2.08,400.0
2003-03-20,2003-04-24,OPTSTK,MASTEK,540.0,PA,0.0,0.0,0.0,20.0,31.15,0.0,0.0,400.0
2003-03-20,2003-04-24,OPTSTK,MASTEK,570.0,PA,0.0,0.0,0.0,63.8,46.2,0.0,0.0,0.0
2003-03-20,2003-04-24,OPTSTK,MASTEK,600.0,PA,0.0,0.0,0.0,81.4,64.45,0.0,0.0,0.0
2003-03-20,2003-04-24,OPTSTK,MASTEK,630.0,PA,0.0,0.0,0.0,100.9,85.55,0.0,0.0,0.0
2003-03-20,2003-04-24,OPTSTK,MASTEK,660.0,PA,0.0,0.0,0.0,108.45,108.95,0.0,0.0,0.0
2003-03-20,2003-05-29,OPTSTK,MASTEK,450.0,CA,0.0,0.0,0.0,82.6,131.0,0.0,0.0,0.0
2003-03-20,2003-05-29,OPTSTK,MASTEK,480.0,CA,0.0,0.0,0.0,97.65,109.6,0.0,0.0,0.0
2003-03-20,2003-05-29,OPTSTK,MASTEK,510.0,CA,0.0,0.0,0.0,78.45,90.5,0.0,0.0,0.0
2003-03-20,2003-05-29,OPTSTK,MASTEK,540.0,CA,0.0,0.0,0.0,61.2,73.9,0.0,0.0,0.0
2003-03-20,2003-05-29,OPTSTK,MASTEK,570.0,CA,0.0,0.0,0.0,46.9,59.7,0.0,0.0,0.0
2003-03-20,2003-05-29,OPTSTK,MASTEK,600.0,CA,0.0,0.0,0.0,35.3,47.75,0.0,0.0,0.0
2003-03-20,2003-05-29,OPTSTK,MASTEK,630.0,CA,0.0,0.0,0.0,26.15,37.85,0.0,0.0,0.0
2003-03-20,2003-05-29,OPTSTK,MASTEK,450.0,PA,0.0,0.0,0.0,14.45,14.55,0.0,0.0,0.0
2003-03-20,2003-05-29,OPTSTK,MASTEK,480.0,PA,0.0,0.0,0.0,16.6,22.6,0.0,0.0,0.0
2003-03-20,2003-05-29,OPTSTK,MASTEK,510.0,PA,0.0,0.0,0.0,25.1,33.0,0.0,0.0,0.0
2003-03-20,2003-05-29,OPTSTK,MASTEK,540.0,PA,0.0,0.0,0.0,37.4,45.95,0.0,0.0,0.0
2003-03-20,2003-05-29,OPTSTK,MASTEK,570.0,PA,0.0,0.0,0.0,52.6,61.25,0.0,0.0,0.0
2003-03-20,2003-05-29,OPTSTK,MASTEK,600.0,PA,0.0,0.0,0.0,70.55,78.8,0.0,0.0,0.0
2003-03-20,2003-05-29,OPTSTK,MASTEK,630.0,PA,0.0,0.0,0.0,90.9,98.4,0.0,0.0,0.0
2003-03-20,2003-03-27,OPTSTK,MTNL,70.0,CA,0.0,0.0,0.0,15.3,25.75,0.0,0.0,0.0
2003-03-20,2003-03-27,OPTSTK,MTNL,75.0,CA,0.0,0.0,0.0,10.0,20.75,0.0,0.0,0.0
2003-03-20,2003-03-27,OPTSTK,MTNL,80.0,CA,0.0,0.0,0.0,16.0,15.75,0.0,0.0,0.0
2003-03-20,2003-03-27,OPTSTK,MTNL,85.0,CA,0.0,0.0,0.0,14.75,10.9,0.0,0.0,0.0
2003-03-20,2003-03-27,OPTSTK,MTNL,90.0,CA,0.0,0.0,0.0,9.65,6.5,0.0,0.0,11200.0
2003-03-20,2003-03-27,OPTSTK,MTNL,95.0,CA,3.0,3.2,2.3,3.2,3.2,10.0,15.63,105600.0
2003-03-20,2003-03-27,OPTSTK,MTNL,100.0,CA,0.4,0.8,0.3,0.65,0.65,17.0,27.34,284800.0
2003-03-20,2003-03-27,OPTSTK,MTNL,105.0,CA,0.25,0.45,0.25,0.4,0.4,8.0,13.48,171200.0
2003-03-20,2003-03-27,OPTSTK,MTNL,110.0,CA,0.25,0.25,0.25,0.25,0.25,1.0,1.76,195200.0
2003-03-20,2003-03-27,OPTSTK,MTNL,115.0,CA,0.0,0.0,0.0,0.4,0.05,0.0,0.0,62400.0
2003-03-20,2003-03-27,OPTSTK,MTNL,120.0,CA,0.1,0.1,0.1,0.1,0.1,1.0,1.92,100800.0
2003-03-20,2003-03-27,OPTSTK,MTNL,125.0,CA,0.0,0.0,0.0,1.2,0.0,0.0,0.0,12800.0
2003-03-20,2003-03-27,OPTSTK,MTNL,70.0,PA,0.0,0.0,0.0,2.25,0.0,0.0,0.0,0.0
2003-03-20,2003-03-27,OPTSTK,MTNL,75.0,PA,0.0,0.0,0.0,2.4,0.0,0.0,0.0,0.0
2003-03-20,2003-03-27,OPTSTK,MTNL,80.0,PA,0.0,0.0,0.0,2.95,0.05,0.0,0.0,0.0
2003-03-20,2003-03-27,OPTSTK,MTNL,85.0,PA,0.0,0.0,0.0,3.65,0.15,0.0,0.0,0.0
2003-03-20,2003-03-27,OPTSTK,MTNL,90.0,PA,0.6,0.6,0.6,0.6,0.6,1.0,1.44,48000.0
2003-03-20,2003-03-27,OPTSTK,MTNL,95.0,PA,2.2,2.4,1.75,2.35,2.35,13.0,20.21,113600.0
2003-03-20,2003-03-27,OPTSTK,MTNL,100.0,PA,4.85,5.5,4.85,5.1,5.1,10.0,16.82,139200.0
2003-03-20,2003-03-27,OPTSTK,MTNL,105.0,PA,0.0,0.0,0.0,10.85,9.6,0.0,0.0,59200.0
2003-03-20,2003-03-27,OPTSTK,MTNL,110.0,PA,0.0,0.0,0.0,10.55,14.3,0.0,0.0,28800.0
2003-03-20,2003-03-27,OPTSTK,MTNL,115.0,PA,0.0,0.0,0.0,8.2,19.25,0.0,0.0,0.0
2003-03-20,2003-03-27,OPTSTK,MTNL,120.0,PA,6.5,14.5,6.5,14.5,14.5,8.0,16.7,0.0
2003-03-20,2003-03-27,OPTSTK,MTNL,125.0,PA,0.0,0.0,0.0,17.5,29.2,0.0,0.0,0.0
2003-03-20,2003-04-24,OPTSTK,MTNL,85.0,CA,0.0,0.0,0.0,13.85,13.15,0.0,0.0,0.0
2003-03-20,2003-04-24,OPTSTK,MTNL,90.0,CA,0.0,0.0,0.0,15.15,9.7,0.0,0.0,0.0
2003-03-20,2003-04-24,OPTSTK,MTNL,95.0,CA,0.0,0.0,0.0,20.55,6.9,0.0,0.0,0.0
2003-03-20,2003-04-24,OPTSTK,MTNL,100.0,CA,0.0,0.0,0.0,21.5,4.7,0.0,0.0,0.0
2003-03-20,2003-04-24,OPTSTK,MTNL,105.0,CA,0.0,0.0,0.0,21.4,3.1,0.0,0.0,0.0
2003-03-20,2003-04-24,OPTSTK,MTNL,110.0,CA,1.0,1.0,1.0,1.0,1.0,1.0,1.77,1600.0
2003-03-20,2003-04-24,OPTSTK,MTNL,115.0,CA,0.0,0.0,0.0,16.85,1.2,0.0,0.0,0.0
2003-03-20,2003-04-24,OPTSTK,MTNL,120.0,CA,0.0,0.0,0.0,14.9,0.75,0.0,0.0,0.0
2003-03-20,2003-04-24,OPTSTK,MTNL,125.0,CA,0.0,0.0,0.0,13.15,0.45,0.0,0.0,0.0
2003-03-20,2003-04-24,OPTSTK,MTNL,85.0,PA,0.0,0.0,0.0,2.5,1.85,0.0,0.0,0.0
2003-03-20,2003-04-24,OPTSTK,MTNL,90.0,PA,0.0,0.0,0.0,3.85,3.35,0.0,0.0,0.0
2003-03-20,2003-04-24,OPTSTK,MTNL,95.0,PA,0.0,0.0,0.0,9.55,5.5,0.0,0.0,0.0
2003-03-20,2003-04-24,OPTSTK,MTNL,100.0,PA,0.0,0.0,0.0,10.7,8.25,0.0,0.0,0.0
2003-03-20,2003-04-24,OPTSTK,MTNL,105.0,PA,0.0,0.0,0.0,12.25,11.6,0.0,0.0,0.0
2003-03-20,2003-04-24,OPTSTK,MTNL,110.0,PA,0.0,0.0,0.0,14.8,15.45,0.0,0.0,0.0
2003-03-20,2003-04-24,OPTSTK,MTNL,115.0,PA,0.0,0.0,0.0,17.55,19.65,0.0,0.0,0.0
2003-03-20,2003-04-24,OPTSTK,MTNL,120.0,PA,0.0,0.0,0.0,20.55,24.15,0.0,0.0,0.0
2003-03-20,2003-04-24,OPTSTK,MTNL,125.0,PA,0.0,0.0,0.0,23.7,28.8,0.0,0.0,0.0
2003-03-20,2003-05-29,OPTSTK,MTNL,85.0,CA,0.0,0.0,0.0,15.9,15.55,0.0,0.0,0.0
2003-03-20,2003-05-29,OPTSTK,MTNL,90.0,CA,0.0,0.0,0.0,17.5,12.45,0.0,0.0,0.0
2003-03-20,2003-05-29,OPTSTK,MTNL,95.0,CA,0.0,0.0,0.0,14.6,9.8,0.0,0.0,0.0
2003-03-20,2003-05-29,OPTSTK,MTNL,100.0,CA,0.0,0.0,0.0,12.1,7.6,0.0,0.0,0.0
2003-03-20,2003-05-29,OPTSTK,MTNL,105.0,CA,0.0,0.0,0.0,9.95,5.8,0.0,0.0,0.0
2003-03-20,2003-05-29,OPTSTK,MTNL,110.0,CA,0.0,0.0,0.0,8.15,4.35,0.0,0.0,0.0
2003-03-20,2003-05-29,OPTSTK,MTNL,85.0,PA,0.0,0.0,0.0,4.0,3.55,0.0,0.0,0.0
2003-03-20,2003-05-29,OPTSTK,MTNL,90.0,PA,0.0,0.0,0.0,5.7,5.35,0.0,0.0,0.0
2003-03-20,2003-05-29,OPTSTK,MTNL,95.0,PA,0.0,0.0,0.0,7.75,7.6,0.0,0.0,0.0
2003-03-20,2003-05-29,OPTSTK,MTNL,100.0,PA,0.0,0.0,0.0,10.15,10.3,0.0,0.0,0.0
2003-03-20,2003-05-29,OPTSTK,MTNL,105.0,PA,0.0,0.0,0.0,12.95,13.45,0.0,0.0,0.0
2003-03-20,2003-05-29,OPTSTK,MTNL,110.0,PA,0.0,0.0,0.0,16.05,16.95,0.0,0.0,0.0
2003-03-20,2003-03-27,OPTSTK,NATIONALUM,70.0,CA,0.0,0.0,0.0,3.5,10.25,0.0,0.0,0.0
2003-03-20,2003-03-27,OPTSTK,NATIONALUM,75.0,CA,0.0,0.0,0.0,4.0,5.75,0.0,0.0,0.0
2003-03-20,2003-03-27,OPTSTK,NATIONALUM,80.0,CA,2.0,2.0,2.0,2.0,2.0,1.0,1.88,2300.0
2003-03-20,2003-03-27,OPTSTK,NATIONALUM,85.0,CA,0.0,0.0,0.0,0.5,0.75,0.0,0.0,16100.0
2003-03-20,2003-03-27,OPTSTK,NATIONALUM,90.0,CA,0.3,0.4,0.3,0.35,0.35,4.0,8.31,36800.0
2003-03-20,2003-03-27,OPTSTK,NATIONALUM,95.0,CA,0.0,0.0,0.0,4.65,0.05,0.0,0.0,0.0
2003-03-20,2003-03-27,OPTSTK,NATIONALUM,100.0,CA,0.0,0.0,0.0,3.1,0.0,0.0,0.0,0.0
2003-03-20,2003-03-27,OPTSTK,NATIONALUM,105.0,CA,0.0,0.0,0.0,3.1,0.0,0.0,0.0,0.0
2003-03-20,2003-03-27,OPTSTK,NATIONALUM,70.0,PA,0.0,0.0,0.0,0.2,0.1,0.0,0.0,0.0
2003-03-20,2003-03-27,OPTSTK,NATIONALUM,75.0,PA,0.0,0.0,0.0,0.45,0.55,0.0,0.0,0.0
2003-03-20,2003-03-27,OPTSTK,NATIONALUM,80.0,PA,0.0,0.0,0.0,2.1,2.25,0.0,0.0,0.0
2003-03-20,2003-03-27,OPTSTK,NATIONALUM,85.0,PA,0.0,0.0,0.0,3.75,5.55,0.0,0.0,0.0
2003-03-20,2003-03-27,OPTSTK,NATIONALUM,90.0,PA,13.7,13.7,13.65,13.65,13.65,10.0,23.84,2300.0
2003-03-20,2003-03-27,OPTSTK,NATIONALUM,95.0,PA,0.0,0.0,0.0,19.5,14.85,0.0,0.0,0.0
2003-03-20,2003-03-27,OPTSTK,NATIONALUM,100.0,PA,10.0,20.5,10.0,20.5,20.5,6.0,15.9,0.0
2003-03-20,2003-03-27,OPTSTK,NATIONALUM,105.0,PA,0.0,0.0,0.0,13.45,24.8,0.0,0.0,0.0
2003-03-20,2003-04-24,OPTSTK,NATIONALUM,70.0,CA,0.0,0.0,0.0,13.0,11.9,0.0,0.0,0.0
2003-03-20,2003-04-24,OPTSTK,NATIONALUM,75.0,CA,0.0,0.0,0.0,14.35,8.35,0.0,0.0,0.0
2003-03-20,2003-04-24,OPTSTK,NATIONALUM,80.0,CA,0.0,0.0,0.0,14.1,5.55,0.0,0.0,0.0
2003-03-20,2003-04-24,OPTSTK,NATIONALUM,85.0,CA,0.0,0.0,0.0,10.95,3.5,0.0,0.0,0.0
2003-03-20,2003-04-24,OPTSTK,NATIONALUM,90.0,CA,0.0,0.0,0.0,8.35,2.1,0.0,0.0,0.0
2003-03-20,2003-04-24,OPTSTK,NATIONALUM,95.0,CA,0.0,0.0,0.0,6.2,1.2,0.0,0.0,0.0
2003-03-20,2003-04-24,OPTSTK,NATIONALUM,100.0,CA,0.0,0.0,0.0,4.55,0.65,0.0,0.0,0.0
2003-03-20,2003-04-24,OPTSTK,NATIONALUM,105.0,CA,0.0,0.0,0.0,4.75,0.35,0.0,0.0,0.0
2003-03-20,2003-04-24,OPTSTK,NATIONALUM,70.0,PA,0.0,0.0,0.0,0.95,1.3,0.0,0.0,0.0
2003-03-20,2003-04-24,OPTSTK,NATIONALUM,75.0,PA,0.0,0.0,0.0,1.3,2.7,0.0,0.0,0.0
2003-03-20,2003-04-24,OPTSTK,NATIONALUM,80.0,PA,0.0,0.0,0.0,3.1,4.85,0.0,0.0,0.0
2003-03-20,2003-04-24,OPTSTK,NATIONALUM,85.0,PA,0.0,0.0,0.0,4.85,7.75,0.0,0.0,0.0
2003-03-20,2003-04-24,OPTSTK,NATIONALUM,90.0,PA,0.0,0.0,0.0,7.2,11.3,0.0,0.0,0.0
2003-03-20,2003-04-24,OPTSTK,NATIONALUM,95.0,PA,0.0,0.0,0.0,10.0,15.35,0.0,0.0,0.0
2003-03-20,2003-04-24,OPTSTK,NATIONALUM,100.0,PA,0.0,0.0,0.0,13.25,19.75,0.0,0.0,0.0
2003-03-20,2003-04-24,OPTSTK,NATIONALUM,105.0,PA,0.0,0.0,0.0,14.6,24.4,0.0,0.0,0.0
2003-03-20,2003-05-29,OPTSTK,NATIONALUM,70.0,CA,0.0,0.0,0.0,14.35,13.85,0.0,0.0,0.0
2003-03-20,2003-05-29,OPTSTK,NATIONALUM,75.0,CA,0.0,0.0,0.0,15.8,10.65,0.0,0.0,0.0
2003-03-20,2003-05-29,OPTSTK,NATIONALUM,80.0,CA,0.0,0.0,0.0,13.15,8.0,0.0,0.0,0.0
2003-03-20,2003-05-29,OPTSTK,NATIONALUM,85.0,CA,0.0,0.0,0.0,10.2,5.85,0.0,0.0,0.0
2003-03-20,2003-05-29,OPTSTK,NATIONALUM,90.0,CA,0.0,0.0,0.0,7.7,4.2,0.0,0.0,0.0
2003-03-20,2003-05-29,OPTSTK,NATIONALUM,95.0,CA,0.0,0.0,0.0,5.7,3.0,0.0,0.0,0.0
2003-03-20,2003-05-29,OPTSTK,NATIONALUM,100.0,CA,0.0,0.0,0.0,4.15,2.1,0.0,0.0,0.0
2003-03-20,2003-05-29,OPTSTK,NATIONALUM,70.0,PA,0.0,0.0,0.0,1.9,2.65,0.0,0.0,0.0
2003-03-20,2003-05-29,OPTSTK,NATIONALUM,75.0,PA,0.0,0.0,0.0,2.3,4.35,0.0,0.0,0.0
2003-03-20,2003-05-29,OPTSTK,NATIONALUM,80.0,PA,0.0,0.0,0.0,3.55,6.6,0.0,0.0,0.0
2003-03-20,2003-05-29,OPTSTK,NATIONALUM,85.0,PA,0.0,0.0,0.0,5.45,9.4,0.0,0.0,0.0
2003-03-20,2003-05-29,OPTSTK,NATIONALUM,90.0,PA,0.0,0.0,0.0,7.9,12.7,0.0,0.0,0.0
2003-03-20,2003-05-29,OPTSTK,NATIONALUM,95.0,PA,0.0,0.0,0.0,13.5,16.35,0.0,0.0,0.0
2003-03-20,2003-05-29,OPTSTK,NATIONALUM,100.0,PA,0.0,0.0,0.0,14.2,20.35,0.0,0.0,0.0
2003-03-20,2003-03-27,OPTSTK,NIIT,100.0,CA,4.7,10.8,4.7,9.5,9.5,28.0,45.78,30000.0
2003-03-20,2003-03-27,OPTSTK,NIIT,105.0,CA,3.8,8.0,3.8,6.0,6.0,14.0,23.25,10500.0
2003-03-20,2003-03-27,OPTSTK,NIIT,110.0,CA,2.25,5.0,1.6,4.8,4.8,40.0,68.26,46500.0
2003-03-20,2003-03-27,OPTSTK,NIIT,115.0,CA,1.1,2.8,1.0,2.3,2.3,29.0,50.86,67500.0
2003-03-20,2003-03-27,OPTSTK,NIIT,120.0,CA,0.6,1.4,0.6,1.4,1.4,19.0,34.5,150000.0
2003-03-20,2003-03-27,OPTSTK,NIIT,125.0,CA,0.4,0.4,0.4,0.4,0.4,2.0,3.76,94500.0
2003-03-20,2003-03-27,OPTSTK,NIIT,130.0,CA,0.4,0.45,0.4,0.45,0.45,5.0,9.78,163500.0
2003-03-20,2003-03-27,OPTSTK,NIIT,135.0,CA,0.25,0.35,0.25,0.3,0.3,3.0,6.08,69000.0
2003-03-20,2003-03-27,OPTSTK,NIIT,140.0,CA,0.2,0.2,0.2,0.2,0.2,1.0,2.1,108000.0
2003-03-20,2003-03-27,OPTSTK,NIIT,145.0,CA,0.0,0.0,0.0,0.7,0.0,0.0,0.0,15000.0
2003-03-20,2003-03-27,OPTSTK,NIIT,150.0,CA,0.0,0.0,0.0,0.7,0.0,0.0,0.0,12000.0
2003-03-20,2003-03-27,OPTSTK,NIIT,155.0,CA,0.0,0.0,0.0,11.1,0.0,0.0,0.0,0.0
2003-03-20,2003-03-27,OPTSTK,NIIT,100.0,PA,0.9,0.9,0.9,0.9,0.9,1.0,1.51,1500.0
2003-03-20,2003-03-27,OPTSTK,NIIT,105.0,PA,1.6,2.7,1.3,1.3,1.3,7.0,11.24,7500.0
2003-03-20,2003-03-27,OPTSTK,NIIT,110.0,PA,4.0,4.0,3.4,3.5,3.5,7.0,11.94,19500.0
2003-03-20,2003-03-27,OPTSTK,NIIT,115.0,PA,8.0,8.0,5.1,5.1,5.1,4.0,7.3,16500.0
2003-03-20,2003-03-27,OPTSTK,NIIT,120.0,PA,15.0,15.0,12.25,12.25,12.25,3.0,5.99,21000.0
2003-03-20,2003-03-27,OPTSTK,NIIT,125.0,PA,17.0,17.0,15.0,15.5,15.5,3.0,6.33,15000.0
2003-03-20,2003-03-27,OPTSTK,NIIT,130.0,PA,20.0,22.95,19.0,19.0,19.0,3.0,6.77,31500.0
2003-03-20,2003-03-27,OPTSTK,NIIT,135.0,PA,0.0,0.0,0.0,21.0,23.45,0.0,0.0,10500.0
2003-03-20,2003-03-27,OPTSTK,NIIT,140.0,PA,0.0,0.0,0.0,10.0,28.45,0.0,0.0,1500.0
2003-03-20,2003-03-27,OPTSTK,NIIT,145.0,PA,0.0,0.0,0.0,34.0,33.45,0.0,0.0,3000.0
2003-03-20,2003-03-27,OPTSTK,NIIT,150.0,PA,0.0,0.0,0.0,7.05,38.4,0.0,0.0,0.0
2003-03-20,2003-03-27,OPTSTK,NIIT,155.0,PA,0.0,0.0,0.0,43.1,43.4,0.0,0.0,0.0
2003-03-20,2003-04-24,OPTSTK,NIIT,100.0,CA,0.0,0.0,0.0,13.9,14.75,0.0,0.0,0.0
2003-03-20,2003-04-24,OPTSTK,NIIT,105.0,CA,0.0,0.0,0.0,15.7,11.4,0.0,0.0,0.0
2003-03-20,2003-04-24,OPTSTK,NIIT,110.0,CA,6.8,8.25,6.0,7.5,7.5,12.0,21.12,12000.0
2003-03-20,2003-04-24,OPTSTK,NIIT,115.0,CA,5.0,7.5,5.0,7.5,7.5,4.0,7.25,4500.0
2003-03-20,2003-04-24,OPTSTK,NIIT,120.0,CA,2.6,5.45,2.6,5.35,5.35,11.0,20.5,25500.0
2003-03-20,2003-04-24,OPTSTK,NIIT,125.0,CA,0.0,0.0,0.0,24.1,3.15,0.0,0.0,0.0
2003-03-20,2003-04-24,OPTSTK,NIIT,130.0,CA,2.5,2.5,2.0,2.0,2.0,2.0,3.96,4500.0
2003-03-20,2003-04-24,OPTSTK,NIIT,135.0,CA,0.0,0.0,0.0,1.3,1.45,0.0,0.0,1500.0
2003-03-20,2003-04-24,OPTSTK,NIIT,140.0,CA,1.0,1.0,1.0,1.0,1.0,2.0,4.23,9000.0
2003-03-20,2003-04-24,OPTSTK,NIIT,145.0,CA,0.0,0.0,0.0,17.45,0.6,0.0,0.0,0.0
2003-03-20,2003-04-24,OPTSTK,NIIT,150.0,CA,0.0,0.0,0.0,0.65,0.4,0.0,0.0,1500.0
2003-03-20,2003-04-24,OPTSTK,NIIT,155.0,CA,0.0,0.0,0.0,15.05,0.25,0.0,0.0,0.0
2003-03-20,2003-04-24,OPTSTK,NIIT,100.0,PA,0.0,0.0,0.0,1.8,2.6,0.0,0.0,0.0
2003-03-20,2003-04-24,OPTSTK,NIIT,105.0,PA,0.0,0.0,0.0,2.6,4.2,0.0,0.0,0.0
2003-03-20,2003-04-24,OPTSTK,NIIT,110.0,PA,8.95,8.95,7.0,7.0,7.0,2.0,3.53,3000.0
2003-03-20,2003-04-24,OPTSTK,NIIT,115.0,PA,0.0,0.0,0.0,6.9,9.0,0.0,0.0,1500.0
2003-03-20,2003-04-24,OPTSTK,NIIT,120.0,PA,0.0,0.0,0.0,8.35,12.15,0.0,0.0,0.0
2003-03-20,2003-04-24,OPTSTK,NIIT,125.0,PA,0.0,0.0,0.0,12.7,15.75,0.0,0.0,0.0
2003-03-20,2003-04-24,OPTSTK,NIIT,130.0,PA,0.0,0.0,0.0,13.85,19.7,0.0,0.0,0.0
2003-03-20,2003-04-24,OPTSTK,NIIT,135.0,PA,0.0,0.0,0.0,16.3,23.95,0.0,0.0,0.0
2003-03-20,2003-04-24,OPTSTK,NIIT,140.0,PA,0.0,0.0,0.0,19.0,28.45,0.0,0.0,0.0
2003-03-20,2003-04-24,OPTSTK,NIIT,145.0,PA,0.0,0.0,0.0,7.95,33.05,0.0,0.0,0.0
2003-03-20,2003-04-24,OPTSTK,NIIT,150.0,PA,0.0,0.0,0.0,24.95,37.8,0.0,0.0,0.0
2003-03-20,2003-04-24,OPTSTK,NIIT,155.0,PA,0.0,0.0,0.0,22.75,42.6,0.0,0.0,0.0
2003-03-20,2003-05-29,OPTSTK,NIIT,100.0,CA,0.0,0.0,0.0,16.15,17.75,0.0,0.0,0.0
2003-03-20,2003-05-29,OPTSTK,NIIT,105.0,CA,0.0,0.0,0.0,18.15,14.7,0.0,0.0,0.0
2003-03-20,2003-05-29,OPTSTK,NIIT,110.0,CA,0.0,0.0,0.0,18.0,12.05,0.0,0.0,0.0
2003-03-20,2003-05-29,OPTSTK,NIIT,115.0,CA,0.0,0.0,0.0,18.7,9.8,0.0,0.0,0.0
2003-03-20,2003-05-29,OPTSTK,NIIT,120.0,CA,0.0,0.0,0.0,19.3,7.85,0.0,0.0,0.0
2003-03-20,2003-05-29,OPTSTK,NIIT,125.0,CA,0.0,0.0,0.0,16.4,6.25,0.0,0.0,0.0
2003-03-20,2003-05-29,OPTSTK,NIIT,130.0,CA,0.0,0.0,0.0,13.8,4.95,0.0,0.0,0.0
2003-03-20,2003-05-29,OPTSTK,NIIT,135.0,CA,0.0,0.0,0.0,11.5,3.85,0.0,0.0,0.0
2003-03-20,2003-05-29,OPTSTK,NIIT,140.0,CA,0.0,0.0,0.0,9.55,3.0,0.0,0.0,0.0
2003-03-20,2003-05-29,OPTSTK,NIIT,145.0,CA,0.0,0.0,0.0,9.75,2.3,0.0,0.0,0.0
2003-03-20,2003-05-29,OPTSTK,NIIT,100.0,PA,0.0,0.0,0.0,3.45,4.75,0.0,0.0,0.0
2003-03-20,2003-05-29,OPTSTK,NIIT,105.0,PA,0.0,0.0,0.0,4.4,6.6,0.0,0.0,0.0
2003-03-20,2003-05-29,OPTSTK,NIIT,110.0,PA,0.0,0.0,0.0,4.55,8.9,0.0,0.0,0.0
2003-03-20,2003-05-29,OPTSTK,NIIT,115.0,PA,0.0,0.0,0.0,4.7,11.5,0.0,0.0,0.0
2003-03-20,2003-05-29,OPTSTK,NIIT,120.0,PA,0.0,0.0,0.0,6.25,14.5,0.0,0.0,0.0
2003-03-20,2003-05-29,OPTSTK,NIIT,125.0,PA,0.0,0.0,0.0,8.25,17.8,0.0,0.0,0.0
2003-03-20,2003-05-29,OPTSTK,NIIT,130.0,PA,0.0,0.0,0.0,10.55,21.4,0.0,0.0,0.0
2003-03-20,2003-05-29,OPTSTK,NIIT,135.0,PA,0.0,0.0,0.0,13.2,25.25,0.0,0.0,0.0
2003-03-20,2003-05-29,OPTSTK,NIIT,140.0,PA,0.0,0.0,0.0,16.15,29.35,0.0,0.0,0.0
2003-03-20,2003-05-29,OPTSTK,NIIT,145.0,PA,0.0,0.0,0.0,16.7,33.55,0.0,0.0,0.0
2003-03-20,2003-03-27,OPTSTK,ONGC,320.0,CA,0.0,0.0,0.0,50.0,35.65,0.0,0.0,0.0
2003-03-20,2003-03-27,OPTSTK,ONGC,340.0,CA,43.5,44.0,4.0,4.25,4.25,24.0,52.41,0.0
2003-03-20,2003-03-27,OPTSTK,ONGC,360.0,CA,0.0,0.0,0.0,10.5,4.6,0.0,0.0,3000.0
2003-03-20,2003-03-27,OPTSTK,ONGC,380.0,CA,1.2,1.45,1.2,1.45,1.45,2.0,4.57,22200.0
2003-03-20,2003-03-27,OPTSTK,ONGC,400.0,CA,0.0,0.0,0.0,2.5,0.05,0.0,0.0,21000.0
2003-03-20,2003-03-27,OPTSTK,ONGC,420.0,CA,0.0,0.0,0.0,3.7,0.0,0.0,0.0,0.0
2003-03-20,2003-03-27,OPTSTK,ONGC,320.0,PA,0.0,0.0,0.0,1.6,0.1,0.0,0.0,0.0
2003-03-20,2003-03-27,OPTSTK,ONGC,340.0,PA,0.0,0.0,0.0,3.1,1.4,0.0,0.0,0.0
2003-03-20,2003-03-27,OPTSTK,ONGC,360.0,PA,0.0,0.0,0.0,9.0,8.95,0.0,0.0,600.0
2003-03-20,2003-03-27,OPTSTK,ONGC,380.0,PA,0.0,0.0,0.0,14.1,24.9,0.0,0.0,2400.0
2003-03-20,2003-03-27,OPTSTK,ONGC,400.0,PA,0.0,0.0,0.0,45.0,44.35,0.0,0.0,0.0
2003-03-20,2003-03-27,OPTSTK,ONGC,420.0,PA,0.0,0.0,0.0,57.3,64.25,0.0,0.0,0.0
2003-03-20,2003-04-24,OPTSTK,ONGC,320.0,CA,0.0,0.0,0.0,52.0,40.15,0.0,0.0,0.0
2003-03-20,2003-04-24,OPTSTK,ONGC,340.0,CA,0.0,0.0,0.0,44.85,24.9,0.0,0.0,0.0
2003-03-20,2003-04-24,OPTSTK,ONGC,360.0,CA,0.0,0.0,0.0,30.7,13.65,0.0,0.0,0.0
2003-03-20,2003-04-24,OPTSTK,ONGC,380.0,CA,0.0,0.0,0.0,19.65,6.55,0.0,0.0,0.0
2003-03-20,2003-04-24,OPTSTK,ONGC,400.0,CA,0.0,0.0,0.0,11.8,2.8,0.0,0.0,0.0
2003-03-20,2003-04-24,OPTSTK,ONGC,420.0,CA,0.0,0.0,0.0,6.6,1.05,0.0,0.0,0.0
2003-03-20,2003-04-24,OPTSTK,ONGC,320.0,PA,0.0,0.0,0.0,3.05,2.4,0.0,0.0,0.0
2003-03-20,2003-04-24,OPTSTK,ONGC,340.0,PA,0.0,0.0,0.0,4.95,7.0,0.0,0.0,0.0
2003-03-20,2003-04-24,OPTSTK,ONGC,360.0,PA,0.0,0.0,0.0,10.5,15.6,0.0,0.0,0.0
2003-03-20,2003-04-24,OPTSTK,ONGC,380.0,PA,0.0,0.0,0.0,19.2,28.35,0.0,0.0,0.0
2003-03-20,2003-04-24,OPTSTK,ONGC,400.0,PA,0.0,0.0,0.0,31.05,44.4,0.0,0.0,0.0
2003-03-20,2003-04-24,OPTSTK,ONGC,420.0,PA,0.0,0.0,0.0,45.6,62.5,0.0,0.0,0.0
2003-03-20,2003-05-29,OPTSTK,ONGC,320.0,CA,0.0,0.0,0.0,54.35,45.9,0.0,0.0,0.0
2003-03-20,2003-05-29,OPTSTK,ONGC,340.0,CA,0.0,0.0,0.0,45.15,32.0,0.0,0.0,0.0
2003-03-20,2003-05-29,OPTSTK,ONGC,360.0,CA,0.0,0.0,0.0,31.3,21.05,0.0,0.0,0.0
2003-03-20,2003-05-29,OPTSTK,ONGC,380.0,CA,0.0,0.0,0.0,20.45,13.1,0.0,0.0,0.0
2003-03-20,2003-05-29,OPTSTK,ONGC,400.0,CA,0.0,0.0,0.0,12.6,7.7,0.0,0.0,0.0
2003-03-20,2003-05-29,OPTSTK,ONGC,420.0,CA,0.0,0.0,0.0,7.35,4.3,0.0,0.0,0.0
2003-03-20,2003-05-29,OPTSTK,ONGC,320.0,PA,0.0,0.0,0.0,2.95,5.55,0.0,0.0,0.0
2003-03-20,2003-05-29,OPTSTK,ONGC,340.0,PA,0.0,0.0,0.0,5.7,11.3,0.0,0.0,0.0
2003-03-20,2003-05-29,OPTSTK,ONGC,360.0,PA,0.0,0.0,0.0,11.6,20.05,0.0,0.0,0.0
2003-03-20,2003-05-29,OPTSTK,ONGC,380.0,PA,0.0,0.0,0.0,20.4,31.75,0.0,0.0,0.0
2003-03-20,2003-05-29,OPTSTK,ONGC,400.0,PA,0.0,0.0,0.0,32.25,46.0,0.0,0.0,0.0
2003-03-20,2003-05-29,OPTSTK,ONGC,420.0,PA,0.0,0.0,0.0,46.7,62.25,0.0,0.0,0.0
2003-03-20,2003-03-27,OPTSTK,POLARIS,110.0,CA,0.0,0.0,0.0,12.55,22.2,0.0,0.0,0.0
2003-03-20,2003-03-27,OPTSTK,POLARIS,115.0,CA,0.0,0.0,0.0,13.5,17.5,0.0,0.0,0.0
2003-03-20,2003-03-27,OPTSTK,POLARIS,120.0,CA,5.8,13.0,5.8,12.25,12.25,13.0,23.37,42000.0
2003-03-20,2003-03-27,OPTSTK,POLARIS,125.0,CA,3.5,9.9,3.5,8.55,8.55,27.0,49.47,46200.0
2003-03-20,2003-03-27,OPTSTK,POLARIS,130.0,CA,1.4,5.85,1.4,4.8,4.8,92.0,171.91,113400.0
2003-03-20,2003-03-27,OPTSTK,POLARIS,135.0,CA,0.95,3.1,0.95,2.9,2.9,11.0,21.17,47600.0
2003-03-20,2003-03-27,OPTSTK,POLARIS,140.0,CA,0.7,1.6,0.7,1.5,1.5,18.0,35.57,179200.0
2003-03-20,2003-03-27,OPTSTK,POLARIS,145.0,CA,0.8,0.85,0.8,0.85,0.85,2.0,4.08,46200.0
2003-03-20,2003-03-27,OPTSTK,POLARIS,150.0,CA,0.35,0.55,0.3,0.35,0.35,5.0,10.52,191800.0
2003-03-20,2003-03-27,OPTSTK,POLARIS,155.0,CA,0.0,0.0,0.0,1.1,0.35,0.0,0.0,9800.0
2003-03-20,2003-03-27,OPTSTK,POLARIS,160.0,CA,0.0,0.0,0.0,0.1,0.15,0.0,0.0,50400.0
2003-03-20,2003-03-27,OPTSTK,POLARIS,170.0,CA,0.0,0.0,0.0,0.55,0.05,0.0,0.0,7000.0
2003-03-20,2003-03-27,OPTSTK,POLARIS,180.0,CA,0.0,0.0,0.0,11.3,0.0,0.0,0.0,0.0
2003-03-20,2003-03-27,OPTSTK,POLARIS,110.0,PA,0.0,0.0,0.0,0.7,0.2,0.0,0.0,0.0
2003-03-20,2003-03-27,OPTSTK,POLARIS,115.0,PA,0.0,0.0,0.0,1.4,0.5,0.0,0.0,0.0
2003-03-20,2003-03-27,OPTSTK,POLARIS,120.0,PA,2.1,2.1,1.0,1.1,1.1,23.0,39.08,43400.0
2003-03-20,2003-03-27,OPTSTK,POLARIS,125.0,PA,2.55,3.0,1.55,1.9,1.9,19.0,33.9,28000.0
2003-03-20,2003-03-27,OPTSTK,POLARIS,130.0,PA,6.25,6.25,2.3,3.2,3.2,35.0,65.71,63000.0
2003-03-20,2003-03-27,OPTSTK,POLARIS,135.0,PA,5.1,5.1,4.5,4.9,4.9,4.0,7.83,18200.0
2003-03-20,2003-03-27,OPTSTK,POLARIS,140.0,PA,0.0,0.0,0.0,19.75,10.25,0.0,0.0,11200.0
2003-03-20,2003-03-27,OPTSTK,POLARIS,145.0,PA,0.0,0.0,0.0,15.0,14.2,0.0,0.0,1400.0
2003-03-20,2003-03-27,OPTSTK,POLARIS,150.0,PA,0.0,0.0,0.0,26.0,18.6,0.0,0.0,8400.0
2003-03-20,2003-03-27,OPTSTK,POLARIS,155.0,PA,0.0,0.0,0.0,24.5,23.25,0.0,0.0,0.0
2003-03-20,2003-03-27,OPTSTK,POLARIS,160.0,PA,0.0,0.0,0.0,23.3,28.05,0.0,0.0,0.0
2003-03-20,2003-03-27,OPTSTK,POLARIS,170.0,PA,0.0,0.0,0.0,29.65,37.9,0.0,0.0,0.0
2003-03-20,2003-03-27,OPTSTK,POLARIS,180.0,PA,0.0,0.0,0.0,31.5,47.85,0.0,0.0,0.0
2003-03-20,2003-04-24,OPTSTK,POLARIS,110.0,CA,0.0,0.0,0.0,15.8,25.7,0.0,0.0,0.0
2003-03-20,2003-04-24,OPTSTK,POLARIS,115.0,CA,0.0,0.0,0.0,16.85,22.05,0.0,0.0,0.0
2003-03-20,2003-04-24,OPTSTK,POLARIS,120.0,CA,0.0,0.0,0.0,14.5,18.7,0.0,0.0,0.0
2003-03-20,2003-04-24,OPTSTK,POLARIS,125.0,CA,0.0,0.0,0.0,15.65,15.75,0.0,0.0,0.0
2003-03-20,2003-04-24,OPTSTK,POLARIS,130.0,CA,6.9,9.85,6.4,9.2,9.2,10.0,19.37,14000.0
2003-03-20,2003-04-24,OPTSTK,POLARIS,135.0,CA,0.0,0.0,0.0,25.05,10.8,0.0,0.0,0.0
2003-03-20,2003-04-24,OPTSTK,POLARIS,140.0,CA,4.0,4.0,4.0,4.0,4.0,1.0,2.01,1400.0
2003-03-20,2003-04-24,OPTSTK,POLARIS,145.0,CA,0.0,0.0,0.0,20.05,7.2,0.0,0.0,0.0
2003-03-20,2003-04-24,OPTSTK,POLARIS,150.0,CA,0.0,0.0,0.0,26.45,5.8,0.0,0.0,0.0
2003-03-20,2003-04-24,OPTSTK,POLARIS,155.0,CA,0.0,0.0,0.0,15.9,4.65,0.0,0.0,0.0
2003-03-20,2003-04-24,OPTSTK,POLARIS,160.0,CA,0.0,0.0,0.0,22.3,3.7,0.0,0.0,0.0
2003-03-20,2003-04-24,OPTSTK,POLARIS,170.0,CA,0.0,0.0,0.0,18.75,2.3,0.0,0.0,0.0
2003-03-20,2003-04-24,OPTSTK,POLARIS,180.0,CA,0.0,0.0,0.0,15.95,1.4,0.0,0.0,0.0
2003-03-20,2003-04-24,OPTSTK,POLARIS,110.0,PA,0.0,0.0,0.0,3.45,2.95,0.0,0.0,0.0
2003-03-20,2003-04-24,OPTSTK,POLARIS,115.0,PA,0.0,0.0,0.0,4.15,4.25,0.0,0.0,0.0
2003-03-20,2003-04-24,OPTSTK,POLARIS,120.0,PA,0.0,0.0,0.0,5.65,5.85,0.0,0.0,0.0
2003-03-20,2003-04-24,OPTSTK,POLARIS,125.0,PA,0.0,0.0,0.0,5.7,7.85,0.0,0.0,0.0
2003-03-20,2003-04-24,OPTSTK,POLARIS,130.0,PA,0.0,0.0,0.0,12.15,10.15,0.0,0.0,0.0
2003-03-20,2003-04-24,OPTSTK,POLARIS,135.0,PA,0.0,0.0,0.0,12.15,12.85,0.0,0.0,0.0
2003-03-20,2003-04-24,OPTSTK,POLARIS,140.0,PA,0.0,0.0,0.0,16.5,15.85,0.0,0.0,0.0
2003-03-20,2003-04-24,OPTSTK,POLARIS,145.0,PA,0.0,0.0,0.0,17.0,19.1,0.0,0.0,0.0
2003-03-20,2003-04-24,OPTSTK,POLARIS,150.0,PA,0.0,0.0,0.0,21.6,22.7,0.0,0.0,0.0
2003-03-20,2003-04-24,OPTSTK,POLARIS,155.0,PA,0.0,0.0,0.0,22.75,26.5,0.0,0.0,0.0
2003-03-20,2003-04-24,OPTSTK,POLARIS,160.0,PA,0.0,0.0,0.0,27.3,30.5,0.0,0.0,0.0
2003-03-20,2003-04-24,OPTSTK,POLARIS,170.0,PA,0.0,0.0,0.0,53.0,39.0,0.0,0.0,0.0
2003-03-20,2003-04-24,OPTSTK,POLARIS,180.0,PA,0.0,0.0,0.0,35.3,48.05,0.0,0.0,0.0
2003-03-20,2003-05-29,OPTSTK,POLARIS,110.0,CA,0.0,0.0,0.0,18.95,29.7,0.0,0.0,0.0
2003-03-20,2003-05-29,OPTSTK,POLARIS,115.0,CA,0.0,0.0,0.0,20.05,26.5,0.0,0.0,0.0
2003-03-20,2003-05-29,OPTSTK,POLARIS,120.0,CA,0.0,0.0,0.0,17.85,23.55,0.0,0.0,0.0
2003-03-20,2003-05-29,OPTSTK,POLARIS,125.0,CA,0.0,0.0,0.0,18.95,20.8,0.0,0.0,0.0
2003-03-20,2003-05-29,OPTSTK,POLARIS,130.0,CA,0.0,0.0,0.0,21.4,18.35,0.0,0.0,0.0
2003-03-20,2003-05-29,OPTSTK,POLARIS,135.0,CA,0.0,0.0,0.0,18.75,16.15,0.0,0.0,0.0
2003-03-20,2003-05-29,OPTSTK,POLARIS,140.0,CA,0.0,0.0,0.0,16.35,14.15,0.0,0.0,0.0
2003-03-20,2003-05-29,OPTSTK,POLARIS,145.0,CA,0.0,0.0,0.0,14.2,12.35,0.0,0.0,0.0
2003-03-20,2003-05-29,OPTSTK,POLARIS,150.0,CA,0.0,0.0,0.0,12.3,10.75,0.0,0.0,0.0
2003-03-20,2003-05-29,OPTSTK,POLARIS,155.0,CA,0.0,0.0,0.0,14.3,9.35,0.0,0.0,0.0
2003-03-20,2003-05-29,OPTSTK,POLARIS,160.0,CA,0.0,0.0,0.0,12.45,8.1,0.0,0.0,0.0
2003-03-20,2003-05-29,OPTSTK,POLARIS,110.0,PA,0.0,0.0,0.0,5.95,6.05,0.0,0.0,0.0
2003-03-20,2003-05-29,OPTSTK,POLARIS,115.0,PA,0.0,0.0,0.0,6.7,7.75,0.0,0.0,0.0
2003-03-20,2003-05-29,OPTSTK,POLARIS,120.0,PA,0.0,0.0,0.0,8.3,9.7,0.0,0.0,0.0
2003-03-20,2003-05-29,OPTSTK,POLARIS,125.0,PA,0.0,0.0,0.0,8.3,11.9,0.0,0.0,0.0
2003-03-20,2003-05-29,OPTSTK,POLARIS,130.0,PA,0.0,0.0,0.0,9.95,14.35,0.0,0.0,0.0
2003-03-20,2003-05-29,OPTSTK,POLARIS,135.0,PA,0.0,0.0,0.0,12.2,17.05,0.0,0.0,0.0
2003-03-20,2003-05-29,OPTSTK,POLARIS,140.0,PA,0.0,0.0,0.0,14.75,19.95,0.0,0.0,0.0
2003-03-20,2003-05-29,OPTSTK,POLARIS,145.0,PA,0.0,0.0,0.0,17.5,23.1,0.0,0.0,0.0
2003-03-20,2003-05-29,OPTSTK,POLARIS,150.0,PA,0.0,0.0,0.0,20.55,26.4,0.0,0.0,0.0
2003-03-20,2003-05-29,OPTSTK,POLARIS,155.0,PA,0.0,0.0,0.0,19.4,29.9,0.0,0.0,0.0
2003-03-20,2003-05-29,OPTSTK,POLARIS,160.0,PA,0.0,0.0,0.0,22.5,33.6,0.0,0.0,0.0
2003-03-20,2003-03-27,OPTSTK,RANBAXY,510.0,CA,11.7,97.0,11.7,97.0,97.0,19.0,85.24,800.0
2003-03-20,2003-03-27,OPTSTK,RANBAXY,540.0,CA,0.0,0.0,0.0,40.05,77.25,0.0,0.0,0.0
2003-03-20,2003-03-27,OPTSTK,RANBAXY,570.0,CA,14.55,34.8,14.55,34.8,34.8,12.0,57.08,2400.0
2003-03-20,2003-03-27,OPTSTK,RANBAXY,600.0,CA,5.0,19.9,4.5,17.2,17.2,60.0,293.14,46400.0
2003-03-20,2003-03-27,OPTSTK,RANBAXY,630.0,CA,1.65,4.5,1.5,3.5,3.5,42.0,212.57,97600.0
2003-03-20,2003-03-27,OPTSTK,RANBAXY,660.0,CA,0.85,0.9,0.85,0.9,0.9,3.0,15.86,37600.0
2003-03-20,2003-03-27,OPTSTK,RANBAXY,690.0,CA,0.0,0.0,0.0,2.0,1.9,0.0,0.0,4800.0
2003-03-20,2003-03-27,OPTSTK,RANBAXY,720.0,CA,0.0,0.0,0.0,25.95,0.55,0.0,0.0,0.0
2003-03-20,2003-03-27,OPTSTK,RANBAXY,510.0,PA,0.0,0.0,0.0,0.3,0.15,0.0,0.0,0.0
2003-03-20,2003-03-27,OPTSTK,RANBAXY,540.0,PA,0.0,0.0,0.0,25.7,0.95,0.0,0.0,0.0
2003-03-20,2003-03-27,OPTSTK,RANBAXY,570.0,PA,1.5,1.5,1.5,1.5,1.5,1.0,4.57,3200.0
2003-03-20,2003-03-27,OPTSTK,RANBAXY,600.0,PA,7.35,7.35,0.6,2.8,2.8,32.0,154.64,48800.0
2003-03-20,2003-03-27,OPTSTK,RANBAXY,630.0,PA,16.1,16.1,15.0,15.45,15.45,3.0,15.49,20800.0
2003-03-20,2003-03-27,OPTSTK,RANBAXY,660.0,PA,0.0,0.0,0.0,87.3,49.05,0.0,0.0,0.0
2003-03-20,2003-03-27,OPTSTK,RANBAXY,690.0,PA,0.0,0.0,0.0,41.3,75.35,0.0,0.0,0.0
2003-03-20,2003-03-27,OPTSTK,RANBAXY,720.0,PA,0.0,0.0,0.0,75.0,103.95,0.0,0.0,0.0
2003-03-20,2003-04-24,OPTSTK,RANBAXY,510.0,CA,0.0,0.0,0.0,84.2,116.5,0.0,0.0,0.0
2003-03-20,2003-04-24,OPTSTK,RANBAXY,540.0,CA,0.0,0.0,0.0,81.2,92.7,0.0,0.0,0.0
2003-03-20,2003-04-24,OPTSTK,RANBAXY,570.0,CA,45.0,45.0,45.0,45.0,45.0,1.0,4.92,800.0
2003-03-20,2003-04-24,OPTSTK,RANBAXY,600.0,CA,14.0,24.0,14.0,22.9,22.9,6.0,29.72,4800.0
2003-03-20,2003-04-24,OPTSTK,RANBAXY,630.0,CA,8.0,11.0,8.0,11.0,11.0,7.0,35.75,8800.0
2003-03-20,2003-04-24,OPTSTK,RANBAXY,660.0,CA,0.0,0.0,0.0,54.7,28.3,0.0,0.0,0.0
2003-03-20,2003-04-24,OPTSTK,RANBAXY,690.0,CA,0.0,0.0,0.0,42.4,19.75,0.0,0.0,0.0
2003-03-20,2003-04-24,OPTSTK,RANBAXY,720.0,CA,0.0,0.0,0.0,32.45,13.45,0.0,0.0,0.0
2003-03-20,2003-04-24,OPTSTK,RANBAXY,510.0,PA,0.0,0.0,0.0,6.5,6.85,0.0,0.0,0.0
2003-03-20,2003-04-24,OPTSTK,RANBAXY,540.0,PA,0.0,0.0,0.0,10.15,12.8,0.0,0.0,0.0
2003-03-20,2003-04-24,OPTSTK,RANBAXY,570.0,PA,0.0,0.0,0.0,20.2,21.6,0.0,0.0,0.0
2003-03-20,2003-04-24,OPTSTK,RANBAXY,600.0,PA,10.0,10.1,10.0,10.05,10.05,3.0,14.64,4000.0
2003-03-20,2003-04-24,OPTSTK,RANBAXY,630.0,PA,0.0,0.0,0.0,40.6,48.95,0.0,0.0,0.0
2003-03-20,2003-04-24,OPTSTK,RANBAXY,660.0,PA,0.0,0.0,0.0,55.4,67.35,0.0,0.0,0.0
2003-03-20,2003-04-24,OPTSTK,RANBAXY,690.0,PA,0.0,0.0,0.0,72.75,88.55,0.0,0.0,0.0
2003-03-20,2003-04-24,OPTSTK,RANBAXY,720.0,PA,0.0,0.0,0.0,92.35,112.05,0.0,0.0,0.0
2003-03-20,2003-05-29,OPTSTK,RANBAXY,510.0,CA,0.0,0.0,0.0,95.2,130.4,0.0,0.0,0.0
2003-03-20,2003-05-29,OPTSTK,RANBAXY,540.0,CA,0.0,0.0,0.0,92.8,109.3,0.0,0.0,0.0
2003-03-20,2003-05-29,OPTSTK,RANBAXY,570.0,CA,0.0,0.0,0.0,84.5,90.5,0.0,0.0,0.0
2003-03-20,2003-05-29,OPTSTK,RANBAXY,600.0,CA,0.0,0.0,0.0,67.45,74.1,0.0,0.0,0.0
2003-03-20,2003-05-29,OPTSTK,RANBAXY,630.0,CA,0.0,0.0,0.0,53.0,60.0,0.0,0.0,0.0
2003-03-20,2003-05-29,OPTSTK,RANBAXY,660.0,CA,0.0,0.0,0.0,41.05,48.1,0.0,0.0,0.0
2003-03-20,2003-05-29,OPTSTK,RANBAXY,690.0,CA,0.0,0.0,0.0,31.4,38.2,0.0,0.0,0.0
2003-03-20,2003-05-29,OPTSTK,RANBAXY,510.0,PA,0.0,0.0,0.0,14.45,16.5,0.0,0.0,0.0
2003-03-20,2003-05-29,OPTSTK,RANBAXY,540.0,PA,0.0,0.0,0.0,18.55,24.9,0.0,0.0,0.0
2003-03-20,2003-05-29,OPTSTK,RANBAXY,570.0,PA,0.0,0.0,0.0,29.0,35.6,0.0,0.0,0.0
2003-03-20,2003-05-29,OPTSTK,RANBAXY,600.0,PA,0.0,0.0,0.0,41.45,48.7,0.0,0.0,0.0
2003-03-20,2003-05-29,OPTSTK,RANBAXY,630.0,PA,0.0,0.0,0.0,56.55,64.1,0.0,0.0,0.0
2003-03-20,2003-05-29,OPTSTK,RANBAXY,660.0,PA,0.0,0.0,0.0,74.1,81.75,0.0,0.0,0.0
2003-03-20,2003-05-29,OPTSTK,RANBAXY,690.0,PA,0.0,0.0,0.0,94.0,101.35,0.0,0.0,0.0
2003-03-20,2003-03-27,OPTSTK,RELIANCE,220.0,CA,38.0,71.0,38.0,71.0,71.0,20.0,32.94,0.0
2003-03-20,2003-03-27,OPTSTK,RELIANCE,240.0,CA,0.0,0.0,0.0,39.0,53.8,0.0,0.0,0.0
2003-03-20,2003-03-27,OPTSTK,RELIANCE,260.0,CA,25.95,34.2,25.0,33.0,33.0,126.0,219.42,85800.0
2003-03-20,2003-03-27,OPTSTK,RELIANCE,280.0,CA,8.3,15.3,5.7,13.95,13.95,709.0,1234.77,871200.0
2003-03-20,2003-03-27,OPTSTK,RELIANCE,300.0,CA,0.9,2.95,0.65,2.6,2.6,739.0,1338.79,1329000.0
2003-03-20,2003-03-27,OPTSTK,RELIANCE,320.0,CA,0.4,0.6,0.35,0.55,0.55,70.0,134.6,984600.0
2003-03-20,2003-03-27,OPTSTK,RELIANCE,340.0,CA,0.0,0.0,0.0,0.05,0.25,0.0,0.0,81000.0
2003-03-20,2003-03-27,OPTSTK,RELIANCE,220.0,PA,0.0,0.0,0.0,2.45,0.0,0.0,0.0,0.0
2003-03-20,2003-03-27,OPTSTK,RELIANCE,240.0,PA,0.0,0.0,0.0,0.5,0.05,0.0,0.0,27600.0
2003-03-20,2003-03-27,OPTSTK,RELIANCE,260.0,PA,0.65,0.7,0.3,0.35,0.35,83.0,129.69,468000.0
2003-03-20,2003-03-27,OPTSTK,RELIANCE,280.0,PA,3.0,3.8,0.9,1.2,1.2,476.0,805.38,751200.0
2003-03-20,2003-03-27,OPTSTK,RELIANCE,300.0,PA,16.0,17.95,8.25,10.05,10.05,134.0,250.75,249000.0
2003-03-20,2003-03-27,OPTSTK,RELIANCE,320.0,PA,35.05,35.05,32.0,32.0,32.0,4.0,8.5,4200.0
2003-03-20,2003-03-27,OPTSTK,RELIANCE,340.0,PA,0.0,0.0,0.0,56.5,46.35,0.0,0.0,0.0
2003-03-20,2003-04-24,OPTSTK,RELIANCE,220.0,CA,0.0,0.0,0.0,55.9,75.85,0.0,0.0,0.0
2003-03-20,2003-04-24,OPTSTK,RELIANCE,240.0,CA,0.0,0.0,0.0,41.1,57.6,0.0,0.0,0.0
2003-03-20,2003-04-24,OPTSTK,RELIANCE,260.0,CA,34.4,34.4,33.2,33.2,33.2,2.0,3.52,600.0
2003-03-20,2003-04-24,OPTSTK,RELIANCE,280.0,CA,13.5,18.0,13.35,17.7,17.7,74.0,131.21,92400.0
2003-03-20,2003-04-24,OPTSTK,RELIANCE,300.0,CA,4.25,7.0,4.25,6.6,6.6,116.0,212.81,105000.0
2003-03-20,2003-04-24,OPTSTK,RELIANCE,320.0,CA,1.9,2.1,1.9,2.05,2.05,31.0,59.88,27000.0
2003-03-20,2003-04-24,OPTSTK,RELIANCE,340.0,CA,0.0,0.0,0.0,7.8,6.0,0.0,0.0,0.0
2003-03-20,2003-04-24,OPTSTK,RELIANCE,220.0,PA,0.0,0.0,0.0,4.4,0.7,0.0,0.0,0.0
2003-03-20,2003-04-24,OPTSTK,RELIANCE,240.0,PA,0.0,0.0,0.0,0.75,2.25,0.0,0.0,16800.0
2003-03-20,2003-04-24,OPTSTK,RELIANCE,260.0,PA,2.2,2.2,1.5,1.7,1.7,7.0,10.99,19200.0
2003-03-20,2003-04-24,OPTSTK,RELIANCE,280.0,PA,7.35,7.35,4.0,4.3,4.3,54.0,92.46,59400.0
2003-03-20,2003-04-24,OPTSTK,RELIANCE,300.0,PA,18.0,18.0,12.15,13.85,13.85,20.0,37.72,12000.0
2003-03-20,2003-04-24,OPTSTK,RELIANCE,320.0,PA,0.0,0.0,0.0,50.3,34.6,0.0,0.0,0.0
2003-03-20,2003-04-24,OPTSTK,RELIANCE,340.0,PA,0.0,0.0,0.0,52.2,49.8,0.0,0.0,0.0
2003-03-20,2003-05-29,OPTSTK,RELIANCE,240.0,CA,0.0,0.0,0.0,57.65,63.4,0.0,0.0,0.0
2003-03-20,2003-05-29,OPTSTK,RELIANCE,260.0,CA,0.0,0.0,0.0,48.95,48.95,0.0,0.0,0.0
2003-03-20,2003-05-29,OPTSTK,RELIANCE,280.0,CA,0.0,0.0,0.0,36.3,36.8,0.0,0.0,0.0
2003-03-20,2003-05-29,OPTSTK,RELIANCE,300.0,CA,0.0,0.0,0.0,26.1,26.95,0.0,0.0,0.0
2003-03-20,2003-05-29,OPTSTK,RELIANCE,320.0,CA,0.0,0.0,0.0,18.25,19.25,0.0,0.0,0.0
2003-03-20,2003-05-29,OPTSTK,RELIANCE,340.0,CA,0.0,0.0,0.0,12.45,13.5,0.0,0.0,0.0
2003-03-20,2003-05-29,OPTSTK,RELIANCE,240.0,PA,0.0,0.0,0.0,5.3,6.05,0.0,0.0,0.0
2003-03-20,2003-05-29,OPTSTK,RELIANCE,260.0,PA,0.0,0.0,0.0,9.55,11.3,0.0,0.0,0.0
2003-03-20,2003-05-29,OPTSTK,RELIANCE,280.0,PA,0.0,0.0,0.0,16.55,18.75,0.0,0.0,0.0
2003-03-20,2003-05-29,OPTSTK,RELIANCE,300.0,PA,0.0,0.0,0.0,26.05,28.6,0.0,0.0,0.0
2003-03-20,2003-05-29,OPTSTK,RELIANCE,320.0,PA,0.0,0.0,0.0,37.9,40.6,0.0,0.0,0.0
2003-03-20,2003-05-29,OPTSTK,RELIANCE,340.0,PA,0.0,0.0,0.0,51.8,54.5,0.0,0.0,0.0
2003-03-20,2003-03-27,OPTSTK,SATYAMCOMP,170.0,CA,0.0,0.0,0.0,25.4,35.5,0.0,0.0,0.0
2003-03-20,2003-03-27,OPTSTK,SATYAMCOMP,180.0,CA,17.75,25.9,17.75,25.55,25.55,21.0,50.88,68400.0
2003-03-20,2003-03-27,OPTSTK,SATYAMCOMP,190.0,CA,10.1,17.45,9.55,16.5,16.5,516.0,1258.31,850800.0
2003-03-20,2003-03-27,OPTSTK,SATYAMCOMP,200.0,CA,4.25,9.6,3.9,8.6,8.6,2116.0,5244.59,1284000.0
2003-03-20,2003-03-27,OPTSTK,SATYAMCOMP,210.0,CA,1.95,3.8,1.25,3.35,3.35,1174.0,2995.32,1644000.0
2003-03-20,2003-03-27,OPTSTK,SATYAMCOMP,220.0,CA,0.6,1.4,0.5,1.25,1.25,320.0,848.66,1782000.0
2003-03-20,2003-03-27,OPTSTK,SATYAMCOMP,230.0,CA,0.3,0.5,0.3,0.45,0.45,64.0,176.98,1434000.0
2003-03-20,2003-03-27,OPTSTK,SATYAMCOMP,240.0,CA,0.15,0.35,0.15,0.35,0.35,18.0,51.9,853200.0
2003-03-20,2003-03-27,OPTSTK,SATYAMCOMP,250.0,CA,0.0,0.0,0.0,0.2,0.05,0.0,0.0,302400.0
2003-03-20,2003-03-27,OPTSTK,SATYAMCOMP,260.0,CA,0.2,0.2,0.2,0.2,0.2,1.0,3.12,184800.0
2003-03-20,2003-03-27,OPTSTK,SATYAMCOMP,280.0,CA,0.0,0.0,0.0,0.1,0.0,0.0,0.0,44400.0
2003-03-20,2003-03-27,OPTSTK,SATYAMCOMP,300.0,CA,0.0,0.0,0.0,0.1,0.0,0.0,0.0,8400.0
2003-03-20,2003-03-27,OPTSTK,SATYAMCOMP,320.0,CA,0.0,0.0,0.0,0.65,0.0,0.0,0.0,2400.0
2003-03-20,2003-03-27,OPTSTK,SATYAMCOMP,170.0,PA,0.5,0.65,0.3,0.4,0.4,24.0,49.08,108000.0
2003-03-20,2003-03-27,OPTSTK,SATYAMCOMP,180.0,PA,3.35,3.35,0.55,0.7,0.7,163.0,354.01,603600.0
2003-03-20,2003-03-27,OPTSTK,SATYAMCOMP,190.0,PA,5.0,6.0,1.1,1.3,1.3,1042.0,2406.64,1646400.0
2003-03-20,2003-03-27,OPTSTK,SATYAMCOMP,200.0,PA,7.65,8.5,2.95,3.3,3.3,1217.0,2991.93,1105200.0
2003-03-20,2003-03-27,OPTSTK,SATYAMCOMP,210.0,PA,14.0,15.5,7.25,7.9,7.9,210.0,554.64,499200.0
2003-03-20,2003-03-27,OPTSTK,SATYAMCOMP,220.0,PA,22.1,22.1,16.05,16.1,16.1,19.0,54.36,97200.0
2003-03-20,2003-03-27,OPTSTK,SATYAMCOMP,230.0,PA,30.0,30.0,30.0,30.0,30.0,2.0,6.24,13200.0
2003-03-20,2003-03-27,OPTSTK,SATYAMCOMP,240.0,PA,0.0,0.0,0.0,48.0,34.65,0.0,0.0,1200.0
2003-03-20,2003-03-27,OPTSTK,SATYAMCOMP,250.0,PA,0.0,0.0,0.0,51.0,44.5,0.0,0.0,1200.0
2003-03-20,2003-03-27,OPTSTK,SATYAMCOMP,260.0,PA,0.0,0.0,0.0,55.9,54.45,0.0,0.0,0.0
2003-03-20,2003-03-27,OPTSTK,SATYAMCOMP,280.0,PA,0.0,0.0,0.0,80.1,74.4,0.0,0.0,0.0
2003-03-20,2003-03-27,OPTSTK,SATYAMCOMP,300.0,PA,0.0,0.0,0.0,30.5,94.35,0.0,0.0,0.0
2003-03-20,2003-03-27,OPTSTK,SATYAMCOMP,320.0,PA,0.0,0.0,0.0,43.4,114.35,0.0,0.0,0.0
2003-03-20,2003-04-24,OPTSTK,SATYAMCOMP,170.0,CA,0.0,0.0,0.0,28.5,38.85,0.0,0.0,0.0
2003-03-20,2003-04-24,OPTSTK,SATYAMCOMP,180.0,CA,0.0,0.0,0.0,24.0,30.9,0.0,0.0,1200.0
2003-03-20,2003-04-24,OPTSTK,SATYAMCOMP,190.0,CA,16.2,22.95,15.5,20.7,20.7,32.0,80.04,63600.0
2003-03-20,2003-04-24,OPTSTK,SATYAMCOMP,200.0,CA,10.05,15.35,9.75,14.7,14.7,120.0,306.75,204000.0
2003-03-20,2003-04-24,OPTSTK,SATYAMCOMP,210.0,CA,6.4,10.5,6.4,10.15,10.15,102.0,267.59,199200.0
2003-03-20,2003-04-24,OPTSTK,SATYAMCOMP,220.0,CA,4.25,6.2,4.0,5.95,5.95,60.0,162.2,130800.0
2003-03-20,2003-04-24,OPTSTK,SATYAMCOMP,230.0,CA,2.55,3.8,2.55,3.75,3.75,45.0,125.88,106800.0
2003-03-20,2003-04-24,OPTSTK,SATYAMCOMP,240.0,CA,2.4,2.4,1.55,2.3,2.3,43.0,124.86,74400.0
2003-03-20,2003-04-24,OPTSTK,SATYAMCOMP,250.0,CA,1.55,1.55,1.15,1.25,1.25,14.0,42.22,13200.0
2003-03-20,2003-04-24,OPTSTK,SATYAMCOMP,170.0,PA,2.8,2.9,1.4,1.4,1.4,15.0,30.94,12000.0
2003-03-20,2003-04-24,OPTSTK,SATYAMCOMP,180.0,PA,4.9,4.9,2.35,2.35,2.35,18.0,39.6,31200.0
2003-03-20,2003-04-24,OPTSTK,SATYAMCOMP,190.0,PA,7.25,7.25,4.05,4.5,4.5,36.0,84.34,136800.0
2003-03-20,2003-04-24,OPTSTK,SATYAMCOMP,200.0,PA,11.25,11.25,7.65,7.95,7.95,49.0,123.13,72000.0
2003-03-20,2003-04-24,OPTSTK,SATYAMCOMP,210.0,PA,22.4,22.4,12.15,12.15,12.15,4.0,10.8,36000.0
2003-03-20,2003-04-24,OPTSTK,SATYAMCOMP,220.0,PA,22.0,23.35,20.05,20.05,20.05,4.0,11.59,36000.0
2003-03-20,2003-04-24,OPTSTK,SATYAMCOMP,230.0,PA,0.0,0.0,0.0,30.0,29.5,0.0,0.0,9600.0
2003-03-20,2003-04-24,OPTSTK,SATYAMCOMP,240.0,PA,0.0,0.0,0.0,23.5,37.35,0.0,0.0,0.0
2003-03-20,2003-04-24,OPTSTK,SATYAMCOMP,250.0,PA,0.0,0.0,0.0,33.35,45.75,0.0,0.0,0.0
2003-03-20,2003-05-29,OPTSTK,SATYAMCOMP,170.0,CA,0.0,0.0,0.0,32.1,43.5,0.0,0.0,0.0
2003-03-20,2003-05-29,OPTSTK,SATYAMCOMP,180.0,CA,0.0,0.0,0.0,30.4,36.45,0.0,0.0,0.0
2003-03-20,2003-05-29,OPTSTK,SATYAMCOMP,190.0,CA,0.0,0.0,0.0,32.95,30.2,0.0,0.0,0.0
2003-03-20,2003-05-29,OPTSTK,SATYAMCOMP,200.0,CA,0.0,0.0,0.0,30.3,24.7,0.0,0.0,0.0
2003-03-20,2003-05-29,OPTSTK,SATYAMCOMP,210.0,CA,0.0,0.0,0.0,24.5,20.0,0.0,0.0,0.0
2003-03-20,2003-05-29,OPTSTK,SATYAMCOMP,220.0,CA,0.0,0.0,0.0,19.55,16.05,0.0,0.0,0.0
2003-03-20,2003-05-29,OPTSTK,SATYAMCOMP,230.0,CA,0.0,0.0,0.0,15.05,12.75,0.0,0.0,2400.0
2003-03-20,2003-05-29,OPTSTK,SATYAMCOMP,240.0,CA,0.0,0.0,0.0,11.95,10.05,0.0,0.0,0.0
2003-03-20,2003-05-29,OPTSTK,SATYAMCOMP,250.0,CA,0.0,0.0,0.0,12.15,7.85,0.0,0.0,0.0
2003-03-20,2003-05-29,OPTSTK,SATYAMCOMP,170.0,PA,0.0,0.0,0.0,5.35,5.5,0.0,0.0,0.0
2003-03-20,2003-05-29,OPTSTK,SATYAMCOMP,180.0,PA,0.0,0.0,0.0,7.4,8.3,0.0,0.0,0.0
2003-03-20,2003-05-29,OPTSTK,SATYAMCOMP,190.0,PA,0.0,0.0,0.0,7.05,11.85,0.0,0.0,0.0
2003-03-20,2003-05-29,OPTSTK,SATYAMCOMP,200.0,PA,0.0,0.0,0.0,9.75,16.25,0.0,0.0,0.0
2003-03-20,2003-05-29,OPTSTK,SATYAMCOMP,210.0,PA,0.0,0.0,0.0,13.8,21.35,0.0,0.0,0.0
2003-03-20,2003-05-29,OPTSTK,SATYAMCOMP,220.0,PA,0.0,0.0,0.0,18.7,27.25,0.0,0.0,0.0
2003-03-20,2003-05-29,OPTSTK,SATYAMCOMP,230.0,PA,0.0,0.0,0.0,24.35,33.75,0.0,0.0,0.0
2003-03-20,2003-05-29,OPTSTK,SATYAMCOMP,240.0,PA,0.0,0.0,0.0,30.8,40.9,0.0,0.0,0.0
2003-03-20,2003-05-29,OPTSTK,SATYAMCOMP,250.0,PA,0.0,0.0,0.0,54.0,48.55,0.0,0.0,0.0
2003-03-20,2003-03-27,OPTSTK,SBIN,240.0,CA,67.5,67.5,25.6,25.6,25.6,2.0,5.73,0.0
2003-03-20,2003-03-27,OPTSTK,SBIN,260.0,CA,17.5,22.9,17.0,22.75,22.75,20.0,56.03,129000.0
2003-03-20,2003-03-27,OPTSTK,SBIN,280.0,CA,2.85,4.8,2.2,4.5,4.5,595.0,1688.23,1340000.0
2003-03-20,2003-03-27,OPTSTK,SBIN,300.0,CA,0.8,0.95,0.5,0.85,0.85,105.0,315.77,1649000.0
2003-03-20,2003-03-27,OPTSTK,SBIN,320.0,CA,0.25,0.35,0.25,0.3,0.3,22.0,70.46,1123000.0
2003-03-20,2003-03-27,OPTSTK,SBIN,340.0,CA,0.2,0.2,0.2,0.2,0.2,1.0,3.4,517000.0
2003-03-20,2003-03-27,OPTSTK,SBIN,360.0,CA,0.0,0.0,0.0,0.25,0.0,0.0,0.0,8000.0
2003-03-20,2003-03-27,OPTSTK,SBIN,240.0,PA,0.0,0.0,0.0,0.25,0.1,0.0,0.0,3000.0
2003-03-20,2003-03-27,OPTSTK,SBIN,260.0,PA,0.85,0.85,0.35,0.45,0.45,21.0,54.69,370000.0
2003-03-20,2003-03-27,OPTSTK,SBIN,280.0,PA,5.85,6.5,2.3,2.55,2.55,245.0,695.0,542000.0
2003-03-20,2003-03-27,OPTSTK,SBIN,300.0,PA,23.0,23.0,18.05,18.45,18.45,11.0,35.23,229000.0
2003-03-20,2003-03-27,OPTSTK,SBIN,320.0,PA,0.0,0.0,0.0,46.0,38.3,0.0,0.0,7000.0
2003-03-20,2003-03-27,OPTSTK,SBIN,340.0,PA,0.0,0.0,0.0,49.25,57.9,0.0,0.0,0.0
2003-03-20,2003-03-27,OPTSTK,SBIN,360.0,PA,0.0,0.0,0.0,45.0,77.8,0.0,0.0,0.0
2003-03-20,2003-04-24,OPTSTK,SBIN,240.0,CA,0.0,0.0,0.0,50.15,47.1,0.0,0.0,0.0
2003-03-20,2003-04-24,OPTSTK,SBIN,260.0,CA,0.0,0.0,0.0,36.55,32.15,0.0,0.0,0.0
2003-03-20,2003-04-24,OPTSTK,SBIN,280.0,CA,8.6,12.0,8.6,11.85,11.85,54.0,157.06,84000.0
2003-03-20,2003-04-24,OPTSTK,SBIN,300.0,CA,4.25,4.85,4.15,4.6,4.6,23.0,70.01,57000.0
2003-03-20,2003-04-24,OPTSTK,SBIN,320.0,CA,1.0,1.7,1.0,1.7,1.7,3.0,9.64,17000.0
2003-03-20,2003-04-24,OPTSTK,SBIN,340.0,CA,0.0,0.0,0.0,1.15,3.6,0.0,0.0,1000.0
2003-03-20,2003-04-24,OPTSTK,SBIN,360.0,CA,0.0,0.0,0.0,8.7,1.8,0.0,0.0,0.0
2003-03-20,2003-04-24,OPTSTK,SBIN,240.0,PA,0.0,0.0,0.0,6.7,3.45,0.0,0.0,0.0
2003-03-20,2003-04-24,OPTSTK,SBIN,260.0,PA,2.5,2.5,2.1,2.2,2.2,4.0,10.49,8000.0
2003-03-20,2003-04-24,OPTSTK,SBIN,280.0,PA,8.25,8.75,8.0,8.75,8.75,4.0,11.53,13000.0
2003-03-20,2003-04-24,OPTSTK,SBIN,300.0,PA,0.0,0.0,0.0,33.1,28.1,0.0,0.0,0.0
2003-03-20,2003-04-24,OPTSTK,SBIN,320.0,PA,0.0,0.0,0.0,46.85,42.55,0.0,0.0,0.0
2003-03-20,2003-04-24,OPTSTK,SBIN,340.0,PA,0.0,0.0,0.0,55.25,59.15,0.0,0.0,0.0
2003-03-20,2003-04-24,OPTSTK,SBIN,360.0,PA,0.0,0.0,0.0,52.7,77.2,0.0,0.0,0.0
2003-03-20,2003-05-29,OPTSTK,SBIN,240.0,CA,0.0,0.0,0.0,56.3,53.45,0.0,0.0,0.0
2003-03-20,2003-05-29,OPTSTK,SBIN,260.0,CA,0.0,0.0,0.0,54.15,40.1,0.0,0.0,0.0
2003-03-20,2003-05-29,OPTSTK,SBIN,280.0,CA,0.0,0.0,0.0,40.75,29.2,0.0,0.0,0.0
2003-03-20,2003-05-29,OPTSTK,SBIN,300.0,CA,0.0,0.0,0.0,29.8,20.7,0.0,0.0,0.0
2003-03-20,2003-05-29,OPTSTK,SBIN,320.0,CA,0.0,0.0,0.0,21.15,14.3,0.0,0.0,0.0
2003-03-20,2003-05-29,OPTSTK,SBIN,340.0,CA,0.0,0.0,0.0,14.65,9.7,0.0,0.0,0.0
2003-03-20,2003-05-29,OPTSTK,SBIN,240.0,PA,0.0,0.0,0.0,6.0,7.85,0.0,0.0,0.0
2003-03-20,2003-05-29,OPTSTK,SBIN,260.0,PA,0.0,0.0,0.0,8.1,14.15,0.0,0.0,0.0
2003-03-20,2003-05-29,OPTSTK,SBIN,280.0,PA,0.0,0.0,0.0,14.4,22.95,0.0,0.0,0.0
2003-03-20,2003-05-29,OPTSTK,SBIN,300.0,PA,0.0,0.0,0.0,23.15,34.1,0.0,0.0,0.0
2003-03-20,2003-05-29,OPTSTK,SBIN,320.0,PA,0.0,0.0,0.0,34.2,47.35,0.0,0.0,0.0
2003-03-20,2003-05-29,OPTSTK,SBIN,340.0,PA,0.0,0.0,0.0,47.4,62.4,0.0,0.0,0.0
2003-03-20,2003-03-27,OPTSTK,SCI,45.0,CA,5.15,11.0,5.15,11.0,11.0,2.0,3.39,0.0
2003-03-20,2003-03-27,OPTSTK,SCI,50.0,CA,5.8,6.0,5.8,6.0,6.0,2.0,3.57,12800.0
2003-03-20,2003-03-27,OPTSTK,SCI,55.0,CA,1.2,2.0,0.9,1.85,1.85,54.0,97.46,268800.0
2003-03-20,2003-03-27,OPTSTK,SCI,60.0,CA,0.3,0.45,0.3,0.4,0.4,7.0,13.51,640000.0
2003-03-20,2003-03-27,OPTSTK,SCI,65.0,CA,0.25,0.25,0.25,0.25,0.25,6.0,12.52,579200.0
2003-03-20,2003-03-27,OPTSTK,SCI,70.0,CA,0.0,0.0,0.0,0.2,0.0,0.0,0.0,281600.0
2003-03-20,2003-03-27,OPTSTK,SCI,75.0,CA,0.0,0.0,0.0,0.1,0.0,0.0,0.0,76800.0
2003-03-20,2003-03-27,OPTSTK,SCI,80.0,CA,0.1,0.1,0.1,0.1,0.1,1.0,2.56,12800.0
2003-03-20,2003-03-27,OPTSTK,SCI,45.0,PA,0.0,0.0,0.0,0.05,0.0,0.0,0.0,0.0
2003-03-20,2003-03-27,OPTSTK,SCI,50.0,PA,0.0,0.0,0.0,1.0,0.15,0.0,0.0,3200.0
2003-03-20,2003-03-27,OPTSTK,SCI,55.0,PA,1.5,1.5,0.8,0.8,0.8,13.0,23.31,96000.0
2003-03-20,2003-03-27,OPTSTK,SCI,60.0,PA,5.25,5.25,5.0,5.0,5.0,2.0,4.16,172800.0
2003-03-20,2003-03-27,OPTSTK,SCI,65.0,PA,10.0,10.05,10.0,10.05,10.05,4.0,9.6,195200.0
2003-03-20,2003-03-27,OPTSTK,SCI,70.0,PA,14.0,26.5,14.0,26.5,26.5,6.0,17.32,70400.0
2003-03-20,2003-03-27,OPTSTK,SCI,75.0,PA,0.0,0.0,0.0,11.85,18.7,0.0,0.0,0.0
2003-03-20,2003-03-27,OPTSTK,SCI,80.0,PA,0.0,0.0,0.0,12.1,23.7,0.0,0.0,0.0
2003-03-20,2003-04-24,OPTSTK,SCI,45.0,CA,0.0,0.0,0.0,11.25,11.95,0.0,0.0,0.0
2003-03-20,2003-04-24,OPTSTK,SCI,50.0,CA,0.0,0.0,0.0,4.05,7.85,0.0,0.0,0.0
2003-03-20,2003-04-24,OPTSTK,SCI,55.0,CA,3.1,3.75,3.1,3.75,3.75,2.0,3.73,16000.0
2003-03-20,2003-04-24,OPTSTK,SCI,60.0,CA,1.55,1.55,1.5,1.5,1.5,3.0,5.9,19200.0
2003-03-20,2003-04-24,OPTSTK,SCI,65.0,CA,0.0,0.0,0.0,6.45,1.25,0.0,0.0,0.0
2003-03-20,2003-04-24,OPTSTK,SCI,70.0,CA,0.0,0.0,0.0,4.45,0.6,0.0,0.0,0.0
2003-03-20,2003-04-24,OPTSTK,SCI,75.0,CA,0.0,0.0,0.0,3.0,0.25,0.0,0.0,0.0
2003-03-20,2003-04-24,OPTSTK,SCI,80.0,CA,0.0,0.0,0.0,4.9,0.1,0.0,0.0,0.0
2003-03-20,2003-04-24,OPTSTK,SCI,45.0,PA,0.0,0.0,0.0,0.35,0.35,0.0,0.0,0.0
2003-03-20,2003-04-24,OPTSTK,SCI,50.0,PA,0.0,0.0,0.0,1.25,1.25,0.0,0.0,0.0
2003-03-20,2003-04-24,OPTSTK,SCI,55.0,PA,2.35,2.35,2.35,2.35,2.35,1.0,1.83,6400.0
2003-03-20,2003-04-24,OPTSTK,SCI,60.0,PA,0.0,0.0,0.0,7.5,5.85,0.0,0.0,0.0
2003-03-20,2003-04-24,OPTSTK,SCI,65.0,PA,0.0,0.0,0.0,6.1,9.5,0.0,0.0,0.0
2003-03-20,2003-04-24,OPTSTK,SCI,70.0,PA,0.0,0.0,0.0,9.05,13.8,0.0,0.0,0.0
2003-03-20,2003-04-24,OPTSTK,SCI,75.0,PA,0.0,0.0,0.0,12.55,18.45,0.0,0.0,0.0
2003-03-20,2003-04-24,OPTSTK,SCI,80.0,PA,0.0,0.0,0.0,13.3,23.25,0.0,0.0,0.0
2003-03-20,2003-05-29,OPTSTK,SCI,45.0,CA,0.0,0.0,0.0,12.0,13.0,0.0,0.0,0.0
2003-03-20,2003-05-29,OPTSTK,SCI,50.0,CA,0.0,0.0,0.0,13.15,9.35,0.0,0.0,0.0
2003-03-20,2003-05-29,OPTSTK,SCI,55.0,CA,0.0,0.0,0.0,9.5,6.45,0.0,0.0,0.0
2003-03-20,2003-05-29,OPTSTK,SCI,60.0,CA,0.0,0.0,0.0,6.55,4.3,0.0,0.0,0.0
2003-03-20,2003-05-29,OPTSTK,SCI,65.0,CA,0.0,0.0,0.0,4.3,2.75,0.0,0.0,0.0
2003-03-20,2003-05-29,OPTSTK,SCI,70.0,CA,0.0,0.0,0.0,2.75,1.7,0.0,0.0,0.0
2003-03-20,2003-05-29,OPTSTK,SCI,45.0,PA,0.0,0.0,0.0,0.85,1.05,0.0,0.0,0.0
2003-03-20,2003-05-29,OPTSTK,SCI,50.0,PA,0.0,0.0,0.0,1.05,2.35,0.0,0.0,0.0
2003-03-20,2003-05-29,OPTSTK,SCI,55.0,PA,0.0,0.0,0.0,2.3,4.35,0.0,0.0,0.0
2003-03-20,2003-05-29,OPTSTK,SCI,60.0,PA,0.0,0.0,0.0,4.25,7.1,0.0,0.0,0.0
2003-03-20,2003-05-29,OPTSTK,SCI,65.0,PA,0.0,0.0,0.0,6.95,10.45,0.0,0.0,0.0
2003-03-20,2003-05-29,OPTSTK,SCI,70.0,PA,0.0,0.0,0.0,10.3,14.35,0.0,0.0,0.0
2003-03-20,2003-03-27,OPTSTK,STROPTICAL,32.5,CA,0.0,0.0,0.0,5.9,4.85,0.0,0.0,0.0
2003-03-20,2003-03-27,OPTSTK,STROPTICAL,35.0,CA,0.0,0.0,0.0,6.3,2.65,0.0,0.0,0.0
2003-03-20,2003-03-27,OPTSTK,STROPTICAL,37.5,CA,1.2,1.35,1.2,1.35,1.35,5.0,1.16,3000.0
2003-03-20,2003-03-27,OPTSTK,STROPTICAL,40.0,CA,0.4,0.6,0.35,0.5,0.5,23.0,5.58,47400.0
2003-03-20,2003-03-27,OPTSTK,STROPTICAL,42.5,CA,0.2,0.2,0.2,0.2,0.2,2.0,0.51,26400.0
2003-03-20,2003-03-27,OPTSTK,STROPTICAL,45.0,CA,0.0,0.0,0.0,0.1,0.05,0.0,0.0,157800.0
2003-03-20,2003-03-27,OPTSTK,STROPTICAL,47.5,CA,0.0,0.0,0.0,0.35,0.0,0.0,0.0,25800.0
2003-03-20,2003-03-27,OPTSTK,STROPTICAL,50.0,CA,0.05,0.05,0.05,0.05,0.05,1.0,0.3,202800.0
2003-03-20,2003-03-27,OPTSTK,STROPTICAL,52.5,CA,0.0,0.0,0.0,0.3,0.0,0.0,0.0,6000.0
2003-03-20,2003-03-27,OPTSTK,STROPTICAL,55.0,CA,0.0,0.0,0.0,0.1,0.0,0.0,0.0,66600.0
2003-03-20,2003-03-27,OPTSTK,STROPTICAL,60.0,CA,0.0,0.0,0.0,0.1,0.0,0.0,0.0,12000.0
2003-03-20,2003-03-27,OPTSTK,STROPTICAL,65.0,CA,0.0,0.0,0.0,0.4,0.0,0.0,0.0,4200.0
2003-03-20,2003-03-27,OPTSTK,STROPTICAL,70.0,CA,0.0,0.0,0.0,3.05,0.0,0.0,0.0,0.0
2003-03-20,2003-03-27,OPTSTK,STROPTICAL,75.0,CA,0.0,0.0,0.0,2.1,0.0,0.0,0.0,0.0
2003-03-20,2003-03-27,OPTSTK,STROPTICAL,32.5,PA,0.0,0.0,0.0,0.05,0.05,0.0,0.0,0.0
2003-03-20,2003-03-27,OPTSTK,STROPTICAL,35.0,PA,0.8,0.8,0.6,0.6,0.6,3.0,0.64,6000.0
2003-03-20,2003-03-27,OPTSTK,STROPTICAL,37.5,PA,0.0,0.0,0.0,0.25,1.25,0.0,0.0,0.0
2003-03-20,2003-03-27,OPTSTK,STROPTICAL,40.0,PA,4.25,4.25,3.0,3.0,3.0,5.0,1.3,22800.0
2003-03-20,2003-03-27,OPTSTK,STROPTICAL,42.5,PA,0.0,0.0,0.0,5.0,5.25,0.0,0.0,8400.0
2003-03-20,2003-03-27,OPTSTK,STROPTICAL,45.0,PA,0.0,0.0,0.0,6.5,7.7,0.0,0.0,16200.0
2003-03-20,2003-03-27,OPTSTK,STROPTICAL,47.5,PA,0.0,0.0,0.0,4.0,10.2,0.0,0.0,600.0
2003-03-20,2003-03-27,OPTSTK,STROPTICAL,50.0,PA,12.2,12.2,12.2,12.2,12.2,1.0,0.37,9600.0
2003-03-20,2003-03-27,OPTSTK,STROPTICAL,52.5,PA,0.0,0.0,0.0,7.65,15.2,0.0,0.0,0.0
2003-03-20,2003-03-27,OPTSTK,STROPTICAL,55.0,PA,0.0,0.0,0.0,16.75,17.7,0.0,0.0,0.0
2003-03-20,2003-03-27,OPTSTK,STROPTICAL,60.0,PA,7.25,23.65,7.25,23.65,23.65,16.0,7.24,0.0
2003-03-20,2003-03-27,OPTSTK,STROPTICAL,65.0,PA,0.0,0.0,0.0,26.85,27.65,0.0,0.0,0.0
2003-03-20,2003-03-27,OPTSTK,STROPTICAL,70.0,PA,0.0,0.0,0.0,22.0,32.65,0.0,0.0,0.0
2003-03-20,2003-03-27,OPTSTK,STROPTICAL,75.0,PA,0.0,0.0,0.0,12.95,37.65,0.0,0.0,0.0
2003-03-20,2003-04-24,OPTSTK,STROPTICAL,32.5,CA,0.0,0.0,0.0,6.4,5.7,0.0,0.0,0.0
2003-03-20,2003-04-24,OPTSTK,STROPTICAL,35.0,CA,0.0,0.0,0.0,6.9,3.95,0.0,0.0,0.0
2003-03-20,2003-04-24,OPTSTK,STROPTICAL,37.5,CA,2.55,2.55,2.55,2.55,2.55,1.0,0.24,600.0
2003-03-20,2003-04-24,OPTSTK,STROPTICAL,40.0,CA,2.6,2.6,2.0,2.35,2.35,6.0,1.52,10800.0
2003-03-20,2003-04-24,OPTSTK,STROPTICAL,42.5,CA,0.0,0.0,0.0,2.55,0.95,0.0,0.0,600.0
2003-03-20,2003-04-24,OPTSTK,STROPTICAL,45.0,CA,0.7,0.75,0.65,0.65,0.65,5.0,1.37,11400.0
2003-03-20,2003-04-24,OPTSTK,STROPTICAL,47.5,CA,0.0,0.0,0.0,6.7,0.3,0.0,0.0,0.0
2003-03-20,2003-04-24,OPTSTK,STROPTICAL,50.0,CA,0.0,0.0,0.0,0.25,0.15,0.0,0.0,1800.0
2003-03-20,2003-04-24,OPTSTK,STROPTICAL,52.5,CA,0.0,0.0,0.0,4.65,0.1,0.0,0.0,0.0
2003-03-20,2003-04-24,OPTSTK,STROPTICAL,55.0,CA,0.0,0.0,0.0,4.45,0.05,0.0,0.0,0.0
2003-03-20,2003-04-24,OPTSTK,STROPTICAL,32.5,PA,0.0,0.0,0.0,0.4,0.7,0.0,0.0,0.0
2003-03-20,2003-04-24,OPTSTK,STROPTICAL,35.0,PA,0.0,0.0,0.0,0.55,1.4,0.0,0.0,0.0
2003-03-20,2003-04-24,OPTSTK,STROPTICAL,37.5,PA,0.0,0.0,0.0,0.8,2.55,0.0,0.0,0.0
2003-03-20,2003-04-24,OPTSTK,STROPTICAL,40.0,PA,0.0,0.0,0.0,2.8,4.05,0.0,0.0,1200.0
2003-03-20,2003-04-24,OPTSTK,STROPTICAL,42.5,PA,0.0,0.0,0.0,3.15,5.85,0.0,0.0,0.0
2003-03-20,2003-04-24,OPTSTK,STROPTICAL,45.0,PA,0.0,0.0,0.0,7.0,7.95,0.0,0.0,0.0
2003-03-20,2003-04-24,OPTSTK,STROPTICAL,47.5,PA,0.0,0.0,0.0,5.4,10.15,0.0,0.0,0.0
2003-03-20,2003-04-24,OPTSTK,STROPTICAL,50.0,PA,0.0,0.0,0.0,6.8,12.5,0.0,0.0,0.0
2003-03-20,2003-04-24,OPTSTK,STROPTICAL,52.5,PA,0.0,0.0,0.0,8.3,14.9,0.0,0.0,0.0
2003-03-20,2003-04-24,OPTSTK,STROPTICAL,55.0,PA,0.0,0.0,0.0,8.7,17.35,0.0,0.0,0.0
2003-03-20,2003-05-29,OPTSTK,STROPTICAL,32.5,CA,0.0,0.0,0.0,7.1,6.65,0.0,0.0,0.0
2003-03-20,2003-05-29,OPTSTK,STROPTICAL,35.0,CA,0.0,0.0,0.0,7.65,5.1,0.0,0.0,0.0
2003-03-20,2003-05-29,OPTSTK,STROPTICAL,37.5,CA,0.0,0.0,0.0,7.35,3.8,0.0,0.0,0.0
2003-03-20,2003-05-29,OPTSTK,STROPTICAL,40.0,CA,0.0,0.0,0.0,7.65,2.8,0.0,0.0,0.0
2003-03-20,2003-05-29,OPTSTK,STROPTICAL,42.5,CA,0.0,0.0,0.0,7.35,2.0,0.0,0.0,0.0
2003-03-20,2003-05-29,OPTSTK,STROPTICAL,45.0,CA,0.0,0.0,0.0,5.85,1.4,0.0,0.0,0.0
2003-03-20,2003-05-29,OPTSTK,STROPTICAL,47.5,CA,0.0,0.0,0.0,4.6,1.0,0.0,0.0,0.0
2003-03-20,2003-05-29,OPTSTK,STROPTICAL,50.0,CA,0.0,0.0,0.0,3.55,0.7,0.0,0.0,0.0
2003-03-20,2003-05-29,OPTSTK,STROPTICAL,52.5,CA,0.0,0.0,0.0,2.7,0.45,0.0,0.0,0.0
2003-03-20,2003-05-29,OPTSTK,STROPTICAL,32.5,PA,0.0,0.0,0.0,0.9,1.35,0.0,0.0,0.0
2003-03-20,2003-05-29,OPTSTK,STROPTICAL,35.0,PA,0.0,0.0,0.0,1.1,2.25,0.0,0.0,0.0
2003-03-20,2003-05-29,OPTSTK,STROPTICAL,37.5,PA,0.0,0.0,0.0,1.4,3.45,0.0,0.0,0.0
2003-03-20,2003-05-29,OPTSTK,STROPTICAL,40.0,PA,0.0,0.0,0.0,1.6,4.85,0.0,0.0,0.0
2003-03-20,2003-05-29,OPTSTK,STROPTICAL,42.5,PA,0.0,0.0,0.0,2.05,6.55,0.0,0.0,0.0
2003-03-20,2003-05-29,OPTSTK,STROPTICAL,45.0,PA,0.0,0.0,0.0,3.0,8.4,0.0,0.0,0.0
2003-03-20,2003-05-29,OPTSTK,STROPTICAL,47.5,PA,0.0,0.0,0.0,4.2,10.45,0.0,0.0,0.0
2003-03-20,2003-05-29,OPTSTK,STROPTICAL,50.0,PA,0.0,0.0,0.0,5.65,12.6,0.0,0.0,0.0
2003-03-20,2003-05-29,OPTSTK,STROPTICAL,52.5,PA,0.0,0.0,0.0,7.25,14.85,0.0,0.0,0.0
2003-03-20,2003-03-27,OPTSTK,TATAPOWER,95.0,CA,0.0,0.0,0.0,25.0,20.2,0.0,0.0,1600.0
2003-03-20,2003-03-27,OPTSTK,TATAPOWER,100.0,CA,0.0,0.0,0.0,15.95,15.25,0.0,0.0,0.0
2003-03-20,2003-03-27,OPTSTK,TATAPOWER,105.0,CA,0.0,0.0,0.0,13.4,10.6,0.0,0.0,0.0
2003-03-20,2003-03-27,OPTSTK,TATAPOWER,110.0,CA,6.0,6.0,6.0,6.0,6.0,1.0,1.85,41600.0
2003-03-20,2003-03-27,OPTSTK,TATAPOWER,115.0,CA,1.8,2.15,1.75,2.1,2.1,8.0,14.96,132800.0
2003-03-20,2003-03-27,OPTSTK,TATAPOWER,120.0,CA,0.45,0.8,0.45,0.75,0.75,12.0,23.15,339200.0
2003-03-20,2003-03-27,OPTSTK,TATAPOWER,125.0,CA,0.15,0.2,0.15,0.2,0.2,2.0,4.0,292800.0
2003-03-20,2003-03-27,OPTSTK,TATAPOWER,130.0,CA,0.2,0.2,0.15,0.15,0.15,2.0,4.16,235200.0
2003-03-20,2003-03-27,OPTSTK,TATAPOWER,135.0,CA,0.0,0.0,0.0,2.0,0.05,0.0,0.0,1600.0
2003-03-20,2003-03-27,OPTSTK,TATAPOWER,95.0,PA,0.0,0.0,0.0,3.4,0.05,0.0,0.0,0.0
2003-03-20,2003-03-27,OPTSTK,TATAPOWER,100.0,PA,0.0,0.0,0.0,4.45,0.1,0.0,0.0,0.0
2003-03-20,2003-03-27,OPTSTK,TATAPOWER,105.0,PA,0.0,0.0,0.0,0.5,0.4,0.0,0.0,3200.0
2003-03-20,2003-03-27,OPTSTK,TATAPOWER,110.0,PA,0.7,0.7,0.7,0.7,0.7,1.0,1.77,59200.0
2003-03-20,2003-03-27,OPTSTK,TATAPOWER,115.0,PA,1.65,1.65,1.6,1.6,1.6,2.0,3.73,78400.0
2003-03-20,2003-03-27,OPTSTK,TATAPOWER,120.0,PA,6.1,6.1,5.0,5.0,5.0,2.0,4.01,62400.0
2003-03-20,2003-03-27,OPTSTK,TATAPOWER,125.0,PA,0.0,0.0,0.0,5.5,10.4,0.0,0.0,0.0
2003-03-20,2003-03-27,OPTSTK,TATAPOWER,130.0,PA,0.0,0.0,0.0,18.0,15.0,0.0,0.0,0.0
2003-03-20,2003-03-27,OPTSTK,TATAPOWER,135.0,PA,0.0,0.0,0.0,6.25,19.85,0.0,0.0,0.0
2003-03-20,2003-04-24,OPTSTK,TATAPOWER,100.0,CA,0.0,0.0,0.0,16.45,17.55,0.0,0.0,0.0
2003-03-20,2003-04-24,OPTSTK,TATAPOWER,105.0,CA,0.0,0.0,0.0,13.35,13.85,0.0,0.0,0.0
2003-03-20,2003-04-24,OPTSTK,TATAPOWER,110.0,CA,0.0,0.0,0.0,10.65,10.6,0.0,0.0,0.0
2003-03-20,2003-04-24,OPTSTK,TATAPOWER,115.0,CA,4.25,4.25,4.25,4.25,4.25,1.0,1.9,4800.0
2003-03-20,2003-04-24,OPTSTK,TATAPOWER,120.0,CA,3.0,3.0,2.05,2.5,2.5,3.0,5.88,22400.0
2003-03-20,2003-04-24,OPTSTK,TATAPOWER,125.0,CA,0.0,0.0,0.0,6.7,4.1,0.0,0.0,0.0
2003-03-20,2003-04-24,OPTSTK,TATAPOWER,130.0,CA,0.0,0.0,0.0,5.65,2.85,0.0,0.0,0.0
2003-03-20,2003-04-24,OPTSTK,TATAPOWER,135.0,CA,0.0,0.0,0.0,4.95,1.9,0.0,0.0,0.0
2003-03-20,2003-04-24,OPTSTK,TATAPOWER,100.0,PA,0.0,0.0,0.0,4.05,1.75,0.0,0.0,0.0
2003-03-20,2003-04-24,OPTSTK,TATAPOWER,105.0,PA,0.0,0.0,0.0,5.85,2.95,0.0,0.0,0.0
2003-03-20,2003-04-24,OPTSTK,TATAPOWER,110.0,PA,0.0,0.0,0.0,8.1,4.7,0.0,0.0,0.0
2003-03-20,2003-04-24,OPTSTK,TATAPOWER,115.0,PA,0.0,0.0,0.0,10.75,6.95,0.0,0.0,0.0
2003-03-20,2003-04-24,OPTSTK,TATAPOWER,120.0,PA,0.0,0.0,0.0,13.85,9.75,0.0,0.0,0.0
2003-03-20,2003-04-24,OPTSTK,TATAPOWER,125.0,PA,0.0,0.0,0.0,14.95,13.05,0.0,0.0,0.0
2003-03-20,2003-04-24,OPTSTK,TATAPOWER,130.0,PA,0.0,0.0,0.0,16.35,16.75,0.0,0.0,0.0
2003-03-20,2003-04-24,OPTSTK,TATAPOWER,135.0,PA,0.0,0.0,0.0,15.8,20.8,0.0,0.0,0.0
2003-03-20,2003-05-29,OPTSTK,TATAPOWER,105.0,CA,0.0,0.0,0.0,16.2,16.95,0.0,0.0,0.0
2003-03-20,2003-05-29,OPTSTK,TATAPOWER,110.0,CA,0.0,0.0,0.0,18.7,14.0,0.0,0.0,0.0
2003-03-20,2003-05-29,OPTSTK,TATAPOWER,115.0,CA,0.0,0.0,0.0,15.6,11.45,0.0,0.0,0.0
2003-03-20,2003-05-29,OPTSTK,TATAPOWER,120.0,CA,0.0,0.0,0.0,12.9,9.25,0.0,0.0,0.0
2003-03-20,2003-05-29,OPTSTK,TATAPOWER,125.0,CA,0.0,0.0,0.0,10.55,7.4,0.0,0.0,0.0
2003-03-20,2003-05-29,OPTSTK,TATAPOWER,130.0,CA,0.0,0.0,0.0,8.5,5.85,0.0,0.0,0.0
2003-03-20,2003-05-29,OPTSTK,TATAPOWER,105.0,PA,0.0,0.0,0.0,4.65,5.2,0.0,0.0,0.0
2003-03-20,2003-05-29,OPTSTK,TATAPOWER,110.0,PA,0.0,0.0,0.0,4.8,7.2,0.0,0.0,0.0
2003-03-20,2003-05-29,OPTSTK,TATAPOWER,115.0,PA,0.0,0.0,0.0,6.6,9.55,0.0,0.0,0.0
2003-03-20,2003-05-29,OPTSTK,TATAPOWER,120.0,PA,0.0,0.0,0.0,8.8,12.25,0.0,0.0,0.0
2003-03-20,2003-05-29,OPTSTK,TATAPOWER,125.0,PA,0.0,0.0,0.0,11.4,15.3,0.0,0.0,0.0
2003-03-20,2003-05-29,OPTSTK,TATAPOWER,130.0,PA,0.0,0.0,0.0,14.3,18.7,0.0,0.0,0.0
2003-03-20,2003-03-27,OPTSTK,TATATEA,140.0,CA,0.0,0.0,0.0,36.0,37.85,0.0,0.0,0.0
2003-03-20,2003-03-27,OPTSTK,TATATEA,150.0,CA,15.0,29.0,15.0,29.0,29.0,4.0,7.56,0.0
2003-03-20,2003-03-27,OPTSTK,TATATEA,160.0,CA,12.0,12.0,12.0,12.0,12.0,1.0,1.89,1100.0
2003-03-20,2003-03-27,OPTSTK,TATATEA,170.0,CA,7.9,8.9,7.7,8.5,8.5,5.0,9.8,33000.0
2003-03-20,2003-03-27,OPTSTK,TATATEA,180.0,CA,1.95,2.45,1.95,2.25,2.25,10.0,20.03,93500.0
2003-03-20,2003-03-27,OPTSTK,TATATEA,190.0,CA,0.0,0.0,0.0,0.9,1.35,0.0,0.0,44000.0
2003-03-20,2003-03-27,OPTSTK,TATATEA,200.0,CA,0.0,0.0,0.0,2.55,0.35,0.0,0.0,0.0
2003-03-20,2003-03-27,OPTSTK,TATATEA,140.0,PA,0.0,0.0,0.0,2.75,0.0,0.0,0.0,0.0
2003-03-20,2003-03-27,OPTSTK,TATATEA,150.0,PA,0.0,0.0,0.0,5.65,0.05,0.0,0.0,0.0
2003-03-20,2003-03-27,OPTSTK,TATATEA,160.0,PA,0.0,0.0,0.0,1.1,0.4,0.0,0.0,1100.0
2003-03-20,2003-03-27,OPTSTK,TATATEA,170.0,PA,1.05,1.05,1.05,1.05,1.05,1.0,1.88,31900.0
2003-03-20,2003-03-27,OPTSTK,TATATEA,180.0,PA,0.0,0.0,0.0,6.25,6.3,0.0,0.0,6600.0
2003-03-20,2003-03-27,OPTSTK,TATATEA,190.0,PA,0.0,0.0,0.0,18.2,13.45,0.0,0.0,0.0
2003-03-20,2003-03-27,OPTSTK,TATATEA,200.0,PA,0.0,0.0,0.0,18.75,22.4,0.0,0.0,0.0
2003-03-20,2003-04-24,OPTSTK,TATATEA,140.0,CA,0.0,0.0,0.0,25.0,39.5,0.0,0.0,0.0
2003-03-20,2003-04-24,OPTSTK,TATATEA,150.0,CA,0.0,0.0,0.0,18.65,30.7,0.0,0.0,0.0
2003-03-20,2003-04-24,OPTSTK,TATATEA,160.0,CA,0.0,0.0,0.0,13.55,22.9,0.0,0.0,0.0
2003-03-20,2003-04-24,OPTSTK,TATATEA,170.0,CA,0.0,0.0,0.0,9.6,16.3,0.0,0.0,0.0
2003-03-20,2003-04-24,OPTSTK,TATATEA,180.0,CA,0.0,0.0,0.0,6.6,11.1,0.0,0.0,0.0
2003-03-20,2003-04-24,OPTSTK,TATATEA,190.0,CA,0.0,0.0,0.0,5.1,7.25,0.0,0.0,0.0
2003-03-20,2003-04-24,OPTSTK,TATATEA,200.0,CA,0.0,0.0,0.0,5.3,4.55,0.0,0.0,0.0
2003-03-20,2003-04-24,OPTSTK,TATATEA,140.0,PA,0.0,0.0,0.0,5.1,0.75,0.0,0.0,0.0
2003-03-20,2003-04-24,OPTSTK,TATATEA,150.0,PA,0.0,0.0,0.0,8.65,1.85,0.0,0.0,0.0
2003-03-20,2003-04-24,OPTSTK,TATATEA,160.0,PA,0.0,0.0,0.0,13.4,3.95,0.0,0.0,0.0
2003-03-20,2003-04-24,OPTSTK,TATATEA,170.0,PA,0.0,0.0,0.0,19.3,7.3,0.0,0.0,0.0
2003-03-20,2003-04-24,OPTSTK,TATATEA,180.0,PA,0.0,0.0,0.0,26.15,12.0,0.0,0.0,0.0
2003-03-20,2003-04-24,OPTSTK,TATATEA,190.0,PA,0.0,0.0,0.0,27.4,18.05,0.0,0.0,0.0
2003-03-20,2003-04-24,OPTSTK,TATATEA,200.0,PA,0.0,0.0,0.0,28.05,25.25,0.0,0.0,0.0
2003-03-20,2003-05-29,OPTSTK,TATATEA,150.0,CA,0.0,0.0,0.0,30.2,34.5,0.0,0.0,0.0
2003-03-20,2003-05-29,OPTSTK,TATATEA,160.0,CA,0.0,0.0,0.0,28.15,27.55,0.0,0.0,0.0
2003-03-20,2003-05-29,OPTSTK,TATATEA,170.0,CA,0.0,0.0,0.0,21.9,21.55,0.0,0.0,0.0
2003-03-20,2003-05-29,OPTSTK,TATATEA,180.0,CA,0.0,0.0,0.0,16.75,16.55,0.0,0.0,0.0
2003-03-20,2003-05-29,OPTSTK,TATATEA,190.0,CA,0.0,0.0,0.0,12.5,12.45,0.0,0.0,0.0
2003-03-20,2003-05-29,OPTSTK,TATATEA,200.0,CA,0.0,0.0,0.0,9.2,9.25,0.0,0.0,0.0
2003-03-20,2003-05-29,OPTSTK,TATATEA,150.0,PA,0.0,0.0,0.0,4.65,4.4,0.0,0.0,0.0
2003-03-20,2003-05-29,OPTSTK,TATATEA,160.0,PA,0.0,0.0,0.0,6.4,7.3,0.0,0.0,0.0
2003-03-20,2003-05-29,OPTSTK,TATATEA,170.0,PA,0.0,0.0,0.0,10.05,11.1,0.0,0.0,0.0
2003-03-20,2003-05-29,OPTSTK,TATATEA,180.0,PA,0.0,0.0,0.0,14.7,15.95,0.0,0.0,0.0
2003-03-20,2003-05-29,OPTSTK,TATATEA,190.0,PA,0.0,0.0,0.0,20.3,21.7,0.0,0.0,0.0
2003-03-20,2003-05-29,OPTSTK,TATATEA,200.0,PA,0.0,0.0,0.0,26.85,28.35,0.0,0.0,0.0
2003-03-20,2003-03-27,OPTSTK,TELCO,130.0,CA,0.0,0.0,0.0,26.5,29.35,0.0,0.0,9900.0
2003-03-20,2003-03-27,OPTSTK,TELCO,140.0,CA,14.95,19.0,14.95,19.0,19.0,7.0,36.04,102300.0
2003-03-20,2003-03-27,OPTSTK,TELCO,150.0,CA,5.45,9.4,4.6,8.95,8.95,165.0,852.72,897600.0
2003-03-20,2003-03-27,OPTSTK,TELCO,160.0,CA,0.5,2.75,0.5,2.35,2.35,294.0,1567.52,1488300.0
2003-03-20,2003-03-27,OPTSTK,TELCO,170.0,CA,0.25,0.45,0.2,0.4,0.4,27.0,151.75,1184700.0
2003-03-20,2003-03-27,OPTSTK,TELCO,180.0,CA,0.0,0.0,0.0,0.2,0.35,0.0,0.0,257400.0
2003-03-20,2003-03-27,OPTSTK,TELCO,190.0,CA,0.0,0.0,0.0,0.05,0.05,0.0,0.0,19800.0
2003-03-20,2003-03-27,OPTSTK,TELCO,130.0,PA,0.0,0.0,0.0,0.3,0.05,0.0,0.0,23100.0
2003-03-20,2003-03-27,OPTSTK,TELCO,140.0,PA,0.25,0.25,0.15,0.2,0.2,18.0,83.27,419100.0
2003-03-20,2003-03-27,OPTSTK,TELCO,150.0,PA,1.25,1.75,0.45,0.55,0.55,176.0,876.85,1112100.0
2003-03-20,2003-03-27,OPTSTK,TELCO,160.0,PA,7.55,7.6,3.6,3.95,3.95,68.0,369.99,386100.0
2003-03-20,2003-03-27,OPTSTK,TELCO,170.0,PA,0.0,0.0,0.0,21.0,12.05,0.0,0.0,3300.0
2003-03-20,2003-03-27,OPTSTK,TELCO,180.0,PA,8.05,28.9,8.0,28.9,28.9,16.0,105.57,0.0
2003-03-20,2003-03-27,OPTSTK,TELCO,190.0,PA,0.0,0.0,0.0,26.95,30.65,0.0,0.0,0.0
2003-03-20,2003-04-24,OPTSTK,TELCO,130.0,CA,0.0,0.0,0.0,26.6,31.5,0.0,0.0,0.0
2003-03-20,2003-04-24,OPTSTK,TELCO,140.0,CA,0.0,0.0,0.0,15.55,23.4,0.0,0.0,0.0
2003-03-20,2003-04-24,OPTSTK,TELCO,150.0,CA,9.75,11.5,9.75,11.5,11.5,5.0,26.5,46200.0
2003-03-20,2003-04-24,OPTSTK,TELCO,160.0,CA,3.9,5.5,3.9,5.3,5.3,34.0,184.53,181500.0
2003-03-20,2003-04-24,OPTSTK,TELCO,170.0,CA,1.6,2.0,1.6,1.95,1.95,15.0,85.01,92400.0
2003-03-20,2003-04-24,OPTSTK,TELCO,180.0,CA,0.0,0.0,0.0,6.05,4.35,0.0,0.0,0.0
2003-03-20,2003-04-24,OPTSTK,TELCO,130.0,PA,0.0,0.0,0.0,0.65,1.35,0.0,0.0,9900.0
2003-03-20,2003-04-24,OPTSTK,TELCO,140.0,PA,1.0,1.0,0.8,0.8,0.8,2.0,9.29,29700.0
2003-03-20,2003-04-24,OPTSTK,TELCO,150.0,PA,3.8,3.8,1.9,2.05,2.05,14.0,70.55,66000.0
2003-03-20,2003-04-24,OPTSTK,TELCO,160.0,PA,7.0,7.45,4.5,5.0,5.0,10.0,54.84,26400.0
2003-03-20,2003-04-24,OPTSTK,TELCO,170.0,PA,0.0,0.0,0.0,23.4,16.6,0.0,0.0,0.0
2003-03-20,2003-04-24,OPTSTK,TELCO,180.0,PA,0.0,0.0,0.0,26.75,23.75,0.0,0.0,0.0
2003-03-20,2003-05-29,OPTSTK,TELCO,130.0,CA,0.0,0.0,0.0,29.6,34.75,0.0,0.0,0.0
2003-03-20,2003-05-29,OPTSTK,TELCO,140.0,CA,0.0,0.0,0.0,29.75,27.55,0.0,0.0,0.0
2003-03-20,2003-05-29,OPTSTK,TELCO,150.0,CA,0.0,0.0,0.0,23.0,21.35,0.0,0.0,0.0
2003-03-20,2003-05-29,OPTSTK,TELCO,160.0,CA,0.0,0.0,0.0,17.35,16.2,0.0,0.0,0.0
2003-03-20,2003-05-29,OPTSTK,TELCO,170.0,CA,0.0,0.0,0.0,12.8,12.05,0.0,0.0,0.0
2003-03-20,2003-05-29,OPTSTK,TELCO,180.0,CA,0.0,0.0,0.0,9.2,8.85,0.0,0.0,0.0
2003-03-20,2003-05-29,OPTSTK,TELCO,130.0,PA,0.0,0.0,0.0,3.1,3.5,0.0,0.0,0.0
2003-03-20,2003-05-29,OPTSTK,TELCO,140.0,PA,0.0,0.0,0.0,4.4,6.1,0.0,0.0,0.0
2003-03-20,2003-05-29,OPTSTK,TELCO,150.0,PA,0.0,0.0,0.0,7.45,9.75,0.0,0.0,0.0
2003-03-20,2003-05-29,OPTSTK,TELCO,160.0,PA,0.0,0.0,0.0,11.65,14.45,0.0,0.0,0.0
2003-03-20,2003-05-29,OPTSTK,TELCO,170.0,PA,0.0,0.0,0.0,16.95,20.15,0.0,0.0,0.0
2003-03-20,2003-05-29,OPTSTK,TELCO,180.0,PA,0.0,0.0,0.0,23.2,26.75,0.0,0.0,0.0
2003-03-20,2003-03-27,OPTSTK,TISCO,125.0,CA,0.0,0.0,0.0,12.2,14.8,0.0,0.0,0.0
2003-03-20,2003-03-27,OPTSTK,TISCO,130.0,CA,7.1,10.25,7.1,10.0,10.0,15.0,37.52,189000.0
2003-03-20,2003-03-27,OPTSTK,TISCO,135.0,CA,3.7,5.75,2.9,5.4,5.4,199.0,500.56,639000.0
2003-03-20,2003-03-27,OPTSTK,TISCO,140.0,CA,1.4,2.6,1.0,2.35,2.35,434.0,1109.59,1251000.0
2003-03-20,2003-03-27,OPTSTK,TISCO,145.0,CA,0.45,0.9,0.15,0.9,0.9,97.0,254.38,1065600.0
2003-03-20,2003-03-27,OPTSTK,TISCO,150.0,CA,0.35,0.5,0.25,0.4,0.4,55.0,148.91,2152800.0
2003-03-20,2003-03-27,OPTSTK,TISCO,155.0,CA,0.2,0.3,0.15,0.25,0.25,20.0,55.89,1110600.0
2003-03-20,2003-03-27,OPTSTK,TISCO,160.0,CA,0.15,0.2,0.15,0.2,0.2,9.0,25.94,1126800.0
2003-03-20,2003-03-27,OPTSTK,TISCO,170.0,CA,0.0,0.0,0.0,0.2,0.05,0.0,0.0,421200.0
2003-03-20,2003-03-27,OPTSTK,TISCO,180.0,CA,0.0,0.0,0.0,0.1,0.0,0.0,0.0,32400.0
2003-03-20,2003-03-27,OPTSTK,TISCO,125.0,PA,0.0,0.0,0.0,0.75,0.35,0.0,0.0,10800.0
2003-03-20,2003-03-27,OPTSTK,TISCO,130.0,PA,0.7,0.7,0.35,0.35,0.35,22.0,51.65,320400.0
2003-03-20,2003-03-27,OPTSTK,TISCO,135.0,PA,1.75,1.75,0.75,0.95,0.95,90.0,220.52,356400.0
2003-03-20,2003-03-27,OPTSTK,TISCO,140.0,PA,4.05,4.8,2.45,2.65,2.65,144.0,370.86,725400.0
2003-03-20,2003-03-27,OPTSTK,TISCO,145.0,PA,6.55,7.5,6.0,6.0,6.0,18.0,49.12,345600.0
2003-03-20,2003-03-27,OPTSTK,TISCO,150.0,PA,13.1,13.1,10.95,12.1,12.1,8.0,23.3,550800.0
2003-03-20,2003-03-27,OPTSTK,TISCO,155.0,PA,16.65,16.65,16.65,16.65,16.65,1.0,3.08,133200.0
2003-03-20,2003-03-27,OPTSTK,TISCO,160.0,PA,0.0,0.0,0.0,23.95,20.65,0.0,0.0,3600.0
2003-03-20,2003-03-27,OPTSTK,TISCO,170.0,PA,0.0,0.0,0.0,21.0,30.5,0.0,0.0,0.0
2003-03-20,2003-03-27,OPTSTK,TISCO,180.0,PA,0.0,0.0,0.0,14.0,40.45,0.0,0.0,3600.0
2003-03-20,2003-04-24,OPTSTK,TISCO,125.0,CA,0.0,0.0,0.0,15.2,18.45,0.0,0.0,0.0
2003-03-20,2003-04-24,OPTSTK,TISCO,130.0,CA,11.0,12.85,11.0,12.85,12.85,2.0,5.1,10800.0
2003-03-20,2003-04-24,OPTSTK,TISCO,135.0,CA,7.0,9.0,7.0,8.8,8.8,20.0,51.57,66600.0
2003-03-20,2003-04-24,OPTSTK,TISCO,140.0,CA,4.6,6.3,4.55,6.15,6.15,82.0,214.99,273600.0
2003-03-20,2003-04-24,OPTSTK,TISCO,145.0,CA,3.45,4.15,3.45,4.0,4.0,40.0,107.16,77400.0
2003-03-20,2003-04-24,OPTSTK,TISCO,150.0,CA,2.1,3.25,2.1,2.7,2.7,50.0,137.35,246600.0
2003-03-20,2003-04-24,OPTSTK,TISCO,155.0,CA,1.4,1.55,1.15,1.55,1.55,12.0,33.79,28800.0
2003-03-20,2003-04-24,OPTSTK,TISCO,160.0,CA,1.0,1.1,0.9,1.1,1.1,4.0,11.59,37800.0
2003-03-20,2003-04-24,OPTSTK,TISCO,170.0,CA,0.0,0.0,0.0,7.45,1.6,0.0,0.0,0.0
2003-03-20,2003-04-24,OPTSTK,TISCO,180.0,CA,0.0,0.0,0.0,5.55,0.8,0.0,0.0,0.0
2003-03-20,2003-04-24,OPTSTK,TISCO,125.0,PA,0.0,0.0,0.0,3.9,3.15,0.0,0.0,0.0
2003-03-20,2003-04-24,OPTSTK,TISCO,130.0,PA,2.0,2.0,1.6,1.6,1.6,3.0,7.11,21600.0
2003-03-20,2003-04-24,OPTSTK,TISCO,135.0,PA,4.0,4.0,2.85,3.45,3.45,19.0,47.33,61200.0
2003-03-20,2003-04-24,OPTSTK,TISCO,140.0,PA,5.2,6.3,5.2,5.9,5.9,10.0,26.19,45000.0
2003-03-20,2003-04-24,OPTSTK,TISCO,145.0,PA,8.05,8.05,8.05,8.05,8.05,1.0,2.75,7200.0
2003-03-20,2003-04-24,OPTSTK,TISCO,150.0,PA,11.1,11.1,11.1,11.1,11.1,1.0,2.89,1800.0
2003-03-20,2003-04-24,OPTSTK,TISCO,155.0,PA,0.0,0.0,0.0,12.95,18.6,0.0,0.0,0.0
2003-03-20,2003-04-24,OPTSTK,TISCO,160.0,PA,0.0,0.0,0.0,15.85,22.5,0.0,0.0,0.0
2003-03-20,2003-04-24,OPTSTK,TISCO,170.0,PA,0.0,0.0,0.0,22.35,30.95,0.0,0.0,0.0
2003-03-20,2003-04-24,OPTSTK,TISCO,180.0,PA,0.0,0.0,0.0,27.85,40.05,0.0,0.0,0.0
2003-03-20,2003-05-29,OPTSTK,TISCO,125.0,CA,0.0,0.0,0.0,18.1,22.15,0.0,0.0,0.0
2003-03-20,2003-05-29,OPTSTK,TISCO,130.0,CA,0.0,0.0,0.0,26.55,19.05,0.0,0.0,0.0
2003-03-20,2003-05-29,OPTSTK,TISCO,135.0,CA,0.0,0.0,0.0,18.65,16.25,0.0,0.0,0.0
2003-03-20,2003-05-29,OPTSTK,TISCO,140.0,CA,0.0,0.0,0.0,18.7,13.8,0.0,0.0,0.0
2003-03-20,2003-05-29,OPTSTK,TISCO,145.0,CA,0.0,0.0,0.0,15.95,11.6,0.0,0.0,0.0
2003-03-20,2003-05-29,OPTSTK,TISCO,150.0,CA,0.0,0.0,0.0,13.5,9.7,0.0,0.0,0.0
2003-03-20,2003-05-29,OPTSTK,TISCO,155.0,CA,0.0,0.0,0.0,11.35,8.05,0.0,0.0,0.0
2003-03-20,2003-05-29,OPTSTK,TISCO,160.0,CA,0.0,0.0,0.0,9.45,6.65,0.0,0.0,0.0
2003-03-20,2003-05-29,OPTSTK,TISCO,170.0,CA,0.0,0.0,0.0,7.05,4.5,0.0,0.0,0.0
2003-03-20,2003-05-29,OPTSTK,TISCO,125.0,PA,0.0,0.0,0.0,6.1,5.8,0.0,0.0,0.0
2003-03-20,2003-05-29,OPTSTK,TISCO,130.0,PA,0.0,0.0,0.0,4.15,7.6,0.0,0.0,0.0
2003-03-20,2003-05-29,OPTSTK,TISCO,135.0,PA,0.0,0.0,0.0,7.05,9.75,0.0,0.0,0.0
2003-03-20,2003-05-29,OPTSTK,TISCO,140.0,PA,0.0,0.0,0.0,7.95,12.2,0.0,0.0,0.0
2003-03-20,2003-05-29,OPTSTK,TISCO,145.0,PA,0.0,0.0,0.0,10.15,14.95,0.0,0.0,0.0
2003-03-20,2003-05-29,OPTSTK,TISCO,150.0,PA,0.0,0.0,0.0,12.6,17.95,0.0,0.0,0.0
2003-03-20,2003-05-29,OPTSTK,TISCO,155.0,PA,0.0,0.0,0.0,15.4,21.25,0.0,0.0,0.0
2003-03-20,2003-05-29,OPTSTK,TISCO,160.0,PA,0.0,0.0,0.0,18.45,24.75,0.0,0.0,0.0
2003-03-20,2003-05-29,OPTSTK,TISCO,170.0,PA,0.0,0.0,0.0,24.05,32.4,0.0,0.0,0.0
2003-03-20,2003-03-27,OPTSTK,VSNL,70.0,CA,0.0,0.0,0.0,12.25,9.55,0.0,0.0,0.0
2003-03-20,2003-03-27,OPTSTK,VSNL,75.0,CA,0.0,0.0,0.0,4.5,5.15,0.0,0.0,700.0
2003-03-20,2003-03-27,OPTSTK,VSNL,80.0,CA,2.0,2.0,1.4,1.8,1.8,20.0,11.43,44100.0
2003-03-20,2003-03-27,OPTSTK,VSNL,85.0,CA,0.55,0.7,0.55,0.65,0.65,15.0,8.98,74200.0
2003-03-20,2003-03-27,OPTSTK,VSNL,90.0,CA,0.25,0.3,0.2,0.2,0.2,5.0,3.15,176400.0
2003-03-20,2003-03-27,OPTSTK,VSNL,95.0,CA,0.0,0.0,0.0,0.2,0.05,0.0,0.0,114800.0
2003-03-20,2003-03-27,OPTSTK,VSNL,100.0,CA,0.0,0.0,0.0,0.1,0.0,0.0,0.0,105000.0
2003-03-20,2003-03-27,OPTSTK,VSNL,105.0,CA,0.0,0.0,0.0,0.75,0.0,0.0,0.0,2800.0
2003-03-20,2003-03-27,OPTSTK,VSNL,110.0,CA,0.0,0.0,0.0,6.6,0.0,0.0,0.0,0.0
2003-03-20,2003-03-27,OPTSTK,VSNL,70.0,PA,0.0,0.0,0.0,0.1,0.1,0.0,0.0,0.0
2003-03-20,2003-03-27,OPTSTK,VSNL,75.0,PA,0.0,0.0,0.0,2.05,0.7,0.0,0.0,0.0
2003-03-20,2003-03-27,OPTSTK,VSNL,80.0,PA,1.7,1.7,1.35,1.65,1.65,3.0,1.71,10500.0
2003-03-20,2003-03-27,OPTSTK,VSNL,85.0,PA,7.0,7.0,5.05,5.95,5.95,5.0,3.18,23100.0
2003-03-20,2003-03-27,OPTSTK,VSNL,90.0,PA,12.0,13.2,10.0,10.0,10.0,34.0,24.51,30100.0
2003-03-20,2003-03-27,OPTSTK,VSNL,95.0,PA,0.0,0.0,0.0,6.9,15.6,0.0,0.0,2800.0
2003-03-20,2003-03-27,OPTSTK,VSNL,100.0,PA,0.0,0.0,0.0,9.5,20.55,0.0,0.0,0.0
2003-03-20,2003-03-27,OPTSTK,VSNL,105.0,PA,0.0,0.0,0.0,1.75,25.55,0.0,0.0,0.0
2003-03-20,2003-03-27,OPTSTK,VSNL,110.0,PA,0.0,0.0,0.0,9.15,30.55,0.0,0.0,0.0
2003-03-20,2003-04-24,OPTSTK,VSNL,70.0,CA,0.0,0.0,0.0,13.3,11.3,0.0,0.0,0.0
2003-03-20,2003-04-24,OPTSTK,VSNL,75.0,CA,0.0,0.0,0.0,6.8,7.85,0.0,0.0,0.0
2003-03-20,2003-04-24,OPTSTK,VSNL,80.0,CA,4.0,4.0,3.65,4.0,4.0,3.0,1.76,3500.0
2003-03-20,2003-04-24,OPTSTK,VSNL,85.0,CA,0.0,0.0,0.0,2.25,3.2,0.0,0.0,1400.0
2003-03-20,2003-04-24,OPTSTK,VSNL,90.0,CA,0.8,1.25,0.8,1.25,1.25,2.0,1.27,8400.0
2003-03-20,2003-04-24,OPTSTK,VSNL,95.0,CA,0.0,0.0,0.0,1.4,1.1,0.0,0.0,700.0
2003-03-20,2003-04-24,OPTSTK,VSNL,100.0,CA,0.0,0.0,0.0,4.4,0.6,0.0,0.0,0.0
2003-03-20,2003-04-24,OPTSTK,VSNL,105.0,CA,0.0,0.0,0.0,3.2,0.3,0.0,0.0,0.0
2003-03-20,2003-04-24,OPTSTK,VSNL,70.0,PA,0.0,0.0,0.0,0.85,1.45,0.0,0.0,0.0
2003-03-20,2003-04-24,OPTSTK,VSNL,75.0,PA,0.0,0.0,0.0,2.4,2.95,0.0,0.0,0.0
2003-03-20,2003-04-24,OPTSTK,VSNL,80.0,PA,0.0,0.0,0.0,3.65,5.2,0.0,0.0,0.0
2003-03-20,2003-04-24,OPTSTK,VSNL,85.0,PA,0.0,0.0,0.0,5.6,8.2,0.0,0.0,0.0
2003-03-20,2003-04-24,OPTSTK,VSNL,90.0,PA,0.0,0.0,0.0,8.05,11.85,0.0,0.0,0.0
2003-03-20,2003-04-24,OPTSTK,VSNL,95.0,PA,0.0,0.0,0.0,10.95,16.0,0.0,0.0,0.0
2003-03-20,2003-04-24,OPTSTK,VSNL,100.0,PA,0.0,0.0,0.0,21.0,20.45,0.0,0.0,0.0
2003-03-20,2003-04-24,OPTSTK,VSNL,105.0,PA,0.0,0.0,0.0,13.6,25.15,0.0,0.0,0.0
2003-03-20,2003-05-29,OPTSTK,VSNL,70.0,CA,0.0,0.0,0.0,14.65,13.3,0.0,0.0,0.0
2003-03-20,2003-05-29,OPTSTK,VSNL,75.0,CA,0.0,0.0,0.0,15.6,10.15,0.0,0.0,0.0
2003-03-20,2003-05-29,OPTSTK,VSNL,80.0,CA,0.0,0.0,0.0,14.4,7.6,0.0,0.0,0.0
2003-03-20,2003-05-29,OPTSTK,VSNL,85.0,CA,0.0,0.0,0.0,11.25,5.55,0.0,0.0,0.0
2003-03-20,2003-05-29,OPTSTK,VSNL,90.0,CA,0.0,0.0,0.0,8.6,4.0,0.0,0.0,0.0
2003-03-20,2003-05-29,OPTSTK,VSNL,95.0,CA,0.0,0.0,0.0,6.45,2.8,0.0,0.0,0.0
2003-03-20,2003-05-29,OPTSTK,VSNL,100.0,CA,0.0,0.0,0.0,4.75,1.95,0.0,0.0,0.0
2003-03-20,2003-05-29,OPTSTK,VSNL,70.0,PA,0.0,0.0,0.0,1.75,2.85,0.0,0.0,0.0
2003-03-20,2003-05-29,OPTSTK,VSNL,75.0,PA,0.0,0.0,0.0,2.15,4.6,0.0,0.0,0.0
2003-03-20,2003-05-29,OPTSTK,VSNL,80.0,PA,0.0,0.0,0.0,3.1,6.95,0.0,0.0,0.0
2003-03-20,2003-05-29,OPTSTK,VSNL,85.0,PA,0.0,0.0,0.0,4.9,9.85,0.0,0.0,0.0
2003-03-20,2003-05-29,OPTSTK,VSNL,90.0,PA,0.0,0.0,0.0,7.15,13.2,0.0,0.0,0.0
2003-03-20,2003-05-29,OPTSTK,VSNL,95.0,PA,0.0,0.0,0.0,9.95,16.9,0.0,0.0,0.0
2003-03-20,2003-05-29,OPTSTK,VSNL,100.0,PA,0.0,0.0,0.0,13.15,21.0,0.0,0.0,0.0
2003-03-20,2003-03-27,OPTSTK,WIPRO,1200.0,CA,41.0,155.0,41.0,144.0,144.0,32.0,82.75,0.0
2003-03-20,2003-03-27,OPTSTK,WIPRO,1250.0,CA,124.3,124.3,91.5,91.5,91.5,6.0,16.29,400.0
2003-03-20,2003-03-27,OPTSTK,WIPRO,1300.0,CA,58.0,77.3,44.15,63.9,63.9,22.0,59.78,8800.0
2003-03-20,2003-03-27,OPTSTK,WIPRO,1350.0,CA,19.5,30.0,18.0,26.5,26.5,25.0,68.68,14600.0
2003-03-20,2003-03-27,OPTSTK,WIPRO,1400.0,CA,7.8,13.0,6.6,9.9,9.9,22.0,61.99,23800.0
2003-03-20,2003-03-27,OPTSTK,WIPRO,1450.0,CA,2.0,3.3,2.0,3.05,3.05,4.0,11.62,22200.0
2003-03-20,2003-03-27,OPTSTK,WIPRO,1500.0,CA,0.0,0.0,0.0,1.0,3.15,0.0,0.0,8600.0
2003-03-20,2003-03-27,OPTSTK,WIPRO,1550.0,CA,0.0,0.0,0.0,1.55,1.0,0.0,0.0,600.0
2003-03-20,2003-03-27,OPTSTK,WIPRO,1200.0,PA,0.0,0.0,0.0,3.1,1.25,0.0,0.0,0.0
2003-03-20,2003-03-27,OPTSTK,WIPRO,1250.0,PA,0.0,0.0,0.0,7.0,5.0,0.0,0.0,400.0
2003-03-20,2003-03-27,OPTSTK,WIPRO,1300.0,PA,15.0,15.0,6.0,6.0,6.0,14.0,36.67,16800.0
2003-03-20,2003-03-27,OPTSTK,WIPRO,1350.0,PA,21.1,28.05,15.0,18.2,18.2,18.0,49.37,9000.0
2003-03-20,2003-03-27,OPTSTK,WIPRO,1400.0,PA,62.0,69.5,51.0,51.0,51.0,4.0,11.68,10600.0
2003-03-20,2003-03-27,OPTSTK,WIPRO,1450.0,PA,0.0,0.0,0.0,120.0,101.05,0.0,0.0,2600.0
2003-03-20,2003-03-27,OPTSTK,WIPRO,1500.0,PA,0.0,0.0,0.0,17.1,145.55,0.0,0.0,0.0
2003-03-20,2003-03-27,OPTSTK,WIPRO,1550.0,PA,300.0,300.0,64.55,64.55,64.55,2.0,6.92,0.0
2003-03-20,2003-04-24,OPTSTK,WIPRO,1200.0,CA,0.0,0.0,0.0,149.1,186.55,0.0,0.0,0.0
2003-03-20,2003-04-24,OPTSTK,WIPRO,1250.0,CA,0.0,0.0,0.0,157.2,149.95,0.0,0.0,0.0
2003-03-20,2003-04-24,OPTSTK,WIPRO,1300.0,CA,0.0,0.0,0.0,180.85,117.9,0.0,0.0,0.0
2003-03-20,2003-04-24,OPTSTK,WIPRO,1350.0,CA,0.0,0.0,0.0,150.65,90.65,0.0,0.0,0.0
2003-03-20,2003-04-24,OPTSTK,WIPRO,1400.0,CA,0.0,0.0,0.0,124.05,68.15,0.0,0.0,0.0
2003-03-20,2003-04-24,OPTSTK,WIPRO,1450.0,CA,0.0,0.0,0.0,101.05,50.1,0.0,0.0,0.0
2003-03-20,2003-04-24,OPTSTK,WIPRO,1500.0,CA,0.0,0.0,0.0,81.45,36.15,0.0,0.0,0.0
2003-03-20,2003-04-24,OPTSTK,WIPRO,1550.0,CA,0.0,0.0,0.0,79.7,25.5,0.0,0.0,0.0
2003-03-20,2003-04-24,OPTSTK,WIPRO,1200.0,PA,0.0,0.0,0.0,21.55,21.45,0.0,0.0,0.0
2003-03-20,2003-04-24,OPTSTK,WIPRO,1250.0,PA,0.0,0.0,0.0,31.4,34.4,0.0,0.0,0.0
2003-03-20,2003-04-24,OPTSTK,WIPRO,1300.0,PA,13.1,15.1,13.1,14.6,14.6,4.0,10.51,0.0
2003-03-20,2003-04-24,OPTSTK,WIPRO,1350.0,PA,0.0,0.0,0.0,72.75,74.25,0.0,0.0,0.0
2003-03-20,2003-04-24,OPTSTK,WIPRO,1400.0,PA,0.0,0.0,0.0,95.45,101.35,0.0,0.0,0.0
2003-03-20,2003-04-24,OPTSTK,WIPRO,1450.0,PA,0.0,0.0,0.0,121.75,132.9,0.0,0.0,0.0
2003-03-20,2003-04-24,OPTSTK,WIPRO,1500.0,PA,0.0,0.0,0.0,151.4,168.55,0.0,0.0,0.0
2003-03-20,2003-04-24,OPTSTK,WIPRO,1550.0,PA,0.0,0.0,0.0,154.85,207.45,0.0,0.0,0.0
2003-03-20,2003-05-29,OPTSTK,WIPRO,1200.0,CA,0.0,0.0,0.0,174.8,218.35,0.0,0.0,0.0
2003-03-20,2003-05-29,OPTSTK,WIPRO,1250.0,CA,0.0,0.0,0.0,183.05,185.4,0.0,0.0,0.0
2003-03-20,2003-05-29,OPTSTK,WIPRO,1300.0,CA,0.0,0.0,0.0,171.8,155.95,0.0,0.0,0.0
2003-03-20,2003-05-29,OPTSTK,WIPRO,1350.0,CA,0.0,0.0,0.0,142.0,129.95,0.0,0.0,0.0
2003-03-20,2003-05-29,OPTSTK,WIPRO,1400.0,CA,0.0,0.0,0.0,115.95,107.25,0.0,0.0,0.0
2003-03-20,2003-05-29,OPTSTK,WIPRO,1450.0,CA,0.0,0.0,0.0,93.55,87.75,0.0,0.0,0.0
2003-03-20,2003-05-29,OPTSTK,WIPRO,1500.0,CA,0.0,0.0,0.0,74.65,71.2,0.0,0.0,0.0
2003-03-20,2003-05-29,OPTSTK,WIPRO,1550.0,CA,0.0,0.0,0.0,87.35,57.35,0.0,0.0,0.0
2003-03-20,2003-05-29,OPTSTK,WIPRO,1200.0,PA,0.0,0.0,0.0,40.2,43.25,0.0,0.0,0.0
2003-03-20,2003-05-29,OPTSTK,WIPRO,1250.0,PA,0.0,0.0,0.0,50.0,59.5,0.0,0.0,0.0
2003-03-20,2003-05-29,OPTSTK,WIPRO,1300.0,PA,0.0,0.0,0.0,53.55,79.25,0.0,0.0,0.0
2003-03-20,2003-05-29,OPTSTK,WIPRO,1350.0,PA,0.0,0.0,0.0,73.0,102.35,0.0,0.0,0.0
2003-03-20,2003-05-29,OPTSTK,WIPRO,1400.0,PA,0.0,0.0,0.0,96.15,128.85,0.0,0.0,0.0
2003-03-20,2003-05-29,OPTSTK,WIPRO,1450.0,PA,0.0,0.0,0.0,123.0,158.55,0.0,0.0,0.0
2003-03-20,2003-05-29,OPTSTK,WIPRO,1500.0,PA,0.0,0.0,0.0,153.25,191.15,0.0,0.0,0.0
2003-03-20,2003-05-29,OPTSTK,WIPRO,1550.0,PA,0.0,0.0,0.0,144.1,226.45,0.0,0.0,0.0
