Ticker,Date,Time,Expiry Date,Open,High,Low,Close,Volume,Open Interest,Padding Flag
BANKNIFTY14AUG2455600CE.NFO,2024-07-26,09:15:00,2024-08-14,48.0,48.0,48.0,48.0,0,0,0
BANKNIFTY14AUG2455600CE.NFO,2024-07-26,09:16:00,2024-08-14,48.0,48.0,48.0,48.0,0,0,0
BANKNIFTY14AUG2455600CE.NFO,2024-07-26,09:17:00,2024-08-14,48.0,48.0,48.0,48.0,0,0,0
BANKNIFTY14AUG2455600CE.NFO,2024-07-26,09:18:00,2024-08-14,48.0,48.0,48.0,48.0,0,0,1
BANKNIFTY14AUG2455600CE.NFO,2024-07-26,09:19:00,2024-08-14,48.0,48.0,48.0,48.0,0,0,1
BANKNIFTY14AUG2455600CE.NFO,2024-07-26,09:20:00,2024-08-14,48.0,48.0,48.0,48.0,0,0,1
BANKNIFTY14AUG2455600CE.NFO,2024-07-26,09:21:00,2024-08-14,48.0,48.0,48.0,48.0,0,0,1
BANKNIFTY14AUG2455600CE.NFO,2024-07-26,09:22:00,2024-08-14,48.0,48.0,48.0,48.0,0,0,1
BANKNIFTY14AUG2455600CE.NFO,2024-07-26,09:23:00,2024-08-14,48.0,48.0,48.0,48.0,0,0,1
BANKNIFTY14AUG2455600CE.NFO,2024-07-26,09:24:00,2024-08-14,48.0,48.0,48.0,48.0,0,0,1
BANKNIFTY14AUG2455600CE.NFO,2024-07-26,09:25:00,2024-08-14,48.0,48.0,48.0,48.0,0,0,1
BANKNIFTY14AUG2455600CE.NFO,2024-07-26,09:26:00,2024-08-14,48.0,48.0,48.0,48.0,0,0,0
BANKNIFTY14AUG2455600CE.NFO,2024-07-26,09:27:00,2024-08-14,48.0,48.0,48.0,48.0,0,0,0
BANKNIFTY14AUG2455600CE.NFO,2024-07-26,09:28:00,2024-08-14,48.0,48.0,48.0,48.0,0,0,0
BANKNIFTY14AUG2455600CE.NFO,2024-07-26,09:29:00,2024-08-14,48.0,48.0,48.0,48.0,0,0,0
BANKNIFTY14AUG2455600CE.NFO,2024-07-26,09:30:00,2024-08-14,48.0,48.0,48.0,48.0,0,0,0
BANKNIFTY14AUG2455600CE.NFO,2024-07-26,09:31:00,2024-08-14,48.0,48.0,48.0,48.0,0,0,0
BANKNIFTY14AUG2455600CE.NFO,2024-07-26,09:32:00,2024-08-14,48.0,48.0,48.0,48.0,0,0,0
BANKNIFTY14AUG2455600CE.NFO,2024-07-26,09:33:00,2024-08-14,48.0,48.0,48.0,48.0,0,0,0
BANKNIFTY14AUG2455600CE.NFO,2024-07-26,09:34:00,2024-08-14,48.0,48.0,48.0,48.0,0,0,1
BANKNIFTY14AUG2455600CE.NFO,2024-07-26,09:35:00,2024-08-14,48.0,48.0,48.0,48.0,0,0,1
BANKNIFTY14AUG2455600CE.NFO,2024-07-26,09:36:00,2024-08-14,48.0,48.0,48.0,48.0,0,0,0
BANKNIFTY14AUG2455600CE.NFO,2024-07-26,09:37:00,2024-08-14,48.0,48.0,48.0,48.0,0,0,0
BANKNIFTY14AUG2455600CE.NFO,2024-07-26,09:38:00,2024-08-14,48.0,48.0,48.0,48.0,0,0,1
BANKNIFTY14AUG2455600CE.NFO,2024-07-26,09:39:00,2024-08-14,48.0,48.0,48.0,48.0,0,0,1
BANKNIFTY14AUG2455600CE.NFO,2024-07-26,09:40:00,2024-08-14,48.0,48.0,48.0,48.0,0,0,1
BANKNIFTY14AUG2455600CE.NFO,2024-07-26,09:41:00,2024-08-14,48.0,48.0,48.0,48.0,0,0,1
BANKNIFTY14AUG2455600CE.NFO,2024-07-26,09:42:00,2024-08-14,48.0,48.0,48.0,48.0,0,0,1
BANKNIFTY14AUG2455600CE.NFO,2024-07-26,09:43:00,2024-08-14,48.0,48.0,48.0,48.0,0,0,0
BANKNIFTY14AUG2455600CE.NFO,2024-07-26,09:44:00,2024-08-14,48.0,48.0,48.0,48.0,0,0,0
BANKNIFTY14AUG2455600CE.NFO,2024-07-26,09:45:00,2024-08-14,48.0,48.0,48.0,48.0,0,0,0
BANKNIFTY14AUG2455600CE.NFO,2024-07-26,09:46:00,2024-08-14,48.0,48.0,48.0,48.0,0,0,1
BANKNIFTY14AUG2455600CE.NFO,2024-07-26,09:47:00,2024-08-14,48.0,48.0,48.0,48.0,0,0,0
BANKNIFTY14AUG2455600CE.NFO,2024-07-26,09:48:00,2024-08-14,48.0,48.0,48.0,48.0,0,0,0
BANKNIFTY14AUG2455600CE.NFO,2024-07-26,09:49:00,2024-08-14,48.0,48.0,48.0,48.0,0,0,0
BANKNIFTY14AUG2455600CE.NFO,2024-07-26,09:50:00,2024-08-14,48.0,48.0,48.0,48.0,0,0,1
BANKNIFTY14AUG2455600CE.NFO,2024-07-26,09:51:00,2024-08-14,48.0,48.0,48.0,48.0,0,0,1
BANKNIFTY14AUG2455600CE.NFO,2024-07-26,09:52:00,2024-08-14,48.0,48.0,48.0,48.0,0,0,1
BANKNIFTY14AUG2455600CE.NFO,2024-07-26,09:53:00,2024-08-14,48.0,48.0,48.0,48.0,0,0,0
BANKNIFTY14AUG2455600CE.NFO,2024-07-26,09:54:00,2024-08-14,48.0,48.0,48.0,48.0,0,0,1
BANKNIFTY14AUG2455600CE.NFO,2024-07-26,09:55:00,2024-08-14,48.0,48.0,48.0,48.0,0,0,0
BANKNIFTY14AUG2455600CE.NFO,2024-07-26,09:56:00,2024-08-14,48.0,48.0,48.0,48.0,0,0,1
BANKNIFTY14AUG2455600CE.NFO,2024-07-26,09:57:00,2024-08-14,48.0,48.0,48.0,48.0,0,0,1
BANKNIFTY14AUG2455600CE.NFO,2024-07-26,09:58:00,2024-08-14,48.0,48.0,48.0,48.0,0,0,1
BANKNIFTY14AUG2455600CE.NFO,2024-07-26,09:59:00,2024-08-14,48.0,48.0,48.0,48.0,0,0,1
BANKNIFTY14AUG2455600CE.NFO,2024-07-26,10:00:00,2024-08-14,48.0,48.0,48.0,48.0,0,0,0
BANKNIFTY14AUG2455600CE.NFO,2024-07-26,10:01:00,2024-08-14,48.0,48.0,48.0,48.0,0,0,0
BANKNIFTY14AUG2455600CE.NFO,2024-07-26,10:02:00,2024-08-14,48.0,48.0,48.0,48.0,0,0,1
BANKNIFTY14AUG2455600CE.NFO,2024-07-26,10:03:00,2024-08-14,48.0,48.0,48.0,48.0,0,0,1
BANKNIFTY14AUG2455600CE.NFO,2024-07-26,10:04:00,2024-08-14,48.0,48.0,48.0,48.0,0,0,1
BANKNIFTY14AUG2455600CE.NFO,2024-07-26,10:05:00,2024-08-14,48.0,48.0,48.0,48.0,0,0,1
BANKNIFTY14AUG2455600CE.NFO,2024-07-26,10:06:00,2024-08-14,48.0,48.0,48.0,48.0,0,0,1
BANKNIFTY14AUG2455600CE.NFO,2024-07-26,10:07:00,2024-08-14,48.0,48.0,48.0,48.0,0,0,0
BANKNIFTY14AUG2455600CE.NFO,2024-07-26,10:08:00,2024-08-14,48.0,48.0,48.0,48.0,0,0,1
BANKNIFTY14AUG2455600CE.NFO,2024-07-26,10:09:00,2024-08-14,48.0,48.0,48.0,48.0,0,0,1
BANKNIFTY14AUG2455600CE.NFO,2024-07-26,10:10:00,2024-08-14,48.0,48.0,48.0,48.0,0,0,1
BANKNIFTY14AUG2455600CE.NFO,2024-07-26,10:11:00,2024-08-14,48.0,48.0,48.0,48.0,0,0,1
BANKNIFTY14AUG2455600CE.NFO,2024-07-26,10:12:00,2024-08-14,48.0,48.0,48.0,48.0,0,0,1
BANKNIFTY14AUG2455600CE.NFO,2024-07-26,10:13:00,2024-08-14,48.0,48.0,48.0,48.0,0,0,1
BANKNIFTY14AUG2455600CE.NFO,2024-07-26,10:14:00,2024-08-14,48.0,48.0,48.0,48.0,0,0,1
BANKNIFTY14AUG2455600CE.NFO,2024-07-26,10:15:00,2024-08-14,48.0,48.0,48.0,48.0,0,0,0
BANKNIFTY14AUG2455600CE.NFO,2024-07-26,10:16:00,2024-08-14,48.0,48.0,48.0,48.0,0,0,1
BANKNIFTY14AUG2455600CE.NFO,2024-07-26,10:17:00,2024-08-14,48.0,48.0,48.0,48.0,0,0,1
BANKNIFTY14AUG2455600CE.NFO,2024-07-26,10:18:00,2024-08-14,48.0,48.0,48.0,48.0,0,0,1
BANKNIFTY14AUG2455600CE.NFO,2024-07-26,10:19:00,2024-08-14,48.0,48.0,48.0,48.0,0,0,1
BANKNIFTY14AUG2455600CE.NFO,2024-07-26,10:20:00,2024-08-14,48.0,48.0,48.0,48.0,0,0,1
BANKNIFTY14AUG2455600CE.NFO,2024-07-26,10:21:00,2024-08-14,48.0,48.0,48.0,48.0,0,0,1
BANKNIFTY14AUG2455600CE.NFO,2024-07-26,10:22:00,2024-08-14,48.0,48.0,48.0,48.0,0,0,1
BANKNIFTY14AUG2455600CE.NFO,2024-07-26,10:23:00,2024-08-14,48.0,48.0,48.0,48.0,0,0,0
BANKNIFTY14AUG2455600CE.NFO,2024-07-26,10:24:00,2024-08-14,48.0,48.0,48.0,48.0,0,0,1
BANKNIFTY14AUG2455600CE.NFO,2024-07-26,10:25:00,2024-08-14,48.0,48.0,48.0,48.0,0,0,1
BANKNIFTY14AUG2455600CE.NFO,2024-07-26,10:26:00,2024-08-14,48.0,48.0,48.0,48.0,0,0,1
BANKNIFTY14AUG2455600CE.NFO,2024-07-26,10:27:00,2024-08-14,48.0,48.0,48.0,48.0,0,0,1
BANKNIFTY14AUG2455600CE.NFO,2024-07-26,10:28:00,2024-08-14,48.0,48.0,48.0,48.0,0,0,1
BANKNIFTY14AUG2455600CE.NFO,2024-07-26,10:29:00,2024-08-14,48.0,48.0,48.0,48.0,0,0,1
BANKNIFTY14AUG2455600CE.NFO,2024-07-26,10:30:00,2024-08-14,48.0,48.0,48.0,48.0,0,0,0
BANKNIFTY14AUG2455600CE.NFO,2024-07-26,10:31:00,2024-08-14,48.0,48.0,48.0,48.0,0,0,1
BANKNIFTY14AUG2455600CE.NFO,2024-07-26,10:32:00,2024-08-14,48.0,48.0,48.0,48.0,0,0,1
BANKNIFTY14AUG2455600CE.NFO,2024-07-26,10:33:00,2024-08-14,48.0,48.0,48.0,48.0,0,0,1
BANKNIFTY14AUG2455600CE.NFO,2024-07-26,10:34:00,2024-08-14,48.0,48.0,48.0,48.0,0,0,1
BANKNIFTY14AUG2455600CE.NFO,2024-07-26,10:35:00,2024-08-14,48.0,48.0,48.0,48.0,0,0,1
BANKNIFTY14AUG2455600CE.NFO,2024-07-26,10:36:00,2024-08-14,48.0,48.0,48.0,48.0,0,0,1
BANKNIFTY14AUG2455600CE.NFO,2024-07-26,10:37:00,2024-08-14,48.0,48.0,48.0,48.0,0,0,1
BANKNIFTY14AUG2455600CE.NFO,2024-07-26,10:38:00,2024-08-14,48.0,48.0,48.0,48.0,0,0,1
BANKNIFTY14AUG2455600CE.NFO,2024-07-26,10:39:00,2024-08-14,48.0,48.0,48.0,48.0,0,0,0
BANKNIFTY14AUG2455600CE.NFO,2024-07-26,10:40:00,2024-08-14,48.0,48.0,48.0,48.0,0,0,1
BANKNIFTY14AUG2455600CE.NFO,2024-07-26,10:41:00,2024-08-14,48.0,48.0,48.0,48.0,0,0,1
BANKNIFTY14AUG2455600CE.NFO,2024-07-26,10:42:00,2024-08-14,48.0,48.0,48.0,48.0,0,0,0
BANKNIFTY14AUG2455600CE.NFO,2024-07-26,10:43:00,2024-08-14,48.0,48.0,48.0,48.0,0,0,1
BANKNIFTY14AUG2455600CE.NFO,2024-07-26,10:44:00,2024-08-14,48.0,48.0,48.0,48.0,0,0,1
BANKNIFTY14AUG2455600CE.NFO,2024-07-26,10:45:00,2024-08-14,48.0,48.0,48.0,48.0,0,0,0
BANKNIFTY14AUG2455600CE.NFO,2024-07-26,10:46:00,2024-08-14,48.0,48.0,48.0,48.0,0,0,1
BANKNIFTY14AUG2455600CE.NFO,2024-07-26,10:47:00,2024-08-14,48.0,48.0,48.0,48.0,0,0,1
BANKNIFTY14AUG2455600CE.NFO,2024-07-26,10:48:00,2024-08-14,48.0,48.0,48.0,48.0,0,0,1
BANKNIFTY14AUG2455600CE.NFO,2024-07-26,10:49:00,2024-08-14,48.0,48.0,48.0,48.0,0,0,1
BANKNIFTY14AUG2455600CE.NFO,2024-07-26,10:50:00,2024-08-14,48.0,48.0,48.0,48.0,0,0,1
BANKNIFTY14AUG2455600CE.NFO,2024-07-26,10:51:00,2024-08-14,48.0,48.0,48.0,48.0,0,0,1
BANKNIFTY14AUG2455600CE.NFO,2024-07-26,10:52:00,2024-08-14,48.0,48.0,48.0,48.0,0,0,1
BANKNIFTY14AUG2455600CE.NFO,2024-07-26,10:53:00,2024-08-14,48.0,48.0,48.0,48.0,0,0,1
BANKNIFTY14AUG2455600CE.NFO,2024-07-26,10:54:00,2024-08-14,48.0,48.0,48.0,48.0,0,0,1
BANKNIFTY14AUG2455600CE.NFO,2024-07-26,10:55:00,2024-08-14,48.0,48.0,48.0,48.0,0,0,1
BANKNIFTY14AUG2455600CE.NFO,2024-07-26,10:56:00,2024-08-14,48.0,48.0,48.0,48.0,0,0,1
BANKNIFTY14AUG2455600CE.NFO,2024-07-26,10:57:00,2024-08-14,48.0,48.0,48.0,48.0,0,0,1
BANKNIFTY14AUG2455600CE.NFO,2024-07-26,10:58:00,2024-08-14,48.0,48.0,48.0,48.0,0,0,1
BANKNIFTY14AUG2455600CE.NFO,2024-07-26,10:59:00,2024-08-14,48.0,48.0,48.0,48.0,0,0,1
BANKNIFTY14AUG2455600CE.NFO,2024-07-26,11:00:00,2024-08-14,48.0,48.0,48.0,48.0,0,0,0
BANKNIFTY14AUG2455600CE.NFO,2024-07-26,11:01:00,2024-08-14,48.0,48.0,48.0,48.0,0,0,1
BANKNIFTY14AUG2455600CE.NFO,2024-07-26,11:02:00,2024-08-14,48.0,48.0,48.0,48.0,0,0,1
BANKNIFTY14AUG2455600CE.NFO,2024-07-26,11:03:00,2024-08-14,48.0,48.0,48.0,48.0,0,0,1
BANKNIFTY14AUG2455600CE.NFO,2024-07-26,11:04:00,2024-08-14,48.0,48.0,48.0,48.0,0,0,1
BANKNIFTY14AUG2455600CE.NFO,2024-07-26,11:05:00,2024-08-14,48.0,48.0,48.0,48.0,0,0,1
BANKNIFTY14AUG2455600CE.NFO,2024-07-26,11:06:00,2024-08-14,48.0,48.0,48.0,48.0,0,0,1
BANKNIFTY14AUG2455600CE.NFO,2024-07-26,11:07:00,2024-08-14,48.0,48.0,48.0,48.0,0,0,1
BANKNIFTY14AUG2455600CE.NFO,2024-07-26,11:08:00,2024-08-14,48.0,48.0,48.0,48.0,0,0,1
BANKNIFTY14AUG2455600CE.NFO,2024-07-26,11:09:00,2024-08-14,48.0,48.0,48.0,48.0,0,0,1
BANKNIFTY14AUG2455600CE.NFO,2024-07-26,11:10:00,2024-08-14,48.0,48.0,48.0,48.0,0,0,1
BANKNIFTY14AUG2455600CE.NFO,2024-07-26,11:11:00,2024-08-14,48.0,48.0,48.0,48.0,0,0,0
BANKNIFTY14AUG2455600CE.NFO,2024-07-26,11:12:00,2024-08-14,48.0,48.0,48.0,48.0,0,0,1
BANKNIFTY14AUG2455600CE.NFO,2024-07-26,11:13:00,2024-08-14,48.0,48.0,48.0,48.0,0,0,1
BANKNIFTY14AUG2455600CE.NFO,2024-07-26,11:14:00,2024-08-14,48.0,48.0,48.0,48.0,0,0,1
BANKNIFTY14AUG2455600CE.NFO,2024-07-26,11:15:00,2024-08-14,48.0,48.0,48.0,48.0,0,0,0
BANKNIFTY14AUG2455600CE.NFO,2024-07-26,11:16:00,2024-08-14,48.0,48.0,48.0,48.0,0,0,0
BANKNIFTY14AUG2455600CE.NFO,2024-07-26,11:17:00,2024-08-14,48.0,48.0,48.0,48.0,0,0,1
BANKNIFTY14AUG2455600CE.NFO,2024-07-26,11:18:00,2024-08-14,48.0,48.0,48.0,48.0,0,0,1
BANKNIFTY14AUG2455600CE.NFO,2024-07-26,11:19:00,2024-08-14,48.0,48.0,48.0,48.0,0,0,1
BANKNIFTY14AUG2455600CE.NFO,2024-07-26,11:20:00,2024-08-14,48.0,48.0,48.0,48.0,0,0,1
BANKNIFTY14AUG2455600CE.NFO,2024-07-26,11:21:00,2024-08-14,48.0,48.0,48.0,48.0,0,0,1
BANKNIFTY14AUG2455600CE.NFO,2024-07-26,11:22:00,2024-08-14,48.0,48.0,48.0,48.0,0,0,1
BANKNIFTY14AUG2455600CE.NFO,2024-07-26,11:23:00,2024-08-14,48.0,48.0,48.0,48.0,0,0,1
BANKNIFTY14AUG2455600CE.NFO,2024-07-26,11:24:00,2024-08-14,48.0,48.0,48.0,48.0,0,0,1
BANKNIFTY14AUG2455600CE.NFO,2024-07-26,11:25:00,2024-08-14,48.0,48.0,48.0,48.0,0,0,1
BANKNIFTY14AUG2455600CE.NFO,2024-07-26,11:26:00,2024-08-14,48.0,48.0,48.0,48.0,0,0,1
BANKNIFTY14AUG2455600CE.NFO,2024-07-26,11:27:00,2024-08-14,48.0,48.0,48.0,48.0,0,0,1
BANKNIFTY14AUG2455600CE.NFO,2024-07-26,11:28:00,2024-08-14,48.0,48.0,48.0,48.0,0,0,0
BANKNIFTY14AUG2455600CE.NFO,2024-07-26,11:29:00,2024-08-14,48.0,48.0,48.0,48.0,0,0,0
BANKNIFTY14AUG2455600CE.NFO,2024-07-26,11:30:00,2024-08-14,48.0,48.0,48.0,48.0,0,0,0
BANKNIFTY14AUG2455600CE.NFO,2024-07-26,11:31:00,2024-08-14,48.0,48.0,48.0,48.0,0,0,1
BANKNIFTY14AUG2455600CE.NFO,2024-07-26,11:32:00,2024-08-14,48.0,48.0,48.0,48.0,0,0,1
BANKNIFTY14AUG2455600CE.NFO,2024-07-26,11:33:00,2024-08-14,48.0,48.0,48.0,48.0,0,0,1
BANKNIFTY14AUG2455600CE.NFO,2024-07-26,11:34:00,2024-08-14,48.0,48.0,48.0,48.0,0,0,1
BANKNIFTY14AUG2455600CE.NFO,2024-07-26,11:35:00,2024-08-14,48.0,48.0,48.0,48.0,0,0,1
BANKNIFTY14AUG2455600CE.NFO,2024-07-26,11:36:00,2024-08-14,48.0,48.0,48.0,48.0,0,0,1
BANKNIFTY14AUG2455600CE.NFO,2024-07-26,11:37:00,2024-08-14,48.0,48.0,48.0,48.0,0,0,1
BANKNIFTY14AUG2455600CE.NFO,2024-07-26,11:38:00,2024-08-14,48.0,48.0,48.0,48.0,0,0,1
BANKNIFTY14AUG2455600CE.NFO,2024-07-26,11:39:00,2024-08-14,48.0,48.0,48.0,48.0,0,0,1
BANKNIFTY14AUG2455600CE.NFO,2024-07-26,11:40:00,2024-08-14,48.0,48.0,48.0,48.0,0,0,1
BANKNIFTY14AUG2455600CE.NFO,2024-07-26,11:41:00,2024-08-14,48.0,48.0,48.0,48.0,0,0,1
BANKNIFTY14AUG2455600CE.NFO,2024-07-26,11:42:00,2024-08-14,48.0,48.0,48.0,48.0,0,0,1
BANKNIFTY14AUG2455600CE.NFO,2024-07-26,11:43:00,2024-08-14,48.0,48.0,48.0,48.0,0,0,1
BANKNIFTY14AUG2455600CE.NFO,2024-07-26,11:44:00,2024-08-14,48.0,48.0,48.0,48.0,0,0,1
BANKNIFTY14AUG2455600CE.NFO,2024-07-26,11:45:00,2024-08-14,48.0,48.0,48.0,48.0,0,0,0
BANKNIFTY14AUG2455600CE.NFO,2024-07-26,11:46:00,2024-08-14,48.0,48.0,48.0,48.0,0,0,1
BANKNIFTY14AUG2455600CE.NFO,2024-07-26,11:47:00,2024-08-14,48.0,48.0,48.0,48.0,0,0,1
BANKNIFTY14AUG2455600CE.NFO,2024-07-26,11:48:00,2024-08-14,48.0,48.0,48.0,48.0,0,0,1
BANKNIFTY14AUG2455600CE.NFO,2024-07-26,11:49:00,2024-08-14,48.0,48.0,48.0,48.0,0,0,1
BANKNIFTY14AUG2455600CE.NFO,2024-07-26,11:50:00,2024-08-14,48.0,48.0,48.0,48.0,0,0,1
BANKNIFTY14AUG2455600CE.NFO,2024-07-26,11:51:00,2024-08-14,48.0,48.0,48.0,48.0,0,0,1
BANKNIFTY14AUG2455600CE.NFO,2024-07-26,11:52:00,2024-08-14,48.0,48.0,48.0,48.0,0,0,1
BANKNIFTY14AUG2455600CE.NFO,2024-07-26,11:53:00,2024-08-14,48.0,48.0,48.0,48.0,0,0,1
BANKNIFTY14AUG2455600CE.NFO,2024-07-26,11:54:00,2024-08-14,48.0,48.0,48.0,48.0,0,0,1
BANKNIFTY14AUG2455600CE.NFO,2024-07-26,11:55:00,2024-08-14,48.0,48.0,48.0,48.0,0,0,1
BANKNIFTY14AUG2455600CE.NFO,2024-07-26,11:56:00,2024-08-14,48.0,48.0,48.0,48.0,0,0,0
BANKNIFTY14AUG2455600CE.NFO,2024-07-26,11:57:00,2024-08-14,48.0,48.0,48.0,48.0,0,0,1
BANKNIFTY14AUG2455600CE.NFO,2024-07-26,11:58:00,2024-08-14,48.0,48.0,48.0,48.0,0,0,1
BANKNIFTY14AUG2455600CE.NFO,2024-07-26,11:59:00,2024-08-14,48.0,48.0,48.0,48.0,0,0,1
BANKNIFTY14AUG2455600CE.NFO,2024-07-26,12:00:00,2024-08-14,48.0,48.0,48.0,48.0,0,0,0
BANKNIFTY14AUG2455600CE.NFO,2024-07-26,12:01:00,2024-08-14,48.0,48.0,48.0,48.0,0,0,1
BANKNIFTY14AUG2455600CE.NFO,2024-07-26,12:02:00,2024-08-14,48.0,48.0,48.0,48.0,0,0,1
BANKNIFTY14AUG2455600CE.NFO,2024-07-26,12:03:00,2024-08-14,48.0,48.0,48.0,48.0,0,0,1
BANKNIFTY14AUG2455600CE.NFO,2024-07-26,12:04:00,2024-08-14,48.0,48.0,48.0,48.0,0,0,1
BANKNIFTY14AUG2455600CE.NFO,2024-07-26,12:05:00,2024-08-14,48.0,48.0,48.0,48.0,0,0,1
BANKNIFTY14AUG2455600CE.NFO,2024-07-26,12:06:00,2024-08-14,48.0,48.0,48.0,48.0,0,0,1
BANKNIFTY14AUG2455600CE.NFO,2024-07-26,12:07:00,2024-08-14,48.0,48.0,48.0,48.0,0,0,1
BANKNIFTY14AUG2455600CE.NFO,2024-07-26,12:08:00,2024-08-14,48.0,48.0,48.0,48.0,0,0,1
BANKNIFTY14AUG2455600CE.NFO,2024-07-26,12:09:00,2024-08-14,48.0,48.0,48.0,48.0,0,0,1
BANKNIFTY14AUG2455600CE.NFO,2024-07-26,12:10:00,2024-08-14,48.0,48.0,48.0,48.0,0,0,1
BANKNIFTY14AUG2455600CE.NFO,2024-07-26,12:11:00,2024-08-14,48.0,48.0,48.0,48.0,0,0,1
BANKNIFTY14AUG2455600CE.NFO,2024-07-26,12:12:00,2024-08-14,48.0,48.0,48.0,48.0,0,0,1
BANKNIFTY14AUG2455600CE.NFO,2024-07-26,12:13:00,2024-08-14,48.0,48.0,48.0,48.0,0,0,1
BANKNIFTY14AUG2455600CE.NFO,2024-07-26,12:14:00,2024-08-14,48.0,48.0,48.0,48.0,0,0,1
BANKNIFTY14AUG2455600CE.NFO,2024-07-26,12:15:00,2024-08-14,48.0,48.0,48.0,48.0,0,0,0
BANKNIFTY14AUG2455600CE.NFO,2024-07-26,12:16:00,2024-08-14,48.0,48.0,48.0,48.0,0,0,1
BANKNIFTY14AUG2455600CE.NFO,2024-07-26,12:17:00,2024-08-14,48.0,48.0,48.0,48.0,0,0,1
BANKNIFTY14AUG2455600CE.NFO,2024-07-26,12:18:00,2024-08-14,48.0,48.0,48.0,48.0,0,0,1
BANKNIFTY14AUG2455600CE.NFO,2024-07-26,12:19:00,2024-08-14,48.0,48.0,48.0,48.0,0,0,1
BANKNIFTY14AUG2455600CE.NFO,2024-07-26,12:20:00,2024-08-14,48.0,48.0,48.0,48.0,0,0,1
BANKNIFTY14AUG2455600CE.NFO,2024-07-26,12:21:00,2024-08-14,48.0,48.0,48.0,48.0,0,0,1
BANKNIFTY14AUG2455600CE.NFO,2024-07-26,12:22:00,2024-08-14,48.0,48.0,48.0,48.0,0,0,1
BANKNIFTY14AUG2455600CE.NFO,2024-07-26,12:23:00,2024-08-14,48.0,48.0,48.0,48.0,0,0,1
BANKNIFTY14AUG2455600CE.NFO,2024-07-26,12:24:00,2024-08-14,48.0,48.0,48.0,48.0,0,0,1
BANKNIFTY14AUG2455600CE.NFO,2024-07-26,12:25:00,2024-08-14,48.0,48.0,48.0,48.0,0,0,0
BANKNIFTY14AUG2455600CE.NFO,2024-07-26,12:26:00,2024-08-14,48.0,48.0,48.0,48.0,0,0,1
BANKNIFTY14AUG2455600CE.NFO,2024-07-26,12:27:00,2024-08-14,48.0,48.0,48.0,48.0,0,0,1
BANKNIFTY14AUG2455600CE.NFO,2024-07-26,12:28:00,2024-08-14,48.0,48.0,48.0,48.0,0,0,1
BANKNIFTY14AUG2455600CE.NFO,2024-07-26,12:29:00,2024-08-14,48.0,48.0,48.0,48.0,0,0,1
BANKNIFTY14AUG2455600CE.NFO,2024-07-26,12:30:00,2024-08-14,48.0,48.0,48.0,48.0,0,0,0
BANKNIFTY14AUG2455600CE.NFO,2024-07-26,12:31:00,2024-08-14,48.0,48.0,48.0,48.0,0,0,1
BANKNIFTY14AUG2455600CE.NFO,2024-07-26,12:32:00,2024-08-14,48.0,48.0,48.0,48.0,0,0,1
BANKNIFTY14AUG2455600CE.NFO,2024-07-26,12:33:00,2024-08-14,48.0,48.0,48.0,48.0,0,0,1
BANKNIFTY14AUG2455600CE.NFO,2024-07-26,12:34:00,2024-08-14,48.0,48.0,48.0,48.0,0,0,1
BANKNIFTY14AUG2455600CE.NFO,2024-07-26,12:35:00,2024-08-14,48.0,48.0,48.0,48.0,0,0,1
BANKNIFTY14AUG2455600CE.NFO,2024-07-26,12:36:00,2024-08-14,48.0,48.0,48.0,48.0,0,0,1
BANKNIFTY14AUG2455600CE.NFO,2024-07-26,12:37:00,2024-08-14,48.0,48.0,48.0,48.0,0,0,1
BANKNIFTY14AUG2455600CE.NFO,2024-07-26,12:38:00,2024-08-14,48.0,48.0,48.0,48.0,0,0,1
BANKNIFTY14AUG2455600CE.NFO,2024-07-26,12:39:00,2024-08-14,48.0,48.0,48.0,48.0,0,0,1
BANKNIFTY14AUG2455600CE.NFO,2024-07-26,12:40:00,2024-08-14,48.0,48.0,48.0,48.0,0,0,1
BANKNIFTY14AUG2455600CE.NFO,2024-07-26,12:41:00,2024-08-14,48.0,48.0,48.0,48.0,0,0,0
BANKNIFTY14AUG2455600CE.NFO,2024-07-26,12:42:00,2024-08-14,48.0,48.0,48.0,48.0,0,0,1
BANKNIFTY14AUG2455600CE.NFO,2024-07-26,12:43:00,2024-08-14,48.0,48.0,48.0,48.0,0,0,1
BANKNIFTY14AUG2455600CE.NFO,2024-07-26,12:44:00,2024-08-14,48.0,48.0,48.0,48.0,0,0,1
BANKNIFTY14AUG2455600CE.NFO,2024-07-26,12:45:00,2024-08-14,48.0,48.0,48.0,48.0,0,0,0
BANKNIFTY14AUG2455600CE.NFO,2024-07-26,12:46:00,2024-08-14,48.0,48.0,48.0,48.0,0,0,1
BANKNIFTY14AUG2455600CE.NFO,2024-07-26,12:47:00,2024-08-14,48.0,48.0,48.0,48.0,0,0,1
BANKNIFTY14AUG2455600CE.NFO,2024-07-26,12:48:00,2024-08-14,48.0,48.0,48.0,48.0,0,0,1
BANKNIFTY14AUG2455600CE.NFO,2024-07-26,12:49:00,2024-08-14,48.0,48.0,48.0,48.0,0,0,1
BANKNIFTY14AUG2455600CE.NFO,2024-07-26,12:50:00,2024-08-14,48.0,48.0,48.0,48.0,0,0,1
BANKNIFTY14AUG2455600CE.NFO,2024-07-26,12:51:00,2024-08-14,48.0,48.0,48.0,48.0,0,0,1
BANKNIFTY14AUG2455600CE.NFO,2024-07-26,12:52:00,2024-08-14,48.0,48.0,48.0,48.0,0,0,1
BANKNIFTY14AUG2455600CE.NFO,2024-07-26,12:53:00,2024-08-14,48.0,48.0,48.0,48.0,0,0,1
BANKNIFTY14AUG2455600CE.NFO,2024-07-26,12:54:00,2024-08-14,48.0,48.0,48.0,48.0,0,0,1
BANKNIFTY14AUG2455600CE.NFO,2024-07-26,12:55:00,2024-08-14,48.0,48.0,48.0,48.0,0,0,1
BANKNIFTY14AUG2455600CE.NFO,2024-07-26,12:56:00,2024-08-14,48.0,48.0,48.0,48.0,0,0,1
BANKNIFTY14AUG2455600CE.NFO,2024-07-26,12:57:00,2024-08-14,48.0,48.0,48.0,48.0,0,0,1
BANKNIFTY14AUG2455600CE.NFO,2024-07-26,12:58:00,2024-08-14,48.0,48.0,48.0,48.0,0,0,1
BANKNIFTY14AUG2455600CE.NFO,2024-07-26,12:59:00,2024-08-14,48.0,48.0,48.0,48.0,0,0,1
BANKNIFTY14AUG2455600CE.NFO,2024-07-26,13:00:00,2024-08-14,48.0,48.0,48.0,48.0,0,0,0
BANKNIFTY14AUG2455600CE.NFO,2024-07-26,13:01:00,2024-08-14,48.0,48.0,48.0,48.0,0,0,1
BANKNIFTY14AUG2455600CE.NFO,2024-07-26,13:02:00,2024-08-14,48.0,48.0,48.0,48.0,0,0,1
BANKNIFTY14AUG2455600CE.NFO,2024-07-26,13:03:00,2024-08-14,48.0,48.0,48.0,48.0,0,0,1
BANKNIFTY14AUG2455600CE.NFO,2024-07-26,13:04:00,2024-08-14,48.0,48.0,48.0,48.0,0,0,1
BANKNIFTY14AUG2455600CE.NFO,2024-07-26,13:05:00,2024-08-14,48.0,48.0,48.0,48.0,0,0,1
BANKNIFTY14AUG2455600CE.NFO,2024-07-26,13:06:00,2024-08-14,48.0,48.0,48.0,48.0,0,0,1
BANKNIFTY14AUG2455600CE.NFO,2024-07-26,13:07:00,2024-08-14,48.0,48.0,48.0,48.0,0,0,1
BANKNIFTY14AUG2455600CE.NFO,2024-07-26,13:08:00,2024-08-14,48.0,48.0,48.0,48.0,0,0,1
BANKNIFTY14AUG2455600CE.NFO,2024-07-26,13:09:00,2024-08-14,48.0,48.0,48.0,48.0,0,0,1
BANKNIFTY14AUG2455600CE.NFO,2024-07-26,13:10:00,2024-08-14,48.0,48.0,48.0,48.0,0,0,1
BANKNIFTY14AUG2455600CE.NFO,2024-07-26,13:11:00,2024-08-14,48.0,48.0,48.0,48.0,0,0,1
BANKNIFTY14AUG2455600CE.NFO,2024-07-26,13:12:00,2024-08-14,48.0,48.0,48.0,48.0,0,0,1
BANKNIFTY14AUG2455600CE.NFO,2024-07-26,13:13:00,2024-08-14,48.0,48.0,48.0,48.0,0,0,1
BANKNIFTY14AUG2455600CE.NFO,2024-07-26,13:14:00,2024-08-14,48.0,48.0,48.0,48.0,0,0,0
BANKNIFTY14AUG2455600CE.NFO,2024-07-26,13:15:00,2024-08-14,48.0,48.0,48.0,48.0,0,0,0
BANKNIFTY14AUG2455600CE.NFO,2024-07-26,13:16:00,2024-08-14,48.0,48.0,48.0,48.0,0,0,1
BANKNIFTY14AUG2455600CE.NFO,2024-07-26,13:17:00,2024-08-14,48.0,48.0,48.0,48.0,0,0,1
BANKNIFTY14AUG2455600CE.NFO,2024-07-26,13:18:00,2024-08-14,48.0,48.0,48.0,48.0,0,0,1
BANKNIFTY14AUG2455600CE.NFO,2024-07-26,13:19:00,2024-08-14,48.0,48.0,48.0,48.0,0,0,1
BANKNIFTY14AUG2455600CE.NFO,2024-07-26,13:20:00,2024-08-14,48.0,48.0,48.0,48.0,0,0,1
BANKNIFTY14AUG2455600CE.NFO,2024-07-26,13:21:00,2024-08-14,48.0,48.0,48.0,48.0,0,0,1
BANKNIFTY14AUG2455600CE.NFO,2024-07-26,13:22:00,2024-08-14,48.0,48.0,48.0,48.0,0,0,1
BANKNIFTY14AUG2455600CE.NFO,2024-07-26,13:23:00,2024-08-14,48.0,48.0,48.0,48.0,0,0,1
BANKNIFTY14AUG2455600CE.NFO,2024-07-26,13:24:00,2024-08-14,48.0,48.0,48.0,48.0,0,0,1
BANKNIFTY14AUG2455600CE.NFO,2024-07-26,13:25:00,2024-08-14,48.0,48.0,48.0,48.0,0,0,1
BANKNIFTY14AUG2455600CE.NFO,2024-07-26,13:26:00,2024-08-14,48.0,48.0,48.0,48.0,0,0,1
BANKNIFTY14AUG2455600CE.NFO,2024-07-26,13:27:00,2024-08-14,48.0,48.0,48.0,48.0,0,0,1
BANKNIFTY14AUG2455600CE.NFO,2024-07-26,13:28:00,2024-08-14,48.0,48.0,48.0,48.0,0,0,1
BANKNIFTY14AUG2455600CE.NFO,2024-07-26,13:29:00,2024-08-14,48.0,48.0,48.0,48.0,0,0,1
BANKNIFTY14AUG2455600CE.NFO,2024-07-26,13:30:00,2024-08-14,48.0,48.0,48.0,48.0,0,0,0
BANKNIFTY14AUG2455600CE.NFO,2024-07-26,13:31:00,2024-08-14,48.0,48.0,48.0,48.0,0,0,1
BANKNIFTY14AUG2455600CE.NFO,2024-07-26,13:32:00,2024-08-14,48.0,48.0,48.0,48.0,0,0,1
BANKNIFTY14AUG2455600CE.NFO,2024-07-26,13:33:00,2024-08-14,48.0,48.0,48.0,48.0,0,0,1
BANKNIFTY14AUG2455600CE.NFO,2024-07-26,13:34:00,2024-08-14,48.0,48.0,48.0,48.0,0,0,0
BANKNIFTY14AUG2455600CE.NFO,2024-07-26,13:35:00,2024-08-14,48.0,48.0,48.0,48.0,0,0,1
BANKNIFTY14AUG2455600CE.NFO,2024-07-26,13:36:00,2024-08-14,48.0,48.0,48.0,48.0,0,0,1
BANKNIFTY14AUG2455600CE.NFO,2024-07-26,13:37:00,2024-08-14,48.0,48.0,48.0,48.0,0,0,1
BANKNIFTY14AUG2455600CE.NFO,2024-07-26,13:38:00,2024-08-14,48.0,48.0,48.0,48.0,0,0,1
BANKNIFTY14AUG2455600CE.NFO,2024-07-26,13:39:00,2024-08-14,48.0,48.0,48.0,48.0,0,0,0
BANKNIFTY14AUG2455600CE.NFO,2024-07-26,13:40:00,2024-08-14,48.0,48.0,48.0,48.0,0,0,0
BANKNIFTY14AUG2455600CE.NFO,2024-07-26,13:41:00,2024-08-14,48.0,48.0,48.0,48.0,0,0,1
BANKNIFTY14AUG2455600CE.NFO,2024-07-26,13:42:00,2024-08-14,48.0,48.0,48.0,48.0,0,0,1
BANKNIFTY14AUG2455600CE.NFO,2024-07-26,13:43:00,2024-08-14,48.0,48.0,48.0,48.0,0,0,1
BANKNIFTY14AUG2455600CE.NFO,2024-07-26,13:44:00,2024-08-14,48.0,48.0,48.0,48.0,0,0,1
BANKNIFTY14AUG2455600CE.NFO,2024-07-26,13:45:00,2024-08-14,48.0,48.0,48.0,48.0,0,0,0
BANKNIFTY14AUG2455600CE.NFO,2024-07-26,13:46:00,2024-08-14,48.0,48.0,48.0,48.0,0,0,1
BANKNIFTY14AUG2455600CE.NFO,2024-07-26,13:47:00,2024-08-14,48.0,48.0,48.0,48.0,0,0,1
BANKNIFTY14AUG2455600CE.NFO,2024-07-26,13:48:00,2024-08-14,48.0,48.0,48.0,48.0,0,0,1
BANKNIFTY14AUG2455600CE.NFO,2024-07-26,13:49:00,2024-08-14,48.0,48.0,48.0,48.0,0,0,1
BANKNIFTY14AUG2455600CE.NFO,2024-07-26,13:50:00,2024-08-14,48.0,48.0,48.0,48.0,0,0,1
BANKNIFTY14AUG2455600CE.NFO,2024-07-26,13:51:00,2024-08-14,48.0,48.0,48.0,48.0,0,0,1
BANKNIFTY14AUG2455600CE.NFO,2024-07-26,13:52:00,2024-08-14,48.0,48.0,48.0,48.0,0,0,1
BANKNIFTY14AUG2455600CE.NFO,2024-07-26,13:53:00,2024-08-14,48.0,48.0,48.0,48.0,0,0,0
BANKNIFTY14AUG2455600CE.NFO,2024-07-26,13:54:00,2024-08-14,48.0,48.0,48.0,48.0,0,0,1
BANKNIFTY14AUG2455600CE.NFO,2024-07-26,13:55:00,2024-08-14,48.0,48.0,48.0,48.0,0,0,1
BANKNIFTY14AUG2455600CE.NFO,2024-07-26,13:56:00,2024-08-14,48.0,48.0,48.0,48.0,0,0,1
BANKNIFTY14AUG2455600CE.NFO,2024-07-26,13:57:00,2024-08-14,48.0,48.0,48.0,48.0,0,0,1
BANKNIFTY14AUG2455600CE.NFO,2024-07-26,13:58:00,2024-08-14,48.0,48.0,48.0,48.0,0,0,1
BANKNIFTY14AUG2455600CE.NFO,2024-07-26,13:59:00,2024-08-14,48.0,48.0,48.0,48.0,0,0,1
BANKNIFTY14AUG2455600CE.NFO,2024-07-26,14:00:00,2024-08-14,48.0,48.0,48.0,48.0,0,0,0
BANKNIFTY14AUG2455600CE.NFO,2024-07-26,14:01:00,2024-08-14,48.0,48.0,48.0,48.0,0,0,1
BANKNIFTY14AUG2455600CE.NFO,2024-07-26,14:02:00,2024-08-14,48.0,48.0,48.0,48.0,0,0,1
BANKNIFTY14AUG2455600CE.NFO,2024-07-26,14:03:00,2024-08-14,48.0,48.0,48.0,48.0,0,0,1
BANKNIFTY14AUG2455600CE.NFO,2024-07-26,14:04:00,2024-08-14,48.0,48.0,48.0,48.0,0,0,1
BANKNIFTY14AUG2455600CE.NFO,2024-07-26,14:05:00,2024-08-14,48.0,48.0,48.0,48.0,0,0,1
BANKNIFTY14AUG2455600CE.NFO,2024-07-26,14:06:00,2024-08-14,48.0,48.0,48.0,48.0,0,0,1
BANKNIFTY14AUG2455600CE.NFO,2024-07-26,14:07:00,2024-08-14,48.0,48.0,48.0,48.0,0,0,1
BANKNIFTY14AUG2455600CE.NFO,2024-07-26,14:08:00,2024-08-14,48.0,48.0,48.0,48.0,0,0,1
BANKNIFTY14AUG2455600CE.NFO,2024-07-26,14:09:00,2024-08-14,48.0,48.0,48.0,48.0,0,0,1
BANKNIFTY14AUG2455600CE.NFO,2024-07-26,14:10:00,2024-08-14,48.0,48.0,48.0,48.0,0,0,1
BANKNIFTY14AUG2455600CE.NFO,2024-07-26,14:11:00,2024-08-14,48.0,48.0,48.0,48.0,0,0,1
BANKNIFTY14AUG2455600CE.NFO,2024-07-26,14:12:00,2024-08-14,48.0,48.0,48.0,48.0,0,0,1
BANKNIFTY14AUG2455600CE.NFO,2024-07-26,14:13:00,2024-08-14,48.0,48.0,48.0,48.0,0,0,1
BANKNIFTY14AUG2455600CE.NFO,2024-07-26,14:14:00,2024-08-14,48.0,48.0,48.0,48.0,0,0,1
BANKNIFTY14AUG2455600CE.NFO,2024-07-26,14:15:00,2024-08-14,48.0,48.0,48.0,48.0,0,0,0
BANKNIFTY14AUG2455600CE.NFO,2024-07-26,14:16:00,2024-08-14,48.0,48.0,48.0,48.0,0,0,1
BANKNIFTY14AUG2455600CE.NFO,2024-07-26,14:17:00,2024-08-14,48.0,48.0,48.0,48.0,0,0,1
BANKNIFTY14AUG2455600CE.NFO,2024-07-26,14:18:00,2024-08-14,48.0,48.0,48.0,48.0,0,0,1
BANKNIFTY14AUG2455600CE.NFO,2024-07-26,14:19:00,2024-08-14,48.0,48.0,48.0,48.0,0,0,1
BANKNIFTY14AUG2455600CE.NFO,2024-07-26,14:20:00,2024-08-14,48.0,48.0,48.0,48.0,0,0,1
BANKNIFTY14AUG2455600CE.NFO,2024-07-26,14:21:00,2024-08-14,48.0,48.0,48.0,48.0,0,0,0
BANKNIFTY14AUG2455600CE.NFO,2024-07-26,14:22:00,2024-08-14,48.0,48.0,48.0,48.0,0,0,1
BANKNIFTY14AUG2455600CE.NFO,2024-07-26,14:23:00,2024-08-14,48.0,48.0,48.0,48.0,0,0,1
BANKNIFTY14AUG2455600CE.NFO,2024-07-26,14:24:00,2024-08-14,48.0,48.0,48.0,48.0,0,0,1
BANKNIFTY14AUG2455600CE.NFO,2024-07-26,14:25:00,2024-08-14,48.0,48.0,48.0,48.0,0,0,1
BANKNIFTY14AUG2455600CE.NFO,2024-07-26,14:26:00,2024-08-14,48.0,48.0,48.0,48.0,0,0,1
BANKNIFTY14AUG2455600CE.NFO,2024-07-26,14:27:00,2024-08-14,48.0,48.0,48.0,48.0,0,0,1
BANKNIFTY14AUG2455600CE.NFO,2024-07-26,14:28:00,2024-08-14,48.0,48.0,48.0,48.0,0,0,1
BANKNIFTY14AUG2455600CE.NFO,2024-07-26,14:29:00,2024-08-14,48.0,48.0,48.0,48.0,0,0,1
BANKNIFTY14AUG2455600CE.NFO,2024-07-26,14:30:00,2024-08-14,48.0,48.0,48.0,48.0,0,0,0
BANKNIFTY14AUG2455600CE.NFO,2024-07-26,14:31:00,2024-08-14,48.0,48.0,48.0,48.0,0,0,1
BANKNIFTY14AUG2455600CE.NFO,2024-07-26,14:32:00,2024-08-14,48.0,48.0,48.0,48.0,0,0,1
BANKNIFTY14AUG2455600CE.NFO,2024-07-26,14:33:00,2024-08-14,48.0,48.0,48.0,48.0,0,0,1
BANKNIFTY14AUG2455600CE.NFO,2024-07-26,14:34:00,2024-08-14,48.0,48.0,48.0,48.0,0,0,1
BANKNIFTY14AUG2455600CE.NFO,2024-07-26,14:35:00,2024-08-14,48.0,48.0,48.0,48.0,0,0,1
BANKNIFTY14AUG2455600CE.NFO,2024-07-26,14:36:00,2024-08-14,48.0,48.0,48.0,48.0,0,0,1
BANKNIFTY14AUG2455600CE.NFO,2024-07-26,14:37:00,2024-08-14,48.0,48.0,48.0,48.0,0,0,1
BANKNIFTY14AUG2455600CE.NFO,2024-07-26,14:38:00,2024-08-14,48.0,48.0,48.0,48.0,0,0,1
BANKNIFTY14AUG2455600CE.NFO,2024-07-26,14:39:00,2024-08-14,48.0,48.0,48.0,48.0,0,0,0
BANKNIFTY14AUG2455600CE.NFO,2024-07-26,14:40:00,2024-08-14,48.0,48.0,48.0,48.0,0,0,1
BANKNIFTY14AUG2455600CE.NFO,2024-07-26,14:41:00,2024-08-14,48.0,48.0,48.0,48.0,0,0,1
BANKNIFTY14AUG2455600CE.NFO,2024-07-26,14:42:00,2024-08-14,48.0,48.0,48.0,48.0,0,0,1
BANKNIFTY14AUG2455600CE.NFO,2024-07-26,14:43:00,2024-08-14,48.0,48.0,48.0,48.0,0,0,1
BANKNIFTY14AUG2455600CE.NFO,2024-07-26,14:44:00,2024-08-14,48.0,48.0,48.0,48.0,0,0,1
BANKNIFTY14AUG2455600CE.NFO,2024-07-26,14:45:00,2024-08-14,48.0,48.0,48.0,48.0,0,0,0
BANKNIFTY14AUG2455600CE.NFO,2024-07-26,14:46:00,2024-08-14,48.0,48.0,48.0,48.0,0,0,1
BANKNIFTY14AUG2455600CE.NFO,2024-07-26,14:47:00,2024-08-14,48.0,48.0,48.0,48.0,0,0,0
BANKNIFTY14AUG2455600CE.NFO,2024-07-26,14:48:00,2024-08-14,48.0,48.0,48.0,48.0,0,0,0
BANKNIFTY14AUG2455600CE.NFO,2024-07-26,14:49:00,2024-08-14,48.0,48.0,48.0,48.0,0,0,1
BANKNIFTY14AUG2455600CE.NFO,2024-07-26,14:50:00,2024-08-14,48.0,48.0,48.0,48.0,0,0,1
BANKNIFTY14AUG2455600CE.NFO,2024-07-26,14:51:00,2024-08-14,48.0,48.0,48.0,48.0,0,0,1
BANKNIFTY14AUG2455600CE.NFO,2024-07-26,14:52:00,2024-08-14,48.0,48.0,48.0,48.0,0,0,0
BANKNIFTY14AUG2455600CE.NFO,2024-07-26,14:53:00,2024-08-14,48.0,48.0,48.0,48.0,0,0,1
BANKNIFTY14AUG2455600CE.NFO,2024-07-26,14:54:00,2024-08-14,48.0,48.0,48.0,48.0,0,0,1
BANKNIFTY14AUG2455600CE.NFO,2024-07-26,14:55:00,2024-08-14,48.0,48.0,48.0,48.0,0,0,1
BANKNIFTY14AUG2455600CE.NFO,2024-07-26,14:56:00,2024-08-14,48.0,48.0,48.0,48.0,0,0,0
BANKNIFTY14AUG2455600CE.NFO,2024-07-26,14:57:00,2024-08-14,48.0,48.0,48.0,48.0,0,0,1
BANKNIFTY14AUG2455600CE.NFO,2024-07-26,14:58:00,2024-08-14,48.0,48.0,48.0,48.0,0,0,1
BANKNIFTY14AUG2455600CE.NFO,2024-07-26,14:59:00,2024-08-14,48.0,48.0,48.0,48.0,0,0,1
BANKNIFTY14AUG2455600CE.NFO,2024-07-26,15:00:00,2024-08-14,48.0,48.0,48.0,48.0,0,0,0
BANKNIFTY14AUG2455600CE.NFO,2024-07-26,15:01:00,2024-08-14,48.0,48.0,48.0,48.0,0,0,1
BANKNIFTY14AUG2455600CE.NFO,2024-07-26,15:02:00,2024-08-14,48.0,48.0,48.0,48.0,0,0,1
BANKNIFTY14AUG2455600CE.NFO,2024-07-26,15:03:00,2024-08-14,48.0,48.0,48.0,48.0,0,0,1
BANKNIFTY14AUG2455600CE.NFO,2024-07-26,15:04:00,2024-08-14,48.0,48.0,48.0,48.0,0,0,1
BANKNIFTY14AUG2455600CE.NFO,2024-07-26,15:05:00,2024-08-14,48.0,48.0,48.0,48.0,0,0,1
BANKNIFTY14AUG2455600CE.NFO,2024-07-26,15:06:00,2024-08-14,48.0,48.0,48.0,48.0,0,0,1
BANKNIFTY14AUG2455600CE.NFO,2024-07-26,15:07:00,2024-08-14,48.0,48.0,48.0,48.0,0,0,1
BANKNIFTY14AUG2455600CE.NFO,2024-07-26,15:08:00,2024-08-14,48.0,48.0,48.0,48.0,0,0,1
BANKNIFTY14AUG2455600CE.NFO,2024-07-26,15:09:00,2024-08-14,48.0,48.0,48.0,48.0,0,0,1
BANKNIFTY14AUG2455600CE.NFO,2024-07-26,15:10:00,2024-08-14,48.0,48.0,48.0,48.0,0,0,1
BANKNIFTY14AUG2455600CE.NFO,2024-07-26,15:11:00,2024-08-14,48.0,48.0,48.0,48.0,0,0,1
BANKNIFTY14AUG2455600CE.NFO,2024-07-26,15:12:00,2024-08-14,48.0,48.0,48.0,48.0,0,0,1
BANKNIFTY14AUG2455600CE.NFO,2024-07-26,15:13:00,2024-08-14,48.0,48.0,48.0,48.0,0,0,1
BANKNIFTY14AUG2455600CE.NFO,2024-07-26,15:14:00,2024-08-14,48.0,48.0,48.0,48.0,0,0,1
BANKNIFTY14AUG2455600CE.NFO,2024-07-26,15:15:00,2024-08-14,48.0,48.0,48.0,48.0,0,0,0
BANKNIFTY14AUG2455600CE.NFO,2024-07-26,15:16:00,2024-08-14,48.0,48.0,48.0,48.0,0,0,1
BANKNIFTY14AUG2455600CE.NFO,2024-07-26,15:17:00,2024-08-14,48.0,48.0,48.0,48.0,0,0,1
BANKNIFTY14AUG2455600CE.NFO,2024-07-26,15:18:00,2024-08-14,48.0,48.0,48.0,48.0,0,0,1
BANKNIFTY14AUG2455600CE.NFO,2024-07-26,15:19:00,2024-08-14,48.0,48.0,48.0,48.0,0,0,1
BANKNIFTY14AUG2455600CE.NFO,2024-07-26,15:20:00,2024-08-14,48.0,48.0,48.0,48.0,0,0,1
BANKNIFTY14AUG2455600CE.NFO,2024-07-26,15:21:00,2024-08-14,48.0,48.0,48.0,48.0,0,0,1
BANKNIFTY14AUG2455600CE.NFO,2024-07-26,15:22:00,2024-08-14,48.0,48.0,48.0,48.0,0,0,1
BANKNIFTY14AUG2455600CE.NFO,2024-07-26,15:23:00,2024-08-14,48.0,48.0,48.0,48.0,0,0,1
BANKNIFTY14AUG2455600CE.NFO,2024-07-26,15:24:00,2024-08-14,48.0,48.0,48.0,48.0,0,0,1
BANKNIFTY14AUG2455600CE.NFO,2024-07-26,15:25:00,2024-08-14,48.0,48.0,48.0,48.0,0,0,1
BANKNIFTY14AUG2455600CE.NFO,2024-07-26,15:26:00,2024-08-14,48.0,48.0,48.0,48.0,0,0,1
BANKNIFTY14AUG2455600CE.NFO,2024-07-26,15:27:00,2024-08-14,48.0,48.0,48.0,48.0,0,0,1
BANKNIFTY14AUG2455600CE.NFO,2024-07-26,15:28:00,2024-08-14,48.0,48.0,48.0,48.0,0,0,1
BANKNIFTY14AUG2455600CE.NFO,2024-07-26,15:29:00,2024-08-14,48.0,48.0,48.0,48.0,0,0,0
BANKNIFTY14AUG2455600CE.NFO,2024-07-26,15:30:00,2024-08-14,48.0,48.0,48.0,48.0,0,0,1
BANKNIFTY14AUG2455600CE.NFO,2024-08-02,09:15:00,2024-08-14,23.2,23.2,23.2,23.2,0,15,0
BANKNIFTY14AUG2455600CE.NFO,2024-08-02,09:16:00,2024-08-14,23.2,23.2,7.5,7.5,0,15,0
BANKNIFTY14AUG2455600CE.NFO,2024-08-02,09:17:00,2024-08-14,7.5,7.5,7.5,7.5,120,15,0
BANKNIFTY14AUG2455600CE.NFO,2024-08-02,09:18:00,2024-08-14,7.5,7.5,7.5,7.5,0,15,0
BANKNIFTY14AUG2455600CE.NFO,2024-08-02,09:19:00,2024-08-14,7.5,7.5,7.5,7.5,0,15,0
BANKNIFTY14AUG2455600CE.NFO,2024-08-02,09:20:00,2024-08-14,7.5,7.5,7.5,7.5,0,15,0
BANKNIFTY14AUG2455600CE.NFO,2024-08-02,09:21:00,2024-08-14,7.5,7.5,7.5,7.5,0,15,0
BANKNIFTY14AUG2455600CE.NFO,2024-08-02,09:22:00,2024-08-14,7.5,7.5,7.5,7.5,0,15,1
BANKNIFTY14AUG2455600CE.NFO,2024-08-02,09:23:00,2024-08-14,7.5,7.5,7.5,7.5,0,15,0
BANKNIFTY14AUG2455600CE.NFO,2024-08-02,09:24:00,2024-08-14,7.5,7.5,7.5,7.5,0,15,0
BANKNIFTY14AUG2455600CE.NFO,2024-08-02,09:25:00,2024-08-14,7.5,7.5,7.5,7.5,0,15,0
BANKNIFTY14AUG2455600CE.NFO,2024-08-02,09:26:00,2024-08-14,7.5,7.5,7.5,7.5,0,15,0
BANKNIFTY14AUG2455600CE.NFO,2024-08-02,09:27:00,2024-08-14,7.5,7.5,7.5,7.5,0,15,0
BANKNIFTY14AUG2455600CE.NFO,2024-08-02,09:28:00,2024-08-14,7.5,8.4,7.5,8.4,945,135,0
BANKNIFTY14AUG2455600CE.NFO,2024-08-02,09:29:00,2024-08-14,8.4,8.4,8.4,8.4,135,135,0
BANKNIFTY14AUG2455600CE.NFO,2024-08-02,09:30:00,2024-08-14,8.4,8.4,8.4,8.4,0,135,0
BANKNIFTY14AUG2455600CE.NFO,2024-08-02,09:31:00,2024-08-14,8.4,8.6,8.4,8.6,165,1080,0
BANKNIFTY14AUG2455600CE.NFO,2024-08-02,09:32:00,2024-08-14,8.6,8.6,8.6,8.6,0,1080,0
BANKNIFTY14AUG2455600CE.NFO,2024-08-02,09:33:00,2024-08-14,8.6,8.6,8.6,8.6,0,1080,0
BANKNIFTY14AUG2455600CE.NFO,2024-08-02,09:34:00,2024-08-14,8.6,8.6,8.6,8.6,0,1080,0
BANKNIFTY14AUG2455600CE.NFO,2024-08-02,09:35:00,2024-08-14,8.6,8.6,8.6,8.6,0,1080,0
BANKNIFTY14AUG2455600CE.NFO,2024-08-02,09:36:00,2024-08-14,8.6,8.6,8.6,8.6,0,1080,0
BANKNIFTY14AUG2455600CE.NFO,2024-08-02,09:37:00,2024-08-14,8.6,8.6,8.6,8.6,0,1080,0
BANKNIFTY14AUG2455600CE.NFO,2024-08-02,09:38:00,2024-08-14,8.6,8.6,8.6,8.6,0,1080,0
BANKNIFTY14AUG2455600CE.NFO,2024-08-02,09:39:00,2024-08-14,8.6,8.9,8.6,8.9,15,1245,0
BANKNIFTY14AUG2455600CE.NFO,2024-08-02,09:40:00,2024-08-14,8.9,8.9,8.9,8.9,0,1245,0
BANKNIFTY14AUG2455600CE.NFO,2024-08-02,09:41:00,2024-08-14,8.9,8.9,8.9,8.9,0,1245,0
BANKNIFTY14AUG2455600CE.NFO,2024-08-02,09:42:00,2024-08-14,8.9,8.9,8.9,8.9,0,1245,0
BANKNIFTY14AUG2455600CE.NFO,2024-08-02,09:43:00,2024-08-14,8.9,8.9,8.9,8.9,0,1245,0
BANKNIFTY14AUG2455600CE.NFO,2024-08-02,09:44:00,2024-08-14,8.9,8.9,8.9,8.9,0,1245,0
BANKNIFTY14AUG2455600CE.NFO,2024-08-02,09:45:00,2024-08-14,8.9,8.9,8.9,8.9,0,1245,0
BANKNIFTY14AUG2455600CE.NFO,2024-08-02,09:46:00,2024-08-14,8.9,8.9,8.9,8.9,0,1245,0
BANKNIFTY14AUG2455600CE.NFO,2024-08-02,09:47:00,2024-08-14,8.9,8.9,8.9,8.9,0,1245,0
BANKNIFTY14AUG2455600CE.NFO,2024-08-02,09:48:00,2024-08-14,8.9,8.9,8.9,8.9,0,1245,0
BANKNIFTY14AUG2455600CE.NFO,2024-08-02,09:49:00,2024-08-14,8.9,8.9,8.9,8.9,0,1245,0
BANKNIFTY14AUG2455600CE.NFO,2024-08-02,09:50:00,2024-08-14,8.9,8.9,8.9,8.9,0,1245,0
BANKNIFTY14AUG2455600CE.NFO,2024-08-02,09:51:00,2024-08-14,8.9,8.9,8.9,8.9,0,1245,0
BANKNIFTY14AUG2455600CE.NFO,2024-08-02,09:52:00,2024-08-14,8.9,8.9,8.9,8.9,0,1245,0
BANKNIFTY14AUG2455600CE.NFO,2024-08-02,09:53:00,2024-08-14,8.9,8.9,8.9,8.9,0,1245,0
BANKNIFTY14AUG2455600CE.NFO,2024-08-02,09:54:00,2024-08-14,8.9,8.9,8.9,8.9,0,1245,0
BANKNIFTY14AUG2455600CE.NFO,2024-08-02,09:55:00,2024-08-14,8.9,8.9,8.9,8.9,0,1245,0
BANKNIFTY14AUG2455600CE.NFO,2024-08-02,09:56:00,2024-08-14,8.9,8.9,8.9,8.9,0,1245,0
BANKNIFTY14AUG2455600CE.NFO,2024-08-02,09:57:00,2024-08-14,8.9,9.0,8.9,9.0,0,1260,0
BANKNIFTY14AUG2455600CE.NFO,2024-08-02,09:58:00,2024-08-14,9.0,9.0,9.0,9.0,45,1260,0
BANKNIFTY14AUG2455600CE.NFO,2024-08-02,09:59:00,2024-08-14,9.0,9.0,9.0,9.0,0,1260,0
BANKNIFTY14AUG2455600CE.NFO,2024-08-02,10:00:00,2024-08-14,9.0,9.0,9.0,9.0,0,1260,0
BANKNIFTY14AUG2455600CE.NFO,2024-08-02,10:01:00,2024-08-14,9.0,9.0,9.0,9.0,0,1260,0
BANKNIFTY14AUG2455600CE.NFO,2024-08-02,10:02:00,2024-08-14,9.0,9.0,9.0,9.0,0,1260,0
BANKNIFTY14AUG2455600CE.NFO,2024-08-02,10:03:00,2024-08-14,9.0,9.0,9.0,9.0,0,1260,0
BANKNIFTY14AUG2455600CE.NFO,2024-08-02,10:04:00,2024-08-14,9.0,9.0,9.0,9.0,0,1260,0
BANKNIFTY14AUG2455600CE.NFO,2024-08-02,10:05:00,2024-08-14,9.0,9.0,9.0,9.0,0,1260,0
BANKNIFTY14AUG2455600CE.NFO,2024-08-02,10:06:00,2024-08-14,9.0,9.0,9.0,9.0,0,1260,0
BANKNIFTY14AUG2455600CE.NFO,2024-08-02,10:07:00,2024-08-14,9.0,9.0,9.0,9.0,0,1260,0
BANKNIFTY14AUG2455600CE.NFO,2024-08-02,10:08:00,2024-08-14,9.0,9.0,9.0,9.0,0,1260,0
BANKNIFTY14AUG2455600CE.NFO,2024-08-02,10:09:00,2024-08-14,9.0,9.0,9.0,9.0,0,1260,0
BANKNIFTY14AUG2455600CE.NFO,2024-08-02,10:10:00,2024-08-14,9.0,9.0,9.0,9.0,0,1260,0
BANKNIFTY14AUG2455600CE.NFO,2024-08-02,10:11:00,2024-08-14,9.0,9.0,9.0,9.0,0,1260,0
BANKNIFTY14AUG2455600CE.NFO,2024-08-02,10:12:00,2024-08-14,9.0,9.0,9.0,9.0,0,1260,0
BANKNIFTY14AUG2455600CE.NFO,2024-08-02,10:13:00,2024-08-14,9.0,9.0,9.0,9.0,0,1260,0
BANKNIFTY14AUG2455600CE.NFO,2024-08-02,10:14:00,2024-08-14,9.0,9.0,9.0,9.0,0,1260,0
BANKNIFTY14AUG2455600CE.NFO,2024-08-02,10:15:00,2024-08-14,9.0,9.0,9.0,9.0,0,1260,0
BANKNIFTY14AUG2455600CE.NFO,2024-08-02,10:16:00,2024-08-14,9.0,9.0,9.0,9.0,0,1260,0
BANKNIFTY14AUG2455600CE.NFO,2024-08-02,10:17:00,2024-08-14,9.0,9.0,9.0,9.0,0,1260,0
BANKNIFTY14AUG2455600CE.NFO,2024-08-02,10:18:00,2024-08-14,9.0,9.0,9.0,9.0,0,1260,0
BANKNIFTY14AUG2455600CE.NFO,2024-08-02,10:19:00,2024-08-14,9.0,9.0,9.0,9.0,0,1260,0
BANKNIFTY14AUG2455600CE.NFO,2024-08-02,10:20:00,2024-08-14,9.0,9.0,9.0,9.0,0,1260,0
BANKNIFTY14AUG2455600CE.NFO,2024-08-02,10:21:00,2024-08-14,9.0,9.0,9.0,9.0,0,1260,0
BANKNIFTY14AUG2455600CE.NFO,2024-08-02,10:22:00,2024-08-14,9.0,9.0,9.0,9.0,0,1260,0
BANKNIFTY14AUG2455600CE.NFO,2024-08-02,10:23:00,2024-08-14,9.0,9.0,9.0,9.0,0,1260,0
BANKNIFTY14AUG2455600CE.NFO,2024-08-02,10:24:00,2024-08-14,9.0,9.0,9.0,9.0,0,1260,0
BANKNIFTY14AUG2455600CE.NFO,2024-08-02,10:25:00,2024-08-14,9.0,9.0,9.0,9.0,0,1260,0
BANKNIFTY14AUG2455600CE.NFO,2024-08-02,10:26:00,2024-08-14,9.0,9.0,9.0,9.0,0,1260,0
BANKNIFTY14AUG2455600CE.NFO,2024-08-02,10:27:00,2024-08-14,9.0,9.0,9.0,9.0,0,1260,0
BANKNIFTY14AUG2455600CE.NFO,2024-08-02,10:28:00,2024-08-14,9.0,9.0,9.0,9.0,0,1260,0
BANKNIFTY14AUG2455600CE.NFO,2024-08-02,10:29:00,2024-08-14,9.0,9.0,9.0,9.0,0,1260,0
BANKNIFTY14AUG2455600CE.NFO,2024-08-02,10:30:00,2024-08-14,9.0,9.0,9.0,9.0,0,1260,0
BANKNIFTY14AUG2455600CE.NFO,2024-08-02,10:31:00,2024-08-14,9.0,9.0,9.0,9.0,0,1260,0
BANKNIFTY14AUG2455600CE.NFO,2024-08-02,10:32:00,2024-08-14,9.0,9.0,9.0,9.0,0,1260,0
BANKNIFTY14AUG2455600CE.NFO,2024-08-02,10:33:00,2024-08-14,9.0,9.0,9.0,9.0,0,1260,0
BANKNIFTY14AUG2455600CE.NFO,2024-08-02,10:34:00,2024-08-14,9.0,9.0,9.0,9.0,0,1260,0
BANKNIFTY14AUG2455600CE.NFO,2024-08-02,10:35:00,2024-08-14,9.0,9.0,9.0,9.0,0,1260,0
BANKNIFTY14AUG2455600CE.NFO,2024-08-02,10:36:00,2024-08-14,9.0,9.0,9.0,9.0,0,1260,0
BANKNIFTY14AUG2455600CE.NFO,2024-08-02,10:37:00,2024-08-14,9.0,9.0,9.0,9.0,0,1260,0
BANKNIFTY14AUG2455600CE.NFO,2024-08-02,10:38:00,2024-08-14,9.0,9.0,9.0,9.0,0,1260,0
BANKNIFTY14AUG2455600CE.NFO,2024-08-02,10:39:00,2024-08-14,9.0,9.0,9.0,9.0,0,1260,0
BANKNIFTY14AUG2455600CE.NFO,2024-08-02,10:40:00,2024-08-14,9.0,9.0,9.0,9.0,0,1260,0
BANKNIFTY14AUG2455600CE.NFO,2024-08-02,10:41:00,2024-08-14,9.0,9.0,9.0,9.0,0,1260,0
BANKNIFTY14AUG2455600CE.NFO,2024-08-02,10:42:00,2024-08-14,9.0,9.0,9.0,9.0,0,1260,0
BANKNIFTY14AUG2455600CE.NFO,2024-08-02,10:43:00,2024-08-14,9.0,9.0,9.0,9.0,0,1260,0
BANKNIFTY14AUG2455600CE.NFO,2024-08-02,10:44:00,2024-08-14,9.0,9.0,9.0,9.0,0,1260,0
BANKNIFTY14AUG2455600CE.NFO,2024-08-02,10:45:00,2024-08-14,9.0,9.0,9.0,9.0,0,1260,0
BANKNIFTY14AUG2455600CE.NFO,2024-08-02,10:46:00,2024-08-14,9.0,9.0,9.0,9.0,0,1260,0
BANKNIFTY14AUG2455600CE.NFO,2024-08-02,10:47:00,2024-08-14,9.0,9.0,9.0,9.0,0,1260,0
BANKNIFTY14AUG2455600CE.NFO,2024-08-02,10:48:00,2024-08-14,9.0,9.0,9.0,9.0,0,1260,0
BANKNIFTY14AUG2455600CE.NFO,2024-08-02,10:49:00,2024-08-14,9.0,9.0,9.0,9.0,0,1260,0
BANKNIFTY14AUG2455600CE.NFO,2024-08-02,10:50:00,2024-08-14,9.0,9.0,9.0,9.0,0,1260,0
BANKNIFTY14AUG2455600CE.NFO,2024-08-02,10:51:00,2024-08-14,9.0,9.0,9.0,9.0,0,1260,0
BANKNIFTY14AUG2455600CE.NFO,2024-08-02,10:52:00,2024-08-14,9.0,9.0,9.0,9.0,0,1260,0
BANKNIFTY14AUG2455600CE.NFO,2024-08-02,10:53:00,2024-08-14,9.0,9.0,9.0,9.0,0,1260,0
BANKNIFTY14AUG2455600CE.NFO,2024-08-02,10:54:00,2024-08-14,9.0,9.0,9.0,9.0,0,1260,0
BANKNIFTY14AUG2455600CE.NFO,2024-08-02,10:55:00,2024-08-14,9.0,9.0,9.0,9.0,0,1260,0
BANKNIFTY14AUG2455600CE.NFO,2024-08-02,10:56:00,2024-08-14,9.0,9.0,9.0,9.0,0,1260,0
BANKNIFTY14AUG2455600CE.NFO,2024-08-02,10:57:00,2024-08-14,9.0,9.0,9.0,9.0,0,1260,0
BANKNIFTY14AUG2455600CE.NFO,2024-08-02,10:58:00,2024-08-14,9.0,9.0,9.0,9.0,0,1260,0
BANKNIFTY14AUG2455600CE.NFO,2024-08-02,10:59:00,2024-08-14,9.0,9.0,9.0,9.0,0,1260,0
BANKNIFTY14AUG2455600CE.NFO,2024-08-02,11:00:00,2024-08-14,9.0,9.0,9.0,9.0,0,1260,0
BANKNIFTY14AUG2455600CE.NFO,2024-08-02,11:01:00,2024-08-14,9.0,9.0,9.0,9.0,0,1260,0
BANKNIFTY14AUG2455600CE.NFO,2024-08-02,11:02:00,2024-08-14,9.0,9.0,8.1,8.1,30,1260,0
BANKNIFTY14AUG2455600CE.NFO,2024-08-02,11:03:00,2024-08-14,8.1,8.1,8.1,8.1,0,1260,0
BANKNIFTY14AUG2455600CE.NFO,2024-08-02,11:04:00,2024-08-14,8.1,8.1,8.1,8.1,0,1260,0
BANKNIFTY14AUG2455600CE.NFO,2024-08-02,11:05:00,2024-08-14,8.1,8.1,8.1,8.1,0,1260,0
BANKNIFTY14AUG2455600CE.NFO,2024-08-02,11:06:00,2024-08-14,8.1,8.1,8.1,8.1,0,1260,0
BANKNIFTY14AUG2455600CE.NFO,2024-08-02,11:07:00,2024-08-14,8.1,8.1,8.1,8.1,0,1260,0
BANKNIFTY14AUG2455600CE.NFO,2024-08-02,11:08:00,2024-08-14,8.1,8.1,8.1,8.1,0,1260,0
BANKNIFTY14AUG2455600CE.NFO,2024-08-02,11:09:00,2024-08-14,8.1,8.1,8.1,8.1,0,1260,0
BANKNIFTY14AUG2455600CE.NFO,2024-08-02,11:10:00,2024-08-14,8.1,8.1,8.1,8.1,0,1260,0
BANKNIFTY14AUG2455600CE.NFO,2024-08-02,11:11:00,2024-08-14,8.1,8.1,8.1,8.1,0,1260,0
BANKNIFTY14AUG2455600CE.NFO,2024-08-02,11:12:00,2024-08-14,8.1,8.1,8.1,8.1,0,1260,0
BANKNIFTY14AUG2455600CE.NFO,2024-08-02,11:13:00,2024-08-14,8.1,8.1,8.1,8.1,0,1260,0
BANKNIFTY14AUG2455600CE.NFO,2024-08-02,11:14:00,2024-08-14,8.1,8.1,8.1,8.1,0,1260,0
BANKNIFTY14AUG2455600CE.NFO,2024-08-02,11:15:00,2024-08-14,8.1,8.1,8.1,8.1,0,1260,0
BANKNIFTY14AUG2455600CE.NFO,2024-08-02,11:16:00,2024-08-14,8.1,9.05,8.1,9.05,60,1260,0
BANKNIFTY14AUG2455600CE.NFO,2024-08-02,11:17:00,2024-08-14,9.05,9.05,9.05,9.05,0,1260,0
BANKNIFTY14AUG2455600CE.NFO,2024-08-02,11:18:00,2024-08-14,9.05,9.05,9.05,9.05,0,1260,0
BANKNIFTY14AUG2455600CE.NFO,2024-08-02,11:19:00,2024-08-14,9.05,9.05,9.05,9.05,0,1260,0
BANKNIFTY14AUG2455600CE.NFO,2024-08-02,11:20:00,2024-08-14,9.05,9.05,9.05,9.05,0,1260,0
BANKNIFTY14AUG2455600CE.NFO,2024-08-02,11:21:00,2024-08-14,9.05,9.05,9.05,9.05,0,1260,0
BANKNIFTY14AUG2455600CE.NFO,2024-08-02,11:22:00,2024-08-14,9.05,9.05,9.05,9.05,0,1260,0
BANKNIFTY14AUG2455600CE.NFO,2024-08-02,11:23:00,2024-08-14,9.05,9.05,9.05,9.05,0,1260,0
BANKNIFTY14AUG2455600CE.NFO,2024-08-02,11:24:00,2024-08-14,9.05,9.05,9.05,9.05,0,1260,0
BANKNIFTY14AUG2455600CE.NFO,2024-08-02,11:25:00,2024-08-14,9.05,9.05,9.05,9.05,0,1260,0
BANKNIFTY14AUG2455600CE.NFO,2024-08-02,11:26:00,2024-08-14,9.05,9.05,9.05,9.05,0,1260,0
BANKNIFTY14AUG2455600CE.NFO,2024-08-02,11:27:00,2024-08-14,9.05,9.05,9.05,9.05,0,1260,0
BANKNIFTY14AUG2455600CE.NFO,2024-08-02,11:28:00,2024-08-14,9.05,9.05,9.05,9.05,0,1260,0
BANKNIFTY14AUG2455600CE.NFO,2024-08-02,11:29:00,2024-08-14,9.05,9.05,9.05,9.05,0,1260,0
BANKNIFTY14AUG2455600CE.NFO,2024-08-02,11:30:00,2024-08-14,9.05,9.05,9.05,9.05,0,1260,0
BANKNIFTY14AUG2455600CE.NFO,2024-08-02,11:31:00,2024-08-14,9.05,9.05,9.05,9.05,0,1260,0
BANKNIFTY14AUG2455600CE.NFO,2024-08-02,11:32:00,2024-08-14,9.05,9.05,9.05,9.05,0,1260,0
BANKNIFTY14AUG2455600CE.NFO,2024-08-02,11:33:00,2024-08-14,9.05,9.05,9.05,9.05,0,1260,0
BANKNIFTY14AUG2455600CE.NFO,2024-08-02,11:34:00,2024-08-14,9.05,9.05,9.05,9.05,0,1260,0
BANKNIFTY14AUG2455600CE.NFO,2024-08-02,11:35:00,2024-08-14,9.05,9.05,9.05,9.05,0,1260,0
BANKNIFTY14AUG2455600CE.NFO,2024-08-02,11:36:00,2024-08-14,9.05,9.05,9.05,9.05,0,1260,0
BANKNIFTY14AUG2455600CE.NFO,2024-08-02,11:37:00,2024-08-14,9.05,9.05,9.05,9.05,0,1260,0
BANKNIFTY14AUG2455600CE.NFO,2024-08-02,11:38:00,2024-08-14,9.05,9.05,9.05,9.05,0,1260,0
BANKNIFTY14AUG2455600CE.NFO,2024-08-02,11:39:00,2024-08-14,9.05,9.05,9.05,9.05,0,1260,0
BANKNIFTY14AUG2455600CE.NFO,2024-08-02,11:40:00,2024-08-14,9.05,9.05,9.05,9.05,0,1260,0
BANKNIFTY14AUG2455600CE.NFO,2024-08-02,11:41:00,2024-08-14,9.05,9.05,9.05,9.05,0,1260,0
BANKNIFTY14AUG2455600CE.NFO,2024-08-02,11:42:00,2024-08-14,9.05,9.05,9.05,9.05,0,1260,0
BANKNIFTY14AUG2455600CE.NFO,2024-08-02,11:43:00,2024-08-14,9.05,9.05,9.05,9.05,0,1260,0
BANKNIFTY14AUG2455600CE.NFO,2024-08-02,11:44:00,2024-08-14,9.05,9.05,9.05,9.05,0,1260,0
BANKNIFTY14AUG2455600CE.NFO,2024-08-02,11:45:00,2024-08-14,9.05,9.05,9.05,9.05,0,1260,0
BANKNIFTY14AUG2455600CE.NFO,2024-08-02,11:46:00,2024-08-14,9.05,9.05,9.05,9.05,0,1260,0
BANKNIFTY14AUG2455600CE.NFO,2024-08-02,11:47:00,2024-08-14,9.05,9.05,9.05,9.05,0,1260,0
BANKNIFTY14AUG2455600CE.NFO,2024-08-02,11:48:00,2024-08-14,9.05,9.05,9.05,9.05,0,1260,0
BANKNIFTY14AUG2455600CE.NFO,2024-08-02,11:49:00,2024-08-14,9.05,9.05,9.05,9.05,0,1260,0
BANKNIFTY14AUG2455600CE.NFO,2024-08-02,11:50:00,2024-08-14,9.05,9.05,9.05,9.05,0,1260,0
BANKNIFTY14AUG2455600CE.NFO,2024-08-02,11:51:00,2024-08-14,9.05,9.05,9.05,9.05,0,1260,0
BANKNIFTY14AUG2455600CE.NFO,2024-08-02,11:52:00,2024-08-14,9.05,9.05,9.05,9.05,0,1260,0
BANKNIFTY14AUG2455600CE.NFO,2024-08-02,11:53:00,2024-08-14,9.05,9.05,9.05,9.05,0,1260,0
BANKNIFTY14AUG2455600CE.NFO,2024-08-02,11:54:00,2024-08-14,9.05,9.05,9.05,9.05,0,1260,0
BANKNIFTY14AUG2455600CE.NFO,2024-08-02,11:55:00,2024-08-14,9.05,9.05,9.05,9.05,0,1260,0
BANKNIFTY14AUG2455600CE.NFO,2024-08-02,11:56:00,2024-08-14,9.05,9.05,9.05,9.05,0,1260,0
BANKNIFTY14AUG2455600CE.NFO,2024-08-02,11:57:00,2024-08-14,9.05,9.05,9.05,9.05,0,1260,0
BANKNIFTY14AUG2455600CE.NFO,2024-08-02,11:58:00,2024-08-14,9.05,9.05,9.05,9.05,0,1260,0
BANKNIFTY14AUG2455600CE.NFO,2024-08-02,11:59:00,2024-08-14,9.05,9.05,9.05,9.05,0,1260,0
BANKNIFTY14AUG2455600CE.NFO,2024-08-02,12:00:00,2024-08-14,9.05,9.05,9.05,9.05,0,1260,0
BANKNIFTY14AUG2455600CE.NFO,2024-08-02,12:01:00,2024-08-14,9.05,9.05,9.05,9.05,0,1260,0
BANKNIFTY14AUG2455600CE.NFO,2024-08-02,12:02:00,2024-08-14,9.05,9.05,9.05,9.05,0,1260,0
BANKNIFTY14AUG2455600CE.NFO,2024-08-02,12:03:00,2024-08-14,9.05,9.05,9.05,9.05,0,1260,0
BANKNIFTY14AUG2455600CE.NFO,2024-08-02,12:04:00,2024-08-14,9.05,9.05,9.05,9.05,0,1260,0
BANKNIFTY14AUG2455600CE.NFO,2024-08-02,12:05:00,2024-08-14,9.05,9.05,9.05,9.05,0,1260,0
BANKNIFTY14AUG2455600CE.NFO,2024-08-02,12:06:00,2024-08-14,9.05,9.05,9.05,9.05,0,1260,0
BANKNIFTY14AUG2455600CE.NFO,2024-08-02,12:07:00,2024-08-14,9.05,9.05,9.05,9.05,0,1260,0
BANKNIFTY14AUG2455600CE.NFO,2024-08-02,12:08:00,2024-08-14,9.05,9.05,9.05,9.05,0,1260,0
BANKNIFTY14AUG2455600CE.NFO,2024-08-02,12:09:00,2024-08-14,9.05,9.05,9.05,9.05,0,1260,0
BANKNIFTY14AUG2455600CE.NFO,2024-08-02,12:10:00,2024-08-14,9.05,9.05,9.05,9.05,0,1260,0
BANKNIFTY14AUG2455600CE.NFO,2024-08-02,12:11:00,2024-08-14,9.05,9.05,9.05,9.05,0,1260,0
BANKNIFTY14AUG2455600CE.NFO,2024-08-02,12:12:00,2024-08-14,9.05,9.05,9.05,9.05,0,1260,0
BANKNIFTY14AUG2455600CE.NFO,2024-08-02,12:13:00,2024-08-14,9.05,9.05,9.05,9.05,0,1260,0
BANKNIFTY14AUG2455600CE.NFO,2024-08-02,12:14:00,2024-08-14,9.05,9.05,9.05,9.05,0,1260,0
BANKNIFTY14AUG2455600CE.NFO,2024-08-02,12:15:00,2024-08-14,9.05,9.05,9.05,9.05,0,1260,0
BANKNIFTY14AUG2455600CE.NFO,2024-08-02,12:16:00,2024-08-14,9.05,9.05,9.05,9.05,0,1260,0
BANKNIFTY14AUG2455600CE.NFO,2024-08-02,12:17:00,2024-08-14,9.05,9.05,9.05,9.05,0,1260,0
BANKNIFTY14AUG2455600CE.NFO,2024-08-02,12:18:00,2024-08-14,9.05,9.05,9.05,9.05,0,1260,0
BANKNIFTY14AUG2455600CE.NFO,2024-08-02,12:19:00,2024-08-14,9.05,9.05,9.05,9.05,0,1260,0
BANKNIFTY14AUG2455600CE.NFO,2024-08-02,12:20:00,2024-08-14,9.05,9.05,9.05,9.05,0,1260,0
BANKNIFTY14AUG2455600CE.NFO,2024-08-02,12:21:00,2024-08-14,9.05,9.05,9.05,9.05,0,1260,0
BANKNIFTY14AUG2455600CE.NFO,2024-08-02,12:22:00,2024-08-14,9.05,9.05,9.05,9.05,0,1260,0
BANKNIFTY14AUG2455600CE.NFO,2024-08-02,12:23:00,2024-08-14,9.05,9.05,9.05,9.05,0,1260,0
BANKNIFTY14AUG2455600CE.NFO,2024-08-02,12:24:00,2024-08-14,9.05,9.05,9.05,9.05,0,1260,0
BANKNIFTY14AUG2455600CE.NFO,2024-08-02,12:25:00,2024-08-14,9.05,9.05,9.05,9.05,0,1260,0
BANKNIFTY14AUG2455600CE.NFO,2024-08-02,12:26:00,2024-08-14,9.05,9.05,8.2,8.2,60,1320,0
BANKNIFTY14AUG2455600CE.NFO,2024-08-02,12:27:00,2024-08-14,8.2,8.2,8.2,8.2,0,1320,0
BANKNIFTY14AUG2455600CE.NFO,2024-08-02,12:28:00,2024-08-14,8.2,8.2,8.2,8.2,0,1320,0
BANKNIFTY14AUG2455600CE.NFO,2024-08-02,12:29:00,2024-08-14,8.2,8.2,8.2,8.2,0,1320,0
BANKNIFTY14AUG2455600CE.NFO,2024-08-02,12:30:00,2024-08-14,8.2,8.2,8.2,8.2,0,1320,0
BANKNIFTY14AUG2455600CE.NFO,2024-08-02,12:31:00,2024-08-14,8.2,8.2,8.2,8.2,0,1320,0
BANKNIFTY14AUG2455600CE.NFO,2024-08-02,12:32:00,2024-08-14,8.2,8.2,8.2,8.2,0,1320,0
BANKNIFTY14AUG2455600CE.NFO,2024-08-02,12:33:00,2024-08-14,8.2,8.2,8.2,8.2,0,1320,0
BANKNIFTY14AUG2455600CE.NFO,2024-08-02,12:34:00,2024-08-14,8.2,8.2,8.2,8.2,0,1320,0
BANKNIFTY14AUG2455600CE.NFO,2024-08-02,12:35:00,2024-08-14,8.2,8.2,8.2,8.2,0,1320,0
BANKNIFTY14AUG2455600CE.NFO,2024-08-02,12:36:00,2024-08-14,8.2,8.2,8.2,8.2,0,1320,0
BANKNIFTY14AUG2455600CE.NFO,2024-08-02,12:37:00,2024-08-14,8.2,8.2,8.2,8.2,0,1320,0
BANKNIFTY14AUG2455600CE.NFO,2024-08-02,12:38:00,2024-08-14,8.2,8.2,8.2,8.2,0,1320,0
BANKNIFTY14AUG2455600CE.NFO,2024-08-02,12:39:00,2024-08-14,8.2,8.2,8.2,8.2,0,1320,0
BANKNIFTY14AUG2455600CE.NFO,2024-08-02,12:40:00,2024-08-14,8.2,8.2,8.2,8.2,0,1320,0
BANKNIFTY14AUG2455600CE.NFO,2024-08-02,12:41:00,2024-08-14,8.2,8.2,8.2,8.2,0,1320,0
BANKNIFTY14AUG2455600CE.NFO,2024-08-02,12:42:00,2024-08-14,8.2,8.2,8.2,8.2,0,1320,0
BANKNIFTY14AUG2455600CE.NFO,2024-08-02,12:43:00,2024-08-14,8.2,8.2,8.2,8.2,0,1320,0
BANKNIFTY14AUG2455600CE.NFO,2024-08-02,12:44:00,2024-08-14,8.2,8.2,8.2,8.2,0,1320,0
BANKNIFTY14AUG2455600CE.NFO,2024-08-02,12:45:00,2024-08-14,8.2,8.2,8.2,8.2,0,1320,0
BANKNIFTY14AUG2455600CE.NFO,2024-08-02,12:46:00,2024-08-14,8.2,8.2,8.2,8.2,0,1320,0
BANKNIFTY14AUG2455600CE.NFO,2024-08-02,12:47:00,2024-08-14,8.2,8.2,8.2,8.2,0,1320,0
BANKNIFTY14AUG2455600CE.NFO,2024-08-02,12:48:00,2024-08-14,8.2,8.2,8.2,8.2,0,1320,0
BANKNIFTY14AUG2455600CE.NFO,2024-08-02,12:49:00,2024-08-14,8.2,8.2,8.2,8.2,0,1320,0
BANKNIFTY14AUG2455600CE.NFO,2024-08-02,12:50:00,2024-08-14,8.2,8.2,8.2,8.2,0,1320,0
BANKNIFTY14AUG2455600CE.NFO,2024-08-02,12:51:00,2024-08-14,8.2,8.2,8.2,8.2,0,1320,0
BANKNIFTY14AUG2455600CE.NFO,2024-08-02,12:52:00,2024-08-14,8.2,8.2,8.2,8.2,0,1320,0
BANKNIFTY14AUG2455600CE.NFO,2024-08-02,12:53:00,2024-08-14,8.2,8.2,8.2,8.2,0,1320,0
BANKNIFTY14AUG2455600CE.NFO,2024-08-02,12:54:00,2024-08-14,8.2,8.2,8.2,8.2,0,1320,0
BANKNIFTY14AUG2455600CE.NFO,2024-08-02,12:55:00,2024-08-14,8.2,8.2,8.2,8.2,0,1320,0
BANKNIFTY14AUG2455600CE.NFO,2024-08-02,12:56:00,2024-08-14,8.2,8.2,8.2,8.2,0,1320,0
BANKNIFTY14AUG2455600CE.NFO,2024-08-02,12:57:00,2024-08-14,8.2,8.2,8.2,8.2,0,1320,0
BANKNIFTY14AUG2455600CE.NFO,2024-08-02,12:58:00,2024-08-14,8.2,8.2,8.2,8.2,0,1320,0
BANKNIFTY14AUG2455600CE.NFO,2024-08-02,12:59:00,2024-08-14,8.2,8.2,8.2,8.2,0,1320,0
BANKNIFTY14AUG2455600CE.NFO,2024-08-02,13:00:00,2024-08-14,8.2,8.2,8.2,8.2,0,1320,0
BANKNIFTY14AUG2455600CE.NFO,2024-08-02,13:01:00,2024-08-14,8.2,8.2,8.2,8.2,0,1320,0
BANKNIFTY14AUG2455600CE.NFO,2024-08-02,13:02:00,2024-08-14,8.2,8.2,8.2,8.2,0,1320,0
BANKNIFTY14AUG2455600CE.NFO,2024-08-02,13:03:00,2024-08-14,8.2,8.2,8.2,8.2,0,1320,0
BANKNIFTY14AUG2455600CE.NFO,2024-08-02,13:04:00,2024-08-14,8.2,8.2,8.2,8.2,0,1320,0
BANKNIFTY14AUG2455600CE.NFO,2024-08-02,13:05:00,2024-08-14,8.2,8.2,8.2,8.2,0,1320,0
BANKNIFTY14AUG2455600CE.NFO,2024-08-02,13:06:00,2024-08-14,8.2,8.2,8.2,8.2,0,1320,0
BANKNIFTY14AUG2455600CE.NFO,2024-08-02,13:07:00,2024-08-14,8.2,8.2,8.2,8.2,0,1320,0
BANKNIFTY14AUG2455600CE.NFO,2024-08-02,13:08:00,2024-08-14,8.2,8.2,8.2,8.2,0,1320,0
BANKNIFTY14AUG2455600CE.NFO,2024-08-02,13:09:00,2024-08-14,8.2,8.2,8.2,8.2,0,1320,0
BANKNIFTY14AUG2455600CE.NFO,2024-08-02,13:10:00,2024-08-14,8.2,8.2,8.2,8.2,0,1320,0
BANKNIFTY14AUG2455600CE.NFO,2024-08-02,13:11:00,2024-08-14,8.2,8.2,8.2,8.2,0,1320,0
BANKNIFTY14AUG2455600CE.NFO,2024-08-02,13:12:00,2024-08-14,8.2,8.2,8.2,8.2,0,1320,0
BANKNIFTY14AUG2455600CE.NFO,2024-08-02,13:13:00,2024-08-14,8.2,8.2,8.2,8.2,0,1320,0
BANKNIFTY14AUG2455600CE.NFO,2024-08-02,13:14:00,2024-08-14,8.2,8.2,8.2,8.2,0,1320,0
BANKNIFTY14AUG2455600CE.NFO,2024-08-02,13:15:00,2024-08-14,8.2,8.2,8.2,8.2,0,1320,0
BANKNIFTY14AUG2455600CE.NFO,2024-08-02,13:16:00,2024-08-14,8.2,8.2,8.2,8.2,0,1320,0
BANKNIFTY14AUG2455600CE.NFO,2024-08-02,13:17:00,2024-08-14,8.2,8.2,8.2,8.2,0,1320,0
BANKNIFTY14AUG2455600CE.NFO,2024-08-02,13:18:00,2024-08-14,8.2,8.2,8.2,8.2,0,1320,0
BANKNIFTY14AUG2455600CE.NFO,2024-08-02,13:19:00,2024-08-14,8.2,8.2,8.2,8.2,0,1320,0
BANKNIFTY14AUG2455600CE.NFO,2024-08-02,13:20:00,2024-08-14,8.2,8.2,8.2,8.2,0,1320,0
BANKNIFTY14AUG2455600CE.NFO,2024-08-02,13:21:00,2024-08-14,8.2,8.2,8.2,8.2,0,1320,0
BANKNIFTY14AUG2455600CE.NFO,2024-08-02,13:22:00,2024-08-14,8.2,8.2,8.2,8.2,0,1320,0
BANKNIFTY14AUG2455600CE.NFO,2024-08-02,13:23:00,2024-08-14,8.2,8.2,8.2,8.2,0,1320,0
BANKNIFTY14AUG2455600CE.NFO,2024-08-02,13:24:00,2024-08-14,8.2,8.2,8.2,8.2,0,1320,0
BANKNIFTY14AUG2455600CE.NFO,2024-08-02,13:25:00,2024-08-14,8.2,8.2,8.2,8.2,0,1320,0
BANKNIFTY14AUG2455600CE.NFO,2024-08-02,13:26:00,2024-08-14,8.2,8.2,8.2,8.2,0,1320,0
BANKNIFTY14AUG2455600CE.NFO,2024-08-02,13:27:00,2024-08-14,8.2,8.2,8.2,8.2,150,1260,0
BANKNIFTY14AUG2455600CE.NFO,2024-08-02,13:28:00,2024-08-14,8.2,8.2,8.2,8.2,0,1260,0
BANKNIFTY14AUG2455600CE.NFO,2024-08-02,13:29:00,2024-08-14,8.2,8.2,8.2,8.2,0,1260,0
BANKNIFTY14AUG2455600CE.NFO,2024-08-02,13:30:00,2024-08-14,8.2,8.2,8.2,8.2,0,1260,0
BANKNIFTY14AUG2455600CE.NFO,2024-08-02,13:31:00,2024-08-14,8.2,8.2,8.2,8.2,0,1260,0
BANKNIFTY14AUG2455600CE.NFO,2024-08-02,13:32:00,2024-08-14,8.2,8.2,8.2,8.2,0,1260,0
BANKNIFTY14AUG2455600CE.NFO,2024-08-02,13:33:00,2024-08-14,8.2,8.2,8.2,8.2,0,1260,0
BANKNIFTY14AUG2455600CE.NFO,2024-08-02,13:34:00,2024-08-14,8.2,8.2,8.2,8.2,0,1260,0
BANKNIFTY14AUG2455600CE.NFO,2024-08-02,13:35:00,2024-08-14,8.2,8.2,8.2,8.2,0,1260,0
BANKNIFTY14AUG2455600CE.NFO,2024-08-02,13:36:00,2024-08-14,8.2,8.2,8.2,8.2,0,1260,0
BANKNIFTY14AUG2455600CE.NFO,2024-08-02,13:37:00,2024-08-14,8.2,8.2,8.2,8.2,0,1260,0
BANKNIFTY14AUG2455600CE.NFO,2024-08-02,13:38:00,2024-08-14,8.2,8.2,8.2,8.2,0,1260,0
BANKNIFTY14AUG2455600CE.NFO,2024-08-02,13:39:00,2024-08-14,8.2,8.2,8.2,8.2,0,1260,0
BANKNIFTY14AUG2455600CE.NFO,2024-08-02,13:40:00,2024-08-14,8.2,8.2,8.2,8.2,0,1260,0
BANKNIFTY14AUG2455600CE.NFO,2024-08-02,13:41:00,2024-08-14,8.2,8.2,8.2,8.2,0,1260,0
BANKNIFTY14AUG2455600CE.NFO,2024-08-02,13:42:00,2024-08-14,8.2,8.2,8.2,8.2,0,1260,0
BANKNIFTY14AUG2455600CE.NFO,2024-08-02,13:43:00,2024-08-14,8.2,8.2,8.2,8.2,0,1260,0
BANKNIFTY14AUG2455600CE.NFO,2024-08-02,13:44:00,2024-08-14,8.2,8.2,8.2,8.2,0,1260,0
BANKNIFTY14AUG2455600CE.NFO,2024-08-02,13:45:00,2024-08-14,8.2,8.2,8.2,8.2,0,1260,0
BANKNIFTY14AUG2455600CE.NFO,2024-08-02,13:46:00,2024-08-14,8.2,8.2,8.2,8.2,0,1260,0
BANKNIFTY14AUG2455600CE.NFO,2024-08-02,13:47:00,2024-08-14,8.2,8.2,8.2,8.2,0,1260,0
BANKNIFTY14AUG2455600CE.NFO,2024-08-02,13:48:00,2024-08-14,8.2,8.2,8.2,8.2,0,1260,0
BANKNIFTY14AUG2455600CE.NFO,2024-08-02,13:49:00,2024-08-14,8.2,8.2,8.2,8.2,0,1260,0
BANKNIFTY14AUG2455600CE.NFO,2024-08-02,13:50:00,2024-08-14,8.2,8.2,7.25,7.25,0,1260,0
BANKNIFTY14AUG2455600CE.NFO,2024-08-02,13:51:00,2024-08-14,7.25,7.25,7.25,7.25,15,1260,0
BANKNIFTY14AUG2455600CE.NFO,2024-08-02,13:52:00,2024-08-14,7.25,7.25,7.25,7.25,0,1260,0
BANKNIFTY14AUG2455600CE.NFO,2024-08-02,13:53:00,2024-08-14,7.25,7.25,7.25,7.25,0,1260,0
BANKNIFTY14AUG2455600CE.NFO,2024-08-02,13:54:00,2024-08-14,7.25,7.25,7.25,7.25,0,1260,0
BANKNIFTY14AUG2455600CE.NFO,2024-08-02,13:55:00,2024-08-14,7.25,7.25,7.25,7.25,0,1260,0
BANKNIFTY14AUG2455600CE.NFO,2024-08-02,13:56:00,2024-08-14,7.25,7.25,7.25,7.25,0,1260,0
BANKNIFTY14AUG2455600CE.NFO,2024-08-02,13:57:00,2024-08-14,7.25,7.25,7.25,7.25,0,1260,0
BANKNIFTY14AUG2455600CE.NFO,2024-08-02,13:58:00,2024-08-14,7.25,7.25,7.25,7.25,0,1260,0
BANKNIFTY14AUG2455600CE.NFO,2024-08-02,13:59:00,2024-08-14,7.25,7.25,7.25,7.25,0,1260,0
BANKNIFTY14AUG2455600CE.NFO,2024-08-02,14:00:00,2024-08-14,7.25,7.25,7.25,7.25,0,1260,0
BANKNIFTY14AUG2455600CE.NFO,2024-08-02,14:01:00,2024-08-14,7.25,7.25,7.25,7.25,0,1260,0
BANKNIFTY14AUG2455600CE.NFO,2024-08-02,14:02:00,2024-08-14,7.25,7.25,7.25,7.25,0,1260,0
BANKNIFTY14AUG2455600CE.NFO,2024-08-02,14:03:00,2024-08-14,7.25,7.25,7.25,7.25,0,1260,0
BANKNIFTY14AUG2455600CE.NFO,2024-08-02,14:04:00,2024-08-14,7.25,7.25,7.25,7.25,0,1260,0
BANKNIFTY14AUG2455600CE.NFO,2024-08-02,14:05:00,2024-08-14,7.25,7.25,7.25,7.25,0,1260,0
BANKNIFTY14AUG2455600CE.NFO,2024-08-02,14:06:00,2024-08-14,7.25,7.25,7.25,7.25,0,1260,0
BANKNIFTY14AUG2455600CE.NFO,2024-08-02,14:07:00,2024-08-14,7.25,7.25,7.25,7.25,0,1260,0
BANKNIFTY14AUG2455600CE.NFO,2024-08-02,14:08:00,2024-08-14,7.25,7.25,7.25,7.25,0,1260,0
BANKNIFTY14AUG2455600CE.NFO,2024-08-02,14:09:00,2024-08-14,7.25,7.25,7.25,7.25,0,1260,0
BANKNIFTY14AUG2455600CE.NFO,2024-08-02,14:10:00,2024-08-14,7.25,7.25,7.25,7.25,0,1260,0
BANKNIFTY14AUG2455600CE.NFO,2024-08-02,14:11:00,2024-08-14,7.25,7.25,7.25,7.25,0,1260,0
BANKNIFTY14AUG2455600CE.NFO,2024-08-02,14:12:00,2024-08-14,7.25,7.25,7.25,7.25,0,1260,0
BANKNIFTY14AUG2455600CE.NFO,2024-08-02,14:13:00,2024-08-14,7.25,7.25,7.25,7.25,0,1260,0
BANKNIFTY14AUG2455600CE.NFO,2024-08-02,14:14:00,2024-08-14,7.25,7.25,7.25,7.25,0,1260,0
BANKNIFTY14AUG2455600CE.NFO,2024-08-02,14:15:00,2024-08-14,7.25,7.25,7.25,7.25,0,1260,0
BANKNIFTY14AUG2455600CE.NFO,2024-08-02,14:16:00,2024-08-14,7.25,7.25,7.25,7.25,0,1260,0
BANKNIFTY14AUG2455600CE.NFO,2024-08-02,14:17:00,2024-08-14,7.25,7.25,7.0,7.0,150,1260,0
BANKNIFTY14AUG2455600CE.NFO,2024-08-02,14:18:00,2024-08-14,7.0,7.0,7.0,7.0,255,1260,0
BANKNIFTY14AUG2455600CE.NFO,2024-08-02,14:19:00,2024-08-14,7.0,7.0,7.0,7.0,0,1260,0
BANKNIFTY14AUG2455600CE.NFO,2024-08-02,14:20:00,2024-08-14,7.0,7.0,7.0,7.0,0,1260,0
BANKNIFTY14AUG2455600CE.NFO,2024-08-02,14:21:00,2024-08-14,7.0,7.0,7.0,7.0,0,1260,0
BANKNIFTY14AUG2455600CE.NFO,2024-08-02,14:22:00,2024-08-14,7.0,7.0,7.0,7.0,0,1260,0
BANKNIFTY14AUG2455600CE.NFO,2024-08-02,14:23:00,2024-08-14,7.0,7.0,7.0,7.0,0,1260,0
BANKNIFTY14AUG2455600CE.NFO,2024-08-02,14:24:00,2024-08-14,7.0,7.0,7.0,7.0,0,1260,0
BANKNIFTY14AUG2455600CE.NFO,2024-08-02,14:25:00,2024-08-14,7.0,7.0,7.0,7.0,0,1260,0
BANKNIFTY14AUG2455600CE.NFO,2024-08-02,14:26:00,2024-08-14,7.0,7.0,7.0,7.0,0,1260,0
BANKNIFTY14AUG2455600CE.NFO,2024-08-02,14:27:00,2024-08-14,7.0,7.0,7.0,7.0,0,1260,0
BANKNIFTY14AUG2455600CE.NFO,2024-08-02,14:28:00,2024-08-14,7.0,7.0,7.0,7.0,0,1260,0
BANKNIFTY14AUG2455600CE.NFO,2024-08-02,14:29:00,2024-08-14,7.0,7.0,7.0,7.0,0,1260,0
BANKNIFTY14AUG2455600CE.NFO,2024-08-02,14:30:00,2024-08-14,7.0,7.05,7.0,7.05,120,855,0
BANKNIFTY14AUG2455600CE.NFO,2024-08-02,14:31:00,2024-08-14,7.05,7.05,7.05,7.05,0,855,0
BANKNIFTY14AUG2455600CE.NFO,2024-08-02,14:32:00,2024-08-14,7.05,7.05,7.05,7.05,0,855,0
BANKNIFTY14AUG2455600CE.NFO,2024-08-02,14:33:00,2024-08-14,7.05,7.05,7.05,7.05,0,855,0
BANKNIFTY14AUG2455600CE.NFO,2024-08-02,14:34:00,2024-08-14,7.05,7.05,7.05,7.05,0,855,0
BANKNIFTY14AUG2455600CE.NFO,2024-08-02,14:35:00,2024-08-14,7.05,7.05,7.05,7.05,0,855,0
BANKNIFTY14AUG2455600CE.NFO,2024-08-02,14:36:00,2024-08-14,7.05,7.05,7.05,7.05,0,855,0
BANKNIFTY14AUG2455600CE.NFO,2024-08-02,14:37:00,2024-08-14,7.05,7.05,7.05,7.05,0,855,0
BANKNIFTY14AUG2455600CE.NFO,2024-08-02,14:38:00,2024-08-14,7.05,7.05,7.05,7.05,0,855,0
BANKNIFTY14AUG2455600CE.NFO,2024-08-02,14:39:00,2024-08-14,7.05,7.05,7.05,7.05,0,855,0
BANKNIFTY14AUG2455600CE.NFO,2024-08-02,14:40:00,2024-08-14,7.05,7.05,7.05,7.05,0,855,0
BANKNIFTY14AUG2455600CE.NFO,2024-08-02,14:41:00,2024-08-14,7.05,7.05,7.05,7.05,0,855,0
BANKNIFTY14AUG2455600CE.NFO,2024-08-02,14:42:00,2024-08-14,7.05,7.05,7.05,7.05,0,855,0
BANKNIFTY14AUG2455600CE.NFO,2024-08-02,14:43:00,2024-08-14,7.05,7.05,7.05,7.05,0,855,0
BANKNIFTY14AUG2455600CE.NFO,2024-08-02,14:44:00,2024-08-14,7.05,7.05,7.05,7.05,0,855,0
BANKNIFTY14AUG2455600CE.NFO,2024-08-02,14:45:00,2024-08-14,7.05,7.05,7.05,7.05,0,855,0
BANKNIFTY14AUG2455600CE.NFO,2024-08-02,14:46:00,2024-08-14,7.05,7.05,7.05,7.05,0,855,0
BANKNIFTY14AUG2455600CE.NFO,2024-08-02,14:47:00,2024-08-14,7.05,7.05,7.05,7.05,0,855,0
BANKNIFTY14AUG2455600CE.NFO,2024-08-02,14:48:00,2024-08-14,7.05,7.05,7.05,7.05,0,855,0
BANKNIFTY14AUG2455600CE.NFO,2024-08-02,14:49:00,2024-08-14,7.05,7.05,7.05,7.05,0,855,0
BANKNIFTY14AUG2455600CE.NFO,2024-08-02,14:50:00,2024-08-14,7.05,7.05,7.05,7.05,0,855,0
BANKNIFTY14AUG2455600CE.NFO,2024-08-02,14:51:00,2024-08-14,7.05,7.05,7.05,7.05,0,855,0
BANKNIFTY14AUG2455600CE.NFO,2024-08-02,14:52:00,2024-08-14,7.05,7.05,7.05,7.05,0,855,0
BANKNIFTY14AUG2455600CE.NFO,2024-08-02,14:53:00,2024-08-14,7.05,7.05,7.05,7.05,0,855,0
BANKNIFTY14AUG2455600CE.NFO,2024-08-02,14:54:00,2024-08-14,7.05,7.05,7.05,7.05,0,855,0
BANKNIFTY14AUG2455600CE.NFO,2024-08-02,14:55:00,2024-08-14,7.05,7.05,7.05,7.05,0,855,0
BANKNIFTY14AUG2455600CE.NFO,2024-08-02,14:56:00,2024-08-14,7.05,7.05,7.05,7.05,0,855,0
BANKNIFTY14AUG2455600CE.NFO,2024-08-02,14:57:00,2024-08-14,7.05,7.05,7.05,7.05,0,855,0
BANKNIFTY14AUG2455600CE.NFO,2024-08-02,14:58:00,2024-08-14,7.05,7.05,7.05,7.05,0,855,0
BANKNIFTY14AUG2455600CE.NFO,2024-08-02,14:59:00,2024-08-14,7.05,7.05,7.05,7.05,0,855,0
BANKNIFTY14AUG2455600CE.NFO,2024-08-02,15:00:00,2024-08-14,7.05,7.05,7.05,7.05,0,855,0
BANKNIFTY14AUG2455600CE.NFO,2024-08-02,15:01:00,2024-08-14,7.05,7.05,7.05,7.05,0,855,0
BANKNIFTY14AUG2455600CE.NFO,2024-08-02,15:02:00,2024-08-14,7.05,7.05,7.05,7.05,0,855,0
BANKNIFTY14AUG2455600CE.NFO,2024-08-02,15:03:00,2024-08-14,7.35,7.35,7.35,7.35,15,855,0
BANKNIFTY14AUG2455600CE.NFO,2024-08-02,15:04:00,2024-08-14,7.35,7.35,7.35,7.35,0,855,0
BANKNIFTY14AUG2455600CE.NFO,2024-08-02,15:05:00,2024-08-14,7.35,7.4,7.35,7.4,0,855,0
BANKNIFTY14AUG2455600CE.NFO,2024-08-02,15:06:00,2024-08-14,7.4,7.4,7.3,7.3,255,855,0
BANKNIFTY14AUG2455600CE.NFO,2024-08-02,15:07:00,2024-08-14,7.3,7.3,7.3,7.3,0,855,0
BANKNIFTY14AUG2455600CE.NFO,2024-08-02,15:08:00,2024-08-14,7.3,7.3,7.3,7.3,0,855,0
BANKNIFTY14AUG2455600CE.NFO,2024-08-02,15:09:00,2024-08-14,7.3,7.3,7.3,7.3,0,855,0
BANKNIFTY14AUG2455600CE.NFO,2024-08-02,15:10:00,2024-08-14,7.3,7.3,7.3,7.3,0,855,0
BANKNIFTY14AUG2455600CE.NFO,2024-08-02,15:11:00,2024-08-14,7.3,7.3,7.3,7.3,0,855,0
BANKNIFTY14AUG2455600CE.NFO,2024-08-02,15:12:00,2024-08-14,7.3,7.3,7.3,7.3,0,855,0
BANKNIFTY14AUG2455600CE.NFO,2024-08-02,15:13:00,2024-08-14,7.3,7.3,7.3,7.3,0,855,0
BANKNIFTY14AUG2455600CE.NFO,2024-08-02,15:14:00,2024-08-14,7.3,7.3,7.3,7.3,0,855,0
BANKNIFTY14AUG2455600CE.NFO,2024-08-02,15:15:00,2024-08-14,7.3,7.3,7.3,7.3,0,855,0
BANKNIFTY14AUG2455600CE.NFO,2024-08-02,15:16:00,2024-08-14,7.3,7.3,7.3,7.3,0,855,0
BANKNIFTY14AUG2455600CE.NFO,2024-08-02,15:17:00,2024-08-14,7.3,7.3,7.3,7.3,0,855,0
BANKNIFTY14AUG2455600CE.NFO,2024-08-02,15:18:00,2024-08-14,7.3,7.3,7.3,7.3,0,855,0
BANKNIFTY14AUG2455600CE.NFO,2024-08-02,15:19:00,2024-08-14,7.3,7.3,7.3,7.3,0,855,0
BANKNIFTY14AUG2455600CE.NFO,2024-08-02,15:20:00,2024-08-14,7.3,7.3,7.3,7.3,0,855,0
BANKNIFTY14AUG2455600CE.NFO,2024-08-02,15:21:00,2024-08-14,7.3,7.3,7.3,7.3,0,855,0
BANKNIFTY14AUG2455600CE.NFO,2024-08-02,15:22:00,2024-08-14,7.3,7.3,7.3,7.3,0,855,1
BANKNIFTY14AUG2455600CE.NFO,2024-08-02,15:23:00,2024-08-14,7.3,7.3,7.3,7.3,0,855,1
BANKNIFTY14AUG2455600CE.NFO,2024-08-02,15:24:00,2024-08-14,7.3,7.3,7.3,7.3,0,855,1
BANKNIFTY14AUG2455600CE.NFO,2024-08-02,15:25:00,2024-08-14,5.3,5.3,5.3,5.3,45,720,0
BANKNIFTY14AUG2455600CE.NFO,2024-08-02,15:26:00,2024-08-14,5.3,5.3,5.3,5.3,0,720,0
BANKNIFTY14AUG2455600CE.NFO,2024-08-02,15:27:00,2024-08-14,5.3,5.3,5.3,5.3,0,720,0
BANKNIFTY14AUG2455600CE.NFO,2024-08-02,15:28:00,2024-08-14,5.3,5.3,5.3,5.3,0,720,1
BANKNIFTY14AUG2455600CE.NFO,2024-08-02,15:29:00,2024-08-14,5.3,5.3,5.3,5.3,0,720,1
BANKNIFTY14AUG2455600CE.NFO,2024-08-02,15:30:00,2024-08-14,5.3,5.3,5.3,5.3,0,720,1
BANKNIFTY14AUG2455600CE.NFO,2024-08-05,09:15:00,2024-08-14,8.0,8.0,8.0,8.0,0,0,0
BANKNIFTY14AUG2455600CE.NFO,2024-08-05,09:16:00,2024-08-14,8.0,8.0,8.0,8.0,0,0,1
BANKNIFTY14AUG2455600CE.NFO,2024-08-05,09:17:00,2024-08-14,8.0,8.0,8.0,8.0,0,0,1
BANKNIFTY14AUG2455600CE.NFO,2024-08-05,09:18:00,2024-08-14,8.0,8.0,8.0,8.0,0,0,1
BANKNIFTY14AUG2455600CE.NFO,2024-08-05,09:19:00,2024-08-14,8.0,8.0,8.0,8.0,0,720,0
BANKNIFTY14AUG2455600CE.NFO,2024-08-05,09:20:00,2024-08-14,8.0,8.0,8.0,8.0,0,720,0
BANKNIFTY14AUG2455600CE.NFO,2024-08-05,09:21:00,2024-08-14,8.0,8.0,8.0,8.0,0,720,0
BANKNIFTY14AUG2455600CE.NFO,2024-08-05,09:22:00,2024-08-14,8.0,8.0,8.0,8.0,0,720,1
BANKNIFTY14AUG2455600CE.NFO,2024-08-05,09:23:00,2024-08-14,8.0,8.0,8.0,8.0,0,720,0
BANKNIFTY14AUG2455600CE.NFO,2024-08-05,09:24:00,2024-08-14,8.0,8.0,8.0,8.0,0,720,0
BANKNIFTY14AUG2455600CE.NFO,2024-08-05,09:25:00,2024-08-14,8.0,8.0,8.0,8.0,0,720,0
BANKNIFTY14AUG2455600CE.NFO,2024-08-05,09:26:00,2024-08-14,8.0,8.0,8.0,8.0,0,720,0
BANKNIFTY14AUG2455600CE.NFO,2024-08-05,09:27:00,2024-08-14,8.0,8.0,8.0,8.0,0,720,0
BANKNIFTY14AUG2455600CE.NFO,2024-08-05,09:28:00,2024-08-14,8.0,8.0,8.0,8.0,0,720,1
BANKNIFTY14AUG2455600CE.NFO,2024-08-05,09:29:00,2024-08-14,8.0,8.0,8.0,8.0,0,720,0
BANKNIFTY14AUG2455600CE.NFO,2024-08-05,09:30:00,2024-08-14,8.0,8.0,8.0,8.0,0,720,1
BANKNIFTY14AUG2455600CE.NFO,2024-08-05,09:31:00,2024-08-14,8.0,8.0,8.0,8.0,0,720,0
BANKNIFTY14AUG2455600CE.NFO,2024-08-05,09:32:00,2024-08-14,8.0,8.0,8.0,8.0,0,720,1
BANKNIFTY14AUG2455600CE.NFO,2024-08-05,09:33:00,2024-08-14,8.0,8.0,8.0,8.0,0,720,0
BANKNIFTY14AUG2455600CE.NFO,2024-08-05,09:34:00,2024-08-14,8.0,8.0,8.0,8.0,0,720,0
BANKNIFTY14AUG2455600CE.NFO,2024-08-05,09:35:00,2024-08-14,8.0,8.0,8.0,8.0,0,720,0
BANKNIFTY14AUG2455600CE.NFO,2024-08-05,09:36:00,2024-08-14,8.0,8.0,8.0,8.0,0,720,0
BANKNIFTY14AUG2455600CE.NFO,2024-08-05,09:37:00,2024-08-14,8.0,8.0,8.0,8.0,0,720,1
BANKNIFTY14AUG2455600CE.NFO,2024-08-05,09:38:00,2024-08-14,8.0,8.0,8.0,8.0,0,720,1
BANKNIFTY14AUG2455600CE.NFO,2024-08-05,09:39:00,2024-08-14,8.0,8.0,8.0,8.0,0,720,0
BANKNIFTY14AUG2455600CE.NFO,2024-08-05,09:40:00,2024-08-14,8.0,8.0,8.0,8.0,0,720,1
BANKNIFTY14AUG2455600CE.NFO,2024-08-05,09:41:00,2024-08-14,8.0,8.0,8.0,8.0,0,720,1
BANKNIFTY14AUG2455600CE.NFO,2024-08-05,09:42:00,2024-08-14,8.0,8.0,8.0,8.0,0,720,1
BANKNIFTY14AUG2455600CE.NFO,2024-08-05,09:43:00,2024-08-14,8.0,8.0,8.0,8.0,0,720,1
BANKNIFTY14AUG2455600CE.NFO,2024-08-05,09:44:00,2024-08-14,8.0,8.0,8.0,8.0,0,720,1
BANKNIFTY14AUG2455600CE.NFO,2024-08-05,09:45:00,2024-08-14,8.0,8.0,8.0,8.0,0,720,1
BANKNIFTY14AUG2455600CE.NFO,2024-08-05,09:46:00,2024-08-14,8.0,8.0,8.0,8.0,0,720,0
BANKNIFTY14AUG2455600CE.NFO,2024-08-05,09:47:00,2024-08-14,8.0,8.0,8.0,8.0,0,720,1
BANKNIFTY14AUG2455600CE.NFO,2024-08-05,09:48:00,2024-08-14,8.0,8.0,8.0,8.0,0,720,0
BANKNIFTY14AUG2455600CE.NFO,2024-08-05,09:49:00,2024-08-14,8.0,8.0,8.0,8.0,0,720,0
BANKNIFTY14AUG2455600CE.NFO,2024-08-05,09:50:00,2024-08-14,8.0,8.0,8.0,8.0,0,720,1
BANKNIFTY14AUG2455600CE.NFO,2024-08-05,09:51:00,2024-08-14,8.0,8.0,8.0,8.0,0,720,1
BANKNIFTY14AUG2455600CE.NFO,2024-08-05,09:52:00,2024-08-14,8.0,8.0,8.0,8.0,0,720,1
BANKNIFTY14AUG2455600CE.NFO,2024-08-05,09:53:00,2024-08-14,8.0,8.0,8.0,8.0,0,720,1
BANKNIFTY14AUG2455600CE.NFO,2024-08-05,09:54:00,2024-08-14,8.0,8.0,8.0,8.0,0,720,1
BANKNIFTY14AUG2455600CE.NFO,2024-08-05,09:55:00,2024-08-14,8.0,8.0,8.0,8.0,0,720,1
BANKNIFTY14AUG2455600CE.NFO,2024-08-05,09:56:00,2024-08-14,8.0,8.0,8.0,8.0,0,720,1
BANKNIFTY14AUG2455600CE.NFO,2024-08-05,09:57:00,2024-08-14,8.0,8.0,8.0,8.0,0,720,1
BANKNIFTY14AUG2455600CE.NFO,2024-08-05,09:58:00,2024-08-14,8.0,8.0,8.0,8.0,0,720,1
BANKNIFTY14AUG2455600CE.NFO,2024-08-05,09:59:00,2024-08-14,8.0,8.0,8.0,8.0,0,720,1
BANKNIFTY14AUG2455600CE.NFO,2024-08-05,10:00:00,2024-08-14,8.0,8.0,8.0,8.0,0,720,1
BANKNIFTY14AUG2455600CE.NFO,2024-08-05,10:01:00,2024-08-14,8.0,8.0,8.0,8.0,0,720,0
BANKNIFTY14AUG2455600CE.NFO,2024-08-05,10:02:00,2024-08-14,8.0,8.0,8.0,8.0,0,720,0
BANKNIFTY14AUG2455600CE.NFO,2024-08-05,10:03:00,2024-08-14,8.0,8.0,8.0,8.0,0,720,1
BANKNIFTY14AUG2455600CE.NFO,2024-08-05,10:04:00,2024-08-14,8.0,8.0,8.0,8.0,0,720,0
BANKNIFTY14AUG2455600CE.NFO,2024-08-05,10:05:00,2024-08-14,8.0,8.0,8.0,8.0,0,720,1
BANKNIFTY14AUG2455600CE.NFO,2024-08-05,10:06:00,2024-08-14,8.0,8.0,8.0,8.0,0,720,0
BANKNIFTY14AUG2455600CE.NFO,2024-08-05,10:07:00,2024-08-14,8.0,8.0,8.0,8.0,0,720,0
BANKNIFTY14AUG2455600CE.NFO,2024-08-05,10:08:00,2024-08-14,8.0,8.0,8.0,8.0,0,720,1
BANKNIFTY14AUG2455600CE.NFO,2024-08-05,10:09:00,2024-08-14,8.0,8.0,8.0,8.0,0,720,1
BANKNIFTY14AUG2455600CE.NFO,2024-08-05,10:10:00,2024-08-14,8.0,8.0,8.0,8.0,0,720,1
BANKNIFTY14AUG2455600CE.NFO,2024-08-05,10:11:00,2024-08-14,8.0,8.0,8.0,8.0,0,720,1
BANKNIFTY14AUG2455600CE.NFO,2024-08-05,10:12:00,2024-08-14,8.0,8.0,8.0,8.0,0,720,1
BANKNIFTY14AUG2455600CE.NFO,2024-08-05,10:13:00,2024-08-14,8.0,8.0,8.0,8.0,0,720,1
BANKNIFTY14AUG2455600CE.NFO,2024-08-05,10:14:00,2024-08-14,8.0,8.0,8.0,8.0,0,720,1
BANKNIFTY14AUG2455600CE.NFO,2024-08-05,10:15:00,2024-08-14,8.0,8.0,8.0,8.0,0,720,1
BANKNIFTY14AUG2455600CE.NFO,2024-08-05,10:16:00,2024-08-14,8.0,8.0,8.0,8.0,0,720,1
BANKNIFTY14AUG2455600CE.NFO,2024-08-05,10:17:00,2024-08-14,8.0,8.0,8.0,8.0,0,720,1
BANKNIFTY14AUG2455600CE.NFO,2024-08-05,10:18:00,2024-08-14,8.0,8.0,8.0,8.0,0,720,1
BANKNIFTY14AUG2455600CE.NFO,2024-08-05,10:19:00,2024-08-14,8.0,8.0,8.0,8.0,0,720,0
BANKNIFTY14AUG2455600CE.NFO,2024-08-05,10:20:00,2024-08-14,8.0,8.0,8.0,8.0,0,720,1
BANKNIFTY14AUG2455600CE.NFO,2024-08-05,10:21:00,2024-08-14,8.0,8.0,8.0,8.0,0,720,0
BANKNIFTY14AUG2455600CE.NFO,2024-08-05,10:22:00,2024-08-14,8.0,8.0,8.0,8.0,0,720,0
BANKNIFTY14AUG2455600CE.NFO,2024-08-05,10:23:00,2024-08-14,8.0,8.0,8.0,8.0,0,720,1
BANKNIFTY14AUG2455600CE.NFO,2024-08-05,10:24:00,2024-08-14,8.0,8.0,8.0,8.0,0,720,0
BANKNIFTY14AUG2455600CE.NFO,2024-08-05,10:25:00,2024-08-14,8.0,8.0,8.0,8.0,0,720,1
BANKNIFTY14AUG2455600CE.NFO,2024-08-05,10:26:00,2024-08-14,8.0,8.0,8.0,8.0,0,720,1
BANKNIFTY14AUG2455600CE.NFO,2024-08-05,10:27:00,2024-08-14,8.0,8.0,8.0,8.0,0,720,1
BANKNIFTY14AUG2455600CE.NFO,2024-08-05,10:28:00,2024-08-14,8.0,8.0,8.0,8.0,0,720,1
BANKNIFTY14AUG2455600CE.NFO,2024-08-05,10:29:00,2024-08-14,8.0,8.0,8.0,8.0,0,720,1
BANKNIFTY14AUG2455600CE.NFO,2024-08-05,10:30:00,2024-08-14,8.0,8.0,8.0,8.0,0,720,1
BANKNIFTY14AUG2455600CE.NFO,2024-08-05,10:31:00,2024-08-14,7.0,7.0,7.0,7.0,900,780,0
BANKNIFTY14AUG2455600CE.NFO,2024-08-05,10:32:00,2024-08-14,7.0,7.0,7.0,7.0,0,780,0
BANKNIFTY14AUG2455600CE.NFO,2024-08-05,10:33:00,2024-08-14,7.0,9.85,7.0,9.85,75,780,0
BANKNIFTY14AUG2455600CE.NFO,2024-08-05,10:34:00,2024-08-14,9.85,9.85,9.85,9.85,0,780,0
BANKNIFTY14AUG2455600CE.NFO,2024-08-05,10:35:00,2024-08-14,9.85,9.85,9.85,9.85,0,780,1
BANKNIFTY14AUG2455600CE.NFO,2024-08-05,10:36:00,2024-08-14,9.85,9.85,9.85,9.85,0,780,0
BANKNIFTY14AUG2455600CE.NFO,2024-08-05,10:37:00,2024-08-14,8.0,8.0,8.0,8.0,15,1620,0
BANKNIFTY14AUG2455600CE.NFO,2024-08-05,10:38:00,2024-08-14,8.0,8.0,8.0,8.0,15,1620,1
BANKNIFTY14AUG2455600CE.NFO,2024-08-05,10:39:00,2024-08-14,8.0,8.0,8.0,8.0,0,1620,0
BANKNIFTY14AUG2455600CE.NFO,2024-08-05,10:40:00,2024-08-14,7.95,7.95,7.95,7.95,150,1635,0
BANKNIFTY14AUG2455600CE.NFO,2024-08-05,10:41:00,2024-08-14,7.95,7.95,7.95,7.95,0,1635,0
BANKNIFTY14AUG2455600CE.NFO,2024-08-05,10:42:00,2024-08-14,7.95,7.95,7.95,7.95,0,1635,0
BANKNIFTY14AUG2455600CE.NFO,2024-08-05,10:43:00,2024-08-14,7.95,7.95,7.95,7.95,0,1635,0
BANKNIFTY14AUG2455600CE.NFO,2024-08-05,10:44:00,2024-08-14,7.95,7.95,7.95,7.95,0,1635,1
BANKNIFTY14AUG2455600CE.NFO,2024-08-05,10:45:00,2024-08-14,7.95,7.95,7.95,7.95,0,1635,0
BANKNIFTY14AUG2455600CE.NFO,2024-08-05,10:46:00,2024-08-14,7.95,7.95,7.95,7.95,0,1635,1
BANKNIFTY14AUG2455600CE.NFO,2024-08-05,10:47:00,2024-08-14,7.95,7.95,7.95,7.95,0,1635,1
BANKNIFTY14AUG2455600CE.NFO,2024-08-05,10:48:00,2024-08-14,7.95,7.95,7.95,7.95,0,1635,0
BANKNIFTY14AUG2455600CE.NFO,2024-08-05,10:49:00,2024-08-14,7.95,7.95,7.95,7.95,0,1635,1
BANKNIFTY14AUG2455600CE.NFO,2024-08-05,10:50:00,2024-08-14,7.95,7.95,7.95,7.95,0,1635,1
BANKNIFTY14AUG2455600CE.NFO,2024-08-05,10:51:00,2024-08-14,7.95,7.95,7.95,7.95,0,1635,1
BANKNIFTY14AUG2455600CE.NFO,2024-08-05,10:52:00,2024-08-14,7.95,7.95,7.95,7.95,0,1635,1
BANKNIFTY14AUG2455600CE.NFO,2024-08-05,10:53:00,2024-08-14,7.95,7.95,7.95,7.95,0,1635,1
BANKNIFTY14AUG2455600CE.NFO,2024-08-05,10:54:00,2024-08-14,7.95,7.95,7.95,7.95,0,1635,1
BANKNIFTY14AUG2455600CE.NFO,2024-08-05,10:55:00,2024-08-14,7.95,7.95,7.95,7.95,0,1635,0
BANKNIFTY14AUG2455600CE.NFO,2024-08-05,10:56:00,2024-08-14,7.95,7.95,7.95,7.95,0,1635,0
BANKNIFTY14AUG2455600CE.NFO,2024-08-05,10:57:00,2024-08-14,7.95,7.95,7.95,7.95,0,1635,1
BANKNIFTY14AUG2455600CE.NFO,2024-08-05,10:58:00,2024-08-14,7.95,7.95,7.95,7.95,0,1635,1
BANKNIFTY14AUG2455600CE.NFO,2024-08-05,10:59:00,2024-08-14,7.95,7.95,7.95,7.95,0,1635,0
BANKNIFTY14AUG2455600CE.NFO,2024-08-05,11:00:00,2024-08-14,7.95,7.95,7.95,7.95,0,1635,0
BANKNIFTY14AUG2455600CE.NFO,2024-08-05,11:01:00,2024-08-14,13.6,13.6,13.6,13.6,45,1635,0
BANKNIFTY14AUG2455600CE.NFO,2024-08-05,11:02:00,2024-08-14,13.6,13.6,13.6,13.6,45,1635,1
BANKNIFTY14AUG2455600CE.NFO,2024-08-05,11:03:00,2024-08-14,13.6,13.6,13.6,13.6,0,1635,0
BANKNIFTY14AUG2455600CE.NFO,2024-08-05,11:04:00,2024-08-14,9.55,9.55,9.55,9.55,45,1680,0
BANKNIFTY14AUG2455600CE.NFO,2024-08-05,11:05:00,2024-08-14,9.55,9.55,9.55,9.55,45,1680,1
BANKNIFTY14AUG2455600CE.NFO,2024-08-05,11:06:00,2024-08-14,9.55,9.55,9.55,9.55,0,1680,0
BANKNIFTY14AUG2455600CE.NFO,2024-08-05,11:07:00,2024-08-14,9.55,9.55,9.55,9.55,0,1680,0
BANKNIFTY14AUG2455600CE.NFO,2024-08-05,11:08:00,2024-08-14,9.55,9.55,9.55,9.55,0,1680,1
BANKNIFTY14AUG2455600CE.NFO,2024-08-05,11:09:00,2024-08-14,9.55,9.55,9.55,9.55,0,1680,1
BANKNIFTY14AUG2455600CE.NFO,2024-08-05,11:10:00,2024-08-14,9.55,9.55,9.55,9.55,0,1680,1
BANKNIFTY14AUG2455600CE.NFO,2024-08-05,11:11:00,2024-08-14,9.55,9.55,9.55,9.55,0,1680,1
BANKNIFTY14AUG2455600CE.NFO,2024-08-05,11:12:00,2024-08-14,9.55,9.55,9.55,9.55,0,1680,0
BANKNIFTY14AUG2455600CE.NFO,2024-08-05,11:13:00,2024-08-14,9.55,9.55,9.55,9.55,0,1680,1
BANKNIFTY14AUG2455600CE.NFO,2024-08-05,11:14:00,2024-08-14,9.55,9.55,9.55,9.55,0,1680,1
BANKNIFTY14AUG2455600CE.NFO,2024-08-05,11:15:00,2024-08-14,9.55,9.55,9.55,9.55,0,1680,1
BANKNIFTY14AUG2455600CE.NFO,2024-08-05,11:16:00,2024-08-14,9.55,9.55,9.55,9.55,0,1680,1
BANKNIFTY14AUG2455600CE.NFO,2024-08-05,11:17:00,2024-08-14,9.55,9.55,9.55,9.55,0,1680,1
BANKNIFTY14AUG2455600CE.NFO,2024-08-05,11:18:00,2024-08-14,9.55,9.55,9.55,9.55,0,1680,0
BANKNIFTY14AUG2455600CE.NFO,2024-08-05,11:19:00,2024-08-14,9.55,9.55,9.55,9.55,0,1680,0
BANKNIFTY14AUG2455600CE.NFO,2024-08-05,11:20:00,2024-08-14,9.55,9.55,9.55,9.55,0,1680,1
BANKNIFTY14AUG2455600CE.NFO,2024-08-05,11:21:00,2024-08-14,9.55,9.55,9.55,9.55,0,1680,1
BANKNIFTY14AUG2455600CE.NFO,2024-08-05,11:22:00,2024-08-14,9.55,9.55,9.55,9.55,0,1680,1
BANKNIFTY14AUG2455600CE.NFO,2024-08-05,11:23:00,2024-08-14,9.55,9.55,9.55,9.55,0,1680,0
BANKNIFTY14AUG2455600CE.NFO,2024-08-05,11:24:00,2024-08-14,9.55,9.55,9.55,9.55,0,1680,0
BANKNIFTY14AUG2455600CE.NFO,2024-08-05,11:25:00,2024-08-14,9.55,9.55,9.55,9.55,0,1680,0
BANKNIFTY14AUG2455600CE.NFO,2024-08-05,11:26:00,2024-08-14,13.9,13.9,10.05,10.05,30,1680,0
BANKNIFTY14AUG2455600CE.NFO,2024-08-05,11:27:00,2024-08-14,10.05,10.05,10.05,10.05,0,1680,0
BANKNIFTY14AUG2455600CE.NFO,2024-08-05,11:28:00,2024-08-14,10.05,10.05,10.05,10.05,0,1680,1
BANKNIFTY14AUG2455600CE.NFO,2024-08-05,11:29:00,2024-08-14,10.05,10.05,10.05,10.05,0,1680,1
BANKNIFTY14AUG2455600CE.NFO,2024-08-05,11:30:00,2024-08-14,10.05,10.05,10.05,10.05,0,1680,0
BANKNIFTY14AUG2455600CE.NFO,2024-08-05,11:31:00,2024-08-14,10.05,10.05,10.05,10.05,0,1680,1
BANKNIFTY14AUG2455600CE.NFO,2024-08-05,11:32:00,2024-08-14,10.05,10.05,10.05,10.05,0,1680,1
BANKNIFTY14AUG2455600CE.NFO,2024-08-05,11:33:00,2024-08-14,10.05,10.05,10.05,10.05,0,1680,1
BANKNIFTY14AUG2455600CE.NFO,2024-08-05,11:34:00,2024-08-14,10.05,10.05,10.05,10.05,45,1680,0
BANKNIFTY14AUG2455600CE.NFO,2024-08-05,11:35:00,2024-08-14,10.05,10.05,10.05,10.05,45,1680,1
BANKNIFTY14AUG2455600CE.NFO,2024-08-05,11:36:00,2024-08-14,10.05,10.05,10.05,10.05,45,1680,1
BANKNIFTY14AUG2455600CE.NFO,2024-08-05,11:37:00,2024-08-14,10.05,10.05,10.05,10.05,45,1680,1
BANKNIFTY14AUG2455600CE.NFO,2024-08-05,11:38:00,2024-08-14,10.05,10.05,10.05,10.05,45,1680,1
BANKNIFTY14AUG2455600CE.NFO,2024-08-05,11:39:00,2024-08-14,10.05,10.05,10.05,10.05,45,1680,1
BANKNIFTY14AUG2455600CE.NFO,2024-08-05,11:40:00,2024-08-14,10.05,10.05,10.05,10.05,0,1680,0
BANKNIFTY14AUG2455600CE.NFO,2024-08-05,11:41:00,2024-08-14,10.05,10.05,10.05,10.05,0,1680,1
BANKNIFTY14AUG2455600CE.NFO,2024-08-05,11:42:00,2024-08-14,10.05,10.05,10.05,10.05,0,1680,1
BANKNIFTY14AUG2455600CE.NFO,2024-08-05,11:43:00,2024-08-14,10.05,10.05,10.05,10.05,0,1680,1
BANKNIFTY14AUG2455600CE.NFO,2024-08-05,11:44:00,2024-08-14,6.3,6.3,6.3,6.3,30,1710,0
BANKNIFTY14AUG2455600CE.NFO,2024-08-05,11:45:00,2024-08-14,6.3,6.3,6.3,6.3,30,1710,1
BANKNIFTY14AUG2455600CE.NFO,2024-08-05,11:46:00,2024-08-14,6.3,6.3,6.3,6.3,0,1710,0
BANKNIFTY14AUG2455600CE.NFO,2024-08-05,11:47:00,2024-08-14,6.3,6.3,6.3,6.3,0,1710,0
BANKNIFTY14AUG2455600CE.NFO,2024-08-05,11:48:00,2024-08-14,6.3,6.3,6.3,6.3,0,1710,0
BANKNIFTY14AUG2455600CE.NFO,2024-08-05,11:49:00,2024-08-14,6.3,6.3,6.3,6.3,0,1710,1
BANKNIFTY14AUG2455600CE.NFO,2024-08-05,11:50:00,2024-08-14,6.3,6.3,6.3,6.3,0,1710,0
BANKNIFTY14AUG2455600CE.NFO,2024-08-05,11:51:00,2024-08-14,6.3,6.3,6.3,6.3,0,1710,0
BANKNIFTY14AUG2455600CE.NFO,2024-08-05,11:52:00,2024-08-14,6.3,6.3,6.3,6.3,0,1710,0
BANKNIFTY14AUG2455600CE.NFO,2024-08-05,11:53:00,2024-08-14,6.3,6.3,6.3,6.3,0,1710,0
BANKNIFTY14AUG2455600CE.NFO,2024-08-05,11:54:00,2024-08-14,6.3,6.3,6.3,6.3,0,1710,0
BANKNIFTY14AUG2455600CE.NFO,2024-08-05,11:55:00,2024-08-14,6.3,6.3,6.3,6.3,0,1710,1
BANKNIFTY14AUG2455600CE.NFO,2024-08-05,11:56:00,2024-08-14,6.3,6.3,6.3,6.3,0,1710,0
BANKNIFTY14AUG2455600CE.NFO,2024-08-05,11:57:00,2024-08-14,6.3,6.3,6.3,6.3,0,1710,1
BANKNIFTY14AUG2455600CE.NFO,2024-08-05,11:58:00,2024-08-14,6.3,6.3,6.3,6.3,0,1710,0
BANKNIFTY14AUG2455600CE.NFO,2024-08-05,11:59:00,2024-08-14,6.3,6.3,6.3,6.3,0,1710,0
BANKNIFTY14AUG2455600CE.NFO,2024-08-05,12:00:00,2024-08-14,6.3,6.3,6.3,6.3,0,1710,1
BANKNIFTY14AUG2455600CE.NFO,2024-08-05,12:01:00,2024-08-14,6.3,6.3,6.3,6.3,0,1710,0
BANKNIFTY14AUG2455600CE.NFO,2024-08-05,12:02:00,2024-08-14,6.3,6.3,6.3,6.3,0,1710,1
BANKNIFTY14AUG2455600CE.NFO,2024-08-05,12:03:00,2024-08-14,6.3,6.3,6.3,6.3,0,1710,0
BANKNIFTY14AUG2455600CE.NFO,2024-08-05,12:04:00,2024-08-14,6.3,6.3,6.3,6.3,0,1710,0
BANKNIFTY14AUG2455600CE.NFO,2024-08-05,12:05:00,2024-08-14,6.3,6.3,6.3,6.3,0,1710,1
BANKNIFTY14AUG2455600CE.NFO,2024-08-05,12:06:00,2024-08-14,6.3,6.3,6.3,6.3,0,1710,1
BANKNIFTY14AUG2455600CE.NFO,2024-08-05,12:07:00,2024-08-14,6.3,6.3,6.3,6.3,0,1710,0
BANKNIFTY14AUG2455600CE.NFO,2024-08-05,12:08:00,2024-08-14,6.3,6.3,6.3,6.3,0,1710,1
BANKNIFTY14AUG2455600CE.NFO,2024-08-05,12:09:00,2024-08-14,6.3,6.3,6.3,6.3,0,1710,1
BANKNIFTY14AUG2455600CE.NFO,2024-08-05,12:10:00,2024-08-14,6.3,6.3,6.3,6.3,0,1710,0
BANKNIFTY14AUG2455600CE.NFO,2024-08-05,12:11:00,2024-08-14,6.3,6.3,6.3,6.3,0,1710,0
BANKNIFTY14AUG2455600CE.NFO,2024-08-05,12:12:00,2024-08-14,6.3,6.3,6.3,6.3,0,1710,1
BANKNIFTY14AUG2455600CE.NFO,2024-08-05,12:13:00,2024-08-14,6.3,13.5,6.3,13.5,0,1695,0
BANKNIFTY14AUG2455600CE.NFO,2024-08-05,12:14:00,2024-08-14,13.5,13.5,13.5,13.5,150,1695,0
BANKNIFTY14AUG2455600CE.NFO,2024-08-05,12:15:00,2024-08-14,13.5,13.5,13.5,13.5,0,1695,0
BANKNIFTY14AUG2455600CE.NFO,2024-08-05,12:16:00,2024-08-14,13.5,13.5,13.5,13.5,0,1695,0
BANKNIFTY14AUG2455600CE.NFO,2024-08-05,12:17:00,2024-08-14,13.5,13.5,13.5,13.5,0,1695,0
BANKNIFTY14AUG2455600CE.NFO,2024-08-05,12:18:00,2024-08-14,13.5,13.5,13.5,13.5,0,1695,0
BANKNIFTY14AUG2455600CE.NFO,2024-08-05,12:19:00,2024-08-14,13.5,13.5,13.5,13.5,0,1695,0
BANKNIFTY14AUG2455600CE.NFO,2024-08-05,12:20:00,2024-08-14,13.5,13.5,13.5,13.5,0,1695,0
BANKNIFTY14AUG2455600CE.NFO,2024-08-05,12:21:00,2024-08-14,13.5,13.5,13.5,13.5,0,1695,0
BANKNIFTY14AUG2455600CE.NFO,2024-08-05,12:22:00,2024-08-14,13.5,13.5,13.5,13.5,0,1695,0
BANKNIFTY14AUG2455600CE.NFO,2024-08-05,12:23:00,2024-08-14,13.5,13.5,13.5,13.5,0,1695,0
BANKNIFTY14AUG2455600CE.NFO,2024-08-05,12:24:00,2024-08-14,13.5,13.5,13.5,13.5,0,1695,0
BANKNIFTY14AUG2455600CE.NFO,2024-08-05,12:25:00,2024-08-14,13.5,13.5,13.5,13.5,0,1695,0
BANKNIFTY14AUG2455600CE.NFO,2024-08-05,12:26:00,2024-08-14,13.5,13.5,10.3,10.3,120,1845,0
BANKNIFTY14AUG2455600CE.NFO,2024-08-05,12:27:00,2024-08-14,10.3,10.3,10.3,10.3,90,1845,0
BANKNIFTY14AUG2455600CE.NFO,2024-08-05,12:28:00,2024-08-14,10.3,10.3,10.3,10.3,90,1845,1
BANKNIFTY14AUG2455600CE.NFO,2024-08-05,12:29:00,2024-08-14,10.3,10.3,10.3,10.3,0,1845,0
BANKNIFTY14AUG2455600CE.NFO,2024-08-05,12:30:00,2024-08-14,10.3,10.3,10.3,10.3,0,1845,1
BANKNIFTY14AUG2455600CE.NFO,2024-08-05,12:31:00,2024-08-14,10.3,10.3,10.3,10.3,0,1845,1
BANKNIFTY14AUG2455600CE.NFO,2024-08-05,12:32:00,2024-08-14,10.3,10.3,10.3,10.3,0,1845,1
BANKNIFTY14AUG2455600CE.NFO,2024-08-05,12:33:00,2024-08-14,10.3,10.3,10.3,10.3,0,1845,0
BANKNIFTY14AUG2455600CE.NFO,2024-08-05,12:34:00,2024-08-14,10.3,10.3,10.3,10.3,0,1845,0
BANKNIFTY14AUG2455600CE.NFO,2024-08-05,12:35:00,2024-08-14,10.3,10.3,10.3,10.3,0,1845,0
BANKNIFTY14AUG2455600CE.NFO,2024-08-05,12:36:00,2024-08-14,10.3,10.3,10.3,10.3,0,1845,1
BANKNIFTY14AUG2455600CE.NFO,2024-08-05,12:37:00,2024-08-14,10.3,10.3,10.3,10.3,0,1845,0
BANKNIFTY14AUG2455600CE.NFO,2024-08-05,12:38:00,2024-08-14,10.3,10.3,10.3,10.3,0,1845,1
BANKNIFTY14AUG2455600CE.NFO,2024-08-05,12:39:00,2024-08-14,10.3,10.3,10.3,10.3,0,1845,0
BANKNIFTY14AUG2455600CE.NFO,2024-08-05,12:40:00,2024-08-14,10.3,10.3,10.3,10.3,0,1845,0
BANKNIFTY14AUG2455600CE.NFO,2024-08-05,12:41:00,2024-08-14,10.3,10.3,10.3,10.3,0,1845,0
BANKNIFTY14AUG2455600CE.NFO,2024-08-05,12:42:00,2024-08-14,10.3,10.3,10.3,10.3,0,1845,0
BANKNIFTY14AUG2455600CE.NFO,2024-08-05,12:43:00,2024-08-14,10.3,10.3,10.3,10.3,0,1845,0
BANKNIFTY14AUG2455600CE.NFO,2024-08-05,12:44:00,2024-08-14,10.3,10.3,10.3,10.3,0,1845,0
BANKNIFTY14AUG2455600CE.NFO,2024-08-05,12:45:00,2024-08-14,10.3,10.3,10.3,10.3,0,1845,1
BANKNIFTY14AUG2455600CE.NFO,2024-08-05,12:46:00,2024-08-14,10.3,10.3,10.3,10.3,0,1845,0
BANKNIFTY14AUG2455600CE.NFO,2024-08-05,12:47:00,2024-08-14,10.3,10.3,10.3,10.3,0,1845,1
BANKNIFTY14AUG2455600CE.NFO,2024-08-05,12:48:00,2024-08-14,10.3,10.3,10.3,10.3,0,1845,1
BANKNIFTY14AUG2455600CE.NFO,2024-08-05,12:49:00,2024-08-14,10.3,10.3,10.3,10.3,0,1845,1
BANKNIFTY14AUG2455600CE.NFO,2024-08-05,12:50:00,2024-08-14,10.3,10.3,10.3,10.3,0,1845,0
BANKNIFTY14AUG2455600CE.NFO,2024-08-05,12:51:00,2024-08-14,10.3,10.3,10.3,10.3,0,1845,0
BANKNIFTY14AUG2455600CE.NFO,2024-08-05,12:52:00,2024-08-14,10.3,10.3,10.3,10.3,0,1845,0
BANKNIFTY14AUG2455600CE.NFO,2024-08-05,12:53:00,2024-08-14,10.3,10.3,10.3,10.3,0,1845,0
BANKNIFTY14AUG2455600CE.NFO,2024-08-05,12:54:00,2024-08-14,10.3,10.3,10.3,10.3,0,1845,1
BANKNIFTY14AUG2455600CE.NFO,2024-08-05,12:55:00,2024-08-14,10.3,10.3,10.3,10.3,0,1845,1
BANKNIFTY14AUG2455600CE.NFO,2024-08-05,12:56:00,2024-08-14,10.3,10.3,10.3,10.3,0,1845,1
BANKNIFTY14AUG2455600CE.NFO,2024-08-05,12:57:00,2024-08-14,10.3,10.3,10.3,10.3,0,1845,0
BANKNIFTY14AUG2455600CE.NFO,2024-08-05,12:58:00,2024-08-14,10.3,10.3,10.3,10.3,0,1845,1
BANKNIFTY14AUG2455600CE.NFO,2024-08-05,12:59:00,2024-08-14,10.3,10.3,10.3,10.3,0,1845,1
BANKNIFTY14AUG2455600CE.NFO,2024-08-05,13:00:00,2024-08-14,10.3,10.3,10.3,10.3,0,1845,0
BANKNIFTY14AUG2455600CE.NFO,2024-08-05,13:01:00,2024-08-14,10.3,10.3,10.3,10.3,0,1845,1
BANKNIFTY14AUG2455600CE.NFO,2024-08-05,13:02:00,2024-08-14,10.3,10.3,10.3,10.3,0,1845,1
BANKNIFTY14AUG2455600CE.NFO,2024-08-05,13:03:00,2024-08-14,10.3,10.3,10.3,10.3,0,1845,1
BANKNIFTY14AUG2455600CE.NFO,2024-08-05,13:04:00,2024-08-14,10.3,10.3,10.3,10.3,0,1845,1
BANKNIFTY14AUG2455600CE.NFO,2024-08-05,13:05:00,2024-08-14,10.3,10.3,10.3,10.3,0,1845,1
BANKNIFTY14AUG2455600CE.NFO,2024-08-05,13:06:00,2024-08-14,10.3,10.3,10.3,10.3,0,1845,1
BANKNIFTY14AUG2455600CE.NFO,2024-08-05,13:07:00,2024-08-14,11.2,11.2,9.7,9.7,225,1680,0
BANKNIFTY14AUG2455600CE.NFO,2024-08-05,13:08:00,2024-08-14,9.7,9.7,9.7,9.7,0,1680,0
BANKNIFTY14AUG2455600CE.NFO,2024-08-05,13:09:00,2024-08-14,9.7,9.7,9.7,9.7,0,1680,1
BANKNIFTY14AUG2455600CE.NFO,2024-08-05,13:10:00,2024-08-14,9.7,9.7,9.7,9.7,0,1680,0
BANKNIFTY14AUG2455600CE.NFO,2024-08-05,13:11:00,2024-08-14,9.7,9.7,9.7,9.7,0,1680,0
BANKNIFTY14AUG2455600CE.NFO,2024-08-05,13:12:00,2024-08-14,9.7,10.45,9.7,10.45,75,1605,0
BANKNIFTY14AUG2455600CE.NFO,2024-08-05,13:13:00,2024-08-14,10.45,10.45,10.45,10.45,0,1605,0
BANKNIFTY14AUG2455600CE.NFO,2024-08-05,13:14:00,2024-08-14,10.45,10.45,10.45,10.45,0,1605,0
BANKNIFTY14AUG2455600CE.NFO,2024-08-05,13:15:00,2024-08-14,10.45,10.45,10.45,10.45,0,1605,0
BANKNIFTY14AUG2455600CE.NFO,2024-08-05,13:16:00,2024-08-14,10.45,10.45,10.45,10.45,0,1605,0
BANKNIFTY14AUG2455600CE.NFO,2024-08-05,13:17:00,2024-08-14,10.45,10.45,10.45,10.45,0,1605,0
BANKNIFTY14AUG2455600CE.NFO,2024-08-05,13:18:00,2024-08-14,10.45,10.45,10.45,10.45,0,1605,0
BANKNIFTY14AUG2455600CE.NFO,2024-08-05,13:19:00,2024-08-14,10.45,10.45,10.45,10.45,0,1605,0
BANKNIFTY14AUG2455600CE.NFO,2024-08-05,13:20:00,2024-08-14,10.45,10.45,10.45,10.45,0,1605,0
BANKNIFTY14AUG2455600CE.NFO,2024-08-05,13:21:00,2024-08-14,10.45,10.45,10.45,10.45,0,1605,0
BANKNIFTY14AUG2455600CE.NFO,2024-08-05,13:22:00,2024-08-14,10.45,10.45,10.45,10.45,0,1605,0
BANKNIFTY14AUG2455600CE.NFO,2024-08-05,13:23:00,2024-08-14,10.45,10.45,10.45,10.45,0,1605,0
BANKNIFTY14AUG2455600CE.NFO,2024-08-05,13:24:00,2024-08-14,10.45,10.45,10.45,10.45,0,1605,0
BANKNIFTY14AUG2455600CE.NFO,2024-08-05,13:25:00,2024-08-14,10.45,10.45,10.45,10.45,0,1605,0
BANKNIFTY14AUG2455600CE.NFO,2024-08-05,13:26:00,2024-08-14,10.45,10.45,10.45,10.45,0,1605,0
BANKNIFTY14AUG2455600CE.NFO,2024-08-05,13:27:00,2024-08-14,10.45,10.45,10.45,10.45,0,1605,0
BANKNIFTY14AUG2455600CE.NFO,2024-08-05,13:28:00,2024-08-14,10.45,10.45,10.45,10.45,0,1605,0
BANKNIFTY14AUG2455600CE.NFO,2024-08-05,13:29:00,2024-08-14,10.45,10.45,10.45,10.45,0,1605,0
BANKNIFTY14AUG2455600CE.NFO,2024-08-05,13:30:00,2024-08-14,10.45,10.45,10.45,10.45,0,1605,0
BANKNIFTY14AUG2455600CE.NFO,2024-08-05,13:31:00,2024-08-14,10.45,10.45,10.45,10.45,0,1605,0
BANKNIFTY14AUG2455600CE.NFO,2024-08-05,13:32:00,2024-08-14,10.45,10.45,10.45,10.45,0,1605,0
BANKNIFTY14AUG2455600CE.NFO,2024-08-05,13:33:00,2024-08-14,10.45,10.45,10.45,10.45,0,1605,0
BANKNIFTY14AUG2455600CE.NFO,2024-08-05,13:34:00,2024-08-14,10.45,10.45,10.45,10.45,0,1605,0
BANKNIFTY14AUG2455600CE.NFO,2024-08-05,13:35:00,2024-08-14,10.45,10.45,10.45,10.45,0,1605,0
BANKNIFTY14AUG2455600CE.NFO,2024-08-05,13:36:00,2024-08-14,10.45,10.45,10.45,10.45,0,1605,0
BANKNIFTY14AUG2455600CE.NFO,2024-08-05,13:37:00,2024-08-14,10.45,10.45,10.45,10.45,0,1605,0
BANKNIFTY14AUG2455600CE.NFO,2024-08-05,13:38:00,2024-08-14,10.45,10.45,10.45,10.45,0,1605,0
BANKNIFTY14AUG2455600CE.NFO,2024-08-05,13:39:00,2024-08-14,10.45,10.45,10.45,10.45,0,1605,0
BANKNIFTY14AUG2455600CE.NFO,2024-08-05,13:40:00,2024-08-14,10.45,10.45,10.45,10.45,0,1605,0
BANKNIFTY14AUG2455600CE.NFO,2024-08-05,13:41:00,2024-08-14,10.45,10.45,10.45,10.45,0,1605,0
BANKNIFTY14AUG2455600CE.NFO,2024-08-05,13:42:00,2024-08-14,10.45,10.45,10.45,10.45,0,1605,0
BANKNIFTY14AUG2455600CE.NFO,2024-08-05,13:43:00,2024-08-14,10.45,10.45,10.45,10.45,0,1605,0
BANKNIFTY14AUG2455600CE.NFO,2024-08-05,13:44:00,2024-08-14,10.45,10.45,10.45,10.45,0,1605,0
BANKNIFTY14AUG2455600CE.NFO,2024-08-05,13:45:00,2024-08-14,10.45,10.45,10.45,10.45,0,1605,0
BANKNIFTY14AUG2455600CE.NFO,2024-08-05,13:46:00,2024-08-14,10.45,10.45,10.45,10.45,0,1605,0
BANKNIFTY14AUG2455600CE.NFO,2024-08-05,13:47:00,2024-08-14,10.45,10.45,10.45,10.45,0,1605,0
BANKNIFTY14AUG2455600CE.NFO,2024-08-05,13:48:00,2024-08-14,10.45,10.45,10.45,10.45,0,1605,0
BANKNIFTY14AUG2455600CE.NFO,2024-08-05,13:49:00,2024-08-14,10.45,10.45,10.45,10.45,0,1605,0
BANKNIFTY14AUG2455600CE.NFO,2024-08-05,13:50:00,2024-08-14,10.45,10.45,10.45,10.45,0,1605,0
BANKNIFTY14AUG2455600CE.NFO,2024-08-05,13:51:00,2024-08-14,10.45,10.45,10.45,10.45,0,1605,0
BANKNIFTY14AUG2455600CE.NFO,2024-08-05,13:52:00,2024-08-14,10.45,10.7,10.45,10.7,45,1680,0
BANKNIFTY14AUG2455600CE.NFO,2024-08-05,13:53:00,2024-08-14,10.7,10.7,10.7,10.7,0,1680,0
BANKNIFTY14AUG2455600CE.NFO,2024-08-05,13:54:00,2024-08-14,10.7,10.7,10.7,10.7,0,1680,0
BANKNIFTY14AUG2455600CE.NFO,2024-08-05,13:55:00,2024-08-14,10.7,10.7,10.7,10.7,0,1680,0
BANKNIFTY14AUG2455600CE.NFO,2024-08-05,13:56:00,2024-08-14,10.7,10.7,10.7,10.7,0,1680,1
BANKNIFTY14AUG2455600CE.NFO,2024-08-05,13:57:00,2024-08-14,10.7,10.7,10.7,10.7,0,1680,1
BANKNIFTY14AUG2455600CE.NFO,2024-08-05,13:58:00,2024-08-14,10.7,10.7,10.7,10.7,0,1680,0
BANKNIFTY14AUG2455600CE.NFO,2024-08-05,13:59:00,2024-08-14,10.7,10.7,10.7,10.7,0,1680,0
BANKNIFTY14AUG2455600CE.NFO,2024-08-05,14:00:00,2024-08-14,10.7,10.7,10.7,10.7,0,1680,0
BANKNIFTY14AUG2455600CE.NFO,2024-08-05,14:01:00,2024-08-14,10.7,10.7,10.7,10.7,0,1680,0
BANKNIFTY14AUG2455600CE.NFO,2024-08-05,14:02:00,2024-08-14,10.7,10.7,10.7,10.7,0,1680,0
BANKNIFTY14AUG2455600CE.NFO,2024-08-05,14:03:00,2024-08-14,10.7,10.7,10.7,10.7,0,1680,0
BANKNIFTY14AUG2455600CE.NFO,2024-08-05,14:04:00,2024-08-14,10.7,10.7,10.7,10.7,0,1680,0
BANKNIFTY14AUG2455600CE.NFO,2024-08-05,14:05:00,2024-08-14,10.7,10.7,10.7,10.7,0,1680,0
BANKNIFTY14AUG2455600CE.NFO,2024-08-05,14:06:00,2024-08-14,10.7,10.7,10.7,10.7,0,1680,0
BANKNIFTY14AUG2455600CE.NFO,2024-08-05,14:07:00,2024-08-14,10.7,10.7,10.7,10.7,0,1680,0
BANKNIFTY14AUG2455600CE.NFO,2024-08-05,14:08:00,2024-08-14,10.7,10.7,10.7,10.7,0,1680,0
BANKNIFTY14AUG2455600CE.NFO,2024-08-05,14:09:00,2024-08-14,10.7,10.7,10.7,10.7,0,1680,1
BANKNIFTY14AUG2455600CE.NFO,2024-08-05,14:10:00,2024-08-14,10.7,10.7,10.7,10.7,0,1680,1
BANKNIFTY14AUG2455600CE.NFO,2024-08-05,14:11:00,2024-08-14,10.6,10.6,10.6,10.6,15,1680,0
BANKNIFTY14AUG2455600CE.NFO,2024-08-05,14:12:00,2024-08-14,10.6,10.6,10.6,10.6,15,1680,1
BANKNIFTY14AUG2455600CE.NFO,2024-08-05,14:13:00,2024-08-14,10.6,10.6,10.6,10.6,15,1680,1
BANKNIFTY14AUG2455600CE.NFO,2024-08-05,14:14:00,2024-08-14,10.6,10.6,10.6,10.6,15,1680,1
BANKNIFTY14AUG2455600CE.NFO,2024-08-05,14:15:00,2024-08-14,10.6,10.6,10.6,10.6,0,1680,0
BANKNIFTY14AUG2455600CE.NFO,2024-08-05,14:16:00,2024-08-14,10.6,10.6,10.6,10.6,0,1680,0
BANKNIFTY14AUG2455600CE.NFO,2024-08-05,14:17:00,2024-08-14,10.6,10.6,10.6,10.6,0,1680,1
BANKNIFTY14AUG2455600CE.NFO,2024-08-05,14:18:00,2024-08-14,10.6,10.6,10.6,10.6,0,1680,1
BANKNIFTY14AUG2455600CE.NFO,2024-08-05,14:19:00,2024-08-14,10.6,10.6,10.6,10.6,0,1680,1
BANKNIFTY14AUG2455600CE.NFO,2024-08-05,14:20:00,2024-08-14,10.6,10.6,10.6,10.6,0,1680,0
BANKNIFTY14AUG2455600CE.NFO,2024-08-05,14:21:00,2024-08-14,10.6,10.6,10.05,10.05,15,1680,0
BANKNIFTY14AUG2455600CE.NFO,2024-08-05,14:22:00,2024-08-14,10.05,10.05,10.05,10.05,15,1665,0
BANKNIFTY14AUG2455600CE.NFO,2024-08-05,14:23:00,2024-08-14,10.05,10.05,10.05,10.05,0,1665,0
BANKNIFTY14AUG2455600CE.NFO,2024-08-05,14:24:00,2024-08-14,10.05,10.05,10.05,10.05,0,1665,1
BANKNIFTY14AUG2455600CE.NFO,2024-08-05,14:25:00,2024-08-14,10.05,10.05,10.05,10.05,0,1665,1
BANKNIFTY14AUG2455600CE.NFO,2024-08-05,14:26:00,2024-08-14,10.05,10.05,10.05,10.05,0,1665,1
BANKNIFTY14AUG2455600CE.NFO,2024-08-05,14:27:00,2024-08-14,10.05,10.05,10.05,10.05,0,1665,1
BANKNIFTY14AUG2455600CE.NFO,2024-08-05,14:28:00,2024-08-14,10.05,10.05,10.05,10.05,0,1665,0
BANKNIFTY14AUG2455600CE.NFO,2024-08-05,14:29:00,2024-08-14,10.05,10.05,10.05,10.05,0,1665,1
BANKNIFTY14AUG2455600CE.NFO,2024-08-05,14:30:00,2024-08-14,10.05,10.05,10.05,10.05,0,1665,1
BANKNIFTY14AUG2455600CE.NFO,2024-08-05,14:31:00,2024-08-14,10.05,10.05,10.05,10.05,0,1665,1
BANKNIFTY14AUG2455600CE.NFO,2024-08-05,14:32:00,2024-08-14,10.05,10.05,10.05,10.05,0,1665,1
BANKNIFTY14AUG2455600CE.NFO,2024-08-05,14:33:00,2024-08-14,10.05,10.05,10.05,10.05,0,1665,1
BANKNIFTY14AUG2455600CE.NFO,2024-08-05,14:34:00,2024-08-14,10.05,10.05,10.05,10.05,0,1665,1
BANKNIFTY14AUG2455600CE.NFO,2024-08-05,14:35:00,2024-08-14,10.05,10.05,10.05,10.05,0,1665,1
BANKNIFTY14AUG2455600CE.NFO,2024-08-05,14:36:00,2024-08-14,10.05,10.05,10.05,10.05,0,1665,0
BANKNIFTY14AUG2455600CE.NFO,2024-08-05,14:37:00,2024-08-14,10.05,10.05,10.05,10.05,0,1665,0
BANKNIFTY14AUG2455600CE.NFO,2024-08-05,14:38:00,2024-08-14,10.05,10.05,10.05,10.05,0,1665,0
BANKNIFTY14AUG2455600CE.NFO,2024-08-05,14:39:00,2024-08-14,10.05,10.05,10.05,10.05,0,1665,0
BANKNIFTY14AUG2455600CE.NFO,2024-08-05,14:40:00,2024-08-14,10.05,10.05,10.05,10.05,0,1665,0
BANKNIFTY14AUG2455600CE.NFO,2024-08-05,14:41:00,2024-08-14,10.05,10.05,10.05,10.05,0,1665,0
BANKNIFTY14AUG2455600CE.NFO,2024-08-05,14:42:00,2024-08-14,10.05,10.05,10.05,10.05,0,1665,0
BANKNIFTY14AUG2455600CE.NFO,2024-08-05,14:43:00,2024-08-14,10.0,10.0,10.0,10.0,150,1590,0
BANKNIFTY14AUG2455600CE.NFO,2024-08-05,14:44:00,2024-08-14,10.0,10.0,10.0,10.0,0,1590,0
BANKNIFTY14AUG2455600CE.NFO,2024-08-05,14:45:00,2024-08-14,10.0,10.0,10.0,10.0,0,1590,0
BANKNIFTY14AUG2455600CE.NFO,2024-08-05,14:46:00,2024-08-14,10.0,10.0,10.0,10.0,0,1590,0
BANKNIFTY14AUG2455600CE.NFO,2024-08-05,14:47:00,2024-08-14,10.0,10.0,10.0,10.0,0,1590,1
BANKNIFTY14AUG2455600CE.NFO,2024-08-05,14:48:00,2024-08-14,10.0,10.0,10.0,10.0,0,1590,0
BANKNIFTY14AUG2455600CE.NFO,2024-08-05,14:49:00,2024-08-14,10.0,10.0,10.0,10.0,0,1590,0
BANKNIFTY14AUG2455600CE.NFO,2024-08-05,14:50:00,2024-08-14,10.0,10.0,10.0,10.0,0,1590,0
BANKNIFTY14AUG2455600CE.NFO,2024-08-05,14:51:00,2024-08-14,10.0,10.0,10.0,10.0,0,1590,0
BANKNIFTY14AUG2455600CE.NFO,2024-08-05,14:52:00,2024-08-14,10.0,10.0,10.0,10.0,0,1590,0
BANKNIFTY14AUG2455600CE.NFO,2024-08-05,14:53:00,2024-08-14,10.0,10.2,10.0,10.2,0,1515,0
BANKNIFTY14AUG2455600CE.NFO,2024-08-05,14:54:00,2024-08-14,10.2,10.2,10.2,10.2,720,1515,0
BANKNIFTY14AUG2455600CE.NFO,2024-08-05,14:55:00,2024-08-14,10.2,10.2,10.2,10.2,0,1515,0
BANKNIFTY14AUG2455600CE.NFO,2024-08-05,14:56:00,2024-08-14,10.2,10.2,10.2,10.2,0,1515,0
BANKNIFTY14AUG2455600CE.NFO,2024-08-05,14:57:00,2024-08-14,10.2,10.2,10.2,10.2,0,1515,0
BANKNIFTY14AUG2455600CE.NFO,2024-08-05,14:58:00,2024-08-14,10.0,10.0,10.0,10.0,120,1350,0
BANKNIFTY14AUG2455600CE.NFO,2024-08-05,14:59:00,2024-08-14,10.0,10.0,10.0,10.0,60,1350,0
BANKNIFTY14AUG2455600CE.NFO,2024-08-05,15:00:00,2024-08-14,10.0,10.0,10.0,10.0,0,1350,0
BANKNIFTY14AUG2455600CE.NFO,2024-08-05,15:01:00,2024-08-14,10.0,10.0,10.0,10.0,0,1350,0
BANKNIFTY14AUG2455600CE.NFO,2024-08-05,15:02:00,2024-08-14,10.0,10.0,10.0,10.0,0,1350,0
BANKNIFTY14AUG2455600CE.NFO,2024-08-05,15:03:00,2024-08-14,10.0,10.0,10.0,10.0,0,1350,0
BANKNIFTY14AUG2455600CE.NFO,2024-08-05,15:04:00,2024-08-14,10.0,10.0,10.0,10.0,0,1350,0
BANKNIFTY14AUG2455600CE.NFO,2024-08-05,15:05:00,2024-08-14,10.0,10.0,10.0,10.0,0,1350,0
BANKNIFTY14AUG2455600CE.NFO,2024-08-05,15:06:00,2024-08-14,10.0,10.0,10.0,10.0,0,1350,0
BANKNIFTY14AUG2455600CE.NFO,2024-08-05,15:07:00,2024-08-14,10.0,10.0,10.0,10.0,0,1350,0
BANKNIFTY14AUG2455600CE.NFO,2024-08-05,15:08:00,2024-08-14,10.0,10.0,10.0,10.0,0,1350,0
BANKNIFTY14AUG2455600CE.NFO,2024-08-05,15:09:00,2024-08-14,10.0,10.0,10.0,10.0,0,1350,0
BANKNIFTY14AUG2455600CE.NFO,2024-08-05,15:10:00,2024-08-14,10.0,10.0,10.0,10.0,0,1350,0
BANKNIFTY14AUG2455600CE.NFO,2024-08-05,15:11:00,2024-08-14,10.0,10.0,10.0,10.0,0,1350,0
BANKNIFTY14AUG2455600CE.NFO,2024-08-05,15:12:00,2024-08-14,10.0,10.0,10.0,10.0,0,1350,0
BANKNIFTY14AUG2455600CE.NFO,2024-08-05,15:13:00,2024-08-14,10.0,10.0,10.0,10.0,0,1350,0
BANKNIFTY14AUG2455600CE.NFO,2024-08-05,15:14:00,2024-08-14,10.0,10.0,10.0,10.0,0,1350,0
BANKNIFTY14AUG2455600CE.NFO,2024-08-05,15:15:00,2024-08-14,10.0,10.0,10.0,10.0,0,1350,0
BANKNIFTY14AUG2455600CE.NFO,2024-08-05,15:16:00,2024-08-14,10.0,10.0,10.0,10.0,0,1350,0
BANKNIFTY14AUG2455600CE.NFO,2024-08-05,15:17:00,2024-08-14,10.0,10.0,10.0,10.0,0,1350,0
BANKNIFTY14AUG2455600CE.NFO,2024-08-05,15:18:00,2024-08-14,10.0,10.0,10.0,10.0,0,1350,0
BANKNIFTY14AUG2455600CE.NFO,2024-08-05,15:19:00,2024-08-14,10.0,10.0,10.0,10.0,0,1350,0
BANKNIFTY14AUG2455600CE.NFO,2024-08-05,15:20:00,2024-08-14,10.0,10.0,10.0,10.0,0,1350,0
BANKNIFTY14AUG2455600CE.NFO,2024-08-05,15:21:00,2024-08-14,10.0,10.0,10.0,10.0,0,1350,0
BANKNIFTY14AUG2455600CE.NFO,2024-08-05,15:22:00,2024-08-14,10.0,10.0,10.0,10.0,0,1350,0
BANKNIFTY14AUG2455600CE.NFO,2024-08-05,15:23:00,2024-08-14,10.0,10.0,10.0,10.0,0,1350,0
BANKNIFTY14AUG2455600CE.NFO,2024-08-05,15:24:00,2024-08-14,13.5,13.5,13.5,13.5,45,1365,0
BANKNIFTY14AUG2455600CE.NFO,2024-08-05,15:25:00,2024-08-14,13.5,13.5,13.5,13.5,0,1365,0
BANKNIFTY14AUG2455600CE.NFO,2024-08-05,15:26:00,2024-08-14,11.05,11.05,11.05,11.05,60,1410,0
BANKNIFTY14AUG2455600CE.NFO,2024-08-05,15:27:00,2024-08-14,11.05,11.05,11.05,11.05,0,1410,0
BANKNIFTY14AUG2455600CE.NFO,2024-08-05,15:28:00,2024-08-14,11.05,11.05,11.05,11.05,0,1410,0
BANKNIFTY14AUG2455600CE.NFO,2024-08-05,15:29:00,2024-08-14,11.05,11.05,11.05,11.05,0,1410,0
BANKNIFTY14AUG2455600CE.NFO,2024-08-05,15:30:00,2024-08-14,11.05,11.05,11.05,11.05,0,1410,1
BANKNIFTY14AUG2455600CE.NFO,2024-08-06,09:15:00,2024-08-14,11.0,11.0,11.0,11.0,0,1350,1
BANKNIFTY14AUG2455600CE.NFO,2024-08-06,09:16:00,2024-08-14,11.0,11.0,11.0,11.0,0,1350,1
BANKNIFTY14AUG2455600CE.NFO,2024-08-06,09:17:00,2024-08-14,11.0,11.0,11.0,11.0,0,1350,1
BANKNIFTY14AUG2455600CE.NFO,2024-08-06,09:18:00,2024-08-14,11.0,11.0,11.0,11.0,0,1350,1
BANKNIFTY14AUG2455600CE.NFO,2024-08-06,09:19:00,2024-08-14,11.0,11.0,11.0,11.0,0,1350,1
BANKNIFTY14AUG2455600CE.NFO,2024-08-06,09:20:00,2024-08-14,11.0,11.0,11.0,11.0,0,1350,1
BANKNIFTY14AUG2455600CE.NFO,2024-08-06,09:21:00,2024-08-14,11.0,11.0,11.0,11.0,0,1350,1
BANKNIFTY14AUG2455600CE.NFO,2024-08-06,09:22:00,2024-08-14,11.0,11.0,11.0,11.0,0,1350,1
BANKNIFTY14AUG2455600CE.NFO,2024-08-06,09:23:00,2024-08-14,11.0,11.0,11.0,11.0,0,1350,1
BANKNIFTY14AUG2455600CE.NFO,2024-08-06,09:24:00,2024-08-14,11.0,11.0,11.0,11.0,0,1350,1
BANKNIFTY14AUG2455600CE.NFO,2024-08-06,09:25:00,2024-08-14,11.0,11.0,11.0,11.0,0,1350,1
BANKNIFTY14AUG2455600CE.NFO,2024-08-06,09:26:00,2024-08-14,11.0,11.0,11.0,11.0,0,1350,1
BANKNIFTY14AUG2455600CE.NFO,2024-08-06,09:27:00,2024-08-14,11.0,11.0,11.0,11.0,0,1350,1
BANKNIFTY14AUG2455600CE.NFO,2024-08-06,09:28:00,2024-08-14,11.0,11.0,11.0,11.0,0,1350,1
BANKNIFTY14AUG2455600CE.NFO,2024-08-06,09:29:00,2024-08-14,11.0,11.0,11.0,11.0,0,1350,1
BANKNIFTY14AUG2455600CE.NFO,2024-08-06,09:30:00,2024-08-14,11.0,11.0,11.0,11.0,0,1350,1
BANKNIFTY14AUG2455600CE.NFO,2024-08-06,09:31:00,2024-08-14,11.0,11.0,11.0,11.0,0,1350,1
BANKNIFTY14AUG2455600CE.NFO,2024-08-06,09:32:00,2024-08-14,11.0,11.0,11.0,11.0,0,1350,1
BANKNIFTY14AUG2455600CE.NFO,2024-08-06,09:33:00,2024-08-14,11.0,11.0,11.0,11.0,0,1350,1
BANKNIFTY14AUG2455600CE.NFO,2024-08-06,09:34:00,2024-08-14,11.0,11.0,11.0,11.0,0,1350,1
BANKNIFTY14AUG2455600CE.NFO,2024-08-06,09:35:00,2024-08-14,11.0,11.0,11.0,11.0,0,1350,1
BANKNIFTY14AUG2455600CE.NFO,2024-08-06,09:36:00,2024-08-14,11.0,11.0,11.0,11.0,0,1350,1
BANKNIFTY14AUG2455600CE.NFO,2024-08-06,09:37:00,2024-08-14,11.0,11.0,11.0,11.0,0,1350,1
BANKNIFTY14AUG2455600CE.NFO,2024-08-06,09:38:00,2024-08-14,11.0,11.0,11.0,11.0,0,1350,1
BANKNIFTY14AUG2455600CE.NFO,2024-08-06,09:39:00,2024-08-14,11.0,11.0,11.0,11.0,0,1350,1
BANKNIFTY14AUG2455600CE.NFO,2024-08-06,09:40:00,2024-08-14,11.0,11.0,11.0,11.0,0,1350,0
BANKNIFTY14AUG2455600CE.NFO,2024-08-06,09:41:00,2024-08-14,11.0,11.0,11.0,11.0,0,1350,0
BANKNIFTY14AUG2455600CE.NFO,2024-08-06,09:42:00,2024-08-14,11.0,11.0,11.0,11.0,0,1350,0
BANKNIFTY14AUG2455600CE.NFO,2024-08-06,09:43:00,2024-08-14,11.0,11.0,5.6,5.6,45,1365,0
BANKNIFTY14AUG2455600CE.NFO,2024-08-06,09:44:00,2024-08-14,5.6,6.5,5.6,6.5,45,1365,0
BANKNIFTY14AUG2455600CE.NFO,2024-08-06,09:45:00,2024-08-14,6.5,6.5,6.5,6.5,0,1365,0
BANKNIFTY14AUG2455600CE.NFO,2024-08-06,09:46:00,2024-08-14,6.5,6.5,6.5,6.5,0,1365,0
BANKNIFTY14AUG2455600CE.NFO,2024-08-06,09:47:00,2024-08-14,6.5,6.5,6.5,6.5,0,1365,0
BANKNIFTY14AUG2455600CE.NFO,2024-08-06,09:48:00,2024-08-14,6.5,6.5,6.5,6.5,0,1365,0
BANKNIFTY14AUG2455600CE.NFO,2024-08-06,09:49:00,2024-08-14,6.5,6.5,6.5,6.5,0,1365,0
BANKNIFTY14AUG2455600CE.NFO,2024-08-06,09:50:00,2024-08-14,6.5,6.5,6.5,6.5,0,1365,0
BANKNIFTY14AUG2455600CE.NFO,2024-08-06,09:51:00,2024-08-14,6.5,6.5,6.5,6.5,0,1365,0
BANKNIFTY14AUG2455600CE.NFO,2024-08-06,09:52:00,2024-08-14,6.5,6.5,6.5,6.5,0,1365,0
BANKNIFTY14AUG2455600CE.NFO,2024-08-06,09:53:00,2024-08-14,6.5,6.5,6.5,6.5,0,1365,1
BANKNIFTY14AUG2455600CE.NFO,2024-08-06,09:54:00,2024-08-14,6.5,6.5,6.5,6.5,0,1365,1
BANKNIFTY14AUG2455600CE.NFO,2024-08-06,09:55:00,2024-08-14,6.5,6.5,6.5,6.5,0,1365,0
BANKNIFTY14AUG2455600CE.NFO,2024-08-06,09:56:00,2024-08-14,6.5,6.5,6.5,6.5,0,1365,1
BANKNIFTY14AUG2455600CE.NFO,2024-08-06,09:57:00,2024-08-14,6.5,6.5,6.5,6.5,0,1365,0
BANKNIFTY14AUG2455600CE.NFO,2024-08-06,09:58:00,2024-08-14,6.5,6.5,6.5,6.5,0,1365,1
BANKNIFTY14AUG2455600CE.NFO,2024-08-06,09:59:00,2024-08-14,6.5,6.5,6.5,6.5,0,1365,1
BANKNIFTY14AUG2455600CE.NFO,2024-08-06,10:00:00,2024-08-14,6.5,6.5,6.5,6.5,0,1365,0
BANKNIFTY14AUG2455600CE.NFO,2024-08-06,10:01:00,2024-08-14,6.5,6.5,6.5,6.5,0,1365,0
BANKNIFTY14AUG2455600CE.NFO,2024-08-06,10:02:00,2024-08-14,6.5,6.5,6.5,6.5,0,1365,1
BANKNIFTY14AUG2455600CE.NFO,2024-08-06,10:03:00,2024-08-14,6.5,6.5,6.5,6.5,0,1365,1
BANKNIFTY14AUG2455600CE.NFO,2024-08-06,10:04:00,2024-08-14,6.5,6.5,6.5,6.5,0,1365,1
BANKNIFTY14AUG2455600CE.NFO,2024-08-06,10:05:00,2024-08-14,6.5,6.5,6.5,6.5,0,1365,1
BANKNIFTY14AUG2455600CE.NFO,2024-08-06,10:06:00,2024-08-14,6.5,6.5,6.5,6.5,0,1365,0
BANKNIFTY14AUG2455600CE.NFO,2024-08-06,10:07:00,2024-08-14,6.5,6.5,6.5,6.5,0,1365,0
BANKNIFTY14AUG2455600CE.NFO,2024-08-06,10:08:00,2024-08-14,6.5,6.5,6.5,6.5,0,1365,1
BANKNIFTY14AUG2455600CE.NFO,2024-08-06,10:09:00,2024-08-14,6.5,6.5,6.5,6.5,0,1365,1
BANKNIFTY14AUG2455600CE.NFO,2024-08-06,10:10:00,2024-08-14,6.5,6.5,6.5,6.5,0,1365,1
BANKNIFTY14AUG2455600CE.NFO,2024-08-06,10:11:00,2024-08-14,6.5,6.5,6.5,6.5,0,1365,0
BANKNIFTY14AUG2455600CE.NFO,2024-08-06,10:12:00,2024-08-14,6.5,6.5,6.5,6.5,0,1365,1
BANKNIFTY14AUG2455600CE.NFO,2024-08-06,10:13:00,2024-08-14,6.5,6.5,6.5,6.5,0,1365,1
BANKNIFTY14AUG2455600CE.NFO,2024-08-06,10:14:00,2024-08-14,6.5,6.5,6.5,6.5,0,1365,0
BANKNIFTY14AUG2455600CE.NFO,2024-08-06,10:15:00,2024-08-14,6.5,6.5,6.5,6.5,0,1365,0
BANKNIFTY14AUG2455600CE.NFO,2024-08-06,10:16:00,2024-08-14,6.5,6.5,6.5,6.5,0,1365,1
BANKNIFTY14AUG2455600CE.NFO,2024-08-06,10:17:00,2024-08-14,6.5,6.5,6.5,6.5,0,1365,1
BANKNIFTY14AUG2455600CE.NFO,2024-08-06,10:18:00,2024-08-14,6.5,6.5,6.5,6.5,0,1365,0
BANKNIFTY14AUG2455600CE.NFO,2024-08-06,10:19:00,2024-08-14,6.5,6.5,6.5,6.5,0,1365,0
BANKNIFTY14AUG2455600CE.NFO,2024-08-06,10:20:00,2024-08-14,6.5,6.5,6.5,6.5,0,1365,0
BANKNIFTY14AUG2455600CE.NFO,2024-08-06,10:21:00,2024-08-14,6.5,6.5,6.5,6.5,0,1365,1
BANKNIFTY14AUG2455600CE.NFO,2024-08-06,10:22:00,2024-08-14,6.5,6.5,6.5,6.5,0,1365,1
BANKNIFTY14AUG2455600CE.NFO,2024-08-06,10:23:00,2024-08-14,6.5,6.5,6.5,6.5,0,1365,1
BANKNIFTY14AUG2455600CE.NFO,2024-08-06,10:24:00,2024-08-14,6.5,6.5,6.5,6.5,0,1365,1
BANKNIFTY14AUG2455600CE.NFO,2024-08-06,10:25:00,2024-08-14,6.5,6.5,6.5,6.5,15,1350,0
BANKNIFTY14AUG2455600CE.NFO,2024-08-06,10:26:00,2024-08-14,6.5,6.5,6.5,6.5,0,1350,0
BANKNIFTY14AUG2455600CE.NFO,2024-08-06,10:27:00,2024-08-14,6.5,6.5,6.5,6.5,0,1350,0
BANKNIFTY14AUG2455600CE.NFO,2024-08-06,10:28:00,2024-08-14,6.5,6.5,6.5,6.5,0,1350,1
BANKNIFTY14AUG2455600CE.NFO,2024-08-06,10:29:00,2024-08-14,6.5,6.5,6.5,6.5,0,1350,0
BANKNIFTY14AUG2455600CE.NFO,2024-08-06,10:30:00,2024-08-14,6.5,6.5,6.5,6.5,0,1350,0
BANKNIFTY14AUG2455600CE.NFO,2024-08-06,10:31:00,2024-08-14,6.5,6.5,6.5,6.5,0,1350,1
BANKNIFTY14AUG2455600CE.NFO,2024-08-06,10:32:00,2024-08-14,6.5,6.5,6.5,6.5,0,1350,0
BANKNIFTY14AUG2455600CE.NFO,2024-08-06,10:33:00,2024-08-14,6.5,6.5,6.5,6.5,0,1350,1
BANKNIFTY14AUG2455600CE.NFO,2024-08-06,10:34:00,2024-08-14,6.5,6.5,6.5,6.5,0,1350,0
BANKNIFTY14AUG2455600CE.NFO,2024-08-06,10:35:00,2024-08-14,6.5,6.5,6.5,6.5,0,1350,1
BANKNIFTY14AUG2455600CE.NFO,2024-08-06,10:36:00,2024-08-14,6.5,6.5,6.5,6.5,0,1350,0
BANKNIFTY14AUG2455600CE.NFO,2024-08-06,10:37:00,2024-08-14,6.5,6.5,6.5,6.5,0,1350,1
BANKNIFTY14AUG2455600CE.NFO,2024-08-06,10:38:00,2024-08-14,5.55,5.55,5.55,5.55,270,1350,0
BANKNIFTY14AUG2455600CE.NFO,2024-08-06,10:39:00,2024-08-14,5.55,5.55,5.55,5.55,270,1350,1
BANKNIFTY14AUG2455600CE.NFO,2024-08-06,10:40:00,2024-08-14,5.55,5.55,5.55,5.55,0,1350,0
BANKNIFTY14AUG2455600CE.NFO,2024-08-06,10:41:00,2024-08-14,5.55,5.55,5.55,5.55,0,1350,1
BANKNIFTY14AUG2455600CE.NFO,2024-08-06,10:42:00,2024-08-14,5.55,5.55,5.55,5.55,0,1350,1
BANKNIFTY14AUG2455600CE.NFO,2024-08-06,10:43:00,2024-08-14,5.55,5.55,5.55,5.55,0,1350,0
BANKNIFTY14AUG2455600CE.NFO,2024-08-06,10:44:00,2024-08-14,5.55,5.55,5.55,5.55,0,1350,0
BANKNIFTY14AUG2455600CE.NFO,2024-08-06,10:45:00,2024-08-14,5.55,5.55,5.55,5.55,0,1350,0
BANKNIFTY14AUG2455600CE.NFO,2024-08-06,10:46:00,2024-08-14,5.55,5.55,5.55,5.55,0,1350,0
BANKNIFTY14AUG2455600CE.NFO,2024-08-06,10:47:00,2024-08-14,5.55,5.55,5.55,5.55,0,1350,0
BANKNIFTY14AUG2455600CE.NFO,2024-08-06,10:48:00,2024-08-14,5.55,5.55,5.55,5.55,0,1350,0
BANKNIFTY14AUG2455600CE.NFO,2024-08-06,10:49:00,2024-08-14,5.55,5.55,5.55,5.55,0,1350,1
BANKNIFTY14AUG2455600CE.NFO,2024-08-06,10:50:00,2024-08-14,5.55,5.55,5.55,5.55,0,1350,1
BANKNIFTY14AUG2455600CE.NFO,2024-08-06,10:51:00,2024-08-14,5.55,5.55,5.55,5.55,0,1350,0
BANKNIFTY14AUG2455600CE.NFO,2024-08-06,10:52:00,2024-08-14,5.55,5.55,5.55,5.55,0,1350,0
BANKNIFTY14AUG2455600CE.NFO,2024-08-06,10:53:00,2024-08-14,5.55,5.55,5.55,5.55,0,1350,0
BANKNIFTY14AUG2455600CE.NFO,2024-08-06,10:54:00,2024-08-14,5.55,5.55,5.55,5.55,0,1350,1
BANKNIFTY14AUG2455600CE.NFO,2024-08-06,10:55:00,2024-08-14,5.55,5.55,5.55,5.55,0,1350,1
BANKNIFTY14AUG2455600CE.NFO,2024-08-06,10:56:00,2024-08-14,5.55,5.55,5.55,5.55,0,1350,1
BANKNIFTY14AUG2455600CE.NFO,2024-08-06,10:57:00,2024-08-14,5.55,5.55,5.55,5.55,0,1350,1
BANKNIFTY14AUG2455600CE.NFO,2024-08-06,10:58:00,2024-08-14,5.55,5.55,5.55,5.55,0,1350,1
BANKNIFTY14AUG2455600CE.NFO,2024-08-06,10:59:00,2024-08-14,5.55,5.55,5.55,5.55,0,1350,1
BANKNIFTY14AUG2455600CE.NFO,2024-08-06,11:00:00,2024-08-14,5.55,5.55,5.55,5.55,0,1350,1
BANKNIFTY14AUG2455600CE.NFO,2024-08-06,11:01:00,2024-08-14,5.55,5.55,5.55,5.55,0,1350,1
BANKNIFTY14AUG2455600CE.NFO,2024-08-06,11:02:00,2024-08-14,5.55,5.55,5.55,5.55,0,1350,1
BANKNIFTY14AUG2455600CE.NFO,2024-08-06,11:03:00,2024-08-14,5.55,5.55,5.55,5.55,0,1350,1
BANKNIFTY14AUG2455600CE.NFO,2024-08-06,11:04:00,2024-08-14,5.55,5.55,5.55,5.55,0,1350,1
BANKNIFTY14AUG2455600CE.NFO,2024-08-06,11:05:00,2024-08-14,5.55,5.55,5.55,5.55,0,1350,1
BANKNIFTY14AUG2455600CE.NFO,2024-08-06,11:06:00,2024-08-14,5.55,5.55,5.55,5.55,0,1350,1
BANKNIFTY14AUG2455600CE.NFO,2024-08-06,11:07:00,2024-08-14,5.55,5.55,5.55,5.55,0,1350,1
BANKNIFTY14AUG2455600CE.NFO,2024-08-06,11:08:00,2024-08-14,5.55,5.55,5.55,5.55,0,1350,0
BANKNIFTY14AUG2455600CE.NFO,2024-08-06,11:09:00,2024-08-14,5.55,5.55,5.55,5.55,0,1350,1
BANKNIFTY14AUG2455600CE.NFO,2024-08-06,11:10:00,2024-08-14,5.55,5.55,5.55,5.55,0,1350,1
BANKNIFTY14AUG2455600CE.NFO,2024-08-06,11:11:00,2024-08-14,5.55,5.55,5.55,5.55,0,1350,1
BANKNIFTY14AUG2455600CE.NFO,2024-08-06,11:12:00,2024-08-14,5.55,5.55,5.55,5.55,0,1350,1
BANKNIFTY14AUG2455600CE.NFO,2024-08-06,11:13:00,2024-08-14,5.55,5.55,5.55,5.55,0,1350,1
BANKNIFTY14AUG2455600CE.NFO,2024-08-06,11:14:00,2024-08-14,5.55,5.55,5.55,5.55,0,1350,1
BANKNIFTY14AUG2455600CE.NFO,2024-08-06,11:15:00,2024-08-14,5.55,5.55,5.55,5.55,0,1350,0
BANKNIFTY14AUG2455600CE.NFO,2024-08-06,11:16:00,2024-08-14,5.55,5.55,5.55,5.55,0,1350,1
BANKNIFTY14AUG2455600CE.NFO,2024-08-06,11:17:00,2024-08-14,5.55,5.55,5.55,5.55,0,1350,1
BANKNIFTY14AUG2455600CE.NFO,2024-08-06,11:18:00,2024-08-14,5.55,5.55,5.55,5.55,0,1350,0
BANKNIFTY14AUG2455600CE.NFO,2024-08-06,11:19:00,2024-08-14,5.55,5.55,5.55,5.55,0,1350,0
BANKNIFTY14AUG2455600CE.NFO,2024-08-06,11:20:00,2024-08-14,5.55,5.55,5.55,5.55,0,1350,0
BANKNIFTY14AUG2455600CE.NFO,2024-08-06,11:21:00,2024-08-14,5.55,5.55,5.55,5.55,0,1350,1
BANKNIFTY14AUG2455600CE.NFO,2024-08-06,11:22:00,2024-08-14,5.55,5.55,5.55,5.55,0,1350,1
BANKNIFTY14AUG2455600CE.NFO,2024-08-06,11:23:00,2024-08-14,5.55,5.55,5.55,5.55,0,1350,0
BANKNIFTY14AUG2455600CE.NFO,2024-08-06,11:24:00,2024-08-14,5.55,5.55,5.55,5.55,0,1350,1
BANKNIFTY14AUG2455600CE.NFO,2024-08-06,11:25:00,2024-08-14,5.55,5.55,5.55,5.55,0,1350,1
BANKNIFTY14AUG2455600CE.NFO,2024-08-06,11:26:00,2024-08-14,5.55,5.55,5.55,5.55,0,1350,1
BANKNIFTY14AUG2455600CE.NFO,2024-08-06,11:27:00,2024-08-14,5.55,5.55,5.55,5.55,0,1350,1
BANKNIFTY14AUG2455600CE.NFO,2024-08-06,11:28:00,2024-08-14,5.55,5.55,5.55,5.55,0,1350,0
BANKNIFTY14AUG2455600CE.NFO,2024-08-06,11:29:00,2024-08-14,5.55,5.55,5.55,5.55,0,1350,1
BANKNIFTY14AUG2455600CE.NFO,2024-08-06,11:30:00,2024-08-14,5.55,5.55,5.55,5.55,0,1350,1
BANKNIFTY14AUG2455600CE.NFO,2024-08-06,11:31:00,2024-08-14,5.55,5.55,5.55,5.55,0,1350,1
BANKNIFTY14AUG2455600CE.NFO,2024-08-06,11:32:00,2024-08-14,5.55,5.55,5.55,5.55,0,1350,0
BANKNIFTY14AUG2455600CE.NFO,2024-08-06,11:33:00,2024-08-14,5.55,5.55,5.55,5.55,0,1350,1
BANKNIFTY14AUG2455600CE.NFO,2024-08-06,11:34:00,2024-08-14,5.55,5.55,5.55,5.55,0,1350,0
BANKNIFTY14AUG2455600CE.NFO,2024-08-06,11:35:00,2024-08-14,5.55,5.55,5.55,5.55,0,1350,1
BANKNIFTY14AUG2455600CE.NFO,2024-08-06,11:36:00,2024-08-14,5.55,5.55,5.55,5.55,0,1350,1
BANKNIFTY14AUG2455600CE.NFO,2024-08-06,11:37:00,2024-08-14,5.55,5.55,5.55,5.55,0,1350,1
BANKNIFTY14AUG2455600CE.NFO,2024-08-06,11:38:00,2024-08-14,5.55,5.55,5.55,5.55,0,1350,0
BANKNIFTY14AUG2455600CE.NFO,2024-08-06,11:39:00,2024-08-14,5.55,5.55,5.55,5.55,0,1350,1
BANKNIFTY14AUG2455600CE.NFO,2024-08-06,11:40:00,2024-08-14,5.55,5.55,5.55,5.55,0,1350,1
BANKNIFTY14AUG2455600CE.NFO,2024-08-06,11:41:00,2024-08-14,5.55,5.55,5.55,5.55,0,1350,1
BANKNIFTY14AUG2455600CE.NFO,2024-08-06,11:42:00,2024-08-14,5.55,5.55,5.55,5.55,0,1350,0
BANKNIFTY14AUG2455600CE.NFO,2024-08-06,11:43:00,2024-08-14,5.55,5.55,5.55,5.55,0,1350,1
BANKNIFTY14AUG2455600CE.NFO,2024-08-06,11:44:00,2024-08-14,5.55,5.55,5.55,5.55,0,1350,1
BANKNIFTY14AUG2455600CE.NFO,2024-08-06,11:45:00,2024-08-14,5.55,5.55,5.55,5.55,0,1350,1
BANKNIFTY14AUG2455600CE.NFO,2024-08-06,11:46:00,2024-08-14,5.55,5.55,5.55,5.55,0,1350,1
BANKNIFTY14AUG2455600CE.NFO,2024-08-06,11:47:00,2024-08-14,5.55,5.55,5.55,5.55,0,1350,1
BANKNIFTY14AUG2455600CE.NFO,2024-08-06,11:48:00,2024-08-14,5.55,5.55,5.55,5.55,0,1350,1
BANKNIFTY14AUG2455600CE.NFO,2024-08-06,11:49:00,2024-08-14,5.55,5.55,5.55,5.55,0,1350,0
BANKNIFTY14AUG2455600CE.NFO,2024-08-06,11:50:00,2024-08-14,5.55,5.55,5.55,5.55,0,1350,1
BANKNIFTY14AUG2455600CE.NFO,2024-08-06,11:51:00,2024-08-14,5.55,5.55,5.55,5.55,0,1350,0
BANKNIFTY14AUG2455600CE.NFO,2024-08-06,11:52:00,2024-08-14,5.55,5.55,5.55,5.55,0,1350,0
BANKNIFTY14AUG2455600CE.NFO,2024-08-06,11:53:00,2024-08-14,5.55,5.55,5.55,5.55,0,1350,0
BANKNIFTY14AUG2455600CE.NFO,2024-08-06,11:54:00,2024-08-14,5.55,5.55,5.55,5.55,0,1350,0
BANKNIFTY14AUG2455600CE.NFO,2024-08-06,11:55:00,2024-08-14,5.55,5.55,5.55,5.55,0,1350,1
BANKNIFTY14AUG2455600CE.NFO,2024-08-06,11:56:00,2024-08-14,5.55,5.55,5.55,5.55,0,1350,0
BANKNIFTY14AUG2455600CE.NFO,2024-08-06,11:57:00,2024-08-14,5.55,5.55,5.55,5.55,0,1350,1
BANKNIFTY14AUG2455600CE.NFO,2024-08-06,11:58:00,2024-08-14,5.55,5.55,5.55,5.55,0,1350,1
BANKNIFTY14AUG2455600CE.NFO,2024-08-06,11:59:00,2024-08-14,5.55,5.55,5.55,5.55,0,1350,1
BANKNIFTY14AUG2455600CE.NFO,2024-08-06,12:00:00,2024-08-14,5.55,5.55,5.55,5.55,0,1350,1
BANKNIFTY14AUG2455600CE.NFO,2024-08-06,12:01:00,2024-08-14,5.55,5.55,5.55,5.55,0,1350,1
BANKNIFTY14AUG2455600CE.NFO,2024-08-06,12:02:00,2024-08-14,5.55,5.55,5.55,5.55,0,1350,0
BANKNIFTY14AUG2455600CE.NFO,2024-08-06,12:03:00,2024-08-14,5.55,5.55,5.55,5.55,0,1350,1
BANKNIFTY14AUG2455600CE.NFO,2024-08-06,12:04:00,2024-08-14,5.55,5.55,5.55,5.55,0,1350,0
BANKNIFTY14AUG2455600CE.NFO,2024-08-06,12:05:00,2024-08-14,5.55,5.55,5.55,5.55,0,1350,1
BANKNIFTY14AUG2455600CE.NFO,2024-08-06,12:06:00,2024-08-14,5.55,5.55,5.55,5.55,0,1350,1
BANKNIFTY14AUG2455600CE.NFO,2024-08-06,12:07:00,2024-08-14,5.55,5.55,5.55,5.55,0,1350,1
BANKNIFTY14AUG2455600CE.NFO,2024-08-06,12:08:00,2024-08-14,5.55,5.55,5.55,5.55,0,1350,0
BANKNIFTY14AUG2455600CE.NFO,2024-08-06,12:09:00,2024-08-14,5.55,5.55,5.55,5.55,0,1350,1
BANKNIFTY14AUG2455600CE.NFO,2024-08-06,12:10:00,2024-08-14,5.55,5.55,5.55,5.55,0,1350,1
BANKNIFTY14AUG2455600CE.NFO,2024-08-06,12:11:00,2024-08-14,5.55,5.55,5.55,5.55,0,1350,1
BANKNIFTY14AUG2455600CE.NFO,2024-08-06,12:12:00,2024-08-14,5.55,5.55,5.55,5.55,0,1350,0
BANKNIFTY14AUG2455600CE.NFO,2024-08-06,12:13:00,2024-08-14,5.55,5.55,5.55,5.55,0,1350,1
BANKNIFTY14AUG2455600CE.NFO,2024-08-06,12:14:00,2024-08-14,5.55,5.55,5.55,5.55,0,1350,1
BANKNIFTY14AUG2455600CE.NFO,2024-08-06,12:15:00,2024-08-14,5.55,5.55,5.55,5.55,0,1350,1
BANKNIFTY14AUG2455600CE.NFO,2024-08-06,12:16:00,2024-08-14,5.55,5.55,5.55,5.55,0,1350,1
BANKNIFTY14AUG2455600CE.NFO,2024-08-06,12:17:00,2024-08-14,5.55,5.55,5.55,5.55,0,1350,1
BANKNIFTY14AUG2455600CE.NFO,2024-08-06,12:18:00,2024-08-14,5.55,5.55,5.55,5.55,0,1350,1
BANKNIFTY14AUG2455600CE.NFO,2024-08-06,12:19:00,2024-08-14,5.55,5.55,5.55,5.55,0,1350,1
BANKNIFTY14AUG2455600CE.NFO,2024-08-06,12:20:00,2024-08-14,5.55,5.55,5.55,5.55,0,1350,0
BANKNIFTY14AUG2455600CE.NFO,2024-08-06,12:21:00,2024-08-14,5.55,5.55,5.55,5.55,0,1350,1
BANKNIFTY14AUG2455600CE.NFO,2024-08-06,12:22:00,2024-08-14,5.55,5.55,5.55,5.55,0,1350,1
BANKNIFTY14AUG2455600CE.NFO,2024-08-06,12:23:00,2024-08-14,5.55,5.55,5.55,5.55,0,1350,0
BANKNIFTY14AUG2455600CE.NFO,2024-08-06,12:24:00,2024-08-14,5.55,5.55,5.55,5.55,0,1350,1
BANKNIFTY14AUG2455600CE.NFO,2024-08-06,12:25:00,2024-08-14,5.55,5.55,5.55,5.55,0,1350,0
BANKNIFTY14AUG2455600CE.NFO,2024-08-06,12:26:00,2024-08-14,5.55,5.55,5.55,5.55,0,1350,1
BANKNIFTY14AUG2455600CE.NFO,2024-08-06,12:27:00,2024-08-14,5.55,5.55,5.55,5.55,0,1350,1
BANKNIFTY14AUG2455600CE.NFO,2024-08-06,12:28:00,2024-08-14,5.55,5.55,5.55,5.55,0,1350,1
BANKNIFTY14AUG2455600CE.NFO,2024-08-06,12:29:00,2024-08-14,5.55,5.55,5.55,5.55,0,1350,1
BANKNIFTY14AUG2455600CE.NFO,2024-08-06,12:30:00,2024-08-14,5.55,5.55,5.55,5.55,0,1350,1
BANKNIFTY14AUG2455600CE.NFO,2024-08-06,12:31:00,2024-08-14,5.55,5.55,5.55,5.55,0,1350,1
BANKNIFTY14AUG2455600CE.NFO,2024-08-06,12:32:00,2024-08-14,5.55,5.55,5.55,5.55,0,1350,1
BANKNIFTY14AUG2455600CE.NFO,2024-08-06,12:33:00,2024-08-14,5.55,5.55,5.55,5.55,0,1350,1
BANKNIFTY14AUG2455600CE.NFO,2024-08-06,12:34:00,2024-08-14,5.55,5.55,5.55,5.55,0,1350,1
BANKNIFTY14AUG2455600CE.NFO,2024-08-06,12:35:00,2024-08-14,5.55,5.55,5.55,5.55,0,1350,1
BANKNIFTY14AUG2455600CE.NFO,2024-08-06,12:36:00,2024-08-14,5.55,5.55,5.55,5.55,0,1350,1
BANKNIFTY14AUG2455600CE.NFO,2024-08-06,12:37:00,2024-08-14,5.55,5.55,5.55,5.55,0,1350,1
BANKNIFTY14AUG2455600CE.NFO,2024-08-06,12:38:00,2024-08-14,5.55,5.55,5.55,5.55,0,1350,0
BANKNIFTY14AUG2455600CE.NFO,2024-08-06,12:39:00,2024-08-14,5.55,5.55,5.55,5.55,0,1350,1
BANKNIFTY14AUG2455600CE.NFO,2024-08-06,12:40:00,2024-08-14,5.55,5.55,5.55,5.55,0,1350,0
BANKNIFTY14AUG2455600CE.NFO,2024-08-06,12:41:00,2024-08-14,5.55,5.55,5.55,5.55,0,1350,1
BANKNIFTY14AUG2455600CE.NFO,2024-08-06,12:42:00,2024-08-14,5.55,5.55,5.55,5.55,0,1350,1
BANKNIFTY14AUG2455600CE.NFO,2024-08-06,12:43:00,2024-08-14,5.55,5.55,5.55,5.55,0,1350,0
BANKNIFTY14AUG2455600CE.NFO,2024-08-06,12:44:00,2024-08-14,5.55,5.55,5.55,5.55,0,1350,0
BANKNIFTY14AUG2455600CE.NFO,2024-08-06,12:45:00,2024-08-14,5.55,5.55,5.55,5.55,0,1350,0
BANKNIFTY14AUG2455600CE.NFO,2024-08-06,12:46:00,2024-08-14,5.55,5.55,5.55,5.55,0,1350,0
BANKNIFTY14AUG2455600CE.NFO,2024-08-06,12:47:00,2024-08-14,5.55,5.55,5.55,5.55,0,1350,1
BANKNIFTY14AUG2455600CE.NFO,2024-08-06,12:48:00,2024-08-14,5.55,5.55,5.55,5.55,0,1350,1
BANKNIFTY14AUG2455600CE.NFO,2024-08-06,12:49:00,2024-08-14,5.55,5.55,5.55,5.55,0,1350,1
BANKNIFTY14AUG2455600CE.NFO,2024-08-06,12:50:00,2024-08-14,5.55,5.55,5.55,5.55,0,1350,1
BANKNIFTY14AUG2455600CE.NFO,2024-08-06,12:51:00,2024-08-14,5.55,5.55,5.55,5.55,0,1350,0
BANKNIFTY14AUG2455600CE.NFO,2024-08-06,12:52:00,2024-08-14,5.55,5.55,5.55,5.55,0,1350,1
BANKNIFTY14AUG2455600CE.NFO,2024-08-06,12:53:00,2024-08-14,5.55,5.55,5.55,5.55,0,1350,0
BANKNIFTY14AUG2455600CE.NFO,2024-08-06,12:54:00,2024-08-14,5.55,5.55,5.55,5.55,0,1350,1
BANKNIFTY14AUG2455600CE.NFO,2024-08-06,12:55:00,2024-08-14,5.55,5.55,5.55,5.55,0,1350,1
BANKNIFTY14AUG2455600CE.NFO,2024-08-06,12:56:00,2024-08-14,5.55,5.55,5.55,5.55,0,1350,1
BANKNIFTY14AUG2455600CE.NFO,2024-08-06,12:57:00,2024-08-14,5.55,5.55,5.55,5.55,0,1350,1
BANKNIFTY14AUG2455600CE.NFO,2024-08-06,12:58:00,2024-08-14,5.55,5.55,5.55,5.55,0,1350,1
BANKNIFTY14AUG2455600CE.NFO,2024-08-06,12:59:00,2024-08-14,5.55,5.55,5.55,5.55,0,1350,0
BANKNIFTY14AUG2455600CE.NFO,2024-08-06,13:00:00,2024-08-14,5.55,5.55,5.55,5.55,0,1350,1
BANKNIFTY14AUG2455600CE.NFO,2024-08-06,13:01:00,2024-08-14,5.55,5.55,5.55,5.55,0,1350,0
BANKNIFTY14AUG2455600CE.NFO,2024-08-06,13:02:00,2024-08-14,5.55,5.55,5.55,5.55,0,1350,1
BANKNIFTY14AUG2455600CE.NFO,2024-08-06,13:03:00,2024-08-14,5.55,5.55,5.55,5.55,0,1350,1
BANKNIFTY14AUG2455600CE.NFO,2024-08-06,13:04:00,2024-08-14,5.55,5.55,5.55,5.55,0,1350,1
BANKNIFTY14AUG2455600CE.NFO,2024-08-06,13:05:00,2024-08-14,5.55,5.55,5.55,5.55,0,1350,1
BANKNIFTY14AUG2455600CE.NFO,2024-08-06,13:06:00,2024-08-14,5.55,5.55,5.55,5.55,0,1350,0
BANKNIFTY14AUG2455600CE.NFO,2024-08-06,13:07:00,2024-08-14,5.55,5.55,5.55,5.55,0,1350,1
BANKNIFTY14AUG2455600CE.NFO,2024-08-06,13:08:00,2024-08-14,5.55,5.55,5.55,5.55,0,1350,0
BANKNIFTY14AUG2455600CE.NFO,2024-08-06,13:09:00,2024-08-14,5.55,5.55,5.55,5.55,0,1350,1
BANKNIFTY14AUG2455600CE.NFO,2024-08-06,13:10:00,2024-08-14,5.55,5.55,5.55,5.55,0,1350,1
BANKNIFTY14AUG2455600CE.NFO,2024-08-06,13:11:00,2024-08-14,5.55,5.55,5.55,5.55,0,1350,1
BANKNIFTY14AUG2455600CE.NFO,2024-08-06,13:12:00,2024-08-14,5.55,5.55,5.55,5.55,0,1350,1
BANKNIFTY14AUG2455600CE.NFO,2024-08-06,13:13:00,2024-08-14,5.55,5.55,5.55,5.55,0,1350,1
BANKNIFTY14AUG2455600CE.NFO,2024-08-06,13:14:00,2024-08-14,5.55,5.55,5.55,5.55,0,1350,1
BANKNIFTY14AUG2455600CE.NFO,2024-08-06,13:15:00,2024-08-14,5.55,5.55,5.55,5.55,0,1350,0
BANKNIFTY14AUG2455600CE.NFO,2024-08-06,13:16:00,2024-08-14,5.55,5.55,5.55,5.55,0,1350,0
BANKNIFTY14AUG2455600CE.NFO,2024-08-06,13:17:00,2024-08-14,5.55,5.55,5.55,5.55,0,1350,1
BANKNIFTY14AUG2455600CE.NFO,2024-08-06,13:18:00,2024-08-14,5.55,5.55,5.55,5.55,0,1350,1
BANKNIFTY14AUG2455600CE.NFO,2024-08-06,13:19:00,2024-08-14,5.55,5.55,5.55,5.55,0,1350,1
BANKNIFTY14AUG2455600CE.NFO,2024-08-06,13:20:00,2024-08-14,5.55,5.55,5.55,5.55,0,1350,1
BANKNIFTY14AUG2455600CE.NFO,2024-08-06,13:21:00,2024-08-14,5.55,5.55,5.55,5.55,0,1350,0
BANKNIFTY14AUG2455600CE.NFO,2024-08-06,13:22:00,2024-08-14,5.55,5.55,5.55,5.55,0,1350,0
BANKNIFTY14AUG2455600CE.NFO,2024-08-06,13:23:00,2024-08-14,5.55,5.55,5.55,5.55,0,1350,0
BANKNIFTY14AUG2455600CE.NFO,2024-08-06,13:24:00,2024-08-14,5.55,5.55,5.55,5.55,0,1350,0
BANKNIFTY14AUG2455600CE.NFO,2024-08-06,13:25:00,2024-08-14,5.55,5.55,5.55,5.55,0,1350,1
BANKNIFTY14AUG2455600CE.NFO,2024-08-06,13:26:00,2024-08-14,5.55,5.55,5.55,5.55,0,1350,0
BANKNIFTY14AUG2455600CE.NFO,2024-08-06,13:27:00,2024-08-14,5.55,5.55,5.55,5.55,0,1350,1
BANKNIFTY14AUG2455600CE.NFO,2024-08-06,13:28:00,2024-08-14,5.55,5.55,5.55,5.55,0,1350,1
BANKNIFTY14AUG2455600CE.NFO,2024-08-06,13:29:00,2024-08-14,5.55,5.55,5.55,5.55,0,1350,1
BANKNIFTY14AUG2455600CE.NFO,2024-08-06,13:30:00,2024-08-14,5.55,5.55,5.55,5.55,0,1350,1
BANKNIFTY14AUG2455600CE.NFO,2024-08-06,13:31:00,2024-08-14,5.55,5.55,5.55,5.55,0,1350,0
BANKNIFTY14AUG2455600CE.NFO,2024-08-06,13:32:00,2024-08-14,5.55,5.55,5.55,5.55,0,1350,1
BANKNIFTY14AUG2455600CE.NFO,2024-08-06,13:33:00,2024-08-14,5.55,5.55,5.55,5.55,0,1350,1
BANKNIFTY14AUG2455600CE.NFO,2024-08-06,13:34:00,2024-08-14,5.55,5.55,5.55,5.55,0,1350,0
BANKNIFTY14AUG2455600CE.NFO,2024-08-06,13:35:00,2024-08-14,5.55,5.55,5.55,5.55,0,1350,0
BANKNIFTY14AUG2455600CE.NFO,2024-08-06,13:36:00,2024-08-14,5.55,5.55,5.55,5.55,0,1350,1
BANKNIFTY14AUG2455600CE.NFO,2024-08-06,13:37:00,2024-08-14,5.55,5.55,5.55,5.55,0,1350,0
BANKNIFTY14AUG2455600CE.NFO,2024-08-06,13:38:00,2024-08-14,5.55,5.55,5.55,5.55,0,1350,0
BANKNIFTY14AUG2455600CE.NFO,2024-08-06,13:39:00,2024-08-14,5.55,5.55,5.55,5.55,0,1350,1
BANKNIFTY14AUG2455600CE.NFO,2024-08-06,13:40:00,2024-08-14,5.55,5.55,5.55,5.55,0,1350,1
BANKNIFTY14AUG2455600CE.NFO,2024-08-06,13:41:00,2024-08-14,5.55,5.55,5.55,5.55,0,1350,0
BANKNIFTY14AUG2455600CE.NFO,2024-08-06,13:42:00,2024-08-14,5.55,5.55,5.55,5.55,0,1350,1
BANKNIFTY14AUG2455600CE.NFO,2024-08-06,13:43:00,2024-08-14,5.55,5.55,5.55,5.55,0,1350,1
BANKNIFTY14AUG2455600CE.NFO,2024-08-06,13:44:00,2024-08-14,5.55,5.55,5.55,5.55,0,1350,1
BANKNIFTY14AUG2455600CE.NFO,2024-08-06,13:45:00,2024-08-14,5.55,5.55,5.55,5.55,0,1350,1
BANKNIFTY14AUG2455600CE.NFO,2024-08-06,13:46:00,2024-08-14,5.55,5.55,5.55,5.55,0,1350,1
BANKNIFTY14AUG2455600CE.NFO,2024-08-06,13:47:00,2024-08-14,5.55,5.55,5.55,5.55,0,1350,1
BANKNIFTY14AUG2455600CE.NFO,2024-08-06,13:48:00,2024-08-14,5.55,5.55,5.55,5.55,0,1350,1
BANKNIFTY14AUG2455600CE.NFO,2024-08-06,13:49:00,2024-08-14,5.55,5.55,5.55,5.55,0,1350,1
BANKNIFTY14AUG2455600CE.NFO,2024-08-06,13:50:00,2024-08-14,8.5,8.5,8.5,8.5,0,1350,0
BANKNIFTY14AUG2455600CE.NFO,2024-08-06,13:51:00,2024-08-14,8.5,8.5,8.0,8.0,30,1350,0
BANKNIFTY14AUG2455600CE.NFO,2024-08-06,13:52:00,2024-08-14,8.0,8.0,8.0,8.0,0,1350,0
BANKNIFTY14AUG2455600CE.NFO,2024-08-06,13:53:00,2024-08-14,8.0,8.0,8.0,8.0,0,1350,0
BANKNIFTY14AUG2455600CE.NFO,2024-08-06,13:54:00,2024-08-14,8.0,8.0,8.0,8.0,0,1350,1
BANKNIFTY14AUG2455600CE.NFO,2024-08-06,13:55:00,2024-08-14,8.0,8.0,8.0,8.0,0,1350,0
BANKNIFTY14AUG2455600CE.NFO,2024-08-06,13:56:00,2024-08-14,8.0,8.0,8.0,8.0,0,1350,1
BANKNIFTY14AUG2455600CE.NFO,2024-08-06,13:57:00,2024-08-14,8.0,8.0,8.0,8.0,0,1350,0
BANKNIFTY14AUG2455600CE.NFO,2024-08-06,13:58:00,2024-08-14,8.0,8.0,8.0,8.0,0,1350,1
BANKNIFTY14AUG2455600CE.NFO,2024-08-06,13:59:00,2024-08-14,8.0,8.0,8.0,8.0,0,1350,0
BANKNIFTY14AUG2455600CE.NFO,2024-08-06,14:00:00,2024-08-14,8.0,8.0,8.0,8.0,0,1350,0
BANKNIFTY14AUG2455600CE.NFO,2024-08-06,14:01:00,2024-08-14,8.0,8.0,8.0,8.0,0,1350,1
BANKNIFTY14AUG2455600CE.NFO,2024-08-06,14:02:00,2024-08-14,8.0,8.0,8.0,8.0,0,1350,0
BANKNIFTY14AUG2455600CE.NFO,2024-08-06,14:03:00,2024-08-14,8.0,8.0,8.0,8.0,0,1350,1
BANKNIFTY14AUG2455600CE.NFO,2024-08-06,14:04:00,2024-08-14,8.0,8.0,8.0,8.0,0,1350,1
BANKNIFTY14AUG2455600CE.NFO,2024-08-06,14:05:00,2024-08-14,8.0,8.0,8.0,8.0,0,1350,1
BANKNIFTY14AUG2455600CE.NFO,2024-08-06,14:06:00,2024-08-14,8.0,8.0,8.0,8.0,0,1350,0
BANKNIFTY14AUG2455600CE.NFO,2024-08-06,14:07:00,2024-08-14,8.0,8.0,8.0,8.0,0,1350,0
BANKNIFTY14AUG2455600CE.NFO,2024-08-06,14:08:00,2024-08-14,8.0,8.0,8.0,8.0,0,1350,0
BANKNIFTY14AUG2455600CE.NFO,2024-08-06,14:09:00,2024-08-14,8.0,8.0,8.0,8.0,0,1350,0
BANKNIFTY14AUG2455600CE.NFO,2024-08-06,14:10:00,2024-08-14,8.0,8.0,8.0,8.0,0,1350,1
BANKNIFTY14AUG2455600CE.NFO,2024-08-06,14:11:00,2024-08-14,8.0,8.0,8.0,8.0,0,1350,1
BANKNIFTY14AUG2455600CE.NFO,2024-08-06,14:12:00,2024-08-14,8.0,8.0,8.0,8.0,0,1350,1
BANKNIFTY14AUG2455600CE.NFO,2024-08-06,14:13:00,2024-08-14,8.0,8.0,8.0,8.0,0,1350,0
BANKNIFTY14AUG2455600CE.NFO,2024-08-06,14:14:00,2024-08-14,8.0,8.0,8.0,8.0,0,1350,1
BANKNIFTY14AUG2455600CE.NFO,2024-08-06,14:15:00,2024-08-14,8.0,8.0,8.0,8.0,0,1350,0
BANKNIFTY14AUG2455600CE.NFO,2024-08-06,14:16:00,2024-08-14,8.0,8.0,8.0,8.0,0,1350,0
BANKNIFTY14AUG2455600CE.NFO,2024-08-06,14:17:00,2024-08-14,8.0,8.0,8.0,8.0,0,1350,1
BANKNIFTY14AUG2455600CE.NFO,2024-08-06,14:18:00,2024-08-14,8.0,8.0,8.0,8.0,0,1350,0
BANKNIFTY14AUG2455600CE.NFO,2024-08-06,14:19:00,2024-08-14,8.0,8.0,8.0,8.0,0,1350,1
BANKNIFTY14AUG2455600CE.NFO,2024-08-06,14:20:00,2024-08-14,8.0,8.0,8.0,8.0,0,1350,0
BANKNIFTY14AUG2455600CE.NFO,2024-08-06,14:21:00,2024-08-14,8.0,8.0,8.0,8.0,0,1350,0
BANKNIFTY14AUG2455600CE.NFO,2024-08-06,14:22:00,2024-08-14,8.0,8.0,8.0,8.0,0,1350,1
BANKNIFTY14AUG2455600CE.NFO,2024-08-06,14:23:00,2024-08-14,8.0,8.0,8.0,8.0,0,1350,0
BANKNIFTY14AUG2455600CE.NFO,2024-08-06,14:24:00,2024-08-14,8.0,8.0,8.0,8.0,0,1350,0
BANKNIFTY14AUG2455600CE.NFO,2024-08-06,14:25:00,2024-08-14,8.0,8.0,8.0,8.0,0,1350,0
BANKNIFTY14AUG2455600CE.NFO,2024-08-06,14:26:00,2024-08-14,8.0,8.0,8.0,8.0,0,1350,1
BANKNIFTY14AUG2455600CE.NFO,2024-08-06,14:27:00,2024-08-14,8.0,8.0,8.0,8.0,0,1350,1
BANKNIFTY14AUG2455600CE.NFO,2024-08-06,14:28:00,2024-08-14,8.0,8.0,8.0,8.0,0,1350,0
BANKNIFTY14AUG2455600CE.NFO,2024-08-06,14:29:00,2024-08-14,8.0,8.0,8.0,8.0,0,1350,0
BANKNIFTY14AUG2455600CE.NFO,2024-08-06,14:30:00,2024-08-14,8.0,8.0,8.0,8.0,0,1350,0
BANKNIFTY14AUG2455600CE.NFO,2024-08-06,14:31:00,2024-08-14,8.0,8.0,8.0,8.0,0,1350,0
BANKNIFTY14AUG2455600CE.NFO,2024-08-06,14:32:00,2024-08-14,8.0,8.0,8.0,8.0,0,1350,1
BANKNIFTY14AUG2455600CE.NFO,2024-08-06,14:33:00,2024-08-14,8.0,8.0,8.0,8.0,0,1350,0
BANKNIFTY14AUG2455600CE.NFO,2024-08-06,14:34:00,2024-08-14,8.0,8.0,8.0,8.0,0,1350,0
BANKNIFTY14AUG2455600CE.NFO,2024-08-06,14:35:00,2024-08-14,8.0,8.0,8.0,8.0,0,1350,1
BANKNIFTY14AUG2455600CE.NFO,2024-08-06,14:36:00,2024-08-14,8.0,8.0,8.0,8.0,0,1350,1
BANKNIFTY14AUG2455600CE.NFO,2024-08-06,14:37:00,2024-08-14,8.0,8.0,8.0,8.0,0,1350,0
BANKNIFTY14AUG2455600CE.NFO,2024-08-06,14:38:00,2024-08-14,8.0,8.0,8.0,8.0,0,1350,1
BANKNIFTY14AUG2455600CE.NFO,2024-08-06,14:39:00,2024-08-14,8.0,8.0,8.0,8.0,0,1350,0
BANKNIFTY14AUG2455600CE.NFO,2024-08-06,14:40:00,2024-08-14,8.0,8.0,8.0,8.0,0,1350,0
BANKNIFTY14AUG2455600CE.NFO,2024-08-06,14:41:00,2024-08-14,8.0,8.0,8.0,8.0,0,1350,0
BANKNIFTY14AUG2455600CE.NFO,2024-08-06,14:42:00,2024-08-14,8.0,8.0,8.0,8.0,0,1350,1
BANKNIFTY14AUG2455600CE.NFO,2024-08-06,14:43:00,2024-08-14,8.0,8.0,8.0,8.0,0,1350,0
BANKNIFTY14AUG2455600CE.NFO,2024-08-06,14:44:00,2024-08-14,8.0,8.0,8.0,8.0,0,1350,1
BANKNIFTY14AUG2455600CE.NFO,2024-08-06,14:45:00,2024-08-14,8.0,8.0,8.0,8.0,0,1350,0
BANKNIFTY14AUG2455600CE.NFO,2024-08-06,14:46:00,2024-08-14,8.0,8.0,8.0,8.0,0,1350,0
BANKNIFTY14AUG2455600CE.NFO,2024-08-06,14:47:00,2024-08-14,8.0,8.0,8.0,8.0,30,1350,0
BANKNIFTY14AUG2455600CE.NFO,2024-08-06,14:48:00,2024-08-14,8.0,8.0,8.0,8.0,0,1350,0
BANKNIFTY14AUG2455600CE.NFO,2024-08-06,14:49:00,2024-08-14,8.0,8.0,8.0,8.0,0,1350,1
BANKNIFTY14AUG2455600CE.NFO,2024-08-06,14:50:00,2024-08-14,8.0,8.0,8.0,8.0,0,1350,0
BANKNIFTY14AUG2455600CE.NFO,2024-08-06,14:51:00,2024-08-14,8.0,8.0,8.0,8.0,0,1350,0
BANKNIFTY14AUG2455600CE.NFO,2024-08-06,14:52:00,2024-08-14,8.0,8.0,8.0,8.0,0,1350,0
BANKNIFTY14AUG2455600CE.NFO,2024-08-06,14:53:00,2024-08-14,8.0,8.0,8.0,8.0,0,1350,0
BANKNIFTY14AUG2455600CE.NFO,2024-08-06,14:54:00,2024-08-14,8.0,8.0,8.0,8.0,0,1350,0
BANKNIFTY14AUG2455600CE.NFO,2024-08-06,14:55:00,2024-08-14,8.0,8.0,8.0,8.0,0,1350,0
BANKNIFTY14AUG2455600CE.NFO,2024-08-06,14:56:00,2024-08-14,8.0,8.0,8.0,8.0,0,1350,0
BANKNIFTY14AUG2455600CE.NFO,2024-08-06,14:57:00,2024-08-14,8.0,8.0,8.0,8.0,0,1350,0
BANKNIFTY14AUG2455600CE.NFO,2024-08-06,14:58:00,2024-08-14,8.0,8.0,8.0,8.0,0,1350,1
BANKNIFTY14AUG2455600CE.NFO,2024-08-06,14:59:00,2024-08-14,8.0,8.0,8.0,8.0,0,1350,1
BANKNIFTY14AUG2455600CE.NFO,2024-08-06,15:00:00,2024-08-14,8.0,8.0,8.0,8.0,0,1350,1
BANKNIFTY14AUG2455600CE.NFO,2024-08-06,15:01:00,2024-08-14,8.0,8.0,8.0,8.0,0,1350,1
BANKNIFTY14AUG2455600CE.NFO,2024-08-06,15:02:00,2024-08-14,8.0,8.0,8.0,8.0,0,1350,0
BANKNIFTY14AUG2455600CE.NFO,2024-08-06,15:03:00,2024-08-14,8.0,8.0,8.0,8.0,0,1350,1
BANKNIFTY14AUG2455600CE.NFO,2024-08-06,15:04:00,2024-08-14,8.0,8.0,8.0,8.0,0,1350,1
BANKNIFTY14AUG2455600CE.NFO,2024-08-06,15:05:00,2024-08-14,8.0,8.0,8.0,8.0,0,1350,1
BANKNIFTY14AUG2455600CE.NFO,2024-08-06,15:06:00,2024-08-14,8.0,8.0,8.0,8.0,0,1350,0
BANKNIFTY14AUG2455600CE.NFO,2024-08-06,15:07:00,2024-08-14,8.0,8.0,8.0,8.0,0,1350,1
BANKNIFTY14AUG2455600CE.NFO,2024-08-06,15:08:00,2024-08-14,8.0,8.0,8.0,8.0,0,1350,1
BANKNIFTY14AUG2455600CE.NFO,2024-08-06,15:09:00,2024-08-14,8.0,8.0,8.0,8.0,0,1350,0
BANKNIFTY14AUG2455600CE.NFO,2024-08-06,15:10:00,2024-08-14,8.0,8.0,8.0,8.0,0,1350,1
BANKNIFTY14AUG2455600CE.NFO,2024-08-06,15:11:00,2024-08-14,8.0,8.0,8.0,8.0,0,1350,1
BANKNIFTY14AUG2455600CE.NFO,2024-08-06,15:12:00,2024-08-14,8.0,8.0,8.0,8.0,0,1350,1
BANKNIFTY14AUG2455600CE.NFO,2024-08-06,15:13:00,2024-08-14,8.0,8.0,8.0,8.0,0,1350,1
BANKNIFTY14AUG2455600CE.NFO,2024-08-06,15:14:00,2024-08-14,8.0,8.0,8.0,8.0,0,1350,0
BANKNIFTY14AUG2455600CE.NFO,2024-08-06,15:15:00,2024-08-14,8.0,8.0,8.0,8.0,0,1350,1
BANKNIFTY14AUG2455600CE.NFO,2024-08-06,15:16:00,2024-08-14,8.0,8.0,8.0,8.0,0,1350,1
BANKNIFTY14AUG2455600CE.NFO,2024-08-06,15:17:00,2024-08-14,8.0,8.0,8.0,8.0,0,1350,0
BANKNIFTY14AUG2455600CE.NFO,2024-08-06,15:18:00,2024-08-14,8.0,8.0,8.0,8.0,0,1350,0
BANKNIFTY14AUG2455600CE.NFO,2024-08-06,15:19:00,2024-08-14,8.0,8.0,8.0,8.0,0,1350,1
BANKNIFTY14AUG2455600CE.NFO,2024-08-06,15:20:00,2024-08-14,9.9,9.9,9.9,9.9,15,1350,0
BANKNIFTY14AUG2455600CE.NFO,2024-08-06,15:21:00,2024-08-14,9.9,9.9,8.05,8.05,0,1350,0
BANKNIFTY14AUG2455600CE.NFO,2024-08-06,15:22:00,2024-08-14,8.05,8.05,8.05,8.05,15,1350,0
BANKNIFTY14AUG2455600CE.NFO,2024-08-06,15:23:00,2024-08-14,8.05,8.05,8.05,8.05,15,1350,1
BANKNIFTY14AUG2455600CE.NFO,2024-08-06,15:24:00,2024-08-14,8.05,8.05,8.05,8.05,15,1350,1
BANKNIFTY14AUG2455600CE.NFO,2024-08-06,15:25:00,2024-08-14,8.05,8.05,8.05,8.05,15,1350,1
BANKNIFTY14AUG2455600CE.NFO,2024-08-06,15:26:00,2024-08-14,8.05,8.05,8.05,8.05,15,1350,1
BANKNIFTY14AUG2455600CE.NFO,2024-08-06,15:27:00,2024-08-14,8.05,8.05,8.05,8.05,15,1350,1
BANKNIFTY14AUG2455600CE.NFO,2024-08-06,15:28:00,2024-08-14,8.05,8.05,8.05,8.05,15,1350,1
BANKNIFTY14AUG2455600CE.NFO,2024-08-06,15:29:00,2024-08-14,8.05,8.05,8.05,8.05,0,1350,0
BANKNIFTY14AUG2455600CE.NFO,2024-08-06,15:30:00,2024-08-14,8.05,8.05,8.05,8.05,0,1350,1
BANKNIFTY14AUG2455600CE.NFO,2024-08-07,09:15:00,2024-08-14,7.15,7.15,7.15,7.15,0,1350,1
BANKNIFTY14AUG2455600CE.NFO,2024-08-07,09:16:00,2024-08-14,7.15,7.15,7.15,7.15,0,1350,1
BANKNIFTY14AUG2455600CE.NFO,2024-08-07,09:17:00,2024-08-14,7.15,7.15,7.15,7.15,0,1350,1
BANKNIFTY14AUG2455600CE.NFO,2024-08-07,09:18:00,2024-08-14,7.15,7.15,7.15,7.15,0,1350,1
BANKNIFTY14AUG2455600CE.NFO,2024-08-07,09:19:00,2024-08-14,7.15,7.15,7.15,7.15,0,1350,1
BANKNIFTY14AUG2455600CE.NFO,2024-08-07,09:20:00,2024-08-14,7.15,7.15,7.15,7.15,0,1350,1
BANKNIFTY14AUG2455600CE.NFO,2024-08-07,09:21:00,2024-08-14,7.15,7.15,7.15,7.15,0,1350,1
BANKNIFTY14AUG2455600CE.NFO,2024-08-07,09:22:00,2024-08-14,7.15,7.15,7.15,7.15,0,1350,1
BANKNIFTY14AUG2455600CE.NFO,2024-08-07,09:23:00,2024-08-14,7.15,7.15,7.15,7.15,0,1350,1
BANKNIFTY14AUG2455600CE.NFO,2024-08-07,09:24:00,2024-08-14,7.15,7.15,7.15,7.15,0,1350,1
BANKNIFTY14AUG2455600CE.NFO,2024-08-07,09:25:00,2024-08-14,7.15,7.15,7.15,7.15,0,1350,1
BANKNIFTY14AUG2455600CE.NFO,2024-08-07,09:26:00,2024-08-14,7.15,7.15,7.15,7.15,0,1350,1
BANKNIFTY14AUG2455600CE.NFO,2024-08-07,09:27:00,2024-08-14,7.15,7.15,7.15,7.15,0,1350,1
BANKNIFTY14AUG2455600CE.NFO,2024-08-07,09:28:00,2024-08-14,7.15,7.15,7.15,7.15,0,1350,1
BANKNIFTY14AUG2455600CE.NFO,2024-08-07,09:29:00,2024-08-14,7.15,7.15,7.15,7.15,0,1350,1
BANKNIFTY14AUG2455600CE.NFO,2024-08-07,09:30:00,2024-08-14,7.15,7.15,7.15,7.15,0,1350,1
BANKNIFTY14AUG2455600CE.NFO,2024-08-07,09:31:00,2024-08-14,7.15,7.15,7.15,7.15,0,1350,1
BANKNIFTY14AUG2455600CE.NFO,2024-08-07,09:32:00,2024-08-14,7.15,7.15,7.15,7.15,0,1350,1
BANKNIFTY14AUG2455600CE.NFO,2024-08-07,09:33:00,2024-08-14,7.15,7.15,7.15,7.15,0,1350,1
BANKNIFTY14AUG2455600CE.NFO,2024-08-07,09:34:00,2024-08-14,7.15,7.15,7.15,7.15,0,1350,1
BANKNIFTY14AUG2455600CE.NFO,2024-08-07,09:35:00,2024-08-14,7.15,7.15,7.15,7.15,0,1350,1
BANKNIFTY14AUG2455600CE.NFO,2024-08-07,09:36:00,2024-08-14,7.15,7.15,7.15,7.15,0,1350,1
BANKNIFTY14AUG2455600CE.NFO,2024-08-07,09:37:00,2024-08-14,7.15,7.15,7.15,7.15,0,1350,1
BANKNIFTY14AUG2455600CE.NFO,2024-08-07,09:38:00,2024-08-14,7.15,7.15,7.15,7.15,0,1350,1
BANKNIFTY14AUG2455600CE.NFO,2024-08-07,09:39:00,2024-08-14,7.15,7.15,7.15,7.15,0,1350,1
BANKNIFTY14AUG2455600CE.NFO,2024-08-07,09:40:00,2024-08-14,7.15,7.15,7.15,7.15,0,1350,1
BANKNIFTY14AUG2455600CE.NFO,2024-08-07,09:41:00,2024-08-14,7.15,7.15,7.15,7.15,0,1350,1
BANKNIFTY14AUG2455600CE.NFO,2024-08-07,09:42:00,2024-08-14,7.15,7.15,7.15,7.15,0,1350,1
BANKNIFTY14AUG2455600CE.NFO,2024-08-07,09:43:00,2024-08-14,7.15,7.15,7.15,7.15,0,1350,1
BANKNIFTY14AUG2455600CE.NFO,2024-08-07,09:44:00,2024-08-14,7.15,7.15,7.15,7.15,0,1350,1
BANKNIFTY14AUG2455600CE.NFO,2024-08-07,09:45:00,2024-08-14,7.15,7.15,7.15,7.15,0,1350,1
BANKNIFTY14AUG2455600CE.NFO,2024-08-07,09:46:00,2024-08-14,7.15,7.15,7.15,7.15,0,1350,1
BANKNIFTY14AUG2455600CE.NFO,2024-08-07,09:47:00,2024-08-14,7.15,7.15,7.15,7.15,0,1350,1
BANKNIFTY14AUG2455600CE.NFO,2024-08-07,09:48:00,2024-08-14,7.15,7.15,7.15,7.15,0,1350,1
BANKNIFTY14AUG2455600CE.NFO,2024-08-07,09:49:00,2024-08-14,7.15,7.15,7.15,7.15,0,1350,0
BANKNIFTY14AUG2455600CE.NFO,2024-08-07,09:50:00,2024-08-14,7.15,7.15,7.15,7.15,0,1350,0
BANKNIFTY14AUG2455600CE.NFO,2024-08-07,09:51:00,2024-08-14,7.15,7.15,7.15,7.15,0,1350,1
BANKNIFTY14AUG2455600CE.NFO,2024-08-07,09:52:00,2024-08-14,7.15,7.15,7.15,7.15,0,1350,1
BANKNIFTY14AUG2455600CE.NFO,2024-08-07,09:53:00,2024-08-14,7.15,7.15,7.15,7.15,0,1350,1
BANKNIFTY14AUG2455600CE.NFO,2024-08-07,09:54:00,2024-08-14,7.15,7.15,7.15,7.15,0,1350,1
BANKNIFTY14AUG2455600CE.NFO,2024-08-07,09:55:00,2024-08-14,7.15,7.15,7.15,7.15,0,1350,1
BANKNIFTY14AUG2455600CE.NFO,2024-08-07,09:56:00,2024-08-14,7.15,7.15,7.15,7.15,0,1350,1
BANKNIFTY14AUG2455600CE.NFO,2024-08-07,09:57:00,2024-08-14,7.15,7.15,7.15,7.15,0,1350,1
BANKNIFTY14AUG2455600CE.NFO,2024-08-07,09:58:00,2024-08-14,7.15,7.15,7.15,7.15,0,1350,0
BANKNIFTY14AUG2455600CE.NFO,2024-08-07,09:59:00,2024-08-14,7.15,7.15,7.15,7.15,0,1350,1
BANKNIFTY14AUG2455600CE.NFO,2024-08-07,10:00:00,2024-08-14,7.15,7.15,7.15,7.15,0,1350,1
BANKNIFTY14AUG2455600CE.NFO,2024-08-07,10:01:00,2024-08-14,7.15,7.15,7.15,7.15,0,1350,1
BANKNIFTY14AUG2455600CE.NFO,2024-08-07,10:02:00,2024-08-14,6.6,6.6,6.6,6.6,15,1365,0
BANKNIFTY14AUG2455600CE.NFO,2024-08-07,10:03:00,2024-08-14,6.6,6.6,6.6,6.6,0,1365,0
BANKNIFTY14AUG2455600CE.NFO,2024-08-07,10:04:00,2024-08-14,4.05,4.05,4.05,4.05,30,1380,0
BANKNIFTY14AUG2455600CE.NFO,2024-08-07,10:05:00,2024-08-14,4.05,4.05,4.05,4.05,0,1380,0
BANKNIFTY14AUG2455600CE.NFO,2024-08-07,10:06:00,2024-08-14,4.05,4.05,4.05,4.05,0,1380,0
BANKNIFTY14AUG2455600CE.NFO,2024-08-07,10:07:00,2024-08-14,4.05,4.05,4.05,4.05,45,1365,0
BANKNIFTY14AUG2455600CE.NFO,2024-08-07,10:08:00,2024-08-14,4.05,4.05,4.05,4.05,45,1365,1
BANKNIFTY14AUG2455600CE.NFO,2024-08-07,10:09:00,2024-08-14,4.05,4.05,4.05,4.05,45,1365,1
BANKNIFTY14AUG2455600CE.NFO,2024-08-07,10:10:00,2024-08-14,4.05,4.05,4.05,4.05,45,1365,1
BANKNIFTY14AUG2455600CE.NFO,2024-08-07,10:11:00,2024-08-14,4.05,4.05,4.05,4.05,0,1365,0
BANKNIFTY14AUG2455600CE.NFO,2024-08-07,10:12:00,2024-08-14,4.05,4.05,4.05,4.05,0,1365,0
BANKNIFTY14AUG2455600CE.NFO,2024-08-07,10:13:00,2024-08-14,4.05,4.05,4.05,4.05,0,1365,0
BANKNIFTY14AUG2455600CE.NFO,2024-08-07,10:14:00,2024-08-14,4.05,4.05,4.05,4.05,0,1365,1
BANKNIFTY14AUG2455600CE.NFO,2024-08-07,10:15:00,2024-08-14,4.05,4.05,4.05,4.05,0,1365,0
BANKNIFTY14AUG2455600CE.NFO,2024-08-07,10:16:00,2024-08-14,4.05,4.05,3.45,3.45,15,1365,0
BANKNIFTY14AUG2455600CE.NFO,2024-08-07,10:17:00,2024-08-14,3.45,3.45,3.45,3.45,0,1365,0
BANKNIFTY14AUG2455600CE.NFO,2024-08-07,10:18:00,2024-08-14,3.45,3.45,3.45,3.45,0,1365,0
BANKNIFTY14AUG2455600CE.NFO,2024-08-07,10:19:00,2024-08-14,3.45,3.45,3.45,3.45,0,1365,0
BANKNIFTY14AUG2455600CE.NFO,2024-08-07,10:20:00,2024-08-14,3.45,3.45,3.45,3.45,0,1365,1
BANKNIFTY14AUG2455600CE.NFO,2024-08-07,10:21:00,2024-08-14,3.45,3.45,3.45,3.45,0,1365,1
BANKNIFTY14AUG2455600CE.NFO,2024-08-07,10:22:00,2024-08-14,3.45,3.45,3.45,3.45,0,1365,0
BANKNIFTY14AUG2455600CE.NFO,2024-08-07,10:23:00,2024-08-14,3.35,3.35,3.3,3.3,75,1365,0
BANKNIFTY14AUG2455600CE.NFO,2024-08-07,10:24:00,2024-08-14,3.3,3.3,3.3,3.3,300,1365,0
BANKNIFTY14AUG2455600CE.NFO,2024-08-07,10:25:00,2024-08-14,3.3,3.3,3.3,3.3,150,1365,0
BANKNIFTY14AUG2455600CE.NFO,2024-08-07,10:26:00,2024-08-14,3.3,3.3,3.3,3.3,0,1365,0
BANKNIFTY14AUG2455600CE.NFO,2024-08-07,10:27:00,2024-08-14,3.3,3.3,3.3,3.3,0,1365,0
BANKNIFTY14AUG2455600CE.NFO,2024-08-07,10:28:00,2024-08-14,3.3,3.3,3.3,3.3,0,1365,1
BANKNIFTY14AUG2455600CE.NFO,2024-08-07,10:29:00,2024-08-14,3.4,3.4,3.4,3.4,285,1365,0
BANKNIFTY14AUG2455600CE.NFO,2024-08-07,10:30:00,2024-08-14,3.4,3.4,3.35,3.35,75,1365,0
BANKNIFTY14AUG2455600CE.NFO,2024-08-07,10:31:00,2024-08-14,3.35,3.35,3.35,3.35,0,1365,0
BANKNIFTY14AUG2455600CE.NFO,2024-08-07,10:32:00,2024-08-14,3.35,3.35,3.35,3.35,0,1365,0
BANKNIFTY14AUG2455600CE.NFO,2024-08-07,10:33:00,2024-08-14,3.35,3.35,3.35,3.35,0,1365,1
BANKNIFTY14AUG2455600CE.NFO,2024-08-07,10:34:00,2024-08-14,3.4,3.4,3.4,3.4,0,1560,0
BANKNIFTY14AUG2455600CE.NFO,2024-08-07,10:35:00,2024-08-14,3.4,3.4,3.4,3.4,75,1560,0
BANKNIFTY14AUG2455600CE.NFO,2024-08-07,10:36:00,2024-08-14,3.3,3.35,3.3,3.35,270,1560,0
BANKNIFTY14AUG2455600CE.NFO,2024-08-07,10:37:00,2024-08-14,3.35,3.35,3.3,3.3,150,1770,0
BANKNIFTY14AUG2455600CE.NFO,2024-08-07,10:38:00,2024-08-14,3.35,3.35,3.35,3.35,60,1770,0
BANKNIFTY14AUG2455600CE.NFO,2024-08-07,10:39:00,2024-08-14,3.35,3.55,3.35,3.55,90,1770,0
BANKNIFTY14AUG2455600CE.NFO,2024-08-07,10:40:00,2024-08-14,3.55,3.8,3.55,3.8,0,2010,0
BANKNIFTY14AUG2455600CE.NFO,2024-08-07,10:41:00,2024-08-14,3.8,3.8,3.8,3.8,300,2010,0
BANKNIFTY14AUG2455600CE.NFO,2024-08-07,10:42:00,2024-08-14,3.8,4.4,3.8,4.3,705,2010,0
BANKNIFTY14AUG2455600CE.NFO,2024-08-07,10:43:00,2024-08-14,4.3,4.3,4.0,4.0,150,2250,0
BANKNIFTY14AUG2455600CE.NFO,2024-08-07,10:44:00,2024-08-14,4.0,4.0,4.0,4.0,0,2250,0
BANKNIFTY14AUG2455600CE.NFO,2024-08-07,10:45:00,2024-08-14,4.0,4.0,3.8,3.8,90,2250,0
BANKNIFTY14AUG2455600CE.NFO,2024-08-07,10:46:00,2024-08-14,3.8,3.8,3.8,3.8,0,2250,0
BANKNIFTY14AUG2455600CE.NFO,2024-08-07,10:47:00,2024-08-14,3.8,3.8,3.8,3.8,0,2250,0
BANKNIFTY14AUG2455600CE.NFO,2024-08-07,10:48:00,2024-08-14,3.8,3.8,3.8,3.8,0,2250,0
BANKNIFTY14AUG2455600CE.NFO,2024-08-07,10:49:00,2024-08-14,3.8,3.8,3.8,3.8,0,2250,1
BANKNIFTY14AUG2455600CE.NFO,2024-08-07,10:50:00,2024-08-14,3.8,3.8,3.8,3.8,30,2205,0
BANKNIFTY14AUG2455600CE.NFO,2024-08-07,10:51:00,2024-08-14,3.8,3.8,3.8,3.8,0,2205,0
BANKNIFTY14AUG2455600CE.NFO,2024-08-07,10:52:00,2024-08-14,3.8,3.8,3.8,3.8,0,2205,0
BANKNIFTY14AUG2455600CE.NFO,2024-08-07,10:53:00,2024-08-14,3.8,3.8,3.8,3.8,0,2205,1
BANKNIFTY14AUG2455600CE.NFO,2024-08-07,10:54:00,2024-08-14,3.55,3.55,3.55,3.55,30,2235,0
BANKNIFTY14AUG2455600CE.NFO,2024-08-07,10:55:00,2024-08-14,3.55,3.55,3.5,3.5,0,2265,0
BANKNIFTY14AUG2455600CE.NFO,2024-08-07,10:56:00,2024-08-14,3.5,3.5,3.5,3.5,75,2265,0
BANKNIFTY14AUG2455600CE.NFO,2024-08-07,10:57:00,2024-08-14,3.5,3.5,3.5,3.5,75,2265,1
BANKNIFTY14AUG2455600CE.NFO,2024-08-07,10:58:00,2024-08-14,3.5,3.5,3.5,3.5,75,2265,1
BANKNIFTY14AUG2455600CE.NFO,2024-08-07,10:59:00,2024-08-14,3.5,3.5,3.5,3.5,0,2265,0
BANKNIFTY14AUG2455600CE.NFO,2024-08-07,11:00:00,2024-08-14,3.4,3.4,3.4,3.4,150,2340,0
BANKNIFTY14AUG2455600CE.NFO,2024-08-07,11:01:00,2024-08-14,3.4,3.4,3.4,3.4,0,2340,0
BANKNIFTY14AUG2455600CE.NFO,2024-08-07,11:02:00,2024-08-14,3.4,3.4,3.4,3.4,0,2340,0
BANKNIFTY14AUG2455600CE.NFO,2024-08-07,11:03:00,2024-08-14,3.65,3.65,3.65,3.65,300,2415,0
BANKNIFTY14AUG2455600CE.NFO,2024-08-07,11:04:00,2024-08-14,3.65,3.65,3.65,3.65,0,2415,0
BANKNIFTY14AUG2455600CE.NFO,2024-08-07,11:05:00,2024-08-14,3.65,3.65,3.65,3.65,0,2415,0
BANKNIFTY14AUG2455600CE.NFO,2024-08-07,11:06:00,2024-08-14,3.65,3.65,3.65,3.65,0,2415,1
BANKNIFTY14AUG2455600CE.NFO,2024-08-07,11:07:00,2024-08-14,3.65,3.65,3.65,3.65,0,2415,1
BANKNIFTY14AUG2455600CE.NFO,2024-08-07,11:08:00,2024-08-14,3.65,3.65,3.65,3.65,0,2415,0
BANKNIFTY14AUG2455600CE.NFO,2024-08-07,11:09:00,2024-08-14,3.65,3.65,3.65,3.65,0,2415,1
BANKNIFTY14AUG2455600CE.NFO,2024-08-07,11:10:00,2024-08-14,3.65,3.65,3.65,3.65,0,2415,0
BANKNIFTY14AUG2455600CE.NFO,2024-08-07,11:11:00,2024-08-14,3.5,3.5,3.5,3.5,180,2640,0
BANKNIFTY14AUG2455600CE.NFO,2024-08-07,11:12:00,2024-08-14,3.5,3.5,3.5,3.5,0,2640,0
BANKNIFTY14AUG2455600CE.NFO,2024-08-07,11:13:00,2024-08-14,3.5,3.5,3.5,3.5,0,2640,0
BANKNIFTY14AUG2455600CE.NFO,2024-08-07,11:14:00,2024-08-14,3.5,3.5,3.5,3.5,0,2640,1
BANKNIFTY14AUG2455600CE.NFO,2024-08-07,11:15:00,2024-08-14,3.5,3.5,3.5,3.5,0,2640,1
BANKNIFTY14AUG2455600CE.NFO,2024-08-07,11:16:00,2024-08-14,3.5,3.5,3.5,3.5,0,2640,1
BANKNIFTY14AUG2455600CE.NFO,2024-08-07,11:17:00,2024-08-14,3.35,3.35,3.35,3.35,75,2820,0
BANKNIFTY14AUG2455600CE.NFO,2024-08-07,11:18:00,2024-08-14,3.35,3.35,3.35,3.35,0,2820,0
BANKNIFTY14AUG2455600CE.NFO,2024-08-07,11:19:00,2024-08-14,3.35,3.35,3.35,3.35,0,2820,0
BANKNIFTY14AUG2455600CE.NFO,2024-08-07,11:20:00,2024-08-14,3.35,3.35,3.3,3.3,150,2895,0
BANKNIFTY14AUG2455600CE.NFO,2024-08-07,11:21:00,2024-08-14,3.3,3.3,3.3,3.3,0,2895,0
BANKNIFTY14AUG2455600CE.NFO,2024-08-07,11:22:00,2024-08-14,3.3,3.3,3.3,3.3,45,3000,0
BANKNIFTY14AUG2455600CE.NFO,2024-08-07,11:23:00,2024-08-14,3.3,3.3,3.3,3.3,0,3000,0
BANKNIFTY14AUG2455600CE.NFO,2024-08-07,11:24:00,2024-08-14,3.3,3.3,3.3,3.3,0,3000,0
BANKNIFTY14AUG2455600CE.NFO,2024-08-07,11:25:00,2024-08-14,3.3,3.3,3.3,3.3,0,3000,1
BANKNIFTY14AUG2455600CE.NFO,2024-08-07,11:26:00,2024-08-14,3.25,3.3,3.25,3.25,120,3045,0
BANKNIFTY14AUG2455600CE.NFO,2024-08-07,11:27:00,2024-08-14,3.25,3.25,3.25,3.25,330,3045,0
BANKNIFTY14AUG2455600CE.NFO,2024-08-07,11:28:00,2024-08-14,3.25,3.25,3.25,3.25,0,3045,0
BANKNIFTY14AUG2455600CE.NFO,2024-08-07,11:29:00,2024-08-14,3.25,3.25,3.25,3.25,0,3045,1
BANKNIFTY14AUG2455600CE.NFO,2024-08-07,11:30:00,2024-08-14,3.25,3.25,3.25,3.25,0,3045,1
BANKNIFTY14AUG2455600CE.NFO,2024-08-07,11:31:00,2024-08-14,3.25,3.25,3.25,3.25,0,3045,1
BANKNIFTY14AUG2455600CE.NFO,2024-08-07,11:32:00,2024-08-14,3.25,3.25,3.25,3.25,0,3045,0
BANKNIFTY14AUG2455600CE.NFO,2024-08-07,11:33:00,2024-08-14,3.25,3.25,3.25,3.25,225,2700,0
BANKNIFTY14AUG2455600CE.NFO,2024-08-07,11:34:00,2024-08-14,3.25,3.3,3.25,3.3,270,2700,0
BANKNIFTY14AUG2455600CE.NFO,2024-08-07,11:35:00,2024-08-14,3.3,3.3,3.25,3.25,30,2700,0
BANKNIFTY14AUG2455600CE.NFO,2024-08-07,11:36:00,2024-08-14,3.45,3.6,3.45,3.6,45,2700,0
BANKNIFTY14AUG2455600CE.NFO,2024-08-07,11:37:00,2024-08-14,3.6,3.65,3.6,3.65,75,2715,0
BANKNIFTY14AUG2455600CE.NFO,2024-08-07,11:38:00,2024-08-14,3.65,3.65,3.65,3.65,0,2715,0
BANKNIFTY14AUG2455600CE.NFO,2024-08-07,11:39:00,2024-08-14,3.65,3.65,3.65,3.65,0,2715,0
BANKNIFTY14AUG2455600CE.NFO,2024-08-07,11:40:00,2024-08-14,3.3,3.3,3.3,3.3,0,2700,0
BANKNIFTY14AUG2455600CE.NFO,2024-08-07,11:41:00,2024-08-14,3.3,3.3,3.3,3.3,60,2700,0
BANKNIFTY14AUG2455600CE.NFO,2024-08-07,11:42:00,2024-08-14,3.55,3.55,3.55,3.55,30,2700,0
BANKNIFTY14AUG2455600CE.NFO,2024-08-07,11:43:00,2024-08-14,3.55,3.55,3.55,3.55,0,2700,0
BANKNIFTY14AUG2455600CE.NFO,2024-08-07,11:44:00,2024-08-14,3.55,3.55,3.55,3.55,0,2700,0
BANKNIFTY14AUG2455600CE.NFO,2024-08-07,11:45:00,2024-08-14,3.55,3.55,3.55,3.55,0,2700,0
BANKNIFTY14AUG2455600CE.NFO,2024-08-07,11:46:00,2024-08-14,3.55,3.55,3.55,3.55,0,2700,0
BANKNIFTY14AUG2455600CE.NFO,2024-08-07,11:47:00,2024-08-14,3.55,3.55,3.55,3.55,0,2700,0
BANKNIFTY14AUG2455600CE.NFO,2024-08-07,11:48:00,2024-08-14,3.55,3.55,3.55,3.55,0,2700,0
BANKNIFTY14AUG2455600CE.NFO,2024-08-07,11:49:00,2024-08-14,3.55,3.55,3.55,3.55,0,2700,1
BANKNIFTY14AUG2455600CE.NFO,2024-08-07,11:50:00,2024-08-14,3.55,3.55,3.55,3.55,0,2700,1
BANKNIFTY14AUG2455600CE.NFO,2024-08-07,11:51:00,2024-08-14,3.55,3.55,3.55,3.55,0,2700,1
BANKNIFTY14AUG2455600CE.NFO,2024-08-07,11:52:00,2024-08-14,3.55,3.55,3.55,3.55,0,2700,1
BANKNIFTY14AUG2455600CE.NFO,2024-08-07,11:53:00,2024-08-14,3.55,3.75,3.55,3.75,75,2625,0
BANKNIFTY14AUG2455600CE.NFO,2024-08-07,11:54:00,2024-08-14,3.75,3.75,3.75,3.75,0,2625,0
BANKNIFTY14AUG2455600CE.NFO,2024-08-07,11:55:00,2024-08-14,3.75,3.75,3.75,3.75,0,2625,0
BANKNIFTY14AUG2455600CE.NFO,2024-08-07,11:56:00,2024-08-14,3.75,3.75,3.35,3.35,30,2625,0
BANKNIFTY14AUG2455600CE.NFO,2024-08-07,11:57:00,2024-08-14,3.35,3.35,3.35,3.35,0,2625,0
BANKNIFTY14AUG2455600CE.NFO,2024-08-07,11:58:00,2024-08-14,3.35,3.35,3.35,3.35,0,2625,0
BANKNIFTY14AUG2455600CE.NFO,2024-08-07,11:59:00,2024-08-14,3.35,3.35,3.35,3.35,0,2625,0
BANKNIFTY14AUG2455600CE.NFO,2024-08-07,12:00:00,2024-08-14,3.35,3.35,3.35,3.35,0,2625,0
BANKNIFTY14AUG2455600CE.NFO,2024-08-07,12:01:00,2024-08-14,3.35,3.35,3.35,3.35,0,2625,1
BANKNIFTY14AUG2455600CE.NFO,2024-08-07,12:02:00,2024-08-14,3.35,3.35,3.35,3.35,0,2625,0
BANKNIFTY14AUG2455600CE.NFO,2024-08-07,12:03:00,2024-08-14,3.35,3.35,3.35,3.35,0,2625,1
BANKNIFTY14AUG2455600CE.NFO,2024-08-07,12:04:00,2024-08-14,3.35,3.6,3.35,3.6,30,2655,0
BANKNIFTY14AUG2455600CE.NFO,2024-08-07,12:05:00,2024-08-14,3.6,3.7,3.6,3.7,240,2655,0
BANKNIFTY14AUG2455600CE.NFO,2024-08-07,12:06:00,2024-08-14,3.7,3.7,3.65,3.65,60,2655,0
BANKNIFTY14AUG2455600CE.NFO,2024-08-07,12:07:00,2024-08-14,3.65,3.65,3.65,3.65,0,2655,0
BANKNIFTY14AUG2455600CE.NFO,2024-08-07,12:08:00,2024-08-14,3.65,3.65,3.65,3.65,0,2655,0
BANKNIFTY14AUG2455600CE.NFO,2024-08-07,12:09:00,2024-08-14,3.65,3.65,3.65,3.65,0,2655,0
BANKNIFTY14AUG2455600CE.NFO,2024-08-07,12:10:00,2024-08-14,3.65,3.65,3.65,3.65,0,2655,1
BANKNIFTY14AUG2455600CE.NFO,2024-08-07,12:11:00,2024-08-14,3.65,3.65,3.65,3.65,0,2655,1
BANKNIFTY14AUG2455600CE.NFO,2024-08-07,12:12:00,2024-08-14,3.65,3.65,3.65,3.65,0,2655,0
BANKNIFTY14AUG2455600CE.NFO,2024-08-07,12:13:00,2024-08-14,3.65,3.65,3.65,3.65,0,2655,1
BANKNIFTY14AUG2455600CE.NFO,2024-08-07,12:14:00,2024-08-14,3.45,3.45,3.45,3.45,90,2355,0
BANKNIFTY14AUG2455600CE.NFO,2024-08-07,12:15:00,2024-08-14,3.45,3.45,3.45,3.45,0,2355,0
BANKNIFTY14AUG2455600CE.NFO,2024-08-07,12:16:00,2024-08-14,3.45,3.45,3.45,3.45,0,2355,1
BANKNIFTY14AUG2455600CE.NFO,2024-08-07,12:17:00,2024-08-14,3.45,3.45,3.45,3.45,0,2355,0
BANKNIFTY14AUG2455600CE.NFO,2024-08-07,12:18:00,2024-08-14,3.45,3.45,3.45,3.45,0,2355,1
BANKNIFTY14AUG2455600CE.NFO,2024-08-07,12:19:00,2024-08-14,3.45,3.45,3.45,3.45,0,2355,1
BANKNIFTY14AUG2455600CE.NFO,2024-08-07,12:20:00,2024-08-14,3.45,3.45,3.45,3.45,0,2355,0
BANKNIFTY14AUG2455600CE.NFO,2024-08-07,12:21:00,2024-08-14,3.45,3.45,3.45,3.45,0,2355,0
BANKNIFTY14AUG2455600CE.NFO,2024-08-07,12:22:00,2024-08-14,3.45,3.45,3.45,3.45,0,2355,0
BANKNIFTY14AUG2455600CE.NFO,2024-08-07,12:23:00,2024-08-14,3.45,3.45,3.45,3.45,0,2355,1
BANKNIFTY14AUG2455600CE.NFO,2024-08-07,12:24:00,2024-08-14,3.45,3.45,3.45,3.45,0,2355,0
BANKNIFTY14AUG2455600CE.NFO,2024-08-07,12:25:00,2024-08-14,3.45,3.45,3.35,3.35,30,2325,0
BANKNIFTY14AUG2455600CE.NFO,2024-08-07,12:26:00,2024-08-14,3.35,3.35,3.35,3.35,0,2325,0
BANKNIFTY14AUG2455600CE.NFO,2024-08-07,12:27:00,2024-08-14,3.35,3.35,3.35,3.35,0,2325,0
BANKNIFTY14AUG2455600CE.NFO,2024-08-07,12:28:00,2024-08-14,3.35,3.35,3.35,3.35,0,2325,0
BANKNIFTY14AUG2455600CE.NFO,2024-08-07,12:29:00,2024-08-14,3.35,3.5,3.35,3.5,90,2355,0
BANKNIFTY14AUG2455600CE.NFO,2024-08-07,12:30:00,2024-08-14,3.5,3.5,3.5,3.5,0,2355,0
BANKNIFTY14AUG2455600CE.NFO,2024-08-07,12:31:00,2024-08-14,3.5,3.5,3.5,3.5,0,2355,0
BANKNIFTY14AUG2455600CE.NFO,2024-08-07,12:32:00,2024-08-14,3.5,3.5,3.5,3.5,0,2355,1
BANKNIFTY14AUG2455600CE.NFO,2024-08-07,12:33:00,2024-08-14,3.55,3.55,3.55,3.55,30,2280,0
BANKNIFTY14AUG2455600CE.NFO,2024-08-07,12:34:00,2024-08-14,3.55,3.55,3.55,3.55,0,2280,0
BANKNIFTY14AUG2455600CE.NFO,2024-08-07,12:35:00,2024-08-14,3.55,3.55,3.55,3.55,0,2280,1
BANKNIFTY14AUG2455600CE.NFO,2024-08-07,12:36:00,2024-08-14,3.55,3.55,3.5,3.5,0,2280,0
BANKNIFTY14AUG2455600CE.NFO,2024-08-07,12:37:00,2024-08-14,3.5,3.5,3.5,3.5,75,2280,0
BANKNIFTY14AUG2455600CE.NFO,2024-08-07,12:38:00,2024-08-14,3.5,3.5,3.5,3.5,0,2280,0
BANKNIFTY14AUG2455600CE.NFO,2024-08-07,12:39:00,2024-08-14,3.5,3.5,3.5,3.5,0,2280,0
BANKNIFTY14AUG2455600CE.NFO,2024-08-07,12:40:00,2024-08-14,3.5,3.5,3.5,3.5,0,2280,0
BANKNIFTY14AUG2455600CE.NFO,2024-08-07,12:41:00,2024-08-14,3.5,3.5,3.5,3.5,0,2280,1
BANKNIFTY14AUG2455600CE.NFO,2024-08-07,12:42:00,2024-08-14,3.5,3.5,3.5,3.5,0,2280,0
BANKNIFTY14AUG2455600CE.NFO,2024-08-07,12:43:00,2024-08-14,3.5,3.5,3.5,3.5,150,2205,0
BANKNIFTY14AUG2455600CE.NFO,2024-08-07,12:44:00,2024-08-14,3.5,3.5,3.5,3.5,0,2205,0
BANKNIFTY14AUG2455600CE.NFO,2024-08-07,12:45:00,2024-08-14,3.5,3.5,3.5,3.5,0,2205,0
BANKNIFTY14AUG2455600CE.NFO,2024-08-07,12:46:00,2024-08-14,3.5,3.5,3.45,3.45,0,2055,0
BANKNIFTY14AUG2455600CE.NFO,2024-08-07,12:47:00,2024-08-14,3.45,3.45,3.45,3.45,60,2055,0
BANKNIFTY14AUG2455600CE.NFO,2024-08-07,12:48:00,2024-08-14,3.45,3.45,3.45,3.45,135,2055,0
BANKNIFTY14AUG2455600CE.NFO,2024-08-07,12:49:00,2024-08-14,3.45,3.45,3.45,3.45,0,2055,0
BANKNIFTY14AUG2455600CE.NFO,2024-08-07,12:50:00,2024-08-14,3.45,3.45,3.45,3.45,0,2055,0
BANKNIFTY14AUG2455600CE.NFO,2024-08-07,12:51:00,2024-08-14,3.45,3.45,3.45,3.45,0,2055,0
BANKNIFTY14AUG2455600CE.NFO,2024-08-07,12:52:00,2024-08-14,3.45,3.45,3.4,3.4,60,2025,0
BANKNIFTY14AUG2455600CE.NFO,2024-08-07,12:53:00,2024-08-14,3.4,3.4,3.4,3.4,60,2025,1
BANKNIFTY14AUG2455600CE.NFO,2024-08-07,12:54:00,2024-08-14,3.4,3.4,3.4,3.4,0,2025,0
BANKNIFTY14AUG2455600CE.NFO,2024-08-07,12:55:00,2024-08-14,3.4,3.4,3.4,3.4,0,2025,1
BANKNIFTY14AUG2455600CE.NFO,2024-08-07,12:56:00,2024-08-14,3.4,3.4,3.4,3.4,0,2025,1
BANKNIFTY14AUG2455600CE.NFO,2024-08-07,12:57:00,2024-08-14,3.4,3.4,3.4,3.4,0,2025,1
BANKNIFTY14AUG2455600CE.NFO,2024-08-07,12:58:00,2024-08-14,3.4,3.4,3.4,3.4,0,2025,1
BANKNIFTY14AUG2455600CE.NFO,2024-08-07,12:59:00,2024-08-14,3.4,3.4,3.4,3.4,0,2025,1
BANKNIFTY14AUG2455600CE.NFO,2024-08-07,13:00:00,2024-08-14,3.4,3.4,3.4,3.4,0,2025,0
BANKNIFTY14AUG2455600CE.NFO,2024-08-07,13:01:00,2024-08-14,3.4,3.4,3.4,3.4,0,2025,0
BANKNIFTY14AUG2455600CE.NFO,2024-08-07,13:02:00,2024-08-14,3.4,3.4,3.4,3.4,0,2025,0
BANKNIFTY14AUG2455600CE.NFO,2024-08-07,13:03:00,2024-08-14,3.4,3.4,3.4,3.4,0,2025,1
BANKNIFTY14AUG2455600CE.NFO,2024-08-07,13:04:00,2024-08-14,3.4,3.4,3.4,3.4,0,2025,1
BANKNIFTY14AUG2455600CE.NFO,2024-08-07,13:05:00,2024-08-14,3.4,3.4,3.4,3.4,0,2025,1
BANKNIFTY14AUG2455600CE.NFO,2024-08-07,13:06:00,2024-08-14,3.4,3.4,3.4,3.4,0,2025,1
BANKNIFTY14AUG2455600CE.NFO,2024-08-07,13:07:00,2024-08-14,3.4,3.4,3.4,3.4,0,2025,0
BANKNIFTY14AUG2455600CE.NFO,2024-08-07,13:08:00,2024-08-14,3.4,3.4,3.4,3.4,0,2025,1
BANKNIFTY14AUG2455600CE.NFO,2024-08-07,13:09:00,2024-08-14,3.4,3.4,3.4,3.4,0,2025,0
BANKNIFTY14AUG2455600CE.NFO,2024-08-07,13:10:00,2024-08-14,3.4,3.4,3.4,3.4,0,2025,0
BANKNIFTY14AUG2455600CE.NFO,2024-08-07,13:11:00,2024-08-14,3.4,3.4,3.4,3.4,0,2025,0
BANKNIFTY14AUG2455600CE.NFO,2024-08-07,13:12:00,2024-08-14,3.4,3.4,3.4,3.4,0,2025,0
BANKNIFTY14AUG2455600CE.NFO,2024-08-07,13:13:00,2024-08-14,3.4,3.4,3.4,3.4,0,2025,1
BANKNIFTY14AUG2455600CE.NFO,2024-08-07,13:14:00,2024-08-14,3.4,3.4,3.4,3.4,0,2025,1
BANKNIFTY14AUG2455600CE.NFO,2024-08-07,13:15:00,2024-08-14,3.4,3.4,3.4,3.4,0,2025,1
BANKNIFTY14AUG2455600CE.NFO,2024-08-07,13:16:00,2024-08-14,3.4,3.4,3.4,3.4,0,2025,1
BANKNIFTY14AUG2455600CE.NFO,2024-08-07,13:17:00,2024-08-14,3.4,3.4,3.4,3.4,0,2025,1
BANKNIFTY14AUG2455600CE.NFO,2024-08-07,13:18:00,2024-08-14,3.4,3.4,3.4,3.4,0,2025,0
BANKNIFTY14AUG2455600CE.NFO,2024-08-07,13:19:00,2024-08-14,3.4,3.4,3.4,3.4,0,2025,1
BANKNIFTY14AUG2455600CE.NFO,2024-08-07,13:20:00,2024-08-14,3.4,3.4,3.4,3.4,0,2025,1
BANKNIFTY14AUG2455600CE.NFO,2024-08-07,13:21:00,2024-08-14,3.4,3.4,3.4,3.4,0,2025,0
BANKNIFTY14AUG2455600CE.NFO,2024-08-07,13:22:00,2024-08-14,3.4,3.4,3.4,3.4,0,2025,0
BANKNIFTY14AUG2455600CE.NFO,2024-08-07,13:23:00,2024-08-14,3.4,3.4,3.4,3.4,0,2025,1
BANKNIFTY14AUG2455600CE.NFO,2024-08-07,13:24:00,2024-08-14,3.4,3.4,3.4,3.4,0,2025,1
BANKNIFTY14AUG2455600CE.NFO,2024-08-07,13:25:00,2024-08-14,3.4,3.4,3.4,3.4,0,2025,1
BANKNIFTY14AUG2455600CE.NFO,2024-08-07,13:26:00,2024-08-14,3.4,3.4,3.4,3.4,0,2025,0
BANKNIFTY14AUG2455600CE.NFO,2024-08-07,13:27:00,2024-08-14,3.4,3.4,3.4,3.4,0,2025,1
BANKNIFTY14AUG2455600CE.NFO,2024-08-07,13:28:00,2024-08-14,3.4,3.4,3.4,3.4,0,2025,1
BANKNIFTY14AUG2455600CE.NFO,2024-08-07,13:29:00,2024-08-14,3.4,3.4,3.4,3.4,0,2025,1
BANKNIFTY14AUG2455600CE.NFO,2024-08-07,13:30:00,2024-08-14,3.45,3.45,3.45,3.45,180,2010,0
BANKNIFTY14AUG2455600CE.NFO,2024-08-07,13:31:00,2024-08-14,3.45,3.45,3.45,3.45,0,2010,0
BANKNIFTY14AUG2455600CE.NFO,2024-08-07,13:32:00,2024-08-14,3.45,3.45,3.45,3.45,0,2010,0
BANKNIFTY14AUG2455600CE.NFO,2024-08-07,13:33:00,2024-08-14,3.45,3.45,3.45,3.45,0,2010,0
BANKNIFTY14AUG2455600CE.NFO,2024-08-07,13:34:00,2024-08-14,3.45,3.45,3.45,3.45,0,2010,1
BANKNIFTY14AUG2455600CE.NFO,2024-08-07,13:35:00,2024-08-14,3.45,3.45,3.45,3.45,0,2010,1
BANKNIFTY14AUG2455600CE.NFO,2024-08-07,13:36:00,2024-08-14,3.45,3.45,3.45,3.45,0,2010,1
BANKNIFTY14AUG2455600CE.NFO,2024-08-07,13:37:00,2024-08-14,3.45,3.45,3.45,3.45,0,2010,0
BANKNIFTY14AUG2455600CE.NFO,2024-08-07,13:38:00,2024-08-14,3.45,3.45,3.45,3.45,0,2010,0
BANKNIFTY14AUG2455600CE.NFO,2024-08-07,13:39:00,2024-08-14,3.45,3.45,3.45,3.45,0,2010,1
BANKNIFTY14AUG2455600CE.NFO,2024-08-07,13:40:00,2024-08-14,3.45,3.45,3.45,3.45,0,2010,1
BANKNIFTY14AUG2455600CE.NFO,2024-08-07,13:41:00,2024-08-14,3.45,3.45,3.45,3.45,0,2010,1
BANKNIFTY14AUG2455600CE.NFO,2024-08-07,13:42:00,2024-08-14,3.45,3.45,3.45,3.45,0,2010,1
BANKNIFTY14AUG2455600CE.NFO,2024-08-07,13:43:00,2024-08-14,3.45,3.45,3.45,3.45,0,2010,1
BANKNIFTY14AUG2455600CE.NFO,2024-08-07,13:44:00,2024-08-14,3.5,3.5,3.5,3.5,75,2040,0
BANKNIFTY14AUG2455600CE.NFO,2024-08-07,13:45:00,2024-08-14,3.5,3.5,3.5,3.5,0,2040,0
BANKNIFTY14AUG2455600CE.NFO,2024-08-07,13:46:00,2024-08-14,3.5,3.5,3.5,3.5,105,2040,0
BANKNIFTY14AUG2455600CE.NFO,2024-08-07,13:47:00,2024-08-14,3.5,3.5,3.5,3.5,0,2040,0
BANKNIFTY14AUG2455600CE.NFO,2024-08-07,13:48:00,2024-08-14,3.5,3.5,3.5,3.5,0,2040,0
BANKNIFTY14AUG2455600CE.NFO,2024-08-07,13:49:00,2024-08-14,3.5,3.5,3.5,3.5,0,2040,0
BANKNIFTY14AUG2455600CE.NFO,2024-08-07,13:50:00,2024-08-14,3.5,3.5,3.5,3.5,0,2040,0
BANKNIFTY14AUG2455600CE.NFO,2024-08-07,13:51:00,2024-08-14,3.5,3.5,3.5,3.5,0,2040,1
BANKNIFTY14AUG2455600CE.NFO,2024-08-07,13:52:00,2024-08-14,3.5,3.5,3.5,3.5,0,2040,1
BANKNIFTY14AUG2455600CE.NFO,2024-08-07,13:53:00,2024-08-14,3.5,3.5,3.5,3.5,0,2040,0
BANKNIFTY14AUG2455600CE.NFO,2024-08-07,13:54:00,2024-08-14,3.5,3.5,3.5,3.5,0,2040,0
BANKNIFTY14AUG2455600CE.NFO,2024-08-07,13:55:00,2024-08-14,3.5,3.5,3.5,3.5,0,2040,1
BANKNIFTY14AUG2455600CE.NFO,2024-08-07,13:56:00,2024-08-14,3.5,3.5,3.5,3.5,0,2040,1
BANKNIFTY14AUG2455600CE.NFO,2024-08-07,13:57:00,2024-08-14,3.5,3.5,3.5,3.5,0,2040,1
BANKNIFTY14AUG2455600CE.NFO,2024-08-07,13:58:00,2024-08-14,3.5,3.5,3.5,3.5,0,2040,1
BANKNIFTY14AUG2455600CE.NFO,2024-08-07,13:59:00,2024-08-14,3.5,3.5,3.5,3.5,0,2040,1
BANKNIFTY14AUG2455600CE.NFO,2024-08-07,14:00:00,2024-08-14,3.5,3.5,3.5,3.5,0,2040,1
BANKNIFTY14AUG2455600CE.NFO,2024-08-07,14:01:00,2024-08-14,3.5,3.5,3.5,3.5,0,2040,0
BANKNIFTY14AUG2455600CE.NFO,2024-08-07,14:02:00,2024-08-14,3.5,3.5,3.5,3.5,0,2040,0
BANKNIFTY14AUG2455600CE.NFO,2024-08-07,14:03:00,2024-08-14,3.5,3.5,3.5,3.5,0,2040,0
BANKNIFTY14AUG2455600CE.NFO,2024-08-07,14:04:00,2024-08-14,3.5,3.5,3.5,3.5,0,2040,0
BANKNIFTY14AUG2455600CE.NFO,2024-08-07,14:05:00,2024-08-14,3.2,3.2,3.2,3.2,15,1995,0
BANKNIFTY14AUG2455600CE.NFO,2024-08-07,14:06:00,2024-08-14,3.2,3.2,3.2,3.2,0,1995,0
BANKNIFTY14AUG2455600CE.NFO,2024-08-07,14:07:00,2024-08-14,3.2,3.2,3.2,3.2,0,1995,0
BANKNIFTY14AUG2455600CE.NFO,2024-08-07,14:08:00,2024-08-14,3.2,3.2,3.2,3.2,0,1995,0
BANKNIFTY14AUG2455600CE.NFO,2024-08-07,14:09:00,2024-08-14,3.2,3.2,3.2,3.2,0,1995,1
BANKNIFTY14AUG2455600CE.NFO,2024-08-07,14:10:00,2024-08-14,3.2,3.2,3.2,3.2,0,1995,1
BANKNIFTY14AUG2455600CE.NFO,2024-08-07,14:11:00,2024-08-14,3.2,3.2,3.2,3.2,0,1995,0
BANKNIFTY14AUG2455600CE.NFO,2024-08-07,14:12:00,2024-08-14,3.2,3.2,3.2,3.2,0,1995,1
BANKNIFTY14AUG2455600CE.NFO,2024-08-07,14:13:00,2024-08-14,3.25,3.25,3.25,3.25,15,1995,0
BANKNIFTY14AUG2455600CE.NFO,2024-08-07,14:14:00,2024-08-14,3.65,3.65,3.65,3.65,30,1980,0
BANKNIFTY14AUG2455600CE.NFO,2024-08-07,14:15:00,2024-08-14,3.65,3.65,3.65,3.65,0,1980,0
BANKNIFTY14AUG2455600CE.NFO,2024-08-07,14:16:00,2024-08-14,3.65,3.65,3.65,3.65,0,1980,0
BANKNIFTY14AUG2455600CE.NFO,2024-08-07,14:17:00,2024-08-14,3.65,3.65,3.65,3.65,0,1980,1
BANKNIFTY14AUG2455600CE.NFO,2024-08-07,14:18:00,2024-08-14,3.65,3.65,3.65,3.65,0,1980,0
BANKNIFTY14AUG2455600CE.NFO,2024-08-07,14:19:00,2024-08-14,3.65,3.65,3.65,3.65,0,1980,0
BANKNIFTY14AUG2455600CE.NFO,2024-08-07,14:20:00,2024-08-14,3.65,3.65,3.65,3.65,0,1980,0
BANKNIFTY14AUG2455600CE.NFO,2024-08-07,14:21:00,2024-08-14,3.65,3.65,3.65,3.65,0,1980,0
BANKNIFTY14AUG2455600CE.NFO,2024-08-07,14:22:00,2024-08-14,3.65,3.65,3.65,3.65,0,1980,1
BANKNIFTY14AUG2455600CE.NFO,2024-08-07,14:23:00,2024-08-14,3.65,3.65,3.65,3.65,0,1980,1
BANKNIFTY14AUG2455600CE.NFO,2024-08-07,14:24:00,2024-08-14,3.65,3.65,3.65,3.65,0,1980,1
BANKNIFTY14AUG2455600CE.NFO,2024-08-07,14:25:00,2024-08-14,3.65,3.65,3.65,3.65,0,1980,1
BANKNIFTY14AUG2455600CE.NFO,2024-08-07,14:26:00,2024-08-14,3.65,3.65,3.65,3.65,0,1980,1
BANKNIFTY14AUG2455600CE.NFO,2024-08-07,14:27:00,2024-08-14,3.65,3.65,3.65,3.65,0,1980,1
BANKNIFTY14AUG2455600CE.NFO,2024-08-07,14:28:00,2024-08-14,3.65,3.65,3.65,3.65,0,1980,1
BANKNIFTY14AUG2455600CE.NFO,2024-08-07,14:29:00,2024-08-14,3.65,3.65,3.65,3.65,0,1980,0
BANKNIFTY14AUG2455600CE.NFO,2024-08-07,14:30:00,2024-08-14,3.65,3.65,3.65,3.65,0,1980,1
BANKNIFTY14AUG2455600CE.NFO,2024-08-07,14:31:00,2024-08-14,3.65,3.65,3.65,3.65,0,1980,0
BANKNIFTY14AUG2455600CE.NFO,2024-08-07,14:32:00,2024-08-14,3.65,3.65,3.65,3.65,0,1980,0
BANKNIFTY14AUG2455600CE.NFO,2024-08-07,14:33:00,2024-08-14,3.65,3.65,3.65,3.65,0,1980,0
BANKNIFTY14AUG2455600CE.NFO,2024-08-07,14:34:00,2024-08-14,3.65,3.65,3.65,3.65,0,1980,0
BANKNIFTY14AUG2455600CE.NFO,2024-08-07,14:35:00,2024-08-14,3.65,3.65,3.65,3.65,0,1980,0
BANKNIFTY14AUG2455600CE.NFO,2024-08-07,14:36:00,2024-08-14,3.65,3.65,3.65,3.65,0,1980,1
BANKNIFTY14AUG2455600CE.NFO,2024-08-07,14:37:00,2024-08-14,3.65,3.65,3.65,3.65,0,1980,1
BANKNIFTY14AUG2455600CE.NFO,2024-08-07,14:38:00,2024-08-14,3.65,3.65,3.65,3.65,0,1980,0
BANKNIFTY14AUG2455600CE.NFO,2024-08-07,14:39:00,2024-08-14,3.65,3.65,3.65,3.65,0,1980,0
BANKNIFTY14AUG2455600CE.NFO,2024-08-07,14:40:00,2024-08-14,3.65,3.65,3.65,3.65,0,1980,1
BANKNIFTY14AUG2455600CE.NFO,2024-08-07,14:41:00,2024-08-14,3.65,3.65,3.65,3.65,0,1980,1
BANKNIFTY14AUG2455600CE.NFO,2024-08-07,14:42:00,2024-08-14,3.65,3.65,3.65,3.65,0,1980,1
BANKNIFTY14AUG2455600CE.NFO,2024-08-07,14:43:00,2024-08-14,3.65,3.65,3.65,3.65,0,1980,1
BANKNIFTY14AUG2455600CE.NFO,2024-08-07,14:44:00,2024-08-14,3.65,3.65,3.65,3.65,0,1980,0
BANKNIFTY14AUG2455600CE.NFO,2024-08-07,14:45:00,2024-08-14,3.65,3.65,3.65,3.65,0,1980,1
BANKNIFTY14AUG2455600CE.NFO,2024-08-07,14:46:00,2024-08-14,3.65,3.65,3.65,3.65,0,1980,0
BANKNIFTY14AUG2455600CE.NFO,2024-08-07,14:47:00,2024-08-14,3.65,3.65,3.65,3.65,0,1980,0
BANKNIFTY14AUG2455600CE.NFO,2024-08-07,14:48:00,2024-08-14,3.65,3.65,3.65,3.65,0,1980,0
BANKNIFTY14AUG2455600CE.NFO,2024-08-07,14:49:00,2024-08-14,3.65,3.65,3.65,3.65,0,1980,0
BANKNIFTY14AUG2455600CE.NFO,2024-08-07,14:50:00,2024-08-14,3.65,3.65,3.65,3.65,0,1980,0
BANKNIFTY14AUG2455600CE.NFO,2024-08-07,14:51:00,2024-08-14,3.65,3.65,3.65,3.65,0,1980,1
BANKNIFTY14AUG2455600CE.NFO,2024-08-07,14:52:00,2024-08-14,3.65,3.65,3.65,3.65,0,1980,0
BANKNIFTY14AUG2455600CE.NFO,2024-08-07,14:53:00,2024-08-14,3.65,3.65,3.65,3.65,0,1980,0
BANKNIFTY14AUG2455600CE.NFO,2024-08-07,14:54:00,2024-08-14,3.65,3.65,3.65,3.65,0,1980,0
BANKNIFTY14AUG2455600CE.NFO,2024-08-07,14:55:00,2024-08-14,3.65,3.65,3.65,3.65,0,1980,0
BANKNIFTY14AUG2455600CE.NFO,2024-08-07,14:56:00,2024-08-14,3.65,3.65,3.65,3.65,0,1980,1
BANKNIFTY14AUG2455600CE.NFO,2024-08-07,14:57:00,2024-08-14,3.65,3.65,3.65,3.65,0,1980,1
BANKNIFTY14AUG2455600CE.NFO,2024-08-07,14:58:00,2024-08-14,3.65,3.65,3.65,3.65,0,1980,0
BANKNIFTY14AUG2455600CE.NFO,2024-08-07,14:59:00,2024-08-14,3.65,3.65,3.65,3.65,0,1980,0
BANKNIFTY14AUG2455600CE.NFO,2024-08-07,15:00:00,2024-08-14,3.65,3.65,3.65,3.65,0,1980,0
BANKNIFTY14AUG2455600CE.NFO,2024-08-07,15:01:00,2024-08-14,3.65,3.65,3.65,3.65,0,1980,0
BANKNIFTY14AUG2455600CE.NFO,2024-08-07,15:02:00,2024-08-14,3.65,3.65,3.65,3.65,0,1980,0
BANKNIFTY14AUG2455600CE.NFO,2024-08-07,15:03:00,2024-08-14,3.65,3.65,3.65,3.65,0,1980,1
BANKNIFTY14AUG2455600CE.NFO,2024-08-07,15:04:00,2024-08-14,3.65,3.65,3.65,3.65,0,1980,1
BANKNIFTY14AUG2455600CE.NFO,2024-08-07,15:05:00,2024-08-14,3.65,3.65,3.65,3.65,0,1980,0
BANKNIFTY14AUG2455600CE.NFO,2024-08-07,15:06:00,2024-08-14,3.65,3.65,3.65,3.65,0,1980,0
BANKNIFTY14AUG2455600CE.NFO,2024-08-07,15:07:00,2024-08-14,3.65,3.65,3.65,3.65,0,1980,1
BANKNIFTY14AUG2455600CE.NFO,2024-08-07,15:08:00,2024-08-14,3.65,3.65,3.65,3.65,0,1980,0
BANKNIFTY14AUG2455600CE.NFO,2024-08-07,15:09:00,2024-08-14,3.65,3.65,3.65,3.65,0,1980,0
BANKNIFTY14AUG2455600CE.NFO,2024-08-07,15:10:00,2024-08-14,3.65,3.65,3.65,3.65,0,1980,0
BANKNIFTY14AUG2455600CE.NFO,2024-08-07,15:11:00,2024-08-14,3.65,3.65,3.5,3.5,30,1980,0
BANKNIFTY14AUG2455600CE.NFO,2024-08-07,15:12:00,2024-08-14,3.5,3.5,3.5,3.5,0,1980,0
BANKNIFTY14AUG2455600CE.NFO,2024-08-07,15:13:00,2024-08-14,3.5,3.5,3.5,3.5,0,1980,0
BANKNIFTY14AUG2455600CE.NFO,2024-08-07,15:14:00,2024-08-14,3.5,3.5,3.5,3.5,0,1980,0
BANKNIFTY14AUG2455600CE.NFO,2024-08-07,15:15:00,2024-08-14,3.5,3.7,3.5,3.5,75,1950,0
BANKNIFTY14AUG2455600CE.NFO,2024-08-07,15:16:00,2024-08-14,3.5,3.5,3.5,3.5,0,1950,0
BANKNIFTY14AUG2455600CE.NFO,2024-08-07,15:17:00,2024-08-14,3.5,3.5,3.5,3.5,75,1950,0
BANKNIFTY14AUG2455600CE.NFO,2024-08-07,15:18:00,2024-08-14,3.5,3.5,3.5,3.5,15,1950,0
BANKNIFTY14AUG2455600CE.NFO,2024-08-07,15:19:00,2024-08-14,3.5,3.5,3.5,3.5,0,1950,0
BANKNIFTY14AUG2455600CE.NFO,2024-08-07,15:20:00,2024-08-14,3.5,3.5,3.5,3.5,0,1950,0
BANKNIFTY14AUG2455600CE.NFO,2024-08-07,15:21:00,2024-08-14,3.5,3.5,3.5,3.5,0,1950,1
BANKNIFTY14AUG2455600CE.NFO,2024-08-07,15:22:00,2024-08-14,3.5,3.5,3.5,3.5,0,1950,0
BANKNIFTY14AUG2455600CE.NFO,2024-08-07,15:23:00,2024-08-14,3.5,3.5,3.5,3.5,0,1950,1
BANKNIFTY14AUG2455600CE.NFO,2024-08-07,15:24:00,2024-08-14,3.5,3.5,3.5,3.5,0,1950,1
BANKNIFTY14AUG2455600CE.NFO,2024-08-07,15:25:00,2024-08-14,3.65,3.65,3.65,3.65,135,1935,0
BANKNIFTY14AUG2455600CE.NFO,2024-08-07,15:26:00,2024-08-14,3.65,3.65,3.65,3.65,15,1935,0
BANKNIFTY14AUG2455600CE.NFO,2024-08-07,15:27:00,2024-08-14,3.65,3.65,3.6,3.6,45,1935,0
BANKNIFTY14AUG2455600CE.NFO,2024-08-07,15:28:00,2024-08-14,3.6,3.7,3.6,3.7,105,2055,0
BANKNIFTY14AUG2455600CE.NFO,2024-08-07,15:29:00,2024-08-14,3.7,3.7,3.5,3.65,360,2055,0
BANKNIFTY14AUG2455600CE.NFO,2024-08-07,15:30:00,2024-08-14,3.65,3.65,3.65,3.65,360,2055,1
BANKNIFTY14AUG2455600CE.NFO,2024-08-08,09:15:00,2024-08-14,3.7,3.7,3.2,3.35,360,2085,0
BANKNIFTY14AUG2455600CE.NFO,2024-08-08,09:16:00,2024-08-14,3.35,3.5,3.35,3.35,120,1845,0
BANKNIFTY14AUG2455600CE.NFO,2024-08-08,09:17:00,2024-08-14,3.35,3.5,3.3,3.45,75,1845,0
BANKNIFTY14AUG2455600CE.NFO,2024-08-08,09:18:00,2024-08-14,3.45,3.45,3.15,3.35,0,1995,0
BANKNIFTY14AUG2455600CE.NFO,2024-08-08,09:19:00,2024-08-14,3.35,3.35,3.15,3.3,90,1995,0
BANKNIFTY14AUG2455600CE.NFO,2024-08-08,09:20:00,2024-08-14,3.3,3.3,3.15,3.15,90,1995,0
BANKNIFTY14AUG2455600CE.NFO,2024-08-08,09:21:00,2024-08-14,3.15,3.4,3.15,3.35,135,1995,0
BANKNIFTY14AUG2455600CE.NFO,2024-08-08,09:22:00,2024-08-14,3.35,3.9,3.35,3.55,750,1995,0
BANKNIFTY14AUG2455600CE.NFO,2024-08-08,09:23:00,2024-08-14,3.55,3.6,3.55,3.6,240,1995,0
BANKNIFTY14AUG2455600CE.NFO,2024-08-08,09:24:00,2024-08-14,3.6,3.8,3.5,3.8,570,2250,0
BANKNIFTY14AUG2455600CE.NFO,2024-08-08,09:25:00,2024-08-14,3.8,3.8,3.7,3.7,300,2250,0
BANKNIFTY14AUG2455600CE.NFO,2024-08-08,09:26:00,2024-08-14,3.7,3.7,2.4,3.6,540,2250,0
BANKNIFTY14AUG2455600CE.NFO,2024-08-08,09:27:00,2024-08-14,3.6,3.7,3.6,3.7,30,2250,0
BANKNIFTY14AUG2455600CE.NFO,2024-08-08,09:28:00,2024-08-14,3.7,3.75,3.65,3.65,60,2400,0
BANKNIFTY14AUG2455600CE.NFO,2024-08-08,09:29:00,2024-08-14,3.65,3.65,3.65,3.65,0,2400,0
BANKNIFTY14AUG2455600CE.NFO,2024-08-08,09:30:00,2024-08-14,3.65,3.75,3.65,3.75,255,2355,0
BANKNIFTY14AUG2455600CE.NFO,2024-08-08,09:31:00,2024-08-14,3.75,3.75,3.75,3.75,120,2355,0
BANKNIFTY14AUG2455600CE.NFO,2024-08-08,09:32:00,2024-08-14,3.65,4.8,3.65,3.95,3270,2355,0
BANKNIFTY14AUG2455600CE.NFO,2024-08-08,09:33:00,2024-08-14,3.95,3.95,3.9,3.95,165,2355,0
BANKNIFTY14AUG2455600CE.NFO,2024-08-08,09:34:00,2024-08-14,3.95,3.95,3.55,3.55,2760,4725,0
BANKNIFTY14AUG2455600CE.NFO,2024-08-08,09:35:00,2024-08-14,3.55,3.9,3.55,3.9,60,4725,0
BANKNIFTY14AUG2455600CE.NFO,2024-08-08,09:36:00,2024-08-14,3.9,3.9,3.7,3.7,0,4725,0
BANKNIFTY14AUG2455600CE.NFO,2024-08-08,09:37:00,2024-08-14,3.7,3.9,3.7,3.85,735,4935,0
BANKNIFTY14AUG2455600CE.NFO,2024-08-08,09:38:00,2024-08-14,3.85,3.85,3.7,3.8,405,4935,0
BANKNIFTY14AUG2455600CE.NFO,2024-08-08,09:39:00,2024-08-14,3.8,3.85,3.8,3.85,0,4710,0
BANKNIFTY14AUG2455600CE.NFO,2024-08-08,09:40:00,2024-08-14,3.85,3.85,3.75,3.75,0,4710,0
BANKNIFTY14AUG2455600CE.NFO,2024-08-08,09:41:00,2024-08-14,3.75,3.75,3.75,3.75,0,4710,0
BANKNIFTY14AUG2455600CE.NFO,2024-08-08,09:42:00,2024-08-14,3.75,3.75,3.75,3.75,45,4710,0
BANKNIFTY14AUG2455600CE.NFO,2024-08-08,09:43:00,2024-08-14,3.75,3.75,3.75,3.75,0,4710,0
BANKNIFTY14AUG2455600CE.NFO,2024-08-08,09:44:00,2024-08-14,3.75,3.75,3.75,3.75,0,4710,0
BANKNIFTY14AUG2455600CE.NFO,2024-08-08,09:45:00,2024-08-14,3.75,3.75,3.7,3.7,0,4665,0
BANKNIFTY14AUG2455600CE.NFO,2024-08-08,09:46:00,2024-08-14,3.7,3.7,3.7,3.7,0,4665,0
BANKNIFTY14AUG2455600CE.NFO,2024-08-08,09:47:00,2024-08-14,3.7,3.7,3.7,3.7,0,4665,0
BANKNIFTY14AUG2455600CE.NFO,2024-08-08,09:48:00,2024-08-14,3.7,3.8,3.7,3.8,120,4635,0
BANKNIFTY14AUG2455600CE.NFO,2024-08-08,09:49:00,2024-08-14,3.7,3.7,3.7,3.7,105,4680,0
BANKNIFTY14AUG2455600CE.NFO,2024-08-08,09:50:00,2024-08-14,3.7,3.7,3.7,3.7,0,4680,0
BANKNIFTY14AUG2455600CE.NFO,2024-08-08,09:51:00,2024-08-14,3.7,3.7,3.7,3.7,0,4680,0
BANKNIFTY14AUG2455600CE.NFO,2024-08-08,09:52:00,2024-08-14,3.7,3.7,3.7,3.7,0,4680,0
BANKNIFTY14AUG2455600CE.NFO,2024-08-08,09:53:00,2024-08-14,3.7,3.7,3.7,3.7,0,4785,0
BANKNIFTY14AUG2455600CE.NFO,2024-08-08,09:54:00,2024-08-14,3.7,3.7,3.7,3.7,0,4785,0
BANKNIFTY14AUG2455600CE.NFO,2024-08-08,09:55:00,2024-08-14,3.7,3.8,3.7,3.8,15,4650,0
BANKNIFTY14AUG2455600CE.NFO,2024-08-08,09:56:00,2024-08-14,3.8,3.8,3.8,3.8,0,4650,0
BANKNIFTY14AUG2455600CE.NFO,2024-08-08,09:57:00,2024-08-14,3.8,3.8,3.75,3.75,30,4650,0
BANKNIFTY14AUG2455600CE.NFO,2024-08-08,09:58:00,2024-08-14,3.75,3.75,3.75,3.75,0,4650,0
BANKNIFTY14AUG2455600CE.NFO,2024-08-08,09:59:00,2024-08-14,3.75,3.8,3.75,3.75,570,4650,0
BANKNIFTY14AUG2455600CE.NFO,2024-08-08,10:00:00,2024-08-14,3.75,3.8,3.75,3.8,135,5340,0
BANKNIFTY14AUG2455600CE.NFO,2024-08-08,10:01:00,2024-08-14,3.8,3.85,3.8,3.8,1020,5340,0
BANKNIFTY14AUG2455600CE.NFO,2024-08-08,10:02:00,2024-08-14,3.8,3.8,3.8,3.8,0,5340,0
BANKNIFTY14AUG2455600CE.NFO,2024-08-08,10:03:00,2024-08-14,3.8,3.8,3.75,3.75,210,5340,0
BANKNIFTY14AUG2455600CE.NFO,2024-08-08,10:04:00,2024-08-14,3.75,3.85,3.75,3.8,210,5940,0
BANKNIFTY14AUG2455600CE.NFO,2024-08-08,10:05:00,2024-08-14,3.8,3.9,3.75,3.9,90,5940,0
BANKNIFTY14AUG2455600CE.NFO,2024-08-08,10:06:00,2024-08-14,3.9,3.9,3.75,3.85,150,5880,0
BANKNIFTY14AUG2455600CE.NFO,2024-08-08,10:07:00,2024-08-14,3.85,3.9,3.85,3.85,870,5880,0
BANKNIFTY14AUG2455600CE.NFO,2024-08-08,10:08:00,2024-08-14,3.9,3.9,3.8,3.9,420,5880,0
BANKNIFTY14AUG2455600CE.NFO,2024-08-08,10:09:00,2024-08-14,3.9,3.9,3.9,3.9,45,5880,0
BANKNIFTY14AUG2455600CE.NFO,2024-08-08,10:10:00,2024-08-14,3.9,4.0,3.9,4.0,225,5490,0
BANKNIFTY14AUG2455600CE.NFO,2024-08-08,10:11:00,2024-08-14,4.0,4.0,3.9,3.95,480,5490,0
BANKNIFTY14AUG2455600CE.NFO,2024-08-08,10:12:00,2024-08-14,3.95,3.95,3.85,3.85,30,5430,0
BANKNIFTY14AUG2455600CE.NFO,2024-08-08,10:13:00,2024-08-14,3.85,3.85,3.85,3.85,0,5430,0
BANKNIFTY14AUG2455600CE.NFO,2024-08-08,10:14:00,2024-08-14,3.9,4.05,3.9,4.05,495,5430,0
BANKNIFTY14AUG2455600CE.NFO,2024-08-08,10:15:00,2024-08-14,4.05,4.05,3.95,3.95,180,5430,0
BANKNIFTY14AUG2455600CE.NFO,2024-08-08,10:16:00,2024-08-14,3.95,4.0,3.9,3.95,345,5205,0
BANKNIFTY14AUG2455600CE.NFO,2024-08-08,10:17:00,2024-08-14,3.95,3.95,3.85,3.85,465,5205,0
BANKNIFTY14AUG2455600CE.NFO,2024-08-08,10:18:00,2024-08-14,3.85,3.9,3.85,3.9,15,5205,0
BANKNIFTY14AUG2455600CE.NFO,2024-08-08,10:19:00,2024-08-14,3.85,3.85,3.8,3.8,375,4470,0
BANKNIFTY14AUG2455600CE.NFO,2024-08-08,10:20:00,2024-08-14,3.8,3.8,3.8,3.8,45,4470,0
BANKNIFTY14AUG2455600CE.NFO,2024-08-08,10:21:00,2024-08-14,3.8,3.8,3.8,3.8,510,4470,0
BANKNIFTY14AUG2455600CE.NFO,2024-08-08,10:22:00,2024-08-14,3.75,3.75,3.75,3.75,180,4155,0
BANKNIFTY14AUG2455600CE.NFO,2024-08-08,10:23:00,2024-08-14,3.7,3.7,3.7,3.7,0,4155,0
BANKNIFTY14AUG2455600CE.NFO,2024-08-08,10:24:00,2024-08-14,3.7,3.75,3.7,3.75,150,4155,0
BANKNIFTY14AUG2455600CE.NFO,2024-08-08,10:25:00,2024-08-14,3.75,3.75,3.75,3.75,0,4155,0
BANKNIFTY14AUG2455600CE.NFO,2024-08-08,10:26:00,2024-08-14,3.75,3.75,3.75,3.75,0,4155,0
BANKNIFTY14AUG2455600CE.NFO,2024-08-08,10:27:00,2024-08-14,3.75,3.8,3.75,3.8,675,5235,0
BANKNIFTY14AUG2455600CE.NFO,2024-08-08,10:28:00,2024-08-14,3.8,3.8,3.7,3.7,585,5235,0
BANKNIFTY14AUG2455600CE.NFO,2024-08-08,10:29:00,2024-08-14,3.7,3.8,3.7,3.8,420,5235,0
BANKNIFTY14AUG2455600CE.NFO,2024-08-08,10:30:00,2024-08-14,3.8,3.8,3.7,3.7,120,5235,0
BANKNIFTY14AUG2455600CE.NFO,2024-08-08,10:31:00,2024-08-14,3.7,3.7,3.7,3.7,0,5235,0
BANKNIFTY14AUG2455600CE.NFO,2024-08-08,10:32:00,2024-08-14,3.7,3.75,3.7,3.75,90,6960,0
BANKNIFTY14AUG2455600CE.NFO,2024-08-08,10:33:00,2024-08-14,3.75,3.8,3.75,3.8,195,7365,0
BANKNIFTY14AUG2455600CE.NFO,2024-08-08,10:34:00,2024-08-14,3.8,3.8,3.75,3.75,180,7365,0
BANKNIFTY14AUG2455600CE.NFO,2024-08-08,10:35:00,2024-08-14,3.75,3.75,3.75,3.75,0,7365,0
BANKNIFTY14AUG2455600CE.NFO,2024-08-08,10:36:00,2024-08-14,3.75,3.75,3.75,3.75,0,7365,0
BANKNIFTY14AUG2455600CE.NFO,2024-08-08,10:37:00,2024-08-14,3.75,3.75,3.75,3.75,0,7365,0
BANKNIFTY14AUG2455600CE.NFO,2024-08-08,10:38:00,2024-08-14,3.75,3.75,3.75,3.75,15,7155,0
BANKNIFTY14AUG2455600CE.NFO,2024-08-08,10:39:00,2024-08-14,3.75,3.75,3.75,3.75,15,7155,0
BANKNIFTY14AUG2455600CE.NFO,2024-08-08,10:40:00,2024-08-14,3.75,3.75,3.75,3.75,0,7185,0
BANKNIFTY14AUG2455600CE.NFO,2024-08-08,10:41:00,2024-08-14,3.75,3.75,3.75,3.75,0,7185,0
BANKNIFTY14AUG2455600CE.NFO,2024-08-08,10:42:00,2024-08-14,3.75,3.75,3.75,3.75,0,7185,0
BANKNIFTY14AUG2455600CE.NFO,2024-08-08,10:43:00,2024-08-14,3.75,3.75,3.7,3.7,0,7305,0
BANKNIFTY14AUG2455600CE.NFO,2024-08-08,10:44:00,2024-08-14,3.7,3.7,3.65,3.65,915,7305,0
BANKNIFTY14AUG2455600CE.NFO,2024-08-08,10:45:00,2024-08-14,3.65,3.65,3.65,3.65,0,7305,0
BANKNIFTY14AUG2455600CE.NFO,2024-08-08,10:46:00,2024-08-14,3.65,3.65,3.65,3.65,0,7860,0
BANKNIFTY14AUG2455600CE.NFO,2024-08-08,10:47:00,2024-08-14,3.65,3.65,3.6,3.6,240,7860,0
BANKNIFTY14AUG2455600CE.NFO,2024-08-08,10:48:00,2024-08-14,3.6,3.6,3.55,3.55,60,7860,0
BANKNIFTY14AUG2455600CE.NFO,2024-08-08,10:49:00,2024-08-14,3.55,3.55,3.55,3.55,0,7860,0
BANKNIFTY14AUG2455600CE.NFO,2024-08-08,10:50:00,2024-08-14,3.55,3.55,3.55,3.55,0,7860,0
BANKNIFTY14AUG2455600CE.NFO,2024-08-08,10:51:00,2024-08-14,3.55,3.55,3.55,3.55,0,7860,0
BANKNIFTY14AUG2455600CE.NFO,2024-08-08,10:52:00,2024-08-14,3.55,3.55,3.55,3.55,0,7860,0
BANKNIFTY14AUG2455600CE.NFO,2024-08-08,10:53:00,2024-08-14,3.55,3.55,3.55,3.55,0,7860,0
BANKNIFTY14AUG2455600CE.NFO,2024-08-08,10:54:00,2024-08-14,3.55,3.55,3.4,3.45,45,8055,0
BANKNIFTY14AUG2455600CE.NFO,2024-08-08,10:55:00,2024-08-14,3.45,3.45,3.35,3.35,0,8055,0
BANKNIFTY14AUG2455600CE.NFO,2024-08-08,10:56:00,2024-08-14,3.35,3.4,3.35,3.4,90,8055,0
BANKNIFTY14AUG2455600CE.NFO,2024-08-08,10:57:00,2024-08-14,3.4,3.5,3.4,3.5,525,8205,0
BANKNIFTY14AUG2455600CE.NFO,2024-08-08,10:58:00,2024-08-14,3.5,3.5,3.5,3.5,0,8205,0
BANKNIFTY14AUG2455600CE.NFO,2024-08-08,10:59:00,2024-08-14,3.5,3.5,3.45,3.5,660,8205,0
BANKNIFTY14AUG2455600CE.NFO,2024-08-08,11:00:00,2024-08-14,3.5,3.55,3.5,3.55,0,8205,0
BANKNIFTY14AUG2455600CE.NFO,2024-08-08,11:01:00,2024-08-14,3.55,3.55,3.5,3.5,15,8070,0
BANKNIFTY14AUG2455600CE.NFO,2024-08-08,11:02:00,2024-08-14,3.5,3.5,3.5,3.5,60,8070,0
BANKNIFTY14AUG2455600CE.NFO,2024-08-08,11:03:00,2024-08-14,3.5,3.5,3.5,3.5,0,8070,0
BANKNIFTY14AUG2455600CE.NFO,2024-08-08,11:04:00,2024-08-14,3.5,3.5,3.5,3.5,0,8070,0
BANKNIFTY14AUG2455600CE.NFO,2024-08-08,11:05:00,2024-08-14,3.5,3.5,3.5,3.5,0,8070,0
BANKNIFTY14AUG2455600CE.NFO,2024-08-08,11:06:00,2024-08-14,3.5,3.5,3.5,3.5,0,8085,0
BANKNIFTY14AUG2455600CE.NFO,2024-08-08,11:07:00,2024-08-14,3.5,3.5,3.5,3.5,60,8055,0
BANKNIFTY14AUG2455600CE.NFO,2024-08-08,11:08:00,2024-08-14,3.5,3.5,3.5,3.5,0,8055,0
BANKNIFTY14AUG2455600CE.NFO,2024-08-08,11:09:00,2024-08-14,3.5,3.5,3.45,3.45,0,8055,0
BANKNIFTY14AUG2455600CE.NFO,2024-08-08,11:10:00,2024-08-14,3.45,3.45,3.35,3.35,135,8130,0
BANKNIFTY14AUG2455600CE.NFO,2024-08-08,11:11:00,2024-08-14,3.35,3.35,3.35,3.35,0,8130,0
BANKNIFTY14AUG2455600CE.NFO,2024-08-08,11:12:00,2024-08-14,3.35,3.35,3.3,3.3,0,8130,0
BANKNIFTY14AUG2455600CE.NFO,2024-08-08,11:13:00,2024-08-14,3.3,3.3,3.1,3.15,510,8160,0
BANKNIFTY14AUG2455600CE.NFO,2024-08-08,11:14:00,2024-08-14,3.15,3.15,3.15,3.15,0,8160,0
BANKNIFTY14AUG2455600CE.NFO,2024-08-08,11:15:00,2024-08-14,3.15,3.2,3.15,3.2,15,8160,0
BANKNIFTY14AUG2455600CE.NFO,2024-08-08,11:16:00,2024-08-14,3.2,3.2,3.2,3.2,0,7980,0
BANKNIFTY14AUG2455600CE.NFO,2024-08-08,11:17:00,2024-08-14,3.2,3.25,3.15,3.15,270,7980,0
BANKNIFTY14AUG2455600CE.NFO,2024-08-08,11:18:00,2024-08-14,3.15,3.15,3.05,3.05,525,7980,0
BANKNIFTY14AUG2455600CE.NFO,2024-08-08,11:19:00,2024-08-14,3.05,3.15,3.05,3.05,15,7890,0
BANKNIFTY14AUG2455600CE.NFO,2024-08-08,11:20:00,2024-08-14,3.05,3.15,3.05,3.15,480,7890,0
BANKNIFTY14AUG2455600CE.NFO,2024-08-08,11:21:00,2024-08-14,3.15,3.15,3.1,3.1,390,7890,0
BANKNIFTY14AUG2455600CE.NFO,2024-08-08,11:22:00,2024-08-14,3.1,3.2,3.1,3.15,585,7725,0
BANKNIFTY14AUG2455600CE.NFO,2024-08-08,11:23:00,2024-08-14,3.15,3.2,3.15,3.2,255,7725,0
BANKNIFTY14AUG2455600CE.NFO,2024-08-08,11:24:00,2024-08-14,3.2,3.25,3.2,3.25,45,7725,0
BANKNIFTY14AUG2455600CE.NFO,2024-08-08,11:25:00,2024-08-14,3.25,3.25,3.2,3.2,150,7575,0
BANKNIFTY14AUG2455600CE.NFO,2024-08-08,11:26:00,2024-08-14,3.2,3.2,3.2,3.2,0,7575,0
BANKNIFTY14AUG2455600CE.NFO,2024-08-08,11:27:00,2024-08-14,3.2,3.25,3.2,3.25,15,7575,0
BANKNIFTY14AUG2455600CE.NFO,2024-08-08,11:28:00,2024-08-14,3.25,3.25,3.2,3.2,75,7605,0
BANKNIFTY14AUG2455600CE.NFO,2024-08-08,11:29:00,2024-08-14,3.2,3.2,3.2,3.2,420,7605,0
BANKNIFTY14AUG2455600CE.NFO,2024-08-08,11:30:00,2024-08-14,3.2,3.2,3.2,3.2,0,7605,0
BANKNIFTY14AUG2455600CE.NFO,2024-08-08,11:31:00,2024-08-14,3.2,3.2,3.2,3.2,0,7605,0
BANKNIFTY14AUG2455600CE.NFO,2024-08-08,11:32:00,2024-08-14,3.2,3.2,3.2,3.2,75,7620,0
BANKNIFTY14AUG2455600CE.NFO,2024-08-08,11:33:00,2024-08-14,3.2,3.2,3.2,3.2,0,7620,0
BANKNIFTY14AUG2455600CE.NFO,2024-08-08,11:34:00,2024-08-14,3.2,3.2,3.2,3.2,0,7575,0
BANKNIFTY14AUG2455600CE.NFO,2024-08-08,11:35:00,2024-08-14,3.2,3.2,3.2,3.2,0,7575,0
BANKNIFTY14AUG2455600CE.NFO,2024-08-08,11:36:00,2024-08-14,3.2,3.2,3.15,3.15,165,7575,0
BANKNIFTY14AUG2455600CE.NFO,2024-08-08,11:37:00,2024-08-14,3.15,3.2,3.15,3.15,105,7455,0
BANKNIFTY14AUG2455600CE.NFO,2024-08-08,11:38:00,2024-08-14,3.15,3.15,3.15,3.15,0,7455,0
BANKNIFTY14AUG2455600CE.NFO,2024-08-08,11:39:00,2024-08-14,3.15,3.15,3.15,3.15,0,7455,0
BANKNIFTY14AUG2455600CE.NFO,2024-08-08,11:40:00,2024-08-14,3.15,3.2,3.15,3.2,0,7365,0
BANKNIFTY14AUG2455600CE.NFO,2024-08-08,11:41:00,2024-08-14,3.2,3.2,3.15,3.15,0,7365,0
BANKNIFTY14AUG2455600CE.NFO,2024-08-08,11:42:00,2024-08-14,3.15,3.15,3.15,3.15,0,7365,0
BANKNIFTY14AUG2455600CE.NFO,2024-08-08,11:43:00,2024-08-14,3.15,3.25,3.15,3.25,345,7365,0
BANKNIFTY14AUG2455600CE.NFO,2024-08-08,11:44:00,2024-08-14,3.25,3.25,3.25,3.25,0,7365,0
BANKNIFTY14AUG2455600CE.NFO,2024-08-08,11:45:00,2024-08-14,3.25,3.25,3.2,3.2,45,7365,0
BANKNIFTY14AUG2455600CE.NFO,2024-08-08,11:46:00,2024-08-14,3.2,3.2,3.2,3.2,30,7680,0
BANKNIFTY14AUG2455600CE.NFO,2024-08-08,11:47:00,2024-08-14,3.2,3.25,3.2,3.25,75,7680,0
BANKNIFTY14AUG2455600CE.NFO,2024-08-08,11:48:00,2024-08-14,3.25,3.25,3.25,3.25,360,7680,0
BANKNIFTY14AUG2455600CE.NFO,2024-08-08,11:49:00,2024-08-14,3.25,3.25,3.25,3.25,60,7725,0
BANKNIFTY14AUG2455600CE.NFO,2024-08-08,11:50:00,2024-08-14,3.2,3.2,3.2,3.2,0,7725,0
BANKNIFTY14AUG2455600CE.NFO,2024-08-08,11:51:00,2024-08-14,3.2,3.2,3.2,3.2,0,7725,0
BANKNIFTY14AUG2455600CE.NFO,2024-08-08,11:52:00,2024-08-14,3.2,3.2,3.2,3.2,0,7725,0
BANKNIFTY14AUG2455600CE.NFO,2024-08-08,11:53:00,2024-08-14,3.2,3.2,3.2,3.2,0,7725,0
BANKNIFTY14AUG2455600CE.NFO,2024-08-08,11:54:00,2024-08-14,3.2,3.2,3.05,3.05,45,7710,0
BANKNIFTY14AUG2455600CE.NFO,2024-08-08,11:55:00,2024-08-14,3.05,3.05,3.05,3.05,0,7710,0
BANKNIFTY14AUG2455600CE.NFO,2024-08-08,11:56:00,2024-08-14,3.05,3.05,3.05,3.05,0,7710,0
BANKNIFTY14AUG2455600CE.NFO,2024-08-08,11:57:00,2024-08-14,3.05,3.05,3.05,3.05,0,7710,0
BANKNIFTY14AUG2455600CE.NFO,2024-08-08,11:58:00,2024-08-14,3.05,3.05,3.05,3.05,0,7710,0
BANKNIFTY14AUG2455600CE.NFO,2024-08-08,11:59:00,2024-08-14,3.05,3.05,3.05,3.05,0,7710,0
BANKNIFTY14AUG2455600CE.NFO,2024-08-08,12:00:00,2024-08-14,3.05,3.05,3.05,3.05,0,7710,0
BANKNIFTY14AUG2455600CE.NFO,2024-08-08,12:01:00,2024-08-14,3.05,3.05,3.05,3.05,0,7710,0
BANKNIFTY14AUG2455600CE.NFO,2024-08-08,12:02:00,2024-08-14,3.05,3.05,3.05,3.05,0,7710,0
BANKNIFTY14AUG2455600CE.NFO,2024-08-08,12:03:00,2024-08-14,3.05,3.1,3.05,3.1,15,7710,0
BANKNIFTY14AUG2455600CE.NFO,2024-08-08,12:04:00,2024-08-14,3.1,3.1,3.1,3.1,0,7710,0
BANKNIFTY14AUG2455600CE.NFO,2024-08-08,12:05:00,2024-08-14,3.1,3.15,3.1,3.15,15,7710,0
BANKNIFTY14AUG2455600CE.NFO,2024-08-08,12:06:00,2024-08-14,3.15,3.15,3.05,3.05,405,7710,0
BANKNIFTY14AUG2455600CE.NFO,2024-08-08,12:07:00,2024-08-14,3.05,3.05,3.05,3.05,0,7710,0
BANKNIFTY14AUG2455600CE.NFO,2024-08-08,12:08:00,2024-08-14,3.05,3.05,3.05,3.05,0,7710,0
BANKNIFTY14AUG2455600CE.NFO,2024-08-08,12:09:00,2024-08-14,3.05,3.05,3.05,3.05,0,7710,0
BANKNIFTY14AUG2455600CE.NFO,2024-08-08,12:10:00,2024-08-14,3.05,3.05,2.95,2.95,60,7830,0
BANKNIFTY14AUG2455600CE.NFO,2024-08-08,12:11:00,2024-08-14,2.95,3.0,2.9,2.9,90,7830,0
BANKNIFTY14AUG2455600CE.NFO,2024-08-08,12:12:00,2024-08-14,2.9,2.9,2.9,2.9,0,7830,0
BANKNIFTY14AUG2455600CE.NFO,2024-08-08,12:13:00,2024-08-14,2.9,2.9,2.9,2.9,0,7830,0
BANKNIFTY14AUG2455600CE.NFO,2024-08-08,12:14:00,2024-08-14,2.9,2.9,2.9,2.9,0,7830,0
BANKNIFTY14AUG2455600CE.NFO,2024-08-08,12:15:00,2024-08-14,2.9,2.9,2.85,2.85,75,7950,0
BANKNIFTY14AUG2455600CE.NFO,2024-08-08,12:16:00,2024-08-14,2.85,2.85,2.85,2.85,0,8100,0
BANKNIFTY14AUG2455600CE.NFO,2024-08-08,12:17:00,2024-08-14,2.85,2.85,2.8,2.8,300,8100,0
BANKNIFTY14AUG2455600CE.NFO,2024-08-08,12:18:00,2024-08-14,2.8,2.8,2.8,2.8,75,8100,0
BANKNIFTY14AUG2455600CE.NFO,2024-08-08,12:19:00,2024-08-14,2.8,2.85,2.8,2.85,180,7830,0
BANKNIFTY14AUG2455600CE.NFO,2024-08-08,12:20:00,2024-08-14,2.85,2.85,2.8,2.85,105,7830,0
BANKNIFTY14AUG2455600CE.NFO,2024-08-08,12:21:00,2024-08-14,2.85,2.85,2.85,2.85,0,7830,0
BANKNIFTY14AUG2455600CE.NFO,2024-08-08,12:22:00,2024-08-14,2.85,2.85,2.85,2.85,0,7830,0
BANKNIFTY14AUG2455600CE.NFO,2024-08-08,12:23:00,2024-08-14,2.85,2.85,2.85,2.85,0,7740,0
BANKNIFTY14AUG2455600CE.NFO,2024-08-08,12:24:00,2024-08-14,2.85,2.85,2.85,2.85,15,7740,0
BANKNIFTY14AUG2455600CE.NFO,2024-08-08,12:25:00,2024-08-14,2.85,2.85,2.85,2.85,0,7755,0
BANKNIFTY14AUG2455600CE.NFO,2024-08-08,12:26:00,2024-08-14,2.85,2.85,2.85,2.85,0,7755,0
BANKNIFTY14AUG2455600CE.NFO,2024-08-08,12:27:00,2024-08-14,2.85,2.85,2.85,2.85,0,7755,0
BANKNIFTY14AUG2455600CE.NFO,2024-08-08,12:28:00,2024-08-14,2.85,2.85,2.85,2.85,30,7740,0
BANKNIFTY14AUG2455600CE.NFO,2024-08-08,12:29:00,2024-08-14,2.85,2.85,2.85,2.85,0,7740,0
BANKNIFTY14AUG2455600CE.NFO,2024-08-08,12:30:00,2024-08-14,2.85,2.85,2.8,2.8,15,7740,0
BANKNIFTY14AUG2455600CE.NFO,2024-08-08,12:31:00,2024-08-14,2.8,2.8,2.8,2.8,0,7740,0
BANKNIFTY14AUG2455600CE.NFO,2024-08-08,12:32:00,2024-08-14,2.8,2.8,2.8,2.8,0,7740,0
BANKNIFTY14AUG2455600CE.NFO,2024-08-08,12:33:00,2024-08-14,2.8,2.8,2.65,2.65,315,7785,0
BANKNIFTY14AUG2455600CE.NFO,2024-08-08,12:34:00,2024-08-14,2.65,2.65,2.6,2.6,1350,8730,0
BANKNIFTY14AUG2455600CE.NFO,2024-08-08,12:35:00,2024-08-14,2.6,2.65,2.6,2.6,105,8730,0
BANKNIFTY14AUG2455600CE.NFO,2024-08-08,12:36:00,2024-08-14,2.6,2.6,2.6,2.6,0,8730,0
BANKNIFTY14AUG2455600CE.NFO,2024-08-08,12:37:00,2024-08-14,2.6,2.6,2.6,2.6,0,8730,0
BANKNIFTY14AUG2455600CE.NFO,2024-08-08,12:38:00,2024-08-14,2.6,2.6,2.6,2.6,0,8730,0
BANKNIFTY14AUG2455600CE.NFO,2024-08-08,12:39:00,2024-08-14,2.6,2.6,2.6,2.6,0,8730,0
BANKNIFTY14AUG2455600CE.NFO,2024-08-08,12:40:00,2024-08-14,2.6,2.6,2.6,2.6,0,7875,0
BANKNIFTY14AUG2455600CE.NFO,2024-08-08,12:41:00,2024-08-14,2.6,2.6,2.6,2.6,15,7875,0
BANKNIFTY14AUG2455600CE.NFO,2024-08-08,12:42:00,2024-08-14,2.6,2.6,2.6,2.6,0,7875,0
BANKNIFTY14AUG2455600CE.NFO,2024-08-08,12:43:00,2024-08-14,2.6,2.6,2.6,2.6,0,7875,0
BANKNIFTY14AUG2455600CE.NFO,2024-08-08,12:44:00,2024-08-14,2.6,2.6,2.6,2.6,0,7875,0
BANKNIFTY14AUG2455600CE.NFO,2024-08-08,12:45:00,2024-08-14,2.6,2.6,2.6,2.6,0,8010,0
BANKNIFTY14AUG2455600CE.NFO,2024-08-08,12:46:00,2024-08-14,2.6,2.6,2.6,2.6,0,8010,0
BANKNIFTY14AUG2455600CE.NFO,2024-08-08,12:47:00,2024-08-14,2.6,2.6,2.6,2.6,15,8025,0
BANKNIFTY14AUG2455600CE.NFO,2024-08-08,12:48:00,2024-08-14,2.6,2.6,2.6,2.6,0,8025,0
BANKNIFTY14AUG2455600CE.NFO,2024-08-08,12:49:00,2024-08-14,2.6,2.6,2.6,2.6,75,8025,0
BANKNIFTY14AUG2455600CE.NFO,2024-08-08,12:50:00,2024-08-14,2.6,2.75,2.6,2.75,300,8025,0
BANKNIFTY14AUG2455600CE.NFO,2024-08-08,12:51:00,2024-08-14,2.75,2.75,2.75,2.75,45,8025,0
BANKNIFTY14AUG2455600CE.NFO,2024-08-08,12:52:00,2024-08-14,2.75,2.75,2.75,2.75,0,7890,0
BANKNIFTY14AUG2455600CE.NFO,2024-08-08,12:53:00,2024-08-14,2.75,2.75,2.75,2.75,0,7890,0
BANKNIFTY14AUG2455600CE.NFO,2024-08-08,12:54:00,2024-08-14,2.75,2.75,2.75,2.75,0,7890,0
BANKNIFTY14AUG2455600CE.NFO,2024-08-08,12:55:00,2024-08-14,2.75,2.75,2.75,2.75,30,7890,0
BANKNIFTY14AUG2455600CE.NFO,2024-08-08,12:56:00,2024-08-14,2.75,2.75,2.75,2.75,15,7890,0
BANKNIFTY14AUG2455600CE.NFO,2024-08-08,12:57:00,2024-08-14,2.75,2.75,2.75,2.75,165,7890,0
BANKNIFTY14AUG2455600CE.NFO,2024-08-08,12:58:00,2024-08-14,2.75,2.8,2.75,2.8,165,7890,0
BANKNIFTY14AUG2455600CE.NFO,2024-08-08,12:59:00,2024-08-14,2.8,2.8,2.75,2.75,1125,7890,0
BANKNIFTY14AUG2455600CE.NFO,2024-08-08,13:00:00,2024-08-14,2.75,2.75,2.75,2.75,1125,7890,1
BANKNIFTY14AUG2455600CE.NFO,2024-08-08,13:01:00,2024-08-14,2.65,2.75,2.65,2.75,120,7920,0
BANKNIFTY14AUG2455600CE.NFO,2024-08-08,13:02:00,2024-08-14,2.75,2.75,2.75,2.75,330,7920,0
BANKNIFTY14AUG2455600CE.NFO,2024-08-08,13:03:00,2024-08-14,2.75,2.75,2.75,2.75,0,7920,0
BANKNIFTY14AUG2455600CE.NFO,2024-08-08,13:04:00,2024-08-14,2.75,2.75,2.7,2.7,45,7320,0
BANKNIFTY14AUG2455600CE.NFO,2024-08-08,13:05:00,2024-08-14,2.7,2.7,2.7,2.7,0,7320,0
BANKNIFTY14AUG2455600CE.NFO,2024-08-08,13:06:00,2024-08-14,2.7,2.7,2.7,2.7,0,7320,0
BANKNIFTY14AUG2455600CE.NFO,2024-08-08,13:07:00,2024-08-14,2.7,2.75,2.7,2.75,30,7365,0
BANKNIFTY14AUG2455600CE.NFO,2024-08-08,13:08:00,2024-08-14,2.75,2.75,2.75,2.75,75,7365,0
BANKNIFTY14AUG2455600CE.NFO,2024-08-08,13:09:00,2024-08-14,2.75,2.75,2.75,2.75,675,7365,0
BANKNIFTY14AUG2455600CE.NFO,2024-08-08,13:10:00,2024-08-14,2.75,2.8,2.75,2.75,30,6540,0
BANKNIFTY14AUG2455600CE.NFO,2024-08-08,13:11:00,2024-08-14,2.75,2.75,2.75,2.75,0,6540,0
BANKNIFTY14AUG2455600CE.NFO,2024-08-08,13:12:00,2024-08-14,2.75,2.85,2.75,2.85,30,6540,0
BANKNIFTY14AUG2455600CE.NFO,2024-08-08,13:13:00,2024-08-14,2.85,2.9,2.85,2.9,0,6540,0
BANKNIFTY14AUG2455600CE.NFO,2024-08-08,13:14:00,2024-08-14,2.8,2.8,2.8,2.8,0,6585,0
BANKNIFTY14AUG2455600CE.NFO,2024-08-08,13:15:00,2024-08-14,2.8,2.8,2.8,2.8,450,6585,0
BANKNIFTY14AUG2455600CE.NFO,2024-08-08,13:16:00,2024-08-14,2.8,2.8,2.8,2.8,300,7110,0
BANKNIFTY14AUG2455600CE.NFO,2024-08-08,13:17:00,2024-08-14,2.8,2.8,2.8,2.8,150,7110,0
BANKNIFTY14AUG2455600CE.NFO,2024-08-08,13:18:00,2024-08-14,2.8,2.8,2.75,2.75,0,7110,0
BANKNIFTY14AUG2455600CE.NFO,2024-08-08,13:19:00,2024-08-14,2.75,2.75,2.75,2.75,0,7110,0
BANKNIFTY14AUG2455600CE.NFO,2024-08-08,13:20:00,2024-08-14,2.75,2.75,2.75,2.75,60,7380,0
BANKNIFTY14AUG2455600CE.NFO,2024-08-08,13:21:00,2024-08-14,2.75,2.75,2.7,2.7,0,7380,0
BANKNIFTY14AUG2455600CE.NFO,2024-08-08,13:22:00,2024-08-14,2.7,2.7,2.7,2.7,0,7380,0
BANKNIFTY14AUG2455600CE.NFO,2024-08-08,13:23:00,2024-08-14,2.8,2.8,2.65,2.65,45,7395,0
BANKNIFTY14AUG2455600CE.NFO,2024-08-08,13:24:00,2024-08-14,2.65,2.65,2.65,2.65,0,7395,0
BANKNIFTY14AUG2455600CE.NFO,2024-08-08,13:25:00,2024-08-14,2.65,2.65,2.65,2.65,0,7395,0
BANKNIFTY14AUG2455600CE.NFO,2024-08-08,13:26:00,2024-08-14,2.65,2.65,2.65,2.65,0,7425,0
BANKNIFTY14AUG2455600CE.NFO,2024-08-08,13:27:00,2024-08-14,2.65,2.65,2.65,2.65,0,7425,0
BANKNIFTY14AUG2455600CE.NFO,2024-08-08,13:28:00,2024-08-14,2.65,2.65,2.65,2.65,0,7425,1
BANKNIFTY14AUG2455600CE.NFO,2024-08-08,13:29:00,2024-08-14,2.65,3.05,2.6,3.05,480,7425,0
BANKNIFTY14AUG2455600CE.NFO,2024-08-08,13:30:00,2024-08-14,3.05,3.05,2.65,2.65,75,7425,0
BANKNIFTY14AUG2455600CE.NFO,2024-08-08,13:31:00,2024-08-14,2.65,2.7,2.65,2.7,15,7425,0
BANKNIFTY14AUG2455600CE.NFO,2024-08-08,13:32:00,2024-08-14,2.7,2.7,2.7,2.7,0,7425,0
BANKNIFTY14AUG2455600CE.NFO,2024-08-08,13:33:00,2024-08-14,2.7,2.7,2.7,2.7,0,7425,0
BANKNIFTY14AUG2455600CE.NFO,2024-08-08,13:34:00,2024-08-14,2.75,2.75,2.75,2.75,30,7725,0
BANKNIFTY14AUG2455600CE.NFO,2024-08-08,13:35:00,2024-08-14,2.75,2.75,2.75,2.75,0,7725,0
BANKNIFTY14AUG2455600CE.NFO,2024-08-08,13:36:00,2024-08-14,2.7,2.7,2.7,2.7,30,7725,0
BANKNIFTY14AUG2455600CE.NFO,2024-08-08,13:37:00,2024-08-14,2.7,2.7,2.7,2.7,0,7725,0
BANKNIFTY14AUG2455600CE.NFO,2024-08-08,13:38:00,2024-08-14,2.7,2.7,2.7,2.7,15,7725,0
BANKNIFTY14AUG2455600CE.NFO,2024-08-08,13:39:00,2024-08-14,2.7,2.7,2.7,2.7,0,7725,0
BANKNIFTY14AUG2455600CE.NFO,2024-08-08,13:40:00,2024-08-14,2.7,2.7,2.7,2.7,0,7725,0
BANKNIFTY14AUG2455600CE.NFO,2024-08-08,13:41:00,2024-08-14,2.7,2.7,2.7,2.7,0,7725,0
BANKNIFTY14AUG2455600CE.NFO,2024-08-08,13:42:00,2024-08-14,2.7,2.7,2.7,2.7,0,7725,0
BANKNIFTY14AUG2455600CE.NFO,2024-08-08,13:43:00,2024-08-14,2.7,2.75,2.7,2.75,0,7725,0
BANKNIFTY14AUG2455600CE.NFO,2024-08-08,13:44:00,2024-08-14,2.75,2.75,2.75,2.75,30,7725,0
BANKNIFTY14AUG2455600CE.NFO,2024-08-08,13:45:00,2024-08-14,2.75,2.75,2.75,2.75,0,7725,0
BANKNIFTY14AUG2455600CE.NFO,2024-08-08,13:46:00,2024-08-14,2.75,2.75,2.75,2.75,0,7725,0
BANKNIFTY14AUG2455600CE.NFO,2024-08-08,13:47:00,2024-08-14,2.75,2.75,2.75,2.75,0,7725,0
BANKNIFTY14AUG2455600CE.NFO,2024-08-08,13:48:00,2024-08-14,2.75,2.75,2.75,2.75,0,7725,0
BANKNIFTY14AUG2455600CE.NFO,2024-08-08,13:49:00,2024-08-14,2.75,2.75,2.75,2.75,0,7725,0
BANKNIFTY14AUG2455600CE.NFO,2024-08-08,13:50:00,2024-08-14,2.75,2.75,2.75,2.75,0,7725,0
BANKNIFTY14AUG2455600CE.NFO,2024-08-08,13:51:00,2024-08-14,2.65,2.7,2.65,2.65,15,7710,0
BANKNIFTY14AUG2455600CE.NFO,2024-08-08,13:52:00,2024-08-14,2.65,2.65,2.65,2.65,75,7710,0
BANKNIFTY14AUG2455600CE.NFO,2024-08-08,13:53:00,2024-08-14,2.65,2.65,2.65,2.65,0,7725,0
BANKNIFTY14AUG2455600CE.NFO,2024-08-08,13:54:00,2024-08-14,2.65,2.65,2.65,2.65,0,7725,0
BANKNIFTY14AUG2455600CE.NFO,2024-08-08,13:55:00,2024-08-14,2.6,2.6,2.6,2.6,0,7755,0
BANKNIFTY14AUG2455600CE.NFO,2024-08-08,13:56:00,2024-08-14,2.65,2.65,2.65,2.65,0,7755,0
BANKNIFTY14AUG2455600CE.NFO,2024-08-08,13:57:00,2024-08-14,2.65,2.65,2.65,2.65,0,7755,0
BANKNIFTY14AUG2455600CE.NFO,2024-08-08,13:58:00,2024-08-14,2.65,2.7,2.65,2.7,15,7740,0
BANKNIFTY14AUG2455600CE.NFO,2024-08-08,13:59:00,2024-08-14,2.7,2.7,2.7,2.7,30,7740,0
BANKNIFTY14AUG2455600CE.NFO,2024-08-08,14:00:00,2024-08-14,2.7,2.7,2.7,2.7,45,7740,0
BANKNIFTY14AUG2455600CE.NFO,2024-08-08,14:01:00,2024-08-14,2.7,2.7,2.7,2.7,0,7740,0
BANKNIFTY14AUG2455600CE.NFO,2024-08-08,14:02:00,2024-08-14,2.7,2.75,2.7,2.75,45,7755,0
BANKNIFTY14AUG2455600CE.NFO,2024-08-08,14:03:00,2024-08-14,2.75,2.75,2.75,2.75,0,7755,0
BANKNIFTY14AUG2455600CE.NFO,2024-08-08,14:04:00,2024-08-14,2.75,2.75,2.75,2.75,0,7755,0
BANKNIFTY14AUG2455600CE.NFO,2024-08-08,14:05:00,2024-08-14,2.75,2.75,2.75,2.75,0,7755,0
BANKNIFTY14AUG2455600CE.NFO,2024-08-08,14:06:00,2024-08-14,2.75,2.75,2.75,2.75,0,7755,0
BANKNIFTY14AUG2455600CE.NFO,2024-08-08,14:07:00,2024-08-14,2.7,2.7,2.7,2.7,30,7755,0
BANKNIFTY14AUG2455600CE.NFO,2024-08-08,14:08:00,2024-08-14,2.7,2.7,2.7,2.7,0,7755,0
BANKNIFTY14AUG2455600CE.NFO,2024-08-08,14:09:00,2024-08-14,2.7,2.7,2.7,2.7,0,7755,0
BANKNIFTY14AUG2455600CE.NFO,2024-08-08,14:10:00,2024-08-14,2.7,2.7,2.7,2.7,0,7755,0
BANKNIFTY14AUG2455600CE.NFO,2024-08-08,14:11:00,2024-08-14,2.7,2.7,2.7,2.7,30,7755,0
BANKNIFTY14AUG2455600CE.NFO,2024-08-08,14:12:00,2024-08-14,2.7,2.7,2.7,2.7,0,7755,0
BANKNIFTY14AUG2455600CE.NFO,2024-08-08,14:13:00,2024-08-14,2.7,2.7,2.65,2.65,0,7785,0
BANKNIFTY14AUG2455600CE.NFO,2024-08-08,14:14:00,2024-08-14,2.65,2.65,2.65,2.65,0,7785,0
BANKNIFTY14AUG2455600CE.NFO,2024-08-08,14:15:00,2024-08-14,2.65,2.65,2.65,2.65,0,7785,0
BANKNIFTY14AUG2455600CE.NFO,2024-08-08,14:16:00,2024-08-14,2.65,2.65,2.65,2.65,0,7785,0
BANKNIFTY14AUG2455600CE.NFO,2024-08-08,14:17:00,2024-08-14,2.7,2.7,2.65,2.65,15,7755,0
BANKNIFTY14AUG2455600CE.NFO,2024-08-08,14:18:00,2024-08-14,2.65,2.65,2.65,2.65,0,7755,0
BANKNIFTY14AUG2455600CE.NFO,2024-08-08,14:19:00,2024-08-14,2.65,2.65,2.65,2.65,0,7755,1
BANKNIFTY14AUG2455600CE.NFO,2024-08-08,14:20:00,2024-08-14,2.65,2.65,2.65,2.65,0,7755,1
BANKNIFTY14AUG2455600CE.NFO,2024-08-08,14:21:00,2024-08-14,2.65,2.65,2.65,2.65,0,7755,1
BANKNIFTY14AUG2455600CE.NFO,2024-08-08,14:22:00,2024-08-14,2.65,2.65,2.65,2.65,0,7755,1
BANKNIFTY14AUG2455600CE.NFO,2024-08-08,14:23:00,2024-08-14,2.65,2.65,2.65,2.65,0,7755,1
BANKNIFTY14AUG2455600CE.NFO,2024-08-08,14:24:00,2024-08-14,2.65,2.65,2.65,2.65,0,7755,1
BANKNIFTY14AUG2455600CE.NFO,2024-08-08,14:25:00,2024-08-14,2.65,2.75,2.65,2.75,0,7755,0
BANKNIFTY14AUG2455600CE.NFO,2024-08-08,14:26:00,2024-08-14,2.75,2.75,2.65,2.65,0,7755,0
BANKNIFTY14AUG2455600CE.NFO,2024-08-08,14:27:00,2024-08-14,2.65,2.65,2.65,2.65,0,7755,0
BANKNIFTY14AUG2455600CE.NFO,2024-08-08,14:28:00,2024-08-14,2.65,2.65,2.65,2.65,0,7755,0
BANKNIFTY14AUG2455600CE.NFO,2024-08-08,14:29:00,2024-08-14,2.65,2.65,2.6,2.65,45,7935,0
BANKNIFTY14AUG2455600CE.NFO,2024-08-08,14:30:00,2024-08-14,2.65,2.65,2.65,2.65,90,7935,0
BANKNIFTY14AUG2455600CE.NFO,2024-08-08,14:31:00,2024-08-14,2.5,2.5,2.5,2.5,300,7920,0
BANKNIFTY14AUG2455600CE.NFO,2024-08-08,14:32:00,2024-08-14,2.5,2.5,2.5,2.5,0,7920,0
BANKNIFTY14AUG2455600CE.NFO,2024-08-08,14:33:00,2024-08-14,2.65,2.65,2.6,2.6,0,7920,0
BANKNIFTY14AUG2455600CE.NFO,2024-08-08,14:34:00,2024-08-14,2.6,2.6,2.6,2.6,0,7920,0
BANKNIFTY14AUG2455600CE.NFO,2024-08-08,14:35:00,2024-08-14,2.6,2.65,2.6,2.65,60,7695,0
BANKNIFTY14AUG2455600CE.NFO,2024-08-08,14:36:00,2024-08-14,2.65,2.65,2.65,2.65,0,7695,0
BANKNIFTY14AUG2455600CE.NFO,2024-08-08,14:37:00,2024-08-14,2.65,2.65,2.65,2.65,0,7695,0
BANKNIFTY14AUG2455600CE.NFO,2024-08-08,14:38:00,2024-08-14,2.65,2.65,2.65,2.65,0,7695,0
BANKNIFTY14AUG2455600CE.NFO,2024-08-08,14:39:00,2024-08-14,2.65,2.65,2.65,2.65,0,7695,0
BANKNIFTY14AUG2455600CE.NFO,2024-08-08,14:40:00,2024-08-14,2.65,2.65,2.65,2.65,0,7695,0
BANKNIFTY14AUG2455600CE.NFO,2024-08-08,14:41:00,2024-08-14,2.65,2.65,2.65,2.65,0,7695,0
BANKNIFTY14AUG2455600CE.NFO,2024-08-08,14:42:00,2024-08-14,2.65,2.65,2.65,2.65,0,7695,0
BANKNIFTY14AUG2455600CE.NFO,2024-08-08,14:43:00,2024-08-14,2.65,2.65,2.65,2.65,15,7710,0
BANKNIFTY14AUG2455600CE.NFO,2024-08-08,14:44:00,2024-08-14,2.65,2.65,2.65,2.65,0,7710,0
BANKNIFTY14AUG2455600CE.NFO,2024-08-08,14:45:00,2024-08-14,2.65,2.7,2.65,2.7,330,7680,0
BANKNIFTY14AUG2455600CE.NFO,2024-08-08,14:46:00,2024-08-14,2.7,2.7,2.7,2.7,0,7680,0
BANKNIFTY14AUG2455600CE.NFO,2024-08-08,14:47:00,2024-08-14,2.7,2.7,2.65,2.65,30,7890,0
BANKNIFTY14AUG2455600CE.NFO,2024-08-08,14:48:00,2024-08-14,2.65,2.65,2.65,2.65,0,7890,0
BANKNIFTY14AUG2455600CE.NFO,2024-08-08,14:49:00,2024-08-14,2.65,2.65,2.65,2.65,0,7890,0
BANKNIFTY14AUG2455600CE.NFO,2024-08-08,14:50:00,2024-08-14,2.65,2.65,2.65,2.65,0,7890,0
BANKNIFTY14AUG2455600CE.NFO,2024-08-08,14:51:00,2024-08-14,2.65,2.65,2.6,2.6,15,7920,0
BANKNIFTY14AUG2455600CE.NFO,2024-08-08,14:52:00,2024-08-14,2.6,2.6,2.6,2.6,0,7920,0
BANKNIFTY14AUG2455600CE.NFO,2024-08-08,14:53:00,2024-08-14,2.6,2.6,2.55,2.55,150,7935,0
BANKNIFTY14AUG2455600CE.NFO,2024-08-08,14:54:00,2024-08-14,2.55,2.6,2.55,2.6,90,7935,0
BANKNIFTY14AUG2455600CE.NFO,2024-08-08,14:55:00,2024-08-14,2.6,2.6,2.6,2.6,0,7935,0
BANKNIFTY14AUG2455600CE.NFO,2024-08-08,14:56:00,2024-08-14,2.6,2.6,2.6,2.6,0,7935,0
BANKNIFTY14AUG2455600CE.NFO,2024-08-08,14:57:00,2024-08-14,2.6,2.65,2.6,2.65,45,7710,0
BANKNIFTY14AUG2455600CE.NFO,2024-08-08,14:58:00,2024-08-14,2.65,2.7,2.65,2.7,180,7635,0
BANKNIFTY14AUG2455600CE.NFO,2024-08-08,14:59:00,2024-08-14,2.7,2.7,2.7,2.7,0,7635,0
BANKNIFTY14AUG2455600CE.NFO,2024-08-08,15:00:00,2024-08-14,2.7,2.7,2.7,2.7,0,7635,0
BANKNIFTY14AUG2455600CE.NFO,2024-08-08,15:01:00,2024-08-14,2.8,2.8,2.8,2.8,600,7635,0
BANKNIFTY14AUG2455600CE.NFO,2024-08-08,15:02:00,2024-08-14,2.8,2.8,2.8,2.8,0,7635,0
BANKNIFTY14AUG2455600CE.NFO,2024-08-08,15:03:00,2024-08-14,2.8,2.8,2.65,2.65,15,8250,0
BANKNIFTY14AUG2455600CE.NFO,2024-08-08,15:04:00,2024-08-14,2.65,2.65,2.65,2.65,0,8250,0
BANKNIFTY14AUG2455600CE.NFO,2024-08-08,15:05:00,2024-08-14,2.65,2.65,2.65,2.65,0,8265,0
BANKNIFTY14AUG2455600CE.NFO,2024-08-08,15:06:00,2024-08-14,2.65,2.7,2.65,2.7,0,8265,0
BANKNIFTY14AUG2455600CE.NFO,2024-08-08,15:07:00,2024-08-14,2.7,2.7,2.7,2.7,0,8265,0
BANKNIFTY14AUG2455600CE.NFO,2024-08-08,15:08:00,2024-08-14,2.7,2.7,2.7,2.7,0,8265,0
BANKNIFTY14AUG2455600CE.NFO,2024-08-08,15:09:00,2024-08-14,2.7,2.7,2.7,2.7,45,7950,0
BANKNIFTY14AUG2455600CE.NFO,2024-08-08,15:10:00,2024-08-14,2.75,2.75,2.75,2.75,0,7950,0
BANKNIFTY14AUG2455600CE.NFO,2024-08-08,15:11:00,2024-08-14,2.75,2.75,2.75,2.75,0,7950,0
BANKNIFTY14AUG2455600CE.NFO,2024-08-08,15:12:00,2024-08-14,2.75,2.75,2.75,2.75,0,7950,0
BANKNIFTY14AUG2455600CE.NFO,2024-08-08,15:13:00,2024-08-14,2.75,2.75,2.65,2.65,0,7800,0
BANKNIFTY14AUG2455600CE.NFO,2024-08-08,15:14:00,2024-08-14,2.7,2.7,2.65,2.65,0,7740,0
BANKNIFTY14AUG2455600CE.NFO,2024-08-08,15:15:00,2024-08-14,2.65,2.65,2.6,2.65,0,7740,0
BANKNIFTY14AUG2455600CE.NFO,2024-08-08,15:16:00,2024-08-14,2.65,2.7,2.6,2.6,105,7740,0
BANKNIFTY14AUG2455600CE.NFO,2024-08-08,15:17:00,2024-08-14,2.6,2.6,2.6,2.6,300,6900,0
BANKNIFTY14AUG2455600CE.NFO,2024-08-08,15:18:00,2024-08-14,2.6,2.6,2.6,2.6,0,6900,0
BANKNIFTY14AUG2455600CE.NFO,2024-08-08,15:19:00,2024-08-14,2.6,2.65,2.6,2.65,120,6900,0
BANKNIFTY14AUG2455600CE.NFO,2024-08-08,15:20:00,2024-08-14,2.65,2.7,2.65,2.7,90,6900,0
BANKNIFTY14AUG2455600CE.NFO,2024-08-08,15:21:00,2024-08-14,2.7,2.7,2.7,2.7,60,6900,0
BANKNIFTY14AUG2455600CE.NFO,2024-08-08,15:22:00,2024-08-14,2.7,2.7,2.6,2.6,3735,6900,0
BANKNIFTY14AUG2455600CE.NFO,2024-08-08,15:23:00,2024-08-14,2.6,2.7,2.6,2.65,180,4950,0
BANKNIFTY14AUG2455600CE.NFO,2024-08-08,15:24:00,2024-08-14,2.65,2.7,2.65,2.7,255,4950,0
BANKNIFTY14AUG2455600CE.NFO,2024-08-08,15:25:00,2024-08-14,2.65,2.8,2.65,2.8,720,4950,0
BANKNIFTY14AUG2455600CE.NFO,2024-08-08,15:26:00,2024-08-14,2.8,2.85,2.75,2.8,150,4530,0
BANKNIFTY14AUG2455600CE.NFO,2024-08-08,15:27:00,2024-08-14,2.8,2.8,2.75,2.75,90,4530,0
BANKNIFTY14AUG2455600CE.NFO,2024-08-08,15:28:00,2024-08-14,2.7,2.75,2.7,2.75,45,4530,0
BANKNIFTY14AUG2455600CE.NFO,2024-08-08,15:29:00,2024-08-14,2.75,2.75,2.6,2.6,315,4350,0
BANKNIFTY14AUG2455600CE.NFO,2024-08-08,15:30:00,2024-08-14,2.6,2.6,2.6,2.6,315,4350,1
BANKNIFTY14AUG2455600CE.NFO,2024-08-09,09:15:00,2024-08-14,2.6,2.8,2.0,2.1,465,4095,0
BANKNIFTY14AUG2455600CE.NFO,2024-08-09,09:16:00,2024-08-14,2.1,2.35,2.1,2.35,120,4095,0
BANKNIFTY14AUG2455600CE.NFO,2024-08-09,09:17:00,2024-08-14,2.35,2.35,2.15,2.2,210,4095,0
BANKNIFTY14AUG2455600CE.NFO,2024-08-09,09:18:00,2024-08-14,2.2,3.7,2.2,2.4,0,4815,0
BANKNIFTY14AUG2455600CE.NFO,2024-08-09,09:19:00,2024-08-14,2.4,2.45,2.4,2.45,30,4815,0
BANKNIFTY14AUG2455600CE.NFO,2024-08-09,09:20:00,2024-08-14,2.45,2.45,2.4,2.4,75,4815,0
BANKNIFTY14AUG2455600CE.NFO,2024-08-09,09:21:00,2024-08-14,2.4,2.4,2.4,2.4,0,4815,0
BANKNIFTY14AUG2455600CE.NFO,2024-08-09,09:22:00,2024-08-14,2.25,2.45,2.25,2.45,90,4860,0
BANKNIFTY14AUG2455600CE.NFO,2024-08-09,09:23:00,2024-08-14,2.45,2.45,2.3,2.35,45,4860,0
BANKNIFTY14AUG2455600CE.NFO,2024-08-09,09:24:00,2024-08-14,2.35,2.35,2.3,2.3,150,4890,0
BANKNIFTY14AUG2455600CE.NFO,2024-08-09,09:25:00,2024-08-14,2.3,2.3,2.3,2.3,45,4890,0
BANKNIFTY14AUG2455600CE.NFO,2024-08-09,09:26:00,2024-08-14,2.3,2.3,2.3,2.3,120,4890,0
BANKNIFTY14AUG2455600CE.NFO,2024-08-09,09:27:00,2024-08-14,2.3,2.35,2.3,2.35,150,5025,0
BANKNIFTY14AUG2455600CE.NFO,2024-08-09,09:28:00,2024-08-14,2.35,2.35,2.35,2.35,0,5025,0
BANKNIFTY14AUG2455600CE.NFO,2024-08-09,09:29:00,2024-08-14,2.35,2.35,2.35,2.35,0,5025,0
BANKNIFTY14AUG2455600CE.NFO,2024-08-09,09:30:00,2024-08-14,2.35,2.35,2.25,2.25,90,5175,0
BANKNIFTY14AUG2455600CE.NFO,2024-08-09,09:31:00,2024-08-14,2.25,2.25,2.25,2.25,0,5175,0
BANKNIFTY14AUG2455600CE.NFO,2024-08-09,09:32:00,2024-08-14,2.25,2.25,2.25,2.25,15,5175,0
BANKNIFTY14AUG2455600CE.NFO,2024-08-09,09:33:00,2024-08-14,2.25,2.25,2.2,2.2,345,5085,0
BANKNIFTY14AUG2455600CE.NFO,2024-08-09,09:34:00,2024-08-14,2.2,2.2,2.1,2.1,930,5085,0
BANKNIFTY14AUG2455600CE.NFO,2024-08-09,09:35:00,2024-08-14,2.1,2.2,2.1,2.15,630,5085,0
BANKNIFTY14AUG2455600CE.NFO,2024-08-09,09:36:00,2024-08-14,2.15,2.15,2.15,2.15,0,5085,0
BANKNIFTY14AUG2455600CE.NFO,2024-08-09,09:37:00,2024-08-14,2.15,2.15,2.1,2.1,210,5265,0
BANKNIFTY14AUG2455600CE.NFO,2024-08-09,09:38:00,2024-08-14,2.1,2.1,2.1,2.1,0,5265,0
BANKNIFTY14AUG2455600CE.NFO,2024-08-09,09:39:00,2024-08-14,2.1,2.1,2.0,2.0,90,5340,0
BANKNIFTY14AUG2455600CE.NFO,2024-08-09,09:40:00,2024-08-14,2.0,2.0,1.9,1.9,330,5340,0
BANKNIFTY14AUG2455600CE.NFO,2024-08-09,09:41:00,2024-08-14,1.9,1.9,1.85,1.85,240,5340,0
BANKNIFTY14AUG2455600CE.NFO,2024-08-09,09:42:00,2024-08-14,1.85,1.85,1.8,1.85,45,5385,0
BANKNIFTY14AUG2455600CE.NFO,2024-08-09,09:43:00,2024-08-14,1.85,1.85,1.85,1.85,135,5385,0
BANKNIFTY14AUG2455600CE.NFO,2024-08-09,09:44:00,2024-08-14,1.85,1.85,1.8,1.85,555,5385,0
BANKNIFTY14AUG2455600CE.NFO,2024-08-09,09:45:00,2024-08-14,1.85,1.85,1.8,1.8,90,5385,0
BANKNIFTY14AUG2455600CE.NFO,2024-08-09,09:46:00,2024-08-14,1.8,1.8,1.8,1.8,0,5385,0
BANKNIFTY14AUG2455600CE.NFO,2024-08-09,09:47:00,2024-08-14,1.8,1.8,1.7,1.75,540,5445,0
BANKNIFTY14AUG2455600CE.NFO,2024-08-09,09:48:00,2024-08-14,1.75,1.75,1.7,1.7,0,5100,0
BANKNIFTY14AUG2455600CE.NFO,2024-08-09,09:49:00,2024-08-14,1.7,1.7,1.7,1.7,0,5100,0
BANKNIFTY14AUG2455600CE.NFO,2024-08-09,09:50:00,2024-08-14,1.7,1.7,1.7,1.7,0,5100,0
BANKNIFTY14AUG2455600CE.NFO,2024-08-09,09:51:00,2024-08-14,1.7,1.7,1.7,1.7,0,5100,0
BANKNIFTY14AUG2455600CE.NFO,2024-08-09,09:52:00,2024-08-14,1.7,1.7,1.7,1.7,0,5100,1
BANKNIFTY14AUG2455600CE.NFO,2024-08-09,09:53:00,2024-08-14,1.7,1.7,1.7,1.7,90,5085,0
BANKNIFTY14AUG2455600CE.NFO,2024-08-09,09:54:00,2024-08-14,1.7,1.7,1.7,1.7,0,5085,0
BANKNIFTY14AUG2455600CE.NFO,2024-08-09,09:55:00,2024-08-14,1.7,1.7,1.7,1.7,0,5085,0
BANKNIFTY14AUG2455600CE.NFO,2024-08-09,09:56:00,2024-08-14,1.7,1.7,1.7,1.7,0,5085,0
BANKNIFTY14AUG2455600CE.NFO,2024-08-09,09:57:00,2024-08-14,1.7,1.7,1.7,1.7,0,5085,0
BANKNIFTY14AUG2455600CE.NFO,2024-08-09,09:58:00,2024-08-14,1.7,1.7,1.7,1.7,0,5085,1
BANKNIFTY14AUG2455600CE.NFO,2024-08-09,09:59:00,2024-08-14,1.7,1.7,1.7,1.7,0,5085,1
BANKNIFTY14AUG2455600CE.NFO,2024-08-09,10:00:00,2024-08-14,1.7,1.7,1.7,1.7,0,5085,0
BANKNIFTY14AUG2455600CE.NFO,2024-08-09,10:01:00,2024-08-14,1.7,1.7,1.7,1.7,0,5085,0
BANKNIFTY14AUG2455600CE.NFO,2024-08-09,10:02:00,2024-08-14,1.7,1.7,1.7,1.7,0,5085,1
BANKNIFTY14AUG2455600CE.NFO,2024-08-09,10:03:00,2024-08-14,1.75,1.75,1.75,1.75,1050,5055,0
BANKNIFTY14AUG2455600CE.NFO,2024-08-09,10:04:00,2024-08-14,1.75,1.8,1.7,1.7,1845,5055,0
BANKNIFTY14AUG2455600CE.NFO,2024-08-09,10:05:00,2024-08-14,1.7,1.7,1.7,1.7,0,5055,0
BANKNIFTY14AUG2455600CE.NFO,2024-08-09,10:06:00,2024-08-14,1.7,1.7,1.65,1.65,0,4680,0
BANKNIFTY14AUG2455600CE.NFO,2024-08-09,10:07:00,2024-08-14,1.65,1.65,1.65,1.65,0,4680,0
BANKNIFTY14AUG2455600CE.NFO,2024-08-09,10:08:00,2024-08-14,1.65,1.7,1.65,1.7,0,4680,0
BANKNIFTY14AUG2455600CE.NFO,2024-08-09,10:09:00,2024-08-14,1.7,1.7,1.7,1.7,0,4680,1
BANKNIFTY14AUG2455600CE.NFO,2024-08-09,10:10:00,2024-08-14,1.7,1.7,1.7,1.7,0,4680,0
BANKNIFTY14AUG2455600CE.NFO,2024-08-09,10:11:00,2024-08-14,1.7,1.7,1.7,1.7,0,4680,1
BANKNIFTY14AUG2455600CE.NFO,2024-08-09,10:12:00,2024-08-14,1.7,1.75,1.7,1.75,60,4140,0
BANKNIFTY14AUG2455600CE.NFO,2024-08-09,10:13:00,2024-08-14,1.75,1.75,1.75,1.75,0,4140,0
BANKNIFTY14AUG2455600CE.NFO,2024-08-09,10:14:00,2024-08-14,1.75,1.75,1.75,1.75,0,4140,1
BANKNIFTY14AUG2455600CE.NFO,2024-08-09,10:15:00,2024-08-14,1.75,1.75,1.75,1.75,0,4140,1
BANKNIFTY14AUG2455600CE.NFO,2024-08-09,10:16:00,2024-08-14,1.75,1.75,1.75,1.75,0,4140,1
BANKNIFTY14AUG2455600CE.NFO,2024-08-09,10:17:00,2024-08-14,1.75,1.75,1.75,1.75,0,4140,0
BANKNIFTY14AUG2455600CE.NFO,2024-08-09,10:18:00,2024-08-14,1.75,1.75,1.75,1.75,0,4140,0
BANKNIFTY14AUG2455600CE.NFO,2024-08-09,10:19:00,2024-08-14,1.75,1.9,1.75,1.9,765,4200,0
BANKNIFTY14AUG2455600CE.NFO,2024-08-09,10:20:00,2024-08-14,1.9,1.9,1.85,1.85,0,4200,0
BANKNIFTY14AUG2455600CE.NFO,2024-08-09,10:21:00,2024-08-14,1.85,1.85,1.85,1.85,270,4365,0
BANKNIFTY14AUG2455600CE.NFO,2024-08-09,10:22:00,2024-08-14,1.85,1.85,1.85,1.85,0,4365,0
BANKNIFTY14AUG2455600CE.NFO,2024-08-09,10:23:00,2024-08-14,1.85,1.85,1.85,1.85,330,4365,0
BANKNIFTY14AUG2455600CE.NFO,2024-08-09,10:24:00,2024-08-14,1.85,1.85,1.85,1.85,0,4365,0
BANKNIFTY14AUG2455600CE.NFO,2024-08-09,10:25:00,2024-08-14,1.85,1.85,1.85,1.85,165,4530,0
BANKNIFTY14AUG2455600CE.NFO,2024-08-09,10:26:00,2024-08-14,1.85,1.85,1.85,1.85,0,4530,0
BANKNIFTY14AUG2455600CE.NFO,2024-08-09,10:27:00,2024-08-14,1.85,1.85,1.85,1.85,0,4530,0
BANKNIFTY14AUG2455600CE.NFO,2024-08-09,10:28:00,2024-08-14,1.85,1.85,1.85,1.85,0,4530,0
BANKNIFTY14AUG2455600CE.NFO,2024-08-09,10:29:00,2024-08-14,1.85,1.85,1.85,1.85,0,4530,0
BANKNIFTY14AUG2455600CE.NFO,2024-08-09,10:30:00,2024-08-14,1.85,1.9,1.85,1.85,105,4590,0
BANKNIFTY14AUG2455600CE.NFO,2024-08-09,10:31:00,2024-08-14,1.85,1.85,1.85,1.85,0,4590,0
BANKNIFTY14AUG2455600CE.NFO,2024-08-09,10:32:00,2024-08-14,1.85,1.85,1.85,1.85,0,4590,0
BANKNIFTY14AUG2455600CE.NFO,2024-08-09,10:33:00,2024-08-14,1.9,1.9,1.9,1.9,15,4590,0
BANKNIFTY14AUG2455600CE.NFO,2024-08-09,10:34:00,2024-08-14,1.9,1.95,1.9,1.95,60,4575,0
BANKNIFTY14AUG2455600CE.NFO,2024-08-09,10:35:00,2024-08-14,1.95,1.95,1.95,1.95,0,4575,0
BANKNIFTY14AUG2455600CE.NFO,2024-08-09,10:36:00,2024-08-14,1.95,1.95,1.95,1.95,0,4575,0
BANKNIFTY14AUG2455600CE.NFO,2024-08-09,10:37:00,2024-08-14,1.95,2.05,1.9,2.05,390,4695,0
BANKNIFTY14AUG2455600CE.NFO,2024-08-09,10:38:00,2024-08-14,2.05,2.1,2.05,2.05,405,4695,0
BANKNIFTY14AUG2455600CE.NFO,2024-08-09,10:39:00,2024-08-14,2.05,2.05,2.05,2.05,315,4695,0
BANKNIFTY14AUG2455600CE.NFO,2024-08-09,10:40:00,2024-08-14,2.05,2.1,2.05,2.1,0,4905,0
BANKNIFTY14AUG2455600CE.NFO,2024-08-09,10:41:00,2024-08-14,2.1,2.1,2.1,2.1,0,4905,0
BANKNIFTY14AUG2455600CE.NFO,2024-08-09,10:42:00,2024-08-14,2.1,2.1,2.1,2.1,30,4905,0
BANKNIFTY14AUG2455600CE.NFO,2024-08-09,10:43:00,2024-08-14,2.1,2.1,2.1,2.1,0,4905,0
BANKNIFTY14AUG2455600CE.NFO,2024-08-09,10:44:00,2024-08-14,2.1,2.1,2.1,2.1,0,4905,0
BANKNIFTY14AUG2455600CE.NFO,2024-08-09,10:45:00,2024-08-14,2.1,2.1,2.1,2.1,0,4905,0
BANKNIFTY14AUG2455600CE.NFO,2024-08-09,10:46:00,2024-08-14,2.1,2.1,2.0,2.0,465,4935,0
BANKNIFTY14AUG2455600CE.NFO,2024-08-09,10:47:00,2024-08-14,2.0,2.0,2.0,2.0,0,4935,0
BANKNIFTY14AUG2455600CE.NFO,2024-08-09,10:48:00,2024-08-14,2.0,2.05,2.0,2.05,75,5340,0
BANKNIFTY14AUG2455600CE.NFO,2024-08-09,10:49:00,2024-08-14,2.05,2.05,2.0,2.0,15,5340,0
BANKNIFTY14AUG2455600CE.NFO,2024-08-09,10:50:00,2024-08-14,2.0,2.0,2.0,2.0,0,5340,0
BANKNIFTY14AUG2455600CE.NFO,2024-08-09,10:51:00,2024-08-14,2.0,2.0,1.95,1.95,180,5340,0
BANKNIFTY14AUG2455600CE.NFO,2024-08-09,10:52:00,2024-08-14,1.95,1.95,1.95,1.95,0,5340,0
BANKNIFTY14AUG2455600CE.NFO,2024-08-09,10:53:00,2024-08-14,1.95,1.95,1.95,1.95,0,5340,0
BANKNIFTY14AUG2455600CE.NFO,2024-08-09,10:54:00,2024-08-14,1.95,1.95,1.95,1.95,0,5340,0
BANKNIFTY14AUG2455600CE.NFO,2024-08-09,10:55:00,2024-08-14,1.95,1.95,1.95,1.95,15,5325,0
BANKNIFTY14AUG2455600CE.NFO,2024-08-09,10:56:00,2024-08-14,1.95,1.95,1.95,1.95,0,5325,0
BANKNIFTY14AUG2455600CE.NFO,2024-08-09,10:57:00,2024-08-14,1.95,1.95,1.95,1.95,270,5325,0
BANKNIFTY14AUG2455600CE.NFO,2024-08-09,10:58:00,2024-08-14,1.95,1.95,1.95,1.95,0,5325,0
BANKNIFTY14AUG2455600CE.NFO,2024-08-09,10:59:00,2024-08-14,1.95,1.95,1.95,1.95,0,5325,0
BANKNIFTY14AUG2455600CE.NFO,2024-08-09,11:00:00,2024-08-14,1.95,1.95,1.9,1.9,300,5190,0
BANKNIFTY14AUG2455600CE.NFO,2024-08-09,11:01:00,2024-08-14,1.9,1.95,1.9,1.95,0,5025,0
BANKNIFTY14AUG2455600CE.NFO,2024-08-09,11:02:00,2024-08-14,1.95,1.95,1.95,1.95,0,5025,0
BANKNIFTY14AUG2455600CE.NFO,2024-08-09,11:03:00,2024-08-14,1.95,1.95,1.95,1.95,60,5055,0
BANKNIFTY14AUG2455600CE.NFO,2024-08-09,11:04:00,2024-08-14,1.9,1.9,1.9,1.9,15,5055,0
BANKNIFTY14AUG2455600CE.NFO,2024-08-09,11:05:00,2024-08-14,1.9,1.9,1.9,1.9,0,5055,0
BANKNIFTY14AUG2455600CE.NFO,2024-08-09,11:06:00,2024-08-14,1.9,1.9,1.9,1.9,0,5055,0
BANKNIFTY14AUG2455600CE.NFO,2024-08-09,11:07:00,2024-08-14,1.9,1.9,1.9,1.9,0,5055,0
BANKNIFTY14AUG2455600CE.NFO,2024-08-09,11:08:00,2024-08-14,1.9,1.9,1.9,1.9,15,5010,0
BANKNIFTY14AUG2455600CE.NFO,2024-08-09,11:09:00,2024-08-14,1.9,1.9,1.9,1.9,0,5010,0
BANKNIFTY14AUG2455600CE.NFO,2024-08-09,11:10:00,2024-08-14,1.9,1.95,1.9,1.95,75,5010,0
BANKNIFTY14AUG2455600CE.NFO,2024-08-09,11:11:00,2024-08-14,1.95,1.95,1.95,1.95,60,5010,0
BANKNIFTY14AUG2455600CE.NFO,2024-08-09,11:12:00,2024-08-14,1.95,1.95,1.95,1.95,60,5010,1
BANKNIFTY14AUG2455600CE.NFO,2024-08-09,11:13:00,2024-08-14,1.95,1.95,1.95,1.95,0,5010,0
BANKNIFTY14AUG2455600CE.NFO,2024-08-09,11:14:00,2024-08-14,1.95,1.95,1.95,1.95,0,5010,0
BANKNIFTY14AUG2455600CE.NFO,2024-08-09,11:15:00,2024-08-14,1.95,1.95,1.9,1.9,30,4905,0
BANKNIFTY14AUG2455600CE.NFO,2024-08-09,11:16:00,2024-08-14,1.9,1.9,1.9,1.9,0,4905,0
BANKNIFTY14AUG2455600CE.NFO,2024-08-09,11:17:00,2024-08-14,1.9,1.9,1.9,1.9,0,4905,0
BANKNIFTY14AUG2455600CE.NFO,2024-08-09,11:18:00,2024-08-14,1.95,1.95,1.95,1.95,60,4935,0
BANKNIFTY14AUG2455600CE.NFO,2024-08-09,11:19:00,2024-08-14,1.95,1.95,1.95,1.95,195,4890,0
BANKNIFTY14AUG2455600CE.NFO,2024-08-09,11:20:00,2024-08-14,1.95,1.95,1.95,1.95,0,4890,0
BANKNIFTY14AUG2455600CE.NFO,2024-08-09,11:21:00,2024-08-14,1.95,1.95,1.95,1.95,0,4890,1
BANKNIFTY14AUG2455600CE.NFO,2024-08-09,11:22:00,2024-08-14,1.95,1.95,1.95,1.95,0,4890,0
BANKNIFTY14AUG2455600CE.NFO,2024-08-09,11:23:00,2024-08-14,1.95,1.95,1.95,1.95,0,4890,1
BANKNIFTY14AUG2455600CE.NFO,2024-08-09,11:24:00,2024-08-14,1.95,1.95,1.95,1.95,0,4890,1
BANKNIFTY14AUG2455600CE.NFO,2024-08-09,11:25:00,2024-08-14,1.95,1.95,1.95,1.95,0,4890,0
BANKNIFTY14AUG2455600CE.NFO,2024-08-09,11:26:00,2024-08-14,1.95,1.95,1.95,1.95,0,4890,0
BANKNIFTY14AUG2455600CE.NFO,2024-08-09,11:27:00,2024-08-14,1.95,1.95,1.95,1.95,0,4890,0
BANKNIFTY14AUG2455600CE.NFO,2024-08-09,11:28:00,2024-08-14,1.95,1.95,1.95,1.95,0,4890,0
BANKNIFTY14AUG2455600CE.NFO,2024-08-09,11:29:00,2024-08-14,1.9,1.9,1.9,1.9,90,4830,0
BANKNIFTY14AUG2455600CE.NFO,2024-08-09,11:30:00,2024-08-14,1.9,1.9,1.9,1.9,0,4830,0
BANKNIFTY14AUG2455600CE.NFO,2024-08-09,11:31:00,2024-08-14,1.9,1.9,1.9,1.9,0,4830,1
BANKNIFTY14AUG2455600CE.NFO,2024-08-09,11:32:00,2024-08-14,1.9,1.9,1.9,1.9,0,4830,0
BANKNIFTY14AUG2455600CE.NFO,2024-08-09,11:33:00,2024-08-14,1.9,1.9,1.9,1.9,0,4830,0
BANKNIFTY14AUG2455600CE.NFO,2024-08-09,11:34:00,2024-08-14,1.9,1.9,1.9,1.9,0,4830,0
BANKNIFTY14AUG2455600CE.NFO,2024-08-09,11:35:00,2024-08-14,1.9,1.9,1.9,1.9,0,4830,0
BANKNIFTY14AUG2455600CE.NFO,2024-08-09,11:36:00,2024-08-14,1.85,1.9,1.85,1.9,60,4890,0
BANKNIFTY14AUG2455600CE.NFO,2024-08-09,11:37:00,2024-08-14,1.9,1.9,1.9,1.9,0,4890,0
BANKNIFTY14AUG2455600CE.NFO,2024-08-09,11:38:00,2024-08-14,1.9,1.9,1.9,1.9,75,4830,0
BANKNIFTY14AUG2455600CE.NFO,2024-08-09,11:39:00,2024-08-14,1.9,1.9,1.9,1.9,0,4830,0
BANKNIFTY14AUG2455600CE.NFO,2024-08-09,11:40:00,2024-08-14,1.9,1.9,1.9,1.9,0,4830,0
BANKNIFTY14AUG2455600CE.NFO,2024-08-09,11:41:00,2024-08-14,1.9,1.9,1.9,1.9,0,4830,0
BANKNIFTY14AUG2455600CE.NFO,2024-08-09,11:42:00,2024-08-14,1.9,1.9,1.9,1.9,0,4830,0
BANKNIFTY14AUG2455600CE.NFO,2024-08-09,11:43:00,2024-08-14,1.9,1.9,1.9,1.9,0,4830,0
BANKNIFTY14AUG2455600CE.NFO,2024-08-09,11:44:00,2024-08-14,1.9,1.9,1.9,1.9,0,4830,0
BANKNIFTY14AUG2455600CE.NFO,2024-08-09,11:45:00,2024-08-14,1.9,1.9,1.9,1.9,0,4830,0
BANKNIFTY14AUG2455600CE.NFO,2024-08-09,11:46:00,2024-08-14,1.9,1.9,1.9,1.9,0,4830,0
BANKNIFTY14AUG2455600CE.NFO,2024-08-09,11:47:00,2024-08-14,1.9,1.9,1.9,1.9,0,4830,1
BANKNIFTY14AUG2455600CE.NFO,2024-08-09,11:48:00,2024-08-14,1.9,1.9,1.9,1.9,0,4830,0
BANKNIFTY14AUG2455600CE.NFO,2024-08-09,11:49:00,2024-08-14,1.9,1.9,1.9,1.9,0,4830,0
BANKNIFTY14AUG2455600CE.NFO,2024-08-09,11:50:00,2024-08-14,1.9,1.9,1.9,1.9,0,4830,0
BANKNIFTY14AUG2455600CE.NFO,2024-08-09,11:51:00,2024-08-14,1.9,1.9,1.9,1.9,0,4830,0
BANKNIFTY14AUG2455600CE.NFO,2024-08-09,11:52:00,2024-08-14,1.9,1.9,1.9,1.9,0,4830,0
BANKNIFTY14AUG2455600CE.NFO,2024-08-09,11:53:00,2024-08-14,1.9,1.9,1.9,1.9,0,4830,0
BANKNIFTY14AUG2455600CE.NFO,2024-08-09,11:54:00,2024-08-14,1.9,1.9,1.9,1.9,30,4890,0
BANKNIFTY14AUG2455600CE.NFO,2024-08-09,11:55:00,2024-08-14,1.9,1.9,1.9,1.9,0,4890,0
BANKNIFTY14AUG2455600CE.NFO,2024-08-09,11:56:00,2024-08-14,1.9,1.9,1.9,1.9,0,4890,0
BANKNIFTY14AUG2455600CE.NFO,2024-08-09,11:57:00,2024-08-14,1.9,1.9,1.9,1.9,0,4890,0
BANKNIFTY14AUG2455600CE.NFO,2024-08-09,11:58:00,2024-08-14,1.9,1.9,1.9,1.9,0,4890,0
BANKNIFTY14AUG2455600CE.NFO,2024-08-09,11:59:00,2024-08-14,1.9,1.9,1.9,1.9,0,4890,0
BANKNIFTY14AUG2455600CE.NFO,2024-08-09,12:00:00,2024-08-14,1.9,1.9,1.9,1.9,0,4890,0
BANKNIFTY14AUG2455600CE.NFO,2024-08-09,12:01:00,2024-08-14,1.9,1.9,1.9,1.9,0,4890,0
BANKNIFTY14AUG2455600CE.NFO,2024-08-09,12:02:00,2024-08-14,1.9,1.9,1.9,1.9,0,4890,0
BANKNIFTY14AUG2455600CE.NFO,2024-08-09,12:03:00,2024-08-14,1.9,1.9,1.9,1.9,0,4890,1
BANKNIFTY14AUG2455600CE.NFO,2024-08-09,12:04:00,2024-08-14,1.9,1.9,1.9,1.9,0,4890,0
BANKNIFTY14AUG2455600CE.NFO,2024-08-09,12:05:00,2024-08-14,1.9,1.9,1.9,1.9,0,4890,0
BANKNIFTY14AUG2455600CE.NFO,2024-08-09,12:06:00,2024-08-14,1.9,1.9,1.9,1.9,0,4890,0
BANKNIFTY14AUG2455600CE.NFO,2024-08-09,12:07:00,2024-08-14,1.9,1.9,1.9,1.9,0,4890,0
BANKNIFTY14AUG2455600CE.NFO,2024-08-09,12:08:00,2024-08-14,1.9,1.9,1.9,1.9,0,4890,0
BANKNIFTY14AUG2455600CE.NFO,2024-08-09,12:09:00,2024-08-14,1.9,1.9,1.9,1.9,0,4890,0
BANKNIFTY14AUG2455600CE.NFO,2024-08-09,12:10:00,2024-08-14,1.9,1.9,1.9,1.9,0,4875,0
BANKNIFTY14AUG2455600CE.NFO,2024-08-09,12:11:00,2024-08-14,1.9,1.9,1.9,1.9,0,4875,0
BANKNIFTY14AUG2455600CE.NFO,2024-08-09,12:12:00,2024-08-14,1.9,1.9,1.9,1.9,0,4875,0
BANKNIFTY14AUG2455600CE.NFO,2024-08-09,12:13:00,2024-08-14,1.9,1.9,1.9,1.9,0,4875,0
BANKNIFTY14AUG2455600CE.NFO,2024-08-09,12:14:00,2024-08-14,1.9,1.9,1.9,1.9,60,4965,0
BANKNIFTY14AUG2455600CE.NFO,2024-08-09,12:15:00,2024-08-14,1.9,1.9,1.9,1.9,60,4965,1
BANKNIFTY14AUG2455600CE.NFO,2024-08-09,12:16:00,2024-08-14,1.9,1.9,1.9,1.9,0,4965,0
BANKNIFTY14AUG2455600CE.NFO,2024-08-09,12:17:00,2024-08-14,1.9,1.9,1.9,1.9,0,4965,1
BANKNIFTY14AUG2455600CE.NFO,2024-08-09,12:18:00,2024-08-14,1.9,1.9,1.9,1.9,0,4965,0
BANKNIFTY14AUG2455600CE.NFO,2024-08-09,12:19:00,2024-08-14,1.9,1.9,1.9,1.9,0,4965,0
BANKNIFTY14AUG2455600CE.NFO,2024-08-09,12:20:00,2024-08-14,1.9,1.9,1.9,1.9,0,4965,0
BANKNIFTY14AUG2455600CE.NFO,2024-08-09,12:21:00,2024-08-14,1.9,1.9,1.9,1.9,105,4950,0
BANKNIFTY14AUG2455600CE.NFO,2024-08-09,12:22:00,2024-08-14,1.9,1.9,1.9,1.9,90,5055,0
BANKNIFTY14AUG2455600CE.NFO,2024-08-09,12:23:00,2024-08-14,1.9,1.9,1.9,1.9,60,5055,0
BANKNIFTY14AUG2455600CE.NFO,2024-08-09,12:24:00,2024-08-14,1.9,1.9,1.9,1.9,0,5055,0
BANKNIFTY14AUG2455600CE.NFO,2024-08-09,12:25:00,2024-08-14,1.9,1.9,1.9,1.9,0,5055,0
BANKNIFTY14AUG2455600CE.NFO,2024-08-09,12:26:00,2024-08-14,1.9,1.9,1.9,1.9,0,5055,1
BANKNIFTY14AUG2455600CE.NFO,2024-08-09,12:27:00,2024-08-14,1.85,1.85,1.85,1.85,210,4950,0
BANKNIFTY14AUG2455600CE.NFO,2024-08-09,12:28:00,2024-08-14,1.85,1.85,1.75,1.8,2310,5100,0
BANKNIFTY14AUG2455600CE.NFO,2024-08-09,12:29:00,2024-08-14,1.8,1.8,1.8,1.8,0,5100,0
BANKNIFTY14AUG2455600CE.NFO,2024-08-09,12:30:00,2024-08-14,1.75,1.75,1.75,1.75,0,5100,0
BANKNIFTY14AUG2455600CE.NFO,2024-08-09,12:31:00,2024-08-14,1.75,1.75,1.75,1.75,0,5100,1
BANKNIFTY14AUG2455600CE.NFO,2024-08-09,12:32:00,2024-08-14,1.75,1.75,1.75,1.75,0,5100,1
BANKNIFTY14AUG2455600CE.NFO,2024-08-09,12:33:00,2024-08-14,1.75,1.75,1.75,1.75,0,5100,0
BANKNIFTY14AUG2455600CE.NFO,2024-08-09,12:34:00,2024-08-14,1.75,1.75,1.75,1.75,0,5100,1
BANKNIFTY14AUG2455600CE.NFO,2024-08-09,12:35:00,2024-08-14,1.75,1.75,1.75,1.75,0,5100,1
BANKNIFTY14AUG2455600CE.NFO,2024-08-09,12:36:00,2024-08-14,1.75,1.75,1.75,1.75,15,5325,0
BANKNIFTY14AUG2455600CE.NFO,2024-08-09,12:37:00,2024-08-14,1.75,1.8,1.75,1.8,0,5325,0
BANKNIFTY14AUG2455600CE.NFO,2024-08-09,12:38:00,2024-08-14,1.8,1.8,1.8,1.8,0,5325,1
BANKNIFTY14AUG2455600CE.NFO,2024-08-09,12:39:00,2024-08-14,1.8,1.8,1.8,1.8,0,5325,0
BANKNIFTY14AUG2455600CE.NFO,2024-08-09,12:40:00,2024-08-14,1.8,1.8,1.8,1.8,345,5325,0
BANKNIFTY14AUG2455600CE.NFO,2024-08-09,12:41:00,2024-08-14,1.8,1.8,1.8,1.8,345,5325,1
BANKNIFTY14AUG2455600CE.NFO,2024-08-09,12:42:00,2024-08-14,1.8,1.8,1.8,1.8,0,5325,0
BANKNIFTY14AUG2455600CE.NFO,2024-08-09,12:43:00,2024-08-14,1.8,1.8,1.8,1.8,0,5325,1
BANKNIFTY14AUG2455600CE.NFO,2024-08-09,12:44:00,2024-08-14,1.8,1.8,1.8,1.8,0,5325,0
BANKNIFTY14AUG2455600CE.NFO,2024-08-09,12:45:00,2024-08-14,1.8,1.8,1.8,1.8,0,5325,0
BANKNIFTY14AUG2455600CE.NFO,2024-08-09,12:46:00,2024-08-14,1.85,1.85,1.85,1.85,180,5130,0
BANKNIFTY14AUG2455600CE.NFO,2024-08-09,12:47:00,2024-08-14,1.85,1.85,1.85,1.85,0,5130,0
BANKNIFTY14AUG2455600CE.NFO,2024-08-09,12:48:00,2024-08-14,1.85,1.85,1.8,1.8,45,5130,0
BANKNIFTY14AUG2455600CE.NFO,2024-08-09,12:49:00,2024-08-14,1.8,1.8,1.8,1.8,0,5130,0
BANKNIFTY14AUG2455600CE.NFO,2024-08-09,12:50:00,2024-08-14,1.8,1.8,1.8,1.8,0,5130,1
BANKNIFTY14AUG2455600CE.NFO,2024-08-09,12:51:00,2024-08-14,1.8,1.8,1.8,1.8,0,5130,0
BANKNIFTY14AUG2455600CE.NFO,2024-08-09,12:52:00,2024-08-14,1.8,1.8,1.8,1.8,0,5115,0
BANKNIFTY14AUG2455600CE.NFO,2024-08-09,12:53:00,2024-08-14,1.8,1.8,1.8,1.8,0,5115,0
BANKNIFTY14AUG2455600CE.NFO,2024-08-09,12:54:00,2024-08-14,1.8,1.8,1.8,1.8,0,5115,1
BANKNIFTY14AUG2455600CE.NFO,2024-08-09,12:55:00,2024-08-14,1.8,1.8,1.8,1.8,0,5115,0
BANKNIFTY14AUG2455600CE.NFO,2024-08-09,12:56:00,2024-08-14,1.8,1.8,1.8,1.8,0,5115,0
BANKNIFTY14AUG2455600CE.NFO,2024-08-09,12:57:00,2024-08-14,1.8,1.8,1.8,1.8,0,5115,0
BANKNIFTY14AUG2455600CE.NFO,2024-08-09,12:58:00,2024-08-14,1.8,1.8,1.8,1.8,0,5115,0
BANKNIFTY14AUG2455600CE.NFO,2024-08-09,12:59:00,2024-08-14,1.8,1.8,1.8,1.8,0,5115,1
BANKNIFTY14AUG2455600CE.NFO,2024-08-09,13:00:00,2024-08-14,1.8,1.8,1.8,1.8,165,4995,0
BANKNIFTY14AUG2455600CE.NFO,2024-08-09,13:01:00,2024-08-14,1.8,1.8,1.8,1.8,0,4995,0
BANKNIFTY14AUG2455600CE.NFO,2024-08-09,13:02:00,2024-08-14,1.8,1.8,1.8,1.8,0,4995,1
BANKNIFTY14AUG2455600CE.NFO,2024-08-09,13:03:00,2024-08-14,1.8,1.8,1.8,1.8,0,4995,1
BANKNIFTY14AUG2455600CE.NFO,2024-08-09,13:04:00,2024-08-14,1.8,1.8,1.8,1.8,0,4995,1
BANKNIFTY14AUG2455600CE.NFO,2024-08-09,13:05:00,2024-08-14,1.8,1.8,1.8,1.8,0,4995,1
BANKNIFTY14AUG2455600CE.NFO,2024-08-09,13:06:00,2024-08-14,1.9,1.9,1.9,1.9,75,4995,0
BANKNIFTY14AUG2455600CE.NFO,2024-08-09,13:07:00,2024-08-14,1.9,1.9,1.9,1.9,0,4995,0
BANKNIFTY14AUG2455600CE.NFO,2024-08-09,13:08:00,2024-08-14,1.9,1.9,1.9,1.9,0,4995,0
BANKNIFTY14AUG2455600CE.NFO,2024-08-09,13:09:00,2024-08-14,1.9,1.9,1.9,1.9,0,4995,0
BANKNIFTY14AUG2455600CE.NFO,2024-08-09,13:10:00,2024-08-14,1.9,1.9,1.9,1.9,0,4995,0
BANKNIFTY14AUG2455600CE.NFO,2024-08-09,13:11:00,2024-08-14,1.8,1.8,1.8,1.8,0,4920,0
BANKNIFTY14AUG2455600CE.NFO,2024-08-09,13:12:00,2024-08-14,1.8,1.8,1.8,1.8,0,4920,0
BANKNIFTY14AUG2455600CE.NFO,2024-08-09,13:13:00,2024-08-14,1.8,1.8,1.8,1.8,0,4920,1
BANKNIFTY14AUG2455600CE.NFO,2024-08-09,13:14:00,2024-08-14,1.8,1.8,1.8,1.8,0,4920,0
BANKNIFTY14AUG2455600CE.NFO,2024-08-09,13:15:00,2024-08-14,1.8,1.8,1.8,1.8,0,4920,0
BANKNIFTY14AUG2455600CE.NFO,2024-08-09,13:16:00,2024-08-14,1.8,1.8,1.8,1.8,0,4920,1
BANKNIFTY14AUG2455600CE.NFO,2024-08-09,13:17:00,2024-08-14,1.8,1.8,1.8,1.8,0,4920,0
BANKNIFTY14AUG2455600CE.NFO,2024-08-09,13:18:00,2024-08-14,1.8,1.8,1.8,1.8,0,4920,0
BANKNIFTY14AUG2455600CE.NFO,2024-08-09,13:19:00,2024-08-14,1.8,1.8,1.8,1.8,0,4920,0
BANKNIFTY14AUG2455600CE.NFO,2024-08-09,13:20:00,2024-08-14,1.8,1.8,1.8,1.8,0,4920,0
BANKNIFTY14AUG2455600CE.NFO,2024-08-09,13:21:00,2024-08-14,1.8,1.8,1.8,1.8,0,4920,0
BANKNIFTY14AUG2455600CE.NFO,2024-08-09,13:22:00,2024-08-14,1.8,1.8,1.8,1.8,0,4920,0
BANKNIFTY14AUG2455600CE.NFO,2024-08-09,13:23:00,2024-08-14,1.8,1.8,1.8,1.8,0,4920,0
BANKNIFTY14AUG2455600CE.NFO,2024-08-09,13:24:00,2024-08-14,1.8,1.8,1.8,1.8,0,4920,0
BANKNIFTY14AUG2455600CE.NFO,2024-08-09,13:25:00,2024-08-14,1.8,1.8,1.8,1.8,0,4920,0
BANKNIFTY14AUG2455600CE.NFO,2024-08-09,13:26:00,2024-08-14,1.8,1.8,1.8,1.8,0,4920,0
BANKNIFTY14AUG2455600CE.NFO,2024-08-09,13:27:00,2024-08-14,1.8,1.8,1.8,1.8,0,4920,0
BANKNIFTY14AUG2455600CE.NFO,2024-08-09,13:28:00,2024-08-14,1.8,1.8,1.8,1.8,0,4920,0
BANKNIFTY14AUG2455600CE.NFO,2024-08-09,13:29:00,2024-08-14,1.8,1.8,1.8,1.8,0,4920,0
BANKNIFTY14AUG2455600CE.NFO,2024-08-09,13:30:00,2024-08-14,1.8,1.9,1.8,1.9,75,4995,0
BANKNIFTY14AUG2455600CE.NFO,2024-08-09,13:31:00,2024-08-14,1.9,1.9,1.85,1.85,105,4965,0
BANKNIFTY14AUG2455600CE.NFO,2024-08-09,13:32:00,2024-08-14,1.85,1.85,1.85,1.85,0,4965,0
BANKNIFTY14AUG2455600CE.NFO,2024-08-09,13:33:00,2024-08-14,1.85,1.85,1.85,1.85,0,4965,0
BANKNIFTY14AUG2455600CE.NFO,2024-08-09,13:34:00,2024-08-14,1.85,1.85,1.7,1.7,630,5010,0
BANKNIFTY14AUG2455600CE.NFO,2024-08-09,13:35:00,2024-08-14,1.7,1.7,1.7,1.7,0,5010,0
BANKNIFTY14AUG2455600CE.NFO,2024-08-09,13:36:00,2024-08-14,1.7,1.7,1.6,1.6,0,5010,0
BANKNIFTY14AUG2455600CE.NFO,2024-08-09,13:37:00,2024-08-14,1.6,1.6,1.6,1.6,0,5010,1
BANKNIFTY14AUG2455600CE.NFO,2024-08-09,13:38:00,2024-08-14,1.6,1.6,1.6,1.6,0,5010,0
BANKNIFTY14AUG2455600CE.NFO,2024-08-09,13:39:00,2024-08-14,1.6,1.6,1.6,1.6,0,5010,0
BANKNIFTY14AUG2455600CE.NFO,2024-08-09,13:40:00,2024-08-14,1.6,1.6,1.6,1.6,0,5010,0
BANKNIFTY14AUG2455600CE.NFO,2024-08-09,13:41:00,2024-08-14,1.6,1.6,1.6,1.6,0,5010,0
BANKNIFTY14AUG2455600CE.NFO,2024-08-09,13:42:00,2024-08-14,1.6,1.6,1.6,1.6,0,5010,0
BANKNIFTY14AUG2455600CE.NFO,2024-08-09,13:43:00,2024-08-14,1.6,1.6,1.6,1.6,0,5010,0
BANKNIFTY14AUG2455600CE.NFO,2024-08-09,13:44:00,2024-08-14,1.6,1.6,1.6,1.6,0,5010,1
BANKNIFTY14AUG2455600CE.NFO,2024-08-09,13:45:00,2024-08-14,1.6,1.6,1.6,1.6,0,5010,0
BANKNIFTY14AUG2455600CE.NFO,2024-08-09,13:46:00,2024-08-14,1.7,1.7,1.7,1.7,0,5040,0
BANKNIFTY14AUG2455600CE.NFO,2024-08-09,13:47:00,2024-08-14,1.7,1.7,1.7,1.7,0,5040,0
BANKNIFTY14AUG2455600CE.NFO,2024-08-09,13:48:00,2024-08-14,1.7,1.7,1.7,1.7,0,5040,0
BANKNIFTY14AUG2455600CE.NFO,2024-08-09,13:49:00,2024-08-14,1.7,1.7,1.7,1.7,0,5040,0
BANKNIFTY14AUG2455600CE.NFO,2024-08-09,13:50:00,2024-08-14,1.7,1.7,1.7,1.7,0,5040,0
BANKNIFTY14AUG2455600CE.NFO,2024-08-09,13:51:00,2024-08-14,1.7,1.7,1.7,1.7,0,5040,0
BANKNIFTY14AUG2455600CE.NFO,2024-08-09,13:52:00,2024-08-14,1.7,1.7,1.7,1.7,0,5040,0
BANKNIFTY14AUG2455600CE.NFO,2024-08-09,13:53:00,2024-08-14,1.7,1.7,1.7,1.7,0,5040,0
BANKNIFTY14AUG2455600CE.NFO,2024-08-09,13:54:00,2024-08-14,1.7,1.7,1.7,1.7,0,5040,0
BANKNIFTY14AUG2455600CE.NFO,2024-08-09,13:55:00,2024-08-14,1.7,1.7,1.7,1.7,0,5040,1
BANKNIFTY14AUG2455600CE.NFO,2024-08-09,13:56:00,2024-08-14,1.7,1.7,1.7,1.7,0,5040,0
BANKNIFTY14AUG2455600CE.NFO,2024-08-09,13:57:00,2024-08-14,1.7,1.7,1.7,1.7,0,5040,0
BANKNIFTY14AUG2455600CE.NFO,2024-08-09,13:58:00,2024-08-14,1.7,1.7,1.7,1.7,0,5040,0
BANKNIFTY14AUG2455600CE.NFO,2024-08-09,13:59:00,2024-08-14,1.7,1.7,1.7,1.7,0,5040,0
BANKNIFTY14AUG2455600CE.NFO,2024-08-09,14:00:00,2024-08-14,1.7,1.7,1.7,1.7,0,5040,1
BANKNIFTY14AUG2455600CE.NFO,2024-08-09,14:01:00,2024-08-14,1.7,1.7,1.7,1.7,0,5040,0
BANKNIFTY14AUG2455600CE.NFO,2024-08-09,14:02:00,2024-08-14,1.7,1.7,1.7,1.7,0,5040,0
BANKNIFTY14AUG2455600CE.NFO,2024-08-09,14:03:00,2024-08-14,1.7,1.7,1.7,1.7,0,5040,0
BANKNIFTY14AUG2455600CE.NFO,2024-08-09,14:04:00,2024-08-14,1.7,1.7,1.7,1.7,0,5040,0
BANKNIFTY14AUG2455600CE.NFO,2024-08-09,14:05:00,2024-08-14,1.7,1.7,1.7,1.7,0,5040,0
BANKNIFTY14AUG2455600CE.NFO,2024-08-09,14:06:00,2024-08-14,1.7,1.7,1.7,1.7,0,5040,0
BANKNIFTY14AUG2455600CE.NFO,2024-08-09,14:07:00,2024-08-14,1.7,1.7,1.7,1.7,0,5040,0
BANKNIFTY14AUG2455600CE.NFO,2024-08-09,14:08:00,2024-08-14,1.7,1.7,1.7,1.7,0,5040,0
BANKNIFTY14AUG2455600CE.NFO,2024-08-09,14:09:00,2024-08-14,1.7,1.7,1.7,1.7,0,5040,0
BANKNIFTY14AUG2455600CE.NFO,2024-08-09,14:10:00,2024-08-14,1.7,1.7,1.7,1.7,120,5040,0
BANKNIFTY14AUG2455600CE.NFO,2024-08-09,14:11:00,2024-08-14,1.7,1.7,1.7,1.7,0,5040,0
BANKNIFTY14AUG2455600CE.NFO,2024-08-09,14:12:00,2024-08-14,1.7,1.7,1.7,1.7,0,5040,0
BANKNIFTY14AUG2455600CE.NFO,2024-08-09,14:13:00,2024-08-14,1.7,1.7,1.7,1.7,0,5040,0
BANKNIFTY14AUG2455600CE.NFO,2024-08-09,14:14:00,2024-08-14,1.7,1.7,1.7,1.7,0,5040,1
BANKNIFTY14AUG2455600CE.NFO,2024-08-09,14:15:00,2024-08-14,1.7,1.7,1.7,1.7,0,5040,1
BANKNIFTY14AUG2455600CE.NFO,2024-08-09,14:16:00,2024-08-14,1.7,1.7,1.7,1.7,0,5040,0
BANKNIFTY14AUG2455600CE.NFO,2024-08-09,14:17:00,2024-08-14,1.7,1.7,1.7,1.7,0,5040,0
BANKNIFTY14AUG2455600CE.NFO,2024-08-09,14:18:00,2024-08-14,1.7,1.7,1.7,1.7,0,5040,0
BANKNIFTY14AUG2455600CE.NFO,2024-08-09,14:19:00,2024-08-14,1.7,1.7,1.7,1.7,0,5040,0
BANKNIFTY14AUG2455600CE.NFO,2024-08-09,14:20:00,2024-08-14,1.75,1.75,1.75,1.75,120,4920,0
BANKNIFTY14AUG2455600CE.NFO,2024-08-09,14:21:00,2024-08-14,1.75,1.75,1.75,1.75,0,4920,0
BANKNIFTY14AUG2455600CE.NFO,2024-08-09,14:22:00,2024-08-14,1.75,1.75,1.75,1.75,0,4920,0
BANKNIFTY14AUG2455600CE.NFO,2024-08-09,14:23:00,2024-08-14,1.75,1.75,1.75,1.75,0,4920,0
BANKNIFTY14AUG2455600CE.NFO,2024-08-09,14:24:00,2024-08-14,1.75,1.75,1.75,1.75,0,4920,0
BANKNIFTY14AUG2455600CE.NFO,2024-08-09,14:25:00,2024-08-14,1.75,1.75,1.75,1.75,0,4920,0
BANKNIFTY14AUG2455600CE.NFO,2024-08-09,14:26:00,2024-08-14,1.75,1.75,1.75,1.75,0,4920,0
BANKNIFTY14AUG2455600CE.NFO,2024-08-09,14:27:00,2024-08-14,1.75,1.75,1.75,1.75,0,4935,0
BANKNIFTY14AUG2455600CE.NFO,2024-08-09,14:28:00,2024-08-14,1.75,1.75,1.7,1.7,30,4935,0
BANKNIFTY14AUG2455600CE.NFO,2024-08-09,14:29:00,2024-08-14,1.7,1.7,1.7,1.7,0,4935,0
BANKNIFTY14AUG2455600CE.NFO,2024-08-09,14:30:00,2024-08-14,1.7,1.7,1.7,1.7,0,4935,0
BANKNIFTY14AUG2455600CE.NFO,2024-08-09,14:31:00,2024-08-14,1.7,1.7,1.7,1.7,15,4890,0
BANKNIFTY14AUG2455600CE.NFO,2024-08-09,14:32:00,2024-08-14,1.7,1.7,1.7,1.7,0,4890,0
BANKNIFTY14AUG2455600CE.NFO,2024-08-09,14:33:00,2024-08-14,1.7,1.75,1.7,1.75,45,4890,0
BANKNIFTY14AUG2455600CE.NFO,2024-08-09,14:34:00,2024-08-14,1.75,1.75,1.75,1.75,0,4875,0
BANKNIFTY14AUG2455600CE.NFO,2024-08-09,14:35:00,2024-08-14,1.75,1.75,1.75,1.75,0,4875,0
BANKNIFTY14AUG2455600CE.NFO,2024-08-09,14:36:00,2024-08-14,1.75,1.75,1.75,1.75,0,4875,0
BANKNIFTY14AUG2455600CE.NFO,2024-08-09,14:37:00,2024-08-14,1.75,1.75,1.75,1.75,0,4875,1
BANKNIFTY14AUG2455600CE.NFO,2024-08-09,14:38:00,2024-08-14,1.75,1.75,1.75,1.75,0,4875,1
BANKNIFTY14AUG2455600CE.NFO,2024-08-09,14:39:00,2024-08-14,1.75,1.75,1.75,1.75,0,4875,0
BANKNIFTY14AUG2455600CE.NFO,2024-08-09,14:40:00,2024-08-14,1.75,1.75,1.75,1.75,0,4875,0
BANKNIFTY14AUG2455600CE.NFO,2024-08-09,14:41:00,2024-08-14,1.8,1.8,1.8,1.8,105,4875,0
BANKNIFTY14AUG2455600CE.NFO,2024-08-09,14:42:00,2024-08-14,1.8,1.8,1.8,1.8,0,4875,0
BANKNIFTY14AUG2455600CE.NFO,2024-08-09,14:43:00,2024-08-14,1.8,1.8,1.8,1.8,0,4875,0
BANKNIFTY14AUG2455600CE.NFO,2024-08-09,14:44:00,2024-08-14,1.8,1.8,1.8,1.8,0,4875,0
BANKNIFTY14AUG2455600CE.NFO,2024-08-09,14:45:00,2024-08-14,1.8,1.8,1.8,1.8,0,4875,0
BANKNIFTY14AUG2455600CE.NFO,2024-08-09,14:46:00,2024-08-14,1.8,1.8,1.8,1.8,0,4875,0
BANKNIFTY14AUG2455600CE.NFO,2024-08-09,14:47:00,2024-08-14,1.8,1.8,1.8,1.8,0,4875,0
BANKNIFTY14AUG2455600CE.NFO,2024-08-09,14:48:00,2024-08-14,1.8,1.8,1.8,1.8,0,4875,0
BANKNIFTY14AUG2455600CE.NFO,2024-08-09,14:49:00,2024-08-14,1.8,1.8,1.8,1.8,0,4875,0
BANKNIFTY14AUG2455600CE.NFO,2024-08-09,14:50:00,2024-08-14,1.8,1.8,1.8,1.8,0,4875,0
BANKNIFTY14AUG2455600CE.NFO,2024-08-09,14:51:00,2024-08-14,1.8,1.8,1.8,1.8,0,4875,1
BANKNIFTY14AUG2455600CE.NFO,2024-08-09,14:52:00,2024-08-14,1.8,1.85,1.8,1.85,0,4800,0
BANKNIFTY14AUG2455600CE.NFO,2024-08-09,14:53:00,2024-08-14,1.85,1.85,1.85,1.85,0,4800,0
BANKNIFTY14AUG2455600CE.NFO,2024-08-09,14:54:00,2024-08-14,1.85,1.85,1.85,1.85,0,4800,0
BANKNIFTY14AUG2455600CE.NFO,2024-08-09,14:55:00,2024-08-14,1.85,1.85,1.85,1.85,0,4800,0
BANKNIFTY14AUG2455600CE.NFO,2024-08-09,14:56:00,2024-08-14,1.8,1.85,1.8,1.85,0,4800,0
BANKNIFTY14AUG2455600CE.NFO,2024-08-09,14:57:00,2024-08-14,1.85,1.85,1.85,1.85,0,4800,0
BANKNIFTY14AUG2455600CE.NFO,2024-08-09,14:58:00,2024-08-14,1.85,1.85,1.85,1.85,0,4800,0
BANKNIFTY14AUG2455600CE.NFO,2024-08-09,14:59:00,2024-08-14,1.85,1.85,1.85,1.85,0,4800,0
BANKNIFTY14AUG2455600CE.NFO,2024-08-09,15:00:00,2024-08-14,1.85,1.85,1.85,1.85,0,4800,0
BANKNIFTY14AUG2455600CE.NFO,2024-08-09,15:01:00,2024-08-14,1.85,1.85,1.85,1.85,0,4800,0
BANKNIFTY14AUG2455600CE.NFO,2024-08-09,15:02:00,2024-08-14,1.85,1.85,1.75,1.85,30,4770,0
BANKNIFTY14AUG2455600CE.NFO,2024-08-09,15:03:00,2024-08-14,1.85,1.85,1.75,1.85,0,4770,0
BANKNIFTY14AUG2455600CE.NFO,2024-08-09,15:04:00,2024-08-14,1.85,1.85,1.85,1.85,0,4770,0
BANKNIFTY14AUG2455600CE.NFO,2024-08-09,15:05:00,2024-08-14,1.85,1.85,1.85,1.85,0,4680,0
BANKNIFTY14AUG2455600CE.NFO,2024-08-09,15:06:00,2024-08-14,1.75,1.75,1.75,1.75,30,4680,0
BANKNIFTY14AUG2455600CE.NFO,2024-08-09,15:07:00,2024-08-14,1.75,1.8,1.75,1.8,0,4620,0
BANKNIFTY14AUG2455600CE.NFO,2024-08-09,15:08:00,2024-08-14,1.85,1.85,1.85,1.85,30,4620,0
BANKNIFTY14AUG2455600CE.NFO,2024-08-09,15:09:00,2024-08-14,1.85,1.9,1.85,1.9,30,4620,0
BANKNIFTY14AUG2455600CE.NFO,2024-08-09,15:10:00,2024-08-14,1.9,1.9,1.9,1.9,0,4620,0
BANKNIFTY14AUG2455600CE.NFO,2024-08-09,15:11:00,2024-08-14,1.9,1.9,1.9,1.9,0,4620,0
BANKNIFTY14AUG2455600CE.NFO,2024-08-09,15:12:00,2024-08-14,1.95,1.95,1.95,1.95,0,4665,0
BANKNIFTY14AUG2455600CE.NFO,2024-08-09,15:13:00,2024-08-14,1.95,1.95,1.95,1.95,30,4680,0
BANKNIFTY14AUG2455600CE.NFO,2024-08-09,15:14:00,2024-08-14,1.95,1.95,1.95,1.95,15,4680,0
BANKNIFTY14AUG2455600CE.NFO,2024-08-09,15:15:00,2024-08-14,1.95,1.95,1.85,1.85,225,4680,0
BANKNIFTY14AUG2455600CE.NFO,2024-08-09,15:16:00,2024-08-14,1.85,1.9,1.8,1.8,150,4830,0
BANKNIFTY14AUG2455600CE.NFO,2024-08-09,15:17:00,2024-08-14,1.8,1.9,1.8,1.9,255,4830,0
BANKNIFTY14AUG2455600CE.NFO,2024-08-09,15:18:00,2024-08-14,1.9,1.9,1.8,1.8,345,4830,0
BANKNIFTY14AUG2455600CE.NFO,2024-08-09,15:19:00,2024-08-14,1.8,1.85,1.8,1.85,45,4950,0
BANKNIFTY14AUG2455600CE.NFO,2024-08-09,15:20:00,2024-08-14,1.85,1.9,1.85,1.9,15,4950,0
BANKNIFTY14AUG2455600CE.NFO,2024-08-09,15:21:00,2024-08-14,1.9,1.9,1.75,1.75,0,4950,0
BANKNIFTY14AUG2455600CE.NFO,2024-08-09,15:22:00,2024-08-14,1.75,1.75,1.7,1.7,15,4905,0
BANKNIFTY14AUG2455600CE.NFO,2024-08-09,15:23:00,2024-08-14,1.7,1.7,1.7,1.7,0,4905,0
BANKNIFTY14AUG2455600CE.NFO,2024-08-09,15:24:00,2024-08-14,1.7,1.7,1.7,1.7,0,4905,0
BANKNIFTY14AUG2455600CE.NFO,2024-08-09,15:25:00,2024-08-14,1.9,2.2,1.7,1.7,75,4830,0
BANKNIFTY14AUG2455600CE.NFO,2024-08-09,15:26:00,2024-08-14,1.7,1.75,1.7,1.75,270,4830,0
BANKNIFTY14AUG2455600CE.NFO,2024-08-09,15:27:00,2024-08-14,1.75,1.85,1.75,1.8,210,4830,0
BANKNIFTY14AUG2455600CE.NFO,2024-08-09,15:28:00,2024-08-14,1.8,1.8,1.25,1.75,150,4545,0
BANKNIFTY14AUG2455600CE.NFO,2024-08-09,15:29:00,2024-08-14,1.75,2.05,1.75,2.05,0,4545,0
BANKNIFTY14AUG2455600CE.NFO,2024-08-09,15:30:00,2024-08-14,2.05,2.05,2.05,2.05,0,4545,1
BANKNIFTY14AUG2455600CE.NFO,2024-08-12,09:15:00,2024-08-14,2.05,2.1,2.05,2.05,795,4530,0
BANKNIFTY14AUG2455600CE.NFO,2024-08-12,09:16:00,2024-08-14,2.05,2.05,1.35,1.75,660,5265,0
BANKNIFTY14AUG2455600CE.NFO,2024-08-12,09:17:00,2024-08-14,1.75,1.75,1.75,1.75,75,5265,0
BANKNIFTY14AUG2455600CE.NFO,2024-08-12,09:18:00,2024-08-14,1.75,1.85,1.7,1.85,405,5265,0
BANKNIFTY14AUG2455600CE.NFO,2024-08-12,09:19:00,2024-08-14,1.85,1.85,1.85,1.85,0,5265,0
BANKNIFTY14AUG2455600CE.NFO,2024-08-12,09:20:00,2024-08-14,1.85,1.85,1.85,1.85,0,5265,0
BANKNIFTY14AUG2455600CE.NFO,2024-08-12,09:21:00,2024-08-14,1.85,1.85,1.85,1.85,0,5265,0
BANKNIFTY14AUG2455600CE.NFO,2024-08-12,09:22:00,2024-08-14,1.9,2.0,1.75,1.95,915,5430,0
BANKNIFTY14AUG2455600CE.NFO,2024-08-12,09:23:00,2024-08-14,1.95,1.95,1.95,1.95,15,5430,0
BANKNIFTY14AUG2455600CE.NFO,2024-08-12,09:24:00,2024-08-14,1.95,1.95,1.75,1.8,975,5880,0
BANKNIFTY14AUG2455600CE.NFO,2024-08-12,09:25:00,2024-08-14,1.8,1.85,1.75,1.85,210,5880,0
BANKNIFTY14AUG2455600CE.NFO,2024-08-12,09:26:00,2024-08-14,1.85,2.05,1.85,1.85,630,5880,0
BANKNIFTY14AUG2455600CE.NFO,2024-08-12,09:27:00,2024-08-14,1.85,1.85,1.85,1.85,495,5880,0
BANKNIFTY14AUG2455600CE.NFO,2024-08-12,09:28:00,2024-08-14,1.85,2.2,1.85,2.2,750,6855,0
BANKNIFTY14AUG2455600CE.NFO,2024-08-12,09:29:00,2024-08-14,2.2,2.2,1.95,1.95,15,6855,0
BANKNIFTY14AUG2455600CE.NFO,2024-08-12,09:30:00,2024-08-14,1.95,1.95,1.8,1.8,240,7395,0
BANKNIFTY14AUG2455600CE.NFO,2024-08-12,09:31:00,2024-08-14,1.8,1.8,1.8,1.8,480,7395,0
BANKNIFTY14AUG2455600CE.NFO,2024-08-12,09:32:00,2024-08-14,1.8,1.8,1.75,1.75,270,7395,0
BANKNIFTY14AUG2455600CE.NFO,2024-08-12,09:33:00,2024-08-14,1.75,1.8,1.75,1.8,240,7305,0
BANKNIFTY14AUG2455600CE.NFO,2024-08-12,09:34:00,2024-08-14,1.8,1.8,1.8,1.8,135,7305,0
BANKNIFTY14AUG2455600CE.NFO,2024-08-12,09:35:00,2024-08-14,1.8,1.8,1.75,1.75,180,7305,0
BANKNIFTY14AUG2455600CE.NFO,2024-08-12,09:36:00,2024-08-14,1.75,1.75,1.75,1.75,0,7305,0
BANKNIFTY14AUG2455600CE.NFO,2024-08-12,09:37:00,2024-08-14,1.75,1.85,1.75,1.8,225,7515,0
BANKNIFTY14AUG2455600CE.NFO,2024-08-12,09:38:00,2024-08-14,1.8,1.8,1.75,1.75,225,7515,0
BANKNIFTY14AUG2455600CE.NFO,2024-08-12,09:39:00,2024-08-14,1.75,1.8,1.75,1.8,30,7395,0
BANKNIFTY14AUG2455600CE.NFO,2024-08-12,09:40:00,2024-08-14,1.8,1.8,1.7,1.8,1005,7395,0
BANKNIFTY14AUG2455600CE.NFO,2024-08-12,09:41:00,2024-08-14,1.8,1.8,1.8,1.8,0,7395,0
BANKNIFTY14AUG2455600CE.NFO,2024-08-12,09:42:00,2024-08-14,1.8,1.95,1.8,1.95,750,7350,0
BANKNIFTY14AUG2455600CE.NFO,2024-08-12,09:43:00,2024-08-14,1.95,1.95,1.85,1.85,135,7350,0
BANKNIFTY14AUG2455600CE.NFO,2024-08-12,09:44:00,2024-08-14,1.85,2.25,1.85,1.9,540,7350,0
BANKNIFTY14AUG2455600CE.NFO,2024-08-12,09:45:00,2024-08-14,1.9,1.95,1.85,1.85,1695,7470,0
BANKNIFTY14AUG2455600CE.NFO,2024-08-12,09:46:00,2024-08-14,1.85,1.9,1.85,1.9,375,7470,0
BANKNIFTY14AUG2455600CE.NFO,2024-08-12,09:47:00,2024-08-14,1.9,1.9,1.9,1.9,0,7470,0
BANKNIFTY14AUG2455600CE.NFO,2024-08-12,09:48:00,2024-08-14,1.9,1.95,1.9,1.95,360,7470,0
BANKNIFTY14AUG2455600CE.NFO,2024-08-12,09:49:00,2024-08-14,1.95,1.95,1.75,1.8,795,7485,0
BANKNIFTY14AUG2455600CE.NFO,2024-08-12,09:50:00,2024-08-14,1.8,1.9,1.8,1.9,105,7485,0
BANKNIFTY14AUG2455600CE.NFO,2024-08-12,09:51:00,2024-08-14,1.9,1.9,1.9,1.9,180,7485,0
BANKNIFTY14AUG2455600CE.NFO,2024-08-12,09:52:00,2024-08-14,1.9,1.9,1.9,1.9,60,7545,0
BANKNIFTY14AUG2455600CE.NFO,2024-08-12,09:53:00,2024-08-14,1.9,1.95,1.9,1.9,120,7545,0
BANKNIFTY14AUG2455600CE.NFO,2024-08-12,09:54:00,2024-08-14,1.9,1.9,1.9,1.9,120,7560,0
BANKNIFTY14AUG2455600CE.NFO,2024-08-12,09:55:00,2024-08-14,1.9,2.0,1.9,2.0,135,7560,0
BANKNIFTY14AUG2455600CE.NFO,2024-08-12,09:56:00,2024-08-14,2.0,2.0,1.9,1.9,210,7560,0
BANKNIFTY14AUG2455600CE.NFO,2024-08-12,09:57:00,2024-08-14,1.9,1.95,1.9,1.95,120,7560,0
BANKNIFTY14AUG2455600CE.NFO,2024-08-12,09:58:00,2024-08-14,1.95,1.95,1.95,1.95,0,7560,0
BANKNIFTY14AUG2455600CE.NFO,2024-08-12,09:59:00,2024-08-14,1.95,1.95,1.95,1.95,15,7815,0
BANKNIFTY14AUG2455600CE.NFO,2024-08-12,10:00:00,2024-08-14,1.95,1.95,1.95,1.95,150,7815,0
BANKNIFTY14AUG2455600CE.NFO,2024-08-12,10:01:00,2024-08-14,1.95,1.95,1.95,1.95,75,7830,0
BANKNIFTY14AUG2455600CE.NFO,2024-08-12,10:02:00,2024-08-14,1.95,2.5,1.95,1.95,4095,7830,0
BANKNIFTY14AUG2455600CE.NFO,2024-08-12,10:03:00,2024-08-14,1.95,2.0,1.95,1.95,120,10170,0
BANKNIFTY14AUG2455600CE.NFO,2024-08-12,10:04:00,2024-08-14,1.95,2.0,1.95,2.0,525,10170,0
BANKNIFTY14AUG2455600CE.NFO,2024-08-12,10:05:00,2024-08-14,2.0,2.0,1.95,1.95,75,10170,0
BANKNIFTY14AUG2455600CE.NFO,2024-08-12,10:06:00,2024-08-14,1.95,1.95,1.95,1.95,75,10170,0
BANKNIFTY14AUG2455600CE.NFO,2024-08-12,10:07:00,2024-08-14,1.95,2.0,1.9,1.9,1350,10515,0
BANKNIFTY14AUG2455600CE.NFO,2024-08-12,10:08:00,2024-08-14,1.9,1.9,1.9,1.9,0,10515,0
BANKNIFTY14AUG2455600CE.NFO,2024-08-12,10:09:00,2024-08-14,1.9,1.9,1.9,1.9,195,10515,0
BANKNIFTY14AUG2455600CE.NFO,2024-08-12,10:10:00,2024-08-14,1.9,1.95,1.9,1.95,135,10950,0
BANKNIFTY14AUG2455600CE.NFO,2024-08-12,10:11:00,2024-08-14,1.95,1.95,1.9,1.95,105,10950,0
BANKNIFTY14AUG2455600CE.NFO,2024-08-12,10:12:00,2024-08-14,1.95,1.95,1.95,1.95,0,10950,0
BANKNIFTY14AUG2455600CE.NFO,2024-08-12,10:13:00,2024-08-14,1.95,1.95,1.9,1.9,240,11085,0
BANKNIFTY14AUG2455600CE.NFO,2024-08-12,10:14:00,2024-08-14,1.9,1.9,1.85,1.85,105,11085,0
BANKNIFTY14AUG2455600CE.NFO,2024-08-12,10:15:00,2024-08-14,1.85,1.85,1.85,1.85,0,11085,0
BANKNIFTY14AUG2455600CE.NFO,2024-08-12,10:16:00,2024-08-14,1.8,1.8,1.8,1.8,15,11010,0
BANKNIFTY14AUG2455600CE.NFO,2024-08-12,10:17:00,2024-08-14,1.8,1.8,1.8,1.8,0,11010,0
BANKNIFTY14AUG2455600CE.NFO,2024-08-12,10:18:00,2024-08-14,1.8,1.9,1.8,1.9,795,11010,0
BANKNIFTY14AUG2455600CE.NFO,2024-08-12,10:19:00,2024-08-14,1.9,1.9,1.9,1.9,30,11055,0
BANKNIFTY14AUG2455600CE.NFO,2024-08-12,10:20:00,2024-08-14,1.9,1.9,1.85,1.85,975,11055,0
BANKNIFTY14AUG2455600CE.NFO,2024-08-12,10:21:00,2024-08-14,1.85,1.85,1.8,1.8,45,11055,0
BANKNIFTY14AUG2455600CE.NFO,2024-08-12,10:22:00,2024-08-14,1.8,1.9,1.8,1.8,375,11175,0
BANKNIFTY14AUG2455600CE.NFO,2024-08-12,10:23:00,2024-08-14,1.8,1.8,1.8,1.8,15,11175,0
BANKNIFTY14AUG2455600CE.NFO,2024-08-12,10:24:00,2024-08-14,1.8,1.8,1.65,1.7,2775,11640,0
BANKNIFTY14AUG2455600CE.NFO,2024-08-12,10:25:00,2024-08-14,1.7,1.7,1.6,1.65,3495,11640,0
BANKNIFTY14AUG2455600CE.NFO,2024-08-12,10:26:00,2024-08-14,1.65,1.65,1.6,1.6,825,11640,0
BANKNIFTY14AUG2455600CE.NFO,2024-08-12,10:27:00,2024-08-14,1.6,1.6,1.45,1.55,2655,11640,0
BANKNIFTY14AUG2455600CE.NFO,2024-08-12,10:28:00,2024-08-14,1.55,1.55,1.55,1.55,0,11640,0
BANKNIFTY14AUG2455600CE.NFO,2024-08-12,10:29:00,2024-08-14,1.55,1.55,1.55,1.55,135,10590,0
BANKNIFTY14AUG2455600CE.NFO,2024-08-12,10:30:00,2024-08-14,1.55,1.55,1.55,1.55,0,10590,0
BANKNIFTY14AUG2455600CE.NFO,2024-08-12,10:31:00,2024-08-14,1.55,1.6,1.55,1.6,30,10455,0
BANKNIFTY14AUG2455600CE.NFO,2024-08-12,10:32:00,2024-08-14,1.6,1.6,1.55,1.55,300,10455,0
BANKNIFTY14AUG2455600CE.NFO,2024-08-12,10:33:00,2024-08-14,1.55,1.55,1.55,1.55,0,10455,0
BANKNIFTY14AUG2455600CE.NFO,2024-08-12,10:34:00,2024-08-14,1.55,1.7,1.55,1.7,1680,10125,0
BANKNIFTY14AUG2455600CE.NFO,2024-08-12,10:35:00,2024-08-14,1.7,1.8,1.7,1.8,1035,10125,0
BANKNIFTY14AUG2455600CE.NFO,2024-08-12,10:36:00,2024-08-14,1.8,1.9,1.75,1.8,780,10125,0
BANKNIFTY14AUG2455600CE.NFO,2024-08-12,10:37:00,2024-08-14,1.8,1.85,1.75,1.8,2910,10680,0
BANKNIFTY14AUG2455600CE.NFO,2024-08-12,10:38:00,2024-08-14,1.8,1.9,1.8,1.9,1470,10680,0
BANKNIFTY14AUG2455600CE.NFO,2024-08-12,10:39:00,2024-08-14,1.9,1.9,1.75,1.75,3375,10680,0
BANKNIFTY14AUG2455600CE.NFO,2024-08-12,10:40:00,2024-08-14,1.75,1.9,1.75,1.9,2550,10605,0
BANKNIFTY14AUG2455600CE.NFO,2024-08-12,10:41:00,2024-08-14,1.9,1.9,1.8,1.9,210,10605,0
BANKNIFTY14AUG2455600CE.NFO,2024-08-12,10:42:00,2024-08-14,1.9,1.9,1.8,1.8,45,10605,0
BANKNIFTY14AUG2455600CE.NFO,2024-08-12,10:43:00,2024-08-14,1.8,1.9,1.8,1.85,255,10650,0
BANKNIFTY14AUG2455600CE.NFO,2024-08-12,10:44:00,2024-08-14,1.85,1.85,1.75,1.8,810,10650,0
BANKNIFTY14AUG2455600CE.NFO,2024-08-12,10:45:00,2024-08-14,1.8,1.85,1.75,1.85,435,10650,0
BANKNIFTY14AUG2455600CE.NFO,2024-08-12,10:46:00,2024-08-14,1.85,1.85,1.75,1.8,330,10770,0
BANKNIFTY14AUG2455600CE.NFO,2024-08-12,10:47:00,2024-08-14,1.8,1.8,1.75,1.75,450,10770,0
BANKNIFTY14AUG2455600CE.NFO,2024-08-12,10:48:00,2024-08-14,1.75,1.8,1.75,1.8,285,10770,0
BANKNIFTY14AUG2455600CE.NFO,2024-08-12,10:49:00,2024-08-14,1.8,1.8,1.75,1.75,675,10845,0
BANKNIFTY14AUG2455600CE.NFO,2024-08-12,10:50:00,2024-08-14,1.75,1.8,1.75,1.8,30,10845,0
BANKNIFTY14AUG2455600CE.NFO,2024-08-12,10:51:00,2024-08-14,1.8,1.8,1.7,1.7,390,10845,0
BANKNIFTY14AUG2455600CE.NFO,2024-08-12,10:52:00,2024-08-14,1.7,1.7,1.65,1.65,15,11145,0
BANKNIFTY14AUG2455600CE.NFO,2024-08-12,10:53:00,2024-08-14,1.65,1.65,1.65,1.65,30,11145,0
BANKNIFTY14AUG2455600CE.NFO,2024-08-12,10:54:00,2024-08-14,1.65,1.65,1.65,1.65,0,11145,0
BANKNIFTY14AUG2455600CE.NFO,2024-08-12,10:55:00,2024-08-14,1.65,1.7,1.65,1.7,270,11145,0
BANKNIFTY14AUG2455600CE.NFO,2024-08-12,10:56:00,2024-08-14,1.7,1.7,1.7,1.7,225,11145,0
BANKNIFTY14AUG2455600CE.NFO,2024-08-12,10:57:00,2024-08-14,1.7,1.7,1.65,1.65,825,11145,0
BANKNIFTY14AUG2455600CE.NFO,2024-08-12,10:58:00,2024-08-14,1.65,1.7,1.6,1.6,165,10995,0
BANKNIFTY14AUG2455600CE.NFO,2024-08-12,10:59:00,2024-08-14,1.6,1.7,1.6,1.7,15,10995,0
BANKNIFTY14AUG2455600CE.NFO,2024-08-12,11:00:00,2024-08-14,1.7,1.7,1.7,1.7,0,10995,0
BANKNIFTY14AUG2455600CE.NFO,2024-08-12,11:01:00,2024-08-14,1.7,1.7,1.7,1.7,0,10995,0
BANKNIFTY14AUG2455600CE.NFO,2024-08-12,11:02:00,2024-08-14,1.7,1.7,1.55,1.55,15,10920,0
BANKNIFTY14AUG2455600CE.NFO,2024-08-12,11:03:00,2024-08-14,1.55,1.55,1.55,1.55,0,10920,0
BANKNIFTY14AUG2455600CE.NFO,2024-08-12,11:04:00,2024-08-14,1.55,1.65,1.55,1.6,975,10920,0
BANKNIFTY14AUG2455600CE.NFO,2024-08-12,11:05:00,2024-08-14,1.6,1.6,1.55,1.55,15,10920,0
BANKNIFTY14AUG2455600CE.NFO,2024-08-12,11:06:00,2024-08-14,1.55,1.55,1.55,1.55,15,10920,0
BANKNIFTY14AUG2455600CE.NFO,2024-08-12,11:07:00,2024-08-14,1.55,1.55,1.55,1.55,0,10920,0
BANKNIFTY14AUG2455600CE.NFO,2024-08-12,11:08:00,2024-08-14,1.55,1.55,1.55,1.55,0,10920,0
BANKNIFTY14AUG2455600CE.NFO,2024-08-12,11:09:00,2024-08-14,1.55,1.55,1.5,1.5,1410,10080,0
BANKNIFTY14AUG2455600CE.NFO,2024-08-12,11:10:00,2024-08-14,1.5,1.5,1.5,1.5,0,10080,0
BANKNIFTY14AUG2455600CE.NFO,2024-08-12,11:11:00,2024-08-14,1.5,1.5,1.5,1.5,0,10080,0
BANKNIFTY14AUG2455600CE.NFO,2024-08-12,11:12:00,2024-08-14,1.5,1.5,1.5,1.5,0,10080,0
BANKNIFTY14AUG2455600CE.NFO,2024-08-12,11:13:00,2024-08-14,1.5,1.5,1.5,1.5,15,10380,0
BANKNIFTY14AUG2455600CE.NFO,2024-08-12,11:14:00,2024-08-14,1.5,1.5,1.45,1.45,315,10380,0
BANKNIFTY14AUG2455600CE.NFO,2024-08-12,11:15:00,2024-08-14,1.45,1.45,1.45,1.45,0,10380,0
BANKNIFTY14AUG2455600CE.NFO,2024-08-12,11:16:00,2024-08-14,1.45,1.45,1.45,1.45,15,10665,0
BANKNIFTY14AUG2455600CE.NFO,2024-08-12,11:17:00,2024-08-14,1.45,1.45,1.45,1.45,75,10665,0
BANKNIFTY14AUG2455600CE.NFO,2024-08-12,11:18:00,2024-08-14,1.45,1.55,1.45,1.55,285,10665,0
BANKNIFTY14AUG2455600CE.NFO,2024-08-12,11:19:00,2024-08-14,1.55,1.55,1.55,1.55,300,10650,0
BANKNIFTY14AUG2455600CE.NFO,2024-08-12,11:20:00,2024-08-14,1.55,1.55,1.55,1.55,0,10650,0
BANKNIFTY14AUG2455600CE.NFO,2024-08-12,11:21:00,2024-08-14,1.55,1.55,1.55,1.55,0,10650,0
BANKNIFTY14AUG2455600CE.NFO,2024-08-12,11:22:00,2024-08-14,1.55,1.55,1.45,1.45,870,10695,0
BANKNIFTY14AUG2455600CE.NFO,2024-08-12,11:23:00,2024-08-14,1.45,1.45,1.45,1.45,0,10695,0
BANKNIFTY14AUG2455600CE.NFO,2024-08-12,11:24:00,2024-08-14,1.6,1.6,1.55,1.55,2295,10695,0
BANKNIFTY14AUG2455600CE.NFO,2024-08-12,11:25:00,2024-08-14,1.55,1.55,1.55,1.55,0,10695,0
BANKNIFTY14AUG2455600CE.NFO,2024-08-12,11:26:00,2024-08-14,1.6,1.6,1.6,1.6,15,12075,0
BANKNIFTY14AUG2455600CE.NFO,2024-08-12,11:27:00,2024-08-14,1.6,1.6,1.2,1.45,1890,12075,0
BANKNIFTY14AUG2455600CE.NFO,2024-08-12,11:28:00,2024-08-14,1.45,1.5,1.45,1.5,150,10800,0
BANKNIFTY14AUG2455600CE.NFO,2024-08-12,11:29:00,2024-08-14,1.5,1.5,1.5,1.5,0,10800,0
BANKNIFTY14AUG2455600CE.NFO,2024-08-12,11:30:00,2024-08-14,1.5,1.5,1.5,1.5,0,10800,0
BANKNIFTY14AUG2455600CE.NFO,2024-08-12,11:31:00,2024-08-14,1.5,1.5,1.45,1.45,30,10665,0
BANKNIFTY14AUG2455600CE.NFO,2024-08-12,11:32:00,2024-08-14,1.45,1.45,1.45,1.45,645,10665,0
BANKNIFTY14AUG2455600CE.NFO,2024-08-12,11:33:00,2024-08-14,1.45,1.45,1.45,1.45,0,10665,0
BANKNIFTY14AUG2455600CE.NFO,2024-08-12,11:34:00,2024-08-14,1.45,1.5,1.45,1.5,15,10365,0
BANKNIFTY14AUG2455600CE.NFO,2024-08-12,11:35:00,2024-08-14,1.5,1.5,1.4,1.4,135,10365,0
BANKNIFTY14AUG2455600CE.NFO,2024-08-12,11:36:00,2024-08-14,1.4,1.4,1.4,1.4,0,10365,0
BANKNIFTY14AUG2455600CE.NFO,2024-08-12,11:37:00,2024-08-14,1.45,1.45,1.45,1.45,30,10245,0
BANKNIFTY14AUG2455600CE.NFO,2024-08-12,11:38:00,2024-08-14,1.45,1.45,1.45,1.45,0,10245,0
BANKNIFTY14AUG2455600CE.NFO,2024-08-12,11:39:00,2024-08-14,1.45,1.45,1.45,1.45,30,10245,0
BANKNIFTY14AUG2455600CE.NFO,2024-08-12,11:40:00,2024-08-14,1.45,1.45,1.45,1.45,0,10245,0
BANKNIFTY14AUG2455600CE.NFO,2024-08-12,11:41:00,2024-08-14,1.45,1.45,1.35,1.45,105,10275,0
BANKNIFTY14AUG2455600CE.NFO,2024-08-12,11:42:00,2024-08-14,1.45,1.45,1.35,1.4,360,10275,0
BANKNIFTY14AUG2455600CE.NFO,2024-08-12,11:43:00,2024-08-14,1.4,1.45,1.35,1.4,585,10140,0
BANKNIFTY14AUG2455600CE.NFO,2024-08-12,11:44:00,2024-08-14,1.4,1.4,1.4,1.4,1035,10140,0
BANKNIFTY14AUG2455600CE.NFO,2024-08-12,11:45:00,2024-08-14,1.4,1.4,1.3,1.35,240,10140,0
BANKNIFTY14AUG2455600CE.NFO,2024-08-12,11:46:00,2024-08-14,1.35,1.45,1.35,1.45,390,9840,0
BANKNIFTY14AUG2455600CE.NFO,2024-08-12,11:47:00,2024-08-14,1.45,1.45,1.4,1.45,45,9840,0
BANKNIFTY14AUG2455600CE.NFO,2024-08-12,11:48:00,2024-08-14,1.45,1.45,1.4,1.45,660,9840,0
BANKNIFTY14AUG2455600CE.NFO,2024-08-12,11:49:00,2024-08-14,1.45,1.45,1.4,1.45,165,9210,0
BANKNIFTY14AUG2455600CE.NFO,2024-08-12,11:50:00,2024-08-14,1.45,1.45,1.45,1.45,0,9210,0
BANKNIFTY14AUG2455600CE.NFO,2024-08-12,11:51:00,2024-08-14,1.45,1.45,1.45,1.45,0,9210,0
BANKNIFTY14AUG2455600CE.NFO,2024-08-12,11:52:00,2024-08-14,1.45,1.45,1.4,1.45,450,9255,0
BANKNIFTY14AUG2455600CE.NFO,2024-08-12,11:53:00,2024-08-14,1.45,1.45,1.45,1.45,105,9255,0
BANKNIFTY14AUG2455600CE.NFO,2024-08-12,11:54:00,2024-08-14,1.45,1.45,1.45,1.45,300,9255,0
BANKNIFTY14AUG2455600CE.NFO,2024-08-12,11:55:00,2024-08-14,1.45,1.45,1.45,1.45,0,9255,0
BANKNIFTY14AUG2455600CE.NFO,2024-08-12,11:56:00,2024-08-14,1.45,1.45,1.4,1.4,120,9735,0
BANKNIFTY14AUG2455600CE.NFO,2024-08-12,11:57:00,2024-08-14,1.4,1.4,1.35,1.4,90,9735,0
BANKNIFTY14AUG2455600CE.NFO,2024-08-12,11:58:00,2024-08-14,1.4,1.4,1.4,1.4,0,9735,0
BANKNIFTY14AUG2455600CE.NFO,2024-08-12,11:59:00,2024-08-14,1.4,1.4,1.4,1.4,0,9735,0
BANKNIFTY14AUG2455600CE.NFO,2024-08-12,12:00:00,2024-08-14,1.35,1.35,1.35,1.35,330,9690,0
BANKNIFTY14AUG2455600CE.NFO,2024-08-12,12:01:00,2024-08-14,1.35,1.35,1.35,1.35,0,9690,0
BANKNIFTY14AUG2455600CE.NFO,2024-08-12,12:02:00,2024-08-14,1.35,1.35,1.3,1.3,15,9540,0
BANKNIFTY14AUG2455600CE.NFO,2024-08-12,12:03:00,2024-08-14,1.3,1.4,1.3,1.4,30,9540,0
BANKNIFTY14AUG2455600CE.NFO,2024-08-12,12:04:00,2024-08-14,1.4,1.4,1.3,1.3,60,9540,0
BANKNIFTY14AUG2455600CE.NFO,2024-08-12,12:05:00,2024-08-14,1.3,1.3,1.3,1.3,0,9540,0
BANKNIFTY14AUG2455600CE.NFO,2024-08-12,12:06:00,2024-08-14,1.3,1.3,1.3,1.3,0,9540,0
BANKNIFTY14AUG2455600CE.NFO,2024-08-12,12:07:00,2024-08-14,1.3,1.3,1.3,1.3,0,9540,0
BANKNIFTY14AUG2455600CE.NFO,2024-08-12,12:08:00,2024-08-14,1.3,1.3,1.3,1.3,30,9495,0
BANKNIFTY14AUG2455600CE.NFO,2024-08-12,12:09:00,2024-08-14,1.3,1.3,1.3,1.3,0,9495,0
BANKNIFTY14AUG2455600CE.NFO,2024-08-12,12:10:00,2024-08-14,1.3,1.35,1.3,1.35,30,9495,0
BANKNIFTY14AUG2455600CE.NFO,2024-08-12,12:11:00,2024-08-14,1.35,1.35,1.35,1.35,0,9495,0
BANKNIFTY14AUG2455600CE.NFO,2024-08-12,12:12:00,2024-08-14,1.35,1.35,1.35,1.35,0,9495,0
BANKNIFTY14AUG2455600CE.NFO,2024-08-12,12:13:00,2024-08-14,1.35,1.35,1.3,1.3,30,9495,0
BANKNIFTY14AUG2455600CE.NFO,2024-08-12,12:14:00,2024-08-14,1.3,1.3,1.3,1.3,0,9495,0
BANKNIFTY14AUG2455600CE.NFO,2024-08-12,12:15:00,2024-08-14,1.3,1.35,1.3,1.35,30,9495,0
BANKNIFTY14AUG2455600CE.NFO,2024-08-12,12:16:00,2024-08-14,1.3,1.35,1.3,1.35,195,9495,0
BANKNIFTY14AUG2455600CE.NFO,2024-08-12,12:17:00,2024-08-14,1.35,1.35,1.35,1.35,0,9495,0
BANKNIFTY14AUG2455600CE.NFO,2024-08-12,12:18:00,2024-08-14,1.35,1.35,1.35,1.35,0,9495,0
BANKNIFTY14AUG2455600CE.NFO,2024-08-12,12:19:00,2024-08-14,1.35,1.35,1.35,1.35,0,9495,0
BANKNIFTY14AUG2455600CE.NFO,2024-08-12,12:20:00,2024-08-14,1.35,1.35,1.35,1.35,0,9495,0
BANKNIFTY14AUG2455600CE.NFO,2024-08-12,12:21:00,2024-08-14,1.35,1.4,1.35,1.4,360,9330,0
BANKNIFTY14AUG2455600CE.NFO,2024-08-12,12:22:00,2024-08-14,1.4,1.4,1.4,1.4,75,9315,0
BANKNIFTY14AUG2455600CE.NFO,2024-08-12,12:23:00,2024-08-14,1.4,1.45,1.4,1.45,105,9315,0
BANKNIFTY14AUG2455600CE.NFO,2024-08-12,12:24:00,2024-08-14,1.45,1.45,1.45,1.45,0,9315,0
BANKNIFTY14AUG2455600CE.NFO,2024-08-12,12:25:00,2024-08-14,1.45,1.45,1.4,1.4,285,9315,0
BANKNIFTY14AUG2455600CE.NFO,2024-08-12,12:26:00,2024-08-14,1.4,1.4,1.4,1.4,0,9315,0
BANKNIFTY14AUG2455600CE.NFO,2024-08-12,12:27:00,2024-08-14,1.4,1.4,1.4,1.4,0,9315,0
BANKNIFTY14AUG2455600CE.NFO,2024-08-12,12:28:00,2024-08-14,1.4,1.4,1.4,1.4,0,9315,0
BANKNIFTY14AUG2455600CE.NFO,2024-08-12,12:29:00,2024-08-14,1.4,1.4,1.4,1.4,0,9315,0
BANKNIFTY14AUG2455600CE.NFO,2024-08-12,12:30:00,2024-08-14,1.4,1.4,1.4,1.4,0,9315,0
BANKNIFTY14AUG2455600CE.NFO,2024-08-12,12:31:00,2024-08-14,1.4,1.4,1.35,1.4,915,9270,0
BANKNIFTY14AUG2455600CE.NFO,2024-08-12,12:32:00,2024-08-14,1.4,1.4,1.35,1.35,135,9270,0
BANKNIFTY14AUG2455600CE.NFO,2024-08-12,12:33:00,2024-08-14,1.35,1.35,1.35,1.35,510,9270,0
BANKNIFTY14AUG2455600CE.NFO,2024-08-12,12:34:00,2024-08-14,1.35,1.35,1.35,1.35,0,9270,0
BANKNIFTY14AUG2455600CE.NFO,2024-08-12,12:35:00,2024-08-14,1.35,1.4,1.35,1.4,15,9015,0
BANKNIFTY14AUG2455600CE.NFO,2024-08-12,12:36:00,2024-08-14,1.4,1.4,1.4,1.4,0,9015,0
BANKNIFTY14AUG2455600CE.NFO,2024-08-12,12:37:00,2024-08-14,1.4,1.4,1.4,1.4,120,9030,0
BANKNIFTY14AUG2455600CE.NFO,2024-08-12,12:38:00,2024-08-14,1.4,1.4,1.35,1.35,15,9030,0
BANKNIFTY14AUG2455600CE.NFO,2024-08-12,12:39:00,2024-08-14,1.35,1.35,1.35,1.35,0,9030,0
BANKNIFTY14AUG2455600CE.NFO,2024-08-12,12:40:00,2024-08-14,1.35,1.35,1.35,1.35,0,9030,0
BANKNIFTY14AUG2455600CE.NFO,2024-08-12,12:41:00,2024-08-14,1.35,1.35,1.35,1.35,0,9030,0
BANKNIFTY14AUG2455600CE.NFO,2024-08-12,12:42:00,2024-08-14,1.35,1.4,1.35,1.4,90,8895,0
BANKNIFTY14AUG2455600CE.NFO,2024-08-12,12:43:00,2024-08-14,1.4,1.4,1.4,1.4,0,8895,0
BANKNIFTY14AUG2455600CE.NFO,2024-08-12,12:44:00,2024-08-14,1.4,1.4,1.4,1.4,0,8895,0
BANKNIFTY14AUG2455600CE.NFO,2024-08-12,12:45:00,2024-08-14,1.4,1.4,1.4,1.4,0,8895,0
BANKNIFTY14AUG2455600CE.NFO,2024-08-12,12:46:00,2024-08-14,1.4,1.4,1.4,1.4,0,8895,0
BANKNIFTY14AUG2455600CE.NFO,2024-08-12,12:47:00,2024-08-14,1.4,1.4,1.4,1.4,0,8895,0
BANKNIFTY14AUG2455600CE.NFO,2024-08-12,12:48:00,2024-08-14,1.4,1.4,1.4,1.4,315,8895,0
BANKNIFTY14AUG2455600CE.NFO,2024-08-12,12:49:00,2024-08-14,1.4,1.4,1.4,1.4,0,8895,0
BANKNIFTY14AUG2455600CE.NFO,2024-08-12,12:50:00,2024-08-14,1.4,1.4,1.4,1.4,150,8985,0
BANKNIFTY14AUG2455600CE.NFO,2024-08-12,12:51:00,2024-08-14,1.4,1.45,1.4,1.45,15,8985,0
BANKNIFTY14AUG2455600CE.NFO,2024-08-12,12:52:00,2024-08-14,1.45,1.45,1.45,1.45,0,8985,0
BANKNIFTY14AUG2455600CE.NFO,2024-08-12,12:53:00,2024-08-14,1.4,1.4,1.4,1.4,15,9030,0
BANKNIFTY14AUG2455600CE.NFO,2024-08-12,12:54:00,2024-08-14,1.4,1.45,1.4,1.45,75,9030,0
BANKNIFTY14AUG2455600CE.NFO,2024-08-12,12:55:00,2024-08-14,1.45,1.45,1.4,1.4,75,9090,0
BANKNIFTY14AUG2455600CE.NFO,2024-08-12,12:56:00,2024-08-14,1.4,1.4,1.35,1.35,90,9090,0
BANKNIFTY14AUG2455600CE.NFO,2024-08-12,12:57:00,2024-08-14,1.4,1.4,1.4,1.4,15,9090,0
BANKNIFTY14AUG2455600CE.NFO,2024-08-12,12:58:00,2024-08-14,1.4,1.4,1.35,1.35,555,9090,0
BANKNIFTY14AUG2455600CE.NFO,2024-08-12,12:59:00,2024-08-14,1.35,1.35,1.35,1.35,0,9090,0
BANKNIFTY14AUG2455600CE.NFO,2024-08-12,13:00:00,2024-08-14,1.35,1.35,1.35,1.35,150,9165,0
BANKNIFTY14AUG2455600CE.NFO,2024-08-12,13:01:00,2024-08-14,1.35,1.35,1.3,1.3,150,9255,0
BANKNIFTY14AUG2455600CE.NFO,2024-08-12,13:02:00,2024-08-14,1.3,1.35,1.3,1.35,90,9255,0
BANKNIFTY14AUG2455600CE.NFO,2024-08-12,13:03:00,2024-08-14,1.35,1.35,1.35,1.35,0,9255,0
BANKNIFTY14AUG2455600CE.NFO,2024-08-12,13:04:00,2024-08-14,1.35,1.35,1.35,1.35,270,9375,0
BANKNIFTY14AUG2455600CE.NFO,2024-08-12,13:05:00,2024-08-14,1.35,1.35,1.35,1.35,0,9375,0
BANKNIFTY14AUG2455600CE.NFO,2024-08-12,13:06:00,2024-08-14,1.35,1.35,1.35,1.35,0,9375,0
BANKNIFTY14AUG2455600CE.NFO,2024-08-12,13:07:00,2024-08-14,1.35,1.35,1.35,1.35,30,9375,0
BANKNIFTY14AUG2455600CE.NFO,2024-08-12,13:08:00,2024-08-14,1.35,1.35,1.3,1.3,75,9375,0
BANKNIFTY14AUG2455600CE.NFO,2024-08-12,13:09:00,2024-08-14,1.3,1.3,1.3,1.3,0,9375,0
BANKNIFTY14AUG2455600CE.NFO,2024-08-12,13:10:00,2024-08-14,1.3,1.3,1.3,1.3,0,9375,0
BANKNIFTY14AUG2455600CE.NFO,2024-08-12,13:11:00,2024-08-14,1.3,1.3,1.3,1.3,0,9375,0
BANKNIFTY14AUG2455600CE.NFO,2024-08-12,13:12:00,2024-08-14,1.3,1.3,1.3,1.3,0,9375,0
BANKNIFTY14AUG2455600CE.NFO,2024-08-12,13:13:00,2024-08-14,1.3,1.3,1.3,1.3,0,9375,0
BANKNIFTY14AUG2455600CE.NFO,2024-08-12,13:14:00,2024-08-14,1.3,1.35,1.3,1.35,120,9315,0
BANKNIFTY14AUG2455600CE.NFO,2024-08-12,13:15:00,2024-08-14,1.35,1.35,1.35,1.35,0,9315,0
BANKNIFTY14AUG2455600CE.NFO,2024-08-12,13:16:00,2024-08-14,1.35,1.35,1.35,1.35,0,9315,0
BANKNIFTY14AUG2455600CE.NFO,2024-08-12,13:17:00,2024-08-14,1.35,1.35,1.35,1.35,225,9285,0
BANKNIFTY14AUG2455600CE.NFO,2024-08-12,13:18:00,2024-08-14,1.35,1.35,1.35,1.35,0,9285,0
BANKNIFTY14AUG2455600CE.NFO,2024-08-12,13:19:00,2024-08-14,1.35,1.35,1.35,1.35,0,9285,0
BANKNIFTY14AUG2455600CE.NFO,2024-08-12,13:20:00,2024-08-14,1.35,1.35,1.35,1.35,45,9210,0
BANKNIFTY14AUG2455600CE.NFO,2024-08-12,13:21:00,2024-08-14,1.35,1.35,1.35,1.35,0,9210,0
BANKNIFTY14AUG2455600CE.NFO,2024-08-12,13:22:00,2024-08-14,1.35,1.45,1.35,1.45,240,9180,0
BANKNIFTY14AUG2455600CE.NFO,2024-08-12,13:23:00,2024-08-14,1.45,1.45,1.45,1.45,0,9180,0
BANKNIFTY14AUG2455600CE.NFO,2024-08-12,13:24:00,2024-08-14,1.45,1.45,1.45,1.45,0,9180,0
BANKNIFTY14AUG2455600CE.NFO,2024-08-12,13:25:00,2024-08-14,1.45,1.45,1.45,1.45,0,9180,0
BANKNIFTY14AUG2455600CE.NFO,2024-08-12,13:26:00,2024-08-14,1.45,1.45,1.45,1.45,0,9180,0
BANKNIFTY14AUG2455600CE.NFO,2024-08-12,13:27:00,2024-08-14,1.45,1.45,1.45,1.45,285,9120,0
BANKNIFTY14AUG2455600CE.NFO,2024-08-12,13:28:00,2024-08-14,1.45,1.45,1.45,1.45,15,9120,0
BANKNIFTY14AUG2455600CE.NFO,2024-08-12,13:29:00,2024-08-14,1.45,1.45,1.45,1.45,0,9120,0
BANKNIFTY14AUG2455600CE.NFO,2024-08-12,13:30:00,2024-08-14,1.45,1.5,1.45,1.5,240,9030,0
BANKNIFTY14AUG2455600CE.NFO,2024-08-12,13:31:00,2024-08-14,1.5,1.5,1.45,1.45,15,9030,0
BANKNIFTY14AUG2455600CE.NFO,2024-08-12,13:32:00,2024-08-14,1.45,1.45,1.45,1.45,75,8850,0
BANKNIFTY14AUG2455600CE.NFO,2024-08-12,13:33:00,2024-08-14,1.45,1.55,1.45,1.55,30,8850,0
BANKNIFTY14AUG2455600CE.NFO,2024-08-12,13:34:00,2024-08-14,1.55,1.55,1.55,1.55,0,8850,0
BANKNIFTY14AUG2455600CE.NFO,2024-08-12,13:35:00,2024-08-14,1.55,1.55,1.55,1.55,0,8850,0
BANKNIFTY14AUG2455600CE.NFO,2024-08-12,13:36:00,2024-08-14,1.55,1.55,1.55,1.55,0,8850,0
BANKNIFTY14AUG2455600CE.NFO,2024-08-12,13:37:00,2024-08-14,1.55,1.55,1.55,1.55,0,8850,0
BANKNIFTY14AUG2455600CE.NFO,2024-08-12,13:38:00,2024-08-14,1.55,1.55,1.55,1.55,0,8850,0
BANKNIFTY14AUG2455600CE.NFO,2024-08-12,13:39:00,2024-08-14,1.55,1.55,1.5,1.5,180,8775,0
BANKNIFTY14AUG2455600CE.NFO,2024-08-12,13:40:00,2024-08-14,1.5,1.5,1.5,1.5,0,8775,0
BANKNIFTY14AUG2455600CE.NFO,2024-08-12,13:41:00,2024-08-14,1.5,1.5,1.5,1.5,0,8775,0
BANKNIFTY14AUG2455600CE.NFO,2024-08-12,13:42:00,2024-08-14,1.5,1.5,1.5,1.5,0,8775,0
BANKNIFTY14AUG2455600CE.NFO,2024-08-12,13:43:00,2024-08-14,1.5,1.5,1.5,1.5,0,8775,0
BANKNIFTY14AUG2455600CE.NFO,2024-08-12,13:44:00,2024-08-14,1.5,1.5,1.5,1.5,0,8775,0
BANKNIFTY14AUG2455600CE.NFO,2024-08-12,13:45:00,2024-08-14,1.5,1.5,1.5,1.5,0,8775,0
BANKNIFTY14AUG2455600CE.NFO,2024-08-12,13:46:00,2024-08-14,1.5,1.5,1.5,1.5,0,8775,0
BANKNIFTY14AUG2455600CE.NFO,2024-08-12,13:47:00,2024-08-14,1.5,1.5,1.4,1.4,420,8925,0
BANKNIFTY14AUG2455600CE.NFO,2024-08-12,13:48:00,2024-08-14,1.4,1.4,1.4,1.4,0,8925,0
BANKNIFTY14AUG2455600CE.NFO,2024-08-12,13:49:00,2024-08-14,1.4,1.4,1.4,1.4,60,9150,0
BANKNIFTY14AUG2455600CE.NFO,2024-08-12,13:50:00,2024-08-14,1.4,1.45,1.35,1.35,120,9150,0
BANKNIFTY14AUG2455600CE.NFO,2024-08-12,13:51:00,2024-08-14,1.35,1.35,1.3,1.3,180,9150,0
BANKNIFTY14AUG2455600CE.NFO,2024-08-12,13:52:00,2024-08-14,1.3,1.4,1.3,1.4,600,9240,0
BANKNIFTY14AUG2455600CE.NFO,2024-08-12,13:53:00,2024-08-14,1.4,1.4,1.35,1.35,540,9240,0
BANKNIFTY14AUG2455600CE.NFO,2024-08-12,13:54:00,2024-08-14,1.35,1.35,1.3,1.35,795,9240,0
BANKNIFTY14AUG2455600CE.NFO,2024-08-12,13:55:00,2024-08-14,1.35,1.35,1.3,1.3,15,10170,0
BANKNIFTY14AUG2455600CE.NFO,2024-08-12,13:56:00,2024-08-14,1.3,1.3,1.3,1.3,0,10170,0
BANKNIFTY14AUG2455600CE.NFO,2024-08-12,13:57:00,2024-08-14,1.3,1.35,1.3,1.35,435,10170,0
BANKNIFTY14AUG2455600CE.NFO,2024-08-12,13:58:00,2024-08-14,1.35,1.35,1.35,1.35,300,9900,0
BANKNIFTY14AUG2455600CE.NFO,2024-08-12,13:59:00,2024-08-14,1.35,1.4,1.35,1.4,210,9900,0
BANKNIFTY14AUG2455600CE.NFO,2024-08-12,14:00:00,2024-08-14,1.4,1.4,1.4,1.4,120,9900,0
BANKNIFTY14AUG2455600CE.NFO,2024-08-12,14:01:00,2024-08-14,1.4,1.45,1.4,1.4,105,9795,0
BANKNIFTY14AUG2455600CE.NFO,2024-08-12,14:02:00,2024-08-14,1.4,1.45,1.35,1.35,195,9795,0
BANKNIFTY14AUG2455600CE.NFO,2024-08-12,14:03:00,2024-08-14,1.35,1.35,1.35,1.35,120,9795,0
BANKNIFTY14AUG2455600CE.NFO,2024-08-12,14:04:00,2024-08-14,1.35,1.35,1.35,1.35,0,9795,0
BANKNIFTY14AUG2455600CE.NFO,2024-08-12,14:05:00,2024-08-14,1.4,1.4,1.35,1.35,180,9960,0
BANKNIFTY14AUG2455600CE.NFO,2024-08-12,14:06:00,2024-08-14,1.35,1.35,1.35,1.35,0,9960,0
BANKNIFTY14AUG2455600CE.NFO,2024-08-12,14:07:00,2024-08-14,1.4,1.4,1.4,1.4,120,9975,0
BANKNIFTY14AUG2455600CE.NFO,2024-08-12,14:08:00,2024-08-14,1.4,1.55,1.4,1.45,1320,9975,0
BANKNIFTY14AUG2455600CE.NFO,2024-08-12,14:09:00,2024-08-14,1.45,1.55,1.45,1.5,2100,9975,0
BANKNIFTY14AUG2455600CE.NFO,2024-08-12,14:10:00,2024-08-14,1.5,1.5,1.45,1.45,2220,10080,0
BANKNIFTY14AUG2455600CE.NFO,2024-08-12,14:11:00,2024-08-14,1.45,1.45,1.45,1.45,0,10080,0
BANKNIFTY14AUG2455600CE.NFO,2024-08-12,14:12:00,2024-08-14,1.45,1.5,1.4,1.5,1695,10080,0
BANKNIFTY14AUG2455600CE.NFO,2024-08-12,14:13:00,2024-08-14,1.5,1.6,1.5,1.6,990,10920,0
BANKNIFTY14AUG2455600CE.NFO,2024-08-12,14:14:00,2024-08-14,1.6,1.6,1.55,1.6,1215,10920,0
BANKNIFTY14AUG2455600CE.NFO,2024-08-12,14:15:00,2024-08-14,1.6,1.6,1.55,1.55,90,10920,0
BANKNIFTY14AUG2455600CE.NFO,2024-08-12,14:16:00,2024-08-14,1.55,1.55,1.5,1.55,60,11760,0
BANKNIFTY14AUG2455600CE.NFO,2024-08-12,14:17:00,2024-08-14,1.55,1.55,1.5,1.5,60,11760,0
BANKNIFTY14AUG2455600CE.NFO,2024-08-12,14:18:00,2024-08-14,1.5,1.55,1.5,1.55,120,11760,0
BANKNIFTY14AUG2455600CE.NFO,2024-08-12,14:19:00,2024-08-14,1.55,1.55,1.55,1.55,0,11760,0
BANKNIFTY14AUG2455600CE.NFO,2024-08-12,14:20:00,2024-08-14,1.55,1.55,1.5,1.5,885,11835,0
BANKNIFTY14AUG2455600CE.NFO,2024-08-12,14:21:00,2024-08-14,1.5,1.55,1.5,1.55,90,11835,0
BANKNIFTY14AUG2455600CE.NFO,2024-08-12,14:22:00,2024-08-14,1.55,1.55,1.5,1.5,75,11220,0
BANKNIFTY14AUG2455600CE.NFO,2024-08-12,14:23:00,2024-08-14,1.5,1.5,1.45,1.45,30,11220,0
BANKNIFTY14AUG2455600CE.NFO,2024-08-12,14:24:00,2024-08-14,1.45,1.45,1.45,1.45,0,11220,0
BANKNIFTY14AUG2455600CE.NFO,2024-08-12,14:25:00,2024-08-14,1.55,1.55,1.45,1.45,30,11220,0
BANKNIFTY14AUG2455600CE.NFO,2024-08-12,14:26:00,2024-08-14,1.45,1.45,1.45,1.45,0,11220,0
BANKNIFTY14AUG2455600CE.NFO,2024-08-12,14:27:00,2024-08-14,1.45,1.55,1.45,1.55,75,11220,0
BANKNIFTY14AUG2455600CE.NFO,2024-08-12,14:28:00,2024-08-14,1.55,1.55,1.55,1.55,0,11220,0
BANKNIFTY14AUG2455600CE.NFO,2024-08-12,14:29:00,2024-08-14,1.55,1.55,1.55,1.55,0,11220,0
BANKNIFTY14AUG2455600CE.NFO,2024-08-12,14:30:00,2024-08-14,1.55,1.55,1.55,1.55,0,11220,0
BANKNIFTY14AUG2455600CE.NFO,2024-08-12,14:31:00,2024-08-14,1.55,1.55,1.45,1.5,495,11220,0
BANKNIFTY14AUG2455600CE.NFO,2024-08-12,14:32:00,2024-08-14,1.5,1.5,1.5,1.5,15,11220,0
BANKNIFTY14AUG2455600CE.NFO,2024-08-12,14:33:00,2024-08-14,1.5,1.5,1.5,1.5,0,11220,0
BANKNIFTY14AUG2455600CE.NFO,2024-08-12,14:34:00,2024-08-14,1.5,1.5,1.5,1.5,0,11220,0
BANKNIFTY14AUG2455600CE.NFO,2024-08-12,14:35:00,2024-08-14,1.5,1.5,1.5,1.5,0,11220,0
BANKNIFTY14AUG2455600CE.NFO,2024-08-12,14:36:00,2024-08-14,1.5,1.5,1.5,1.5,0,11220,0
BANKNIFTY14AUG2455600CE.NFO,2024-08-12,14:37:00,2024-08-14,1.5,1.5,1.5,1.5,0,11220,0
BANKNIFTY14AUG2455600CE.NFO,2024-08-12,14:38:00,2024-08-14,1.5,1.5,1.5,1.5,0,11220,0
BANKNIFTY14AUG2455600CE.NFO,2024-08-12,14:39:00,2024-08-14,1.5,1.5,1.5,1.5,0,11220,0
BANKNIFTY14AUG2455600CE.NFO,2024-08-12,14:40:00,2024-08-14,1.5,1.5,1.5,1.5,0,11220,0
BANKNIFTY14AUG2455600CE.NFO,2024-08-12,14:41:00,2024-08-14,1.5,1.55,1.5,1.55,30,11325,0
BANKNIFTY14AUG2455600CE.NFO,2024-08-12,14:42:00,2024-08-14,1.55,1.55,1.55,1.55,0,11325,0
BANKNIFTY14AUG2455600CE.NFO,2024-08-12,14:43:00,2024-08-14,1.55,1.55,1.55,1.55,0,11325,0
BANKNIFTY14AUG2455600CE.NFO,2024-08-12,14:44:00,2024-08-14,1.55,1.55,1.55,1.55,0,11325,0
BANKNIFTY14AUG2455600CE.NFO,2024-08-12,14:45:00,2024-08-14,1.55,1.55,1.5,1.5,30,11325,0
BANKNIFTY14AUG2455600CE.NFO,2024-08-12,14:46:00,2024-08-14,1.5,1.5,1.5,1.5,0,11325,0
BANKNIFTY14AUG2455600CE.NFO,2024-08-12,14:47:00,2024-08-14,1.5,1.5,1.5,1.5,0,11325,0
BANKNIFTY14AUG2455600CE.NFO,2024-08-12,14:48:00,2024-08-14,1.5,1.5,1.5,1.5,135,11295,0
BANKNIFTY14AUG2455600CE.NFO,2024-08-12,14:49:00,2024-08-14,1.5,1.5,1.5,1.5,0,11295,0
BANKNIFTY14AUG2455600CE.NFO,2024-08-12,14:50:00,2024-08-14,1.5,1.55,1.5,1.55,1095,11220,0
BANKNIFTY14AUG2455600CE.NFO,2024-08-12,14:51:00,2024-08-14,1.55,1.55,1.4,1.45,1005,11220,0
BANKNIFTY14AUG2455600CE.NFO,2024-08-12,14:52:00,2024-08-14,1.45,1.45,1.4,1.4,30,11205,0
BANKNIFTY14AUG2455600CE.NFO,2024-08-12,14:53:00,2024-08-14,1.4,1.45,1.35,1.35,120,11205,0
BANKNIFTY14AUG2455600CE.NFO,2024-08-12,14:54:00,2024-08-14,1.35,1.45,1.35,1.35,300,11205,0
BANKNIFTY14AUG2455600CE.NFO,2024-08-12,14:55:00,2024-08-14,1.35,1.35,1.35,1.35,30,11205,0
BANKNIFTY14AUG2455600CE.NFO,2024-08-12,14:56:00,2024-08-14,1.35,1.45,1.35,1.4,165,11325,0
BANKNIFTY14AUG2455600CE.NFO,2024-08-12,14:57:00,2024-08-14,1.4,1.45,1.35,1.45,45,11325,0
BANKNIFTY14AUG2455600CE.NFO,2024-08-12,14:58:00,2024-08-14,1.45,1.45,1.4,1.4,435,11475,0
BANKNIFTY14AUG2455600CE.NFO,2024-08-12,14:59:00,2024-08-14,1.4,1.4,1.35,1.35,15,11475,0
BANKNIFTY14AUG2455600CE.NFO,2024-08-12,15:00:00,2024-08-14,1.35,1.5,1.35,1.35,315,11475,0
BANKNIFTY14AUG2455600CE.NFO,2024-08-12,15:01:00,2024-08-14,1.35,1.35,1.35,1.35,30,11475,0
BANKNIFTY14AUG2455600CE.NFO,2024-08-12,15:02:00,2024-08-14,1.35,1.55,1.35,1.55,360,11340,0
BANKNIFTY14AUG2455600CE.NFO,2024-08-12,15:03:00,2024-08-14,1.55,1.55,1.4,1.4,45,11340,0
BANKNIFTY14AUG2455600CE.NFO,2024-08-12,15:04:00,2024-08-14,1.4,1.4,1.4,1.4,405,11190,0
BANKNIFTY14AUG2455600CE.NFO,2024-08-12,15:05:00,2024-08-14,1.4,1.45,1.4,1.45,150,11190,0
BANKNIFTY14AUG2455600CE.NFO,2024-08-12,15:06:00,2024-08-14,1.45,1.45,1.3,1.3,1425,11190,0
BANKNIFTY14AUG2455600CE.NFO,2024-08-12,15:07:00,2024-08-14,1.3,1.5,1.3,1.5,675,11265,0
BANKNIFTY14AUG2455600CE.NFO,2024-08-12,15:08:00,2024-08-14,1.5,1.5,1.5,1.5,210,11265,0
BANKNIFTY14AUG2455600CE.NFO,2024-08-12,15:09:00,2024-08-14,1.5,1.55,1.45,1.5,615,11265,0
BANKNIFTY14AUG2455600CE.NFO,2024-08-12,15:10:00,2024-08-14,1.3,1.4,1.3,1.35,4665,11265,0
BANKNIFTY14AUG2455600CE.NFO,2024-08-12,15:11:00,2024-08-14,1.35,1.4,1.35,1.4,975,13470,0
BANKNIFTY14AUG2455600CE.NFO,2024-08-12,15:12:00,2024-08-14,1.4,1.4,1.25,1.35,11940,13470,0
BANKNIFTY14AUG2455600CE.NFO,2024-08-12,15:13:00,2024-08-14,1.35,1.4,1.3,1.35,1935,14850,0
BANKNIFTY14AUG2455600CE.NFO,2024-08-12,15:14:00,2024-08-14,1.35,1.35,1.3,1.35,315,14850,0
BANKNIFTY14AUG2455600CE.NFO,2024-08-12,15:15:00,2024-08-14,1.35,1.4,1.3,1.4,75,14850,0
BANKNIFTY14AUG2455600CE.NFO,2024-08-12,15:16:00,2024-08-14,1.4,1.4,1.3,1.35,5070,15030,0
BANKNIFTY14AUG2455600CE.NFO,2024-08-12,15:17:00,2024-08-14,1.35,1.35,1.35,1.35,0,15030,0
BANKNIFTY14AUG2455600CE.NFO,2024-08-12,15:18:00,2024-08-14,1.35,1.35,1.25,1.35,210,15030,0
BANKNIFTY14AUG2455600CE.NFO,2024-08-12,15:19:00,2024-08-14,1.35,1.35,1.25,1.3,135,15180,0
BANKNIFTY14AUG2455600CE.NFO,2024-08-12,15:20:00,2024-08-14,1.3,1.3,1.3,1.3,30,15180,0
BANKNIFTY14AUG2455600CE.NFO,2024-08-12,15:21:00,2024-08-14,1.3,1.4,1.25,1.3,4605,15180,0
BANKNIFTY14AUG2455600CE.NFO,2024-08-12,15:22:00,2024-08-14,1.3,1.3,1.2,1.3,2490,15180,0
BANKNIFTY14AUG2455600CE.NFO,2024-08-12,15:23:00,2024-08-14,1.3,1.3,1.3,1.3,585,16440,0
BANKNIFTY14AUG2455600CE.NFO,2024-08-12,15:24:00,2024-08-14,1.3,1.3,1.2,1.2,420,16440,0
BANKNIFTY14AUG2455600CE.NFO,2024-08-12,15:25:00,2024-08-14,1.2,1.4,1.15,1.4,660,16965,0
BANKNIFTY14AUG2455600CE.NFO,2024-08-12,15:26:00,2024-08-14,1.4,1.4,1.35,1.4,360,16965,0
BANKNIFTY14AUG2455600CE.NFO,2024-08-12,15:27:00,2024-08-14,1.4,1.4,1.35,1.35,285,16965,0
BANKNIFTY14AUG2455600CE.NFO,2024-08-12,15:28:00,2024-08-14,1.4,1.45,1.25,1.25,1335,16185,0
BANKNIFTY14AUG2455600CE.NFO,2024-08-12,15:29:00,2024-08-14,1.25,1.65,0.9,0.9,1695,16185,0
BANKNIFTY14AUG2455600CE.NFO,2024-08-12,15:30:00,2024-08-14,0.9,0.9,0.9,0.9,1695,16185,1
BANKNIFTY14AUG2455600CE.NFO,2024-08-13,09:15:00,2024-08-14,2.25,2.25,1.35,1.35,45,15915,0
BANKNIFTY14AUG2455600CE.NFO,2024-08-13,09:16:00,2024-08-14,1.35,1.35,1.35,1.35,360,15915,0
BANKNIFTY14AUG2455600CE.NFO,2024-08-13,09:17:00,2024-08-14,1.35,1.4,1.3,1.35,135,15915,0
BANKNIFTY14AUG2455600CE.NFO,2024-08-13,09:18:00,2024-08-14,1.35,1.45,1.3,1.3,1380,16095,0
BANKNIFTY14AUG2455600CE.NFO,2024-08-13,09:19:00,2024-08-14,1.3,1.55,1.3,1.4,1920,16095,0
BANKNIFTY14AUG2455600CE.NFO,2024-08-13,09:20:00,2024-08-14,1.4,1.4,1.05,1.2,2055,16095,0
BANKNIFTY14AUG2455600CE.NFO,2024-08-13,09:21:00,2024-08-14,1.2,1.25,1.2,1.25,240,16095,0
BANKNIFTY14AUG2455600CE.NFO,2024-08-13,09:22:00,2024-08-14,1.25,1.25,1.15,1.25,60,16920,0
BANKNIFTY14AUG2455600CE.NFO,2024-08-13,09:23:00,2024-08-14,1.25,1.25,1.25,1.25,225,16920,0
BANKNIFTY14AUG2455600CE.NFO,2024-08-13,09:24:00,2024-08-14,1.25,1.35,1.25,1.25,570,17370,0
BANKNIFTY14AUG2455600CE.NFO,2024-08-13,09:25:00,2024-08-14,1.25,1.3,1.2,1.2,435,17370,0
BANKNIFTY14AUG2455600CE.NFO,2024-08-13,09:26:00,2024-08-14,1.2,1.3,1.2,1.3,495,17370,0
BANKNIFTY14AUG2455600CE.NFO,2024-08-13,09:27:00,2024-08-14,1.3,1.3,1.2,1.2,225,17370,0
BANKNIFTY14AUG2455600CE.NFO,2024-08-13,09:28:00,2024-08-14,1.2,1.2,1.15,1.2,420,17280,0
BANKNIFTY14AUG2455600CE.NFO,2024-08-13,09:29:00,2024-08-14,1.2,1.2,1.2,1.2,0,17280,0
BANKNIFTY14AUG2455600CE.NFO,2024-08-13,09:30:00,2024-08-14,1.2,1.2,1.2,1.2,15,17280,0
BANKNIFTY14AUG2455600CE.NFO,2024-08-13,09:31:00,2024-08-14,1.2,1.2,1.2,1.2,0,17280,0
BANKNIFTY14AUG2455600CE.NFO,2024-08-13,09:32:00,2024-08-14,1.2,1.2,1.2,1.2,0,17280,0
BANKNIFTY14AUG2455600CE.NFO,2024-08-13,09:33:00,2024-08-14,1.2,1.2,1.2,1.2,0,17280,0
BANKNIFTY14AUG2455600CE.NFO,2024-08-13,09:34:00,2024-08-14,1.2,1.2,1.2,1.2,165,17160,0
BANKNIFTY14AUG2455600CE.NFO,2024-08-13,09:35:00,2024-08-14,1.2,1.25,1.2,1.25,435,17160,0
BANKNIFTY14AUG2455600CE.NFO,2024-08-13,09:36:00,2024-08-14,1.25,1.25,1.25,1.25,45,17160,0
BANKNIFTY14AUG2455600CE.NFO,2024-08-13,09:37:00,2024-08-14,1.25,1.3,1.25,1.3,345,17160,0
BANKNIFTY14AUG2455600CE.NFO,2024-08-13,09:38:00,2024-08-14,1.3,1.35,1.3,1.3,540,17160,0
BANKNIFTY14AUG2455600CE.NFO,2024-08-13,09:39:00,2024-08-14,1.3,1.3,1.3,1.3,0,17160,0
BANKNIFTY14AUG2455600CE.NFO,2024-08-13,09:40:00,2024-08-14,1.3,1.35,1.3,1.35,390,16815,0
BANKNIFTY14AUG2455600CE.NFO,2024-08-13,09:41:00,2024-08-14,1.35,1.35,1.3,1.3,300,16815,0
BANKNIFTY14AUG2455600CE.NFO,2024-08-13,09:42:00,2024-08-14,1.3,1.3,1.3,1.3,15,16815,0
BANKNIFTY14AUG2455600CE.NFO,2024-08-13,09:43:00,2024-08-14,1.3,1.3,1.3,1.3,15,16350,0
BANKNIFTY14AUG2455600CE.NFO,2024-08-13,09:44:00,2024-08-14,1.3,1.3,1.3,1.3,60,16350,0
BANKNIFTY14AUG2455600CE.NFO,2024-08-13,09:45:00,2024-08-14,1.3,1.3,1.3,1.3,195,16350,0
BANKNIFTY14AUG2455600CE.NFO,2024-08-13,09:46:00,2024-08-14,1.3,1.3,1.3,1.3,0,16350,0
BANKNIFTY14AUG2455600CE.NFO,2024-08-13,09:47:00,2024-08-14,1.3,1.3,1.25,1.25,90,16305,0
BANKNIFTY14AUG2455600CE.NFO,2024-08-13,09:48:00,2024-08-14,1.25,1.35,1.25,1.35,330,16305,0
BANKNIFTY14AUG2455600CE.NFO,2024-08-13,09:49:00,2024-08-14,1.35,1.4,1.35,1.4,540,16185,0
BANKNIFTY14AUG2455600CE.NFO,2024-08-13,09:50:00,2024-08-14,1.4,1.45,1.35,1.45,645,16185,0
BANKNIFTY14AUG2455600CE.NFO,2024-08-13,09:51:00,2024-08-14,1.45,1.45,1.45,1.45,495,16185,0
BANKNIFTY14AUG2455600CE.NFO,2024-08-13,09:52:00,2024-08-14,1.45,1.45,1.4,1.4,105,15225,0
BANKNIFTY14AUG2455600CE.NFO,2024-08-13,09:53:00,2024-08-14,1.4,1.5,1.4,1.5,165,15225,0
BANKNIFTY14AUG2455600CE.NFO,2024-08-13,09:54:00,2024-08-14,1.5,1.5,1.4,1.5,600,15225,0
BANKNIFTY14AUG2455600CE.NFO,2024-08-13,09:55:00,2024-08-14,1.5,1.5,1.5,1.5,0,15225,0
BANKNIFTY14AUG2455600CE.NFO,2024-08-13,09:56:00,2024-08-14,1.5,1.5,1.4,1.5,1365,14730,0
BANKNIFTY14AUG2455600CE.NFO,2024-08-13,09:57:00,2024-08-14,1.5,1.5,1.45,1.45,1365,14730,0
BANKNIFTY14AUG2455600CE.NFO,2024-08-13,09:58:00,2024-08-14,1.45,1.45,1.45,1.45,0,14730,0
BANKNIFTY14AUG2455600CE.NFO,2024-08-13,09:59:00,2024-08-14,1.45,1.5,1.4,1.4,180,13245,0
BANKNIFTY14AUG2455600CE.NFO,2024-08-13,10:00:00,2024-08-14,1.4,1.45,1.4,1.45,105,13245,0
BANKNIFTY14AUG2455600CE.NFO,2024-08-13,10:01:00,2024-08-14,1.45,1.55,1.45,1.55,1560,13155,0
BANKNIFTY14AUG2455600CE.NFO,2024-08-13,10:02:00,2024-08-14,1.55,1.55,1.5,1.55,390,13155,0
BANKNIFTY14AUG2455600CE.NFO,2024-08-13,10:03:00,2024-08-14,1.55,1.55,1.5,1.55,1935,13275,0
BANKNIFTY14AUG2455600CE.NFO,2024-08-13,10:04:00,2024-08-14,1.5,1.6,1.5,1.6,1065,13275,0
BANKNIFTY14AUG2455600CE.NFO,2024-08-13,10:05:00,2024-08-14,1.6,1.6,1.55,1.55,60,13275,0
BANKNIFTY14AUG2455600CE.NFO,2024-08-13,10:06:00,2024-08-14,1.55,1.55,1.55,1.55,930,13275,0
BANKNIFTY14AUG2455600CE.NFO,2024-08-13,10:07:00,2024-08-14,1.55,1.65,1.55,1.65,885,13725,0
BANKNIFTY14AUG2455600CE.NFO,2024-08-13,10:08:00,2024-08-14,1.65,1.65,1.5,1.5,1065,13725,0
BANKNIFTY14AUG2455600CE.NFO,2024-08-13,10:09:00,2024-08-14,1.5,1.55,1.5,1.55,465,13725,0
BANKNIFTY14AUG2455600CE.NFO,2024-08-13,10:10:00,2024-08-14,1.55,1.6,1.5,1.55,1200,14040,0
BANKNIFTY14AUG2455600CE.NFO,2024-08-13,10:11:00,2024-08-14,1.55,1.55,1.45,1.5,1590,14040,0
BANKNIFTY14AUG2455600CE.NFO,2024-08-13,10:12:00,2024-08-14,1.5,1.55,1.5,1.55,75,14040,0
BANKNIFTY14AUG2455600CE.NFO,2024-08-13,10:13:00,2024-08-14,1.55,1.55,1.5,1.5,240,12990,0
BANKNIFTY14AUG2455600CE.NFO,2024-08-13,10:14:00,2024-08-14,1.5,1.55,1.5,1.55,345,12990,0
BANKNIFTY14AUG2455600CE.NFO,2024-08-13,10:15:00,2024-08-14,1.55,1.55,1.55,1.55,720,12990,0
BANKNIFTY14AUG2455600CE.NFO,2024-08-13,10:16:00,2024-08-14,1.55,1.55,1.5,1.55,1905,13590,0
BANKNIFTY14AUG2455600CE.NFO,2024-08-13,10:17:00,2024-08-14,1.55,1.55,1.5,1.5,420,13590,0
BANKNIFTY14AUG2455600CE.NFO,2024-08-13,10:18:00,2024-08-14,1.5,1.55,1.5,1.5,975,13590,0
BANKNIFTY14AUG2455600CE.NFO,2024-08-13,10:19:00,2024-08-14,1.5,1.6,1.5,1.55,2190,14175,0
BANKNIFTY14AUG2455600CE.NFO,2024-08-13,10:20:00,2024-08-14,1.55,1.7,1.55,1.7,330,14175,0
BANKNIFTY14AUG2455600CE.NFO,2024-08-13,10:21:00,2024-08-14,1.7,1.9,1.7,1.9,1080,14175,0
BANKNIFTY14AUG2455600CE.NFO,2024-08-13,10:22:00,2024-08-14,1.9,1.9,1.8,1.8,690,15855,0
BANKNIFTY14AUG2455600CE.NFO,2024-08-13,10:23:00,2024-08-14,1.8,2.05,1.8,2.0,2445,15855,0
BANKNIFTY14AUG2455600CE.NFO,2024-08-13,10:24:00,2024-08-14,2.0,2.05,1.9,1.9,1290,15855,0
BANKNIFTY14AUG2455600CE.NFO,2024-08-13,10:25:00,2024-08-14,1.9,1.9,1.9,1.9,480,17400,0
BANKNIFTY14AUG2455600CE.NFO,2024-08-13,10:26:00,2024-08-14,1.9,1.9,1.85,1.85,1470,17400,0
BANKNIFTY14AUG2455600CE.NFO,2024-08-13,10:27:00,2024-08-14,1.85,1.9,1.8,1.85,1680,17400,0
BANKNIFTY14AUG2455600CE.NFO,2024-08-13,10:28:00,2024-08-14,1.85,1.85,1.8,1.8,1050,18585,0
BANKNIFTY14AUG2455600CE.NFO,2024-08-13,10:29:00,2024-08-14,1.8,1.8,1.75,1.8,705,18585,0
BANKNIFTY14AUG2455600CE.NFO,2024-08-13,10:30:00,2024-08-14,1.8,1.8,1.8,1.8,0,18585,0
BANKNIFTY14AUG2455600CE.NFO,2024-08-13,10:31:00,2024-08-14,1.8,1.85,1.8,1.8,255,19065,0
BANKNIFTY14AUG2455600CE.NFO,2024-08-13,10:32:00,2024-08-14,1.8,1.85,1.75,1.8,1395,19065,0
BANKNIFTY14AUG2455600CE.NFO,2024-08-13,10:33:00,2024-08-14,1.8,1.85,1.8,1.85,15,19065,0
BANKNIFTY14AUG2455600CE.NFO,2024-08-13,10:34:00,2024-08-14,1.85,1.85,1.8,1.8,405,18855,0
BANKNIFTY14AUG2455600CE.NFO,2024-08-13,10:35:00,2024-08-14,1.8,1.8,1.8,1.8,15,18855,0
BANKNIFTY14AUG2455600CE.NFO,2024-08-13,10:36:00,2024-08-14,1.8,1.8,1.8,1.8,0,18855,0
BANKNIFTY14AUG2455600CE.NFO,2024-08-13,10:37:00,2024-08-14,1.8,1.8,1.75,1.8,495,18750,0
BANKNIFTY14AUG2455600CE.NFO,2024-08-13,10:38:00,2024-08-14,1.85,1.85,1.8,1.8,1230,18750,0
BANKNIFTY14AUG2455600CE.NFO,2024-08-13,10:39:00,2024-08-14,1.8,1.8,1.8,1.8,195,18750,0
BANKNIFTY14AUG2455600CE.NFO,2024-08-13,10:40:00,2024-08-14,1.75,1.8,1.75,1.8,495,17490,0
BANKNIFTY14AUG2455600CE.NFO,2024-08-13,10:41:00,2024-08-14,1.8,1.8,1.75,1.75,180,17490,0
BANKNIFTY14AUG2455600CE.NFO,2024-08-13,10:42:00,2024-08-14,1.75,1.75,1.75,1.75,0,17490,0
BANKNIFTY14AUG2455600CE.NFO,2024-08-13,10:43:00,2024-08-14,1.75,1.75,1.75,1.75,0,17325,0
BANKNIFTY14AUG2455600CE.NFO,2024-08-13,10:44:00,2024-08-14,1.75,1.75,1.7,1.7,825,17325,0
BANKNIFTY14AUG2455600CE.NFO,2024-08-13,10:45:00,2024-08-14,1.7,1.7,1.7,1.7,0,17325,0
BANKNIFTY14AUG2455600CE.NFO,2024-08-13,10:46:00,2024-08-14,1.7,1.75,1.7,1.75,720,17475,0
BANKNIFTY14AUG2455600CE.NFO,2024-08-13,10:47:00,2024-08-14,1.75,1.75,1.75,1.75,75,17475,0
BANKNIFTY14AUG2455600CE.NFO,2024-08-13,10:48:00,2024-08-14,1.75,1.75,1.75,1.75,285,17475,0
BANKNIFTY14AUG2455600CE.NFO,2024-08-13,10:49:00,2024-08-14,1.75,1.75,1.75,1.75,150,17850,0
BANKNIFTY14AUG2455600CE.NFO,2024-08-13,10:50:00,2024-08-14,1.75,1.75,1.7,1.7,15,17850,0
BANKNIFTY14AUG2455600CE.NFO,2024-08-13,10:51:00,2024-08-14,1.7,1.7,1.7,1.7,0,17850,0
BANKNIFTY14AUG2455600CE.NFO,2024-08-13,10:52:00,2024-08-14,1.7,1.7,1.7,1.7,0,17850,0
BANKNIFTY14AUG2455600CE.NFO,2024-08-13,10:53:00,2024-08-14,1.7,1.75,1.7,1.75,90,17835,0
BANKNIFTY14AUG2455600CE.NFO,2024-08-13,10:54:00,2024-08-14,1.75,1.75,1.7,1.7,135,17835,0
BANKNIFTY14AUG2455600CE.NFO,2024-08-13,10:55:00,2024-08-14,1.7,1.7,1.7,1.7,795,17940,0
BANKNIFTY14AUG2455600CE.NFO,2024-08-13,10:56:00,2024-08-14,1.65,1.65,1.65,1.65,675,17940,0
BANKNIFTY14AUG2455600CE.NFO,2024-08-13,10:57:00,2024-08-14,1.65,1.65,1.65,1.65,15,17940,0
BANKNIFTY14AUG2455600CE.NFO,2024-08-13,10:58:00,2024-08-14,1.7,1.7,1.7,1.7,90,17895,0
BANKNIFTY14AUG2455600CE.NFO,2024-08-13,10:59:00,2024-08-14,1.7,1.7,1.7,1.7,840,17895,0
BANKNIFTY14AUG2455600CE.NFO,2024-08-13,11:00:00,2024-08-14,1.7,1.7,1.7,1.7,30,17895,0
BANKNIFTY14AUG2455600CE.NFO,2024-08-13,11:01:00,2024-08-14,1.7,1.7,1.7,1.7,0,17895,0
BANKNIFTY14AUG2455600CE.NFO,2024-08-13,11:02:00,2024-08-14,1.7,1.7,1.7,1.7,0,17895,0
BANKNIFTY14AUG2455600CE.NFO,2024-08-13,11:03:00,2024-08-14,1.7,1.7,1.7,1.7,0,17895,0
BANKNIFTY14AUG2455600CE.NFO,2024-08-13,11:04:00,2024-08-14,1.7,1.75,1.7,1.75,15,18255,0
BANKNIFTY14AUG2455600CE.NFO,2024-08-13,11:05:00,2024-08-14,1.75,1.75,1.75,1.75,30,18255,0
BANKNIFTY14AUG2455600CE.NFO,2024-08-13,11:06:00,2024-08-14,1.75,1.75,1.75,1.75,30,18255,0
BANKNIFTY14AUG2455600CE.NFO,2024-08-13,11:07:00,2024-08-14,1.75,1.75,1.75,1.75,0,18255,0
BANKNIFTY14AUG2455600CE.NFO,2024-08-13,11:08:00,2024-08-14,1.75,1.8,1.75,1.8,45,18240,0
BANKNIFTY14AUG2455600CE.NFO,2024-08-13,11:09:00,2024-08-14,1.8,1.8,1.8,1.8,0,18240,0
BANKNIFTY14AUG2455600CE.NFO,2024-08-13,11:10:00,2024-08-14,1.8,1.85,1.8,1.85,270,18225,0
BANKNIFTY14AUG2455600CE.NFO,2024-08-13,11:11:00,2024-08-14,1.85,1.85,1.85,1.85,120,18225,0
BANKNIFTY14AUG2455600CE.NFO,2024-08-13,11:12:00,2024-08-14,1.85,1.85,1.85,1.85,0,18225,0
BANKNIFTY14AUG2455600CE.NFO,2024-08-13,11:13:00,2024-08-14,1.85,2.0,1.85,1.95,1545,17340,0
BANKNIFTY14AUG2455600CE.NFO,2024-08-13,11:14:00,2024-08-14,1.95,1.95,1.95,1.95,0,17340,0
BANKNIFTY14AUG2455600CE.NFO,2024-08-13,11:15:00,2024-08-14,1.95,1.95,1.8,1.8,540,17340,0
BANKNIFTY14AUG2455600CE.NFO,2024-08-13,11:16:00,2024-08-14,1.8,1.8,1.8,1.8,90,17130,0
BANKNIFTY14AUG2455600CE.NFO,2024-08-13,11:17:00,2024-08-14,1.8,1.8,1.8,1.8,0,17130,0
BANKNIFTY14AUG2455600CE.NFO,2024-08-13,11:18:00,2024-08-14,1.8,1.9,1.75,1.75,0,17130,0
BANKNIFTY14AUG2455600CE.NFO,2024-08-13,11:19:00,2024-08-14,1.75,1.9,1.75,1.9,15,17235,0
BANKNIFTY14AUG2455600CE.NFO,2024-08-13,11:20:00,2024-08-14,1.9,1.9,1.85,1.85,0,17235,0
BANKNIFTY14AUG2455600CE.NFO,2024-08-13,11:21:00,2024-08-14,1.85,1.85,1.8,1.85,150,17235,0
BANKNIFTY14AUG2455600CE.NFO,2024-08-13,11:22:00,2024-08-14,1.85,1.85,1.85,1.85,75,17235,0
BANKNIFTY14AUG2455600CE.NFO,2024-08-13,11:23:00,2024-08-14,1.85,1.85,1.8,1.8,30,17415,0
BANKNIFTY14AUG2455600CE.NFO,2024-08-13,11:24:00,2024-08-14,1.8,1.8,1.75,1.75,0,17415,0
BANKNIFTY14AUG2455600CE.NFO,2024-08-13,11:25:00,2024-08-14,1.75,1.75,1.75,1.75,0,17400,0
BANKNIFTY14AUG2455600CE.NFO,2024-08-13,11:26:00,2024-08-14,1.75,1.75,1.75,1.75,0,17400,0
BANKNIFTY14AUG2455600CE.NFO,2024-08-13,11:27:00,2024-08-14,1.75,1.75,1.7,1.75,105,17400,0
BANKNIFTY14AUG2455600CE.NFO,2024-08-13,11:28:00,2024-08-14,1.75,1.75,1.75,1.75,195,17460,0
BANKNIFTY14AUG2455600CE.NFO,2024-08-13,11:29:00,2024-08-14,1.75,1.75,1.75,1.75,0,17460,0
BANKNIFTY14AUG2455600CE.NFO,2024-08-13,11:30:00,2024-08-14,1.75,1.75,1.75,1.75,0,17460,0
BANKNIFTY14AUG2455600CE.NFO,2024-08-13,11:31:00,2024-08-14,1.75,1.75,1.7,1.7,45,17460,0
BANKNIFTY14AUG2455600CE.NFO,2024-08-13,11:32:00,2024-08-14,1.7,1.7,1.7,1.7,0,17460,0
BANKNIFTY14AUG2455600CE.NFO,2024-08-13,11:33:00,2024-08-14,1.7,1.7,1.7,1.7,0,17460,0
BANKNIFTY14AUG2455600CE.NFO,2024-08-13,11:34:00,2024-08-14,1.7,1.7,1.7,1.7,0,17460,0
BANKNIFTY14AUG2455600CE.NFO,2024-08-13,11:35:00,2024-08-14,1.7,1.7,1.7,1.7,0,17460,0
BANKNIFTY14AUG2455600CE.NFO,2024-08-13,11:36:00,2024-08-14,1.7,1.7,1.7,1.7,0,17460,0
BANKNIFTY14AUG2455600CE.NFO,2024-08-13,11:37:00,2024-08-14,1.7,1.7,1.7,1.7,0,17460,0
BANKNIFTY14AUG2455600CE.NFO,2024-08-13,11:38:00,2024-08-14,1.7,1.7,1.7,1.7,0,17460,0
BANKNIFTY14AUG2455600CE.NFO,2024-08-13,11:39:00,2024-08-14,1.7,1.7,1.65,1.65,150,17145,0
BANKNIFTY14AUG2455600CE.NFO,2024-08-13,11:40:00,2024-08-14,1.65,1.65,1.6,1.6,195,16995,0
BANKNIFTY14AUG2455600CE.NFO,2024-08-13,11:41:00,2024-08-14,1.6,1.6,1.55,1.55,300,16995,0
BANKNIFTY14AUG2455600CE.NFO,2024-08-13,11:42:00,2024-08-14,1.55,1.6,1.55,1.6,255,16995,0
BANKNIFTY14AUG2455600CE.NFO,2024-08-13,11:43:00,2024-08-14,1.6,1.6,1.6,1.6,15,16935,0
BANKNIFTY14AUG2455600CE.NFO,2024-08-13,11:44:00,2024-08-14,1.6,1.6,1.6,1.6,1020,16935,0
BANKNIFTY14AUG2455600CE.NFO,2024-08-13,11:45:00,2024-08-14,1.6,1.6,1.6,1.6,0,16935,0
BANKNIFTY14AUG2455600CE.NFO,2024-08-13,11:46:00,2024-08-14,1.55,1.55,1.55,1.55,465,16965,0
BANKNIFTY14AUG2455600CE.NFO,2024-08-13,11:47:00,2024-08-14,1.55,1.6,1.55,1.6,360,16965,0
BANKNIFTY14AUG2455600CE.NFO,2024-08-13,11:48:00,2024-08-14,1.6,1.6,1.6,1.6,0,16965,0
BANKNIFTY14AUG2455600CE.NFO,2024-08-13,11:49:00,2024-08-14,1.6,1.6,1.6,1.6,30,17055,0
BANKNIFTY14AUG2455600CE.NFO,2024-08-13,11:50:00,2024-08-14,1.6,1.6,1.6,1.6,0,17055,0
BANKNIFTY14AUG2455600CE.NFO,2024-08-13,11:51:00,2024-08-14,1.6,1.6,1.6,1.6,0,17055,0
BANKNIFTY14AUG2455600CE.NFO,2024-08-13,11:52:00,2024-08-14,1.6,1.6,1.6,1.6,0,17055,0
BANKNIFTY14AUG2455600CE.NFO,2024-08-13,11:53:00,2024-08-14,1.6,1.7,1.6,1.6,15,17085,0
BANKNIFTY14AUG2455600CE.NFO,2024-08-13,11:54:00,2024-08-14,1.6,1.6,1.6,1.6,450,17085,0
BANKNIFTY14AUG2455600CE.NFO,2024-08-13,11:55:00,2024-08-14,1.6,1.6,1.6,1.6,0,17085,0
BANKNIFTY14AUG2455600CE.NFO,2024-08-13,11:56:00,2024-08-14,1.6,1.6,1.6,1.6,135,17490,0
BANKNIFTY14AUG2455600CE.NFO,2024-08-13,11:57:00,2024-08-14,1.6,1.6,1.6,1.6,0,17490,0
BANKNIFTY14AUG2455600CE.NFO,2024-08-13,11:58:00,2024-08-14,1.6,1.6,1.6,1.6,0,17490,0
BANKNIFTY14AUG2455600CE.NFO,2024-08-13,11:59:00,2024-08-14,1.6,1.65,1.6,1.65,270,17490,0
BANKNIFTY14AUG2455600CE.NFO,2024-08-13,12:00:00,2024-08-14,1.65,1.65,1.65,1.65,105,17490,0
BANKNIFTY14AUG2455600CE.NFO,2024-08-13,12:01:00,2024-08-14,1.65,1.7,1.65,1.7,0,17490,0
BANKNIFTY14AUG2455600CE.NFO,2024-08-13,12:02:00,2024-08-14,1.7,1.7,1.7,1.7,0,17490,0
BANKNIFTY14AUG2455600CE.NFO,2024-08-13,12:03:00,2024-08-14,1.7,1.7,1.6,1.6,345,17880,0
BANKNIFTY14AUG2455600CE.NFO,2024-08-13,12:04:00,2024-08-14,1.6,1.6,1.5,1.55,285,17730,0
BANKNIFTY14AUG2455600CE.NFO,2024-08-13,12:05:00,2024-08-14,1.55,1.6,1.55,1.6,195,17730,0
BANKNIFTY14AUG2455600CE.NFO,2024-08-13,12:06:00,2024-08-14,1.6,1.6,1.55,1.55,120,17730,0
BANKNIFTY14AUG2455600CE.NFO,2024-08-13,12:07:00,2024-08-14,1.55,1.6,1.55,1.6,45,17610,0
BANKNIFTY14AUG2455600CE.NFO,2024-08-13,12:08:00,2024-08-14,1.6,1.6,1.55,1.55,90,17610,0
BANKNIFTY14AUG2455600CE.NFO,2024-08-13,12:09:00,2024-08-14,1.55,1.55,1.55,1.55,135,17610,0
BANKNIFTY14AUG2455600CE.NFO,2024-08-13,12:10:00,2024-08-14,1.55,1.55,1.55,1.55,0,17460,0
BANKNIFTY14AUG2455600CE.NFO,2024-08-13,12:11:00,2024-08-14,1.55,1.55,1.5,1.5,165,17460,0
BANKNIFTY14AUG2455600CE.NFO,2024-08-13,12:12:00,2024-08-14,1.5,1.5,1.5,1.5,0,17460,0
BANKNIFTY14AUG2455600CE.NFO,2024-08-13,12:13:00,2024-08-14,1.5,1.5,1.5,1.5,15,17415,0
BANKNIFTY14AUG2455600CE.NFO,2024-08-13,12:14:00,2024-08-14,1.55,1.55,1.55,1.55,120,17415,0
BANKNIFTY14AUG2455600CE.NFO,2024-08-13,12:15:00,2024-08-14,1.55,1.55,1.55,1.55,0,17415,0
BANKNIFTY14AUG2455600CE.NFO,2024-08-13,12:16:00,2024-08-14,1.55,1.55,1.55,1.55,0,17415,0
BANKNIFTY14AUG2455600CE.NFO,2024-08-13,12:17:00,2024-08-14,1.55,1.65,1.55,1.65,165,17520,0
BANKNIFTY14AUG2455600CE.NFO,2024-08-13,12:18:00,2024-08-14,1.65,1.65,1.65,1.65,0,17520,0
BANKNIFTY14AUG2455600CE.NFO,2024-08-13,12:19:00,2024-08-14,1.65,1.65,1.65,1.65,0,17520,0
BANKNIFTY14AUG2455600CE.NFO,2024-08-13,12:20:00,2024-08-14,1.65,1.65,1.65,1.65,0,17520,0
BANKNIFTY14AUG2455600CE.NFO,2024-08-13,12:21:00,2024-08-14,1.65,1.65,1.65,1.65,0,17520,0
BANKNIFTY14AUG2455600CE.NFO,2024-08-13,12:22:00,2024-08-14,1.65,1.65,1.65,1.65,0,17520,0
BANKNIFTY14AUG2455600CE.NFO,2024-08-13,12:23:00,2024-08-14,1.65,1.65,1.65,1.65,0,17520,0
BANKNIFTY14AUG2455600CE.NFO,2024-08-13,12:24:00,2024-08-14,1.65,1.65,1.6,1.6,45,17460,0
BANKNIFTY14AUG2455600CE.NFO,2024-08-13,12:25:00,2024-08-14,1.6,1.6,1.6,1.6,0,17460,0
BANKNIFTY14AUG2455600CE.NFO,2024-08-13,12:26:00,2024-08-14,1.7,1.7,1.7,1.7,120,17415,0
BANKNIFTY14AUG2455600CE.NFO,2024-08-13,12:27:00,2024-08-14,1.7,1.7,1.55,1.55,120,17415,0
BANKNIFTY14AUG2455600CE.NFO,2024-08-13,12:28:00,2024-08-14,1.55,1.6,1.55,1.6,15,17415,0
BANKNIFTY14AUG2455600CE.NFO,2024-08-13,12:29:00,2024-08-14,1.6,1.6,1.6,1.6,0,17415,0
BANKNIFTY14AUG2455600CE.NFO,2024-08-13,12:30:00,2024-08-14,1.6,1.6,1.6,1.6,0,17415,0
BANKNIFTY14AUG2455600CE.NFO,2024-08-13,12:31:00,2024-08-14,1.6,1.6,1.6,1.6,0,17415,1
BANKNIFTY14AUG2455600CE.NFO,2024-08-13,12:32:00,2024-08-14,1.6,1.6,1.6,1.6,0,17415,1
BANKNIFTY14AUG2455600CE.NFO,2024-08-13,12:33:00,2024-08-14,1.6,1.65,1.6,1.65,150,17415,0
BANKNIFTY14AUG2455600CE.NFO,2024-08-13,12:34:00,2024-08-14,1.65,1.65,1.65,1.65,0,17415,0
BANKNIFTY14AUG2455600CE.NFO,2024-08-13,12:35:00,2024-08-14,1.65,1.85,1.65,1.85,225,17355,0
BANKNIFTY14AUG2455600CE.NFO,2024-08-13,12:36:00,2024-08-14,1.85,1.85,1.85,1.85,0,17355,0
BANKNIFTY14AUG2455600CE.NFO,2024-08-13,12:37:00,2024-08-14,1.85,1.85,1.85,1.85,360,17580,0
BANKNIFTY14AUG2455600CE.NFO,2024-08-13,12:38:00,2024-08-14,1.85,1.85,1.85,1.85,75,17580,0
BANKNIFTY14AUG2455600CE.NFO,2024-08-13,12:39:00,2024-08-14,1.85,1.9,1.85,1.85,165,17580,0
BANKNIFTY14AUG2455600CE.NFO,2024-08-13,12:40:00,2024-08-14,1.85,1.9,1.85,1.9,165,17580,0
BANKNIFTY14AUG2455600CE.NFO,2024-08-13,12:41:00,2024-08-14,1.9,1.9,1.9,1.9,60,17925,0
BANKNIFTY14AUG2455600CE.NFO,2024-08-13,12:42:00,2024-08-14,1.9,1.95,1.9,1.95,225,17925,0
BANKNIFTY14AUG2455600CE.NFO,2024-08-13,12:43:00,2024-08-14,1.95,2.0,1.95,2.0,825,18165,0
BANKNIFTY14AUG2455600CE.NFO,2024-08-13,12:44:00,2024-08-14,2.0,2.05,2.0,2.05,225,18165,0
BANKNIFTY14AUG2455600CE.NFO,2024-08-13,12:45:00,2024-08-14,2.05,2.05,2.05,2.05,585,18165,0
BANKNIFTY14AUG2455600CE.NFO,2024-08-13,12:46:00,2024-08-14,2.05,2.1,2.05,2.1,570,18915,0
BANKNIFTY14AUG2455600CE.NFO,2024-08-13,12:47:00,2024-08-14,2.1,2.2,2.1,2.2,180,18915,0
BANKNIFTY14AUG2455600CE.NFO,2024-08-13,12:48:00,2024-08-14,2.2,2.25,2.2,2.2,810,18915,0
BANKNIFTY14AUG2455600CE.NFO,2024-08-13,12:49:00,2024-08-14,2.2,2.25,2.2,2.25,195,20085,0
BANKNIFTY14AUG2455600CE.NFO,2024-08-13,12:50:00,2024-08-14,2.25,2.25,2.15,2.15,45,20085,0
BANKNIFTY14AUG2455600CE.NFO,2024-08-13,12:51:00,2024-08-14,2.15,2.15,2.1,2.1,660,20085,0
BANKNIFTY14AUG2455600CE.NFO,2024-08-13,12:52:00,2024-08-14,2.1,2.1,2.1,2.1,195,20085,0
BANKNIFTY14AUG2455600CE.NFO,2024-08-13,12:53:00,2024-08-14,2.1,2.1,1.9,2.05,2010,20325,0
BANKNIFTY14AUG2455600CE.NFO,2024-08-13,12:54:00,2024-08-14,2.05,2.05,2.0,2.0,30,20325,0
BANKNIFTY14AUG2455600CE.NFO,2024-08-13,12:55:00,2024-08-14,2.0,2.0,2.0,2.0,0,20325,0
BANKNIFTY14AUG2455600CE.NFO,2024-08-13,12:56:00,2024-08-14,2.0,2.0,2.0,2.0,60,19425,0
BANKNIFTY14AUG2455600CE.NFO,2024-08-13,12:57:00,2024-08-14,2.05,2.05,1.85,2.05,1860,19425,0
BANKNIFTY14AUG2455600CE.NFO,2024-08-13,12:58:00,2024-08-14,2.05,2.05,2.05,2.05,420,19425,0
BANKNIFTY14AUG2455600CE.NFO,2024-08-13,12:59:00,2024-08-14,2.05,2.15,2.05,2.1,405,18975,0
BANKNIFTY14AUG2455600CE.NFO,2024-08-13,13:00:00,2024-08-14,2.1,2.2,2.1,2.15,960,18975,0
BANKNIFTY14AUG2455600CE.NFO,2024-08-13,13:01:00,2024-08-14,2.15,2.2,2.15,2.2,15,19365,0
BANKNIFTY14AUG2455600CE.NFO,2024-08-13,13:02:00,2024-08-14,2.2,2.2,2.2,2.2,360,19365,0
BANKNIFTY14AUG2455600CE.NFO,2024-08-13,13:03:00,2024-08-14,2.2,2.2,2.15,2.15,90,19365,0
BANKNIFTY14AUG2455600CE.NFO,2024-08-13,13:04:00,2024-08-14,2.15,2.15,2.15,2.15,15,19170,0
BANKNIFTY14AUG2455600CE.NFO,2024-08-13,13:05:00,2024-08-14,2.15,2.15,2.15,2.15,0,19170,0
BANKNIFTY14AUG2455600CE.NFO,2024-08-13,13:06:00,2024-08-14,2.15,2.15,2.1,2.1,75,19170,0
BANKNIFTY14AUG2455600CE.NFO,2024-08-13,13:07:00,2024-08-14,2.1,2.1,2.1,2.1,0,19170,0
BANKNIFTY14AUG2455600CE.NFO,2024-08-13,13:08:00,2024-08-14,2.1,2.1,2.1,2.1,0,19170,0
BANKNIFTY14AUG2455600CE.NFO,2024-08-13,13:09:00,2024-08-14,2.1,2.1,2.1,2.1,60,19110,0
BANKNIFTY14AUG2455600CE.NFO,2024-08-13,13:10:00,2024-08-14,2.1,2.1,2.05,2.05,0,19170,0
BANKNIFTY14AUG2455600CE.NFO,2024-08-13,13:11:00,2024-08-14,2.05,2.05,2.05,2.05,0,19170,0
BANKNIFTY14AUG2455600CE.NFO,2024-08-13,13:12:00,2024-08-14,2.05,2.1,2.05,2.1,15,19170,0
BANKNIFTY14AUG2455600CE.NFO,2024-08-13,13:13:00,2024-08-14,2.1,2.15,2.1,2.15,105,19170,0
BANKNIFTY14AUG2455600CE.NFO,2024-08-13,13:14:00,2024-08-14,2.15,2.15,2.1,2.1,0,19020,0
BANKNIFTY14AUG2455600CE.NFO,2024-08-13,13:15:00,2024-08-14,2.1,2.1,2.1,2.1,0,19020,0
BANKNIFTY14AUG2455600CE.NFO,2024-08-13,13:16:00,2024-08-14,2.1,2.1,2.1,2.1,0,19020,0
BANKNIFTY14AUG2455600CE.NFO,2024-08-13,13:17:00,2024-08-14,2.1,2.15,2.1,2.15,105,19005,0
BANKNIFTY14AUG2455600CE.NFO,2024-08-13,13:18:00,2024-08-14,2.15,2.15,2.15,2.15,0,19005,0
BANKNIFTY14AUG2455600CE.NFO,2024-08-13,13:19:00,2024-08-14,2.15,2.15,2.15,2.15,0,19005,0
BANKNIFTY14AUG2455600CE.NFO,2024-08-13,13:20:00,2024-08-14,2.15,2.15,2.15,2.15,0,19005,0
BANKNIFTY14AUG2455600CE.NFO,2024-08-13,13:21:00,2024-08-14,2.15,2.15,2.15,2.15,0,19005,0
BANKNIFTY14AUG2455600CE.NFO,2024-08-13,13:22:00,2024-08-14,2.15,2.15,2.15,2.15,15,19005,0
BANKNIFTY14AUG2455600CE.NFO,2024-08-13,13:23:00,2024-08-14,2.15,2.15,2.15,2.15,0,19005,0
BANKNIFTY14AUG2455600CE.NFO,2024-08-13,13:24:00,2024-08-14,2.15,2.15,2.15,2.15,15,19005,0
BANKNIFTY14AUG2455600CE.NFO,2024-08-13,13:25:00,2024-08-14,2.15,2.15,2.15,2.15,0,19005,0
BANKNIFTY14AUG2455600CE.NFO,2024-08-13,13:26:00,2024-08-14,2.15,2.15,2.15,2.15,0,19005,0
BANKNIFTY14AUG2455600CE.NFO,2024-08-13,13:27:00,2024-08-14,2.15,2.15,2.15,2.15,0,19005,0
BANKNIFTY14AUG2455600CE.NFO,2024-08-13,13:28:00,2024-08-14,2.15,2.15,2.15,2.15,0,19005,0
BANKNIFTY14AUG2455600CE.NFO,2024-08-13,13:29:00,2024-08-14,2.15,2.15,2.15,2.15,15,19005,0
BANKNIFTY14AUG2455600CE.NFO,2024-08-13,13:30:00,2024-08-14,2.15,2.15,2.1,2.1,15,19005,0
BANKNIFTY14AUG2455600CE.NFO,2024-08-13,13:31:00,2024-08-14,2.1,2.15,2.1,2.15,30,19005,0
BANKNIFTY14AUG2455600CE.NFO,2024-08-13,13:32:00,2024-08-14,2.15,2.15,2.15,2.15,180,19020,0
BANKNIFTY14AUG2455600CE.NFO,2024-08-13,13:33:00,2024-08-14,2.15,2.2,2.15,2.2,15,19020,0
BANKNIFTY14AUG2455600CE.NFO,2024-08-13,13:34:00,2024-08-14,2.2,2.2,2.2,2.2,0,19020,0
BANKNIFTY14AUG2455600CE.NFO,2024-08-13,13:35:00,2024-08-14,2.2,2.2,2.2,2.2,0,19020,0
BANKNIFTY14AUG2455600CE.NFO,2024-08-13,13:36:00,2024-08-14,2.2,2.2,2.2,2.2,0,18885,0
BANKNIFTY14AUG2455600CE.NFO,2024-08-13,13:37:00,2024-08-14,2.15,2.15,2.15,2.15,165,18885,0
BANKNIFTY14AUG2455600CE.NFO,2024-08-13,13:38:00,2024-08-14,2.15,2.15,2.15,2.15,0,18885,0
BANKNIFTY14AUG2455600CE.NFO,2024-08-13,13:39:00,2024-08-14,2.1,2.1,2.1,2.1,0,18885,0
BANKNIFTY14AUG2455600CE.NFO,2024-08-13,13:40:00,2024-08-14,2.1,2.1,2.0,2.05,435,18930,0
BANKNIFTY14AUG2455600CE.NFO,2024-08-13,13:41:00,2024-08-14,2.05,2.05,2.05,2.05,105,18930,0
BANKNIFTY14AUG2455600CE.NFO,2024-08-13,13:42:00,2024-08-14,2.05,2.05,2.05,2.05,0,18930,0
BANKNIFTY14AUG2455600CE.NFO,2024-08-13,13:43:00,2024-08-14,2.05,2.05,2.05,2.05,165,18930,0
BANKNIFTY14AUG2455600CE.NFO,2024-08-13,13:44:00,2024-08-14,2.05,2.15,2.05,2.15,2280,19530,0
BANKNIFTY14AUG2455600CE.NFO,2024-08-13,13:45:00,2024-08-14,2.15,2.2,2.15,2.2,120,19530,0
BANKNIFTY14AUG2455600CE.NFO,2024-08-13,13:46:00,2024-08-14,2.2,2.2,2.2,2.2,0,19530,0
BANKNIFTY14AUG2455600CE.NFO,2024-08-13,13:47:00,2024-08-14,2.2,2.2,2.2,2.2,15,18390,0
BANKNIFTY14AUG2455600CE.NFO,2024-08-13,13:48:00,2024-08-14,2.2,2.2,2.2,2.2,0,18390,0
BANKNIFTY14AUG2455600CE.NFO,2024-08-13,13:49:00,2024-08-14,2.2,2.2,2.2,2.2,0,18390,0
BANKNIFTY14AUG2455600CE.NFO,2024-08-13,13:50:00,2024-08-14,2.2,2.2,2.2,2.2,0,18390,0
BANKNIFTY14AUG2455600CE.NFO,2024-08-13,13:51:00,2024-08-14,2.15,2.2,2.15,2.2,150,18390,0
BANKNIFTY14AUG2455600CE.NFO,2024-08-13,13:52:00,2024-08-14,2.2,2.2,2.2,2.2,150,18420,0
BANKNIFTY14AUG2455600CE.NFO,2024-08-13,13:53:00,2024-08-14,2.2,2.2,2.2,2.2,0,18420,0
BANKNIFTY14AUG2455600CE.NFO,2024-08-13,13:54:00,2024-08-14,2.2,2.2,2.2,2.2,0,18420,0
BANKNIFTY14AUG2455600CE.NFO,2024-08-13,13:55:00,2024-08-14,2.25,2.25,2.15,2.15,300,18420,0
BANKNIFTY14AUG2455600CE.NFO,2024-08-13,13:56:00,2024-08-14,2.15,2.15,2.15,2.15,0,18420,0
BANKNIFTY14AUG2455600CE.NFO,2024-08-13,13:57:00,2024-08-14,2.15,2.15,2.15,2.15,0,18420,0
BANKNIFTY14AUG2455600CE.NFO,2024-08-13,13:58:00,2024-08-14,2.15,2.15,2.1,2.15,90,18060,0
BANKNIFTY14AUG2455600CE.NFO,2024-08-13,13:59:00,2024-08-14,2.15,2.15,2.15,2.15,45,18060,0
BANKNIFTY14AUG2455600CE.NFO,2024-08-13,14:00:00,2024-08-14,2.15,2.2,2.15,2.2,15,18060,0
BANKNIFTY14AUG2455600CE.NFO,2024-08-13,14:01:00,2024-08-14,2.2,2.3,2.2,2.3,735,17955,0
BANKNIFTY14AUG2455600CE.NFO,2024-08-13,14:02:00,2024-08-14,2.3,2.3,2.25,2.3,180,17955,0
BANKNIFTY14AUG2455600CE.NFO,2024-08-13,14:03:00,2024-08-14,2.3,2.3,2.3,2.3,0,17955,0
BANKNIFTY14AUG2455600CE.NFO,2024-08-13,14:04:00,2024-08-14,2.3,2.35,2.3,2.35,285,17130,0
BANKNIFTY14AUG2455600CE.NFO,2024-08-13,14:05:00,2024-08-14,2.35,2.35,2.25,2.3,75,17130,0
BANKNIFTY14AUG2455600CE.NFO,2024-08-13,14:06:00,2024-08-14,2.3,2.4,2.3,2.35,690,17130,0
BANKNIFTY14AUG2455600CE.NFO,2024-08-13,14:07:00,2024-08-14,2.35,2.4,2.35,2.4,90,16530,0
BANKNIFTY14AUG2455600CE.NFO,2024-08-13,14:08:00,2024-08-14,2.4,2.45,2.4,2.45,180,16530,0
BANKNIFTY14AUG2455600CE.NFO,2024-08-13,14:09:00,2024-08-14,2.45,2.45,2.45,2.45,0,16530,0
BANKNIFTY14AUG2455600CE.NFO,2024-08-13,14:10:00,2024-08-14,2.45,2.6,2.45,2.6,45,16725,0
BANKNIFTY14AUG2455600CE.NFO,2024-08-13,14:11:00,2024-08-14,2.6,2.65,2.6,2.6,345,16725,0
BANKNIFTY14AUG2455600CE.NFO,2024-08-13,14:12:00,2024-08-14,2.6,2.7,2.6,2.7,195,16725,0
BANKNIFTY14AUG2455600CE.NFO,2024-08-13,14:13:00,2024-08-14,2.7,2.75,2.7,2.75,0,16560,0
BANKNIFTY14AUG2455600CE.NFO,2024-08-13,14:14:00,2024-08-14,2.75,2.75,2.65,2.65,150,16560,0
BANKNIFTY14AUG2455600CE.NFO,2024-08-13,14:15:00,2024-08-14,2.65,2.65,2.6,2.6,225,16560,0
BANKNIFTY14AUG2455600CE.NFO,2024-08-13,14:16:00,2024-08-14,2.6,2.6,2.5,2.5,1125,16560,0
BANKNIFTY14AUG2455600CE.NFO,2024-08-13,14:17:00,2024-08-14,2.5,2.5,2.5,2.5,0,16560,0
BANKNIFTY14AUG2455600CE.NFO,2024-08-13,14:18:00,2024-08-14,2.5,2.5,2.4,2.4,60,15585,0
BANKNIFTY14AUG2455600CE.NFO,2024-08-13,14:19:00,2024-08-14,2.4,2.4,2.35,2.4,390,15285,0
BANKNIFTY14AUG2455600CE.NFO,2024-08-13,14:20:00,2024-08-14,2.4,2.4,2.4,2.4,0,15285,0
BANKNIFTY14AUG2455600CE.NFO,2024-08-13,14:21:00,2024-08-14,2.4,2.4,2.4,2.4,0,15285,0
BANKNIFTY14AUG2455600CE.NFO,2024-08-13,14:22:00,2024-08-14,2.4,2.4,2.35,2.35,15,15270,0
BANKNIFTY14AUG2455600CE.NFO,2024-08-13,14:23:00,2024-08-14,2.35,2.45,2.35,2.45,420,15270,0
BANKNIFTY14AUG2455600CE.NFO,2024-08-13,14:24:00,2024-08-14,2.45,2.45,2.4,2.4,150,15270,0
BANKNIFTY14AUG2455600CE.NFO,2024-08-13,14:25:00,2024-08-14,2.4,2.4,2.4,2.4,0,15270,0
BANKNIFTY14AUG2455600CE.NFO,2024-08-13,14:26:00,2024-08-14,2.4,2.4,2.4,2.4,180,15345,0
BANKNIFTY14AUG2455600CE.NFO,2024-08-13,14:27:00,2024-08-14,2.4,2.45,2.4,2.45,345,15345,0
BANKNIFTY14AUG2455600CE.NFO,2024-08-13,14:28:00,2024-08-14,2.45,2.45,2.45,2.45,30,15345,0
BANKNIFTY14AUG2455600CE.NFO,2024-08-13,14:29:00,2024-08-14,2.45,2.5,2.45,2.5,405,15525,0
BANKNIFTY14AUG2455600CE.NFO,2024-08-13,14:30:00,2024-08-14,2.5,2.5,2.5,2.5,675,15525,0
BANKNIFTY14AUG2455600CE.NFO,2024-08-13,14:31:00,2024-08-14,2.5,2.5,2.5,2.5,0,15525,0
BANKNIFTY14AUG2455600CE.NFO,2024-08-13,14:32:00,2024-08-14,2.5,2.5,2.5,2.5,135,15525,0
BANKNIFTY14AUG2455600CE.NFO,2024-08-13,14:33:00,2024-08-14,2.5,2.6,2.5,2.6,1260,15525,0
BANKNIFTY14AUG2455600CE.NFO,2024-08-13,14:34:00,2024-08-14,2.6,2.65,2.6,2.65,120,15525,0
BANKNIFTY14AUG2455600CE.NFO,2024-08-13,14:35:00,2024-08-14,2.65,2.65,2.65,2.65,150,16065,0
BANKNIFTY14AUG2455600CE.NFO,2024-08-13,14:36:00,2024-08-14,2.65,2.75,2.65,2.65,960,16065,0
BANKNIFTY14AUG2455600CE.NFO,2024-08-13,14:37:00,2024-08-14,2.65,2.65,2.6,2.6,195,15630,0
BANKNIFTY14AUG2455600CE.NFO,2024-08-13,14:38:00,2024-08-14,2.6,2.6,2.5,2.5,585,15630,0
BANKNIFTY14AUG2455600CE.NFO,2024-08-13,14:39:00,2024-08-14,2.5,2.5,2.5,2.5,0,15630,0
BANKNIFTY14AUG2455600CE.NFO,2024-08-13,14:40:00,2024-08-14,2.5,2.6,2.5,2.6,15,15030,0
BANKNIFTY14AUG2455600CE.NFO,2024-08-13,14:41:00,2024-08-14,2.6,2.65,2.6,2.65,135,15030,0
BANKNIFTY14AUG2455600CE.NFO,2024-08-13,14:42:00,2024-08-14,2.65,2.85,2.65,2.85,195,15030,0
BANKNIFTY14AUG2455600CE.NFO,2024-08-13,14:43:00,2024-08-14,2.85,2.85,2.75,2.8,225,15270,0
BANKNIFTY14AUG2455600CE.NFO,2024-08-13,14:44:00,2024-08-14,2.8,2.8,2.75,2.75,135,15270,0
BANKNIFTY14AUG2455600CE.NFO,2024-08-13,14:45:00,2024-08-14,2.75,2.75,2.65,2.65,1125,15270,0
BANKNIFTY14AUG2455600CE.NFO,2024-08-13,14:46:00,2024-08-14,2.65,2.7,2.6,2.7,255,14070,0
BANKNIFTY14AUG2455600CE.NFO,2024-08-13,14:47:00,2024-08-14,2.7,2.75,2.7,2.75,150,14070,0
BANKNIFTY14AUG2455600CE.NFO,2024-08-13,14:48:00,2024-08-14,2.75,2.85,2.7,2.7,450,14070,0
BANKNIFTY14AUG2455600CE.NFO,2024-08-13,14:49:00,2024-08-14,2.7,2.8,2.7,2.75,330,13845,0
BANKNIFTY14AUG2455600CE.NFO,2024-08-13,14:50:00,2024-08-14,2.75,2.75,2.7,2.7,195,13845,0
BANKNIFTY14AUG2455600CE.NFO,2024-08-13,14:51:00,2024-08-14,2.75,2.75,2.65,2.65,525,13845,0
BANKNIFTY14AUG2455600CE.NFO,2024-08-13,14:52:00,2024-08-14,2.65,2.65,2.5,2.5,165,13395,0
BANKNIFTY14AUG2455600CE.NFO,2024-08-13,14:53:00,2024-08-14,2.5,2.5,2.4,2.4,600,13395,0
BANKNIFTY14AUG2455600CE.NFO,2024-08-13,14:54:00,2024-08-14,2.4,2.4,2.4,2.4,0,13395,0
BANKNIFTY14AUG2455600CE.NFO,2024-08-13,14:55:00,2024-08-14,2.4,2.45,2.35,2.35,45,13395,0
BANKNIFTY14AUG2455600CE.NFO,2024-08-13,14:56:00,2024-08-14,2.35,2.5,2.35,2.5,105,13125,0
BANKNIFTY14AUG2455600CE.NFO,2024-08-13,14:57:00,2024-08-14,2.5,2.5,2.45,2.45,105,13125,0
BANKNIFTY14AUG2455600CE.NFO,2024-08-13,14:58:00,2024-08-14,2.45,2.55,2.45,2.55,75,13125,0
BANKNIFTY14AUG2455600CE.NFO,2024-08-13,14:59:00,2024-08-14,2.55,2.7,2.55,2.7,90,12960,0
BANKNIFTY14AUG2455600CE.NFO,2024-08-13,15:00:00,2024-08-14,2.7,2.7,2.5,2.7,195,12960,0
BANKNIFTY14AUG2455600CE.NFO,2024-08-13,15:01:00,2024-08-14,2.7,2.9,2.7,2.9,855,12960,0
BANKNIFTY14AUG2455600CE.NFO,2024-08-13,15:02:00,2024-08-14,2.9,2.9,2.85,2.85,675,13005,0
BANKNIFTY14AUG2455600CE.NFO,2024-08-13,15:03:00,2024-08-14,2.85,2.85,2.7,2.7,120,13005,0
BANKNIFTY14AUG2455600CE.NFO,2024-08-13,15:04:00,2024-08-14,2.7,2.7,2.5,2.6,30,13005,0
BANKNIFTY14AUG2455600CE.NFO,2024-08-13,15:05:00,2024-08-14,2.6,2.6,2.55,2.55,795,12195,0
BANKNIFTY14AUG2455600CE.NFO,2024-08-13,15:06:00,2024-08-14,2.55,2.55,2.45,2.45,945,12195,0
BANKNIFTY14AUG2455600CE.NFO,2024-08-13,15:07:00,2024-08-14,2.45,2.45,2.45,2.45,45,12195,0
BANKNIFTY14AUG2455600CE.NFO,2024-08-13,15:08:00,2024-08-14,2.45,2.45,2.45,2.45,0,12195,0
BANKNIFTY14AUG2455600CE.NFO,2024-08-13,15:09:00,2024-08-14,2.45,2.45,2.45,2.45,45,11940,0
BANKNIFTY14AUG2455600CE.NFO,2024-08-13,15:10:00,2024-08-14,2.45,2.45,2.35,2.4,315,11940,0
BANKNIFTY14AUG2455600CE.NFO,2024-08-13,15:11:00,2024-08-14,2.4,2.4,2.4,2.4,0,11940,0
BANKNIFTY14AUG2455600CE.NFO,2024-08-13,15:12:00,2024-08-14,2.4,2.4,2.4,2.4,0,11940,0
BANKNIFTY14AUG2455600CE.NFO,2024-08-13,15:13:00,2024-08-14,2.4,2.4,2.35,2.35,135,11835,0
BANKNIFTY14AUG2455600CE.NFO,2024-08-13,15:14:00,2024-08-14,2.35,2.35,2.3,2.3,1095,11730,0
BANKNIFTY14AUG2455600CE.NFO,2024-08-13,15:15:00,2024-08-14,2.3,2.35,2.3,2.35,900,11730,0
BANKNIFTY14AUG2455600CE.NFO,2024-08-13,15:16:00,2024-08-14,2.35,2.35,2.35,2.35,0,11730,0
BANKNIFTY14AUG2455600CE.NFO,2024-08-13,15:17:00,2024-08-14,2.35,2.35,2.35,2.35,0,11730,0
BANKNIFTY14AUG2455600CE.NFO,2024-08-13,15:18:00,2024-08-14,2.35,2.35,2.25,2.25,15,11490,0
BANKNIFTY14AUG2455600CE.NFO,2024-08-13,15:19:00,2024-08-14,2.25,2.25,2.2,2.2,345,11490,0
BANKNIFTY14AUG2455600CE.NFO,2024-08-13,15:20:00,2024-08-14,2.2,2.25,2.2,2.25,255,11490,0
BANKNIFTY14AUG2455600CE.NFO,2024-08-13,15:21:00,2024-08-14,2.25,2.25,2.1,2.15,1305,11490,0
BANKNIFTY14AUG2455600CE.NFO,2024-08-13,15:22:00,2024-08-14,2.15,2.15,2.1,2.1,525,11490,0
BANKNIFTY14AUG2455600CE.NFO,2024-08-13,15:23:00,2024-08-14,2.1,2.15,2.05,2.15,495,11880,0
BANKNIFTY14AUG2455600CE.NFO,2024-08-13,15:24:00,2024-08-14,2.15,2.15,2.1,2.1,495,11880,0
BANKNIFTY14AUG2455600CE.NFO,2024-08-13,15:25:00,2024-08-14,2.1,2.1,2.0,2.0,75,11880,0
BANKNIFTY14AUG2455600CE.NFO,2024-08-13,15:26:00,2024-08-14,2.0,2.0,1.9,1.9,210,12015,0
BANKNIFTY14AUG2455600CE.NFO,2024-08-13,15:27:00,2024-08-14,1.95,2.0,1.9,1.95,150,12015,0
BANKNIFTY14AUG2455600CE.NFO,2024-08-13,15:28:00,2024-08-14,1.95,2.0,1.95,1.95,945,12375,0
BANKNIFTY14AUG2455600CE.NFO,2024-08-13,15:29:00,2024-08-14,1.95,1.95,1.45,1.45,645,12375,0
BANKNIFTY14AUG2455600CE.NFO,2024-08-13,15:30:00,2024-08-14,1.45,1.45,1.45,1.45,645,12375,1
BANKNIFTY14AUG2455600CE.NFO,2024-08-14,09:15:00,2024-08-14,1.45,1.45,0.5,0.65,2925,12360,0
BANKNIFTY14AUG2455600CE.NFO,2024-08-14,09:16:00,2024-08-14,0.65,0.7,0.5,0.5,1485,12015,0
BANKNIFTY14AUG2455600CE.NFO,2024-08-14,09:17:00,2024-08-14,0.5,0.65,0.4,0.6,3465,12015,0
BANKNIFTY14AUG2455600CE.NFO,2024-08-14,09:18:00,2024-08-14,0.6,0.75,0.55,0.75,1725,14100,0
BANKNIFTY14AUG2455600CE.NFO,2024-08-14,09:19:00,2024-08-14,0.75,0.95,0.75,0.9,12540,14100,0
BANKNIFTY14AUG2455600CE.NFO,2024-08-14,09:20:00,2024-08-14,0.9,0.9,0.8,0.85,2580,14100,0
BANKNIFTY14AUG2455600CE.NFO,2024-08-14,09:21:00,2024-08-14,0.85,0.9,0.75,0.75,17775,24375,0
BANKNIFTY14AUG2455600CE.NFO,2024-08-14,09:22:00,2024-08-14,0.75,0.85,0.75,0.85,12030,24375,0
BANKNIFTY14AUG2455600CE.NFO,2024-08-14,09:23:00,2024-08-14,0.85,0.9,0.8,0.8,6000,24375,0
BANKNIFTY14AUG2455600CE.NFO,2024-08-14,09:24:00,2024-08-14,0.8,0.85,0.8,0.85,975,33750,0
BANKNIFTY14AUG2455600CE.NFO,2024-08-14,09:25:00,2024-08-14,0.85,0.85,0.8,0.8,1155,33750,0
BANKNIFTY14AUG2455600CE.NFO,2024-08-14,09:26:00,2024-08-14,0.8,0.8,0.8,0.8,195,33750,0
BANKNIFTY14AUG2455600CE.NFO,2024-08-14,09:27:00,2024-08-14,0.8,0.8,0.8,0.8,0,33750,0
BANKNIFTY14AUG2455600CE.NFO,2024-08-14,09:28:00,2024-08-14,0.85,0.85,0.8,0.85,990,33480,0
BANKNIFTY14AUG2455600CE.NFO,2024-08-14,09:29:00,2024-08-14,0.85,0.9,0.85,0.9,0,33480,0
BANKNIFTY14AUG2455600CE.NFO,2024-08-14,09:30:00,2024-08-14,0.9,0.9,0.85,0.85,510,33420,0
BANKNIFTY14AUG2455600CE.NFO,2024-08-14,09:31:00,2024-08-14,0.85,0.85,0.85,0.85,345,33420,0
BANKNIFTY14AUG2455600CE.NFO,2024-08-14,09:32:00,2024-08-14,0.85,0.9,0.85,0.85,1545,33420,0
BANKNIFTY14AUG2455600CE.NFO,2024-08-14,09:33:00,2024-08-14,0.85,0.9,0.85,0.9,1230,33420,0
BANKNIFTY14AUG2455600CE.NFO,2024-08-14,09:34:00,2024-08-14,0.9,1.05,0.9,0.95,8955,33435,0
BANKNIFTY14AUG2455600CE.NFO,2024-08-14,09:35:00,2024-08-14,1.0,1.0,0.85,0.9,2415,33435,0
BANKNIFTY14AUG2455600CE.NFO,2024-08-14,09:36:00,2024-08-14,0.9,0.9,0.85,0.85,2025,33435,0
BANKNIFTY14AUG2455600CE.NFO,2024-08-14,09:37:00,2024-08-14,0.85,0.85,0.85,0.85,30,38400,0
BANKNIFTY14AUG2455600CE.NFO,2024-08-14,09:38:00,2024-08-14,0.85,0.85,0.85,0.85,1440,38400,0
BANKNIFTY14AUG2455600CE.NFO,2024-08-14,09:39:00,2024-08-14,0.85,0.95,0.85,0.95,3015,38415,0
BANKNIFTY14AUG2455600CE.NFO,2024-08-14,09:40:00,2024-08-14,0.95,1.0,0.9,0.9,10650,38415,0
BANKNIFTY14AUG2455600CE.NFO,2024-08-14,09:41:00,2024-08-14,0.9,1.1,0.85,0.95,30840,38415,0
BANKNIFTY14AUG2455600CE.NFO,2024-08-14,09:42:00,2024-08-14,0.95,1.0,0.95,1.0,7290,42285,0
BANKNIFTY14AUG2455600CE.NFO,2024-08-14,09:43:00,2024-08-14,1.0,1.0,0.9,0.95,7965,42285,0
BANKNIFTY14AUG2455600CE.NFO,2024-08-14,09:44:00,2024-08-14,0.95,1.0,0.95,0.95,6705,42285,0
BANKNIFTY14AUG2455600CE.NFO,2024-08-14,09:45:00,2024-08-14,0.95,0.95,0.95,0.95,2055,42285,0
BANKNIFTY14AUG2455600CE.NFO,2024-08-14,09:46:00,2024-08-14,0.95,1.1,0.95,1.05,8970,43740,0
BANKNIFTY14AUG2455600CE.NFO,2024-08-14,09:47:00,2024-08-14,1.05,1.15,1.0,1.1,9570,43740,0
BANKNIFTY14AUG2455600CE.NFO,2024-08-14,09:48:00,2024-08-14,1.1,1.1,1.05,1.1,6945,43545,0
BANKNIFTY14AUG2455600CE.NFO,2024-08-14,09:49:00,2024-08-14,1.05,1.2,0.95,1.1,16095,43545,0
BANKNIFTY14AUG2455600CE.NFO,2024-08-14,09:50:00,2024-08-14,1.1,1.1,1.05,1.1,1035,43545,0
BANKNIFTY14AUG2455600CE.NFO,2024-08-14,09:51:00,2024-08-14,1.1,1.1,1.1,1.1,1455,43545,0
BANKNIFTY14AUG2455600CE.NFO,2024-08-14,09:52:00,2024-08-14,1.1,1.1,1.05,1.05,3540,42765,0
BANKNIFTY14AUG2455600CE.NFO,2024-08-14,09:53:00,2024-08-14,1.05,1.1,1.05,1.05,2295,42765,0
BANKNIFTY14AUG2455600CE.NFO,2024-08-14,09:54:00,2024-08-14,1.05,1.1,0.9,1.0,20265,44040,0
BANKNIFTY14AUG2455600CE.NFO,2024-08-14,09:55:00,2024-08-14,1.0,1.25,1.0,1.1,18420,44040,0
BANKNIFTY14AUG2455600CE.NFO,2024-08-14,09:56:00,2024-08-14,1.1,1.15,1.0,1.05,18090,44040,0
BANKNIFTY14AUG2455600CE.NFO,2024-08-14,09:57:00,2024-08-14,1.05,1.2,1.05,1.2,2190,39255,0
BANKNIFTY14AUG2455600CE.NFO,2024-08-14,09:58:00,2024-08-14,1.2,1.25,1.15,1.25,3645,39255,0
BANKNIFTY14AUG2455600CE.NFO,2024-08-14,09:59:00,2024-08-14,1.25,1.25,1.25,1.25,855,39255,0
BANKNIFTY14AUG2455600CE.NFO,2024-08-14,10:00:00,2024-08-14,1.25,1.3,1.2,1.2,1890,39255,0
BANKNIFTY14AUG2455600CE.NFO,2024-08-14,10:01:00,2024-08-14,1.2,1.25,1.1,1.15,8070,36525,0
BANKNIFTY14AUG2455600CE.NFO,2024-08-14,10:02:00,2024-08-14,1.15,1.15,1.05,1.15,10335,36525,0
BANKNIFTY14AUG2455600CE.NFO,2024-08-14,10:03:00,2024-08-14,1.15,1.9,1.15,1.15,18885,36525,0
BANKNIFTY14AUG2455600CE.NFO,2024-08-14,10:04:00,2024-08-14,1.15,1.2,1.15,1.2,1845,25455,0
BANKNIFTY14AUG2455600CE.NFO,2024-08-14,10:05:00,2024-08-14,1.2,1.25,1.2,1.2,2925,25455,0
BANKNIFTY14AUG2455600CE.NFO,2024-08-14,10:06:00,2024-08-14,1.25,1.25,1.2,1.25,2610,25455,0
BANKNIFTY14AUG2455600CE.NFO,2024-08-14,10:07:00,2024-08-14,1.25,1.25,1.05,1.1,6420,27225,0
BANKNIFTY14AUG2455600CE.NFO,2024-08-14,10:08:00,2024-08-14,1.1,1.1,1.05,1.05,105,27225,0
BANKNIFTY14AUG2455600CE.NFO,2024-08-14,10:09:00,2024-08-14,1.05,1.1,1.05,1.1,735,27225,0
BANKNIFTY14AUG2455600CE.NFO,2024-08-14,10:10:00,2024-08-14,1.1,1.1,1.1,1.1,0,27225,0
BANKNIFTY14AUG2455600CE.NFO,2024-08-14,10:11:00,2024-08-14,1.1,1.15,1.1,1.15,120,23010,0
BANKNIFTY14AUG2455600CE.NFO,2024-08-14,10:12:00,2024-08-14,1.15,1.15,1.15,1.15,15,23010,0
BANKNIFTY14AUG2455600CE.NFO,2024-08-14,10:13:00,2024-08-14,1.1,1.15,1.1,1.15,45,23070,0
BANKNIFTY14AUG2455600CE.NFO,2024-08-14,10:14:00,2024-08-14,1.15,1.2,1.1,1.2,705,23070,0
BANKNIFTY14AUG2455600CE.NFO,2024-08-14,10:15:00,2024-08-14,1.2,1.25,1.2,1.25,420,23070,0
BANKNIFTY14AUG2455600CE.NFO,2024-08-14,10:16:00,2024-08-14,1.25,1.25,1.25,1.25,1995,23610,0
BANKNIFTY14AUG2455600CE.NFO,2024-08-14,10:17:00,2024-08-14,1.25,1.25,1.25,1.25,60,23610,0
BANKNIFTY14AUG2455600CE.NFO,2024-08-14,10:18:00,2024-08-14,1.25,1.3,1.25,1.3,2370,23610,0
BANKNIFTY14AUG2455600CE.NFO,2024-08-14,10:19:00,2024-08-14,1.3,1.3,1.2,1.25,3525,23700,0
BANKNIFTY14AUG2455600CE.NFO,2024-08-14,10:20:00,2024-08-14,1.25,1.25,1.15,1.15,2595,23700,0
BANKNIFTY14AUG2455600CE.NFO,2024-08-14,10:21:00,2024-08-14,1.15,1.15,1.15,1.15,960,23700,0
BANKNIFTY14AUG2455600CE.NFO,2024-08-14,10:22:00,2024-08-14,1.15,1.25,1.15,1.2,2355,23760,0
BANKNIFTY14AUG2455600CE.NFO,2024-08-14,10:23:00,2024-08-14,1.2,1.2,1.15,1.15,225,23760,0
BANKNIFTY14AUG2455600CE.NFO,2024-08-14,10:24:00,2024-08-14,1.15,1.2,1.15,1.2,120,24435,0
BANKNIFTY14AUG2455600CE.NFO,2024-08-14,10:25:00,2024-08-14,1.2,1.2,1.15,1.15,1890,24435,0
BANKNIFTY14AUG2455600CE.NFO,2024-08-14,10:26:00,2024-08-14,1.15,1.2,1.1,1.15,375,24435,0
BANKNIFTY14AUG2455600CE.NFO,2024-08-14,10:27:00,2024-08-14,1.15,1.15,1.15,1.15,0,24435,0
BANKNIFTY14AUG2455600CE.NFO,2024-08-14,10:28:00,2024-08-14,1.15,1.15,1.1,1.1,660,24990,0
BANKNIFTY14AUG2455600CE.NFO,2024-08-14,10:29:00,2024-08-14,1.1,1.15,1.1,1.15,675,24990,0
BANKNIFTY14AUG2455600CE.NFO,2024-08-14,10:30:00,2024-08-14,1.15,1.15,1.15,1.15,0,24990,0
BANKNIFTY14AUG2455600CE.NFO,2024-08-14,10:31:00,2024-08-14,1.15,1.15,1.05,1.1,3030,25020,0
BANKNIFTY14AUG2455600CE.NFO,2024-08-14,10:32:00,2024-08-14,1.1,1.1,1.1,1.1,630,25020,0
BANKNIFTY14AUG2455600CE.NFO,2024-08-14,10:33:00,2024-08-14,1.1,1.1,1.05,1.05,3240,25020,0
BANKNIFTY14AUG2455600CE.NFO,2024-08-14,10:34:00,2024-08-14,1.05,1.05,1.0,1.05,2055,25710,0
BANKNIFTY14AUG2455600CE.NFO,2024-08-14,10:35:00,2024-08-14,1.05,1.05,1.0,1.0,90,25710,0
BANKNIFTY14AUG2455600CE.NFO,2024-08-14,10:36:00,2024-08-14,0.95,0.95,0.9,0.9,60,25710,0
BANKNIFTY14AUG2455600CE.NFO,2024-08-14,10:37:00,2024-08-14,0.9,0.9,0.9,0.9,0,25710,0
BANKNIFTY14AUG2455600CE.NFO,2024-08-14,10:38:00,2024-08-14,0.9,0.95,0.9,0.95,1035,26175,0
BANKNIFTY14AUG2455600CE.NFO,2024-08-14,10:39:00,2024-08-14,0.95,0.95,0.95,0.95,360,26175,0
BANKNIFTY14AUG2455600CE.NFO,2024-08-14,10:40:00,2024-08-14,0.95,0.95,0.95,0.95,1080,26970,0
BANKNIFTY14AUG2455600CE.NFO,2024-08-14,10:41:00,2024-08-14,0.95,0.95,0.95,0.95,0,26970,0
BANKNIFTY14AUG2455600CE.NFO,2024-08-14,10:42:00,2024-08-14,0.95,0.95,0.95,0.95,885,26970,0
BANKNIFTY14AUG2455600CE.NFO,2024-08-14,10:43:00,2024-08-14,0.95,0.95,0.9,0.9,105,27975,0
BANKNIFTY14AUG2455600CE.NFO,2024-08-14,10:44:00,2024-08-14,0.9,0.9,0.9,0.9,495,27975,0
BANKNIFTY14AUG2455600CE.NFO,2024-08-14,10:45:00,2024-08-14,0.9,0.9,0.9,0.9,105,27975,0
BANKNIFTY14AUG2455600CE.NFO,2024-08-14,10:46:00,2024-08-14,0.9,0.9,0.9,0.9,135,28320,0
BANKNIFTY14AUG2455600CE.NFO,2024-08-14,10:47:00,2024-08-14,0.9,0.9,0.9,0.9,315,28320,0
BANKNIFTY14AUG2455600CE.NFO,2024-08-14,10:48:00,2024-08-14,0.9,0.95,0.9,0.95,345,28320,0
BANKNIFTY14AUG2455600CE.NFO,2024-08-14,10:49:00,2024-08-14,0.95,0.95,0.95,0.95,240,29310,0
BANKNIFTY14AUG2455600CE.NFO,2024-08-14,10:50:00,2024-08-14,0.95,0.95,0.9,0.95,1065,29310,0
BANKNIFTY14AUG2455600CE.NFO,2024-08-14,10:51:00,2024-08-14,0.95,1.0,0.95,0.95,2025,29310,0
BANKNIFTY14AUG2455600CE.NFO,2024-08-14,10:52:00,2024-08-14,0.95,0.95,0.85,0.85,3495,32070,0
BANKNIFTY14AUG2455600CE.NFO,2024-08-14,10:53:00,2024-08-14,0.85,0.9,0.85,0.9,30,32070,0
BANKNIFTY14AUG2455600CE.NFO,2024-08-14,10:54:00,2024-08-14,0.9,0.9,0.9,0.9,465,32070,0
BANKNIFTY14AUG2455600CE.NFO,2024-08-14,10:55:00,2024-08-14,0.9,0.9,0.85,0.9,2970,30555,0
BANKNIFTY14AUG2455600CE.NFO,2024-08-14,10:56:00,2024-08-14,0.9,0.9,0.9,0.9,330,30555,0
BANKNIFTY14AUG2455600CE.NFO,2024-08-14,10:57:00,2024-08-14,0.9,0.9,0.9,0.9,0,30555,0
BANKNIFTY14AUG2455600CE.NFO,2024-08-14,10:58:00,2024-08-14,0.9,0.9,0.9,0.9,735,32685,0
BANKNIFTY14AUG2455600CE.NFO,2024-08-14,10:59:00,2024-08-14,0.9,0.95,0.9,0.95,330,32685,0
BANKNIFTY14AUG2455600CE.NFO,2024-08-14,11:00:00,2024-08-14,0.95,0.95,0.9,0.9,555,32685,0
BANKNIFTY14AUG2455600CE.NFO,2024-08-14,11:01:00,2024-08-14,0.9,0.9,0.85,0.85,900,33375,0
BANKNIFTY14AUG2455600CE.NFO,2024-08-14,11:02:00,2024-08-14,0.85,0.85,0.85,0.85,120,33375,0
BANKNIFTY14AUG2455600CE.NFO,2024-08-14,11:03:00,2024-08-14,0.85,0.9,0.85,0.9,240,33375,0
BANKNIFTY14AUG2455600CE.NFO,2024-08-14,11:04:00,2024-08-14,0.9,0.9,0.8,0.85,810,33810,0
BANKNIFTY14AUG2455600CE.NFO,2024-08-14,11:05:00,2024-08-14,0.85,0.85,0.85,0.85,30,33810,0
BANKNIFTY14AUG2455600CE.NFO,2024-08-14,11:06:00,2024-08-14,0.85,0.9,0.85,0.85,825,33810,0
BANKNIFTY14AUG2455600CE.NFO,2024-08-14,11:07:00,2024-08-14,0.85,0.85,0.85,0.85,0,33810,0
BANKNIFTY14AUG2455600CE.NFO,2024-08-14,11:08:00,2024-08-14,0.85,0.9,0.85,0.9,300,33750,0
BANKNIFTY14AUG2455600CE.NFO,2024-08-14,11:09:00,2024-08-14,0.9,0.9,0.8,0.8,5295,33750,0
BANKNIFTY14AUG2455600CE.NFO,2024-08-14,11:10:00,2024-08-14,0.8,0.8,0.75,0.75,2160,36840,0
BANKNIFTY14AUG2455600CE.NFO,2024-08-14,11:11:00,2024-08-14,0.75,0.8,0.75,0.8,1875,36840,0
BANKNIFTY14AUG2455600CE.NFO,2024-08-14,11:12:00,2024-08-14,0.8,0.8,0.8,0.8,1590,36840,0
BANKNIFTY14AUG2455600CE.NFO,2024-08-14,11:13:00,2024-08-14,0.75,0.75,0.7,0.75,1215,37095,0
BANKNIFTY14AUG2455600CE.NFO,2024-08-14,11:14:00,2024-08-14,0.75,0.8,0.75,0.75,225,37095,0
BANKNIFTY14AUG2455600CE.NFO,2024-08-14,11:15:00,2024-08-14,0.75,0.75,0.7,0.75,1860,37095,0
BANKNIFTY14AUG2455600CE.NFO,2024-08-14,11:16:00,2024-08-14,0.75,0.75,0.7,0.7,2370,38880,0
BANKNIFTY14AUG2455600CE.NFO,2024-08-14,11:17:00,2024-08-14,0.7,0.75,0.7,0.75,720,38880,0
BANKNIFTY14AUG2455600CE.NFO,2024-08-14,11:18:00,2024-08-14,0.75,0.85,0.75,0.8,2010,38880,0
BANKNIFTY14AUG2455600CE.NFO,2024-08-14,11:19:00,2024-08-14,0.8,0.8,0.75,0.75,1755,40560,0
BANKNIFTY14AUG2455600CE.NFO,2024-08-14,11:20:00,2024-08-14,0.75,0.75,0.75,0.75,0,40560,0
BANKNIFTY14AUG2455600CE.NFO,2024-08-14,11:21:00,2024-08-14,0.75,0.8,0.75,0.75,540,40560,0
BANKNIFTY14AUG2455600CE.NFO,2024-08-14,11:22:00,2024-08-14,0.75,0.8,0.75,0.8,750,40620,0
BANKNIFTY14AUG2455600CE.NFO,2024-08-14,11:23:00,2024-08-14,0.8,0.8,0.75,0.75,360,40620,0
BANKNIFTY14AUG2455600CE.NFO,2024-08-14,11:24:00,2024-08-14,0.75,0.75,0.75,0.75,465,40620,0
BANKNIFTY14AUG2455600CE.NFO,2024-08-14,11:25:00,2024-08-14,0.75,0.75,0.75,0.75,360,39750,0
BANKNIFTY14AUG2455600CE.NFO,2024-08-14,11:26:00,2024-08-14,0.75,0.75,0.75,0.75,0,39750,0
BANKNIFTY14AUG2455600CE.NFO,2024-08-14,11:27:00,2024-08-14,0.75,0.8,0.75,0.8,195,39750,0
BANKNIFTY14AUG2455600CE.NFO,2024-08-14,11:28:00,2024-08-14,0.8,0.8,0.75,0.75,240,39210,0
BANKNIFTY14AUG2455600CE.NFO,2024-08-14,11:29:00,2024-08-14,0.75,0.9,0.75,0.9,735,39210,0
BANKNIFTY14AUG2455600CE.NFO,2024-08-14,11:30:00,2024-08-14,0.9,0.9,0.8,0.85,405,39210,0
BANKNIFTY14AUG2455600CE.NFO,2024-08-14,11:31:00,2024-08-14,0.85,0.85,0.85,0.85,30,38715,0
BANKNIFTY14AUG2455600CE.NFO,2024-08-14,11:32:00,2024-08-14,0.85,0.85,0.85,0.85,0,38715,0
BANKNIFTY14AUG2455600CE.NFO,2024-08-14,11:33:00,2024-08-14,0.85,1.0,0.85,1.0,375,38715,0
BANKNIFTY14AUG2455600CE.NFO,2024-08-14,11:34:00,2024-08-14,1.0,1.0,0.9,0.95,555,39135,0
BANKNIFTY14AUG2455600CE.NFO,2024-08-14,11:35:00,2024-08-14,0.95,1.05,0.95,1.0,3000,39135,0
BANKNIFTY14AUG2455600CE.NFO,2024-08-14,11:36:00,2024-08-14,1.0,1.0,0.9,0.9,1185,39135,0
BANKNIFTY14AUG2455600CE.NFO,2024-08-14,11:37:00,2024-08-14,0.9,0.95,0.9,0.95,15,39090,0
BANKNIFTY14AUG2455600CE.NFO,2024-08-14,11:38:00,2024-08-14,0.95,0.95,0.95,0.95,30,39090,0
BANKNIFTY14AUG2455600CE.NFO,2024-08-14,11:39:00,2024-08-14,0.95,0.95,0.9,0.9,45,39090,0
BANKNIFTY14AUG2455600CE.NFO,2024-08-14,11:40:00,2024-08-14,0.9,0.95,0.9,0.95,630,39090,0
BANKNIFTY14AUG2455600CE.NFO,2024-08-14,11:41:00,2024-08-14,0.95,0.95,0.9,0.9,330,39090,0
BANKNIFTY14AUG2455600CE.NFO,2024-08-14,11:42:00,2024-08-14,0.9,0.9,0.85,0.9,2655,39090,0
BANKNIFTY14AUG2455600CE.NFO,2024-08-14,11:43:00,2024-08-14,0.9,0.9,0.9,0.9,0,39090,0
BANKNIFTY14AUG2455600CE.NFO,2024-08-14,11:44:00,2024-08-14,0.9,0.9,0.9,0.9,285,39480,0
BANKNIFTY14AUG2455600CE.NFO,2024-08-14,11:45:00,2024-08-14,0.9,0.9,0.9,0.9,15,39480,0
BANKNIFTY14AUG2455600CE.NFO,2024-08-14,11:46:00,2024-08-14,0.9,0.95,0.9,0.95,1395,39555,0
BANKNIFTY14AUG2455600CE.NFO,2024-08-14,11:47:00,2024-08-14,0.95,0.95,0.9,0.9,405,39555,0
BANKNIFTY14AUG2455600CE.NFO,2024-08-14,11:48:00,2024-08-14,0.9,0.9,0.85,0.85,315,39555,0
BANKNIFTY14AUG2455600CE.NFO,2024-08-14,11:49:00,2024-08-14,0.85,0.95,0.85,0.85,1785,39660,0
BANKNIFTY14AUG2455600CE.NFO,2024-08-14,11:50:00,2024-08-14,0.85,0.85,0.85,0.85,75,39660,0
BANKNIFTY14AUG2455600CE.NFO,2024-08-14,11:51:00,2024-08-14,0.85,0.9,0.85,0.9,3345,39660,0
BANKNIFTY14AUG2455600CE.NFO,2024-08-14,11:52:00,2024-08-14,0.9,0.9,0.85,0.9,1410,37320,0
BANKNIFTY14AUG2455600CE.NFO,2024-08-14,11:53:00,2024-08-14,0.9,0.9,0.85,0.85,450,37320,0
BANKNIFTY14AUG2455600CE.NFO,2024-08-14,11:54:00,2024-08-14,0.85,0.9,0.85,0.9,75,37320,0
BANKNIFTY14AUG2455600CE.NFO,2024-08-14,11:55:00,2024-08-14,0.9,0.9,0.9,0.9,720,36405,0
BANKNIFTY14AUG2455600CE.NFO,2024-08-14,11:56:00,2024-08-14,0.9,1.0,0.9,0.95,1455,36405,0
BANKNIFTY14AUG2455600CE.NFO,2024-08-14,11:57:00,2024-08-14,0.95,1.0,0.9,1.0,1230,36405,0
BANKNIFTY14AUG2455600CE.NFO,2024-08-14,11:58:00,2024-08-14,1.0,1.05,1.0,1.05,2430,35010,0
BANKNIFTY14AUG2455600CE.NFO,2024-08-14,11:59:00,2024-08-14,1.05,1.05,1.05,1.05,0,35010,0
BANKNIFTY14AUG2455600CE.NFO,2024-08-14,12:00:00,2024-08-14,1.05,1.05,1.05,1.05,0,35010,0
BANKNIFTY14AUG2455600CE.NFO,2024-08-14,12:01:00,2024-08-14,1.05,1.1,1.0,1.0,2535,35655,0
BANKNIFTY14AUG2455600CE.NFO,2024-08-14,12:02:00,2024-08-14,1.0,1.05,1.0,1.05,735,35655,0
BANKNIFTY14AUG2455600CE.NFO,2024-08-14,12:03:00,2024-08-14,1.05,1.05,1.0,1.05,330,35655,0
BANKNIFTY14AUG2455600CE.NFO,2024-08-14,12:04:00,2024-08-14,1.05,1.05,0.95,1.0,1155,33450,0
BANKNIFTY14AUG2455600CE.NFO,2024-08-14,12:05:00,2024-08-14,1.0,1.05,0.95,0.95,3135,33450,0
BANKNIFTY14AUG2455600CE.NFO,2024-08-14,12:06:00,2024-08-14,0.95,0.95,0.9,0.9,360,33450,0
BANKNIFTY14AUG2455600CE.NFO,2024-08-14,12:07:00,2024-08-14,0.9,0.9,0.85,0.85,3480,33450,0
BANKNIFTY14AUG2455600CE.NFO,2024-08-14,12:08:00,2024-08-14,0.85,0.9,0.85,0.9,2175,33450,0
BANKNIFTY14AUG2455600CE.NFO,2024-08-14,12:09:00,2024-08-14,0.9,1.05,0.9,0.95,2655,33450,0
BANKNIFTY14AUG2455600CE.NFO,2024-08-14,12:10:00,2024-08-14,0.95,1.15,0.95,1.05,8670,31815,0
BANKNIFTY14AUG2455600CE.NFO,2024-08-14,12:11:00,2024-08-14,1.05,1.15,1.05,1.1,10545,31815,0
BANKNIFTY14AUG2455600CE.NFO,2024-08-14,12:12:00,2024-08-14,1.1,1.1,0.9,0.9,7980,31815,0
BANKNIFTY14AUG2455600CE.NFO,2024-08-14,12:13:00,2024-08-14,0.9,1.05,0.9,1.05,11295,36060,0
BANKNIFTY14AUG2455600CE.NFO,2024-08-14,12:14:00,2024-08-14,1.05,1.15,1.05,1.15,6015,36060,0
BANKNIFTY14AUG2455600CE.NFO,2024-08-14,12:15:00,2024-08-14,1.15,1.15,1.15,1.15,1905,36060,0
BANKNIFTY14AUG2455600CE.NFO,2024-08-14,12:16:00,2024-08-14,1.15,1.15,1.1,1.15,975,32340,0
BANKNIFTY14AUG2455600CE.NFO,2024-08-14,12:17:00,2024-08-14,1.15,1.15,1.05,1.05,1185,32340,0
BANKNIFTY14AUG2455600CE.NFO,2024-08-14,12:18:00,2024-08-14,1.05,1.1,1.05,1.1,630,32340,0
BANKNIFTY14AUG2455600CE.NFO,2024-08-14,12:19:00,2024-08-14,1.1,1.2,1.1,1.15,6150,32400,0
BANKNIFTY14AUG2455600CE.NFO,2024-08-14,12:20:00,2024-08-14,1.15,1.15,1.0,1.05,6375,32400,0
BANKNIFTY14AUG2455600CE.NFO,2024-08-14,12:21:00,2024-08-14,1.05,1.05,1.0,1.05,1380,32400,0
BANKNIFTY14AUG2455600CE.NFO,2024-08-14,12:22:00,2024-08-14,1.05,1.1,1.05,1.05,1335,31995,0
BANKNIFTY14AUG2455600CE.NFO,2024-08-14,12:23:00,2024-08-14,1.0,1.1,1.0,1.1,1995,31995,0
BANKNIFTY14AUG2455600CE.NFO,2024-08-14,12:24:00,2024-08-14,1.1,1.1,1.05,1.05,315,31995,0
BANKNIFTY14AUG2455600CE.NFO,2024-08-14,12:25:00,2024-08-14,1.05,1.1,1.05,1.1,1845,31485,0
BANKNIFTY14AUG2455600CE.NFO,2024-08-14,12:26:00,2024-08-14,1.1,1.1,1.1,1.1,3450,31485,0
BANKNIFTY14AUG2455600CE.NFO,2024-08-14,12:27:00,2024-08-14,1.1,1.15,1.1,1.15,75,31485,0
BANKNIFTY14AUG2455600CE.NFO,2024-08-14,12:28:00,2024-08-14,1.15,1.15,1.1,1.1,105,28635,0
BANKNIFTY14AUG2455600CE.NFO,2024-08-14,12:29:00,2024-08-14,1.1,1.1,1.1,1.1,555,28635,0
BANKNIFTY14AUG2455600CE.NFO,2024-08-14,12:30:00,2024-08-14,1.1,1.1,1.1,1.1,900,28635,0
BANKNIFTY14AUG2455600CE.NFO,2024-08-14,12:31:00,2024-08-14,1.1,1.1,1.1,1.1,0,28635,0
BANKNIFTY14AUG2455600CE.NFO,2024-08-14,12:32:00,2024-08-14,1.1,1.15,1.1,1.15,45,25905,0
BANKNIFTY14AUG2455600CE.NFO,2024-08-14,12:33:00,2024-08-14,1.15,1.15,1.1,1.1,150,25905,0
BANKNIFTY14AUG2455600CE.NFO,2024-08-14,12:34:00,2024-08-14,1.1,1.1,1.1,1.1,1095,25515,0
BANKNIFTY14AUG2455600CE.NFO,2024-08-14,12:35:00,2024-08-14,1.1,1.1,1.1,1.1,765,25515,0
BANKNIFTY14AUG2455600CE.NFO,2024-08-14,12:36:00,2024-08-14,1.1,1.1,1.0,1.0,3510,25515,0
BANKNIFTY14AUG2455600CE.NFO,2024-08-14,12:37:00,2024-08-14,1.0,1.05,0.95,0.95,1110,22935,0
BANKNIFTY14AUG2455600CE.NFO,2024-08-14,12:38:00,2024-08-14,0.95,1.0,0.8,0.85,1965,22935,0
BANKNIFTY14AUG2455600CE.NFO,2024-08-14,12:39:00,2024-08-14,0.85,0.85,0.75,0.75,885,22935,0
BANKNIFTY14AUG2455600CE.NFO,2024-08-14,12:40:00,2024-08-14,0.75,0.75,0.7,0.75,180,24810,0
BANKNIFTY14AUG2455600CE.NFO,2024-08-14,12:41:00,2024-08-14,0.75,0.75,0.7,0.7,1260,24810,0
BANKNIFTY14AUG2455600CE.NFO,2024-08-14,12:42:00,2024-08-14,0.7,0.7,0.65,0.65,5940,24810,0
BANKNIFTY14AUG2455600CE.NFO,2024-08-14,12:43:00,2024-08-14,0.65,0.65,0.5,0.6,2925,22560,0
BANKNIFTY14AUG2455600CE.NFO,2024-08-14,12:44:00,2024-08-14,0.55,0.55,0.5,0.5,525,22560,0
BANKNIFTY14AUG2455600CE.NFO,2024-08-14,12:45:00,2024-08-14,0.5,0.5,0.5,0.5,285,22560,0
BANKNIFTY14AUG2455600CE.NFO,2024-08-14,12:46:00,2024-08-14,0.5,0.55,0.5,0.5,4260,23250,0
BANKNIFTY14AUG2455600CE.NFO,2024-08-14,12:47:00,2024-08-14,0.5,0.5,0.45,0.45,855,23250,0
BANKNIFTY14AUG2455600CE.NFO,2024-08-14,12:48:00,2024-08-14,0.45,0.45,0.45,0.45,195,23250,0
BANKNIFTY14AUG2455600CE.NFO,2024-08-14,12:49:00,2024-08-14,0.45,0.45,0.45,0.45,795,22440,0
BANKNIFTY14AUG2455600CE.NFO,2024-08-14,12:50:00,2024-08-14,0.45,0.45,0.4,0.45,1860,22440,0
BANKNIFTY14AUG2455600CE.NFO,2024-08-14,12:51:00,2024-08-14,0.45,0.45,0.45,0.45,0,22440,0
BANKNIFTY14AUG2455600CE.NFO,2024-08-14,12:52:00,2024-08-14,0.45,0.45,0.4,0.4,2010,21345,0
BANKNIFTY14AUG2455600CE.NFO,2024-08-14,12:53:00,2024-08-14,0.4,0.4,0.4,0.4,405,21345,0
BANKNIFTY14AUG2455600CE.NFO,2024-08-14,12:54:00,2024-08-14,0.4,0.4,0.35,0.4,780,21345,0
BANKNIFTY14AUG2455600CE.NFO,2024-08-14,12:55:00,2024-08-14,0.4,0.4,0.4,0.4,1035,22140,0
BANKNIFTY14AUG2455600CE.NFO,2024-08-14,12:56:00,2024-08-14,0.4,0.45,0.4,0.4,1620,22140,0
BANKNIFTY14AUG2455600CE.NFO,2024-08-14,12:57:00,2024-08-14,0.4,0.5,0.4,0.5,2115,22140,0
BANKNIFTY14AUG2455600CE.NFO,2024-08-14,12:58:00,2024-08-14,0.5,0.5,0.45,0.45,1560,24690,0
BANKNIFTY14AUG2455600CE.NFO,2024-08-14,12:59:00,2024-08-14,0.45,0.5,0.45,0.5,225,24690,0
BANKNIFTY14AUG2455600CE.NFO,2024-08-14,13:00:00,2024-08-14,0.5,0.5,0.45,0.5,2460,24690,0
BANKNIFTY14AUG2455600CE.NFO,2024-08-14,13:01:00,2024-08-14,0.5,0.6,0.5,0.55,2820,23700,0
BANKNIFTY14AUG2455600CE.NFO,2024-08-14,13:02:00,2024-08-14,0.55,0.55,0.5,0.5,810,23700,0
BANKNIFTY14AUG2455600CE.NFO,2024-08-14,13:03:00,2024-08-14,0.5,0.55,0.5,0.55,1305,23700,0
BANKNIFTY14AUG2455600CE.NFO,2024-08-14,13:04:00,2024-08-14,0.55,0.6,0.55,0.6,2760,22815,0
BANKNIFTY14AUG2455600CE.NFO,2024-08-14,13:05:00,2024-08-14,0.6,0.6,0.55,0.55,30,22815,0
BANKNIFTY14AUG2455600CE.NFO,2024-08-14,13:06:00,2024-08-14,0.55,0.6,0.55,0.55,1785,22815,0
BANKNIFTY14AUG2455600CE.NFO,2024-08-14,13:07:00,2024-08-14,0.55,0.55,0.5,0.5,15,22455,0
BANKNIFTY14AUG2455600CE.NFO,2024-08-14,13:08:00,2024-08-14,0.5,0.55,0.5,0.55,180,22455,0
BANKNIFTY14AUG2455600CE.NFO,2024-08-14,13:09:00,2024-08-14,0.55,0.55,0.5,0.5,105,22455,0
BANKNIFTY14AUG2455600CE.NFO,2024-08-14,13:10:00,2024-08-14,0.5,0.5,0.5,0.5,30,22695,0
BANKNIFTY14AUG2455600CE.NFO,2024-08-14,13:11:00,2024-08-14,0.5,0.55,0.5,0.55,1545,22695,0
BANKNIFTY14AUG2455600CE.NFO,2024-08-14,13:12:00,2024-08-14,0.55,0.55,0.55,0.55,705,22695,0
BANKNIFTY14AUG2455600CE.NFO,2024-08-14,13:13:00,2024-08-14,0.55,0.55,0.55,0.55,0,22695,0
BANKNIFTY14AUG2455600CE.NFO,2024-08-14,13:14:00,2024-08-14,0.55,0.55,0.55,0.55,990,24210,0
BANKNIFTY14AUG2455600CE.NFO,2024-08-14,13:15:00,2024-08-14,0.55,0.55,0.55,0.55,75,24210,0
BANKNIFTY14AUG2455600CE.NFO,2024-08-14,13:16:00,2024-08-14,0.55,0.55,0.55,0.55,0,24270,0
BANKNIFTY14AUG2455600CE.NFO,2024-08-14,13:17:00,2024-08-14,0.55,0.55,0.55,0.55,45,24270,0
BANKNIFTY14AUG2455600CE.NFO,2024-08-14,13:18:00,2024-08-14,0.55,0.55,0.55,0.55,30,24270,0
BANKNIFTY14AUG2455600CE.NFO,2024-08-14,13:19:00,2024-08-14,0.55,0.6,0.5,0.55,3960,23730,0
BANKNIFTY14AUG2455600CE.NFO,2024-08-14,13:20:00,2024-08-14,0.55,0.55,0.5,0.55,2580,23730,0
BANKNIFTY14AUG2455600CE.NFO,2024-08-14,13:21:00,2024-08-14,0.6,0.6,0.5,0.5,2235,23730,0
BANKNIFTY14AUG2455600CE.NFO,2024-08-14,13:22:00,2024-08-14,0.5,0.5,0.5,0.5,30,23730,0
BANKNIFTY14AUG2455600CE.NFO,2024-08-14,13:23:00,2024-08-14,0.5,0.6,0.5,0.5,2895,22815,0
BANKNIFTY14AUG2455600CE.NFO,2024-08-14,13:24:00,2024-08-14,0.5,0.55,0.4,0.4,4335,22815,0
BANKNIFTY14AUG2455600CE.NFO,2024-08-14,13:25:00,2024-08-14,0.4,0.4,0.4,0.4,600,22815,0
BANKNIFTY14AUG2455600CE.NFO,2024-08-14,13:26:00,2024-08-14,0.4,0.45,0.3,0.4,2445,22200,0
BANKNIFTY14AUG2455600CE.NFO,2024-08-14,13:27:00,2024-08-14,0.4,0.4,0.4,0.4,0,22200,0
BANKNIFTY14AUG2455600CE.NFO,2024-08-14,13:28:00,2024-08-14,0.4,0.5,0.4,0.4,525,22200,0
BANKNIFTY14AUG2455600CE.NFO,2024-08-14,13:29:00,2024-08-14,0.4,0.45,0.4,0.45,375,23085,0
BANKNIFTY14AUG2455600CE.NFO,2024-08-14,13:30:00,2024-08-14,0.45,0.45,0.45,0.45,0,23085,0
BANKNIFTY14AUG2455600CE.NFO,2024-08-14,13:31:00,2024-08-14,0.45,0.45,0.45,0.45,255,23085,0
BANKNIFTY14AUG2455600CE.NFO,2024-08-14,13:32:00,2024-08-14,0.45,0.5,0.45,0.5,510,23370,0
BANKNIFTY14AUG2455600CE.NFO,2024-08-14,13:33:00,2024-08-14,0.5,0.5,0.45,0.45,660,23370,0
BANKNIFTY14AUG2455600CE.NFO,2024-08-14,13:34:00,2024-08-14,0.45,0.45,0.4,0.4,630,23655,0
BANKNIFTY14AUG2455600CE.NFO,2024-08-14,13:35:00,2024-08-14,0.4,0.45,0.4,0.45,1155,23655,0
BANKNIFTY14AUG2455600CE.NFO,2024-08-14,13:36:00,2024-08-14,0.45,0.45,0.4,0.4,30,23655,0
BANKNIFTY14AUG2455600CE.NFO,2024-08-14,13:37:00,2024-08-14,0.4,0.45,0.4,0.45,705,24600,0
BANKNIFTY14AUG2455600CE.NFO,2024-08-14,13:38:00,2024-08-14,0.45,0.45,0.4,0.4,180,24600,0
BANKNIFTY14AUG2455600CE.NFO,2024-08-14,13:39:00,2024-08-14,0.4,0.4,0.4,0.4,195,24600,0
BANKNIFTY14AUG2455600CE.NFO,2024-08-14,13:40:00,2024-08-14,0.4,0.4,0.4,0.4,345,24600,0
BANKNIFTY14AUG2455600CE.NFO,2024-08-14,13:41:00,2024-08-14,0.4,0.4,0.4,0.4,0,24600,0
BANKNIFTY14AUG2455600CE.NFO,2024-08-14,13:42:00,2024-08-14,0.4,0.45,0.4,0.45,540,24435,0
BANKNIFTY14AUG2455600CE.NFO,2024-08-14,13:43:00,2024-08-14,0.45,0.45,0.45,0.45,0,24435,0
BANKNIFTY14AUG2455600CE.NFO,2024-08-14,13:44:00,2024-08-14,0.45,0.45,0.4,0.4,15,23910,0
BANKNIFTY14AUG2455600CE.NFO,2024-08-14,13:45:00,2024-08-14,0.4,0.4,0.4,0.4,150,23910,0
BANKNIFTY14AUG2455600CE.NFO,2024-08-14,13:46:00,2024-08-14,0.4,0.4,0.4,0.4,0,23910,0
BANKNIFTY14AUG2455600CE.NFO,2024-08-14,13:47:00,2024-08-14,0.4,0.4,0.4,0.4,0,23910,0
BANKNIFTY14AUG2455600CE.NFO,2024-08-14,13:48:00,2024-08-14,0.4,0.4,0.4,0.4,0,23910,0
BANKNIFTY14AUG2455600CE.NFO,2024-08-14,13:49:00,2024-08-14,0.4,0.4,0.4,0.4,375,23730,0
BANKNIFTY14AUG2455600CE.NFO,2024-08-14,13:50:00,2024-08-14,0.4,0.4,0.4,0.4,15,23730,0
BANKNIFTY14AUG2455600CE.NFO,2024-08-14,13:51:00,2024-08-14,0.4,0.45,0.4,0.45,0,23730,0
BANKNIFTY14AUG2455600CE.NFO,2024-08-14,13:52:00,2024-08-14,0.45,0.45,0.45,0.45,0,23730,0
BANKNIFTY14AUG2455600CE.NFO,2024-08-14,13:53:00,2024-08-14,0.45,0.45,0.45,0.45,0,23730,0
BANKNIFTY14AUG2455600CE.NFO,2024-08-14,13:54:00,2024-08-14,0.45,0.45,0.45,0.45,0,23730,0
BANKNIFTY14AUG2455600CE.NFO,2024-08-14,13:55:00,2024-08-14,0.45,0.45,0.45,0.45,0,23730,0
BANKNIFTY14AUG2455600CE.NFO,2024-08-14,13:56:00,2024-08-14,0.45,0.45,0.45,0.45,0,23730,0
BANKNIFTY14AUG2455600CE.NFO,2024-08-14,13:57:00,2024-08-14,0.45,0.45,0.45,0.45,0,23730,0
BANKNIFTY14AUG2455600CE.NFO,2024-08-14,13:58:00,2024-08-14,0.45,0.45,0.4,0.4,165,23175,0
BANKNIFTY14AUG2455600CE.NFO,2024-08-14,13:59:00,2024-08-14,0.4,0.4,0.4,0.4,480,23175,0
BANKNIFTY14AUG2455600CE.NFO,2024-08-14,14:00:00,2024-08-14,0.4,0.4,0.4,0.4,705,23175,0
BANKNIFTY14AUG2455600CE.NFO,2024-08-14,14:01:00,2024-08-14,0.4,0.4,0.4,0.4,315,21990,0
BANKNIFTY14AUG2455600CE.NFO,2024-08-14,14:02:00,2024-08-14,0.4,0.4,0.4,0.4,0,21990,0
BANKNIFTY14AUG2455600CE.NFO,2024-08-14,14:03:00,2024-08-14,0.4,0.4,0.4,0.4,795,21990,0
BANKNIFTY14AUG2455600CE.NFO,2024-08-14,14:04:00,2024-08-14,0.4,0.4,0.4,0.4,720,20400,0
BANKNIFTY14AUG2455600CE.NFO,2024-08-14,14:05:00,2024-08-14,0.4,0.45,0.4,0.4,1335,20400,0
BANKNIFTY14AUG2455600CE.NFO,2024-08-14,14:06:00,2024-08-14,0.4,0.4,0.4,0.4,495,20400,0
BANKNIFTY14AUG2455600CE.NFO,2024-08-14,14:07:00,2024-08-14,0.4,0.4,0.4,0.4,2370,19005,0
BANKNIFTY14AUG2455600CE.NFO,2024-08-14,14:08:00,2024-08-14,0.4,0.4,0.4,0.4,2250,19005,0
BANKNIFTY14AUG2455600CE.NFO,2024-08-14,14:09:00,2024-08-14,0.4,0.4,0.35,0.35,1875,19005,0
BANKNIFTY14AUG2455600CE.NFO,2024-08-14,14:10:00,2024-08-14,0.35,0.35,0.3,0.3,1845,19005,0
BANKNIFTY14AUG2455600CE.NFO,2024-08-14,14:11:00,2024-08-14,0.3,0.3,0.3,0.3,30,18615,0
BANKNIFTY14AUG2455600CE.NFO,2024-08-14,14:12:00,2024-08-14,0.3,0.3,0.3,0.3,15,18615,0
BANKNIFTY14AUG2455600CE.NFO,2024-08-14,14:13:00,2024-08-14,0.3,0.3,0.3,0.3,195,18615,0
BANKNIFTY14AUG2455600CE.NFO,2024-08-14,14:14:00,2024-08-14,0.3,0.3,0.25,0.3,975,18615,0
BANKNIFTY14AUG2455600CE.NFO,2024-08-14,14:15:00,2024-08-14,0.3,0.3,0.25,0.25,15,18615,0
BANKNIFTY14AUG2455600CE.NFO,2024-08-14,14:16:00,2024-08-14,0.25,0.3,0.25,0.3,45,18810,0
BANKNIFTY14AUG2455600CE.NFO,2024-08-14,14:17:00,2024-08-14,0.3,0.3,0.3,0.3,900,18810,0
BANKNIFTY14AUG2455600CE.NFO,2024-08-14,14:18:00,2024-08-14,0.3,0.3,0.3,0.3,1050,18810,0
BANKNIFTY14AUG2455600CE.NFO,2024-08-14,14:19:00,2024-08-14,0.3,0.3,0.25,0.3,2445,21615,0
BANKNIFTY14AUG2455600CE.NFO,2024-08-14,14:20:00,2024-08-14,0.3,0.3,0.25,0.25,795,21615,0
BANKNIFTY14AUG2455600CE.NFO,2024-08-14,14:21:00,2024-08-14,0.25,0.25,0.25,0.25,15,21615,0
BANKNIFTY14AUG2455600CE.NFO,2024-08-14,14:22:00,2024-08-14,0.25,0.3,0.25,0.3,285,23205,0
BANKNIFTY14AUG2455600CE.NFO,2024-08-14,14:23:00,2024-08-14,0.3,0.3,0.3,0.3,0,23205,0
BANKNIFTY14AUG2455600CE.NFO,2024-08-14,14:24:00,2024-08-14,0.3,0.3,0.25,0.3,915,23205,0
BANKNIFTY14AUG2455600CE.NFO,2024-08-14,14:25:00,2024-08-14,0.3,0.3,0.3,0.3,735,25485,0
BANKNIFTY14AUG2455600CE.NFO,2024-08-14,14:26:00,2024-08-14,0.3,0.3,0.3,0.3,0,25485,0
BANKNIFTY14AUG2455600CE.NFO,2024-08-14,14:27:00,2024-08-14,0.3,0.3,0.25,0.3,945,25485,0
BANKNIFTY14AUG2455600CE.NFO,2024-08-14,14:28:00,2024-08-14,0.3,0.3,0.3,0.3,0,25485,0
BANKNIFTY14AUG2455600CE.NFO,2024-08-14,14:29:00,2024-08-14,0.3,0.3,0.3,0.3,0,25485,0
BANKNIFTY14AUG2455600CE.NFO,2024-08-14,14:30:00,2024-08-14,0.3,0.3,0.3,0.3,150,26745,0
BANKNIFTY14AUG2455600CE.NFO,2024-08-14,14:31:00,2024-08-14,0.3,0.3,0.25,0.3,135,26685,0
BANKNIFTY14AUG2455600CE.NFO,2024-08-14,14:32:00,2024-08-14,0.3,0.3,0.3,0.3,0,26685,0
BANKNIFTY14AUG2455600CE.NFO,2024-08-14,14:33:00,2024-08-14,0.3,0.3,0.25,0.25,15,26685,0
BANKNIFTY14AUG2455600CE.NFO,2024-08-14,14:34:00,2024-08-14,0.25,0.3,0.25,0.25,750,26340,0
BANKNIFTY14AUG2455600CE.NFO,2024-08-14,14:35:00,2024-08-14,0.25,0.25,0.25,0.25,705,26340,0
BANKNIFTY14AUG2455600CE.NFO,2024-08-14,14:36:00,2024-08-14,0.25,0.25,0.25,0.25,0,26340,0
BANKNIFTY14AUG2455600CE.NFO,2024-08-14,14:37:00,2024-08-14,0.25,0.25,0.25,0.25,15,26340,0
BANKNIFTY14AUG2455600CE.NFO,2024-08-14,14:38:00,2024-08-14,0.25,0.3,0.25,0.3,405,24735,0
BANKNIFTY14AUG2455600CE.NFO,2024-08-14,14:39:00,2024-08-14,0.3,0.3,0.25,0.25,300,24735,0
BANKNIFTY14AUG2455600CE.NFO,2024-08-14,14:40:00,2024-08-14,0.25,0.3,0.25,0.3,0,24735,0
BANKNIFTY14AUG2455600CE.NFO,2024-08-14,14:41:00,2024-08-14,0.3,0.3,0.3,0.3,420,25845,0
BANKNIFTY14AUG2455600CE.NFO,2024-08-14,14:42:00,2024-08-14,0.3,0.3,0.3,0.3,405,25845,0
BANKNIFTY14AUG2455600CE.NFO,2024-08-14,14:43:00,2024-08-14,0.3,0.3,0.25,0.25,2685,26640,0
BANKNIFTY14AUG2455600CE.NFO,2024-08-14,14:44:00,2024-08-14,0.25,0.25,0.25,0.25,1800,26640,0
BANKNIFTY14AUG2455600CE.NFO,2024-08-14,14:45:00,2024-08-14,0.25,0.25,0.25,0.25,2940,26640,0
BANKNIFTY14AUG2455600CE.NFO,2024-08-14,14:46:00,2024-08-14,0.25,0.25,0.2,0.2,300,21975,0
BANKNIFTY14AUG2455600CE.NFO,2024-08-14,14:47:00,2024-08-14,0.2,0.25,0.2,0.25,360,21975,0
BANKNIFTY14AUG2455600CE.NFO,2024-08-14,14:48:00,2024-08-14,0.25,0.25,0.2,0.2,3435,21975,0
BANKNIFTY14AUG2455600CE.NFO,2024-08-14,14:49:00,2024-08-14,0.2,0.2,0.15,0.15,2865,24540,0
BANKNIFTY14AUG2455600CE.NFO,2024-08-14,14:50:00,2024-08-14,0.15,0.2,0.15,0.15,555,24540,0
BANKNIFTY14AUG2455600CE.NFO,2024-08-14,14:51:00,2024-08-14,0.15,0.2,0.15,0.15,600,24540,0
BANKNIFTY14AUG2455600CE.NFO,2024-08-14,14:52:00,2024-08-14,0.15,0.15,0.15,0.15,2595,24540,0
BANKNIFTY14AUG2455600CE.NFO,2024-08-14,14:53:00,2024-08-14,0.15,0.15,0.15,0.15,0,24540,0
BANKNIFTY14AUG2455600CE.NFO,2024-08-14,14:54:00,2024-08-14,0.15,0.15,0.15,0.15,0,24540,0
BANKNIFTY14AUG2455600CE.NFO,2024-08-14,14:55:00,2024-08-14,0.15,0.15,0.1,0.1,1185,22605,0
BANKNIFTY14AUG2455600CE.NFO,2024-08-14,14:56:00,2024-08-14,0.1,0.1,0.1,0.1,0,22605,0
BANKNIFTY14AUG2455600CE.NFO,2024-08-14,14:57:00,2024-08-14,0.1,0.15,0.1,0.15,450,22605,0
BANKNIFTY14AUG2455600CE.NFO,2024-08-14,14:58:00,2024-08-14,0.15,0.15,0.15,0.15,0,21300,0
BANKNIFTY14AUG2455600CE.NFO,2024-08-14,14:59:00,2024-08-14,0.15,0.15,0.15,0.15,0,21300,0
BANKNIFTY14AUG2455600CE.NFO,2024-08-14,15:00:00,2024-08-14,0.15,0.15,0.1,0.1,60,21300,0
BANKNIFTY14AUG2455600CE.NFO,2024-08-14,15:01:00,2024-08-14,0.1,0.1,0.1,0.1,0,21300,0
BANKNIFTY14AUG2455600CE.NFO,2024-08-14,15:02:00,2024-08-14,0.1,0.1,0.1,0.1,2670,21240,0
BANKNIFTY14AUG2455600CE.NFO,2024-08-14,15:03:00,2024-08-14,0.1,0.15,0.1,0.15,150,21240,0
BANKNIFTY14AUG2455600CE.NFO,2024-08-14,15:04:00,2024-08-14,0.15,0.15,0.1,0.1,1680,21240,0
BANKNIFTY14AUG2455600CE.NFO,2024-08-14,15:05:00,2024-08-14,0.1,0.1,0.1,0.1,690,22590,0
BANKNIFTY14AUG2455600CE.NFO,2024-08-14,15:06:00,2024-08-14,0.1,0.15,0.1,0.15,1500,22590,0
BANKNIFTY14AUG2455600CE.NFO,2024-08-14,15:07:00,2024-08-14,0.15,0.15,0.1,0.1,960,22590,0
BANKNIFTY14AUG2455600CE.NFO,2024-08-14,15:08:00,2024-08-14,0.1,0.1,0.05,0.05,14175,19725,0
BANKNIFTY14AUG2455600CE.NFO,2024-08-14,15:09:00,2024-08-14,0.05,0.05,0.05,0.05,0,19725,0
BANKNIFTY14AUG2455600CE.NFO,2024-08-14,15:10:00,2024-08-14,0.05,0.05,0.05,0.05,525,14580,0
BANKNIFTY14AUG2455600CE.NFO,2024-08-14,15:11:00,2024-08-14,0.05,0.05,0.05,0.05,0,14580,0
BANKNIFTY14AUG2455600CE.NFO,2024-08-14,15:12:00,2024-08-14,0.05,0.05,0.05,0.05,0,14580,0
BANKNIFTY14AUG2455600CE.NFO,2024-08-14,15:13:00,2024-08-14,0.05,0.05,0.05,0.05,0,14580,0
BANKNIFTY14AUG2455600CE.NFO,2024-08-14,15:14:00,2024-08-14,0.05,0.05,0.05,0.05,330,14445,0
BANKNIFTY14AUG2455600CE.NFO,2024-08-14,15:15:00,2024-08-14,0.05,0.05,0.05,0.05,0,14445,0
BANKNIFTY14AUG2455600CE.NFO,2024-08-14,15:16:00,2024-08-14,0.05,0.05,0.05,0.05,45,14445,0
BANKNIFTY14AUG2455600CE.NFO,2024-08-14,15:17:00,2024-08-14,0.05,0.05,0.05,0.05,0,14445,0
BANKNIFTY14AUG2455600CE.NFO,2024-08-14,15:18:00,2024-08-14,0.05,0.1,0.05,0.1,6780,14445,0
BANKNIFTY14AUG2455600CE.NFO,2024-08-14,15:19:00,2024-08-14,0.05,0.05,0.05,0.05,1050,14445,0
BANKNIFTY14AUG2455600CE.NFO,2024-08-14,15:20:00,2024-08-14,0.05,0.05,0.05,0.05,0,20820,0
BANKNIFTY14AUG2455600CE.NFO,2024-08-14,15:21:00,2024-08-14,0.05,0.05,0.05,0.05,450,20820,0
BANKNIFTY14AUG2455600CE.NFO,2024-08-14,15:22:00,2024-08-14,0.05,0.05,0.05,0.05,270,20820,0
BANKNIFTY14AUG2455600CE.NFO,2024-08-14,15:23:00,2024-08-14,0.05,0.05,0.05,0.05,0,20820,0
BANKNIFTY14AUG2455600CE.NFO,2024-08-14,15:24:00,2024-08-14,0.05,0.05,0.05,0.05,15,21150,0
BANKNIFTY14AUG2455600CE.NFO,2024-08-14,15:25:00,2024-08-14,0.05,0.1,0.05,0.05,4440,21150,0
BANKNIFTY14AUG2455600CE.NFO,2024-08-14,15:26:00,2024-08-14,0.05,0.05,0.05,0.05,0,21150,0
BANKNIFTY14AUG2455600CE.NFO,2024-08-14,15:27:00,2024-08-14,0.05,0.05,0.05,0.05,0,21150,0
BANKNIFTY14AUG2455600CE.NFO,2024-08-14,15:28:00,2024-08-14,0.05,0.05,0.05,0.05,0,21150,0
BANKNIFTY14AUG2455600CE.NFO,2024-08-14,15:29:00,2024-08-14,0.05,0.05,0.05,0.05,0,21150,0
BANKNIFTY14AUG2455600CE.NFO,2024-08-14,15:30:00,2024-08-14,0.05,0.05,0.05,0.05,0,21150,1
