Ticker,Date,Time,Expiry Date,Open,High,Low,Close,Volume,Open Interest,Padding Flag
BANKNIFTY29MAY2560100CE.NFO,2025-04-22,09:15:00,2025-05-29,143.55,143.55,143.55,143.55,0,5405625,1
BANKNIFTY29MAY2560100CE.NFO,2025-04-22,09:16:00,2025-05-29,143.55,143.55,143.55,143.55,0,5405625,1
BANKNIFTY29MAY2560100CE.NFO,2025-04-22,09:17:00,2025-05-29,143.55,143.55,143.55,143.55,0,5405625,1
BANKNIFTY29MAY2560100CE.NFO,2025-04-22,09:18:00,2025-05-29,143.55,143.55,143.55,143.55,0,5405625,1
BANKNIFTY29MAY2560100CE.NFO,2025-04-22,09:19:00,2025-05-29,143.55,143.55,143.55,143.55,0,5405625,1
BANKNIFTY29MAY2560100CE.NFO,2025-04-22,09:20:00,2025-05-29,143.55,143.55,143.55,143.55,0,5405625,1
BANKNIFTY29MAY2560100CE.NFO,2025-04-22,09:21:00,2025-05-29,143.55,143.55,143.55,143.55,0,5405625,1
BANKNIFTY29MAY2560100CE.NFO,2025-04-22,09:22:00,2025-05-29,143.55,143.55,143.55,143.55,0,5405625,1
BANKNIFTY29MAY2560100CE.NFO,2025-04-22,09:23:00,2025-05-29,143.55,143.55,143.55,143.55,0,5405625,1
BANKNIFTY29MAY2560100CE.NFO,2025-04-22,09:24:00,2025-05-29,143.55,143.55,143.55,143.55,0,5405625,1
BANKNIFTY29MAY2560100CE.NFO,2025-04-22,09:25:00,2025-05-29,143.55,143.55,143.55,143.55,0,5405625,1
BANKNIFTY29MAY2560100CE.NFO,2025-04-22,09:26:00,2025-05-29,143.55,143.55,143.55,143.55,0,5405625,1
BANKNIFTY29MAY2560100CE.NFO,2025-04-22,09:27:00,2025-05-29,143.55,143.55,143.55,143.55,0,5405625,1
BANKNIFTY29MAY2560100CE.NFO,2025-04-22,09:28:00,2025-05-29,143.55,143.55,143.55,143.55,0,5405625,1
BANKNIFTY29MAY2560100CE.NFO,2025-04-22,09:29:00,2025-05-29,143.55,143.55,143.55,143.55,0,5405625,1
BANKNIFTY29MAY2560100CE.NFO,2025-04-22,09:30:00,2025-05-29,143.55,143.55,143.55,143.55,0,5405625,1
BANKNIFTY29MAY2560100CE.NFO,2025-04-22,09:31:00,2025-05-29,143.55,143.55,143.55,143.55,0,5405625,1
BANKNIFTY29MAY2560100CE.NFO,2025-04-22,09:32:00,2025-05-29,143.55,143.55,143.55,143.55,0,5405625,1
BANKNIFTY29MAY2560100CE.NFO,2025-04-22,09:33:00,2025-05-29,143.55,143.55,143.55,143.55,0,5405625,1
BANKNIFTY29MAY2560100CE.NFO,2025-04-22,09:34:00,2025-05-29,143.55,143.55,143.55,143.55,0,5405625,1
BANKNIFTY29MAY2560100CE.NFO,2025-04-22,09:35:00,2025-05-29,143.55,143.55,143.55,143.55,0,5405625,1
BANKNIFTY29MAY2560100CE.NFO,2025-04-22,09:36:00,2025-05-29,143.55,143.55,143.55,143.55,0,5405625,1
BANKNIFTY29MAY2560100CE.NFO,2025-04-22,09:37:00,2025-05-29,143.55,143.55,143.55,143.55,0,5405625,1
BANKNIFTY29MAY2560100CE.NFO,2025-04-22,09:38:00,2025-05-29,143.55,143.55,143.55,143.55,0,5405625,1
BANKNIFTY29MAY2560100CE.NFO,2025-04-22,09:39:00,2025-05-29,143.55,143.55,143.55,143.55,0,5405625,1
BANKNIFTY29MAY2560100CE.NFO,2025-04-22,09:40:00,2025-05-29,143.55,143.55,143.55,143.55,0,5405625,1
BANKNIFTY29MAY2560100CE.NFO,2025-04-22,09:41:00,2025-05-29,143.55,143.55,143.55,143.55,0,5405625,1
BANKNIFTY29MAY2560100CE.NFO,2025-04-22,09:42:00,2025-05-29,143.55,143.55,143.55,143.55,0,5405625,1
BANKNIFTY29MAY2560100CE.NFO,2025-04-22,09:43:00,2025-05-29,143.55,143.55,143.55,143.55,0,5405625,0
BANKNIFTY29MAY2560100CE.NFO,2025-04-22,09:44:00,2025-05-29,143.55,143.55,143.55,143.55,0,5405625,0
BANKNIFTY29MAY2560100CE.NFO,2025-04-22,09:45:00,2025-05-29,143.55,143.55,143.55,143.55,0,5405625,0
BANKNIFTY29MAY2560100CE.NFO,2025-04-22,09:46:00,2025-05-29,143.55,143.55,143.55,143.55,0,5405625,0
BANKNIFTY29MAY2560100CE.NFO,2025-04-22,09:47:00,2025-05-29,143.55,143.55,143.55,143.55,0,5405625,0
BANKNIFTY29MAY2560100CE.NFO,2025-04-22,09:48:00,2025-05-29,143.55,143.55,143.55,143.55,0,5405625,0
BANKNIFTY29MAY2560100CE.NFO,2025-04-22,09:49:00,2025-05-29,143.55,143.55,143.55,143.55,0,5405625,0
BANKNIFTY29MAY2560100CE.NFO,2025-04-22,09:50:00,2025-05-29,143.55,143.55,143.55,143.55,0,5405625,0
BANKNIFTY29MAY2560100CE.NFO,2025-04-22,09:51:00,2025-05-29,143.55,143.55,143.55,143.55,0,5405625,0
BANKNIFTY29MAY2560100CE.NFO,2025-04-22,09:52:00,2025-05-29,143.55,143.55,143.55,143.55,0,5405625,0
BANKNIFTY29MAY2560100CE.NFO,2025-04-22,09:53:00,2025-05-29,143.55,143.55,143.55,143.55,0,5405625,0
BANKNIFTY29MAY2560100CE.NFO,2025-04-22,09:54:00,2025-05-29,143.55,143.55,143.55,143.55,0,5405625,0
BANKNIFTY29MAY2560100CE.NFO,2025-04-22,09:55:00,2025-05-29,143.55,143.55,143.55,143.55,0,5405625,0
BANKNIFTY29MAY2560100CE.NFO,2025-04-22,09:56:00,2025-05-29,143.55,143.55,143.55,143.55,0,5405625,0
BANKNIFTY29MAY2560100CE.NFO,2025-04-22,09:57:00,2025-05-29,143.55,143.55,143.55,143.55,0,5405625,0
BANKNIFTY29MAY2560100CE.NFO,2025-04-22,09:58:00,2025-05-29,143.55,143.55,143.55,143.55,0,5405625,0
BANKNIFTY29MAY2560100CE.NFO,2025-04-22,09:59:00,2025-05-29,143.55,143.55,143.55,143.55,0,5405625,0
BANKNIFTY29MAY2560100CE.NFO,2025-04-22,10:00:00,2025-05-29,143.55,143.55,143.55,143.55,0,5405625,0
BANKNIFTY29MAY2560100CE.NFO,2025-04-22,10:01:00,2025-05-29,143.55,143.55,143.55,143.55,0,5405625,0
BANKNIFTY29MAY2560100CE.NFO,2025-04-22,10:02:00,2025-05-29,143.55,143.55,143.55,143.55,0,5405625,0
BANKNIFTY29MAY2560100CE.NFO,2025-04-22,10:03:00,2025-05-29,143.55,143.55,143.55,143.55,0,5405625,0
BANKNIFTY29MAY2560100CE.NFO,2025-04-22,10:04:00,2025-05-29,143.55,143.55,143.55,143.55,0,5405625,0
BANKNIFTY29MAY2560100CE.NFO,2025-04-22,10:05:00,2025-05-29,143.55,143.55,143.55,143.55,0,5405625,0
BANKNIFTY29MAY2560100CE.NFO,2025-04-22,10:06:00,2025-05-29,143.55,143.55,143.55,143.55,0,5405625,0
BANKNIFTY29MAY2560100CE.NFO,2025-04-22,10:07:00,2025-05-29,143.55,143.55,143.55,143.55,0,5405625,0
BANKNIFTY29MAY2560100CE.NFO,2025-04-22,10:08:00,2025-05-29,143.55,143.55,143.55,143.55,0,5405625,0
BANKNIFTY29MAY2560100CE.NFO,2025-04-22,10:09:00,2025-05-29,143.55,143.55,143.55,143.55,0,5405625,0
BANKNIFTY29MAY2560100CE.NFO,2025-04-22,10:10:00,2025-05-29,143.55,143.55,143.55,143.55,0,5405625,0
BANKNIFTY29MAY2560100CE.NFO,2025-04-22,10:11:00,2025-05-29,143.55,143.55,143.55,143.55,0,5405625,0
BANKNIFTY29MAY2560100CE.NFO,2025-04-22,10:12:00,2025-05-29,143.55,143.55,143.55,143.55,0,5405625,1
BANKNIFTY29MAY2560100CE.NFO,2025-04-22,10:13:00,2025-05-29,143.55,143.55,143.55,143.55,0,5405625,0
BANKNIFTY29MAY2560100CE.NFO,2025-04-22,10:14:00,2025-05-29,143.55,143.55,143.55,143.55,0,5405625,0
BANKNIFTY29MAY2560100CE.NFO,2025-04-22,10:15:00,2025-05-29,143.55,143.55,143.55,143.55,0,5405625,1
BANKNIFTY29MAY2560100CE.NFO,2025-04-22,10:16:00,2025-05-29,143.55,143.55,143.55,143.55,0,5405625,1
BANKNIFTY29MAY2560100CE.NFO,2025-04-22,10:17:00,2025-05-29,143.55,143.55,143.55,143.55,0,5405625,1
BANKNIFTY29MAY2560100CE.NFO,2025-04-22,10:18:00,2025-05-29,143.55,143.55,143.55,143.55,0,5405625,1
BANKNIFTY29MAY2560100CE.NFO,2025-04-22,10:19:00,2025-05-29,143.55,143.55,143.55,143.55,0,5405625,1
BANKNIFTY29MAY2560100CE.NFO,2025-04-22,10:20:00,2025-05-29,143.55,143.55,143.55,143.55,0,5405625,0
BANKNIFTY29MAY2560100CE.NFO,2025-04-22,10:21:00,2025-05-29,143.55,143.55,143.55,143.55,0,5405625,0
BANKNIFTY29MAY2560100CE.NFO,2025-04-22,10:22:00,2025-05-29,143.55,143.55,143.55,143.55,0,5405625,0
BANKNIFTY29MAY2560100CE.NFO,2025-04-22,10:23:00,2025-05-29,143.55,143.55,143.55,143.55,0,5405625,0
BANKNIFTY29MAY2560100CE.NFO,2025-04-22,10:24:00,2025-05-29,143.55,143.55,143.55,143.55,0,5405625,0
BANKNIFTY29MAY2560100CE.NFO,2025-04-22,10:25:00,2025-05-29,143.55,143.55,143.55,143.55,0,60,0
BANKNIFTY29MAY2560100CE.NFO,2025-04-22,10:26:00,2025-05-29,143.55,143.55,143.55,143.55,30,60,0
BANKNIFTY29MAY2560100CE.NFO,2025-04-22,10:27:00,2025-05-29,143.55,143.55,143.55,143.55,0,60,0
BANKNIFTY29MAY2560100CE.NFO,2025-04-22,10:28:00,2025-05-29,143.55,143.55,143.55,143.55,0,60,1
BANKNIFTY29MAY2560100CE.NFO,2025-04-22,10:29:00,2025-05-29,143.55,143.55,143.55,143.55,0,60,1
BANKNIFTY29MAY2560100CE.NFO,2025-04-22,10:30:00,2025-05-29,143.55,143.55,143.55,143.55,0,60,1
BANKNIFTY29MAY2560100CE.NFO,2025-04-22,10:31:00,2025-05-29,143.55,143.55,143.55,143.55,0,60,1
BANKNIFTY29MAY2560100CE.NFO,2025-04-22,10:32:00,2025-05-29,143.55,143.55,143.55,143.55,0,60,1
BANKNIFTY29MAY2560100CE.NFO,2025-04-22,10:33:00,2025-05-29,143.55,143.55,143.55,143.55,0,60,1
BANKNIFTY29MAY2560100CE.NFO,2025-04-22,10:34:00,2025-05-29,143.55,143.55,143.55,143.55,0,60,0
BANKNIFTY29MAY2560100CE.NFO,2025-04-22,10:35:00,2025-05-29,143.55,143.55,143.55,143.55,0,60,0
BANKNIFTY29MAY2560100CE.NFO,2025-04-22,10:36:00,2025-05-29,143.55,143.55,143.55,143.55,0,60,0
BANKNIFTY29MAY2560100CE.NFO,2025-04-22,10:37:00,2025-05-29,143.55,143.55,143.55,143.55,0,60,1
BANKNIFTY29MAY2560100CE.NFO,2025-04-22,10:38:00,2025-05-29,143.55,143.55,143.55,143.55,0,60,1
BANKNIFTY29MAY2560100CE.NFO,2025-04-22,10:39:00,2025-05-29,143.55,143.55,143.55,143.55,0,60,1
BANKNIFTY29MAY2560100CE.NFO,2025-04-22,10:40:00,2025-05-29,143.55,143.55,143.55,143.55,0,60,1
BANKNIFTY29MAY2560100CE.NFO,2025-04-22,10:41:00,2025-05-29,143.55,143.55,143.55,143.55,0,60,0
BANKNIFTY29MAY2560100CE.NFO,2025-04-22,10:42:00,2025-05-29,102.0,102.0,102.0,102.0,0,90,0
BANKNIFTY29MAY2560100CE.NFO,2025-04-22,10:43:00,2025-05-29,102.0,102.0,102.0,102.0,60,90,0
BANKNIFTY29MAY2560100CE.NFO,2025-04-22,10:44:00,2025-05-29,102.0,102.0,102.0,102.0,0,90,0
BANKNIFTY29MAY2560100CE.NFO,2025-04-22,10:45:00,2025-05-29,102.0,102.0,90.0,90.0,30,90,0
BANKNIFTY29MAY2560100CE.NFO,2025-04-22,10:46:00,2025-05-29,90.0,90.0,90.0,90.0,0,90,0
BANKNIFTY29MAY2560100CE.NFO,2025-04-22,10:47:00,2025-05-29,90.0,90.0,90.0,90.0,0,90,0
BANKNIFTY29MAY2560100CE.NFO,2025-04-22,10:48:00,2025-05-29,90.0,90.0,90.0,90.0,0,90,1
BANKNIFTY29MAY2560100CE.NFO,2025-04-22,10:49:00,2025-05-29,90.0,90.0,90.0,90.0,0,90,1
BANKNIFTY29MAY2560100CE.NFO,2025-04-22,10:50:00,2025-05-29,90.0,90.0,90.0,90.0,0,90,1
BANKNIFTY29MAY2560100CE.NFO,2025-04-22,10:51:00,2025-05-29,90.0,90.0,90.0,90.0,0,90,0
BANKNIFTY29MAY2560100CE.NFO,2025-04-22,10:52:00,2025-05-29,90.0,90.0,90.0,90.0,0,90,1
BANKNIFTY29MAY2560100CE.NFO,2025-04-22,10:53:00,2025-05-29,90.0,90.0,90.0,90.0,0,90,1
BANKNIFTY29MAY2560100CE.NFO,2025-04-22,10:54:00,2025-05-29,90.0,90.0,90.0,90.0,0,90,0
BANKNIFTY29MAY2560100CE.NFO,2025-04-22,10:55:00,2025-05-29,90.0,90.0,90.0,90.0,0,90,1
BANKNIFTY29MAY2560100CE.NFO,2025-04-22,10:56:00,2025-05-29,90.0,90.0,90.0,90.0,0,90,0
BANKNIFTY29MAY2560100CE.NFO,2025-04-22,10:57:00,2025-05-29,90.0,90.0,90.0,90.0,0,90,1
BANKNIFTY29MAY2560100CE.NFO,2025-04-22,10:58:00,2025-05-29,90.0,90.0,90.0,90.0,0,90,0
BANKNIFTY29MAY2560100CE.NFO,2025-04-22,10:59:00,2025-05-29,90.0,90.0,90.0,90.0,0,90,1
BANKNIFTY29MAY2560100CE.NFO,2025-04-22,11:00:00,2025-05-29,90.0,90.0,90.0,90.0,0,90,0
BANKNIFTY29MAY2560100CE.NFO,2025-04-22,11:01:00,2025-05-29,90.0,90.0,90.0,90.0,0,90,0
BANKNIFTY29MAY2560100CE.NFO,2025-04-22,11:02:00,2025-05-29,90.0,90.0,90.0,90.0,0,90,0
BANKNIFTY29MAY2560100CE.NFO,2025-04-22,11:03:00,2025-05-29,90.0,90.0,90.0,90.0,0,90,0
BANKNIFTY29MAY2560100CE.NFO,2025-04-22,11:04:00,2025-05-29,90.0,90.0,90.0,90.0,0,90,0
BANKNIFTY29MAY2560100CE.NFO,2025-04-22,11:05:00,2025-05-29,90.0,90.0,90.0,90.0,0,90,0
BANKNIFTY29MAY2560100CE.NFO,2025-04-22,11:06:00,2025-05-29,90.0,90.0,90.0,90.0,0,90,0
BANKNIFTY29MAY2560100CE.NFO,2025-04-22,11:07:00,2025-05-29,90.0,90.0,90.0,90.0,0,90,0
BANKNIFTY29MAY2560100CE.NFO,2025-04-22,11:08:00,2025-05-29,90.0,90.0,90.0,90.0,0,90,0
BANKNIFTY29MAY2560100CE.NFO,2025-04-22,11:09:00,2025-05-29,90.0,90.0,90.0,90.0,0,90,0
BANKNIFTY29MAY2560100CE.NFO,2025-04-22,11:10:00,2025-05-29,90.0,90.0,90.0,90.0,0,90,1
BANKNIFTY29MAY2560100CE.NFO,2025-04-22,11:11:00,2025-05-29,90.0,90.0,90.0,90.0,0,90,0
BANKNIFTY29MAY2560100CE.NFO,2025-04-22,11:12:00,2025-05-29,90.0,90.0,90.0,90.0,0,90,1
BANKNIFTY29MAY2560100CE.NFO,2025-04-22,11:13:00,2025-05-29,90.0,90.0,90.0,90.0,0,90,1
BANKNIFTY29MAY2560100CE.NFO,2025-04-22,11:14:00,2025-05-29,90.0,90.0,90.0,90.0,0,90,1
BANKNIFTY29MAY2560100CE.NFO,2025-04-22,11:15:00,2025-05-29,90.0,90.0,90.0,90.0,0,90,0
BANKNIFTY29MAY2560100CE.NFO,2025-04-22,11:16:00,2025-05-29,90.0,90.0,90.0,90.0,0,90,1
BANKNIFTY29MAY2560100CE.NFO,2025-04-22,11:17:00,2025-05-29,90.0,90.0,90.0,90.0,0,90,1
BANKNIFTY29MAY2560100CE.NFO,2025-04-22,11:18:00,2025-05-29,90.0,90.0,90.0,90.0,0,90,1
BANKNIFTY29MAY2560100CE.NFO,2025-04-22,11:19:00,2025-05-29,90.0,90.0,90.0,90.0,0,90,1
BANKNIFTY29MAY2560100CE.NFO,2025-04-22,11:20:00,2025-05-29,90.0,90.0,90.0,90.0,0,90,1
BANKNIFTY29MAY2560100CE.NFO,2025-04-22,11:21:00,2025-05-29,90.0,90.0,90.0,90.0,0,90,1
BANKNIFTY29MAY2560100CE.NFO,2025-04-22,11:22:00,2025-05-29,90.0,90.0,90.0,90.0,0,90,1
BANKNIFTY29MAY2560100CE.NFO,2025-04-22,11:23:00,2025-05-29,90.0,90.0,90.0,90.0,0,90,1
BANKNIFTY29MAY2560100CE.NFO,2025-04-22,11:24:00,2025-05-29,90.0,90.0,90.0,90.0,0,90,1
BANKNIFTY29MAY2560100CE.NFO,2025-04-22,11:25:00,2025-05-29,90.0,90.0,90.0,90.0,0,90,1
BANKNIFTY29MAY2560100CE.NFO,2025-04-22,11:26:00,2025-05-29,90.0,90.0,90.0,90.0,0,90,1
BANKNIFTY29MAY2560100CE.NFO,2025-04-22,11:27:00,2025-05-29,90.0,90.0,90.0,90.0,0,90,1
BANKNIFTY29MAY2560100CE.NFO,2025-04-22,11:28:00,2025-05-29,90.0,90.0,90.0,90.0,0,90,0
BANKNIFTY29MAY2560100CE.NFO,2025-04-22,11:29:00,2025-05-29,90.0,90.0,90.0,90.0,0,90,1
BANKNIFTY29MAY2560100CE.NFO,2025-04-22,11:30:00,2025-05-29,90.0,90.0,90.0,90.0,0,90,0
BANKNIFTY29MAY2560100CE.NFO,2025-04-22,11:31:00,2025-05-29,90.0,90.0,90.0,90.0,0,90,1
BANKNIFTY29MAY2560100CE.NFO,2025-04-22,11:32:00,2025-05-29,90.0,90.0,90.0,90.0,0,90,1
BANKNIFTY29MAY2560100CE.NFO,2025-04-22,11:33:00,2025-05-29,90.0,90.0,90.0,90.0,0,90,1
BANKNIFTY29MAY2560100CE.NFO,2025-04-22,11:34:00,2025-05-29,90.0,90.0,90.0,90.0,0,90,1
BANKNIFTY29MAY2560100CE.NFO,2025-04-22,11:35:00,2025-05-29,90.0,90.0,90.0,90.0,0,90,1
BANKNIFTY29MAY2560100CE.NFO,2025-04-22,11:36:00,2025-05-29,99.0,99.0,99.0,99.0,30,90,0
BANKNIFTY29MAY2560100CE.NFO,2025-04-22,11:37:00,2025-05-29,99.0,99.0,99.0,99.0,0,90,0
BANKNIFTY29MAY2560100CE.NFO,2025-04-22,11:38:00,2025-05-29,99.0,99.0,99.0,99.0,0,90,0
BANKNIFTY29MAY2560100CE.NFO,2025-04-22,11:39:00,2025-05-29,99.0,99.0,99.0,99.0,30,120,0
BANKNIFTY29MAY2560100CE.NFO,2025-04-22,11:40:00,2025-05-29,99.0,99.0,99.0,99.0,0,120,0
BANKNIFTY29MAY2560100CE.NFO,2025-04-22,11:41:00,2025-05-29,99.0,99.0,99.0,99.0,30,150,0
BANKNIFTY29MAY2560100CE.NFO,2025-04-22,11:42:00,2025-05-29,99.0,99.0,99.0,99.0,30,150,0
BANKNIFTY29MAY2560100CE.NFO,2025-04-22,11:43:00,2025-05-29,99.0,99.0,99.0,99.0,0,150,0
BANKNIFTY29MAY2560100CE.NFO,2025-04-22,11:44:00,2025-05-29,99.0,99.0,99.0,99.0,30,210,0
BANKNIFTY29MAY2560100CE.NFO,2025-04-22,11:45:00,2025-05-29,99.0,99.0,99.0,99.0,0,210,0
BANKNIFTY29MAY2560100CE.NFO,2025-04-22,11:46:00,2025-05-29,99.0,99.0,99.0,99.0,0,210,1
BANKNIFTY29MAY2560100CE.NFO,2025-04-22,11:47:00,2025-05-29,99.0,99.0,99.0,99.0,0,210,1
BANKNIFTY29MAY2560100CE.NFO,2025-04-22,11:48:00,2025-05-29,99.0,99.0,99.0,99.0,0,210,0
BANKNIFTY29MAY2560100CE.NFO,2025-04-22,11:49:00,2025-05-29,99.0,99.0,99.0,99.0,0,210,0
BANKNIFTY29MAY2560100CE.NFO,2025-04-22,11:50:00,2025-05-29,99.0,99.0,99.0,99.0,0,210,1
BANKNIFTY29MAY2560100CE.NFO,2025-04-22,11:51:00,2025-05-29,99.0,99.0,99.0,99.0,0,210,1
BANKNIFTY29MAY2560100CE.NFO,2025-04-22,11:52:00,2025-05-29,99.0,99.0,99.0,99.0,0,210,1
BANKNIFTY29MAY2560100CE.NFO,2025-04-22,11:53:00,2025-05-29,99.0,99.0,99.0,99.0,0,210,0
BANKNIFTY29MAY2560100CE.NFO,2025-04-22,11:54:00,2025-05-29,99.0,99.0,99.0,99.0,0,210,0
BANKNIFTY29MAY2560100CE.NFO,2025-04-22,11:55:00,2025-05-29,99.0,99.0,99.0,99.0,0,210,1
BANKNIFTY29MAY2560100CE.NFO,2025-04-22,11:56:00,2025-05-29,99.0,99.0,99.0,99.0,0,210,1
BANKNIFTY29MAY2560100CE.NFO,2025-04-22,11:57:00,2025-05-29,99.0,99.0,99.0,99.0,0,210,1
BANKNIFTY29MAY2560100CE.NFO,2025-04-22,11:58:00,2025-05-29,99.0,99.0,99.0,99.0,0,210,1
BANKNIFTY29MAY2560100CE.NFO,2025-04-22,11:59:00,2025-05-29,99.0,99.0,99.0,99.0,0,210,0
BANKNIFTY29MAY2560100CE.NFO,2025-04-22,12:00:00,2025-05-29,99.0,99.0,99.0,99.0,0,210,1
BANKNIFTY29MAY2560100CE.NFO,2025-04-22,12:01:00,2025-05-29,99.0,99.0,99.0,99.0,0,210,1
BANKNIFTY29MAY2560100CE.NFO,2025-04-22,12:02:00,2025-05-29,99.0,99.0,99.0,99.0,0,210,1
BANKNIFTY29MAY2560100CE.NFO,2025-04-22,12:03:00,2025-05-29,99.0,99.0,99.0,99.0,0,210,0
BANKNIFTY29MAY2560100CE.NFO,2025-04-22,12:04:00,2025-05-29,99.0,99.0,99.0,99.0,0,210,1
BANKNIFTY29MAY2560100CE.NFO,2025-04-22,12:05:00,2025-05-29,99.0,99.0,99.0,99.0,0,210,1
BANKNIFTY29MAY2560100CE.NFO,2025-04-22,12:06:00,2025-05-29,99.0,99.0,99.0,99.0,0,210,1
BANKNIFTY29MAY2560100CE.NFO,2025-04-22,12:07:00,2025-05-29,99.0,99.0,99.0,99.0,0,210,1
BANKNIFTY29MAY2560100CE.NFO,2025-04-22,12:08:00,2025-05-29,99.0,99.0,99.0,99.0,0,210,1
BANKNIFTY29MAY2560100CE.NFO,2025-04-22,12:09:00,2025-05-29,99.0,99.0,99.0,99.0,0,210,1
BANKNIFTY29MAY2560100CE.NFO,2025-04-22,12:10:00,2025-05-29,99.0,99.0,99.0,99.0,0,210,1
BANKNIFTY29MAY2560100CE.NFO,2025-04-22,12:11:00,2025-05-29,99.0,99.0,99.0,99.0,0,210,1
BANKNIFTY29MAY2560100CE.NFO,2025-04-22,12:12:00,2025-05-29,99.0,99.0,99.0,99.0,0,210,1
BANKNIFTY29MAY2560100CE.NFO,2025-04-22,12:13:00,2025-05-29,99.0,99.0,99.0,99.0,0,210,0
BANKNIFTY29MAY2560100CE.NFO,2025-04-22,12:14:00,2025-05-29,99.0,99.0,99.0,99.0,300,180,0
BANKNIFTY29MAY2560100CE.NFO,2025-04-22,12:15:00,2025-05-29,99.0,99.0,99.0,99.0,0,180,0
BANKNIFTY29MAY2560100CE.NFO,2025-04-22,12:16:00,2025-05-29,99.0,99.0,99.0,99.0,0,180,0
BANKNIFTY29MAY2560100CE.NFO,2025-04-22,12:17:00,2025-05-29,99.0,99.0,99.0,99.0,0,180,0
BANKNIFTY29MAY2560100CE.NFO,2025-04-22,12:18:00,2025-05-29,99.0,99.0,99.0,99.0,0,180,0
BANKNIFTY29MAY2560100CE.NFO,2025-04-22,12:19:00,2025-05-29,99.0,99.0,99.0,99.0,0,180,0
BANKNIFTY29MAY2560100CE.NFO,2025-04-22,12:20:00,2025-05-29,99.0,99.0,99.0,99.0,0,180,0
BANKNIFTY29MAY2560100CE.NFO,2025-04-22,12:21:00,2025-05-29,99.0,99.0,99.0,99.0,0,180,0
BANKNIFTY29MAY2560100CE.NFO,2025-04-22,12:22:00,2025-05-29,99.0,99.0,99.0,99.0,0,180,0
BANKNIFTY29MAY2560100CE.NFO,2025-04-22,12:23:00,2025-05-29,99.0,99.0,99.0,99.0,0,180,0
BANKNIFTY29MAY2560100CE.NFO,2025-04-22,12:24:00,2025-05-29,99.0,99.0,99.0,99.0,0,180,0
BANKNIFTY29MAY2560100CE.NFO,2025-04-22,12:25:00,2025-05-29,99.0,99.0,99.0,99.0,0,180,0
BANKNIFTY29MAY2560100CE.NFO,2025-04-22,12:26:00,2025-05-29,99.0,99.0,99.0,99.0,0,180,0
BANKNIFTY29MAY2560100CE.NFO,2025-04-22,12:27:00,2025-05-29,99.0,99.0,95.7,95.7,30,480,0
BANKNIFTY29MAY2560100CE.NFO,2025-04-22,12:28:00,2025-05-29,95.7,95.7,95.7,95.7,0,480,0
BANKNIFTY29MAY2560100CE.NFO,2025-04-22,12:29:00,2025-05-29,95.7,96.65,95.7,96.65,0,510,0
BANKNIFTY29MAY2560100CE.NFO,2025-04-22,12:30:00,2025-05-29,96.65,96.65,96.65,96.65,30,510,0
BANKNIFTY29MAY2560100CE.NFO,2025-04-22,12:31:00,2025-05-29,96.65,96.65,96.65,96.65,0,510,0
BANKNIFTY29MAY2560100CE.NFO,2025-04-22,12:32:00,2025-05-29,96.65,96.65,96.65,96.65,0,510,0
BANKNIFTY29MAY2560100CE.NFO,2025-04-22,12:33:00,2025-05-29,96.65,96.65,96.65,96.65,0,510,0
BANKNIFTY29MAY2560100CE.NFO,2025-04-22,12:34:00,2025-05-29,96.65,96.65,96.65,96.65,0,510,0
BANKNIFTY29MAY2560100CE.NFO,2025-04-22,12:35:00,2025-05-29,96.65,96.65,96.65,96.65,0,510,0
BANKNIFTY29MAY2560100CE.NFO,2025-04-22,12:36:00,2025-05-29,96.65,96.65,96.65,96.65,0,510,0
BANKNIFTY29MAY2560100CE.NFO,2025-04-22,12:37:00,2025-05-29,96.65,96.65,96.65,96.65,0,510,0
BANKNIFTY29MAY2560100CE.NFO,2025-04-22,12:38:00,2025-05-29,96.65,96.65,96.65,96.65,0,510,1
BANKNIFTY29MAY2560100CE.NFO,2025-04-22,12:39:00,2025-05-29,96.65,96.65,96.65,96.65,0,510,1
BANKNIFTY29MAY2560100CE.NFO,2025-04-22,12:40:00,2025-05-29,96.65,96.65,96.65,96.65,0,510,0
BANKNIFTY29MAY2560100CE.NFO,2025-04-22,12:41:00,2025-05-29,96.65,96.65,96.65,96.65,0,510,1
BANKNIFTY29MAY2560100CE.NFO,2025-04-22,12:42:00,2025-05-29,96.65,96.65,96.65,96.65,0,510,1
BANKNIFTY29MAY2560100CE.NFO,2025-04-22,12:43:00,2025-05-29,96.65,96.65,96.65,96.65,0,510,1
BANKNIFTY29MAY2560100CE.NFO,2025-04-22,12:44:00,2025-05-29,96.65,96.65,96.65,96.65,0,510,0
BANKNIFTY29MAY2560100CE.NFO,2025-04-22,12:45:00,2025-05-29,96.65,96.65,96.65,96.65,0,510,0
BANKNIFTY29MAY2560100CE.NFO,2025-04-22,12:46:00,2025-05-29,96.65,96.65,96.65,96.65,0,510,1
BANKNIFTY29MAY2560100CE.NFO,2025-04-22,12:47:00,2025-05-29,96.65,96.65,96.65,96.65,0,510,1
BANKNIFTY29MAY2560100CE.NFO,2025-04-22,12:48:00,2025-05-29,96.65,96.65,96.65,96.65,0,510,1
BANKNIFTY29MAY2560100CE.NFO,2025-04-22,12:49:00,2025-05-29,96.65,96.65,96.65,96.65,0,510,1
BANKNIFTY29MAY2560100CE.NFO,2025-04-22,12:50:00,2025-05-29,96.65,96.65,96.65,96.65,0,510,1
BANKNIFTY29MAY2560100CE.NFO,2025-04-22,12:51:00,2025-05-29,96.65,96.65,96.65,96.65,0,510,1
BANKNIFTY29MAY2560100CE.NFO,2025-04-22,12:52:00,2025-05-29,96.65,96.65,96.65,96.65,0,510,0
BANKNIFTY29MAY2560100CE.NFO,2025-04-22,12:53:00,2025-05-29,96.65,96.65,96.65,96.65,0,510,1
BANKNIFTY29MAY2560100CE.NFO,2025-04-22,12:54:00,2025-05-29,96.65,96.65,96.65,96.65,0,510,0
BANKNIFTY29MAY2560100CE.NFO,2025-04-22,12:55:00,2025-05-29,96.65,96.65,96.65,96.65,0,510,1
BANKNIFTY29MAY2560100CE.NFO,2025-04-22,12:56:00,2025-05-29,96.65,96.65,96.65,96.65,0,510,0
BANKNIFTY29MAY2560100CE.NFO,2025-04-22,12:57:00,2025-05-29,96.65,96.65,96.65,96.65,0,510,0
BANKNIFTY29MAY2560100CE.NFO,2025-04-22,12:58:00,2025-05-29,96.65,96.65,96.65,96.65,0,510,0
BANKNIFTY29MAY2560100CE.NFO,2025-04-22,12:59:00,2025-05-29,96.65,96.65,96.65,96.65,0,510,0
BANKNIFTY29MAY2560100CE.NFO,2025-04-22,13:00:00,2025-05-29,96.65,96.65,96.65,96.65,0,510,0
BANKNIFTY29MAY2560100CE.NFO,2025-04-22,13:01:00,2025-05-29,96.65,96.65,96.65,96.65,0,510,1
BANKNIFTY29MAY2560100CE.NFO,2025-04-22,13:02:00,2025-05-29,96.65,96.65,96.65,96.65,0,510,0
BANKNIFTY29MAY2560100CE.NFO,2025-04-22,13:03:00,2025-05-29,96.65,96.65,96.65,96.65,0,510,0
BANKNIFTY29MAY2560100CE.NFO,2025-04-22,13:04:00,2025-05-29,96.65,96.65,96.65,96.65,0,510,0
BANKNIFTY29MAY2560100CE.NFO,2025-04-22,13:05:00,2025-05-29,96.65,96.65,96.65,96.65,0,510,0
BANKNIFTY29MAY2560100CE.NFO,2025-04-22,13:06:00,2025-05-29,96.65,96.65,96.65,96.65,0,510,0
BANKNIFTY29MAY2560100CE.NFO,2025-04-22,13:07:00,2025-05-29,96.65,96.65,96.65,96.65,0,510,0
BANKNIFTY29MAY2560100CE.NFO,2025-04-22,13:08:00,2025-05-29,96.65,96.65,96.65,96.65,0,510,0
BANKNIFTY29MAY2560100CE.NFO,2025-04-22,13:09:00,2025-05-29,96.65,96.65,96.65,96.65,0,510,0
BANKNIFTY29MAY2560100CE.NFO,2025-04-22,13:10:00,2025-05-29,96.65,96.65,96.65,96.65,30,540,0
BANKNIFTY29MAY2560100CE.NFO,2025-04-22,13:11:00,2025-05-29,96.65,96.65,96.65,96.65,0,540,0
BANKNIFTY29MAY2560100CE.NFO,2025-04-22,13:12:00,2025-05-29,96.65,96.65,96.65,96.65,0,540,0
BANKNIFTY29MAY2560100CE.NFO,2025-04-22,13:13:00,2025-05-29,96.65,96.65,96.65,96.65,0,540,0
BANKNIFTY29MAY2560100CE.NFO,2025-04-22,13:14:00,2025-05-29,96.65,96.65,96.65,96.65,0,540,0
BANKNIFTY29MAY2560100CE.NFO,2025-04-22,13:15:00,2025-05-29,96.65,96.65,96.65,96.65,0,540,0
BANKNIFTY29MAY2560100CE.NFO,2025-04-22,13:16:00,2025-05-29,96.65,96.65,96.65,96.65,0,540,1
BANKNIFTY29MAY2560100CE.NFO,2025-04-22,13:17:00,2025-05-29,96.65,96.65,96.65,96.65,0,540,1
BANKNIFTY29MAY2560100CE.NFO,2025-04-22,13:18:00,2025-05-29,96.65,96.65,96.65,96.65,0,540,0
BANKNIFTY29MAY2560100CE.NFO,2025-04-22,13:19:00,2025-05-29,96.65,96.65,96.65,96.65,0,540,1
BANKNIFTY29MAY2560100CE.NFO,2025-04-22,13:20:00,2025-05-29,96.65,96.65,96.65,96.65,0,540,1
BANKNIFTY29MAY2560100CE.NFO,2025-04-22,13:21:00,2025-05-29,96.65,96.65,96.65,96.65,0,540,0
BANKNIFTY29MAY2560100CE.NFO,2025-04-22,13:22:00,2025-05-29,96.65,96.65,96.65,96.65,0,540,0
BANKNIFTY29MAY2560100CE.NFO,2025-04-22,13:23:00,2025-05-29,96.65,96.65,96.65,96.65,0,540,0
BANKNIFTY29MAY2560100CE.NFO,2025-04-22,13:24:00,2025-05-29,96.65,96.65,96.65,96.65,0,540,1
BANKNIFTY29MAY2560100CE.NFO,2025-04-22,13:25:00,2025-05-29,96.65,96.65,96.65,96.65,0,540,1
BANKNIFTY29MAY2560100CE.NFO,2025-04-22,13:26:00,2025-05-29,96.65,96.65,96.65,96.65,0,540,0
BANKNIFTY29MAY2560100CE.NFO,2025-04-22,13:27:00,2025-05-29,96.65,96.65,96.65,96.65,30,570,0
BANKNIFTY29MAY2560100CE.NFO,2025-04-22,13:28:00,2025-05-29,96.65,96.65,96.65,96.65,0,570,0
BANKNIFTY29MAY2560100CE.NFO,2025-04-22,13:29:00,2025-05-29,99.05,99.05,99.05,99.05,90,570,0
BANKNIFTY29MAY2560100CE.NFO,2025-04-22,13:30:00,2025-05-29,99.05,99.05,99.05,99.05,90,570,1
BANKNIFTY29MAY2560100CE.NFO,2025-04-22,13:31:00,2025-05-29,99.05,99.05,99.05,99.05,90,570,1
BANKNIFTY29MAY2560100CE.NFO,2025-04-22,13:32:00,2025-05-29,99.05,99.05,99.05,99.05,90,570,1
BANKNIFTY29MAY2560100CE.NFO,2025-04-22,13:33:00,2025-05-29,99.05,99.05,99.05,99.05,90,570,1
BANKNIFTY29MAY2560100CE.NFO,2025-04-22,13:34:00,2025-05-29,99.05,99.05,99.05,99.05,90,570,1
BANKNIFTY29MAY2560100CE.NFO,2025-04-22,13:35:00,2025-05-29,99.05,99.05,99.05,99.05,90,570,1
BANKNIFTY29MAY2560100CE.NFO,2025-04-22,13:36:00,2025-05-29,99.05,99.05,99.05,99.05,90,570,1
BANKNIFTY29MAY2560100CE.NFO,2025-04-22,13:37:00,2025-05-29,99.05,99.05,99.05,99.05,0,570,0
BANKNIFTY29MAY2560100CE.NFO,2025-04-22,13:38:00,2025-05-29,99.05,99.05,99.05,99.05,0,570,0
BANKNIFTY29MAY2560100CE.NFO,2025-04-22,13:39:00,2025-05-29,99.05,99.05,99.05,99.05,0,570,1
BANKNIFTY29MAY2560100CE.NFO,2025-04-22,13:40:00,2025-05-29,99.05,99.05,99.05,99.05,0,570,1
BANKNIFTY29MAY2560100CE.NFO,2025-04-22,13:41:00,2025-05-29,99.05,99.05,99.05,99.05,0,570,1
BANKNIFTY29MAY2560100CE.NFO,2025-04-22,13:42:00,2025-05-29,99.05,99.05,99.05,99.05,0,570,1
BANKNIFTY29MAY2560100CE.NFO,2025-04-22,13:43:00,2025-05-29,99.05,99.05,99.05,99.05,0,570,1
BANKNIFTY29MAY2560100CE.NFO,2025-04-22,13:44:00,2025-05-29,99.05,99.05,99.05,99.05,0,570,0
BANKNIFTY29MAY2560100CE.NFO,2025-04-22,13:45:00,2025-05-29,99.05,99.05,99.05,99.05,0,570,1
BANKNIFTY29MAY2560100CE.NFO,2025-04-22,13:46:00,2025-05-29,99.05,99.05,99.05,99.05,0,570,1
BANKNIFTY29MAY2560100CE.NFO,2025-04-22,13:47:00,2025-05-29,99.05,99.05,99.05,99.05,0,570,1
BANKNIFTY29MAY2560100CE.NFO,2025-04-22,13:48:00,2025-05-29,99.05,99.05,99.05,99.05,0,570,1
BANKNIFTY29MAY2560100CE.NFO,2025-04-22,13:49:00,2025-05-29,95.0,95.0,95.0,95.0,60,660,0
BANKNIFTY29MAY2560100CE.NFO,2025-04-22,13:50:00,2025-05-29,95.0,95.0,95.0,95.0,60,660,1
BANKNIFTY29MAY2560100CE.NFO,2025-04-22,13:51:00,2025-05-29,95.0,95.0,95.0,95.0,60,660,1
BANKNIFTY29MAY2560100CE.NFO,2025-04-22,13:52:00,2025-05-29,95.0,95.0,95.0,95.0,60,660,1
BANKNIFTY29MAY2560100CE.NFO,2025-04-22,13:53:00,2025-05-29,95.0,95.0,95.0,95.0,60,660,1
BANKNIFTY29MAY2560100CE.NFO,2025-04-22,13:54:00,2025-05-29,95.0,95.0,95.0,95.0,60,660,1
BANKNIFTY29MAY2560100CE.NFO,2025-04-22,13:55:00,2025-05-29,95.0,95.0,95.0,95.0,0,660,0
BANKNIFTY29MAY2560100CE.NFO,2025-04-22,13:56:00,2025-05-29,95.0,95.0,95.0,95.0,0,660,1
BANKNIFTY29MAY2560100CE.NFO,2025-04-22,13:57:00,2025-05-29,95.0,95.0,95.0,95.0,0,660,0
BANKNIFTY29MAY2560100CE.NFO,2025-04-22,13:58:00,2025-05-29,95.0,95.0,95.0,95.0,0,660,0
BANKNIFTY29MAY2560100CE.NFO,2025-04-22,13:59:00,2025-05-29,95.0,95.0,95.0,95.0,0,660,1
BANKNIFTY29MAY2560100CE.NFO,2025-04-22,14:00:00,2025-05-29,95.0,95.0,95.0,95.0,0,660,1
BANKNIFTY29MAY2560100CE.NFO,2025-04-22,14:01:00,2025-05-29,95.0,95.0,95.0,95.0,0,660,1
BANKNIFTY29MAY2560100CE.NFO,2025-04-22,14:02:00,2025-05-29,95.0,95.0,95.0,95.0,0,660,0
BANKNIFTY29MAY2560100CE.NFO,2025-04-22,14:03:00,2025-05-29,95.0,95.0,95.0,95.0,0,660,0
BANKNIFTY29MAY2560100CE.NFO,2025-04-22,14:04:00,2025-05-29,97.35,97.35,97.35,97.35,30,720,0
BANKNIFTY29MAY2560100CE.NFO,2025-04-22,14:05:00,2025-05-29,97.35,97.35,97.35,97.35,0,720,0
BANKNIFTY29MAY2560100CE.NFO,2025-04-22,14:06:00,2025-05-29,97.35,97.35,97.35,97.35,0,720,0
BANKNIFTY29MAY2560100CE.NFO,2025-04-22,14:07:00,2025-05-29,97.35,97.35,97.35,97.35,0,720,0
BANKNIFTY29MAY2560100CE.NFO,2025-04-22,14:08:00,2025-05-29,97.35,97.35,97.35,97.35,0,720,1
BANKNIFTY29MAY2560100CE.NFO,2025-04-22,14:09:00,2025-05-29,97.35,97.35,97.35,97.35,0,720,1
BANKNIFTY29MAY2560100CE.NFO,2025-04-22,14:10:00,2025-05-29,97.35,97.35,97.35,97.35,0,720,1
BANKNIFTY29MAY2560100CE.NFO,2025-04-22,14:11:00,2025-05-29,97.35,97.35,97.35,97.35,0,720,1
BANKNIFTY29MAY2560100CE.NFO,2025-04-22,14:12:00,2025-05-29,97.35,97.35,97.35,97.35,0,720,1
BANKNIFTY29MAY2560100CE.NFO,2025-04-22,14:13:00,2025-05-29,99.75,99.75,99.75,99.75,30,750,0
BANKNIFTY29MAY2560100CE.NFO,2025-04-22,14:14:00,2025-05-29,99.75,99.75,99.75,99.75,0,750,0
BANKNIFTY29MAY2560100CE.NFO,2025-04-22,14:15:00,2025-05-29,99.75,99.75,99.75,99.75,0,750,0
BANKNIFTY29MAY2560100CE.NFO,2025-04-22,14:16:00,2025-05-29,99.75,99.75,99.75,99.75,0,750,1
BANKNIFTY29MAY2560100CE.NFO,2025-04-22,14:17:00,2025-05-29,99.75,99.75,99.75,99.75,0,750,1
BANKNIFTY29MAY2560100CE.NFO,2025-04-22,14:18:00,2025-05-29,99.75,99.75,99.75,99.75,0,750,0
BANKNIFTY29MAY2560100CE.NFO,2025-04-22,14:19:00,2025-05-29,99.75,99.75,99.75,99.75,0,750,1
BANKNIFTY29MAY2560100CE.NFO,2025-04-22,14:20:00,2025-05-29,99.75,99.75,99.75,99.75,0,750,1
BANKNIFTY29MAY2560100CE.NFO,2025-04-22,14:21:00,2025-05-29,99.75,99.75,99.75,99.75,0,750,1
BANKNIFTY29MAY2560100CE.NFO,2025-04-22,14:22:00,2025-05-29,99.75,99.75,99.75,99.75,0,750,1
BANKNIFTY29MAY2560100CE.NFO,2025-04-22,14:23:00,2025-05-29,99.75,99.75,99.75,99.75,0,750,1
BANKNIFTY29MAY2560100CE.NFO,2025-04-22,14:24:00,2025-05-29,99.75,99.75,99.75,99.75,0,750,1
BANKNIFTY29MAY2560100CE.NFO,2025-04-22,14:25:00,2025-05-29,99.75,99.75,99.75,99.75,0,750,1
BANKNIFTY29MAY2560100CE.NFO,2025-04-22,14:26:00,2025-05-29,99.75,99.75,99.75,99.75,0,750,1
BANKNIFTY29MAY2560100CE.NFO,2025-04-22,14:27:00,2025-05-29,99.75,99.75,99.75,99.75,0,750,1
BANKNIFTY29MAY2560100CE.NFO,2025-04-22,14:28:00,2025-05-29,99.75,99.75,99.75,99.75,0,750,1
BANKNIFTY29MAY2560100CE.NFO,2025-04-22,14:29:00,2025-05-29,99.75,99.75,99.75,99.75,0,750,0
BANKNIFTY29MAY2560100CE.NFO,2025-04-22,14:30:00,2025-05-29,99.75,99.75,99.75,99.75,0,750,0
BANKNIFTY29MAY2560100CE.NFO,2025-04-22,14:31:00,2025-05-29,99.75,99.75,99.75,99.75,0,750,0
BANKNIFTY29MAY2560100CE.NFO,2025-04-22,14:32:00,2025-05-29,99.75,99.75,99.75,99.75,0,750,1
BANKNIFTY29MAY2560100CE.NFO,2025-04-22,14:33:00,2025-05-29,99.75,99.75,99.75,99.75,0,750,0
BANKNIFTY29MAY2560100CE.NFO,2025-04-22,14:34:00,2025-05-29,99.75,99.75,99.75,99.75,0,750,0
BANKNIFTY29MAY2560100CE.NFO,2025-04-22,14:35:00,2025-05-29,99.75,99.75,99.75,99.75,0,750,0
BANKNIFTY29MAY2560100CE.NFO,2025-04-22,14:36:00,2025-05-29,99.75,99.75,90.0,90.0,30,780,0
BANKNIFTY29MAY2560100CE.NFO,2025-04-22,14:37:00,2025-05-29,90.0,90.0,90.0,90.0,0,780,0
BANKNIFTY29MAY2560100CE.NFO,2025-04-22,14:38:00,2025-05-29,90.0,90.0,90.0,90.0,0,780,0
BANKNIFTY29MAY2560100CE.NFO,2025-04-22,14:39:00,2025-05-29,90.0,90.0,90.0,90.0,0,780,1
BANKNIFTY29MAY2560100CE.NFO,2025-04-22,14:40:00,2025-05-29,90.0,90.0,90.0,90.0,0,780,1
BANKNIFTY29MAY2560100CE.NFO,2025-04-22,14:41:00,2025-05-29,90.0,90.0,90.0,90.0,0,780,0
BANKNIFTY29MAY2560100CE.NFO,2025-04-22,14:42:00,2025-05-29,90.0,90.0,90.0,90.0,0,780,1
BANKNIFTY29MAY2560100CE.NFO,2025-04-22,14:43:00,2025-05-29,90.0,90.0,90.0,90.0,0,780,0
BANKNIFTY29MAY2560100CE.NFO,2025-04-22,14:44:00,2025-05-29,90.0,90.0,90.0,90.0,0,780,0
BANKNIFTY29MAY2560100CE.NFO,2025-04-22,14:45:00,2025-05-29,90.0,90.0,90.0,90.0,0,780,0
BANKNIFTY29MAY2560100CE.NFO,2025-04-22,14:46:00,2025-05-29,90.0,90.0,90.0,90.0,0,780,0
BANKNIFTY29MAY2560100CE.NFO,2025-04-22,14:47:00,2025-05-29,90.0,90.0,90.0,90.0,0,780,0
BANKNIFTY29MAY2560100CE.NFO,2025-04-22,14:48:00,2025-05-29,90.0,90.0,90.0,90.0,30,780,0
BANKNIFTY29MAY2560100CE.NFO,2025-04-22,14:49:00,2025-05-29,90.0,90.0,90.0,90.0,30,780,1
BANKNIFTY29MAY2560100CE.NFO,2025-04-22,14:50:00,2025-05-29,90.0,90.0,90.0,90.0,30,780,1
BANKNIFTY29MAY2560100CE.NFO,2025-04-22,14:51:00,2025-05-29,90.0,90.0,90.0,90.0,30,780,1
BANKNIFTY29MAY2560100CE.NFO,2025-04-22,14:52:00,2025-05-29,90.0,90.0,90.0,90.0,30,780,1
BANKNIFTY29MAY2560100CE.NFO,2025-04-22,14:53:00,2025-05-29,90.0,105.75,90.0,105.75,30,810,0
BANKNIFTY29MAY2560100CE.NFO,2025-04-22,14:54:00,2025-05-29,105.75,105.75,105.75,105.75,0,810,0
BANKNIFTY29MAY2560100CE.NFO,2025-04-22,14:55:00,2025-05-29,105.75,105.75,105.75,105.75,0,810,0
BANKNIFTY29MAY2560100CE.NFO,2025-04-22,14:56:00,2025-05-29,105.75,105.75,90.0,90.0,30,840,0
BANKNIFTY29MAY2560100CE.NFO,2025-04-22,14:57:00,2025-05-29,90.0,90.0,90.0,90.0,0,840,0
BANKNIFTY29MAY2560100CE.NFO,2025-04-22,14:58:00,2025-05-29,90.0,90.0,90.0,90.0,0,840,0
BANKNIFTY29MAY2560100CE.NFO,2025-04-22,14:59:00,2025-05-29,90.0,90.0,90.0,90.0,0,840,0
BANKNIFTY29MAY2560100CE.NFO,2025-04-22,15:00:00,2025-05-29,90.0,90.0,90.0,90.0,0,840,0
BANKNIFTY29MAY2560100CE.NFO,2025-04-22,15:01:00,2025-05-29,90.0,90.0,90.0,90.0,0,840,0
BANKNIFTY29MAY2560100CE.NFO,2025-04-22,15:02:00,2025-05-29,90.0,90.0,90.0,90.0,0,840,0
BANKNIFTY29MAY2560100CE.NFO,2025-04-22,15:03:00,2025-05-29,90.0,90.0,90.0,90.0,0,840,0
BANKNIFTY29MAY2560100CE.NFO,2025-04-22,15:04:00,2025-05-29,90.0,90.0,90.0,90.0,0,840,0
BANKNIFTY29MAY2560100CE.NFO,2025-04-22,15:05:00,2025-05-29,90.0,90.0,90.0,90.0,0,840,0
BANKNIFTY29MAY2560100CE.NFO,2025-04-22,15:06:00,2025-05-29,90.0,90.0,90.0,90.0,0,840,0
BANKNIFTY29MAY2560100CE.NFO,2025-04-22,15:07:00,2025-05-29,90.0,90.0,90.0,90.0,0,840,0
BANKNIFTY29MAY2560100CE.NFO,2025-04-22,15:08:00,2025-05-29,90.0,90.0,90.0,90.0,0,840,0
BANKNIFTY29MAY2560100CE.NFO,2025-04-22,15:09:00,2025-05-29,90.0,90.0,90.0,90.0,0,840,0
BANKNIFTY29MAY2560100CE.NFO,2025-04-22,15:10:00,2025-05-29,90.0,90.0,90.0,90.0,0,840,0
BANKNIFTY29MAY2560100CE.NFO,2025-04-22,15:11:00,2025-05-29,90.0,90.0,90.0,90.0,0,840,0
BANKNIFTY29MAY2560100CE.NFO,2025-04-22,15:12:00,2025-05-29,90.0,90.0,90.0,90.0,0,840,0
BANKNIFTY29MAY2560100CE.NFO,2025-04-22,15:13:00,2025-05-29,90.0,90.0,90.0,90.0,0,840,0
BANKNIFTY29MAY2560100CE.NFO,2025-04-22,15:14:00,2025-05-29,90.0,90.0,90.0,90.0,0,840,0
BANKNIFTY29MAY2560100CE.NFO,2025-04-22,15:15:00,2025-05-29,90.0,90.0,90.0,90.0,0,840,0
BANKNIFTY29MAY2560100CE.NFO,2025-04-22,15:16:00,2025-05-29,90.0,90.0,90.0,90.0,0,840,0
BANKNIFTY29MAY2560100CE.NFO,2025-04-22,15:17:00,2025-05-29,90.0,90.0,90.0,90.0,0,840,0
BANKNIFTY29MAY2560100CE.NFO,2025-04-22,15:18:00,2025-05-29,90.0,90.0,90.0,90.0,30,870,0
BANKNIFTY29MAY2560100CE.NFO,2025-04-22,15:19:00,2025-05-29,90.0,90.0,90.0,90.0,0,870,0
BANKNIFTY29MAY2560100CE.NFO,2025-04-22,15:20:00,2025-05-29,90.0,90.0,87.75,87.75,30,900,0
BANKNIFTY29MAY2560100CE.NFO,2025-04-22,15:21:00,2025-05-29,87.75,87.75,87.75,87.75,0,900,0
BANKNIFTY29MAY2560100CE.NFO,2025-04-22,15:22:00,2025-05-29,87.75,87.75,87.75,87.75,0,900,0
BANKNIFTY29MAY2560100CE.NFO,2025-04-22,15:23:00,2025-05-29,87.75,87.75,87.75,87.75,0,900,0
BANKNIFTY29MAY2560100CE.NFO,2025-04-22,15:24:00,2025-05-29,87.75,87.75,87.75,87.75,0,900,0
BANKNIFTY29MAY2560100CE.NFO,2025-04-22,15:25:00,2025-05-29,87.75,87.75,87.75,87.75,0,900,0
BANKNIFTY29MAY2560100CE.NFO,2025-04-22,15:26:00,2025-05-29,87.75,87.75,87.75,87.75,0,900,0
BANKNIFTY29MAY2560100CE.NFO,2025-04-22,15:27:00,2025-05-29,87.75,87.75,87.75,87.75,0,900,0
BANKNIFTY29MAY2560100CE.NFO,2025-04-22,15:28:00,2025-05-29,87.75,87.75,87.75,87.75,0,900,0
BANKNIFTY29MAY2560100CE.NFO,2025-04-22,15:29:00,2025-05-29,87.75,87.75,87.75,87.75,0,900,0
BANKNIFTY29MAY2560100CE.NFO,2025-04-22,15:30:00,2025-05-29,87.75,87.75,87.75,87.75,0,900,1
BANKNIFTY29MAY2560100CE.NFO,2025-04-23,09:15:00,2025-05-29,91.1,91.1,91.1,91.1,0,0,0
BANKNIFTY29MAY2560100CE.NFO,2025-04-23,09:16:00,2025-05-29,91.1,91.1,91.1,91.1,0,870,0
BANKNIFTY29MAY2560100CE.NFO,2025-04-23,09:17:00,2025-05-29,91.1,91.1,91.1,91.1,0,870,0
BANKNIFTY29MAY2560100CE.NFO,2025-04-23,09:18:00,2025-05-29,91.1,91.1,91.1,91.1,0,870,0
BANKNIFTY29MAY2560100CE.NFO,2025-04-23,09:19:00,2025-05-29,91.1,91.1,91.1,91.1,0,870,0
BANKNIFTY29MAY2560100CE.NFO,2025-04-23,09:20:00,2025-05-29,91.1,91.1,91.1,91.1,0,870,0
BANKNIFTY29MAY2560100CE.NFO,2025-04-23,09:21:00,2025-05-29,91.1,91.1,91.1,91.1,0,870,0
BANKNIFTY29MAY2560100CE.NFO,2025-04-23,09:22:00,2025-05-29,91.1,91.1,91.1,91.1,0,870,0
BANKNIFTY29MAY2560100CE.NFO,2025-04-23,09:23:00,2025-05-29,91.1,91.1,91.1,91.1,0,870,1
BANKNIFTY29MAY2560100CE.NFO,2025-04-23,09:24:00,2025-05-29,91.1,91.1,91.1,91.1,0,870,0
BANKNIFTY29MAY2560100CE.NFO,2025-04-23,09:25:00,2025-05-29,91.1,91.1,91.1,91.1,0,870,0
BANKNIFTY29MAY2560100CE.NFO,2025-04-23,09:26:00,2025-05-29,91.1,91.1,91.1,91.1,0,870,0
BANKNIFTY29MAY2560100CE.NFO,2025-04-23,09:27:00,2025-05-29,91.1,95.65,91.1,95.65,0,870,0
BANKNIFTY29MAY2560100CE.NFO,2025-04-23,09:28:00,2025-05-29,95.65,95.65,95.65,95.65,30,870,0
BANKNIFTY29MAY2560100CE.NFO,2025-04-23,09:29:00,2025-05-29,88.9,88.9,88.9,88.9,240,870,0
BANKNIFTY29MAY2560100CE.NFO,2025-04-23,09:30:00,2025-05-29,88.9,93.95,88.9,93.95,270,1110,0
BANKNIFTY29MAY2560100CE.NFO,2025-04-23,09:31:00,2025-05-29,93.95,98.35,93.95,98.35,60,1110,0
BANKNIFTY29MAY2560100CE.NFO,2025-04-23,09:32:00,2025-05-29,98.35,99.95,98.35,99.95,30,1110,0
BANKNIFTY29MAY2560100CE.NFO,2025-04-23,09:33:00,2025-05-29,99.95,99.95,99.95,99.95,0,1110,0
BANKNIFTY29MAY2560100CE.NFO,2025-04-23,09:34:00,2025-05-29,98.25,98.25,98.25,98.25,30,1170,0
BANKNIFTY29MAY2560100CE.NFO,2025-04-23,09:35:00,2025-05-29,98.25,98.25,95.0,95.0,30,1170,0
BANKNIFTY29MAY2560100CE.NFO,2025-04-23,09:36:00,2025-05-29,95.0,95.0,94.0,94.0,120,1170,0
BANKNIFTY29MAY2560100CE.NFO,2025-04-23,09:37:00,2025-05-29,94.0,94.0,94.0,94.0,0,1170,0
BANKNIFTY29MAY2560100CE.NFO,2025-04-23,09:38:00,2025-05-29,94.0,94.0,94.0,94.0,0,1170,0
BANKNIFTY29MAY2560100CE.NFO,2025-04-23,09:39:00,2025-05-29,94.0,94.0,89.05,89.05,300,1350,0
BANKNIFTY29MAY2560100CE.NFO,2025-04-23,09:40:00,2025-05-29,89.05,90.0,89.05,90.0,300,1590,0
BANKNIFTY29MAY2560100CE.NFO,2025-04-23,09:41:00,2025-05-29,90.0,90.0,90.0,90.0,0,1590,0
BANKNIFTY29MAY2560100CE.NFO,2025-04-23,09:42:00,2025-05-29,90.0,90.0,90.0,90.0,0,1590,0
BANKNIFTY29MAY2560100CE.NFO,2025-04-23,09:43:00,2025-05-29,90.0,99.7,90.0,99.7,300,1890,0
BANKNIFTY29MAY2560100CE.NFO,2025-04-23,09:44:00,2025-05-29,99.7,99.7,95.2,95.2,300,1890,0
BANKNIFTY29MAY2560100CE.NFO,2025-04-23,09:45:00,2025-05-29,95.2,95.2,95.2,95.2,0,1890,0
BANKNIFTY29MAY2560100CE.NFO,2025-04-23,09:46:00,2025-05-29,95.2,95.2,95.2,95.2,0,1890,0
BANKNIFTY29MAY2560100CE.NFO,2025-04-23,09:47:00,2025-05-29,95.2,95.2,95.2,95.2,0,1890,0
BANKNIFTY29MAY2560100CE.NFO,2025-04-23,09:48:00,2025-05-29,101.2,101.2,101.2,101.2,60,1860,0
BANKNIFTY29MAY2560100CE.NFO,2025-04-23,09:49:00,2025-05-29,101.2,101.2,101.2,101.2,0,1860,0
BANKNIFTY29MAY2560100CE.NFO,2025-04-23,09:50:00,2025-05-29,98.0,98.0,96.2,96.2,60,1890,0
BANKNIFTY29MAY2560100CE.NFO,2025-04-23,09:51:00,2025-05-29,96.2,96.2,96.2,96.2,30,1890,0
BANKNIFTY29MAY2560100CE.NFO,2025-04-23,09:52:00,2025-05-29,96.2,96.2,96.2,96.2,0,1890,0
BANKNIFTY29MAY2560100CE.NFO,2025-04-23,09:53:00,2025-05-29,96.2,96.2,96.2,96.2,0,1890,0
BANKNIFTY29MAY2560100CE.NFO,2025-04-23,09:54:00,2025-05-29,96.2,96.2,96.2,96.2,0,1890,0
BANKNIFTY29MAY2560100CE.NFO,2025-04-23,09:55:00,2025-05-29,96.2,99.6,96.2,99.6,0,1950,0
BANKNIFTY29MAY2560100CE.NFO,2025-04-23,09:56:00,2025-05-29,99.6,99.6,99.6,99.6,30,1950,0
BANKNIFTY29MAY2560100CE.NFO,2025-04-23,09:57:00,2025-05-29,98.5,98.5,98.5,98.5,30,1950,0
BANKNIFTY29MAY2560100CE.NFO,2025-04-23,09:58:00,2025-05-29,98.5,98.5,98.5,98.5,0,1950,0
BANKNIFTY29MAY2560100CE.NFO,2025-04-23,09:59:00,2025-05-29,98.5,98.5,98.5,98.5,0,1950,0
BANKNIFTY29MAY2560100CE.NFO,2025-04-23,10:00:00,2025-05-29,98.5,98.5,98.5,98.5,0,1950,0
BANKNIFTY29MAY2560100CE.NFO,2025-04-23,10:01:00,2025-05-29,98.5,98.5,94.5,94.5,30,2010,0
BANKNIFTY29MAY2560100CE.NFO,2025-04-23,10:02:00,2025-05-29,95.4,95.4,92.05,92.05,30,2010,0
BANKNIFTY29MAY2560100CE.NFO,2025-04-23,10:03:00,2025-05-29,92.05,92.05,90.0,90.0,360,2040,0
BANKNIFTY29MAY2560100CE.NFO,2025-04-23,10:04:00,2025-05-29,90.0,90.0,90.0,90.0,0,2040,0
BANKNIFTY29MAY2560100CE.NFO,2025-04-23,10:05:00,2025-05-29,90.0,90.0,83.1,83.1,60,2040,0
BANKNIFTY29MAY2560100CE.NFO,2025-04-23,10:06:00,2025-05-29,83.1,83.1,81.35,81.35,150,2040,0
BANKNIFTY29MAY2560100CE.NFO,2025-04-23,10:07:00,2025-05-29,84.4,84.4,84.4,84.4,30,2010,0
BANKNIFTY29MAY2560100CE.NFO,2025-04-23,10:08:00,2025-05-29,84.4,84.4,84.4,84.4,0,2010,0
BANKNIFTY29MAY2560100CE.NFO,2025-04-23,10:09:00,2025-05-29,84.4,84.4,84.4,84.4,0,2010,0
BANKNIFTY29MAY2560100CE.NFO,2025-04-23,10:10:00,2025-05-29,84.4,84.4,84.4,84.4,0,2010,0
BANKNIFTY29MAY2560100CE.NFO,2025-04-23,10:11:00,2025-05-29,84.4,84.4,84.4,84.4,0,2010,0
BANKNIFTY29MAY2560100CE.NFO,2025-04-23,10:12:00,2025-05-29,84.4,84.4,82.9,82.9,60,2040,0
BANKNIFTY29MAY2560100CE.NFO,2025-04-23,10:13:00,2025-05-29,82.9,82.9,82.9,82.9,0,2040,0
BANKNIFTY29MAY2560100CE.NFO,2025-04-23,10:14:00,2025-05-29,82.9,82.9,80.55,80.55,30,2010,0
BANKNIFTY29MAY2560100CE.NFO,2025-04-23,10:15:00,2025-05-29,80.55,80.55,80.55,80.55,30,2010,0
BANKNIFTY29MAY2560100CE.NFO,2025-04-23,10:16:00,2025-05-29,80.55,80.55,80.55,80.55,0,2010,0
BANKNIFTY29MAY2560100CE.NFO,2025-04-23,10:17:00,2025-05-29,80.55,80.55,80.55,80.55,0,2010,0
BANKNIFTY29MAY2560100CE.NFO,2025-04-23,10:18:00,2025-05-29,84.65,84.65,81.7,81.8,360,1980,0
BANKNIFTY29MAY2560100CE.NFO,2025-04-23,10:19:00,2025-05-29,81.8,81.8,81.8,81.8,0,1980,0
BANKNIFTY29MAY2560100CE.NFO,2025-04-23,10:20:00,2025-05-29,81.8,81.8,81.8,81.8,0,1980,0
BANKNIFTY29MAY2560100CE.NFO,2025-04-23,10:21:00,2025-05-29,83.85,83.85,80.3,80.3,180,1950,0
BANKNIFTY29MAY2560100CE.NFO,2025-04-23,10:22:00,2025-05-29,80.3,80.3,80.3,80.3,0,1950,0
BANKNIFTY29MAY2560100CE.NFO,2025-04-23,10:23:00,2025-05-29,80.3,80.3,80.3,80.3,0,1950,0
BANKNIFTY29MAY2560100CE.NFO,2025-04-23,10:24:00,2025-05-29,80.3,80.3,80.3,80.3,0,1950,0
BANKNIFTY29MAY2560100CE.NFO,2025-04-23,10:25:00,2025-05-29,80.3,80.3,80.3,80.3,0,1950,0
BANKNIFTY29MAY2560100CE.NFO,2025-04-23,10:26:00,2025-05-29,80.3,80.3,80.3,80.3,0,1950,0
BANKNIFTY29MAY2560100CE.NFO,2025-04-23,10:27:00,2025-05-29,80.3,80.3,80.3,80.3,0,1950,0
BANKNIFTY29MAY2560100CE.NFO,2025-04-23,10:28:00,2025-05-29,80.3,80.3,80.3,80.3,0,1950,0
BANKNIFTY29MAY2560100CE.NFO,2025-04-23,10:29:00,2025-05-29,80.3,80.3,80.3,80.3,0,1950,0
BANKNIFTY29MAY2560100CE.NFO,2025-04-23,10:30:00,2025-05-29,80.3,80.3,80.3,80.3,0,1950,0
BANKNIFTY29MAY2560100CE.NFO,2025-04-23,10:31:00,2025-05-29,80.3,80.3,80.3,80.3,0,1950,0
BANKNIFTY29MAY2560100CE.NFO,2025-04-23,10:32:00,2025-05-29,80.3,83.55,80.3,83.55,60,1980,0
BANKNIFTY29MAY2560100CE.NFO,2025-04-23,10:33:00,2025-05-29,83.55,83.55,79.3,79.3,210,1980,0
BANKNIFTY29MAY2560100CE.NFO,2025-04-23,10:34:00,2025-05-29,79.3,79.3,79.3,79.3,0,1980,0
BANKNIFTY29MAY2560100CE.NFO,2025-04-23,10:35:00,2025-05-29,79.3,79.3,79.3,79.3,0,1980,0
BANKNIFTY29MAY2560100CE.NFO,2025-04-23,10:36:00,2025-05-29,79.3,79.3,79.3,79.3,0,1980,0
BANKNIFTY29MAY2560100CE.NFO,2025-04-23,10:37:00,2025-05-29,79.3,79.3,79.3,79.3,0,1980,0
BANKNIFTY29MAY2560100CE.NFO,2025-04-23,10:38:00,2025-05-29,79.3,79.3,79.3,79.3,0,1980,0
BANKNIFTY29MAY2560100CE.NFO,2025-04-23,10:39:00,2025-05-29,79.3,79.3,79.3,79.3,0,1980,0
BANKNIFTY29MAY2560100CE.NFO,2025-04-23,10:40:00,2025-05-29,79.3,79.3,79.3,79.3,0,1980,0
BANKNIFTY29MAY2560100CE.NFO,2025-04-23,10:41:00,2025-05-29,79.3,79.3,79.3,79.3,0,1980,0
BANKNIFTY29MAY2560100CE.NFO,2025-04-23,10:42:00,2025-05-29,79.3,79.3,79.3,79.3,0,1980,0
BANKNIFTY29MAY2560100CE.NFO,2025-04-23,10:43:00,2025-05-29,79.3,79.3,79.3,79.3,0,1980,0
BANKNIFTY29MAY2560100CE.NFO,2025-04-23,10:44:00,2025-05-29,79.3,79.3,79.3,79.3,0,1980,0
BANKNIFTY29MAY2560100CE.NFO,2025-04-23,10:45:00,2025-05-29,79.3,79.3,79.3,79.3,0,1980,0
BANKNIFTY29MAY2560100CE.NFO,2025-04-23,10:46:00,2025-05-29,79.3,79.3,79.3,79.3,0,1980,0
BANKNIFTY29MAY2560100CE.NFO,2025-04-23,10:47:00,2025-05-29,79.3,79.3,79.3,79.3,60,2010,0
BANKNIFTY29MAY2560100CE.NFO,2025-04-23,10:48:00,2025-05-29,79.3,79.3,79.3,79.3,0,2010,0
BANKNIFTY29MAY2560100CE.NFO,2025-04-23,10:49:00,2025-05-29,79.3,79.3,79.3,79.3,0,2010,0
BANKNIFTY29MAY2560100CE.NFO,2025-04-23,10:50:00,2025-05-29,79.3,79.3,79.3,79.3,0,2010,0
BANKNIFTY29MAY2560100CE.NFO,2025-04-23,10:51:00,2025-05-29,79.3,79.3,79.3,79.3,0,2010,0
BANKNIFTY29MAY2560100CE.NFO,2025-04-23,10:52:00,2025-05-29,79.3,79.3,79.3,79.3,0,2010,0
BANKNIFTY29MAY2560100CE.NFO,2025-04-23,10:53:00,2025-05-29,79.3,79.3,79.3,79.3,0,2010,0
BANKNIFTY29MAY2560100CE.NFO,2025-04-23,10:54:00,2025-05-29,79.3,79.3,79.3,79.3,0,2010,0
BANKNIFTY29MAY2560100CE.NFO,2025-04-23,10:55:00,2025-05-29,79.3,79.3,79.3,79.3,0,2010,0
BANKNIFTY29MAY2560100CE.NFO,2025-04-23,10:56:00,2025-05-29,79.3,79.3,79.3,79.3,0,2010,0
BANKNIFTY29MAY2560100CE.NFO,2025-04-23,10:57:00,2025-05-29,79.3,79.3,79.3,79.3,0,2010,0
BANKNIFTY29MAY2560100CE.NFO,2025-04-23,10:58:00,2025-05-29,79.3,79.3,79.3,79.3,0,2010,0
BANKNIFTY29MAY2560100CE.NFO,2025-04-23,10:59:00,2025-05-29,79.3,79.3,79.25,79.25,0,2040,0
BANKNIFTY29MAY2560100CE.NFO,2025-04-23,11:00:00,2025-05-29,79.25,79.25,79.25,79.25,30,2040,0
BANKNIFTY29MAY2560100CE.NFO,2025-04-23,11:01:00,2025-05-29,79.25,79.25,79.25,79.25,0,2040,0
BANKNIFTY29MAY2560100CE.NFO,2025-04-23,11:02:00,2025-05-29,79.25,79.25,79.25,79.25,0,2040,0
BANKNIFTY29MAY2560100CE.NFO,2025-04-23,11:03:00,2025-05-29,79.25,79.25,79.25,79.25,0,2040,0
BANKNIFTY29MAY2560100CE.NFO,2025-04-23,11:04:00,2025-05-29,79.25,79.25,79.25,79.25,0,2040,0
BANKNIFTY29MAY2560100CE.NFO,2025-04-23,11:05:00,2025-05-29,79.25,79.25,79.25,79.25,0,2040,1
BANKNIFTY29MAY2560100CE.NFO,2025-04-23,11:06:00,2025-05-29,79.25,79.25,78.9,78.9,30,2070,0
BANKNIFTY29MAY2560100CE.NFO,2025-04-23,11:07:00,2025-05-29,78.9,78.9,78.9,78.9,0,2070,0
BANKNIFTY29MAY2560100CE.NFO,2025-04-23,11:08:00,2025-05-29,78.9,78.9,78.9,78.9,0,2070,0
BANKNIFTY29MAY2560100CE.NFO,2025-04-23,11:09:00,2025-05-29,78.9,78.9,78.9,78.9,0,2070,0
BANKNIFTY29MAY2560100CE.NFO,2025-04-23,11:10:00,2025-05-29,78.9,78.9,78.9,78.9,0,2070,0
BANKNIFTY29MAY2560100CE.NFO,2025-04-23,11:11:00,2025-05-29,78.9,78.9,78.9,78.9,0,2070,0
BANKNIFTY29MAY2560100CE.NFO,2025-04-23,11:12:00,2025-05-29,78.9,78.9,76.75,76.75,60,2100,0
BANKNIFTY29MAY2560100CE.NFO,2025-04-23,11:13:00,2025-05-29,76.75,76.75,76.75,76.75,0,2100,0
BANKNIFTY29MAY2560100CE.NFO,2025-04-23,11:14:00,2025-05-29,76.75,76.75,76.75,76.75,0,2100,0
BANKNIFTY29MAY2560100CE.NFO,2025-04-23,11:15:00,2025-05-29,76.75,76.75,76.75,76.75,0,2100,0
BANKNIFTY29MAY2560100CE.NFO,2025-04-23,11:16:00,2025-05-29,76.75,76.75,76.75,76.75,0,2100,0
BANKNIFTY29MAY2560100CE.NFO,2025-04-23,11:17:00,2025-05-29,76.75,76.75,76.75,76.75,0,2100,0
BANKNIFTY29MAY2560100CE.NFO,2025-04-23,11:18:00,2025-05-29,76.75,76.75,76.75,76.75,0,2100,0
BANKNIFTY29MAY2560100CE.NFO,2025-04-23,11:19:00,2025-05-29,76.75,76.75,76.75,76.75,0,2100,0
BANKNIFTY29MAY2560100CE.NFO,2025-04-23,11:20:00,2025-05-29,76.75,76.75,76.75,76.75,0,2100,0
BANKNIFTY29MAY2560100CE.NFO,2025-04-23,11:21:00,2025-05-29,76.75,76.75,76.75,76.75,0,2100,0
BANKNIFTY29MAY2560100CE.NFO,2025-04-23,11:22:00,2025-05-29,76.75,76.75,76.75,76.75,0,2100,1
BANKNIFTY29MAY2560100CE.NFO,2025-04-23,11:23:00,2025-05-29,76.75,76.75,76.75,76.75,0,2100,0
BANKNIFTY29MAY2560100CE.NFO,2025-04-23,11:24:00,2025-05-29,76.75,76.75,76.75,76.75,0,2100,1
BANKNIFTY29MAY2560100CE.NFO,2025-04-23,11:25:00,2025-05-29,76.75,76.75,76.75,76.75,0,2100,0
BANKNIFTY29MAY2560100CE.NFO,2025-04-23,11:26:00,2025-05-29,76.75,76.75,76.75,76.75,0,2100,0
BANKNIFTY29MAY2560100CE.NFO,2025-04-23,11:27:00,2025-05-29,76.75,76.75,76.75,76.75,0,2100,0
BANKNIFTY29MAY2560100CE.NFO,2025-04-23,11:28:00,2025-05-29,76.75,76.75,75.6,75.6,0,2160,0
BANKNIFTY29MAY2560100CE.NFO,2025-04-23,11:29:00,2025-05-29,75.6,75.6,75.6,75.6,30,2160,0
BANKNIFTY29MAY2560100CE.NFO,2025-04-23,11:30:00,2025-05-29,75.6,75.6,75.6,75.6,0,2160,0
BANKNIFTY29MAY2560100CE.NFO,2025-04-23,11:31:00,2025-05-29,78.2,78.2,78.2,78.2,150,2160,0
BANKNIFTY29MAY2560100CE.NFO,2025-04-23,11:32:00,2025-05-29,78.2,78.2,78.2,78.2,0,2160,0
BANKNIFTY29MAY2560100CE.NFO,2025-04-23,11:33:00,2025-05-29,78.2,78.2,78.2,78.2,0,2160,0
BANKNIFTY29MAY2560100CE.NFO,2025-04-23,11:34:00,2025-05-29,78.2,78.2,78.2,78.2,0,2160,0
BANKNIFTY29MAY2560100CE.NFO,2025-04-23,11:35:00,2025-05-29,78.2,78.2,78.2,78.2,0,2160,0
BANKNIFTY29MAY2560100CE.NFO,2025-04-23,11:36:00,2025-05-29,78.2,78.2,78.2,78.2,0,2160,0
BANKNIFTY29MAY2560100CE.NFO,2025-04-23,11:37:00,2025-05-29,78.2,78.2,78.2,78.2,0,2160,0
BANKNIFTY29MAY2560100CE.NFO,2025-04-23,11:38:00,2025-05-29,78.2,78.2,78.2,78.2,0,2160,0
BANKNIFTY29MAY2560100CE.NFO,2025-04-23,11:39:00,2025-05-29,78.2,78.2,78.2,78.2,0,2160,0
BANKNIFTY29MAY2560100CE.NFO,2025-04-23,11:40:00,2025-05-29,78.2,78.2,78.2,78.2,0,2160,0
BANKNIFTY29MAY2560100CE.NFO,2025-04-23,11:41:00,2025-05-29,78.2,78.2,78.2,78.2,0,2160,0
BANKNIFTY29MAY2560100CE.NFO,2025-04-23,11:42:00,2025-05-29,78.2,78.2,78.2,78.2,0,2160,0
BANKNIFTY29MAY2560100CE.NFO,2025-04-23,11:43:00,2025-05-29,78.2,78.2,78.2,78.2,0,2160,0
BANKNIFTY29MAY2560100CE.NFO,2025-04-23,11:44:00,2025-05-29,78.2,78.2,78.2,78.2,0,2160,0
BANKNIFTY29MAY2560100CE.NFO,2025-04-23,11:45:00,2025-05-29,78.2,78.2,78.2,78.2,0,2160,0
BANKNIFTY29MAY2560100CE.NFO,2025-04-23,11:46:00,2025-05-29,78.2,78.2,78.2,78.2,0,2160,0
BANKNIFTY29MAY2560100CE.NFO,2025-04-23,11:47:00,2025-05-29,79.75,79.75,79.75,79.75,270,2310,0
BANKNIFTY29MAY2560100CE.NFO,2025-04-23,11:48:00,2025-05-29,79.75,79.75,79.75,79.75,0,2310,0
BANKNIFTY29MAY2560100CE.NFO,2025-04-23,11:49:00,2025-05-29,79.75,79.75,79.75,79.75,0,2310,0
BANKNIFTY29MAY2560100CE.NFO,2025-04-23,11:50:00,2025-05-29,79.75,82.0,79.75,82.0,270,2310,0
BANKNIFTY29MAY2560100CE.NFO,2025-04-23,11:51:00,2025-05-29,82.0,82.0,82.0,82.0,0,2310,0
BANKNIFTY29MAY2560100CE.NFO,2025-04-23,11:52:00,2025-05-29,82.0,82.0,82.0,82.0,0,2310,0
BANKNIFTY29MAY2560100CE.NFO,2025-04-23,11:53:00,2025-05-29,82.0,82.0,82.0,82.0,0,2310,0
BANKNIFTY29MAY2560100CE.NFO,2025-04-23,11:54:00,2025-05-29,82.0,82.0,82.0,82.0,0,2310,0
BANKNIFTY29MAY2560100CE.NFO,2025-04-23,11:55:00,2025-05-29,82.0,82.0,82.0,82.0,30,2580,0
BANKNIFTY29MAY2560100CE.NFO,2025-04-23,11:56:00,2025-05-29,82.0,82.0,82.0,82.0,0,2580,0
BANKNIFTY29MAY2560100CE.NFO,2025-04-23,11:57:00,2025-05-29,82.0,82.0,82.0,82.0,0,2580,0
BANKNIFTY29MAY2560100CE.NFO,2025-04-23,11:58:00,2025-05-29,82.0,82.0,82.0,82.0,0,2580,0
BANKNIFTY29MAY2560100CE.NFO,2025-04-23,11:59:00,2025-05-29,82.0,82.0,82.0,82.0,0,2580,0
BANKNIFTY29MAY2560100CE.NFO,2025-04-23,12:00:00,2025-05-29,82.0,82.0,82.0,82.0,0,2580,0
BANKNIFTY29MAY2560100CE.NFO,2025-04-23,12:01:00,2025-05-29,82.0,82.0,82.0,82.0,0,2580,0
BANKNIFTY29MAY2560100CE.NFO,2025-04-23,12:02:00,2025-05-29,82.0,82.0,82.0,82.0,0,2580,0
BANKNIFTY29MAY2560100CE.NFO,2025-04-23,12:03:00,2025-05-29,82.0,82.0,82.0,82.0,0,2580,0
BANKNIFTY29MAY2560100CE.NFO,2025-04-23,12:04:00,2025-05-29,82.0,82.0,82.0,82.0,0,2580,0
BANKNIFTY29MAY2560100CE.NFO,2025-04-23,12:05:00,2025-05-29,82.0,82.0,82.0,82.0,0,2580,0
BANKNIFTY29MAY2560100CE.NFO,2025-04-23,12:06:00,2025-05-29,82.0,82.8,82.0,82.8,270,2580,0
BANKNIFTY29MAY2560100CE.NFO,2025-04-23,12:07:00,2025-05-29,82.8,82.8,82.8,82.8,0,2580,0
BANKNIFTY29MAY2560100CE.NFO,2025-04-23,12:08:00,2025-05-29,82.8,82.8,80.85,80.85,120,2580,0
BANKNIFTY29MAY2560100CE.NFO,2025-04-23,12:09:00,2025-05-29,80.85,80.85,80.85,80.85,0,2580,0
BANKNIFTY29MAY2560100CE.NFO,2025-04-23,12:10:00,2025-05-29,80.85,80.85,80.85,80.85,0,2580,0
BANKNIFTY29MAY2560100CE.NFO,2025-04-23,12:11:00,2025-05-29,80.85,80.85,80.85,80.85,0,2580,0
BANKNIFTY29MAY2560100CE.NFO,2025-04-23,12:12:00,2025-05-29,80.85,80.85,80.85,80.85,0,2580,0
BANKNIFTY29MAY2560100CE.NFO,2025-04-23,12:13:00,2025-05-29,80.85,80.85,80.85,80.85,0,2580,0
BANKNIFTY29MAY2560100CE.NFO,2025-04-23,12:14:00,2025-05-29,80.85,80.85,80.85,80.85,0,2580,0
BANKNIFTY29MAY2560100CE.NFO,2025-04-23,12:15:00,2025-05-29,80.85,80.85,80.85,80.85,0,2580,1
BANKNIFTY29MAY2560100CE.NFO,2025-04-23,12:16:00,2025-05-29,80.85,80.85,80.85,80.85,0,2580,0
BANKNIFTY29MAY2560100CE.NFO,2025-04-23,12:17:00,2025-05-29,80.85,80.85,80.85,80.85,0,2580,0
BANKNIFTY29MAY2560100CE.NFO,2025-04-23,12:18:00,2025-05-29,80.85,80.85,80.85,80.85,0,2580,0
BANKNIFTY29MAY2560100CE.NFO,2025-04-23,12:19:00,2025-05-29,80.85,80.85,80.85,80.85,0,2580,0
BANKNIFTY29MAY2560100CE.NFO,2025-04-23,12:20:00,2025-05-29,80.85,80.85,80.85,80.85,0,2580,0
BANKNIFTY29MAY2560100CE.NFO,2025-04-23,12:21:00,2025-05-29,80.85,80.85,80.85,80.85,0,2580,0
BANKNIFTY29MAY2560100CE.NFO,2025-04-23,12:22:00,2025-05-29,80.85,80.85,80.85,80.85,0,2580,0
BANKNIFTY29MAY2560100CE.NFO,2025-04-23,12:23:00,2025-05-29,80.85,80.85,80.85,80.85,0,2580,0
BANKNIFTY29MAY2560100CE.NFO,2025-04-23,12:24:00,2025-05-29,80.85,80.85,80.85,80.85,0,2580,0
BANKNIFTY29MAY2560100CE.NFO,2025-04-23,12:25:00,2025-05-29,80.85,80.85,80.85,80.85,0,2580,0
BANKNIFTY29MAY2560100CE.NFO,2025-04-23,12:26:00,2025-05-29,80.85,80.85,80.85,80.85,0,2580,0
BANKNIFTY29MAY2560100CE.NFO,2025-04-23,12:27:00,2025-05-29,80.85,80.85,80.85,80.85,0,2580,0
BANKNIFTY29MAY2560100CE.NFO,2025-04-23,12:28:00,2025-05-29,80.85,80.85,80.85,80.85,0,2580,0
BANKNIFTY29MAY2560100CE.NFO,2025-04-23,12:29:00,2025-05-29,80.85,80.85,80.85,80.85,0,2580,0
BANKNIFTY29MAY2560100CE.NFO,2025-04-23,12:30:00,2025-05-29,80.85,80.85,80.85,80.85,0,2580,0
BANKNIFTY29MAY2560100CE.NFO,2025-04-23,12:31:00,2025-05-29,80.85,80.85,80.85,80.85,0,2580,0
BANKNIFTY29MAY2560100CE.NFO,2025-04-23,12:32:00,2025-05-29,80.85,80.85,80.85,80.85,0,2580,0
BANKNIFTY29MAY2560100CE.NFO,2025-04-23,12:33:00,2025-05-29,80.85,80.85,80.85,80.85,0,2580,0
BANKNIFTY29MAY2560100CE.NFO,2025-04-23,12:34:00,2025-05-29,80.85,80.85,80.85,80.85,0,2580,0
BANKNIFTY29MAY2560100CE.NFO,2025-04-23,12:35:00,2025-05-29,80.85,80.85,80.85,80.85,0,2580,0
BANKNIFTY29MAY2560100CE.NFO,2025-04-23,12:36:00,2025-05-29,80.85,80.85,80.85,80.85,0,2580,0
BANKNIFTY29MAY2560100CE.NFO,2025-04-23,12:37:00,2025-05-29,80.85,80.85,80.85,80.85,0,2580,1
BANKNIFTY29MAY2560100CE.NFO,2025-04-23,12:38:00,2025-05-29,80.85,80.85,80.85,80.85,0,2580,0
BANKNIFTY29MAY2560100CE.NFO,2025-04-23,12:39:00,2025-05-29,80.85,80.85,80.85,80.85,0,2580,0
BANKNIFTY29MAY2560100CE.NFO,2025-04-23,12:40:00,2025-05-29,80.85,80.85,80.85,80.85,0,2580,1
BANKNIFTY29MAY2560100CE.NFO,2025-04-23,12:41:00,2025-05-29,80.85,80.85,80.85,80.85,0,2580,0
BANKNIFTY29MAY2560100CE.NFO,2025-04-23,12:42:00,2025-05-29,80.85,80.85,80.85,80.85,0,2580,0
BANKNIFTY29MAY2560100CE.NFO,2025-04-23,12:43:00,2025-05-29,80.85,80.85,77.15,77.15,30,2640,0
BANKNIFTY29MAY2560100CE.NFO,2025-04-23,12:44:00,2025-05-29,77.15,77.15,77.15,77.15,0,2640,0
BANKNIFTY29MAY2560100CE.NFO,2025-04-23,12:45:00,2025-05-29,78.0,78.0,78.0,78.0,30,2640,0
BANKNIFTY29MAY2560100CE.NFO,2025-04-23,12:46:00,2025-05-29,78.0,78.0,78.0,78.0,0,2640,0
BANKNIFTY29MAY2560100CE.NFO,2025-04-23,12:47:00,2025-05-29,78.0,78.0,78.0,78.0,0,2640,0
BANKNIFTY29MAY2560100CE.NFO,2025-04-23,12:48:00,2025-05-29,78.0,78.0,78.0,78.0,0,2640,0
BANKNIFTY29MAY2560100CE.NFO,2025-04-23,12:49:00,2025-05-29,78.0,78.0,78.0,78.0,0,2640,0
BANKNIFTY29MAY2560100CE.NFO,2025-04-23,12:50:00,2025-05-29,78.0,78.0,78.0,78.0,0,2640,0
BANKNIFTY29MAY2560100CE.NFO,2025-04-23,12:51:00,2025-05-29,78.0,78.0,78.0,78.0,0,2640,0
BANKNIFTY29MAY2560100CE.NFO,2025-04-23,12:52:00,2025-05-29,78.0,78.0,78.0,78.0,0,2640,0
BANKNIFTY29MAY2560100CE.NFO,2025-04-23,12:53:00,2025-05-29,78.0,78.0,78.0,78.0,0,2640,0
BANKNIFTY29MAY2560100CE.NFO,2025-04-23,12:54:00,2025-05-29,78.0,78.0,78.0,78.0,0,2640,0
BANKNIFTY29MAY2560100CE.NFO,2025-04-23,12:55:00,2025-05-29,78.0,78.0,78.0,78.0,0,2640,0
BANKNIFTY29MAY2560100CE.NFO,2025-04-23,12:56:00,2025-05-29,78.0,78.0,78.0,78.0,0,2640,0
BANKNIFTY29MAY2560100CE.NFO,2025-04-23,12:57:00,2025-05-29,78.0,81.35,78.0,81.35,0,2610,0
BANKNIFTY29MAY2560100CE.NFO,2025-04-23,12:58:00,2025-05-29,81.35,81.35,80.0,80.0,60,2640,0
BANKNIFTY29MAY2560100CE.NFO,2025-04-23,12:59:00,2025-05-29,80.0,80.0,78.35,78.35,30,2640,0
BANKNIFTY29MAY2560100CE.NFO,2025-04-23,13:00:00,2025-05-29,78.35,78.35,78.35,78.35,0,2640,0
BANKNIFTY29MAY2560100CE.NFO,2025-04-23,13:01:00,2025-05-29,78.35,78.35,78.35,78.35,0,2640,0
BANKNIFTY29MAY2560100CE.NFO,2025-04-23,13:02:00,2025-05-29,78.35,78.35,78.35,78.35,0,2640,0
BANKNIFTY29MAY2560100CE.NFO,2025-04-23,13:03:00,2025-05-29,78.35,78.35,78.35,78.35,0,2640,0
BANKNIFTY29MAY2560100CE.NFO,2025-04-23,13:04:00,2025-05-29,78.35,78.35,78.35,78.35,0,2640,0
BANKNIFTY29MAY2560100CE.NFO,2025-04-23,13:05:00,2025-05-29,78.35,78.35,78.35,78.35,0,2640,0
BANKNIFTY29MAY2560100CE.NFO,2025-04-23,13:06:00,2025-05-29,78.35,78.35,78.35,78.35,0,2640,0
BANKNIFTY29MAY2560100CE.NFO,2025-04-23,13:07:00,2025-05-29,78.35,78.35,78.35,78.35,0,2640,0
BANKNIFTY29MAY2560100CE.NFO,2025-04-23,13:08:00,2025-05-29,78.35,78.35,78.35,78.35,0,2640,0
BANKNIFTY29MAY2560100CE.NFO,2025-04-23,13:09:00,2025-05-29,78.35,78.35,78.35,78.35,0,2640,0
BANKNIFTY29MAY2560100CE.NFO,2025-04-23,13:10:00,2025-05-29,78.35,78.35,78.35,78.35,0,2640,0
BANKNIFTY29MAY2560100CE.NFO,2025-04-23,13:11:00,2025-05-29,78.35,78.35,78.35,78.35,0,2640,0
BANKNIFTY29MAY2560100CE.NFO,2025-04-23,13:12:00,2025-05-29,78.35,78.35,78.35,78.35,0,2640,0
BANKNIFTY29MAY2560100CE.NFO,2025-04-23,13:13:00,2025-05-29,78.35,78.35,78.35,78.35,0,2640,0
BANKNIFTY29MAY2560100CE.NFO,2025-04-23,13:14:00,2025-05-29,78.35,78.35,78.35,78.35,0,2640,0
BANKNIFTY29MAY2560100CE.NFO,2025-04-23,13:15:00,2025-05-29,78.35,78.35,78.35,78.35,0,2640,0
BANKNIFTY29MAY2560100CE.NFO,2025-04-23,13:16:00,2025-05-29,78.35,78.35,78.35,78.35,0,2640,0
BANKNIFTY29MAY2560100CE.NFO,2025-04-23,13:17:00,2025-05-29,78.35,78.35,78.35,78.35,0,2640,0
BANKNIFTY29MAY2560100CE.NFO,2025-04-23,13:18:00,2025-05-29,78.35,78.35,78.35,78.35,0,2640,0
BANKNIFTY29MAY2560100CE.NFO,2025-04-23,13:19:00,2025-05-29,78.35,78.35,78.35,78.35,0,2640,0
BANKNIFTY29MAY2560100CE.NFO,2025-04-23,13:20:00,2025-05-29,78.35,78.35,78.35,78.35,0,2640,0
BANKNIFTY29MAY2560100CE.NFO,2025-04-23,13:21:00,2025-05-29,78.35,78.35,78.35,78.35,0,2640,0
BANKNIFTY29MAY2560100CE.NFO,2025-04-23,13:22:00,2025-05-29,78.35,78.35,78.35,78.35,0,2640,0
BANKNIFTY29MAY2560100CE.NFO,2025-04-23,13:23:00,2025-05-29,78.35,78.35,78.35,78.35,0,2640,0
BANKNIFTY29MAY2560100CE.NFO,2025-04-23,13:24:00,2025-05-29,78.35,78.35,78.35,78.35,0,2640,0
BANKNIFTY29MAY2560100CE.NFO,2025-04-23,13:25:00,2025-05-29,78.35,78.35,78.35,78.35,0,2640,0
BANKNIFTY29MAY2560100CE.NFO,2025-04-23,13:26:00,2025-05-29,78.35,85.0,78.35,85.0,30,2610,0
BANKNIFTY29MAY2560100CE.NFO,2025-04-23,13:27:00,2025-05-29,85.0,85.0,85.0,85.0,0,2610,0
BANKNIFTY29MAY2560100CE.NFO,2025-04-23,13:28:00,2025-05-29,85.0,85.0,85.0,85.0,0,2610,0
BANKNIFTY29MAY2560100CE.NFO,2025-04-23,13:29:00,2025-05-29,85.0,85.0,85.0,85.0,0,2610,0
BANKNIFTY29MAY2560100CE.NFO,2025-04-23,13:30:00,2025-05-29,85.0,85.0,85.0,85.0,0,2610,0
BANKNIFTY29MAY2560100CE.NFO,2025-04-23,13:31:00,2025-05-29,85.0,85.0,85.0,85.0,0,2610,0
BANKNIFTY29MAY2560100CE.NFO,2025-04-23,13:32:00,2025-05-29,85.0,85.0,85.0,85.0,0,2610,0
BANKNIFTY29MAY2560100CE.NFO,2025-04-23,13:33:00,2025-05-29,85.0,85.0,85.0,85.0,0,2610,0
BANKNIFTY29MAY2560100CE.NFO,2025-04-23,13:34:00,2025-05-29,85.0,85.0,85.0,85.0,0,2610,0
BANKNIFTY29MAY2560100CE.NFO,2025-04-23,13:35:00,2025-05-29,85.0,85.0,85.0,85.0,0,2610,0
BANKNIFTY29MAY2560100CE.NFO,2025-04-23,13:36:00,2025-05-29,85.0,85.0,85.0,85.0,0,2610,0
BANKNIFTY29MAY2560100CE.NFO,2025-04-23,13:37:00,2025-05-29,85.0,85.0,85.0,85.0,0,2610,0
BANKNIFTY29MAY2560100CE.NFO,2025-04-23,13:38:00,2025-05-29,85.0,85.0,85.0,85.0,0,2610,0
BANKNIFTY29MAY2560100CE.NFO,2025-04-23,13:39:00,2025-05-29,85.0,85.0,85.0,85.0,0,2610,0
BANKNIFTY29MAY2560100CE.NFO,2025-04-23,13:40:00,2025-05-29,85.0,85.0,85.0,85.0,0,2610,0
BANKNIFTY29MAY2560100CE.NFO,2025-04-23,13:41:00,2025-05-29,85.0,85.0,85.0,85.0,0,2610,0
BANKNIFTY29MAY2560100CE.NFO,2025-04-23,13:42:00,2025-05-29,85.0,85.0,85.0,85.0,0,2610,0
BANKNIFTY29MAY2560100CE.NFO,2025-04-23,13:43:00,2025-05-29,85.0,85.0,85.0,85.0,0,2610,0
BANKNIFTY29MAY2560100CE.NFO,2025-04-23,13:44:00,2025-05-29,85.0,85.0,85.0,85.0,0,2610,0
BANKNIFTY29MAY2560100CE.NFO,2025-04-23,13:45:00,2025-05-29,85.0,85.0,85.0,85.0,0,2610,0
BANKNIFTY29MAY2560100CE.NFO,2025-04-23,13:46:00,2025-05-29,85.0,85.0,85.0,85.0,0,2610,0
BANKNIFTY29MAY2560100CE.NFO,2025-04-23,13:47:00,2025-05-29,85.0,85.0,85.0,85.0,30,2640,0
BANKNIFTY29MAY2560100CE.NFO,2025-04-23,13:48:00,2025-05-29,85.0,85.0,85.0,85.0,0,2640,0
BANKNIFTY29MAY2560100CE.NFO,2025-04-23,13:49:00,2025-05-29,85.0,85.0,85.0,85.0,0,2640,0
BANKNIFTY29MAY2560100CE.NFO,2025-04-23,13:50:00,2025-05-29,85.0,85.0,82.9,82.9,30,2670,0
BANKNIFTY29MAY2560100CE.NFO,2025-04-23,13:51:00,2025-05-29,82.9,82.9,82.9,82.9,0,2670,0
BANKNIFTY29MAY2560100CE.NFO,2025-04-23,13:52:00,2025-05-29,82.9,82.9,82.9,82.9,0,2670,0
BANKNIFTY29MAY2560100CE.NFO,2025-04-23,13:53:00,2025-05-29,82.9,82.9,82.9,82.9,0,2670,0
BANKNIFTY29MAY2560100CE.NFO,2025-04-23,13:54:00,2025-05-29,82.9,82.9,79.05,79.05,30,2640,0
BANKNIFTY29MAY2560100CE.NFO,2025-04-23,13:55:00,2025-05-29,79.05,79.05,79.05,79.05,0,2640,0
BANKNIFTY29MAY2560100CE.NFO,2025-04-23,13:56:00,2025-05-29,79.05,79.05,79.05,79.05,0,2640,0
BANKNIFTY29MAY2560100CE.NFO,2025-04-23,13:57:00,2025-05-29,79.05,79.05,79.05,79.05,0,2640,0
BANKNIFTY29MAY2560100CE.NFO,2025-04-23,13:58:00,2025-05-29,79.05,79.05,79.05,79.05,0,2640,0
BANKNIFTY29MAY2560100CE.NFO,2025-04-23,13:59:00,2025-05-29,79.05,93.25,79.05,93.25,30,2610,0
BANKNIFTY29MAY2560100CE.NFO,2025-04-23,14:00:00,2025-05-29,93.25,93.25,93.25,93.25,0,2610,0
BANKNIFTY29MAY2560100CE.NFO,2025-04-23,14:01:00,2025-05-29,93.25,93.25,93.25,93.25,0,2610,0
BANKNIFTY29MAY2560100CE.NFO,2025-04-23,14:02:00,2025-05-29,93.25,93.25,93.25,93.25,0,2610,0
BANKNIFTY29MAY2560100CE.NFO,2025-04-23,14:03:00,2025-05-29,93.25,93.25,90.95,90.95,30,2640,0
BANKNIFTY29MAY2560100CE.NFO,2025-04-23,14:04:00,2025-05-29,90.95,90.95,90.95,90.95,0,2640,0
BANKNIFTY29MAY2560100CE.NFO,2025-04-23,14:05:00,2025-05-29,90.95,90.95,90.95,90.95,0,2640,0
BANKNIFTY29MAY2560100CE.NFO,2025-04-23,14:06:00,2025-05-29,90.95,90.95,90.95,90.95,0,2640,0
BANKNIFTY29MAY2560100CE.NFO,2025-04-23,14:07:00,2025-05-29,90.95,90.95,90.95,90.95,0,2640,0
BANKNIFTY29MAY2560100CE.NFO,2025-04-23,14:08:00,2025-05-29,90.95,90.95,90.95,90.95,0,2640,0
BANKNIFTY29MAY2560100CE.NFO,2025-04-23,14:09:00,2025-05-29,90.95,90.95,90.95,90.95,0,2640,0
BANKNIFTY29MAY2560100CE.NFO,2025-04-23,14:10:00,2025-05-29,90.95,90.95,90.95,90.95,0,2640,0
BANKNIFTY29MAY2560100CE.NFO,2025-04-23,14:11:00,2025-05-29,90.95,90.95,90.95,90.95,0,2640,0
BANKNIFTY29MAY2560100CE.NFO,2025-04-23,14:12:00,2025-05-29,90.95,90.95,90.95,90.95,0,2640,0
BANKNIFTY29MAY2560100CE.NFO,2025-04-23,14:13:00,2025-05-29,90.95,90.95,90.95,90.95,0,2640,0
BANKNIFTY29MAY2560100CE.NFO,2025-04-23,14:14:00,2025-05-29,90.95,90.95,90.95,90.95,0,2640,0
BANKNIFTY29MAY2560100CE.NFO,2025-04-23,14:15:00,2025-05-29,90.95,90.95,90.95,90.95,0,2640,0
BANKNIFTY29MAY2560100CE.NFO,2025-04-23,14:16:00,2025-05-29,90.95,90.95,90.95,90.95,0,2640,0
BANKNIFTY29MAY2560100CE.NFO,2025-04-23,14:17:00,2025-05-29,90.95,90.95,90.95,90.95,0,2640,0
BANKNIFTY29MAY2560100CE.NFO,2025-04-23,14:18:00,2025-05-29,90.95,90.95,90.95,90.95,0,2640,0
BANKNIFTY29MAY2560100CE.NFO,2025-04-23,14:19:00,2025-05-29,90.95,91.65,90.95,91.65,30,2640,0
BANKNIFTY29MAY2560100CE.NFO,2025-04-23,14:20:00,2025-05-29,91.65,91.65,91.65,91.65,0,2640,0
BANKNIFTY29MAY2560100CE.NFO,2025-04-23,14:21:00,2025-05-29,91.65,91.65,91.65,91.65,0,2640,0
BANKNIFTY29MAY2560100CE.NFO,2025-04-23,14:22:00,2025-05-29,91.65,91.65,91.65,91.65,0,2640,0
BANKNIFTY29MAY2560100CE.NFO,2025-04-23,14:23:00,2025-05-29,91.65,91.65,91.65,91.65,0,2640,0
BANKNIFTY29MAY2560100CE.NFO,2025-04-23,14:24:00,2025-05-29,91.65,91.65,91.65,91.65,0,2640,0
BANKNIFTY29MAY2560100CE.NFO,2025-04-23,14:25:00,2025-05-29,91.65,91.65,91.65,91.65,0,2640,0
BANKNIFTY29MAY2560100CE.NFO,2025-04-23,14:26:00,2025-05-29,91.65,91.65,91.65,91.65,0,2640,0
BANKNIFTY29MAY2560100CE.NFO,2025-04-23,14:27:00,2025-05-29,91.65,91.65,91.65,91.65,0,2640,0
BANKNIFTY29MAY2560100CE.NFO,2025-04-23,14:28:00,2025-05-29,91.65,91.65,91.65,91.65,0,2640,0
BANKNIFTY29MAY2560100CE.NFO,2025-04-23,14:29:00,2025-05-29,91.8,91.8,91.8,91.8,30,2640,0
BANKNIFTY29MAY2560100CE.NFO,2025-04-23,14:30:00,2025-05-29,91.8,91.8,91.8,91.8,0,2640,0
BANKNIFTY29MAY2560100CE.NFO,2025-04-23,14:31:00,2025-05-29,91.8,91.8,91.8,91.8,0,2640,0
BANKNIFTY29MAY2560100CE.NFO,2025-04-23,14:32:00,2025-05-29,91.8,91.8,85.35,85.35,30,2670,0
BANKNIFTY29MAY2560100CE.NFO,2025-04-23,14:33:00,2025-05-29,85.35,85.35,85.35,85.35,0,2670,0
BANKNIFTY29MAY2560100CE.NFO,2025-04-23,14:34:00,2025-05-29,85.35,85.35,85.35,85.35,0,2670,0
BANKNIFTY29MAY2560100CE.NFO,2025-04-23,14:35:00,2025-05-29,85.35,85.35,85.35,85.35,0,2670,0
BANKNIFTY29MAY2560100CE.NFO,2025-04-23,14:36:00,2025-05-29,85.35,85.35,85.35,85.35,0,2670,0
BANKNIFTY29MAY2560100CE.NFO,2025-04-23,14:37:00,2025-05-29,85.35,85.35,85.35,85.35,0,2670,0
BANKNIFTY29MAY2560100CE.NFO,2025-04-23,14:38:00,2025-05-29,85.35,85.35,85.35,85.35,0,2670,0
BANKNIFTY29MAY2560100CE.NFO,2025-04-23,14:39:00,2025-05-29,85.35,85.35,85.35,85.35,0,2670,0
BANKNIFTY29MAY2560100CE.NFO,2025-04-23,14:40:00,2025-05-29,85.35,85.35,85.35,85.35,0,2670,0
BANKNIFTY29MAY2560100CE.NFO,2025-04-23,14:41:00,2025-05-29,85.35,85.35,85.35,85.35,90,2640,0
BANKNIFTY29MAY2560100CE.NFO,2025-04-23,14:42:00,2025-05-29,85.35,85.35,85.35,85.35,0,2640,0
BANKNIFTY29MAY2560100CE.NFO,2025-04-23,14:43:00,2025-05-29,85.35,85.35,85.35,85.35,0,2640,0
BANKNIFTY29MAY2560100CE.NFO,2025-04-23,14:44:00,2025-05-29,85.35,85.35,85.35,85.35,0,2640,0
BANKNIFTY29MAY2560100CE.NFO,2025-04-23,14:45:00,2025-05-29,85.35,85.35,84.05,84.05,0,2640,0
BANKNIFTY29MAY2560100CE.NFO,2025-04-23,14:46:00,2025-05-29,84.05,84.05,84.05,84.05,270,2640,0
BANKNIFTY29MAY2560100CE.NFO,2025-04-23,14:47:00,2025-05-29,84.05,84.05,84.05,84.05,0,2640,0
BANKNIFTY29MAY2560100CE.NFO,2025-04-23,14:48:00,2025-05-29,84.05,84.05,84.05,84.05,0,2640,0
BANKNIFTY29MAY2560100CE.NFO,2025-04-23,14:49:00,2025-05-29,84.05,84.05,84.05,84.05,0,2640,0
BANKNIFTY29MAY2560100CE.NFO,2025-04-23,14:50:00,2025-05-29,84.05,84.05,84.05,84.05,0,2640,0
BANKNIFTY29MAY2560100CE.NFO,2025-04-23,14:51:00,2025-05-29,84.05,84.05,84.05,84.05,0,2640,0
BANKNIFTY29MAY2560100CE.NFO,2025-04-23,14:52:00,2025-05-29,84.05,84.05,84.05,84.05,0,2640,0
BANKNIFTY29MAY2560100CE.NFO,2025-04-23,14:53:00,2025-05-29,84.05,84.05,84.05,84.05,0,2640,0
BANKNIFTY29MAY2560100CE.NFO,2025-04-23,14:54:00,2025-05-29,84.05,84.05,84.05,84.05,0,2640,0
BANKNIFTY29MAY2560100CE.NFO,2025-04-23,14:55:00,2025-05-29,84.05,84.05,84.05,84.05,0,2640,0
BANKNIFTY29MAY2560100CE.NFO,2025-04-23,14:56:00,2025-05-29,84.05,84.05,84.05,84.05,0,2640,1
BANKNIFTY29MAY2560100CE.NFO,2025-04-23,14:57:00,2025-05-29,84.05,84.05,84.05,84.05,0,2640,0
BANKNIFTY29MAY2560100CE.NFO,2025-04-23,14:58:00,2025-05-29,84.05,84.05,84.05,84.05,0,2640,0
BANKNIFTY29MAY2560100CE.NFO,2025-04-23,14:59:00,2025-05-29,85.7,85.7,85.7,85.7,90,2430,0
BANKNIFTY29MAY2560100CE.NFO,2025-04-23,15:00:00,2025-05-29,85.7,85.7,85.7,85.7,0,2430,0
BANKNIFTY29MAY2560100CE.NFO,2025-04-23,15:01:00,2025-05-29,85.7,85.7,85.7,85.7,0,2430,0
BANKNIFTY29MAY2560100CE.NFO,2025-04-23,15:02:00,2025-05-29,85.7,85.7,85.7,85.7,0,2430,0
BANKNIFTY29MAY2560100CE.NFO,2025-04-23,15:03:00,2025-05-29,85.7,85.7,85.7,85.7,0,2430,0
BANKNIFTY29MAY2560100CE.NFO,2025-04-23,15:04:00,2025-05-29,85.7,85.7,85.7,85.7,0,2430,0
BANKNIFTY29MAY2560100CE.NFO,2025-04-23,15:05:00,2025-05-29,85.7,85.7,85.65,85.65,90,2340,0
BANKNIFTY29MAY2560100CE.NFO,2025-04-23,15:06:00,2025-05-29,85.7,85.7,85.7,85.7,30,2340,0
BANKNIFTY29MAY2560100CE.NFO,2025-04-23,15:07:00,2025-05-29,85.7,85.7,85.7,85.7,30,2340,1
BANKNIFTY29MAY2560100CE.NFO,2025-04-23,15:08:00,2025-05-29,85.7,85.7,85.7,85.7,0,2340,0
BANKNIFTY29MAY2560100CE.NFO,2025-04-23,15:09:00,2025-05-29,85.7,85.7,85.7,85.7,0,2340,0
BANKNIFTY29MAY2560100CE.NFO,2025-04-23,15:10:00,2025-05-29,85.7,85.7,85.7,85.7,0,2340,0
BANKNIFTY29MAY2560100CE.NFO,2025-04-23,15:11:00,2025-05-29,85.7,85.7,85.7,85.7,0,2340,0
BANKNIFTY29MAY2560100CE.NFO,2025-04-23,15:12:00,2025-05-29,85.7,85.7,85.7,85.7,0,2340,0
BANKNIFTY29MAY2560100CE.NFO,2025-04-23,15:13:00,2025-05-29,85.7,85.7,85.7,85.7,0,2340,0
BANKNIFTY29MAY2560100CE.NFO,2025-04-23,15:14:00,2025-05-29,85.7,85.7,85.7,85.7,0,2340,0
BANKNIFTY29MAY2560100CE.NFO,2025-04-23,15:15:00,2025-05-29,85.7,85.7,85.7,85.7,0,2340,0
BANKNIFTY29MAY2560100CE.NFO,2025-04-23,15:16:00,2025-05-29,85.7,85.7,85.7,85.7,0,2340,0
BANKNIFTY29MAY2560100CE.NFO,2025-04-23,15:17:00,2025-05-29,85.7,85.7,85.7,85.7,0,2340,0
BANKNIFTY29MAY2560100CE.NFO,2025-04-23,15:18:00,2025-05-29,85.7,85.7,84.25,84.25,30,2370,0
BANKNIFTY29MAY2560100CE.NFO,2025-04-23,15:19:00,2025-05-29,84.25,84.25,84.25,84.25,0,2370,0
BANKNIFTY29MAY2560100CE.NFO,2025-04-23,15:20:00,2025-05-29,84.25,84.25,84.25,84.25,0,2370,0
BANKNIFTY29MAY2560100CE.NFO,2025-04-23,15:21:00,2025-05-29,86.05,87.05,86.05,87.05,60,2370,0
BANKNIFTY29MAY2560100CE.NFO,2025-04-23,15:22:00,2025-05-29,87.05,87.05,87.05,87.05,0,2370,0
BANKNIFTY29MAY2560100CE.NFO,2025-04-23,15:23:00,2025-05-29,87.5,87.5,87.5,87.5,30,2340,0
BANKNIFTY29MAY2560100CE.NFO,2025-04-23,15:24:00,2025-05-29,87.5,87.5,87.2,87.2,60,2340,0
BANKNIFTY29MAY2560100CE.NFO,2025-04-23,15:25:00,2025-05-29,87.2,87.2,85.35,85.35,30,2340,0
BANKNIFTY29MAY2560100CE.NFO,2025-04-23,15:26:00,2025-05-29,85.35,85.35,85.35,85.35,300,2310,0
BANKNIFTY29MAY2560100CE.NFO,2025-04-23,15:27:00,2025-05-29,85.35,85.35,85.35,85.35,0,2310,0
BANKNIFTY29MAY2560100CE.NFO,2025-04-23,15:28:00,2025-05-29,85.35,85.35,85.35,85.35,0,2310,0
BANKNIFTY29MAY2560100CE.NFO,2025-04-23,15:29:00,2025-05-29,85.35,85.35,85.35,85.35,0,2310,0
BANKNIFTY29MAY2560100CE.NFO,2025-04-23,15:30:00,2025-05-29,85.35,85.35,85.35,85.35,0,2310,1
BANKNIFTY29MAY2560100CE.NFO,2025-04-24,09:15:00,2025-05-29,87.85,87.85,87.85,87.85,0,2250,1
BANKNIFTY29MAY2560100CE.NFO,2025-04-24,09:16:00,2025-05-29,87.85,87.85,87.85,87.85,0,2250,1
BANKNIFTY29MAY2560100CE.NFO,2025-04-24,09:17:00,2025-05-29,87.85,87.85,87.85,87.85,0,2250,1
BANKNIFTY29MAY2560100CE.NFO,2025-04-24,09:18:00,2025-05-29,87.85,87.85,87.85,87.85,0,2250,1
BANKNIFTY29MAY2560100CE.NFO,2025-04-24,09:19:00,2025-05-29,87.85,87.85,87.85,87.85,0,2250,1
BANKNIFTY29MAY2560100CE.NFO,2025-04-24,09:20:00,2025-05-29,87.85,87.85,87.85,87.85,0,2250,1
BANKNIFTY29MAY2560100CE.NFO,2025-04-24,09:21:00,2025-05-29,87.85,87.85,87.85,87.85,0,2250,1
BANKNIFTY29MAY2560100CE.NFO,2025-04-24,09:22:00,2025-05-29,87.85,87.85,87.85,87.85,0,2250,1
BANKNIFTY29MAY2560100CE.NFO,2025-04-24,09:23:00,2025-05-29,87.85,87.85,87.85,87.85,0,2250,1
BANKNIFTY29MAY2560100CE.NFO,2025-04-24,09:24:00,2025-05-29,87.85,87.85,87.85,87.85,0,2250,1
BANKNIFTY29MAY2560100CE.NFO,2025-04-24,09:25:00,2025-05-29,87.85,87.85,87.85,87.85,0,2250,1
BANKNIFTY29MAY2560100CE.NFO,2025-04-24,09:26:00,2025-05-29,87.85,87.85,87.85,87.85,0,2250,1
BANKNIFTY29MAY2560100CE.NFO,2025-04-24,09:27:00,2025-05-29,87.85,87.85,87.85,87.85,0,2250,1
BANKNIFTY29MAY2560100CE.NFO,2025-04-24,09:28:00,2025-05-29,87.85,87.85,87.85,87.85,0,2250,0
BANKNIFTY29MAY2560100CE.NFO,2025-04-24,09:29:00,2025-05-29,87.85,87.85,86.7,86.7,60,2250,0
BANKNIFTY29MAY2560100CE.NFO,2025-04-24,09:30:00,2025-05-29,86.7,87.65,86.7,87.65,0,2250,0
BANKNIFTY29MAY2560100CE.NFO,2025-04-24,09:31:00,2025-05-29,87.65,87.65,87.6,87.6,90,2940,0
BANKNIFTY29MAY2560100CE.NFO,2025-04-24,09:32:00,2025-05-29,87.6,87.6,87.6,87.6,0,2940,0
BANKNIFTY29MAY2560100CE.NFO,2025-04-24,09:33:00,2025-05-29,87.6,87.6,87.6,87.6,0,2940,0
BANKNIFTY29MAY2560100CE.NFO,2025-04-24,09:34:00,2025-05-29,87.6,87.6,87.6,87.6,0,2940,0
BANKNIFTY29MAY2560100CE.NFO,2025-04-24,09:35:00,2025-05-29,84.35,84.35,84.35,84.35,360,2940,0
BANKNIFTY29MAY2560100CE.NFO,2025-04-24,09:36:00,2025-05-29,84.35,84.35,84.35,84.35,0,2940,0
BANKNIFTY29MAY2560100CE.NFO,2025-04-24,09:37:00,2025-05-29,84.35,84.35,84.35,84.35,0,2940,0
BANKNIFTY29MAY2560100CE.NFO,2025-04-24,09:38:00,2025-05-29,84.35,84.35,84.35,84.35,0,2940,0
BANKNIFTY29MAY2560100CE.NFO,2025-04-24,09:39:00,2025-05-29,84.35,84.35,84.35,84.35,0,2940,0
BANKNIFTY29MAY2560100CE.NFO,2025-04-24,09:40:00,2025-05-29,84.35,84.35,84.35,84.35,0,2940,0
BANKNIFTY29MAY2560100CE.NFO,2025-04-24,09:41:00,2025-05-29,84.35,84.35,84.35,84.35,0,2940,0
BANKNIFTY29MAY2560100CE.NFO,2025-04-24,09:42:00,2025-05-29,84.35,84.35,84.35,84.35,0,2940,0
BANKNIFTY29MAY2560100CE.NFO,2025-04-24,09:43:00,2025-05-29,84.35,84.35,84.35,84.35,0,2940,0
BANKNIFTY29MAY2560100CE.NFO,2025-04-24,09:44:00,2025-05-29,83.75,83.75,83.75,83.75,30,3180,0
BANKNIFTY29MAY2560100CE.NFO,2025-04-24,09:45:00,2025-05-29,83.75,83.75,83.75,83.75,0,3180,0
BANKNIFTY29MAY2560100CE.NFO,2025-04-24,09:46:00,2025-05-29,83.75,83.75,83.75,83.75,0,3180,0
BANKNIFTY29MAY2560100CE.NFO,2025-04-24,09:47:00,2025-05-29,83.75,83.75,83.75,83.75,0,3180,0
BANKNIFTY29MAY2560100CE.NFO,2025-04-24,09:48:00,2025-05-29,83.75,83.75,83.75,83.75,0,3180,0
BANKNIFTY29MAY2560100CE.NFO,2025-04-24,09:49:00,2025-05-29,83.75,83.75,83.75,83.75,0,3180,0
BANKNIFTY29MAY2560100CE.NFO,2025-04-24,09:50:00,2025-05-29,83.75,83.75,80.6,80.6,330,3150,0
BANKNIFTY29MAY2560100CE.NFO,2025-04-24,09:51:00,2025-05-29,80.6,80.6,80.6,80.6,0,3150,0
BANKNIFTY29MAY2560100CE.NFO,2025-04-24,09:52:00,2025-05-29,80.6,80.6,80.6,80.6,0,3150,0
BANKNIFTY29MAY2560100CE.NFO,2025-04-24,09:53:00,2025-05-29,80.6,80.6,80.6,80.6,0,3150,0
BANKNIFTY29MAY2560100CE.NFO,2025-04-24,09:54:00,2025-05-29,80.6,80.6,80.6,80.6,0,3150,0
BANKNIFTY29MAY2560100CE.NFO,2025-04-24,09:55:00,2025-05-29,80.6,80.6,80.6,80.6,0,3150,0
BANKNIFTY29MAY2560100CE.NFO,2025-04-24,09:56:00,2025-05-29,80.6,80.6,80.6,80.6,0,3150,0
BANKNIFTY29MAY2560100CE.NFO,2025-04-24,09:57:00,2025-05-29,80.6,80.6,80.6,80.6,0,3150,0
BANKNIFTY29MAY2560100CE.NFO,2025-04-24,09:58:00,2025-05-29,80.6,80.6,80.6,80.6,0,3150,0
BANKNIFTY29MAY2560100CE.NFO,2025-04-24,09:59:00,2025-05-29,80.6,80.6,80.6,80.6,0,3150,0
BANKNIFTY29MAY2560100CE.NFO,2025-04-24,10:00:00,2025-05-29,80.6,80.6,80.6,80.6,0,3150,0
BANKNIFTY29MAY2560100CE.NFO,2025-04-24,10:01:00,2025-05-29,80.6,80.6,80.6,80.6,0,3150,0
BANKNIFTY29MAY2560100CE.NFO,2025-04-24,10:02:00,2025-05-29,80.6,80.6,80.6,80.6,0,3150,0
BANKNIFTY29MAY2560100CE.NFO,2025-04-24,10:03:00,2025-05-29,87.8,87.8,87.8,87.8,30,3120,0
BANKNIFTY29MAY2560100CE.NFO,2025-04-24,10:04:00,2025-05-29,87.8,87.8,87.8,87.8,0,3120,0
BANKNIFTY29MAY2560100CE.NFO,2025-04-24,10:05:00,2025-05-29,87.8,87.8,85.65,85.65,30,3150,0
BANKNIFTY29MAY2560100CE.NFO,2025-04-24,10:06:00,2025-05-29,85.65,85.65,85.65,85.65,0,3150,0
BANKNIFTY29MAY2560100CE.NFO,2025-04-24,10:07:00,2025-05-29,85.65,85.65,85.65,85.65,0,3150,0
BANKNIFTY29MAY2560100CE.NFO,2025-04-24,10:08:00,2025-05-29,85.65,85.65,85.65,85.65,0,3150,0
BANKNIFTY29MAY2560100CE.NFO,2025-04-24,10:09:00,2025-05-29,85.65,85.65,85.65,85.65,0,3150,0
BANKNIFTY29MAY2560100CE.NFO,2025-04-24,10:10:00,2025-05-29,85.65,85.65,85.65,85.65,0,3150,0
BANKNIFTY29MAY2560100CE.NFO,2025-04-24,10:11:00,2025-05-29,85.65,88.3,85.65,88.3,30,3150,0
BANKNIFTY29MAY2560100CE.NFO,2025-04-24,10:12:00,2025-05-29,88.3,88.3,88.3,88.3,0,3150,0
BANKNIFTY29MAY2560100CE.NFO,2025-04-24,10:13:00,2025-05-29,88.3,88.3,86.1,86.1,0,3180,0
BANKNIFTY29MAY2560100CE.NFO,2025-04-24,10:14:00,2025-05-29,86.1,86.1,86.1,86.1,90,3180,0
BANKNIFTY29MAY2560100CE.NFO,2025-04-24,10:15:00,2025-05-29,86.1,86.1,86.1,86.1,0,3180,0
BANKNIFTY29MAY2560100CE.NFO,2025-04-24,10:16:00,2025-05-29,86.1,86.1,86.1,86.1,0,3180,0
BANKNIFTY29MAY2560100CE.NFO,2025-04-24,10:17:00,2025-05-29,86.1,86.1,86.1,86.1,0,3180,1
BANKNIFTY29MAY2560100CE.NFO,2025-04-24,10:18:00,2025-05-29,89.2,89.2,89.2,89.2,600,3180,0
BANKNIFTY29MAY2560100CE.NFO,2025-04-24,10:19:00,2025-05-29,89.2,89.2,89.2,89.2,0,3180,0
BANKNIFTY29MAY2560100CE.NFO,2025-04-24,10:20:00,2025-05-29,89.2,89.2,89.2,89.2,0,3180,0
BANKNIFTY29MAY2560100CE.NFO,2025-04-24,10:21:00,2025-05-29,89.2,89.2,88.15,88.15,30,3780,0
BANKNIFTY29MAY2560100CE.NFO,2025-04-24,10:22:00,2025-05-29,88.15,88.15,88.15,88.15,0,3780,0
BANKNIFTY29MAY2560100CE.NFO,2025-04-24,10:23:00,2025-05-29,88.15,88.15,88.15,88.15,0,3780,0
BANKNIFTY29MAY2560100CE.NFO,2025-04-24,10:24:00,2025-05-29,88.0,89.65,88.0,89.65,30,3810,0
BANKNIFTY29MAY2560100CE.NFO,2025-04-24,10:25:00,2025-05-29,89.65,89.65,89.65,89.65,300,3810,0
BANKNIFTY29MAY2560100CE.NFO,2025-04-24,10:26:00,2025-05-29,89.65,89.65,89.65,89.65,0,3810,0
BANKNIFTY29MAY2560100CE.NFO,2025-04-24,10:27:00,2025-05-29,89.65,89.65,87.4,87.45,630,4140,0
BANKNIFTY29MAY2560100CE.NFO,2025-04-24,10:28:00,2025-05-29,87.45,87.45,87.45,87.45,0,3840,0
BANKNIFTY29MAY2560100CE.NFO,2025-04-24,10:29:00,2025-05-29,87.45,87.45,87.45,87.45,30,3840,0
BANKNIFTY29MAY2560100CE.NFO,2025-04-24,10:30:00,2025-05-29,87.45,87.45,87.45,87.45,0,3840,0
BANKNIFTY29MAY2560100CE.NFO,2025-04-24,10:31:00,2025-05-29,87.45,87.45,87.45,87.45,0,3840,0
BANKNIFTY29MAY2560100CE.NFO,2025-04-24,10:32:00,2025-05-29,87.45,87.45,87.45,87.45,0,3840,0
BANKNIFTY29MAY2560100CE.NFO,2025-04-24,10:33:00,2025-05-29,86.15,86.15,86.15,86.15,60,3840,0
BANKNIFTY29MAY2560100CE.NFO,2025-04-24,10:34:00,2025-05-29,86.15,86.15,86.15,86.15,0,3840,0
BANKNIFTY29MAY2560100CE.NFO,2025-04-24,10:35:00,2025-05-29,86.15,86.15,86.15,86.15,0,3840,0
BANKNIFTY29MAY2560100CE.NFO,2025-04-24,10:36:00,2025-05-29,86.15,86.15,83.45,83.45,90,3900,0
BANKNIFTY29MAY2560100CE.NFO,2025-04-24,10:37:00,2025-05-29,83.45,83.45,83.45,83.45,0,3900,0
BANKNIFTY29MAY2560100CE.NFO,2025-04-24,10:38:00,2025-05-29,83.45,83.45,83.45,83.45,0,3900,0
BANKNIFTY29MAY2560100CE.NFO,2025-04-24,10:39:00,2025-05-29,83.45,83.45,83.45,83.45,0,3900,1
BANKNIFTY29MAY2560100CE.NFO,2025-04-24,10:40:00,2025-05-29,83.45,83.45,83.45,83.45,0,3900,0
BANKNIFTY29MAY2560100CE.NFO,2025-04-24,10:41:00,2025-05-29,83.45,83.45,83.45,83.45,0,3900,0
BANKNIFTY29MAY2560100CE.NFO,2025-04-24,10:42:00,2025-05-29,83.45,85.5,83.45,85.5,630,3810,0
BANKNIFTY29MAY2560100CE.NFO,2025-04-24,10:43:00,2025-05-29,85.5,85.5,85.5,85.5,0,3810,0
BANKNIFTY29MAY2560100CE.NFO,2025-04-24,10:44:00,2025-05-29,85.5,85.5,85.5,85.5,0,3810,0
BANKNIFTY29MAY2560100CE.NFO,2025-04-24,10:45:00,2025-05-29,83.05,83.05,83.05,83.05,30,4080,0
BANKNIFTY29MAY2560100CE.NFO,2025-04-24,10:46:00,2025-05-29,83.05,83.05,83.05,83.05,0,4080,0
BANKNIFTY29MAY2560100CE.NFO,2025-04-24,10:47:00,2025-05-29,83.05,83.05,83.05,83.05,0,4080,0
BANKNIFTY29MAY2560100CE.NFO,2025-04-24,10:48:00,2025-05-29,83.05,83.05,83.05,83.05,0,4080,0
BANKNIFTY29MAY2560100CE.NFO,2025-04-24,10:49:00,2025-05-29,83.05,83.05,83.05,83.05,0,4080,0
BANKNIFTY29MAY2560100CE.NFO,2025-04-24,10:50:00,2025-05-29,83.05,83.85,83.05,83.85,60,4050,0
BANKNIFTY29MAY2560100CE.NFO,2025-04-24,10:51:00,2025-05-29,83.85,83.85,83.85,83.85,0,4050,0
BANKNIFTY29MAY2560100CE.NFO,2025-04-24,10:52:00,2025-05-29,83.85,83.85,83.85,83.85,0,4050,0
BANKNIFTY29MAY2560100CE.NFO,2025-04-24,10:53:00,2025-05-29,83.85,83.85,83.85,83.85,0,4050,0
BANKNIFTY29MAY2560100CE.NFO,2025-04-24,10:54:00,2025-05-29,83.85,83.85,83.85,83.85,0,4050,0
BANKNIFTY29MAY2560100CE.NFO,2025-04-24,10:55:00,2025-05-29,83.85,83.85,83.85,83.85,0,4050,1
BANKNIFTY29MAY2560100CE.NFO,2025-04-24,10:56:00,2025-05-29,83.85,83.85,83.85,83.85,0,4050,1
BANKNIFTY29MAY2560100CE.NFO,2025-04-24,10:57:00,2025-05-29,83.85,83.85,83.85,83.85,0,4050,0
BANKNIFTY29MAY2560100CE.NFO,2025-04-24,10:58:00,2025-05-29,83.85,83.85,83.85,83.85,0,4050,0
BANKNIFTY29MAY2560100CE.NFO,2025-04-24,10:59:00,2025-05-29,83.85,83.85,83.85,83.85,0,4050,0
BANKNIFTY29MAY2560100CE.NFO,2025-04-24,11:00:00,2025-05-29,83.85,83.85,83.85,83.85,0,4050,0
BANKNIFTY29MAY2560100CE.NFO,2025-04-24,11:01:00,2025-05-29,83.85,83.85,83.85,83.85,0,4050,0
BANKNIFTY29MAY2560100CE.NFO,2025-04-24,11:02:00,2025-05-29,83.85,83.85,83.85,83.85,0,4050,1
BANKNIFTY29MAY2560100CE.NFO,2025-04-24,11:03:00,2025-05-29,83.85,83.85,83.85,83.85,0,4050,1
BANKNIFTY29MAY2560100CE.NFO,2025-04-24,11:04:00,2025-05-29,83.85,83.85,83.85,83.85,0,4050,0
BANKNIFTY29MAY2560100CE.NFO,2025-04-24,11:05:00,2025-05-29,83.85,83.85,83.85,83.85,0,4050,0
BANKNIFTY29MAY2560100CE.NFO,2025-04-24,11:06:00,2025-05-29,83.85,83.85,83.85,83.85,0,4050,0
BANKNIFTY29MAY2560100CE.NFO,2025-04-24,11:07:00,2025-05-29,83.85,83.85,83.85,83.85,0,4050,0
BANKNIFTY29MAY2560100CE.NFO,2025-04-24,11:08:00,2025-05-29,83.85,83.85,83.85,83.85,0,4050,0
BANKNIFTY29MAY2560100CE.NFO,2025-04-24,11:09:00,2025-05-29,83.85,83.85,83.85,83.85,0,4050,0
BANKNIFTY29MAY2560100CE.NFO,2025-04-24,11:10:00,2025-05-29,82.45,82.45,82.45,82.45,600,4080,0
BANKNIFTY29MAY2560100CE.NFO,2025-04-24,11:11:00,2025-05-29,82.45,82.45,82.45,82.45,0,4080,0
BANKNIFTY29MAY2560100CE.NFO,2025-04-24,11:12:00,2025-05-29,82.45,82.45,82.45,82.45,0,4080,0
BANKNIFTY29MAY2560100CE.NFO,2025-04-24,11:13:00,2025-05-29,82.45,82.45,82.45,82.45,0,4080,1
BANKNIFTY29MAY2560100CE.NFO,2025-04-24,11:14:00,2025-05-29,82.45,82.45,82.45,82.45,0,4080,0
BANKNIFTY29MAY2560100CE.NFO,2025-04-24,11:15:00,2025-05-29,82.45,86.25,82.45,86.25,840,3480,0
BANKNIFTY29MAY2560100CE.NFO,2025-04-24,11:16:00,2025-05-29,86.25,86.25,86.25,86.25,0,3480,0
BANKNIFTY29MAY2560100CE.NFO,2025-04-24,11:17:00,2025-05-29,86.25,86.25,86.25,86.25,0,3480,0
BANKNIFTY29MAY2560100CE.NFO,2025-04-24,11:18:00,2025-05-29,86.25,88.4,86.25,88.0,150,4320,0
BANKNIFTY29MAY2560100CE.NFO,2025-04-24,11:19:00,2025-05-29,88.0,88.0,88.0,88.0,0,4320,0
BANKNIFTY29MAY2560100CE.NFO,2025-04-24,11:20:00,2025-05-29,88.0,88.0,88.0,88.0,30,4440,0
BANKNIFTY29MAY2560100CE.NFO,2025-04-24,11:21:00,2025-05-29,88.0,88.0,88.0,88.0,0,4440,0
BANKNIFTY29MAY2560100CE.NFO,2025-04-24,11:22:00,2025-05-29,88.0,88.0,88.0,88.0,0,4440,0
BANKNIFTY29MAY2560100CE.NFO,2025-04-24,11:23:00,2025-05-29,88.0,88.0,88.0,88.0,0,4440,0
BANKNIFTY29MAY2560100CE.NFO,2025-04-24,11:24:00,2025-05-29,88.0,88.0,88.0,88.0,0,4440,1
BANKNIFTY29MAY2560100CE.NFO,2025-04-24,11:25:00,2025-05-29,88.0,88.0,88.0,88.0,0,4440,0
BANKNIFTY29MAY2560100CE.NFO,2025-04-24,11:26:00,2025-05-29,87.8,87.8,86.55,86.55,630,4440,0
BANKNIFTY29MAY2560100CE.NFO,2025-04-24,11:27:00,2025-05-29,86.55,86.55,84.2,84.2,90,4440,0
BANKNIFTY29MAY2560100CE.NFO,2025-04-24,11:28:00,2025-05-29,84.2,84.2,84.2,84.2,0,4440,0
BANKNIFTY29MAY2560100CE.NFO,2025-04-24,11:29:00,2025-05-29,84.2,84.2,84.2,84.2,0,4440,0
BANKNIFTY29MAY2560100CE.NFO,2025-04-24,11:30:00,2025-05-29,84.2,84.2,84.2,84.2,0,4440,0
BANKNIFTY29MAY2560100CE.NFO,2025-04-24,11:31:00,2025-05-29,84.2,84.2,84.2,84.2,0,4440,0
BANKNIFTY29MAY2560100CE.NFO,2025-04-24,11:32:00,2025-05-29,84.2,84.2,84.2,84.2,0,4440,0
BANKNIFTY29MAY2560100CE.NFO,2025-04-24,11:33:00,2025-05-29,84.2,84.2,84.2,84.2,0,4440,0
BANKNIFTY29MAY2560100CE.NFO,2025-04-24,11:34:00,2025-05-29,84.2,84.2,84.2,84.2,0,4440,0
BANKNIFTY29MAY2560100CE.NFO,2025-04-24,11:35:00,2025-05-29,84.2,84.2,84.2,84.2,0,4440,1
BANKNIFTY29MAY2560100CE.NFO,2025-04-24,11:36:00,2025-05-29,84.2,84.2,84.2,84.2,30,5010,0
BANKNIFTY29MAY2560100CE.NFO,2025-04-24,11:37:00,2025-05-29,84.2,84.2,84.2,84.2,0,5010,0
BANKNIFTY29MAY2560100CE.NFO,2025-04-24,11:38:00,2025-05-29,84.2,84.2,84.2,84.2,0,5010,0
BANKNIFTY29MAY2560100CE.NFO,2025-04-24,11:39:00,2025-05-29,84.2,84.2,84.2,84.2,0,5010,0
BANKNIFTY29MAY2560100CE.NFO,2025-04-24,11:40:00,2025-05-29,84.2,84.2,84.2,84.2,0,5010,0
BANKNIFTY29MAY2560100CE.NFO,2025-04-24,11:41:00,2025-05-29,84.2,84.2,84.2,84.2,0,5010,0
BANKNIFTY29MAY2560100CE.NFO,2025-04-24,11:42:00,2025-05-29,84.2,84.2,84.2,84.2,0,5010,0
BANKNIFTY29MAY2560100CE.NFO,2025-04-24,11:43:00,2025-05-29,84.2,84.2,84.2,84.2,0,5010,0
BANKNIFTY29MAY2560100CE.NFO,2025-04-24,11:44:00,2025-05-29,84.2,84.2,84.2,84.2,0,5010,0
BANKNIFTY29MAY2560100CE.NFO,2025-04-24,11:45:00,2025-05-29,84.2,84.2,84.2,84.2,0,5010,0
BANKNIFTY29MAY2560100CE.NFO,2025-04-24,11:46:00,2025-05-29,84.2,84.2,84.2,84.2,0,5010,0
BANKNIFTY29MAY2560100CE.NFO,2025-04-24,11:47:00,2025-05-29,84.2,84.2,84.2,84.2,0,5010,0
BANKNIFTY29MAY2560100CE.NFO,2025-04-24,11:48:00,2025-05-29,84.2,84.2,84.2,84.2,0,5010,0
BANKNIFTY29MAY2560100CE.NFO,2025-04-24,11:49:00,2025-05-29,84.2,86.55,84.2,86.55,30,5010,0
BANKNIFTY29MAY2560100CE.NFO,2025-04-24,11:50:00,2025-05-29,86.55,86.55,86.55,86.55,0,5010,0
BANKNIFTY29MAY2560100CE.NFO,2025-04-24,11:51:00,2025-05-29,86.55,86.55,86.55,86.55,0,5010,0
BANKNIFTY29MAY2560100CE.NFO,2025-04-24,11:52:00,2025-05-29,86.55,86.55,86.55,86.55,0,5010,1
BANKNIFTY29MAY2560100CE.NFO,2025-04-24,11:53:00,2025-05-29,86.55,86.55,86.55,86.55,0,5010,1
BANKNIFTY29MAY2560100CE.NFO,2025-04-24,11:54:00,2025-05-29,86.55,86.55,86.55,86.55,0,5010,1
BANKNIFTY29MAY2560100CE.NFO,2025-04-24,11:55:00,2025-05-29,86.55,86.55,86.55,86.55,0,5010,1
BANKNIFTY29MAY2560100CE.NFO,2025-04-24,11:56:00,2025-05-29,86.55,86.55,86.55,86.55,0,5010,1
BANKNIFTY29MAY2560100CE.NFO,2025-04-24,11:57:00,2025-05-29,86.55,86.55,86.55,86.55,0,5010,0
BANKNIFTY29MAY2560100CE.NFO,2025-04-24,11:58:00,2025-05-29,84.7,84.7,84.7,84.7,30,5010,0
BANKNIFTY29MAY2560100CE.NFO,2025-04-24,11:59:00,2025-05-29,84.7,84.7,84.7,84.7,0,5010,0
BANKNIFTY29MAY2560100CE.NFO,2025-04-24,12:00:00,2025-05-29,84.7,84.7,84.7,84.7,0,5010,0
BANKNIFTY29MAY2560100CE.NFO,2025-04-24,12:01:00,2025-05-29,84.7,84.7,84.7,84.7,0,5010,0
BANKNIFTY29MAY2560100CE.NFO,2025-04-24,12:02:00,2025-05-29,84.7,84.7,84.7,84.7,0,5010,0
BANKNIFTY29MAY2560100CE.NFO,2025-04-24,12:03:00,2025-05-29,84.7,84.7,84.7,84.7,0,5010,0
BANKNIFTY29MAY2560100CE.NFO,2025-04-24,12:04:00,2025-05-29,84.7,84.7,84.7,84.7,0,5010,0
BANKNIFTY29MAY2560100CE.NFO,2025-04-24,12:05:00,2025-05-29,84.7,84.7,84.2,84.2,60,5010,0
BANKNIFTY29MAY2560100CE.NFO,2025-04-24,12:06:00,2025-05-29,84.2,84.45,84.2,84.45,150,5010,0
BANKNIFTY29MAY2560100CE.NFO,2025-04-24,12:07:00,2025-05-29,84.45,84.45,84.45,84.45,0,5010,0
BANKNIFTY29MAY2560100CE.NFO,2025-04-24,12:08:00,2025-05-29,84.45,84.45,84.45,84.45,0,5010,0
BANKNIFTY29MAY2560100CE.NFO,2025-04-24,12:09:00,2025-05-29,84.45,84.45,84.45,84.45,0,5010,0
BANKNIFTY29MAY2560100CE.NFO,2025-04-24,12:10:00,2025-05-29,84.45,84.45,84.45,84.45,0,5010,0
BANKNIFTY29MAY2560100CE.NFO,2025-04-24,12:11:00,2025-05-29,84.45,84.45,84.45,84.45,0,5010,1
BANKNIFTY29MAY2560100CE.NFO,2025-04-24,12:12:00,2025-05-29,84.15,84.2,84.15,84.2,420,4860,0
BANKNIFTY29MAY2560100CE.NFO,2025-04-24,12:13:00,2025-05-29,84.2,84.2,84.2,84.2,0,4860,0
BANKNIFTY29MAY2560100CE.NFO,2025-04-24,12:14:00,2025-05-29,84.2,84.2,84.2,84.2,0,4860,0
BANKNIFTY29MAY2560100CE.NFO,2025-04-24,12:15:00,2025-05-29,84.2,84.2,84.2,84.2,0,4860,0
BANKNIFTY29MAY2560100CE.NFO,2025-04-24,12:16:00,2025-05-29,84.2,84.2,84.2,84.2,0,4860,0
BANKNIFTY29MAY2560100CE.NFO,2025-04-24,12:17:00,2025-05-29,84.2,84.2,84.2,84.2,0,4860,0
BANKNIFTY29MAY2560100CE.NFO,2025-04-24,12:18:00,2025-05-29,84.9,84.9,84.9,84.9,30,4710,0
BANKNIFTY29MAY2560100CE.NFO,2025-04-24,12:19:00,2025-05-29,84.9,84.9,84.9,84.9,0,4710,0
BANKNIFTY29MAY2560100CE.NFO,2025-04-24,12:20:00,2025-05-29,84.9,84.9,84.9,84.9,0,4710,0
BANKNIFTY29MAY2560100CE.NFO,2025-04-24,12:21:00,2025-05-29,84.9,84.9,84.25,84.25,30,4740,0
BANKNIFTY29MAY2560100CE.NFO,2025-04-24,12:22:00,2025-05-29,84.25,84.25,84.25,84.25,0,4740,0
BANKNIFTY29MAY2560100CE.NFO,2025-04-24,12:23:00,2025-05-29,84.25,84.25,84.25,84.25,0,4740,0
BANKNIFTY29MAY2560100CE.NFO,2025-04-24,12:24:00,2025-05-29,84.25,84.25,84.25,84.25,0,4740,0
BANKNIFTY29MAY2560100CE.NFO,2025-04-24,12:25:00,2025-05-29,84.25,84.25,84.25,84.25,0,4740,0
BANKNIFTY29MAY2560100CE.NFO,2025-04-24,12:26:00,2025-05-29,84.25,84.25,84.25,84.25,0,4740,0
BANKNIFTY29MAY2560100CE.NFO,2025-04-24,12:27:00,2025-05-29,84.25,84.25,84.25,84.25,0,4740,0
BANKNIFTY29MAY2560100CE.NFO,2025-04-24,12:28:00,2025-05-29,84.25,84.25,84.25,84.25,0,4740,0
BANKNIFTY29MAY2560100CE.NFO,2025-04-24,12:29:00,2025-05-29,84.25,84.25,84.25,84.25,30,4710,0
BANKNIFTY29MAY2560100CE.NFO,2025-04-24,12:30:00,2025-05-29,84.25,84.25,84.25,84.25,0,4710,0
BANKNIFTY29MAY2560100CE.NFO,2025-04-24,12:31:00,2025-05-29,84.25,84.25,84.25,84.25,0,4710,0
BANKNIFTY29MAY2560100CE.NFO,2025-04-24,12:32:00,2025-05-29,84.25,84.25,84.25,84.25,0,4710,0
BANKNIFTY29MAY2560100CE.NFO,2025-04-24,12:33:00,2025-05-29,84.25,84.25,84.25,84.25,0,4710,0
BANKNIFTY29MAY2560100CE.NFO,2025-04-24,12:34:00,2025-05-29,84.25,84.25,84.25,84.25,0,4710,0
BANKNIFTY29MAY2560100CE.NFO,2025-04-24,12:35:00,2025-05-29,84.25,84.25,84.25,84.25,0,4710,0
BANKNIFTY29MAY2560100CE.NFO,2025-04-24,12:36:00,2025-05-29,84.25,84.25,84.25,84.25,0,4710,0
BANKNIFTY29MAY2560100CE.NFO,2025-04-24,12:37:00,2025-05-29,84.25,84.25,84.25,84.25,0,4710,0
BANKNIFTY29MAY2560100CE.NFO,2025-04-24,12:38:00,2025-05-29,84.25,84.25,84.25,84.25,0,4710,0
BANKNIFTY29MAY2560100CE.NFO,2025-04-24,12:39:00,2025-05-29,84.25,84.25,84.25,84.25,0,4710,0
BANKNIFTY29MAY2560100CE.NFO,2025-04-24,12:40:00,2025-05-29,84.25,84.25,84.25,84.25,0,4710,0
BANKNIFTY29MAY2560100CE.NFO,2025-04-24,12:41:00,2025-05-29,84.25,84.25,84.25,84.25,0,4710,0
BANKNIFTY29MAY2560100CE.NFO,2025-04-24,12:42:00,2025-05-29,84.25,84.25,84.25,84.25,0,4710,0
BANKNIFTY29MAY2560100CE.NFO,2025-04-24,12:43:00,2025-05-29,84.25,84.25,82.0,82.0,90,4710,0
BANKNIFTY29MAY2560100CE.NFO,2025-04-24,12:44:00,2025-05-29,82.0,82.0,82.0,82.0,0,4710,0
BANKNIFTY29MAY2560100CE.NFO,2025-04-24,12:45:00,2025-05-29,82.0,82.0,82.0,82.0,0,4710,0
BANKNIFTY29MAY2560100CE.NFO,2025-04-24,12:46:00,2025-05-29,82.0,82.0,82.0,82.0,0,4710,0
BANKNIFTY29MAY2560100CE.NFO,2025-04-24,12:47:00,2025-05-29,82.0,82.0,82.0,82.0,0,4710,0
BANKNIFTY29MAY2560100CE.NFO,2025-04-24,12:48:00,2025-05-29,82.0,82.0,82.0,82.0,0,4710,0
BANKNIFTY29MAY2560100CE.NFO,2025-04-24,12:49:00,2025-05-29,82.0,82.0,82.0,82.0,0,4710,0
BANKNIFTY29MAY2560100CE.NFO,2025-04-24,12:50:00,2025-05-29,82.0,82.0,82.0,82.0,0,4710,0
BANKNIFTY29MAY2560100CE.NFO,2025-04-24,12:51:00,2025-05-29,82.0,82.0,82.0,82.0,0,4710,0
BANKNIFTY29MAY2560100CE.NFO,2025-04-24,12:52:00,2025-05-29,82.0,82.0,82.0,82.0,0,4710,0
BANKNIFTY29MAY2560100CE.NFO,2025-04-24,12:53:00,2025-05-29,82.0,82.0,82.0,82.0,0,4710,0
BANKNIFTY29MAY2560100CE.NFO,2025-04-24,12:54:00,2025-05-29,82.0,82.0,82.0,82.0,0,4710,0
BANKNIFTY29MAY2560100CE.NFO,2025-04-24,12:55:00,2025-05-29,82.0,82.0,82.0,82.0,0,4710,0
BANKNIFTY29MAY2560100CE.NFO,2025-04-24,12:56:00,2025-05-29,82.0,82.0,82.0,82.0,0,4710,0
BANKNIFTY29MAY2560100CE.NFO,2025-04-24,12:57:00,2025-05-29,82.0,82.0,82.0,82.0,0,4710,0
BANKNIFTY29MAY2560100CE.NFO,2025-04-24,12:58:00,2025-05-29,82.0,82.0,82.0,82.0,0,4710,0
BANKNIFTY29MAY2560100CE.NFO,2025-04-24,12:59:00,2025-05-29,82.0,82.0,82.0,82.0,0,4710,0
BANKNIFTY29MAY2560100CE.NFO,2025-04-24,13:00:00,2025-05-29,82.0,82.0,82.0,82.0,0,4710,0
BANKNIFTY29MAY2560100CE.NFO,2025-04-24,13:01:00,2025-05-29,82.0,82.0,82.0,82.0,0,4710,0
BANKNIFTY29MAY2560100CE.NFO,2025-04-24,13:02:00,2025-05-29,82.0,82.0,82.0,82.0,0,4710,0
BANKNIFTY29MAY2560100CE.NFO,2025-04-24,13:03:00,2025-05-29,82.0,82.0,82.0,82.0,0,4710,0
BANKNIFTY29MAY2560100CE.NFO,2025-04-24,13:04:00,2025-05-29,82.0,82.0,75.1,75.1,30,4710,0
BANKNIFTY29MAY2560100CE.NFO,2025-04-24,13:05:00,2025-05-29,75.1,75.1,75.1,75.1,0,4710,0
BANKNIFTY29MAY2560100CE.NFO,2025-04-24,13:06:00,2025-05-29,75.1,75.1,75.1,75.1,0,4710,0
BANKNIFTY29MAY2560100CE.NFO,2025-04-24,13:07:00,2025-05-29,75.1,75.1,75.1,75.1,0,4710,0
BANKNIFTY29MAY2560100CE.NFO,2025-04-24,13:08:00,2025-05-29,75.1,75.1,75.1,75.1,0,4710,0
BANKNIFTY29MAY2560100CE.NFO,2025-04-24,13:09:00,2025-05-29,75.1,75.1,75.1,75.1,0,4710,0
BANKNIFTY29MAY2560100CE.NFO,2025-04-24,13:10:00,2025-05-29,75.1,75.1,75.1,75.1,0,4710,0
BANKNIFTY29MAY2560100CE.NFO,2025-04-24,13:11:00,2025-05-29,75.1,75.1,75.1,75.1,0,4710,0
BANKNIFTY29MAY2560100CE.NFO,2025-04-24,13:12:00,2025-05-29,75.1,75.1,75.1,75.1,0,4710,0
BANKNIFTY29MAY2560100CE.NFO,2025-04-24,13:13:00,2025-05-29,75.1,75.1,75.1,75.1,0,4710,0
BANKNIFTY29MAY2560100CE.NFO,2025-04-24,13:14:00,2025-05-29,75.1,79.9,75.1,79.9,30,4680,0
BANKNIFTY29MAY2560100CE.NFO,2025-04-24,13:15:00,2025-05-29,79.9,79.9,79.9,79.9,0,4680,0
BANKNIFTY29MAY2560100CE.NFO,2025-04-24,13:16:00,2025-05-29,79.9,79.9,79.9,79.9,0,4680,0
BANKNIFTY29MAY2560100CE.NFO,2025-04-24,13:17:00,2025-05-29,79.9,79.9,79.9,79.9,0,4680,0
BANKNIFTY29MAY2560100CE.NFO,2025-04-24,13:18:00,2025-05-29,79.9,79.9,79.9,79.9,0,4680,0
BANKNIFTY29MAY2560100CE.NFO,2025-04-24,13:19:00,2025-05-29,79.9,79.9,74.0,74.0,150,4710,0
BANKNIFTY29MAY2560100CE.NFO,2025-04-24,13:20:00,2025-05-29,74.0,74.0,74.0,74.0,60,4710,0
BANKNIFTY29MAY2560100CE.NFO,2025-04-24,13:21:00,2025-05-29,74.0,74.0,74.0,74.0,0,4710,0
BANKNIFTY29MAY2560100CE.NFO,2025-04-24,13:22:00,2025-05-29,74.0,74.0,74.0,74.0,0,4710,0
BANKNIFTY29MAY2560100CE.NFO,2025-04-24,13:23:00,2025-05-29,74.0,74.0,74.0,74.0,0,4710,0
BANKNIFTY29MAY2560100CE.NFO,2025-04-24,13:24:00,2025-05-29,72.95,72.95,72.95,72.95,30,4710,0
BANKNIFTY29MAY2560100CE.NFO,2025-04-24,13:25:00,2025-05-29,72.95,72.95,72.95,72.95,0,4710,0
BANKNIFTY29MAY2560100CE.NFO,2025-04-24,13:26:00,2025-05-29,72.95,72.95,72.95,72.95,0,4710,0
BANKNIFTY29MAY2560100CE.NFO,2025-04-24,13:27:00,2025-05-29,72.95,75.05,72.95,75.05,0,4680,0
BANKNIFTY29MAY2560100CE.NFO,2025-04-24,13:28:00,2025-05-29,75.05,75.05,75.05,75.05,30,4680,0
BANKNIFTY29MAY2560100CE.NFO,2025-04-24,13:29:00,2025-05-29,75.05,75.05,75.05,75.05,0,4680,0
BANKNIFTY29MAY2560100CE.NFO,2025-04-24,13:30:00,2025-05-29,75.05,75.05,75.05,75.05,0,4680,0
BANKNIFTY29MAY2560100CE.NFO,2025-04-24,13:31:00,2025-05-29,75.05,75.05,75.05,75.05,0,4680,0
BANKNIFTY29MAY2560100CE.NFO,2025-04-24,13:32:00,2025-05-29,75.05,75.05,74.95,74.95,30,4680,0
BANKNIFTY29MAY2560100CE.NFO,2025-04-24,13:33:00,2025-05-29,74.95,74.95,74.95,74.95,0,4680,0
BANKNIFTY29MAY2560100CE.NFO,2025-04-24,13:34:00,2025-05-29,74.95,74.95,74.95,74.95,0,4680,0
BANKNIFTY29MAY2560100CE.NFO,2025-04-24,13:35:00,2025-05-29,74.95,74.95,74.95,74.95,30,4710,0
BANKNIFTY29MAY2560100CE.NFO,2025-04-24,13:36:00,2025-05-29,74.95,74.95,73.25,73.25,30,4710,0
BANKNIFTY29MAY2560100CE.NFO,2025-04-24,13:37:00,2025-05-29,73.25,73.25,73.25,73.25,0,4710,0
BANKNIFTY29MAY2560100CE.NFO,2025-04-24,13:38:00,2025-05-29,73.25,74.7,73.25,74.7,30,4710,0
BANKNIFTY29MAY2560100CE.NFO,2025-04-24,13:39:00,2025-05-29,74.7,74.7,74.7,74.7,0,4710,0
BANKNIFTY29MAY2560100CE.NFO,2025-04-24,13:40:00,2025-05-29,74.7,74.7,74.7,74.7,0,4710,0
BANKNIFTY29MAY2560100CE.NFO,2025-04-24,13:41:00,2025-05-29,74.7,74.7,74.7,74.7,0,4710,0
BANKNIFTY29MAY2560100CE.NFO,2025-04-24,13:42:00,2025-05-29,74.7,74.7,74.7,74.7,0,4710,0
BANKNIFTY29MAY2560100CE.NFO,2025-04-24,13:43:00,2025-05-29,74.7,74.7,74.7,74.7,0,4710,0
BANKNIFTY29MAY2560100CE.NFO,2025-04-24,13:44:00,2025-05-29,74.7,74.7,74.7,74.7,0,4710,0
BANKNIFTY29MAY2560100CE.NFO,2025-04-24,13:45:00,2025-05-29,74.7,74.7,74.7,74.7,0,4710,0
BANKNIFTY29MAY2560100CE.NFO,2025-04-24,13:46:00,2025-05-29,74.7,74.7,74.7,74.7,0,4710,0
BANKNIFTY29MAY2560100CE.NFO,2025-04-24,13:47:00,2025-05-29,74.7,74.7,74.7,74.7,0,4710,0
BANKNIFTY29MAY2560100CE.NFO,2025-04-24,13:48:00,2025-05-29,74.7,74.7,74.7,74.7,0,4710,0
BANKNIFTY29MAY2560100CE.NFO,2025-04-24,13:49:00,2025-05-29,74.7,74.7,74.7,74.7,0,4710,0
BANKNIFTY29MAY2560100CE.NFO,2025-04-24,13:50:00,2025-05-29,74.7,74.7,74.7,74.7,0,4710,0
BANKNIFTY29MAY2560100CE.NFO,2025-04-24,13:51:00,2025-05-29,74.7,74.7,74.7,74.7,0,4710,0
BANKNIFTY29MAY2560100CE.NFO,2025-04-24,13:52:00,2025-05-29,74.7,74.7,74.7,74.7,0,4710,0
BANKNIFTY29MAY2560100CE.NFO,2025-04-24,13:53:00,2025-05-29,74.7,74.7,74.7,74.7,0,4710,0
BANKNIFTY29MAY2560100CE.NFO,2025-04-24,13:54:00,2025-05-29,74.7,74.7,74.7,74.7,0,4710,0
BANKNIFTY29MAY2560100CE.NFO,2025-04-24,13:55:00,2025-05-29,74.7,74.7,74.7,74.7,0,4710,0
BANKNIFTY29MAY2560100CE.NFO,2025-04-24,13:56:00,2025-05-29,74.7,74.7,74.7,74.7,0,4710,0
BANKNIFTY29MAY2560100CE.NFO,2025-04-24,13:57:00,2025-05-29,74.7,74.7,74.7,74.7,0,4710,0
BANKNIFTY29MAY2560100CE.NFO,2025-04-24,13:58:00,2025-05-29,74.7,74.7,74.7,74.7,0,4710,0
BANKNIFTY29MAY2560100CE.NFO,2025-04-24,13:59:00,2025-05-29,74.7,74.7,74.7,74.7,0,4710,0
BANKNIFTY29MAY2560100CE.NFO,2025-04-24,14:00:00,2025-05-29,74.7,74.7,74.7,74.7,0,4710,0
BANKNIFTY29MAY2560100CE.NFO,2025-04-24,14:01:00,2025-05-29,74.7,74.7,74.7,74.7,0,4710,0
BANKNIFTY29MAY2560100CE.NFO,2025-04-24,14:02:00,2025-05-29,74.7,74.7,74.7,74.7,0,4710,0
BANKNIFTY29MAY2560100CE.NFO,2025-04-24,14:03:00,2025-05-29,74.7,74.7,74.7,74.7,0,4710,0
BANKNIFTY29MAY2560100CE.NFO,2025-04-24,14:04:00,2025-05-29,74.7,74.7,74.7,74.7,0,4710,0
BANKNIFTY29MAY2560100CE.NFO,2025-04-24,14:05:00,2025-05-29,74.7,74.7,74.7,74.7,0,4710,0
BANKNIFTY29MAY2560100CE.NFO,2025-04-24,14:06:00,2025-05-29,74.7,74.7,74.7,74.7,0,4710,0
BANKNIFTY29MAY2560100CE.NFO,2025-04-24,14:07:00,2025-05-29,74.7,74.7,74.7,74.7,0,4710,0
BANKNIFTY29MAY2560100CE.NFO,2025-04-24,14:08:00,2025-05-29,74.7,74.7,74.7,74.7,0,4710,1
BANKNIFTY29MAY2560100CE.NFO,2025-04-24,14:09:00,2025-05-29,74.7,74.7,74.7,74.7,0,4710,0
BANKNIFTY29MAY2560100CE.NFO,2025-04-24,14:10:00,2025-05-29,74.7,74.7,74.7,74.7,0,4710,0
BANKNIFTY29MAY2560100CE.NFO,2025-04-24,14:11:00,2025-05-29,74.7,74.7,74.7,74.7,0,4710,0
BANKNIFTY29MAY2560100CE.NFO,2025-04-24,14:12:00,2025-05-29,74.7,74.7,74.7,74.7,0,4710,0
BANKNIFTY29MAY2560100CE.NFO,2025-04-24,14:13:00,2025-05-29,70.9,70.9,70.9,70.9,270,4740,0
BANKNIFTY29MAY2560100CE.NFO,2025-04-24,14:14:00,2025-05-29,70.9,70.9,70.9,70.9,0,4740,0
BANKNIFTY29MAY2560100CE.NFO,2025-04-24,14:15:00,2025-05-29,70.9,70.9,70.9,70.9,0,4740,0
BANKNIFTY29MAY2560100CE.NFO,2025-04-24,14:16:00,2025-05-29,70.9,70.9,70.9,70.9,0,4740,0
BANKNIFTY29MAY2560100CE.NFO,2025-04-24,14:17:00,2025-05-29,70.9,70.9,70.9,70.9,0,4740,0
BANKNIFTY29MAY2560100CE.NFO,2025-04-24,14:18:00,2025-05-29,70.9,70.9,70.9,70.9,0,4740,0
BANKNIFTY29MAY2560100CE.NFO,2025-04-24,14:19:00,2025-05-29,70.9,70.9,70.9,70.9,0,4740,0
BANKNIFTY29MAY2560100CE.NFO,2025-04-24,14:20:00,2025-05-29,70.9,70.9,70.9,70.9,0,4740,0
BANKNIFTY29MAY2560100CE.NFO,2025-04-24,14:21:00,2025-05-29,70.9,70.9,70.9,70.9,900,4740,0
BANKNIFTY29MAY2560100CE.NFO,2025-04-24,14:22:00,2025-05-29,70.9,70.9,70.9,70.9,0,4740,0
BANKNIFTY29MAY2560100CE.NFO,2025-04-24,14:23:00,2025-05-29,70.9,70.9,70.9,70.9,0,4740,0
BANKNIFTY29MAY2560100CE.NFO,2025-04-24,14:24:00,2025-05-29,70.9,70.9,70.9,70.9,0,4740,0
BANKNIFTY29MAY2560100CE.NFO,2025-04-24,14:25:00,2025-05-29,72.7,72.7,72.7,72.7,30,5460,0
BANKNIFTY29MAY2560100CE.NFO,2025-04-24,14:26:00,2025-05-29,72.7,72.7,72.45,72.45,30,5490,0
BANKNIFTY29MAY2560100CE.NFO,2025-04-24,14:27:00,2025-05-29,72.45,72.45,72.45,72.45,0,5490,0
BANKNIFTY29MAY2560100CE.NFO,2025-04-24,14:28:00,2025-05-29,72.45,72.45,72.45,72.45,0,5490,0
BANKNIFTY29MAY2560100CE.NFO,2025-04-24,14:29:00,2025-05-29,72.45,72.45,72.45,72.45,0,5490,0
BANKNIFTY29MAY2560100CE.NFO,2025-04-24,14:30:00,2025-05-29,72.45,72.45,72.45,72.45,0,5490,0
BANKNIFTY29MAY2560100CE.NFO,2025-04-24,14:31:00,2025-05-29,72.8,72.8,70.9,70.9,60,5490,0
BANKNIFTY29MAY2560100CE.NFO,2025-04-24,14:32:00,2025-05-29,70.9,70.9,70.9,70.9,0,5490,0
BANKNIFTY29MAY2560100CE.NFO,2025-04-24,14:33:00,2025-05-29,70.9,70.9,70.9,70.9,0,5490,0
BANKNIFTY29MAY2560100CE.NFO,2025-04-24,14:34:00,2025-05-29,70.9,70.9,70.9,70.9,0,5490,0
BANKNIFTY29MAY2560100CE.NFO,2025-04-24,14:35:00,2025-05-29,70.9,70.9,70.9,70.9,0,5490,0
BANKNIFTY29MAY2560100CE.NFO,2025-04-24,14:36:00,2025-05-29,70.9,70.9,70.9,70.9,0,5490,0
BANKNIFTY29MAY2560100CE.NFO,2025-04-24,14:37:00,2025-05-29,70.9,75.0,70.9,75.0,30,5520,0
BANKNIFTY29MAY2560100CE.NFO,2025-04-24,14:38:00,2025-05-29,75.0,75.0,68.25,68.25,300,5550,0
BANKNIFTY29MAY2560100CE.NFO,2025-04-24,14:39:00,2025-05-29,68.25,68.25,68.25,68.25,0,5550,0
BANKNIFTY29MAY2560100CE.NFO,2025-04-24,14:40:00,2025-05-29,68.25,68.25,68.25,68.25,0,5550,0
BANKNIFTY29MAY2560100CE.NFO,2025-04-24,14:41:00,2025-05-29,68.25,68.25,68.25,68.25,0,5550,0
BANKNIFTY29MAY2560100CE.NFO,2025-04-24,14:42:00,2025-05-29,68.25,68.25,68.25,68.25,0,5550,0
BANKNIFTY29MAY2560100CE.NFO,2025-04-24,14:43:00,2025-05-29,68.25,68.25,68.25,68.25,0,5550,0
BANKNIFTY29MAY2560100CE.NFO,2025-04-24,14:44:00,2025-05-29,68.25,68.25,63.4,63.4,30,5850,0
BANKNIFTY29MAY2560100CE.NFO,2025-04-24,14:45:00,2025-05-29,63.4,63.4,63.4,63.4,0,5850,0
BANKNIFTY29MAY2560100CE.NFO,2025-04-24,14:46:00,2025-05-29,63.4,63.4,63.4,63.4,0,5850,0
BANKNIFTY29MAY2560100CE.NFO,2025-04-24,14:47:00,2025-05-29,63.4,63.4,63.4,63.4,0,5850,0
BANKNIFTY29MAY2560100CE.NFO,2025-04-24,14:48:00,2025-05-29,63.4,63.4,63.4,63.4,0,5850,0
BANKNIFTY29MAY2560100CE.NFO,2025-04-24,14:49:00,2025-05-29,63.4,63.4,63.4,63.4,0,5850,0
BANKNIFTY29MAY2560100CE.NFO,2025-04-24,14:50:00,2025-05-29,63.4,63.4,63.4,63.4,0,5850,0
BANKNIFTY29MAY2560100CE.NFO,2025-04-24,14:51:00,2025-05-29,63.4,63.4,60.35,60.35,600,5850,0
BANKNIFTY29MAY2560100CE.NFO,2025-04-24,14:52:00,2025-05-29,60.35,62.4,60.35,62.4,30,5850,0
BANKNIFTY29MAY2560100CE.NFO,2025-04-24,14:53:00,2025-05-29,62.4,64.8,62.4,64.2,540,5280,0
BANKNIFTY29MAY2560100CE.NFO,2025-04-24,14:54:00,2025-05-29,64.2,64.2,64.2,64.2,150,5280,0
BANKNIFTY29MAY2560100CE.NFO,2025-04-24,14:55:00,2025-05-29,64.2,64.2,64.2,64.2,0,5280,0
BANKNIFTY29MAY2560100CE.NFO,2025-04-24,14:56:00,2025-05-29,64.2,64.2,64.2,64.2,0,5280,0
BANKNIFTY29MAY2560100CE.NFO,2025-04-24,14:57:00,2025-05-29,64.2,64.2,64.2,64.2,0,5280,0
BANKNIFTY29MAY2560100CE.NFO,2025-04-24,14:58:00,2025-05-29,64.2,64.2,64.2,64.2,0,5280,0
BANKNIFTY29MAY2560100CE.NFO,2025-04-24,14:59:00,2025-05-29,64.2,64.2,64.2,64.2,0,5280,0
BANKNIFTY29MAY2560100CE.NFO,2025-04-24,15:00:00,2025-05-29,64.2,64.2,64.2,64.2,0,5280,0
BANKNIFTY29MAY2560100CE.NFO,2025-04-24,15:01:00,2025-05-29,64.2,64.2,64.2,64.2,0,5280,0
BANKNIFTY29MAY2560100CE.NFO,2025-04-24,15:02:00,2025-05-29,64.2,64.2,64.2,64.2,0,5280,0
BANKNIFTY29MAY2560100CE.NFO,2025-04-24,15:03:00,2025-05-29,64.2,64.2,64.2,64.2,0,5280,0
BANKNIFTY29MAY2560100CE.NFO,2025-04-24,15:04:00,2025-05-29,64.2,64.2,59.7,59.7,60,5370,0
BANKNIFTY29MAY2560100CE.NFO,2025-04-24,15:05:00,2025-05-29,59.7,59.7,59.6,59.6,480,5370,0
BANKNIFTY29MAY2560100CE.NFO,2025-04-24,15:06:00,2025-05-29,59.6,59.6,57.05,57.05,0,5370,0
BANKNIFTY29MAY2560100CE.NFO,2025-04-24,15:07:00,2025-05-29,57.05,57.05,57.05,57.05,30,5370,0
BANKNIFTY29MAY2560100CE.NFO,2025-04-24,15:08:00,2025-05-29,57.05,57.05,57.05,57.05,0,5370,0
BANKNIFTY29MAY2560100CE.NFO,2025-04-24,15:09:00,2025-05-29,57.05,57.05,57.05,57.05,0,5370,0
BANKNIFTY29MAY2560100CE.NFO,2025-04-24,15:10:00,2025-05-29,57.05,58.0,57.05,58.0,60,4860,0
BANKNIFTY29MAY2560100CE.NFO,2025-04-24,15:11:00,2025-05-29,58.0,58.0,58.0,58.0,270,4860,0
BANKNIFTY29MAY2560100CE.NFO,2025-04-24,15:12:00,2025-05-29,58.0,58.0,58.0,58.0,0,4860,0
BANKNIFTY29MAY2560100CE.NFO,2025-04-24,15:13:00,2025-05-29,59.5,59.5,59.5,59.5,30,4860,0
BANKNIFTY29MAY2560100CE.NFO,2025-04-24,15:14:00,2025-05-29,64.05,64.05,64.05,64.05,30,5190,0
BANKNIFTY29MAY2560100CE.NFO,2025-04-24,15:15:00,2025-05-29,64.05,64.05,64.05,64.05,0,5190,0
BANKNIFTY29MAY2560100CE.NFO,2025-04-24,15:16:00,2025-05-29,64.05,64.05,64.05,64.05,0,5190,0
BANKNIFTY29MAY2560100CE.NFO,2025-04-24,15:17:00,2025-05-29,64.05,64.05,61.15,61.2,360,5160,0
BANKNIFTY29MAY2560100CE.NFO,2025-04-24,15:18:00,2025-05-29,61.2,62.35,61.2,62.35,330,5160,0
BANKNIFTY29MAY2560100CE.NFO,2025-04-24,15:19:00,2025-05-29,62.35,62.35,62.1,62.1,180,5160,0
BANKNIFTY29MAY2560100CE.NFO,2025-04-24,15:20:00,2025-05-29,62.1,62.1,62.1,62.1,0,5160,0
BANKNIFTY29MAY2560100CE.NFO,2025-04-24,15:21:00,2025-05-29,62.1,62.1,62.1,62.1,0,5160,0
BANKNIFTY29MAY2560100CE.NFO,2025-04-24,15:22:00,2025-05-29,62.1,62.1,62.1,62.1,0,5160,0
BANKNIFTY29MAY2560100CE.NFO,2025-04-24,15:23:00,2025-05-29,62.1,62.1,62.1,62.1,0,5160,0
BANKNIFTY29MAY2560100CE.NFO,2025-04-24,15:24:00,2025-05-29,62.1,62.1,62.1,62.1,0,5160,0
BANKNIFTY29MAY2560100CE.NFO,2025-04-24,15:25:00,2025-05-29,62.1,62.1,62.1,62.1,0,5160,0
BANKNIFTY29MAY2560100CE.NFO,2025-04-24,15:26:00,2025-05-29,62.1,62.1,62.1,62.1,0,5160,0
BANKNIFTY29MAY2560100CE.NFO,2025-04-24,15:27:00,2025-05-29,62.1,62.1,62.1,62.1,60,6030,0
BANKNIFTY29MAY2560100CE.NFO,2025-04-24,15:28:00,2025-05-29,63.6,63.6,54.55,54.55,570,6030,0
BANKNIFTY29MAY2560100CE.NFO,2025-04-24,15:29:00,2025-05-29,54.55,62.3,54.55,62.0,60,6330,0
BANKNIFTY29MAY2560100CE.NFO,2025-04-24,15:30:00,2025-05-29,62.0,62.0,62.0,62.0,60,6330,1
BANKNIFTY29MAY2560100CE.NFO,2025-04-25,09:15:00,2025-05-29,63.1,63.1,63.1,63.1,0,0,0
BANKNIFTY29MAY2560100CE.NFO,2025-04-25,09:16:00,2025-05-29,63.1,63.1,63.1,63.1,0,0,1
BANKNIFTY29MAY2560100CE.NFO,2025-04-25,09:17:00,2025-05-29,63.1,63.1,63.1,63.1,0,6390,0
BANKNIFTY29MAY2560100CE.NFO,2025-04-25,09:18:00,2025-05-29,63.1,75.75,63.1,75.75,240,6420,0
BANKNIFTY29MAY2560100CE.NFO,2025-04-25,09:19:00,2025-05-29,75.75,75.75,66.4,68.35,3300,6420,0
BANKNIFTY29MAY2560100CE.NFO,2025-04-25,09:20:00,2025-05-29,70.0,70.0,66.3,66.4,180,6420,0
BANKNIFTY29MAY2560100CE.NFO,2025-04-25,09:21:00,2025-05-29,66.4,69.1,61.4,61.4,1230,9180,0
BANKNIFTY29MAY2560100CE.NFO,2025-04-25,09:22:00,2025-05-29,61.4,62.25,57.75,60.8,1200,9180,0
BANKNIFTY29MAY2560100CE.NFO,2025-04-25,09:23:00,2025-05-29,60.8,60.8,58.0,58.0,450,9180,0
BANKNIFTY29MAY2560100CE.NFO,2025-04-25,09:24:00,2025-05-29,58.0,58.45,56.1,57.25,390,9990,0
BANKNIFTY29MAY2560100CE.NFO,2025-04-25,09:25:00,2025-05-29,57.25,57.25,54.65,54.65,420,9990,0
BANKNIFTY29MAY2560100CE.NFO,2025-04-25,09:26:00,2025-05-29,54.65,58.0,54.45,57.5,330,9990,0
BANKNIFTY29MAY2560100CE.NFO,2025-04-25,09:27:00,2025-05-29,56.0,61.75,56.0,61.7,540,10350,0
BANKNIFTY29MAY2560100CE.NFO,2025-04-25,09:28:00,2025-05-29,61.7,62.5,57.05,62.25,1020,10350,0
BANKNIFTY29MAY2560100CE.NFO,2025-04-25,09:29:00,2025-05-29,62.25,63.55,59.4,62.5,870,10350,0
BANKNIFTY29MAY2560100CE.NFO,2025-04-25,09:30:00,2025-05-29,62.5,62.5,57.05,60.0,1200,10980,0
BANKNIFTY29MAY2560100CE.NFO,2025-04-25,09:31:00,2025-05-29,60.0,60.0,59.95,60.0,300,10980,0
BANKNIFTY29MAY2560100CE.NFO,2025-04-25,09:32:00,2025-05-29,60.0,61.3,59.85,61.3,120,10980,0
BANKNIFTY29MAY2560100CE.NFO,2025-04-25,09:33:00,2025-05-29,60.2,61.05,57.6,57.6,600,12030,0
BANKNIFTY29MAY2560100CE.NFO,2025-04-25,09:34:00,2025-05-29,57.6,59.4,57.5,57.9,90,12030,0
BANKNIFTY29MAY2560100CE.NFO,2025-04-25,09:35:00,2025-05-29,57.9,58.4,55.9,56.2,330,12030,0
BANKNIFTY29MAY2560100CE.NFO,2025-04-25,09:36:00,2025-05-29,56.2,58.05,56.2,58.05,30,12210,0
BANKNIFTY29MAY2560100CE.NFO,2025-04-25,09:37:00,2025-05-29,58.05,58.05,56.55,56.55,210,12210,0
BANKNIFTY29MAY2560100CE.NFO,2025-04-25,09:38:00,2025-05-29,56.55,57.05,55.1,55.15,180,12210,0
BANKNIFTY29MAY2560100CE.NFO,2025-04-25,09:39:00,2025-05-29,55.15,55.8,52.9,55.8,270,12150,0
BANKNIFTY29MAY2560100CE.NFO,2025-04-25,09:40:00,2025-05-29,55.8,55.8,54.5,54.9,60,12150,0
BANKNIFTY29MAY2560100CE.NFO,2025-04-25,09:41:00,2025-05-29,54.9,56.0,53.1,56.0,60,12150,0
BANKNIFTY29MAY2560100CE.NFO,2025-04-25,09:42:00,2025-05-29,56.0,56.0,56.0,56.0,0,12150,0
BANKNIFTY29MAY2560100CE.NFO,2025-04-25,09:43:00,2025-05-29,56.0,56.0,52.95,55.4,60,11760,0
BANKNIFTY29MAY2560100CE.NFO,2025-04-25,09:44:00,2025-05-29,55.4,58.25,55.4,58.25,150,11760,0
BANKNIFTY29MAY2560100CE.NFO,2025-04-25,09:45:00,2025-05-29,58.25,58.25,56.0,56.0,30,11760,0
BANKNIFTY29MAY2560100CE.NFO,2025-04-25,09:46:00,2025-05-29,56.0,56.0,56.0,56.0,0,11760,0
BANKNIFTY29MAY2560100CE.NFO,2025-04-25,09:47:00,2025-05-29,56.0,56.7,53.55,55.65,600,11820,0
BANKNIFTY29MAY2560100CE.NFO,2025-04-25,09:48:00,2025-05-29,55.65,55.65,55.65,55.65,30,11760,0
BANKNIFTY29MAY2560100CE.NFO,2025-04-25,09:49:00,2025-05-29,55.65,55.65,55.65,55.65,0,11760,0
BANKNIFTY29MAY2560100CE.NFO,2025-04-25,09:50:00,2025-05-29,55.65,57.0,55.65,57.0,30,11760,0
BANKNIFTY29MAY2560100CE.NFO,2025-04-25,09:51:00,2025-05-29,57.0,57.0,57.0,57.0,0,11760,0
BANKNIFTY29MAY2560100CE.NFO,2025-04-25,09:52:00,2025-05-29,57.0,57.0,57.0,57.0,0,11760,0
BANKNIFTY29MAY2560100CE.NFO,2025-04-25,09:53:00,2025-05-29,57.0,57.0,57.0,57.0,0,11760,0
BANKNIFTY29MAY2560100CE.NFO,2025-04-25,09:54:00,2025-05-29,57.0,57.0,54.65,54.65,240,11760,0
BANKNIFTY29MAY2560100CE.NFO,2025-04-25,09:55:00,2025-05-29,54.65,54.65,52.4,53.9,240,11760,0
BANKNIFTY29MAY2560100CE.NFO,2025-04-25,09:56:00,2025-05-29,53.9,53.9,52.6,52.6,90,11760,0
BANKNIFTY29MAY2560100CE.NFO,2025-04-25,09:57:00,2025-05-29,52.6,52.6,52.6,52.6,0,11760,0
BANKNIFTY29MAY2560100CE.NFO,2025-04-25,09:58:00,2025-05-29,52.6,54.9,52.6,53.8,120,11730,0
BANKNIFTY29MAY2560100CE.NFO,2025-04-25,09:59:00,2025-05-29,53.8,53.8,53.8,53.8,0,11730,0
BANKNIFTY29MAY2560100CE.NFO,2025-04-25,10:00:00,2025-05-29,53.8,54.0,52.05,52.05,270,11730,0
BANKNIFTY29MAY2560100CE.NFO,2025-04-25,10:01:00,2025-05-29,52.05,57.8,52.05,55.2,1980,11730,0
BANKNIFTY29MAY2560100CE.NFO,2025-04-25,10:02:00,2025-05-29,55.2,57.75,55.2,57.75,690,11730,0
BANKNIFTY29MAY2560100CE.NFO,2025-04-25,10:03:00,2025-05-29,57.75,57.75,54.15,54.15,300,12330,0
BANKNIFTY29MAY2560100CE.NFO,2025-04-25,10:04:00,2025-05-29,54.15,54.85,52.95,54.85,750,12330,0
BANKNIFTY29MAY2560100CE.NFO,2025-04-25,10:05:00,2025-05-29,54.85,54.85,53.85,53.85,90,12330,0
BANKNIFTY29MAY2560100CE.NFO,2025-04-25,10:06:00,2025-05-29,53.85,55.4,51.9,55.4,240,11640,0
BANKNIFTY29MAY2560100CE.NFO,2025-04-25,10:07:00,2025-05-29,55.4,56.1,55.4,55.9,180,11640,0
BANKNIFTY29MAY2560100CE.NFO,2025-04-25,10:08:00,2025-05-29,55.9,55.9,55.9,55.9,0,11640,0
BANKNIFTY29MAY2560100CE.NFO,2025-04-25,10:09:00,2025-05-29,55.9,56.7,55.9,56.7,60,11550,0
BANKNIFTY29MAY2560100CE.NFO,2025-04-25,10:10:00,2025-05-29,56.7,59.45,50.0,59.35,1830,11550,0
BANKNIFTY29MAY2560100CE.NFO,2025-04-25,10:11:00,2025-05-29,59.35,59.35,56.85,57.7,450,11550,0
BANKNIFTY29MAY2560100CE.NFO,2025-04-25,10:12:00,2025-05-29,57.7,59.55,57.6,57.9,120,11070,0
BANKNIFTY29MAY2560100CE.NFO,2025-04-25,10:13:00,2025-05-29,57.9,58.05,57.9,58.05,60,11070,0
BANKNIFTY29MAY2560100CE.NFO,2025-04-25,10:14:00,2025-05-29,58.05,58.25,56.9,57.95,180,11070,0
BANKNIFTY29MAY2560100CE.NFO,2025-04-25,10:15:00,2025-05-29,57.95,57.95,57.1,57.1,180,11040,0
BANKNIFTY29MAY2560100CE.NFO,2025-04-25,10:16:00,2025-05-29,57.1,57.1,53.9,55.3,60,11040,0
BANKNIFTY29MAY2560100CE.NFO,2025-04-25,10:17:00,2025-05-29,55.3,55.3,55.3,55.3,0,11040,0
BANKNIFTY29MAY2560100CE.NFO,2025-04-25,10:18:00,2025-05-29,55.3,56.5,54.45,54.45,330,11040,0
BANKNIFTY29MAY2560100CE.NFO,2025-04-25,10:19:00,2025-05-29,54.45,57.2,54.45,57.2,30,11040,0
BANKNIFTY29MAY2560100CE.NFO,2025-04-25,10:20:00,2025-05-29,57.2,57.2,55.5,56.95,60,11040,0
BANKNIFTY29MAY2560100CE.NFO,2025-04-25,10:21:00,2025-05-29,56.95,56.95,56.95,56.95,30,11010,0
BANKNIFTY29MAY2560100CE.NFO,2025-04-25,10:22:00,2025-05-29,56.95,56.95,56.95,56.95,0,11010,0
BANKNIFTY29MAY2560100CE.NFO,2025-04-25,10:23:00,2025-05-29,56.95,57.5,56.3,57.0,390,11010,0
BANKNIFTY29MAY2560100CE.NFO,2025-04-25,10:24:00,2025-05-29,57.0,57.0,57.0,57.0,0,11010,0
BANKNIFTY29MAY2560100CE.NFO,2025-04-25,10:25:00,2025-05-29,57.0,57.0,53.8,53.8,510,11010,0
BANKNIFTY29MAY2560100CE.NFO,2025-04-25,10:26:00,2025-05-29,53.8,53.8,53.8,53.8,60,11010,0
BANKNIFTY29MAY2560100CE.NFO,2025-04-25,10:27:00,2025-05-29,53.8,55.15,52.75,54.4,540,11010,0
BANKNIFTY29MAY2560100CE.NFO,2025-04-25,10:28:00,2025-05-29,54.4,54.4,54.4,54.4,0,11010,0
BANKNIFTY29MAY2560100CE.NFO,2025-04-25,10:29:00,2025-05-29,54.4,54.4,54.4,54.4,0,11010,0
BANKNIFTY29MAY2560100CE.NFO,2025-04-25,10:30:00,2025-05-29,54.4,54.4,51.35,51.35,30,10950,0
BANKNIFTY29MAY2560100CE.NFO,2025-04-25,10:31:00,2025-05-29,51.35,52.45,50.1,51.45,570,10950,0
BANKNIFTY29MAY2560100CE.NFO,2025-04-25,10:32:00,2025-05-29,51.45,52.25,51.45,52.25,30,10950,0
BANKNIFTY29MAY2560100CE.NFO,2025-04-25,10:33:00,2025-05-29,52.25,52.25,52.25,52.25,0,10950,0
BANKNIFTY29MAY2560100CE.NFO,2025-04-25,10:34:00,2025-05-29,52.25,52.25,52.25,52.25,0,10950,0
BANKNIFTY29MAY2560100CE.NFO,2025-04-25,10:35:00,2025-05-29,52.25,54.9,52.25,52.8,180,11100,0
BANKNIFTY29MAY2560100CE.NFO,2025-04-25,10:36:00,2025-05-29,52.8,52.8,52.0,52.0,630,11130,0
BANKNIFTY29MAY2560100CE.NFO,2025-04-25,10:37:00,2025-05-29,52.0,52.0,52.0,52.0,0,11130,0
BANKNIFTY29MAY2560100CE.NFO,2025-04-25,10:38:00,2025-05-29,52.0,52.0,51.75,51.75,60,11130,0
BANKNIFTY29MAY2560100CE.NFO,2025-04-25,10:39:00,2025-05-29,51.75,51.75,51.75,51.75,0,11130,0
BANKNIFTY29MAY2560100CE.NFO,2025-04-25,10:40:00,2025-05-29,51.75,51.75,51.75,51.75,0,11130,0
BANKNIFTY29MAY2560100CE.NFO,2025-04-25,10:41:00,2025-05-29,51.75,51.75,51.75,51.75,0,11130,0
BANKNIFTY29MAY2560100CE.NFO,2025-04-25,10:42:00,2025-05-29,51.75,51.75,51.75,51.75,0,11130,0
BANKNIFTY29MAY2560100CE.NFO,2025-04-25,10:43:00,2025-05-29,51.75,51.8,50.55,50.55,150,11190,0
BANKNIFTY29MAY2560100CE.NFO,2025-04-25,10:44:00,2025-05-29,50.55,50.55,49.7,49.7,30,11190,0
BANKNIFTY29MAY2560100CE.NFO,2025-04-25,10:45:00,2025-05-29,49.7,50.0,49.7,50.0,30,11250,0
BANKNIFTY29MAY2560100CE.NFO,2025-04-25,10:46:00,2025-05-29,50.0,50.8,50.0,50.45,90,11250,0
BANKNIFTY29MAY2560100CE.NFO,2025-04-25,10:47:00,2025-05-29,50.45,50.45,50.45,50.45,0,11250,0
BANKNIFTY29MAY2560100CE.NFO,2025-04-25,10:48:00,2025-05-29,50.45,51.85,49.55,51.85,90,11250,0
BANKNIFTY29MAY2560100CE.NFO,2025-04-25,10:49:00,2025-05-29,51.85,51.85,51.85,51.85,0,11250,0
BANKNIFTY29MAY2560100CE.NFO,2025-04-25,10:50:00,2025-05-29,51.85,51.85,51.85,51.85,0,11250,0
BANKNIFTY29MAY2560100CE.NFO,2025-04-25,10:51:00,2025-05-29,51.85,51.85,51.85,51.85,0,11250,0
BANKNIFTY29MAY2560100CE.NFO,2025-04-25,10:52:00,2025-05-29,51.85,51.85,51.85,51.85,0,11250,0
BANKNIFTY29MAY2560100CE.NFO,2025-04-25,10:53:00,2025-05-29,51.85,51.85,51.85,51.85,0,11250,0
BANKNIFTY29MAY2560100CE.NFO,2025-04-25,10:54:00,2025-05-29,51.85,51.85,51.85,51.85,0,11250,0
BANKNIFTY29MAY2560100CE.NFO,2025-04-25,10:55:00,2025-05-29,51.85,51.85,51.85,51.85,0,11250,0
BANKNIFTY29MAY2560100CE.NFO,2025-04-25,10:56:00,2025-05-29,48.05,49.2,48.05,48.15,90,11280,0
BANKNIFTY29MAY2560100CE.NFO,2025-04-25,10:57:00,2025-05-29,48.15,49.4,48.05,48.05,270,11280,0
BANKNIFTY29MAY2560100CE.NFO,2025-04-25,10:58:00,2025-05-29,48.05,48.05,48.05,48.05,0,11280,0
BANKNIFTY29MAY2560100CE.NFO,2025-04-25,10:59:00,2025-05-29,48.05,48.05,45.4,47.0,210,11160,0
BANKNIFTY29MAY2560100CE.NFO,2025-04-25,11:00:00,2025-05-29,47.0,47.0,44.9,44.9,60,11250,0
BANKNIFTY29MAY2560100CE.NFO,2025-04-25,11:01:00,2025-05-29,44.9,44.9,44.9,44.9,0,11250,0
BANKNIFTY29MAY2560100CE.NFO,2025-04-25,11:02:00,2025-05-29,44.9,44.9,44.9,44.9,0,11250,0
BANKNIFTY29MAY2560100CE.NFO,2025-04-25,11:03:00,2025-05-29,44.9,44.9,44.9,44.9,0,11250,0
BANKNIFTY29MAY2560100CE.NFO,2025-04-25,11:04:00,2025-05-29,44.9,48.8,44.9,48.1,150,11220,0
BANKNIFTY29MAY2560100CE.NFO,2025-04-25,11:05:00,2025-05-29,48.1,48.1,48.1,48.1,0,11220,0
BANKNIFTY29MAY2560100CE.NFO,2025-04-25,11:06:00,2025-05-29,48.1,49.8,48.1,49.8,30,11130,0
BANKNIFTY29MAY2560100CE.NFO,2025-04-25,11:07:00,2025-05-29,49.8,49.8,49.8,49.8,0,11130,0
BANKNIFTY29MAY2560100CE.NFO,2025-04-25,11:08:00,2025-05-29,49.8,49.8,49.8,49.8,0,11130,0
BANKNIFTY29MAY2560100CE.NFO,2025-04-25,11:09:00,2025-05-29,49.8,49.8,49.3,49.3,150,11130,0
BANKNIFTY29MAY2560100CE.NFO,2025-04-25,11:10:00,2025-05-29,49.3,49.3,49.3,49.3,60,11130,0
BANKNIFTY29MAY2560100CE.NFO,2025-04-25,11:11:00,2025-05-29,49.3,49.3,48.5,48.5,180,11130,0
BANKNIFTY29MAY2560100CE.NFO,2025-04-25,11:12:00,2025-05-29,48.5,48.5,46.85,46.85,270,11490,0
BANKNIFTY29MAY2560100CE.NFO,2025-04-25,11:13:00,2025-05-29,46.85,46.85,46.85,46.85,0,11490,0
BANKNIFTY29MAY2560100CE.NFO,2025-04-25,11:14:00,2025-05-29,46.85,46.85,45.85,45.85,360,11490,0
BANKNIFTY29MAY2560100CE.NFO,2025-04-25,11:15:00,2025-05-29,45.85,47.15,45.85,46.55,60,11490,0
BANKNIFTY29MAY2560100CE.NFO,2025-04-25,11:16:00,2025-05-29,46.55,47.15,46.55,47.15,120,11490,0
BANKNIFTY29MAY2560100CE.NFO,2025-04-25,11:17:00,2025-05-29,47.15,47.15,47.15,47.15,0,11490,0
BANKNIFTY29MAY2560100CE.NFO,2025-04-25,11:18:00,2025-05-29,47.15,47.15,45.0,45.0,30,11490,0
BANKNIFTY29MAY2560100CE.NFO,2025-04-25,11:19:00,2025-05-29,45.0,45.0,45.0,45.0,0,11490,0
BANKNIFTY29MAY2560100CE.NFO,2025-04-25,11:20:00,2025-05-29,45.0,45.0,44.2,44.45,90,11610,0
BANKNIFTY29MAY2560100CE.NFO,2025-04-25,11:21:00,2025-05-29,44.45,44.45,44.45,44.45,0,11610,0
BANKNIFTY29MAY2560100CE.NFO,2025-04-25,11:22:00,2025-05-29,44.45,45.0,44.35,44.35,60,11610,0
BANKNIFTY29MAY2560100CE.NFO,2025-04-25,11:23:00,2025-05-29,44.35,44.35,44.35,44.35,0,11610,0
BANKNIFTY29MAY2560100CE.NFO,2025-04-25,11:24:00,2025-05-29,44.35,44.35,44.35,44.35,0,11610,0
BANKNIFTY29MAY2560100CE.NFO,2025-04-25,11:25:00,2025-05-29,44.35,44.35,44.35,44.35,0,11610,0
BANKNIFTY29MAY2560100CE.NFO,2025-04-25,11:26:00,2025-05-29,44.35,44.35,42.05,42.05,30,11610,0
BANKNIFTY29MAY2560100CE.NFO,2025-04-25,11:27:00,2025-05-29,42.05,44.25,42.05,44.25,60,11580,0
BANKNIFTY29MAY2560100CE.NFO,2025-04-25,11:28:00,2025-05-29,44.25,44.55,44.25,44.55,30,11580,0
BANKNIFTY29MAY2560100CE.NFO,2025-04-25,11:29:00,2025-05-29,44.55,45.8,44.55,45.4,60,11580,0
BANKNIFTY29MAY2560100CE.NFO,2025-04-25,11:30:00,2025-05-29,45.4,46.3,45.4,46.3,300,11580,0
BANKNIFTY29MAY2560100CE.NFO,2025-04-25,11:31:00,2025-05-29,46.3,46.3,46.3,46.3,30,11460,0
BANKNIFTY29MAY2560100CE.NFO,2025-04-25,11:32:00,2025-05-29,46.3,46.3,46.3,46.3,0,11460,0
BANKNIFTY29MAY2560100CE.NFO,2025-04-25,11:33:00,2025-05-29,46.3,46.3,46.3,46.3,0,11460,0
BANKNIFTY29MAY2560100CE.NFO,2025-04-25,11:34:00,2025-05-29,46.3,46.3,46.3,46.3,0,11460,0
BANKNIFTY29MAY2560100CE.NFO,2025-04-25,11:35:00,2025-05-29,46.3,46.3,46.3,46.3,0,11460,0
BANKNIFTY29MAY2560100CE.NFO,2025-04-25,11:36:00,2025-05-29,46.3,46.3,46.3,46.3,0,11460,0
BANKNIFTY29MAY2560100CE.NFO,2025-04-25,11:37:00,2025-05-29,46.3,46.3,46.3,46.3,0,11460,0
BANKNIFTY29MAY2560100CE.NFO,2025-04-25,11:38:00,2025-05-29,46.3,46.3,46.3,46.3,0,11460,0
BANKNIFTY29MAY2560100CE.NFO,2025-04-25,11:39:00,2025-05-29,46.3,46.3,46.3,46.3,0,11460,0
BANKNIFTY29MAY2560100CE.NFO,2025-04-25,11:40:00,2025-05-29,46.3,46.3,46.0,46.0,450,11490,0
BANKNIFTY29MAY2560100CE.NFO,2025-04-25,11:41:00,2025-05-29,46.0,46.35,45.35,46.35,120,11490,0
BANKNIFTY29MAY2560100CE.NFO,2025-04-25,11:42:00,2025-05-29,46.35,46.35,45.45,45.65,120,11460,0
BANKNIFTY29MAY2560100CE.NFO,2025-04-25,11:43:00,2025-05-29,45.65,45.65,45.65,45.65,0,11460,0
BANKNIFTY29MAY2560100CE.NFO,2025-04-25,11:44:00,2025-05-29,45.65,45.65,45.65,45.65,0,11460,0
BANKNIFTY29MAY2560100CE.NFO,2025-04-25,11:45:00,2025-05-29,45.65,45.65,45.65,45.65,0,11460,0
BANKNIFTY29MAY2560100CE.NFO,2025-04-25,11:46:00,2025-05-29,45.65,45.65,43.35,44.65,630,11400,0
BANKNIFTY29MAY2560100CE.NFO,2025-04-25,11:47:00,2025-05-29,44.65,44.65,44.65,44.65,0,11400,0
BANKNIFTY29MAY2560100CE.NFO,2025-04-25,11:48:00,2025-05-29,44.65,44.65,43.2,44.45,1260,10860,0
BANKNIFTY29MAY2560100CE.NFO,2025-04-25,11:49:00,2025-05-29,44.45,44.45,44.45,44.45,30,10860,0
BANKNIFTY29MAY2560100CE.NFO,2025-04-25,11:50:00,2025-05-29,44.45,44.45,44.45,44.45,0,10860,0
BANKNIFTY29MAY2560100CE.NFO,2025-04-25,11:51:00,2025-05-29,44.45,44.45,44.45,44.45,0,10860,0
BANKNIFTY29MAY2560100CE.NFO,2025-04-25,11:52:00,2025-05-29,44.45,44.95,44.4,44.4,120,10860,0
BANKNIFTY29MAY2560100CE.NFO,2025-04-25,11:53:00,2025-05-29,44.4,44.4,44.4,44.4,0,10860,0
BANKNIFTY29MAY2560100CE.NFO,2025-04-25,11:54:00,2025-05-29,44.4,44.4,44.4,44.4,0,10860,0
BANKNIFTY29MAY2560100CE.NFO,2025-04-25,11:55:00,2025-05-29,44.4,45.3,44.4,44.75,720,10950,0
BANKNIFTY29MAY2560100CE.NFO,2025-04-25,11:56:00,2025-05-29,44.75,45.35,44.75,44.8,660,10950,0
BANKNIFTY29MAY2560100CE.NFO,2025-04-25,11:57:00,2025-05-29,44.8,45.5,44.8,44.85,60,10440,0
BANKNIFTY29MAY2560100CE.NFO,2025-04-25,11:58:00,2025-05-29,44.85,44.85,44.85,44.85,0,10440,0
BANKNIFTY29MAY2560100CE.NFO,2025-04-25,11:59:00,2025-05-29,44.85,44.85,44.85,44.85,0,10440,0
BANKNIFTY29MAY2560100CE.NFO,2025-04-25,12:00:00,2025-05-29,44.85,45.7,44.85,45.2,660,10440,0
BANKNIFTY29MAY2560100CE.NFO,2025-04-25,12:01:00,2025-05-29,45.2,45.2,44.85,44.85,90,10470,0
BANKNIFTY29MAY2560100CE.NFO,2025-04-25,12:02:00,2025-05-29,44.85,44.85,44.85,44.85,0,10470,0
BANKNIFTY29MAY2560100CE.NFO,2025-04-25,12:03:00,2025-05-29,44.85,44.85,44.85,44.85,0,10470,0
BANKNIFTY29MAY2560100CE.NFO,2025-04-25,12:04:00,2025-05-29,44.85,44.85,44.85,44.85,0,10470,0
BANKNIFTY29MAY2560100CE.NFO,2025-04-25,12:05:00,2025-05-29,44.85,44.85,44.85,44.85,0,10470,0
BANKNIFTY29MAY2560100CE.NFO,2025-04-25,12:06:00,2025-05-29,44.85,44.85,44.85,44.85,0,10470,0
BANKNIFTY29MAY2560100CE.NFO,2025-04-25,12:07:00,2025-05-29,44.95,44.95,44.95,44.95,420,10560,0
BANKNIFTY29MAY2560100CE.NFO,2025-04-25,12:08:00,2025-05-29,44.95,45.0,44.25,44.25,660,10560,0
BANKNIFTY29MAY2560100CE.NFO,2025-04-25,12:09:00,2025-05-29,44.25,44.25,44.25,44.25,0,10560,0
BANKNIFTY29MAY2560100CE.NFO,2025-04-25,12:10:00,2025-05-29,44.25,44.25,44.25,44.25,0,10560,0
BANKNIFTY29MAY2560100CE.NFO,2025-04-25,12:11:00,2025-05-29,44.25,44.25,44.25,44.25,0,10560,0
BANKNIFTY29MAY2560100CE.NFO,2025-04-25,12:12:00,2025-05-29,44.25,44.25,43.55,43.55,30,10650,0
BANKNIFTY29MAY2560100CE.NFO,2025-04-25,12:13:00,2025-05-29,43.55,45.45,43.55,45.45,720,10620,0
BANKNIFTY29MAY2560100CE.NFO,2025-04-25,12:14:00,2025-05-29,45.45,45.45,45.45,45.45,0,10620,0
BANKNIFTY29MAY2560100CE.NFO,2025-04-25,12:15:00,2025-05-29,45.45,45.45,45.3,45.3,240,10770,0
BANKNIFTY29MAY2560100CE.NFO,2025-04-25,12:16:00,2025-05-29,45.3,45.3,45.3,45.3,0,10770,0
BANKNIFTY29MAY2560100CE.NFO,2025-04-25,12:17:00,2025-05-29,45.3,45.3,45.3,45.3,0,10770,0
BANKNIFTY29MAY2560100CE.NFO,2025-04-25,12:18:00,2025-05-29,45.3,45.55,45.3,45.55,120,10560,0
BANKNIFTY29MAY2560100CE.NFO,2025-04-25,12:19:00,2025-05-29,45.55,45.55,45.55,45.55,0,10560,0
BANKNIFTY29MAY2560100CE.NFO,2025-04-25,12:20:00,2025-05-29,45.55,45.55,45.55,45.55,0,10560,0
BANKNIFTY29MAY2560100CE.NFO,2025-04-25,12:21:00,2025-05-29,45.55,45.55,45.55,45.55,0,10560,0
BANKNIFTY29MAY2560100CE.NFO,2025-04-25,12:22:00,2025-05-29,45.55,45.8,45.55,45.8,210,10680,0
BANKNIFTY29MAY2560100CE.NFO,2025-04-25,12:23:00,2025-05-29,45.8,45.8,45.8,45.8,0,10680,0
BANKNIFTY29MAY2560100CE.NFO,2025-04-25,12:24:00,2025-05-29,45.8,45.8,45.8,45.8,0,10680,0
BANKNIFTY29MAY2560100CE.NFO,2025-04-25,12:25:00,2025-05-29,45.8,46.55,45.8,46.55,30,10800,0
BANKNIFTY29MAY2560100CE.NFO,2025-04-25,12:26:00,2025-05-29,46.55,46.55,46.55,46.55,0,10800,0
BANKNIFTY29MAY2560100CE.NFO,2025-04-25,12:27:00,2025-05-29,46.55,46.55,46.55,46.55,0,10800,0
BANKNIFTY29MAY2560100CE.NFO,2025-04-25,12:28:00,2025-05-29,46.55,46.55,46.55,46.55,0,10800,0
BANKNIFTY29MAY2560100CE.NFO,2025-04-25,12:29:00,2025-05-29,46.55,46.55,46.55,46.55,0,10800,0
BANKNIFTY29MAY2560100CE.NFO,2025-04-25,12:30:00,2025-05-29,46.55,46.55,46.55,46.55,0,10800,0
BANKNIFTY29MAY2560100CE.NFO,2025-04-25,12:31:00,2025-05-29,46.55,46.55,46.55,46.55,0,10800,0
BANKNIFTY29MAY2560100CE.NFO,2025-04-25,12:32:00,2025-05-29,46.55,46.55,46.55,46.55,0,10800,0
BANKNIFTY29MAY2560100CE.NFO,2025-04-25,12:33:00,2025-05-29,46.55,46.55,46.55,46.55,0,10800,0
BANKNIFTY29MAY2560100CE.NFO,2025-04-25,12:34:00,2025-05-29,46.55,46.55,46.55,46.55,0,10800,0
BANKNIFTY29MAY2560100CE.NFO,2025-04-25,12:35:00,2025-05-29,46.55,46.55,46.55,46.55,0,10800,0
BANKNIFTY29MAY2560100CE.NFO,2025-04-25,12:36:00,2025-05-29,46.55,46.55,46.55,46.55,0,10800,0
BANKNIFTY29MAY2560100CE.NFO,2025-04-25,12:37:00,2025-05-29,46.55,49.25,46.55,48.05,0,10800,0
BANKNIFTY29MAY2560100CE.NFO,2025-04-25,12:38:00,2025-05-29,48.05,48.05,48.05,48.05,300,10800,0
BANKNIFTY29MAY2560100CE.NFO,2025-04-25,12:39:00,2025-05-29,48.05,48.05,48.05,48.05,0,10800,0
BANKNIFTY29MAY2560100CE.NFO,2025-04-25,12:40:00,2025-05-29,48.05,48.05,48.05,48.05,0,10800,0
BANKNIFTY29MAY2560100CE.NFO,2025-04-25,12:41:00,2025-05-29,48.05,49.5,48.05,49.5,60,10770,0
BANKNIFTY29MAY2560100CE.NFO,2025-04-25,12:42:00,2025-05-29,49.5,49.5,49.5,49.5,0,10770,0
BANKNIFTY29MAY2560100CE.NFO,2025-04-25,12:43:00,2025-05-29,49.5,49.5,49.5,49.5,0,10770,0
BANKNIFTY29MAY2560100CE.NFO,2025-04-25,12:44:00,2025-05-29,49.5,49.5,47.15,47.15,60,10800,0
BANKNIFTY29MAY2560100CE.NFO,2025-04-25,12:45:00,2025-05-29,47.15,47.15,47.15,47.15,0,10800,0
BANKNIFTY29MAY2560100CE.NFO,2025-04-25,12:46:00,2025-05-29,47.15,47.15,47.15,47.15,0,10800,0
BANKNIFTY29MAY2560100CE.NFO,2025-04-25,12:47:00,2025-05-29,47.15,47.15,47.15,47.15,0,10800,0
BANKNIFTY29MAY2560100CE.NFO,2025-04-25,12:48:00,2025-05-29,47.15,47.15,47.15,47.15,0,10800,0
BANKNIFTY29MAY2560100CE.NFO,2025-04-25,12:49:00,2025-05-29,47.15,47.15,47.15,47.15,0,10800,0
BANKNIFTY29MAY2560100CE.NFO,2025-04-25,12:50:00,2025-05-29,47.15,47.15,47.15,47.15,0,10800,0
BANKNIFTY29MAY2560100CE.NFO,2025-04-25,12:51:00,2025-05-29,47.15,47.15,47.15,47.15,0,10800,0
BANKNIFTY29MAY2560100CE.NFO,2025-04-25,12:52:00,2025-05-29,47.15,47.15,47.15,47.15,0,10800,0
BANKNIFTY29MAY2560100CE.NFO,2025-04-25,12:53:00,2025-05-29,47.8,47.8,47.8,47.8,150,10800,0
BANKNIFTY29MAY2560100CE.NFO,2025-04-25,12:54:00,2025-05-29,47.8,47.8,47.8,47.8,0,10800,0
BANKNIFTY29MAY2560100CE.NFO,2025-04-25,12:55:00,2025-05-29,47.8,47.8,47.8,47.8,30,10800,0
BANKNIFTY29MAY2560100CE.NFO,2025-04-25,12:56:00,2025-05-29,47.8,48.6,47.8,48.6,600,10800,0
BANKNIFTY29MAY2560100CE.NFO,2025-04-25,12:57:00,2025-05-29,48.6,48.6,48.6,48.6,0,10800,0
BANKNIFTY29MAY2560100CE.NFO,2025-04-25,12:58:00,2025-05-29,48.6,48.6,48.6,48.6,0,10800,0
BANKNIFTY29MAY2560100CE.NFO,2025-04-25,12:59:00,2025-05-29,48.6,50.75,48.6,50.75,360,10200,0
BANKNIFTY29MAY2560100CE.NFO,2025-04-25,13:00:00,2025-05-29,50.75,50.75,50.0,50.0,720,10200,0
BANKNIFTY29MAY2560100CE.NFO,2025-04-25,13:01:00,2025-05-29,50.0,50.0,50.0,50.0,0,10200,0
BANKNIFTY29MAY2560100CE.NFO,2025-04-25,13:02:00,2025-05-29,50.0,50.0,50.0,50.0,0,10200,0
BANKNIFTY29MAY2560100CE.NFO,2025-04-25,13:03:00,2025-05-29,50.0,50.0,50.0,50.0,0,10200,0
BANKNIFTY29MAY2560100CE.NFO,2025-04-25,13:04:00,2025-05-29,50.0,50.0,49.45,49.45,330,10170,0
BANKNIFTY29MAY2560100CE.NFO,2025-04-25,13:05:00,2025-05-29,49.45,49.45,49.45,49.45,0,10170,0
BANKNIFTY29MAY2560100CE.NFO,2025-04-25,13:06:00,2025-05-29,49.45,49.95,49.45,49.95,30,10170,0
BANKNIFTY29MAY2560100CE.NFO,2025-04-25,13:07:00,2025-05-29,49.95,49.95,49.95,49.95,0,10170,0
BANKNIFTY29MAY2560100CE.NFO,2025-04-25,13:08:00,2025-05-29,49.95,50.2,49.5,50.05,180,10170,0
BANKNIFTY29MAY2560100CE.NFO,2025-04-25,13:09:00,2025-05-29,50.05,50.05,50.05,50.05,0,10170,0
BANKNIFTY29MAY2560100CE.NFO,2025-04-25,13:10:00,2025-05-29,50.05,50.05,50.05,50.05,0,10170,0
BANKNIFTY29MAY2560100CE.NFO,2025-04-25,13:11:00,2025-05-29,50.05,50.05,50.05,50.05,0,10170,0
BANKNIFTY29MAY2560100CE.NFO,2025-04-25,13:12:00,2025-05-29,50.05,50.05,50.05,50.05,0,10170,0
BANKNIFTY29MAY2560100CE.NFO,2025-04-25,13:13:00,2025-05-29,50.05,50.05,50.05,50.05,0,10170,0
BANKNIFTY29MAY2560100CE.NFO,2025-04-25,13:14:00,2025-05-29,50.05,50.05,50.05,50.05,0,10170,0
BANKNIFTY29MAY2560100CE.NFO,2025-04-25,13:15:00,2025-05-29,50.05,50.05,50.05,50.05,0,10170,0
BANKNIFTY29MAY2560100CE.NFO,2025-04-25,13:16:00,2025-05-29,50.05,50.1,50.05,50.1,30,10290,0
BANKNIFTY29MAY2560100CE.NFO,2025-04-25,13:17:00,2025-05-29,50.1,53.6,50.1,53.6,60,10290,0
BANKNIFTY29MAY2560100CE.NFO,2025-04-25,13:18:00,2025-05-29,53.6,53.6,52.5,52.5,150,10290,0
BANKNIFTY29MAY2560100CE.NFO,2025-04-25,13:19:00,2025-05-29,52.5,52.5,52.5,52.5,0,10290,0
BANKNIFTY29MAY2560100CE.NFO,2025-04-25,13:20:00,2025-05-29,52.5,52.6,51.3,51.75,570,10230,0
BANKNIFTY29MAY2560100CE.NFO,2025-04-25,13:21:00,2025-05-29,51.75,52.35,51.75,52.35,120,10230,0
BANKNIFTY29MAY2560100CE.NFO,2025-04-25,13:22:00,2025-05-29,52.35,52.35,52.35,52.35,0,10230,0
BANKNIFTY29MAY2560100CE.NFO,2025-04-25,13:23:00,2025-05-29,52.35,53.65,52.35,52.35,180,10500,0
BANKNIFTY29MAY2560100CE.NFO,2025-04-25,13:24:00,2025-05-29,52.35,53.65,52.35,53.65,150,10500,0
BANKNIFTY29MAY2560100CE.NFO,2025-04-25,13:25:00,2025-05-29,53.65,53.65,53.65,53.65,0,10500,0
BANKNIFTY29MAY2560100CE.NFO,2025-04-25,13:26:00,2025-05-29,53.65,54.25,52.5,54.25,510,10380,0
BANKNIFTY29MAY2560100CE.NFO,2025-04-25,13:27:00,2025-05-29,54.25,54.25,54.25,54.25,0,10380,0
BANKNIFTY29MAY2560100CE.NFO,2025-04-25,13:28:00,2025-05-29,54.25,54.25,54.25,54.25,0,10380,0
BANKNIFTY29MAY2560100CE.NFO,2025-04-25,13:29:00,2025-05-29,54.25,54.25,54.25,54.25,0,10380,0
BANKNIFTY29MAY2560100CE.NFO,2025-04-25,13:30:00,2025-05-29,54.25,54.25,49.6,52.65,240,9990,0
BANKNIFTY29MAY2560100CE.NFO,2025-04-25,13:31:00,2025-05-29,52.65,52.65,52.65,52.65,0,9990,0
BANKNIFTY29MAY2560100CE.NFO,2025-04-25,13:32:00,2025-05-29,52.65,52.65,52.65,52.65,0,9990,0
BANKNIFTY29MAY2560100CE.NFO,2025-04-25,13:33:00,2025-05-29,52.65,53.25,52.65,53.25,30,10170,0
BANKNIFTY29MAY2560100CE.NFO,2025-04-25,13:34:00,2025-05-29,53.25,56.05,53.25,56.05,270,10140,0
BANKNIFTY29MAY2560100CE.NFO,2025-04-25,13:35:00,2025-05-29,56.05,57.0,56.05,57.0,30,10140,0
BANKNIFTY29MAY2560100CE.NFO,2025-04-25,13:36:00,2025-05-29,57.0,58.25,57.0,58.25,120,10140,0
BANKNIFTY29MAY2560100CE.NFO,2025-04-25,13:37:00,2025-05-29,58.25,58.3,58.25,58.3,30,10050,0
BANKNIFTY29MAY2560100CE.NFO,2025-04-25,13:38:00,2025-05-29,58.3,58.3,56.1,56.6,420,10050,0
BANKNIFTY29MAY2560100CE.NFO,2025-04-25,13:39:00,2025-05-29,56.6,56.6,56.6,56.6,0,10050,0
BANKNIFTY29MAY2560100CE.NFO,2025-04-25,13:40:00,2025-05-29,56.6,56.6,56.6,56.6,0,10050,0
BANKNIFTY29MAY2560100CE.NFO,2025-04-25,13:41:00,2025-05-29,56.6,57.5,56.5,57.5,270,9960,0
BANKNIFTY29MAY2560100CE.NFO,2025-04-25,13:42:00,2025-05-29,57.5,57.55,57.5,57.55,60,9960,0
BANKNIFTY29MAY2560100CE.NFO,2025-04-25,13:43:00,2025-05-29,57.55,57.55,56.15,56.15,60,10110,0
BANKNIFTY29MAY2560100CE.NFO,2025-04-25,13:44:00,2025-05-29,56.15,57.4,56.15,57.4,180,10110,0
BANKNIFTY29MAY2560100CE.NFO,2025-04-25,13:45:00,2025-05-29,57.4,57.4,57.4,57.4,0,10110,0
BANKNIFTY29MAY2560100CE.NFO,2025-04-25,13:46:00,2025-05-29,57.4,59.8,57.4,58.75,120,10080,0
BANKNIFTY29MAY2560100CE.NFO,2025-04-25,13:47:00,2025-05-29,58.75,58.75,58.75,58.75,0,10080,0
BANKNIFTY29MAY2560100CE.NFO,2025-04-25,13:48:00,2025-05-29,58.75,60.0,58.75,60.0,30,10080,0
BANKNIFTY29MAY2560100CE.NFO,2025-04-25,13:49:00,2025-05-29,60.0,61.5,60.0,61.5,120,10080,0
BANKNIFTY29MAY2560100CE.NFO,2025-04-25,13:50:00,2025-05-29,61.5,63.55,61.5,63.3,270,10080,0
BANKNIFTY29MAY2560100CE.NFO,2025-04-25,13:51:00,2025-05-29,63.3,63.65,62.9,63.15,390,10230,0
BANKNIFTY29MAY2560100CE.NFO,2025-04-25,13:52:00,2025-05-29,63.15,63.15,60.95,61.45,330,10230,0
BANKNIFTY29MAY2560100CE.NFO,2025-04-25,13:53:00,2025-05-29,61.45,61.45,59.8,60.5,180,10230,0
BANKNIFTY29MAY2560100CE.NFO,2025-04-25,13:54:00,2025-05-29,61.55,61.55,61.55,61.55,30,10230,0
BANKNIFTY29MAY2560100CE.NFO,2025-04-25,13:55:00,2025-05-29,61.55,61.55,61.55,61.55,0,10230,0
BANKNIFTY29MAY2560100CE.NFO,2025-04-25,13:56:00,2025-05-29,61.55,61.6,61.55,61.55,30,9840,0
BANKNIFTY29MAY2560100CE.NFO,2025-04-25,13:57:00,2025-05-29,61.55,63.45,61.35,63.0,270,9840,0
BANKNIFTY29MAY2560100CE.NFO,2025-04-25,13:58:00,2025-05-29,63.0,64.1,63.0,64.1,30,9810,0
BANKNIFTY29MAY2560100CE.NFO,2025-04-25,13:59:00,2025-05-29,64.1,64.8,63.4,64.3,420,9810,0
BANKNIFTY29MAY2560100CE.NFO,2025-04-25,14:00:00,2025-05-29,64.3,64.95,62.85,64.65,750,9810,0
BANKNIFTY29MAY2560100CE.NFO,2025-04-25,14:01:00,2025-05-29,64.65,64.65,64.35,64.35,30,10110,0
BANKNIFTY29MAY2560100CE.NFO,2025-04-25,14:02:00,2025-05-29,64.35,64.35,62.2,62.2,360,10110,0
BANKNIFTY29MAY2560100CE.NFO,2025-04-25,14:03:00,2025-05-29,62.2,63.2,62.2,62.85,90,10110,0
BANKNIFTY29MAY2560100CE.NFO,2025-04-25,14:04:00,2025-05-29,62.85,62.85,60.9,62.35,510,10290,0
BANKNIFTY29MAY2560100CE.NFO,2025-04-25,14:05:00,2025-05-29,62.35,62.35,62.35,62.35,0,10290,0
BANKNIFTY29MAY2560100CE.NFO,2025-04-25,14:06:00,2025-05-29,62.35,62.8,61.6,61.6,240,10290,0
BANKNIFTY29MAY2560100CE.NFO,2025-04-25,14:07:00,2025-05-29,61.6,61.6,57.45,58.35,480,10410,0
BANKNIFTY29MAY2560100CE.NFO,2025-04-25,14:08:00,2025-05-29,58.35,58.35,56.5,56.5,450,10410,0
BANKNIFTY29MAY2560100CE.NFO,2025-04-25,14:09:00,2025-05-29,56.5,56.5,56.5,56.5,0,10410,0
BANKNIFTY29MAY2560100CE.NFO,2025-04-25,14:10:00,2025-05-29,56.5,56.5,56.5,56.5,0,10410,0
BANKNIFTY29MAY2560100CE.NFO,2025-04-25,14:11:00,2025-05-29,56.5,56.55,55.3,55.3,210,10410,0
BANKNIFTY29MAY2560100CE.NFO,2025-04-25,14:12:00,2025-05-29,55.3,55.3,53.15,53.15,30,10410,0
BANKNIFTY29MAY2560100CE.NFO,2025-04-25,14:13:00,2025-05-29,53.15,55.45,53.15,55.45,30,10230,0
BANKNIFTY29MAY2560100CE.NFO,2025-04-25,14:14:00,2025-05-29,55.45,57.25,55.45,57.25,90,10230,0
BANKNIFTY29MAY2560100CE.NFO,2025-04-25,14:15:00,2025-05-29,57.25,57.25,57.25,57.25,0,10230,0
BANKNIFTY29MAY2560100CE.NFO,2025-04-25,14:16:00,2025-05-29,57.25,59.8,57.25,59.8,270,10290,0
BANKNIFTY29MAY2560100CE.NFO,2025-04-25,14:17:00,2025-05-29,59.8,60.0,58.6,59.3,900,10290,0
BANKNIFTY29MAY2560100CE.NFO,2025-04-25,14:18:00,2025-05-29,59.3,59.3,59.3,59.3,0,10290,0
BANKNIFTY29MAY2560100CE.NFO,2025-04-25,14:19:00,2025-05-29,59.3,59.35,59.1,59.1,120,10260,0
BANKNIFTY29MAY2560100CE.NFO,2025-04-25,14:20:00,2025-05-29,59.1,59.35,57.7,57.7,120,10260,0
BANKNIFTY29MAY2560100CE.NFO,2025-04-25,14:21:00,2025-05-29,57.7,57.7,57.7,57.7,0,10260,0
BANKNIFTY29MAY2560100CE.NFO,2025-04-25,14:22:00,2025-05-29,57.7,59.0,57.7,59.0,30,10290,0
BANKNIFTY29MAY2560100CE.NFO,2025-04-25,14:23:00,2025-05-29,59.0,59.0,59.0,59.0,0,10290,0
BANKNIFTY29MAY2560100CE.NFO,2025-04-25,14:24:00,2025-05-29,59.0,59.0,59.0,59.0,0,10290,0
BANKNIFTY29MAY2560100CE.NFO,2025-04-25,14:25:00,2025-05-29,59.0,59.0,59.0,59.0,0,10290,0
BANKNIFTY29MAY2560100CE.NFO,2025-04-25,14:26:00,2025-05-29,59.0,60.55,57.8,57.8,60,10290,0
BANKNIFTY29MAY2560100CE.NFO,2025-04-25,14:27:00,2025-05-29,57.8,57.8,57.8,57.8,0,10290,0
BANKNIFTY29MAY2560100CE.NFO,2025-04-25,14:28:00,2025-05-29,57.8,57.8,57.8,57.8,0,10290,0
BANKNIFTY29MAY2560100CE.NFO,2025-04-25,14:29:00,2025-05-29,57.8,57.8,54.3,54.3,30,10290,0
BANKNIFTY29MAY2560100CE.NFO,2025-04-25,14:30:00,2025-05-29,54.3,54.3,54.3,54.3,0,10290,0
BANKNIFTY29MAY2560100CE.NFO,2025-04-25,14:31:00,2025-05-29,54.3,54.3,54.3,54.3,0,10290,0
BANKNIFTY29MAY2560100CE.NFO,2025-04-25,14:32:00,2025-05-29,54.3,55.7,54.3,55.7,30,10290,0
BANKNIFTY29MAY2560100CE.NFO,2025-04-25,14:33:00,2025-05-29,55.7,55.7,52.3,53.55,90,10290,0
BANKNIFTY29MAY2560100CE.NFO,2025-04-25,14:34:00,2025-05-29,53.55,53.55,53.55,53.55,0,10290,0
BANKNIFTY29MAY2560100CE.NFO,2025-04-25,14:35:00,2025-05-29,53.55,53.55,51.4,51.4,30,10260,0
BANKNIFTY29MAY2560100CE.NFO,2025-04-25,14:36:00,2025-05-29,51.4,51.4,51.4,51.4,0,10260,0
BANKNIFTY29MAY2560100CE.NFO,2025-04-25,14:37:00,2025-05-29,51.4,51.4,51.4,51.4,0,10260,0
BANKNIFTY29MAY2560100CE.NFO,2025-04-25,14:38:00,2025-05-29,51.4,52.7,51.4,52.7,360,10260,0
BANKNIFTY29MAY2560100CE.NFO,2025-04-25,14:39:00,2025-05-29,52.7,52.7,52.7,52.7,0,10260,0
BANKNIFTY29MAY2560100CE.NFO,2025-04-25,14:40:00,2025-05-29,52.7,52.7,52.7,52.7,0,10260,0
BANKNIFTY29MAY2560100CE.NFO,2025-04-25,14:41:00,2025-05-29,52.7,52.7,52.7,52.7,0,10260,0
BANKNIFTY29MAY2560100CE.NFO,2025-04-25,14:42:00,2025-05-29,52.7,52.7,51.3,51.95,210,10560,0
BANKNIFTY29MAY2560100CE.NFO,2025-04-25,14:43:00,2025-05-29,51.95,51.95,51.95,51.95,0,10560,0
BANKNIFTY29MAY2560100CE.NFO,2025-04-25,14:44:00,2025-05-29,51.95,52.45,51.95,52.45,30,10680,0
BANKNIFTY29MAY2560100CE.NFO,2025-04-25,14:45:00,2025-05-29,52.45,52.45,52.45,52.45,0,10680,0
BANKNIFTY29MAY2560100CE.NFO,2025-04-25,14:46:00,2025-05-29,52.45,53.1,52.0,52.6,450,10710,0
BANKNIFTY29MAY2560100CE.NFO,2025-04-25,14:47:00,2025-05-29,52.6,52.6,52.6,52.6,0,10710,0
BANKNIFTY29MAY2560100CE.NFO,2025-04-25,14:48:00,2025-05-29,52.6,52.6,51.35,52.25,120,10710,0
BANKNIFTY29MAY2560100CE.NFO,2025-04-25,14:49:00,2025-05-29,52.25,52.95,51.75,52.3,120,10560,0
BANKNIFTY29MAY2560100CE.NFO,2025-04-25,14:50:00,2025-05-29,52.3,54.35,52.3,53.85,120,10560,0
BANKNIFTY29MAY2560100CE.NFO,2025-04-25,14:51:00,2025-05-29,53.85,54.45,53.15,53.85,360,10560,0
BANKNIFTY29MAY2560100CE.NFO,2025-04-25,14:52:00,2025-05-29,53.85,54.1,53.25,53.3,150,10740,0
BANKNIFTY29MAY2560100CE.NFO,2025-04-25,14:53:00,2025-05-29,53.3,56.15,53.3,54.6,1020,10740,0
BANKNIFTY29MAY2560100CE.NFO,2025-04-25,14:54:00,2025-05-29,54.6,56.0,54.6,56.0,660,10740,0
BANKNIFTY29MAY2560100CE.NFO,2025-04-25,14:55:00,2025-05-29,56.0,56.35,56.0,56.35,120,11250,0
BANKNIFTY29MAY2560100CE.NFO,2025-04-25,14:56:00,2025-05-29,56.35,56.35,56.35,56.35,0,11250,0
BANKNIFTY29MAY2560100CE.NFO,2025-04-25,14:57:00,2025-05-29,56.35,56.35,56.35,56.35,0,11250,0
BANKNIFTY29MAY2560100CE.NFO,2025-04-25,14:58:00,2025-05-29,56.35,56.35,55.8,55.8,1080,11130,0
BANKNIFTY29MAY2560100CE.NFO,2025-04-25,14:59:00,2025-05-29,55.8,55.8,55.8,55.8,0,11130,0
BANKNIFTY29MAY2560100CE.NFO,2025-04-25,15:00:00,2025-05-29,55.8,55.8,54.95,55.1,120,11130,0
BANKNIFTY29MAY2560100CE.NFO,2025-04-25,15:01:00,2025-05-29,55.1,55.1,53.8,53.8,660,11340,0
BANKNIFTY29MAY2560100CE.NFO,2025-04-25,15:02:00,2025-05-29,53.8,53.8,52.65,52.85,330,11340,0
BANKNIFTY29MAY2560100CE.NFO,2025-04-25,15:03:00,2025-05-29,52.85,53.75,52.85,53.75,30,11340,0
BANKNIFTY29MAY2560100CE.NFO,2025-04-25,15:04:00,2025-05-29,53.75,53.75,53.75,53.75,0,11340,0
BANKNIFTY29MAY2560100CE.NFO,2025-04-25,15:05:00,2025-05-29,53.75,53.75,53.75,53.75,0,11340,0
BANKNIFTY29MAY2560100CE.NFO,2025-04-25,15:06:00,2025-05-29,53.75,53.75,53.75,53.75,0,11340,0
BANKNIFTY29MAY2560100CE.NFO,2025-04-25,15:07:00,2025-05-29,53.75,57.4,53.75,57.4,120,10980,0
BANKNIFTY29MAY2560100CE.NFO,2025-04-25,15:08:00,2025-05-29,57.4,57.4,54.0,54.7,2730,10980,0
BANKNIFTY29MAY2560100CE.NFO,2025-04-25,15:09:00,2025-05-29,54.7,54.7,54.1,54.1,480,10980,0
BANKNIFTY29MAY2560100CE.NFO,2025-04-25,15:10:00,2025-05-29,55.1,55.3,55.1,55.3,60,9990,0
BANKNIFTY29MAY2560100CE.NFO,2025-04-25,15:11:00,2025-05-29,55.3,55.3,54.8,54.8,90,9990,0
BANKNIFTY29MAY2560100CE.NFO,2025-04-25,15:12:00,2025-05-29,54.8,54.8,54.8,54.8,0,9990,0
BANKNIFTY29MAY2560100CE.NFO,2025-04-25,15:13:00,2025-05-29,54.8,54.85,53.4,54.15,810,10020,0
BANKNIFTY29MAY2560100CE.NFO,2025-04-25,15:14:00,2025-05-29,54.15,54.15,53.3,53.3,60,10020,0
BANKNIFTY29MAY2560100CE.NFO,2025-04-25,15:15:00,2025-05-29,53.3,53.35,52.95,53.35,240,10020,0
BANKNIFTY29MAY2560100CE.NFO,2025-04-25,15:16:00,2025-05-29,53.35,53.35,51.95,51.95,120,9840,0
BANKNIFTY29MAY2560100CE.NFO,2025-04-25,15:17:00,2025-05-29,51.95,51.95,50.45,50.45,60,9840,0
BANKNIFTY29MAY2560100CE.NFO,2025-04-25,15:18:00,2025-05-29,50.45,51.3,50.45,51.25,90,9840,0
BANKNIFTY29MAY2560100CE.NFO,2025-04-25,15:19:00,2025-05-29,51.25,52.35,50.6,50.6,120,9750,0
BANKNIFTY29MAY2560100CE.NFO,2025-04-25,15:20:00,2025-05-29,50.6,50.6,50.6,50.6,0,9750,0
BANKNIFTY29MAY2560100CE.NFO,2025-04-25,15:21:00,2025-05-29,50.6,50.6,48.7,49.3,510,9750,0
BANKNIFTY29MAY2560100CE.NFO,2025-04-25,15:22:00,2025-05-29,49.3,49.3,48.0,48.5,570,10230,0
BANKNIFTY29MAY2560100CE.NFO,2025-04-25,15:23:00,2025-05-29,48.5,49.45,48.15,49.1,210,10230,0
BANKNIFTY29MAY2560100CE.NFO,2025-04-25,15:24:00,2025-05-29,49.1,49.1,49.0,49.0,30,10230,0
BANKNIFTY29MAY2560100CE.NFO,2025-04-25,15:25:00,2025-05-29,49.0,49.0,49.0,49.0,0,10230,0
BANKNIFTY29MAY2560100CE.NFO,2025-04-25,15:26:00,2025-05-29,49.0,49.9,49.0,49.9,390,10320,0
BANKNIFTY29MAY2560100CE.NFO,2025-04-25,15:27:00,2025-05-29,49.9,49.9,47.55,49.9,270,10320,0
BANKNIFTY29MAY2560100CE.NFO,2025-04-25,15:28:00,2025-05-29,49.9,49.9,49.9,49.9,0,10320,0
BANKNIFTY29MAY2560100CE.NFO,2025-04-25,15:29:00,2025-05-29,49.9,49.9,46.25,49.0,1230,9780,0
BANKNIFTY29MAY2560100CE.NFO,2025-04-25,15:30:00,2025-05-29,49.0,49.0,49.0,49.0,1230,9780,1
BANKNIFTY29MAY2560100CE.NFO,2025-04-28,09:15:00,2025-05-29,52.4,53.25,45.55,50.3,330,10020,0
BANKNIFTY29MAY2560100CE.NFO,2025-04-28,09:16:00,2025-05-29,50.3,53.7,50.05,51.25,750,10020,0
BANKNIFTY29MAY2560100CE.NFO,2025-04-28,09:17:00,2025-05-29,50.45,57.1,50.45,55.9,1320,10020,0
BANKNIFTY29MAY2560100CE.NFO,2025-04-28,09:18:00,2025-05-29,53.05,56.9,53.05,55.8,660,11070,0
BANKNIFTY29MAY2560100CE.NFO,2025-04-28,09:19:00,2025-05-29,55.8,55.8,53.75,54.9,690,11070,0
BANKNIFTY29MAY2560100CE.NFO,2025-04-28,09:20:00,2025-05-29,54.9,58.4,52.9,58.4,660,11070,0
BANKNIFTY29MAY2560100CE.NFO,2025-04-28,09:21:00,2025-05-29,58.4,59.8,52.5,58.25,1290,10140,0
BANKNIFTY29MAY2560100CE.NFO,2025-04-28,09:22:00,2025-05-29,58.25,60.25,56.9,59.65,1590,10140,0
BANKNIFTY29MAY2560100CE.NFO,2025-04-28,09:23:00,2025-05-29,57.35,58.75,57.35,58.1,450,10140,0
BANKNIFTY29MAY2560100CE.NFO,2025-04-28,09:24:00,2025-05-29,58.1,59.85,58.1,59.85,540,11190,0
BANKNIFTY29MAY2560100CE.NFO,2025-04-28,09:25:00,2025-05-29,59.85,66.75,58.45,65.65,1800,11190,0
BANKNIFTY29MAY2560100CE.NFO,2025-04-28,09:26:00,2025-05-29,65.65,65.95,62.55,62.8,2160,11190,0
BANKNIFTY29MAY2560100CE.NFO,2025-04-28,09:27:00,2025-05-29,62.8,65.5,62.8,63.55,1800,12660,0
BANKNIFTY29MAY2560100CE.NFO,2025-04-28,09:28:00,2025-05-29,63.55,65.1,63.55,65.1,150,12660,0
BANKNIFTY29MAY2560100CE.NFO,2025-04-28,09:29:00,2025-05-29,65.1,65.1,59.75,59.75,1770,12660,0
BANKNIFTY29MAY2560100CE.NFO,2025-04-28,09:30:00,2025-05-29,59.75,64.2,59.75,64.2,630,11880,0
BANKNIFTY29MAY2560100CE.NFO,2025-04-28,09:31:00,2025-05-29,64.2,64.4,63.0,63.65,360,11880,0
BANKNIFTY29MAY2560100CE.NFO,2025-04-28,09:32:00,2025-05-29,63.65,64.95,63.65,64.45,660,11880,0
BANKNIFTY29MAY2560100CE.NFO,2025-04-28,09:33:00,2025-05-29,64.45,66.75,64.45,65.5,660,12330,0
BANKNIFTY29MAY2560100CE.NFO,2025-04-28,09:34:00,2025-05-29,65.5,68.2,64.2,67.1,2460,12330,0
BANKNIFTY29MAY2560100CE.NFO,2025-04-28,09:35:00,2025-05-29,67.1,67.8,65.9,65.9,1260,12330,0
BANKNIFTY29MAY2560100CE.NFO,2025-04-28,09:36:00,2025-05-29,65.9,67.25,64.7,66.25,1230,13260,0
BANKNIFTY29MAY2560100CE.NFO,2025-04-28,09:37:00,2025-05-29,66.95,67.35,66.0,67.1,1170,13260,0
BANKNIFTY29MAY2560100CE.NFO,2025-04-28,09:38:00,2025-05-29,67.1,67.3,65.8,65.8,1080,13260,0
BANKNIFTY29MAY2560100CE.NFO,2025-04-28,09:39:00,2025-05-29,65.8,65.8,63.75,64.0,780,12930,0
BANKNIFTY29MAY2560100CE.NFO,2025-04-28,09:40:00,2025-05-29,64.0,64.0,61.0,61.0,1110,12930,0
BANKNIFTY29MAY2560100CE.NFO,2025-04-28,09:41:00,2025-05-29,61.0,62.15,59.0,59.0,1920,12930,0
BANKNIFTY29MAY2560100CE.NFO,2025-04-28,09:42:00,2025-05-29,58.5,61.75,57.65,61.35,1950,12060,0
BANKNIFTY29MAY2560100CE.NFO,2025-04-28,09:43:00,2025-05-29,61.35,63.0,61.35,63.0,450,12060,0
BANKNIFTY29MAY2560100CE.NFO,2025-04-28,09:44:00,2025-05-29,63.0,63.65,62.0,62.05,1140,12060,0
BANKNIFTY29MAY2560100CE.NFO,2025-04-28,09:45:00,2025-05-29,62.05,65.85,62.05,65.85,1110,11610,0
BANKNIFTY29MAY2560100CE.NFO,2025-04-28,09:46:00,2025-05-29,65.85,66.25,65.85,66.25,60,11610,0
BANKNIFTY29MAY2560100CE.NFO,2025-04-28,09:47:00,2025-05-29,66.25,66.25,63.95,65.1,900,11610,0
BANKNIFTY29MAY2560100CE.NFO,2025-04-28,09:48:00,2025-05-29,65.1,65.1,63.05,63.3,930,12000,0
BANKNIFTY29MAY2560100CE.NFO,2025-04-28,09:49:00,2025-05-29,63.3,63.45,61.2,62.05,1860,12000,0
BANKNIFTY29MAY2560100CE.NFO,2025-04-28,09:50:00,2025-05-29,62.05,63.2,62.05,62.9,180,12000,0
BANKNIFTY29MAY2560100CE.NFO,2025-04-28,09:51:00,2025-05-29,62.9,63.05,61.8,62.65,1140,12180,0
BANKNIFTY29MAY2560100CE.NFO,2025-04-28,09:52:00,2025-05-29,62.65,62.65,60.4,60.4,1170,12180,0
BANKNIFTY29MAY2560100CE.NFO,2025-04-28,09:53:00,2025-05-29,60.4,62.6,59.0,59.0,2430,12180,0
BANKNIFTY29MAY2560100CE.NFO,2025-04-28,09:54:00,2025-05-29,59.0,60.3,58.05,59.0,3060,12840,0
BANKNIFTY29MAY2560100CE.NFO,2025-04-28,09:55:00,2025-05-29,59.0,61.05,59.0,60.6,900,12840,0
BANKNIFTY29MAY2560100CE.NFO,2025-04-28,09:56:00,2025-05-29,60.6,60.6,59.25,59.4,120,12840,0
BANKNIFTY29MAY2560100CE.NFO,2025-04-28,09:57:00,2025-05-29,59.4,61.55,59.4,61.55,330,13380,0
BANKNIFTY29MAY2560100CE.NFO,2025-04-28,09:58:00,2025-05-29,61.55,63.35,61.0,62.75,3570,13380,0
BANKNIFTY29MAY2560100CE.NFO,2025-04-28,09:59:00,2025-05-29,62.75,63.0,62.75,62.95,120,13380,0
BANKNIFTY29MAY2560100CE.NFO,2025-04-28,10:00:00,2025-05-29,62.95,62.95,61.8,62.45,600,13740,0
BANKNIFTY29MAY2560100CE.NFO,2025-04-28,10:01:00,2025-05-29,62.45,62.45,60.65,60.65,1170,13740,0
BANKNIFTY29MAY2560100CE.NFO,2025-04-28,10:02:00,2025-05-29,60.65,61.95,60.25,61.5,450,13740,0
BANKNIFTY29MAY2560100CE.NFO,2025-04-28,10:03:00,2025-05-29,61.5,62.6,60.7,62.6,1440,14130,0
BANKNIFTY29MAY2560100CE.NFO,2025-04-28,10:04:00,2025-05-29,62.6,62.6,62.25,62.25,240,14130,0
BANKNIFTY29MAY2560100CE.NFO,2025-04-28,10:05:00,2025-05-29,62.25,64.05,62.25,63.0,1020,14130,0
BANKNIFTY29MAY2560100CE.NFO,2025-04-28,10:06:00,2025-05-29,63.0,63.55,60.45,60.45,390,14100,0
BANKNIFTY29MAY2560100CE.NFO,2025-04-28,10:07:00,2025-05-29,60.45,62.4,60.45,62.4,420,14100,0
BANKNIFTY29MAY2560100CE.NFO,2025-04-28,10:08:00,2025-05-29,62.4,62.85,62.4,62.55,240,14100,0
BANKNIFTY29MAY2560100CE.NFO,2025-04-28,10:09:00,2025-05-29,62.55,62.55,62.45,62.45,60,14010,0
BANKNIFTY29MAY2560100CE.NFO,2025-04-28,10:10:00,2025-05-29,62.45,63.5,62.45,63.5,390,14010,0
BANKNIFTY29MAY2560100CE.NFO,2025-04-28,10:11:00,2025-05-29,63.5,63.5,62.6,62.95,660,14010,0
BANKNIFTY29MAY2560100CE.NFO,2025-04-28,10:12:00,2025-05-29,62.95,62.95,61.35,61.35,60,14280,0
BANKNIFTY29MAY2560100CE.NFO,2025-04-28,10:13:00,2025-05-29,61.35,63.55,61.35,63.55,1110,14280,0
BANKNIFTY29MAY2560100CE.NFO,2025-04-28,10:14:00,2025-05-29,63.55,66.6,63.55,65.5,1470,14280,0
BANKNIFTY29MAY2560100CE.NFO,2025-04-28,10:15:00,2025-05-29,65.7,66.6,63.95,64.55,2610,15450,0
BANKNIFTY29MAY2560100CE.NFO,2025-04-28,10:16:00,2025-05-29,64.55,64.7,63.3,64.35,780,15450,0
BANKNIFTY29MAY2560100CE.NFO,2025-04-28,10:17:00,2025-05-29,64.35,65.5,64.35,64.9,270,15450,0
BANKNIFTY29MAY2560100CE.NFO,2025-04-28,10:18:00,2025-05-29,64.9,65.05,63.55,65.05,810,15000,0
BANKNIFTY29MAY2560100CE.NFO,2025-04-28,10:19:00,2025-05-29,65.05,65.6,64.45,64.45,390,15000,0
BANKNIFTY29MAY2560100CE.NFO,2025-04-28,10:20:00,2025-05-29,64.45,64.45,63.65,63.65,480,15000,0
BANKNIFTY29MAY2560100CE.NFO,2025-04-28,10:21:00,2025-05-29,63.65,64.0,63.3,64.0,390,14880,0
BANKNIFTY29MAY2560100CE.NFO,2025-04-28,10:22:00,2025-05-29,64.0,64.5,63.55,63.7,240,14880,0
BANKNIFTY29MAY2560100CE.NFO,2025-04-28,10:23:00,2025-05-29,63.7,64.05,62.1,62.1,180,14880,0
BANKNIFTY29MAY2560100CE.NFO,2025-04-28,10:24:00,2025-05-29,62.1,62.3,62.05,62.05,270,14790,0
BANKNIFTY29MAY2560100CE.NFO,2025-04-28,10:25:00,2025-05-29,62.05,62.15,61.2,61.2,60,14790,0
BANKNIFTY29MAY2560100CE.NFO,2025-04-28,10:26:00,2025-05-29,61.2,63.4,61.2,63.4,570,14790,0
BANKNIFTY29MAY2560100CE.NFO,2025-04-28,10:27:00,2025-05-29,63.4,63.4,62.5,62.5,300,14790,0
BANKNIFTY29MAY2560100CE.NFO,2025-04-28,10:28:00,2025-05-29,62.5,62.95,62.5,62.95,300,14670,0
BANKNIFTY29MAY2560100CE.NFO,2025-04-28,10:29:00,2025-05-29,62.95,62.95,61.65,61.65,90,14670,0
BANKNIFTY29MAY2560100CE.NFO,2025-04-28,10:30:00,2025-05-29,61.65,62.05,60.55,61.3,150,14670,0
BANKNIFTY29MAY2560100CE.NFO,2025-04-28,10:31:00,2025-05-29,61.3,63.3,61.3,63.25,150,14970,0
BANKNIFTY29MAY2560100CE.NFO,2025-04-28,10:32:00,2025-05-29,63.25,63.7,62.45,62.9,390,14970,0
BANKNIFTY29MAY2560100CE.NFO,2025-04-28,10:33:00,2025-05-29,62.9,62.9,61.5,61.5,30,14820,0
BANKNIFTY29MAY2560100CE.NFO,2025-04-28,10:34:00,2025-05-29,61.5,63.1,61.5,62.9,600,14820,0
BANKNIFTY29MAY2560100CE.NFO,2025-04-28,10:35:00,2025-05-29,62.9,62.9,62.9,62.9,0,14820,0
BANKNIFTY29MAY2560100CE.NFO,2025-04-28,10:36:00,2025-05-29,62.9,62.9,62.9,62.9,0,14820,0
BANKNIFTY29MAY2560100CE.NFO,2025-04-28,10:37:00,2025-05-29,62.9,62.9,62.9,62.9,30,14850,0
BANKNIFTY29MAY2560100CE.NFO,2025-04-28,10:38:00,2025-05-29,62.9,62.9,62.9,62.9,0,14850,0
BANKNIFTY29MAY2560100CE.NFO,2025-04-28,10:39:00,2025-05-29,62.9,65.4,62.9,65.1,1620,15630,0
BANKNIFTY29MAY2560100CE.NFO,2025-04-28,10:40:00,2025-05-29,65.1,65.55,64.85,65.55,390,15630,0
BANKNIFTY29MAY2560100CE.NFO,2025-04-28,10:41:00,2025-05-29,65.55,65.55,64.8,64.8,150,15630,0
BANKNIFTY29MAY2560100CE.NFO,2025-04-28,10:42:00,2025-05-29,64.8,65.95,64.8,65.05,60,15540,0
BANKNIFTY29MAY2560100CE.NFO,2025-04-28,10:43:00,2025-05-29,65.05,65.75,65.0,65.75,300,15540,0
BANKNIFTY29MAY2560100CE.NFO,2025-04-28,10:44:00,2025-05-29,65.75,65.75,64.0,64.45,360,15540,0
BANKNIFTY29MAY2560100CE.NFO,2025-04-28,10:45:00,2025-05-29,64.45,64.45,64.45,64.45,0,15540,0
BANKNIFTY29MAY2560100CE.NFO,2025-04-28,10:46:00,2025-05-29,64.45,64.45,64.4,64.4,90,15150,0
BANKNIFTY29MAY2560100CE.NFO,2025-04-28,10:47:00,2025-05-29,64.4,64.4,64.4,64.4,0,15150,0
BANKNIFTY29MAY2560100CE.NFO,2025-04-28,10:48:00,2025-05-29,64.4,64.4,63.7,63.7,30,15150,0
BANKNIFTY29MAY2560100CE.NFO,2025-04-28,10:49:00,2025-05-29,63.7,66.1,63.7,64.85,210,15030,0
BANKNIFTY29MAY2560100CE.NFO,2025-04-28,10:50:00,2025-05-29,64.85,64.85,64.85,64.85,0,15030,0
BANKNIFTY29MAY2560100CE.NFO,2025-04-28,10:51:00,2025-05-29,64.85,64.85,63.65,64.4,120,15030,0
BANKNIFTY29MAY2560100CE.NFO,2025-04-28,10:52:00,2025-05-29,64.4,64.8,63.85,64.5,240,14880,0
BANKNIFTY29MAY2560100CE.NFO,2025-04-28,10:53:00,2025-05-29,64.5,66.45,64.5,66.45,330,14880,0
BANKNIFTY29MAY2560100CE.NFO,2025-04-28,10:54:00,2025-05-29,66.45,66.45,65.3,65.3,90,14940,0
BANKNIFTY29MAY2560100CE.NFO,2025-04-28,10:55:00,2025-05-29,65.3,65.3,64.55,64.55,330,14940,0
BANKNIFTY29MAY2560100CE.NFO,2025-04-28,10:56:00,2025-05-29,64.55,65.0,64.55,65.0,30,14940,0
BANKNIFTY29MAY2560100CE.NFO,2025-04-28,10:57:00,2025-05-29,65.0,65.0,65.0,65.0,0,14940,0
BANKNIFTY29MAY2560100CE.NFO,2025-04-28,10:58:00,2025-05-29,65.0,65.0,65.0,65.0,0,14940,0
BANKNIFTY29MAY2560100CE.NFO,2025-04-28,10:59:00,2025-05-29,65.0,65.65,65.0,65.65,210,14970,0
BANKNIFTY29MAY2560100CE.NFO,2025-04-28,11:00:00,2025-05-29,65.65,65.65,65.5,65.5,30,14970,0
BANKNIFTY29MAY2560100CE.NFO,2025-04-28,11:01:00,2025-05-29,65.5,65.5,65.5,65.5,0,14970,0
BANKNIFTY29MAY2560100CE.NFO,2025-04-28,11:02:00,2025-05-29,65.5,65.5,65.5,65.5,0,14970,0
BANKNIFTY29MAY2560100CE.NFO,2025-04-28,11:03:00,2025-05-29,65.5,65.5,65.5,65.5,0,14970,0
BANKNIFTY29MAY2560100CE.NFO,2025-04-28,11:04:00,2025-05-29,65.5,65.5,65.5,65.5,0,14970,0
BANKNIFTY29MAY2560100CE.NFO,2025-04-28,11:05:00,2025-05-29,65.5,65.5,64.4,64.4,1770,14940,0
BANKNIFTY29MAY2560100CE.NFO,2025-04-28,11:06:00,2025-05-29,64.4,64.4,64.4,64.4,0,14940,0
BANKNIFTY29MAY2560100CE.NFO,2025-04-28,11:07:00,2025-05-29,64.4,65.7,64.4,65.7,780,16020,0
BANKNIFTY29MAY2560100CE.NFO,2025-04-28,11:08:00,2025-05-29,65.7,65.7,64.3,64.3,120,16020,0
BANKNIFTY29MAY2560100CE.NFO,2025-04-28,11:09:00,2025-05-29,64.3,65.05,64.3,65.05,30,16020,0
BANKNIFTY29MAY2560100CE.NFO,2025-04-28,11:10:00,2025-05-29,65.05,65.05,64.25,64.25,360,16680,0
BANKNIFTY29MAY2560100CE.NFO,2025-04-28,11:11:00,2025-05-29,64.25,64.7,64.25,64.45,30,16680,0
BANKNIFTY29MAY2560100CE.NFO,2025-04-28,11:12:00,2025-05-29,64.45,64.45,63.15,63.3,1050,16050,0
BANKNIFTY29MAY2560100CE.NFO,2025-04-28,11:13:00,2025-05-29,63.3,63.3,62.4,62.4,780,16050,0
BANKNIFTY29MAY2560100CE.NFO,2025-04-28,11:14:00,2025-05-29,62.4,62.4,62.15,62.15,210,16050,0
BANKNIFTY29MAY2560100CE.NFO,2025-04-28,11:15:00,2025-05-29,62.15,62.15,61.2,61.2,420,16050,0
BANKNIFTY29MAY2560100CE.NFO,2025-04-28,11:16:00,2025-05-29,61.2,61.8,59.8,60.0,480,16140,0
BANKNIFTY29MAY2560100CE.NFO,2025-04-28,11:17:00,2025-05-29,60.0,60.8,60.0,60.8,0,16140,0
BANKNIFTY29MAY2560100CE.NFO,2025-04-28,11:18:00,2025-05-29,60.8,60.8,59.9,59.9,210,16140,0
BANKNIFTY29MAY2560100CE.NFO,2025-04-28,11:19:00,2025-05-29,59.9,60.5,59.9,59.95,150,16440,0
BANKNIFTY29MAY2560100CE.NFO,2025-04-28,11:20:00,2025-05-29,59.95,60.1,58.8,59.25,1080,16440,0
BANKNIFTY29MAY2560100CE.NFO,2025-04-28,11:21:00,2025-05-29,59.25,59.7,59.25,59.7,90,16440,0
BANKNIFTY29MAY2560100CE.NFO,2025-04-28,11:22:00,2025-05-29,59.7,60.3,59.7,60.3,720,16050,0
BANKNIFTY29MAY2560100CE.NFO,2025-04-28,11:23:00,2025-05-29,60.3,61.15,60.0,61.15,180,16050,0
BANKNIFTY29MAY2560100CE.NFO,2025-04-28,11:24:00,2025-05-29,61.15,61.15,60.5,60.5,510,15840,0
BANKNIFTY29MAY2560100CE.NFO,2025-04-28,11:25:00,2025-05-29,60.5,60.55,59.85,60.45,450,15840,0
BANKNIFTY29MAY2560100CE.NFO,2025-04-28,11:26:00,2025-05-29,60.45,60.45,60.45,60.45,0,15840,0
BANKNIFTY29MAY2560100CE.NFO,2025-04-28,11:27:00,2025-05-29,60.45,62.95,60.45,62.5,1050,15900,0
BANKNIFTY29MAY2560100CE.NFO,2025-04-28,11:28:00,2025-05-29,62.5,63.0,62.35,63.0,270,15900,0
BANKNIFTY29MAY2560100CE.NFO,2025-04-28,11:29:00,2025-05-29,63.0,63.55,62.8,63.55,1500,15900,0
BANKNIFTY29MAY2560100CE.NFO,2025-04-28,11:30:00,2025-05-29,63.55,63.55,63.4,63.4,30,16350,0
BANKNIFTY29MAY2560100CE.NFO,2025-04-28,11:31:00,2025-05-29,63.4,64.3,62.65,63.65,570,16350,0
BANKNIFTY29MAY2560100CE.NFO,2025-04-28,11:32:00,2025-05-29,63.65,64.2,63.2,63.8,540,16350,0
BANKNIFTY29MAY2560100CE.NFO,2025-04-28,11:33:00,2025-05-29,63.8,63.8,62.85,62.9,810,16350,0
BANKNIFTY29MAY2560100CE.NFO,2025-04-28,11:34:00,2025-05-29,62.9,62.9,62.9,62.9,0,16350,0
BANKNIFTY29MAY2560100CE.NFO,2025-04-28,11:35:00,2025-05-29,62.9,62.9,62.9,62.9,0,16350,0
BANKNIFTY29MAY2560100CE.NFO,2025-04-28,11:36:00,2025-05-29,62.9,62.9,62.9,62.9,0,16350,0
BANKNIFTY29MAY2560100CE.NFO,2025-04-28,11:37:00,2025-05-29,62.9,64.7,62.9,64.05,90,15900,0
BANKNIFTY29MAY2560100CE.NFO,2025-04-28,11:38:00,2025-05-29,64.05,64.6,64.05,64.6,240,15900,0
BANKNIFTY29MAY2560100CE.NFO,2025-04-28,11:39:00,2025-05-29,64.6,64.65,64.45,64.65,180,15900,0
BANKNIFTY29MAY2560100CE.NFO,2025-04-28,11:40:00,2025-05-29,64.65,64.65,64.5,64.5,60,16050,0
BANKNIFTY29MAY2560100CE.NFO,2025-04-28,11:41:00,2025-05-29,64.5,64.75,64.5,64.55,120,16050,0
BANKNIFTY29MAY2560100CE.NFO,2025-04-28,11:42:00,2025-05-29,64.55,65.65,64.55,65.1,360,16140,0
BANKNIFTY29MAY2560100CE.NFO,2025-04-28,11:43:00,2025-05-29,65.1,65.25,64.7,65.25,90,16140,0
BANKNIFTY29MAY2560100CE.NFO,2025-04-28,11:44:00,2025-05-29,65.25,65.25,64.15,64.15,180,16140,0
BANKNIFTY29MAY2560100CE.NFO,2025-04-28,11:45:00,2025-05-29,64.15,65.25,64.15,65.25,60,16140,0
BANKNIFTY29MAY2560100CE.NFO,2025-04-28,11:46:00,2025-05-29,65.25,66.05,65.25,65.3,120,16110,0
BANKNIFTY29MAY2560100CE.NFO,2025-04-28,11:47:00,2025-05-29,65.3,67.15,65.3,67.15,180,16110,0
BANKNIFTY29MAY2560100CE.NFO,2025-04-28,11:48:00,2025-05-29,67.15,67.2,65.6,65.6,240,16110,0
BANKNIFTY29MAY2560100CE.NFO,2025-04-28,11:49:00,2025-05-29,65.6,67.35,65.6,67.35,90,16320,0
BANKNIFTY29MAY2560100CE.NFO,2025-04-28,11:50:00,2025-05-29,66.15,66.45,66.15,66.45,390,16320,0
BANKNIFTY29MAY2560100CE.NFO,2025-04-28,11:51:00,2025-05-29,66.45,68.85,66.15,66.95,870,17070,0
BANKNIFTY29MAY2560100CE.NFO,2025-04-28,11:52:00,2025-05-29,66.95,68.9,66.85,66.85,780,17070,0
BANKNIFTY29MAY2560100CE.NFO,2025-04-28,11:53:00,2025-05-29,66.85,70.2,66.85,69.0,1470,17070,0
BANKNIFTY29MAY2560100CE.NFO,2025-04-28,11:54:00,2025-05-29,70.55,71.65,68.85,68.85,1980,15630,0
BANKNIFTY29MAY2560100CE.NFO,2025-04-28,11:55:00,2025-05-29,68.85,69.55,68.25,68.25,240,15630,0
BANKNIFTY29MAY2560100CE.NFO,2025-04-28,11:56:00,2025-05-29,68.25,71.0,68.25,70.65,180,15630,0
BANKNIFTY29MAY2560100CE.NFO,2025-04-28,11:57:00,2025-05-29,70.65,70.65,70.1,70.1,60,15630,0
BANKNIFTY29MAY2560100CE.NFO,2025-04-28,11:58:00,2025-05-29,70.1,70.1,66.65,66.7,60,15600,0
BANKNIFTY29MAY2560100CE.NFO,2025-04-28,11:59:00,2025-05-29,66.7,67.9,66.7,67.85,1710,15600,0
BANKNIFTY29MAY2560100CE.NFO,2025-04-28,12:00:00,2025-05-29,67.85,69.3,67.85,69.3,30,15600,0
BANKNIFTY29MAY2560100CE.NFO,2025-04-28,12:01:00,2025-05-29,69.3,69.3,68.05,68.05,480,15240,0
BANKNIFTY29MAY2560100CE.NFO,2025-04-28,12:02:00,2025-05-29,68.05,68.45,68.05,68.45,90,15240,0
BANKNIFTY29MAY2560100CE.NFO,2025-04-28,12:03:00,2025-05-29,68.45,68.45,67.95,67.95,30,15420,0
BANKNIFTY29MAY2560100CE.NFO,2025-04-28,12:04:00,2025-05-29,67.95,67.95,66.9,66.9,150,15420,0
BANKNIFTY29MAY2560100CE.NFO,2025-04-28,12:05:00,2025-05-29,66.9,67.3,66.7,67.3,180,15420,0
BANKNIFTY29MAY2560100CE.NFO,2025-04-28,12:06:00,2025-05-29,67.3,69.0,67.2,69.0,390,15690,0
BANKNIFTY29MAY2560100CE.NFO,2025-04-28,12:07:00,2025-05-29,69.0,69.7,69.0,69.05,180,15690,0
BANKNIFTY29MAY2560100CE.NFO,2025-04-28,12:08:00,2025-05-29,69.05,69.4,68.85,68.85,90,15690,0
BANKNIFTY29MAY2560100CE.NFO,2025-04-28,12:09:00,2025-05-29,68.85,68.85,67.7,67.95,240,15690,0
BANKNIFTY29MAY2560100CE.NFO,2025-04-28,12:10:00,2025-05-29,67.95,68.7,67.95,68.5,180,15810,0
BANKNIFTY29MAY2560100CE.NFO,2025-04-28,12:11:00,2025-05-29,68.5,69.05,68.45,68.75,90,15810,0
BANKNIFTY29MAY2560100CE.NFO,2025-04-28,12:12:00,2025-05-29,68.75,68.75,68.1,68.65,270,15810,0
BANKNIFTY29MAY2560100CE.NFO,2025-04-28,12:13:00,2025-05-29,68.65,68.65,68.65,68.65,0,15810,0
BANKNIFTY29MAY2560100CE.NFO,2025-04-28,12:14:00,2025-05-29,68.65,68.65,68.25,68.25,30,15810,0
BANKNIFTY29MAY2560100CE.NFO,2025-04-28,12:15:00,2025-05-29,68.25,69.35,68.2,69.35,300,15780,0
BANKNIFTY29MAY2560100CE.NFO,2025-04-28,12:16:00,2025-05-29,69.35,70.4,69.35,70.0,480,15780,0
BANKNIFTY29MAY2560100CE.NFO,2025-04-28,12:17:00,2025-05-29,70.0,71.1,70.0,71.0,180,15780,0
BANKNIFTY29MAY2560100CE.NFO,2025-04-28,12:18:00,2025-05-29,71.0,72.35,69.95,71.85,2460,16380,0
BANKNIFTY29MAY2560100CE.NFO,2025-04-28,12:19:00,2025-05-29,71.85,72.35,71.2,71.8,180,16380,0
BANKNIFTY29MAY2560100CE.NFO,2025-04-28,12:20:00,2025-05-29,71.8,72.25,71.45,72.25,270,16380,0
BANKNIFTY29MAY2560100CE.NFO,2025-04-28,12:21:00,2025-05-29,72.25,72.25,71.55,71.55,180,16380,0
BANKNIFTY29MAY2560100CE.NFO,2025-04-28,12:22:00,2025-05-29,71.55,74.0,71.55,74.0,30,16170,0
BANKNIFTY29MAY2560100CE.NFO,2025-04-28,12:23:00,2025-05-29,74.0,74.1,72.4,74.1,780,16170,0
BANKNIFTY29MAY2560100CE.NFO,2025-04-28,12:24:00,2025-05-29,74.1,74.1,72.15,72.7,990,16560,0
BANKNIFTY29MAY2560100CE.NFO,2025-04-28,12:25:00,2025-05-29,72.7,72.8,71.6,71.6,300,16560,0
BANKNIFTY29MAY2560100CE.NFO,2025-04-28,12:26:00,2025-05-29,71.6,73.15,71.6,72.2,240,16560,0
BANKNIFTY29MAY2560100CE.NFO,2025-04-28,12:27:00,2025-05-29,72.2,72.6,71.95,72.6,810,16560,0
BANKNIFTY29MAY2560100CE.NFO,2025-04-28,12:28:00,2025-05-29,72.6,74.85,72.6,74.85,150,16920,0
BANKNIFTY29MAY2560100CE.NFO,2025-04-28,12:29:00,2025-05-29,74.85,75.55,74.55,75.55,480,16920,0
BANKNIFTY29MAY2560100CE.NFO,2025-04-28,12:30:00,2025-05-29,76.5,77.65,76.0,76.25,1110,17280,0
BANKNIFTY29MAY2560100CE.NFO,2025-04-28,12:31:00,2025-05-29,76.25,76.25,74.35,74.6,480,17280,0
BANKNIFTY29MAY2560100CE.NFO,2025-04-28,12:32:00,2025-05-29,74.6,74.6,74.6,74.6,0,17280,0
BANKNIFTY29MAY2560100CE.NFO,2025-04-28,12:33:00,2025-05-29,74.6,75.3,74.45,75.3,480,17490,0
BANKNIFTY29MAY2560100CE.NFO,2025-04-28,12:34:00,2025-05-29,75.3,76.8,75.3,76.8,120,17490,0
BANKNIFTY29MAY2560100CE.NFO,2025-04-28,12:35:00,2025-05-29,76.8,76.8,76.2,76.2,180,17490,0
BANKNIFTY29MAY2560100CE.NFO,2025-04-28,12:36:00,2025-05-29,76.2,76.75,74.85,75.3,240,17490,0
BANKNIFTY29MAY2560100CE.NFO,2025-04-28,12:37:00,2025-05-29,75.3,76.25,75.3,76.2,450,17850,0
BANKNIFTY29MAY2560100CE.NFO,2025-04-28,12:38:00,2025-05-29,76.2,76.2,75.75,75.75,300,17850,0
BANKNIFTY29MAY2560100CE.NFO,2025-04-28,12:39:00,2025-05-29,75.75,76.3,75.0,76.3,60,17850,0
BANKNIFTY29MAY2560100CE.NFO,2025-04-28,12:40:00,2025-05-29,76.3,76.5,75.9,75.9,210,18180,0
BANKNIFTY29MAY2560100CE.NFO,2025-04-28,12:41:00,2025-05-29,75.9,75.9,75.6,75.6,30,18180,0
BANKNIFTY29MAY2560100CE.NFO,2025-04-28,12:42:00,2025-05-29,75.6,75.6,72.9,73.4,1500,18120,0
BANKNIFTY29MAY2560100CE.NFO,2025-04-28,12:43:00,2025-05-29,73.4,73.8,73.2,73.8,180,18120,0
BANKNIFTY29MAY2560100CE.NFO,2025-04-28,12:44:00,2025-05-29,73.8,73.8,72.5,73.2,1980,18120,0
BANKNIFTY29MAY2560100CE.NFO,2025-04-28,12:45:00,2025-05-29,73.2,73.2,73.2,73.2,0,18120,0
BANKNIFTY29MAY2560100CE.NFO,2025-04-28,12:46:00,2025-05-29,73.2,74.85,73.2,74.75,1680,18240,0
BANKNIFTY29MAY2560100CE.NFO,2025-04-28,12:47:00,2025-05-29,74.75,75.0,74.2,74.2,1020,18240,0
BANKNIFTY29MAY2560100CE.NFO,2025-04-28,12:48:00,2025-05-29,74.2,74.3,74.2,74.3,30,18240,0
BANKNIFTY29MAY2560100CE.NFO,2025-04-28,12:49:00,2025-05-29,74.3,75.25,74.3,75.25,300,19500,0
BANKNIFTY29MAY2560100CE.NFO,2025-04-28,12:50:00,2025-05-29,75.25,76.25,75.25,75.6,930,19500,0
BANKNIFTY29MAY2560100CE.NFO,2025-04-28,12:51:00,2025-05-29,75.6,75.95,75.6,75.95,30,19500,0
BANKNIFTY29MAY2560100CE.NFO,2025-04-28,12:52:00,2025-05-29,75.95,77.45,75.45,77.0,2580,20370,0
BANKNIFTY29MAY2560100CE.NFO,2025-04-28,12:53:00,2025-05-29,77.0,77.7,77.0,77.3,330,20370,0
BANKNIFTY29MAY2560100CE.NFO,2025-04-28,12:54:00,2025-05-29,77.3,78.7,77.3,78.05,180,20940,0
BANKNIFTY29MAY2560100CE.NFO,2025-04-28,12:55:00,2025-05-29,78.05,78.65,78.05,78.65,150,20940,0
BANKNIFTY29MAY2560100CE.NFO,2025-04-28,12:56:00,2025-05-29,78.65,81.6,78.3,80.6,960,20940,0
BANKNIFTY29MAY2560100CE.NFO,2025-04-28,12:57:00,2025-05-29,80.6,84.0,79.7,83.2,1110,20940,0
BANKNIFTY29MAY2560100CE.NFO,2025-04-28,12:58:00,2025-05-29,83.2,85.85,81.2,82.6,3420,21180,0
BANKNIFTY29MAY2560100CE.NFO,2025-04-28,12:59:00,2025-05-29,82.6,83.4,82.05,82.1,840,21180,0
BANKNIFTY29MAY2560100CE.NFO,2025-04-28,13:00:00,2025-05-29,82.1,82.45,81.8,81.9,300,21180,0
BANKNIFTY29MAY2560100CE.NFO,2025-04-28,13:01:00,2025-05-29,81.9,83.55,81.9,82.45,330,20640,0
BANKNIFTY29MAY2560100CE.NFO,2025-04-28,13:02:00,2025-05-29,82.45,82.45,79.4,79.55,300,20640,0
BANKNIFTY29MAY2560100CE.NFO,2025-04-28,13:03:00,2025-05-29,79.55,80.05,79.0,79.35,240,20640,0
BANKNIFTY29MAY2560100CE.NFO,2025-04-28,13:04:00,2025-05-29,79.35,79.35,78.25,78.5,1620,20730,0
BANKNIFTY29MAY2560100CE.NFO,2025-04-28,13:05:00,2025-05-29,78.5,79.05,78.5,79.05,1680,20730,0
BANKNIFTY29MAY2560100CE.NFO,2025-04-28,13:06:00,2025-05-29,79.05,79.05,78.7,78.95,330,20730,0
BANKNIFTY29MAY2560100CE.NFO,2025-04-28,13:07:00,2025-05-29,78.95,79.15,76.05,76.4,330,18750,0
BANKNIFTY29MAY2560100CE.NFO,2025-04-28,13:08:00,2025-05-29,76.4,77.0,75.75,76.3,420,18750,0
BANKNIFTY29MAY2560100CE.NFO,2025-04-28,13:09:00,2025-05-29,76.3,77.75,76.3,77.75,660,18750,0
BANKNIFTY29MAY2560100CE.NFO,2025-04-28,13:10:00,2025-05-29,77.75,78.4,77.75,78.4,90,19260,0
BANKNIFTY29MAY2560100CE.NFO,2025-04-28,13:11:00,2025-05-29,78.4,81.0,78.4,80.25,300,19260,0
BANKNIFTY29MAY2560100CE.NFO,2025-04-28,13:12:00,2025-05-29,80.25,80.25,77.3,77.3,210,19260,0
BANKNIFTY29MAY2560100CE.NFO,2025-04-28,13:13:00,2025-05-29,77.3,78.35,77.3,78.1,240,19110,0
BANKNIFTY29MAY2560100CE.NFO,2025-04-28,13:14:00,2025-05-29,78.1,79.2,78.1,79.2,60,19110,0
BANKNIFTY29MAY2560100CE.NFO,2025-04-28,13:15:00,2025-05-29,79.2,79.2,78.6,78.6,300,19110,0
BANKNIFTY29MAY2560100CE.NFO,2025-04-28,13:16:00,2025-05-29,78.6,79.95,78.6,79.95,90,18750,0
BANKNIFTY29MAY2560100CE.NFO,2025-04-28,13:17:00,2025-05-29,79.95,79.95,79.2,79.2,240,18750,0
BANKNIFTY29MAY2560100CE.NFO,2025-04-28,13:18:00,2025-05-29,79.2,79.35,77.8,77.8,330,18750,0
BANKNIFTY29MAY2560100CE.NFO,2025-04-28,13:19:00,2025-05-29,77.8,78.2,76.95,76.95,660,18570,0
BANKNIFTY29MAY2560100CE.NFO,2025-04-28,13:20:00,2025-05-29,76.95,76.95,75.25,75.25,60,18570,0
BANKNIFTY29MAY2560100CE.NFO,2025-04-28,13:21:00,2025-05-29,75.25,75.25,72.95,74.8,450,18570,0
BANKNIFTY29MAY2560100CE.NFO,2025-04-28,13:22:00,2025-05-29,74.8,74.8,74.75,74.75,120,19200,0
BANKNIFTY29MAY2560100CE.NFO,2025-04-28,13:23:00,2025-05-29,74.75,75.95,74.75,75.3,180,19200,0
BANKNIFTY29MAY2560100CE.NFO,2025-04-28,13:24:00,2025-05-29,75.3,77.6,75.3,77.0,180,19200,0
BANKNIFTY29MAY2560100CE.NFO,2025-04-28,13:25:00,2025-05-29,77.0,78.2,76.75,76.75,270,19020,0
BANKNIFTY29MAY2560100CE.NFO,2025-04-28,13:26:00,2025-05-29,76.75,76.75,76.15,76.25,90,19020,0
BANKNIFTY29MAY2560100CE.NFO,2025-04-28,13:27:00,2025-05-29,76.25,77.2,76.25,76.3,180,19020,0
BANKNIFTY29MAY2560100CE.NFO,2025-04-28,13:28:00,2025-05-29,76.3,77.25,76.3,77.25,30,18630,0
BANKNIFTY29MAY2560100CE.NFO,2025-04-28,13:29:00,2025-05-29,77.25,77.25,77.25,77.25,0,18630,0
BANKNIFTY29MAY2560100CE.NFO,2025-04-28,13:30:00,2025-05-29,77.25,77.25,75.35,76.4,240,18630,0
BANKNIFTY29MAY2560100CE.NFO,2025-04-28,13:31:00,2025-05-29,76.4,76.4,75.45,75.45,360,18570,0
BANKNIFTY29MAY2560100CE.NFO,2025-04-28,13:32:00,2025-05-29,75.45,78.2,75.45,77.65,120,18570,0
BANKNIFTY29MAY2560100CE.NFO,2025-04-28,13:33:00,2025-05-29,77.65,77.75,77.3,77.3,60,18570,0
BANKNIFTY29MAY2560100CE.NFO,2025-04-28,13:34:00,2025-05-29,77.3,77.3,77.3,77.3,0,18570,0
BANKNIFTY29MAY2560100CE.NFO,2025-04-28,13:35:00,2025-05-29,77.3,77.3,76.4,76.4,30,18360,0
BANKNIFTY29MAY2560100CE.NFO,2025-04-28,13:36:00,2025-05-29,76.4,79.0,76.4,79.0,450,18360,0
BANKNIFTY29MAY2560100CE.NFO,2025-04-28,13:37:00,2025-05-29,79.0,79.0,77.4,77.4,780,18150,0
BANKNIFTY29MAY2560100CE.NFO,2025-04-28,13:38:00,2025-05-29,77.4,77.4,77.4,77.4,0,18150,0
BANKNIFTY29MAY2560100CE.NFO,2025-04-28,13:39:00,2025-05-29,77.4,77.4,76.3,76.3,420,18150,0
BANKNIFTY29MAY2560100CE.NFO,2025-04-28,13:40:00,2025-05-29,76.3,77.55,76.3,77.55,30,18270,0
BANKNIFTY29MAY2560100CE.NFO,2025-04-28,13:41:00,2025-05-29,77.55,77.55,77.55,77.55,0,18270,0
BANKNIFTY29MAY2560100CE.NFO,2025-04-28,13:42:00,2025-05-29,77.55,77.55,76.2,76.4,480,18270,0
BANKNIFTY29MAY2560100CE.NFO,2025-04-28,13:43:00,2025-05-29,76.4,76.75,75.4,76.3,90,17910,0
BANKNIFTY29MAY2560100CE.NFO,2025-04-28,13:44:00,2025-05-29,76.3,76.3,76.3,76.3,0,17910,0
BANKNIFTY29MAY2560100CE.NFO,2025-04-28,13:45:00,2025-05-29,76.3,77.95,76.3,77.65,240,17910,0
BANKNIFTY29MAY2560100CE.NFO,2025-04-28,13:46:00,2025-05-29,77.65,78.5,77.65,78.25,90,17760,0
BANKNIFTY29MAY2560100CE.NFO,2025-04-28,13:47:00,2025-05-29,78.25,78.5,78.25,78.5,300,17760,0
BANKNIFTY29MAY2560100CE.NFO,2025-04-28,13:48:00,2025-05-29,78.5,79.4,77.4,78.25,420,17760,0
BANKNIFTY29MAY2560100CE.NFO,2025-04-28,13:49:00,2025-05-29,78.25,78.35,76.55,77.0,270,18270,0
BANKNIFTY29MAY2560100CE.NFO,2025-04-28,13:50:00,2025-05-29,77.0,77.55,77.0,77.55,30,18270,0
BANKNIFTY29MAY2560100CE.NFO,2025-04-28,13:51:00,2025-05-29,77.55,77.55,75.95,75.95,60,18270,0
BANKNIFTY29MAY2560100CE.NFO,2025-04-28,13:52:00,2025-05-29,75.95,76.45,75.95,76.45,300,18450,0
BANKNIFTY29MAY2560100CE.NFO,2025-04-28,13:53:00,2025-05-29,76.45,76.45,76.45,76.45,0,18450,0
BANKNIFTY29MAY2560100CE.NFO,2025-04-28,13:54:00,2025-05-29,76.45,77.2,76.45,77.2,120,18450,0
BANKNIFTY29MAY2560100CE.NFO,2025-04-28,13:55:00,2025-05-29,77.2,77.2,76.0,76.0,180,18270,0
BANKNIFTY29MAY2560100CE.NFO,2025-04-28,13:56:00,2025-05-29,76.0,76.0,74.65,74.65,90,18270,0
BANKNIFTY29MAY2560100CE.NFO,2025-04-28,13:57:00,2025-05-29,74.65,74.65,74.65,74.65,0,18270,0
BANKNIFTY29MAY2560100CE.NFO,2025-04-28,13:58:00,2025-05-29,74.65,77.2,74.65,76.45,1080,18120,0
BANKNIFTY29MAY2560100CE.NFO,2025-04-28,13:59:00,2025-05-29,76.45,78.0,76.35,77.8,1080,18120,0
BANKNIFTY29MAY2560100CE.NFO,2025-04-28,14:00:00,2025-05-29,77.8,77.8,77.8,77.8,0,18120,0
BANKNIFTY29MAY2560100CE.NFO,2025-04-28,14:01:00,2025-05-29,77.8,77.8,77.8,77.8,0,18120,0
BANKNIFTY29MAY2560100CE.NFO,2025-04-28,14:02:00,2025-05-29,77.8,78.0,77.8,78.0,120,18270,0
BANKNIFTY29MAY2560100CE.NFO,2025-04-28,14:03:00,2025-05-29,78.0,78.0,78.0,78.0,0,18270,0
BANKNIFTY29MAY2560100CE.NFO,2025-04-28,14:04:00,2025-05-29,78.0,78.9,78.0,78.05,540,18300,0
BANKNIFTY29MAY2560100CE.NFO,2025-04-28,14:05:00,2025-05-29,78.05,78.2,77.9,77.9,150,18300,0
BANKNIFTY29MAY2560100CE.NFO,2025-04-28,14:06:00,2025-05-29,77.9,77.9,77.25,77.25,120,18300,0
BANKNIFTY29MAY2560100CE.NFO,2025-04-28,14:07:00,2025-05-29,77.25,78.25,77.25,78.25,90,17970,0
BANKNIFTY29MAY2560100CE.NFO,2025-04-28,14:08:00,2025-05-29,78.25,78.25,78.25,78.25,0,17970,0
BANKNIFTY29MAY2560100CE.NFO,2025-04-28,14:09:00,2025-05-29,78.25,78.25,76.8,76.8,60,17970,0
BANKNIFTY29MAY2560100CE.NFO,2025-04-28,14:10:00,2025-05-29,76.8,77.6,76.8,77.6,60,18000,0
BANKNIFTY29MAY2560100CE.NFO,2025-04-28,14:11:00,2025-05-29,77.6,78.4,77.6,78.4,90,18000,0
BANKNIFTY29MAY2560100CE.NFO,2025-04-28,14:12:00,2025-05-29,78.4,78.85,78.4,78.85,150,18000,0
BANKNIFTY29MAY2560100CE.NFO,2025-04-28,14:13:00,2025-05-29,78.85,78.95,78.5,78.5,90,17880,0
BANKNIFTY29MAY2560100CE.NFO,2025-04-28,14:14:00,2025-05-29,78.5,79.0,78.5,79.0,30,17880,0
BANKNIFTY29MAY2560100CE.NFO,2025-04-28,14:15:00,2025-05-29,79.0,79.95,79.0,79.3,60,17880,0
BANKNIFTY29MAY2560100CE.NFO,2025-04-28,14:16:00,2025-05-29,79.3,80.15,79.3,80.15,30,17910,0
BANKNIFTY29MAY2560100CE.NFO,2025-04-28,14:17:00,2025-05-29,80.15,80.7,80.1,80.7,240,17910,0
BANKNIFTY29MAY2560100CE.NFO,2025-04-28,14:18:00,2025-05-29,80.7,80.7,79.95,79.95,30,17910,0
BANKNIFTY29MAY2560100CE.NFO,2025-04-28,14:19:00,2025-05-29,79.95,80.0,79.0,80.0,330,17910,0
BANKNIFTY29MAY2560100CE.NFO,2025-04-28,14:20:00,2025-05-29,79.1,79.1,78.1,78.65,180,17910,0
BANKNIFTY29MAY2560100CE.NFO,2025-04-28,14:21:00,2025-05-29,78.65,78.65,78.65,78.65,0,17910,0
BANKNIFTY29MAY2560100CE.NFO,2025-04-28,14:22:00,2025-05-29,78.65,80.35,78.65,80.35,30,17910,0
BANKNIFTY29MAY2560100CE.NFO,2025-04-28,14:23:00,2025-05-29,80.35,80.35,80.35,80.35,0,17910,0
BANKNIFTY29MAY2560100CE.NFO,2025-04-28,14:24:00,2025-05-29,80.35,80.35,76.2,76.2,210,17910,0
BANKNIFTY29MAY2560100CE.NFO,2025-04-28,14:25:00,2025-05-29,76.2,76.2,75.45,76.0,150,17820,0
BANKNIFTY29MAY2560100CE.NFO,2025-04-28,14:26:00,2025-05-29,76.0,76.0,76.0,76.0,0,17820,0
BANKNIFTY29MAY2560100CE.NFO,2025-04-28,14:27:00,2025-05-29,76.0,76.0,75.5,75.5,60,17820,0
BANKNIFTY29MAY2560100CE.NFO,2025-04-28,14:28:00,2025-05-29,75.5,75.5,75.5,75.5,0,17820,0
BANKNIFTY29MAY2560100CE.NFO,2025-04-28,14:29:00,2025-05-29,75.5,75.8,75.5,75.65,60,17790,0
BANKNIFTY29MAY2560100CE.NFO,2025-04-28,14:30:00,2025-05-29,75.65,75.65,75.0,75.0,30,17790,0
BANKNIFTY29MAY2560100CE.NFO,2025-04-28,14:31:00,2025-05-29,75.0,75.0,73.75,73.85,150,17790,0
BANKNIFTY29MAY2560100CE.NFO,2025-04-28,14:32:00,2025-05-29,73.85,73.85,73.85,73.85,0,17790,0
BANKNIFTY29MAY2560100CE.NFO,2025-04-28,14:33:00,2025-05-29,73.85,77.5,73.85,77.5,30,17970,0
BANKNIFTY29MAY2560100CE.NFO,2025-04-28,14:34:00,2025-05-29,77.5,77.5,77.5,77.5,0,17970,0
BANKNIFTY29MAY2560100CE.NFO,2025-04-28,14:35:00,2025-05-29,77.5,77.5,73.55,73.55,240,17880,0
BANKNIFTY29MAY2560100CE.NFO,2025-04-28,14:36:00,2025-05-29,73.55,73.55,73.55,73.55,0,17880,0
BANKNIFTY29MAY2560100CE.NFO,2025-04-28,14:37:00,2025-05-29,73.55,73.55,73.55,73.55,0,17880,0
BANKNIFTY29MAY2560100CE.NFO,2025-04-28,14:38:00,2025-05-29,73.55,74.9,73.55,73.55,1110,18000,0
BANKNIFTY29MAY2560100CE.NFO,2025-04-28,14:39:00,2025-05-29,73.55,73.55,73.15,73.45,150,18000,0
BANKNIFTY29MAY2560100CE.NFO,2025-04-28,14:40:00,2025-05-29,73.45,73.45,72.05,72.05,90,18270,0
BANKNIFTY29MAY2560100CE.NFO,2025-04-28,14:41:00,2025-05-29,72.05,72.05,70.0,70.0,210,18270,0
BANKNIFTY29MAY2560100CE.NFO,2025-04-28,14:42:00,2025-05-29,70.0,71.25,70.0,71.25,510,18270,0
BANKNIFTY29MAY2560100CE.NFO,2025-04-28,14:43:00,2025-05-29,71.25,71.75,71.25,71.75,570,18120,0
BANKNIFTY29MAY2560100CE.NFO,2025-04-28,14:44:00,2025-05-29,71.75,72.6,71.2,72.6,450,18120,0
BANKNIFTY29MAY2560100CE.NFO,2025-04-28,14:45:00,2025-05-29,72.6,73.2,71.55,72.55,3150,18120,0
BANKNIFTY29MAY2560100CE.NFO,2025-04-28,14:46:00,2025-05-29,72.5,73.1,72.05,72.05,270,17640,0
BANKNIFTY29MAY2560100CE.NFO,2025-04-28,14:47:00,2025-05-29,72.05,72.05,71.0,71.05,900,17640,0
BANKNIFTY29MAY2560100CE.NFO,2025-04-28,14:48:00,2025-05-29,71.05,72.4,71.05,72.4,90,17640,0
BANKNIFTY29MAY2560100CE.NFO,2025-04-28,14:49:00,2025-05-29,72.4,72.8,71.85,72.8,90,17340,0
BANKNIFTY29MAY2560100CE.NFO,2025-04-28,14:50:00,2025-05-29,72.8,72.8,72.8,72.8,0,17340,0
BANKNIFTY29MAY2560100CE.NFO,2025-04-28,14:51:00,2025-05-29,72.8,72.8,72.8,72.8,30,17340,0
BANKNIFTY29MAY2560100CE.NFO,2025-04-28,14:52:00,2025-05-29,72.8,75.15,72.4,75.15,660,17340,0
BANKNIFTY29MAY2560100CE.NFO,2025-04-28,14:53:00,2025-05-29,75.15,75.15,73.9,74.7,510,17340,0
BANKNIFTY29MAY2560100CE.NFO,2025-04-28,14:54:00,2025-05-29,74.7,74.7,74.0,74.1,210,17340,0
BANKNIFTY29MAY2560100CE.NFO,2025-04-28,14:55:00,2025-05-29,74.1,74.1,72.85,72.95,390,16680,0
BANKNIFTY29MAY2560100CE.NFO,2025-04-28,14:56:00,2025-05-29,72.95,72.95,72.95,72.95,0,16680,0
BANKNIFTY29MAY2560100CE.NFO,2025-04-28,14:57:00,2025-05-29,72.95,74.95,72.95,74.1,420,16680,0
BANKNIFTY29MAY2560100CE.NFO,2025-04-28,14:58:00,2025-05-29,74.1,74.1,73.4,73.4,360,16770,0
BANKNIFTY29MAY2560100CE.NFO,2025-04-28,14:59:00,2025-05-29,73.4,73.4,73.4,73.4,0,16770,0
BANKNIFTY29MAY2560100CE.NFO,2025-04-28,15:00:00,2025-05-29,73.4,74.35,73.4,73.4,120,16770,0
BANKNIFTY29MAY2560100CE.NFO,2025-04-28,15:01:00,2025-05-29,73.4,74.5,73.4,74.5,0,16620,0
BANKNIFTY29MAY2560100CE.NFO,2025-04-28,15:02:00,2025-05-29,74.5,76.05,74.5,75.3,1680,16620,0
BANKNIFTY29MAY2560100CE.NFO,2025-04-28,15:03:00,2025-05-29,75.3,75.3,73.55,73.55,150,16620,0
BANKNIFTY29MAY2560100CE.NFO,2025-04-28,15:04:00,2025-05-29,73.55,74.1,73.55,74.1,60,17460,0
BANKNIFTY29MAY2560100CE.NFO,2025-04-28,15:05:00,2025-05-29,74.1,74.1,73.35,73.7,90,17460,0
BANKNIFTY29MAY2560100CE.NFO,2025-04-28,15:06:00,2025-05-29,73.7,73.9,73.7,73.9,420,17460,0
BANKNIFTY29MAY2560100CE.NFO,2025-04-28,15:07:00,2025-05-29,73.9,73.9,73.9,73.9,0,17460,0
BANKNIFTY29MAY2560100CE.NFO,2025-04-28,15:08:00,2025-05-29,73.9,73.9,72.1,73.25,510,17340,0
BANKNIFTY29MAY2560100CE.NFO,2025-04-28,15:09:00,2025-05-29,73.25,73.25,73.25,73.25,0,17340,0
BANKNIFTY29MAY2560100CE.NFO,2025-04-28,15:10:00,2025-05-29,73.25,73.25,72.05,72.05,60,16980,0
BANKNIFTY29MAY2560100CE.NFO,2025-04-28,15:11:00,2025-05-29,72.05,73.55,72.05,73.55,60,16980,0
BANKNIFTY29MAY2560100CE.NFO,2025-04-28,15:12:00,2025-05-29,73.55,73.55,73.1,73.1,180,16980,0
BANKNIFTY29MAY2560100CE.NFO,2025-04-28,15:13:00,2025-05-29,73.1,73.1,72.35,72.35,60,17100,0
BANKNIFTY29MAY2560100CE.NFO,2025-04-28,15:14:00,2025-05-29,72.35,72.75,70.95,72.75,180,17100,0
BANKNIFTY29MAY2560100CE.NFO,2025-04-28,15:15:00,2025-05-29,72.75,74.15,72.75,73.6,120,17100,0
BANKNIFTY29MAY2560100CE.NFO,2025-04-28,15:16:00,2025-05-29,73.6,73.6,72.85,72.85,90,17100,0
BANKNIFTY29MAY2560100CE.NFO,2025-04-28,15:17:00,2025-05-29,72.85,72.85,72.85,72.85,0,17100,0
BANKNIFTY29MAY2560100CE.NFO,2025-04-28,15:18:00,2025-05-29,72.85,73.5,72.85,73.5,30,17130,0
BANKNIFTY29MAY2560100CE.NFO,2025-04-28,15:19:00,2025-05-29,73.5,73.5,73.5,73.5,0,17130,0
BANKNIFTY29MAY2560100CE.NFO,2025-04-28,15:20:00,2025-05-29,73.5,75.65,73.5,75.65,240,17100,0
BANKNIFTY29MAY2560100CE.NFO,2025-04-28,15:21:00,2025-05-29,75.65,75.65,74.6,74.6,720,17100,0
BANKNIFTY29MAY2560100CE.NFO,2025-04-28,15:22:00,2025-05-29,74.6,75.65,74.45,75.65,1140,17220,0
BANKNIFTY29MAY2560100CE.NFO,2025-04-28,15:23:00,2025-05-29,75.65,75.65,74.45,74.45,90,17220,0
BANKNIFTY29MAY2560100CE.NFO,2025-04-28,15:24:00,2025-05-29,74.45,75.85,74.45,74.6,540,17220,0
BANKNIFTY29MAY2560100CE.NFO,2025-04-28,15:25:00,2025-05-29,74.6,74.9,74.4,74.9,780,16740,0
BANKNIFTY29MAY2560100CE.NFO,2025-04-28,15:26:00,2025-05-29,74.9,76.4,74.9,76.4,210,16740,0
BANKNIFTY29MAY2560100CE.NFO,2025-04-28,15:27:00,2025-05-29,76.4,76.4,76.35,76.35,30,16740,0
BANKNIFTY29MAY2560100CE.NFO,2025-04-28,15:28:00,2025-05-29,76.35,76.75,76.35,76.75,180,16470,0
BANKNIFTY29MAY2560100CE.NFO,2025-04-28,15:29:00,2025-05-29,76.75,79.95,75.9,79.95,510,16470,0
BANKNIFTY29MAY2560100CE.NFO,2025-04-28,15:30:00,2025-05-29,79.95,79.95,79.95,79.95,510,16470,1
BANKNIFTY29MAY2560100CE.NFO,2025-04-29,09:15:00,2025-05-29,78.65,78.65,78.65,78.65,0,0,0
BANKNIFTY29MAY2560100CE.NFO,2025-04-29,09:16:00,2025-05-29,78.65,94.8,78.65,91.25,1170,16410,0
BANKNIFTY29MAY2560100CE.NFO,2025-04-29,09:17:00,2025-05-29,89.35,100.6,89.35,95.05,4800,16410,0
BANKNIFTY29MAY2560100CE.NFO,2025-04-29,09:18:00,2025-05-29,95.05,98.1,93.15,96.45,3720,16050,0
BANKNIFTY29MAY2560100CE.NFO,2025-04-29,09:19:00,2025-05-29,96.45,97.4,91.0,93.2,2370,16050,0
BANKNIFTY29MAY2560100CE.NFO,2025-04-29,09:20:00,2025-05-29,93.2,94.65,90.0,93.5,3900,16050,0
BANKNIFTY29MAY2560100CE.NFO,2025-04-29,09:21:00,2025-05-29,93.5,103.7,92.7,103.1,4320,18000,0
BANKNIFTY29MAY2560100CE.NFO,2025-04-29,09:22:00,2025-05-29,103.1,104.85,101.3,103.15,2580,18000,0
BANKNIFTY29MAY2560100CE.NFO,2025-04-29,09:23:00,2025-05-29,103.15,103.15,96.35,102.4,5250,18000,0
BANKNIFTY29MAY2560100CE.NFO,2025-04-29,09:24:00,2025-05-29,102.4,104.75,100.95,103.05,5220,18420,0
BANKNIFTY29MAY2560100CE.NFO,2025-04-29,09:25:00,2025-05-29,103.05,103.05,96.9,100.45,2340,18420,0
BANKNIFTY29MAY2560100CE.NFO,2025-04-29,09:26:00,2025-05-29,100.45,100.45,96.0,98.0,1830,18420,0
BANKNIFTY29MAY2560100CE.NFO,2025-04-29,09:27:00,2025-05-29,98.0,98.0,91.25,93.3,3060,20430,0
BANKNIFTY29MAY2560100CE.NFO,2025-04-29,09:28:00,2025-05-29,93.3,95.0,89.15,93.75,1860,20430,0
BANKNIFTY29MAY2560100CE.NFO,2025-04-29,09:29:00,2025-05-29,93.75,93.8,89.0,91.2,750,20430,0
BANKNIFTY29MAY2560100CE.NFO,2025-04-29,09:30:00,2025-05-29,91.2,92.0,86.85,86.85,1800,21720,0
BANKNIFTY29MAY2560100CE.NFO,2025-04-29,09:31:00,2025-05-29,86.85,89.75,85.05,88.35,1110,21720,0
BANKNIFTY29MAY2560100CE.NFO,2025-04-29,09:32:00,2025-05-29,92.75,96.75,92.1,95.65,2640,21720,0
BANKNIFTY29MAY2560100CE.NFO,2025-04-29,09:33:00,2025-05-29,95.65,96.95,90.85,92.0,3840,23790,0
BANKNIFTY29MAY2560100CE.NFO,2025-04-29,09:34:00,2025-05-29,92.0,96.35,92.0,93.85,840,23790,0
BANKNIFTY29MAY2560100CE.NFO,2025-04-29,09:35:00,2025-05-29,93.85,93.85,86.85,92.45,6090,23790,0
BANKNIFTY29MAY2560100CE.NFO,2025-04-29,09:36:00,2025-05-29,91.35,92.0,88.15,88.45,1770,29160,0
BANKNIFTY29MAY2560100CE.NFO,2025-04-29,09:37:00,2025-05-29,88.45,90.8,88.45,89.8,870,29160,0
BANKNIFTY29MAY2560100CE.NFO,2025-04-29,09:38:00,2025-05-29,89.8,89.8,86.1,86.7,1830,29160,0
BANKNIFTY29MAY2560100CE.NFO,2025-04-29,09:39:00,2025-05-29,85.75,85.75,74.95,79.1,4530,27660,0
BANKNIFTY29MAY2560100CE.NFO,2025-04-29,09:40:00,2025-05-29,79.1,85.45,79.1,82.3,2070,27660,0
BANKNIFTY29MAY2560100CE.NFO,2025-04-29,09:41:00,2025-05-29,82.3,82.95,80.0,82.95,1230,27660,0
BANKNIFTY29MAY2560100CE.NFO,2025-04-29,09:42:00,2025-05-29,82.95,82.95,77.8,77.8,1770,28110,0
BANKNIFTY29MAY2560100CE.NFO,2025-04-29,09:43:00,2025-05-29,77.8,79.6,76.1,76.15,2310,28110,0
BANKNIFTY29MAY2560100CE.NFO,2025-04-29,09:44:00,2025-05-29,76.15,78.95,76.1,77.85,930,28110,0
BANKNIFTY29MAY2560100CE.NFO,2025-04-29,09:45:00,2025-05-29,77.85,85.1,77.85,84.3,1830,27330,0
BANKNIFTY29MAY2560100CE.NFO,2025-04-29,09:46:00,2025-05-29,84.3,84.3,78.55,79.8,3420,27330,0
BANKNIFTY29MAY2560100CE.NFO,2025-04-29,09:47:00,2025-05-29,79.8,79.9,78.05,79.25,210,27330,0
BANKNIFTY29MAY2560100CE.NFO,2025-04-29,09:48:00,2025-05-29,79.25,82.25,79.25,82.25,600,27180,0
BANKNIFTY29MAY2560100CE.NFO,2025-04-29,09:49:00,2025-05-29,82.25,84.2,80.55,80.55,210,27180,0
BANKNIFTY29MAY2560100CE.NFO,2025-04-29,09:50:00,2025-05-29,80.55,82.15,80.55,81.5,360,27180,0
BANKNIFTY29MAY2560100CE.NFO,2025-04-29,09:51:00,2025-05-29,81.5,82.2,79.0,81.6,1410,27270,0
BANKNIFTY29MAY2560100CE.NFO,2025-04-29,09:52:00,2025-05-29,81.6,83.65,81.4,81.85,1800,27270,0
BANKNIFTY29MAY2560100CE.NFO,2025-04-29,09:53:00,2025-05-29,81.85,84.35,81.75,83.3,1200,27270,0
BANKNIFTY29MAY2560100CE.NFO,2025-04-29,09:54:00,2025-05-29,83.3,83.3,81.85,82.5,300,28260,0
BANKNIFTY29MAY2560100CE.NFO,2025-04-29,09:55:00,2025-05-29,82.5,86.95,82.35,84.75,2130,28260,0
BANKNIFTY29MAY2560100CE.NFO,2025-04-29,09:56:00,2025-05-29,84.75,87.95,84.75,85.45,1470,28260,0
BANKNIFTY29MAY2560100CE.NFO,2025-04-29,09:57:00,2025-05-29,85.45,90.1,85.45,87.4,1170,28590,0
BANKNIFTY29MAY2560100CE.NFO,2025-04-29,09:58:00,2025-05-29,87.4,88.3,86.05,88.3,690,28590,0
BANKNIFTY29MAY2560100CE.NFO,2025-04-29,09:59:00,2025-05-29,88.3,90.1,85.9,87.4,1920,28590,0
BANKNIFTY29MAY2560100CE.NFO,2025-04-29,10:00:00,2025-05-29,87.4,87.4,82.2,83.0,2160,28290,0
BANKNIFTY29MAY2560100CE.NFO,2025-04-29,10:01:00,2025-05-29,83.0,86.25,82.8,84.35,2160,28290,0
BANKNIFTY29MAY2560100CE.NFO,2025-04-29,10:02:00,2025-05-29,84.35,87.15,83.95,87.0,360,28290,0
BANKNIFTY29MAY2560100CE.NFO,2025-04-29,10:03:00,2025-05-29,87.0,87.95,86.2,86.2,570,27990,0
BANKNIFTY29MAY2560100CE.NFO,2025-04-29,10:04:00,2025-05-29,86.2,86.2,85.45,85.45,60,27990,0
BANKNIFTY29MAY2560100CE.NFO,2025-04-29,10:05:00,2025-05-29,85.45,85.45,83.75,84.35,600,27990,0
BANKNIFTY29MAY2560100CE.NFO,2025-04-29,10:06:00,2025-05-29,84.35,84.65,82.1,82.1,330,27870,0
BANKNIFTY29MAY2560100CE.NFO,2025-04-29,10:07:00,2025-05-29,82.1,83.85,82.1,83.85,1080,27870,0
BANKNIFTY29MAY2560100CE.NFO,2025-04-29,10:08:00,2025-05-29,83.85,84.5,82.25,83.25,480,27870,0
BANKNIFTY29MAY2560100CE.NFO,2025-04-29,10:09:00,2025-05-29,83.25,83.25,80.25,80.8,660,27930,0
BANKNIFTY29MAY2560100CE.NFO,2025-04-29,10:10:00,2025-05-29,80.8,82.75,80.0,82.4,630,27930,0
BANKNIFTY29MAY2560100CE.NFO,2025-04-29,10:11:00,2025-05-29,82.4,84.55,82.0,84.25,480,27930,0
BANKNIFTY29MAY2560100CE.NFO,2025-04-29,10:12:00,2025-05-29,84.25,84.25,81.85,81.85,360,28350,0
BANKNIFTY29MAY2560100CE.NFO,2025-04-29,10:13:00,2025-05-29,81.85,83.55,81.85,83.55,30,28350,0
BANKNIFTY29MAY2560100CE.NFO,2025-04-29,10:14:00,2025-05-29,83.55,85.75,82.85,82.85,1710,28350,0
BANKNIFTY29MAY2560100CE.NFO,2025-04-29,10:15:00,2025-05-29,82.85,82.85,80.05,80.05,360,28920,0
BANKNIFTY29MAY2560100CE.NFO,2025-04-29,10:16:00,2025-05-29,80.05,82.2,80.05,82.2,2460,28920,0
BANKNIFTY29MAY2560100CE.NFO,2025-04-29,10:17:00,2025-05-29,82.2,82.6,79.85,80.55,870,28920,0
BANKNIFTY29MAY2560100CE.NFO,2025-04-29,10:18:00,2025-05-29,80.55,81.35,80.55,81.35,720,28680,0
BANKNIFTY29MAY2560100CE.NFO,2025-04-29,10:19:00,2025-05-29,81.35,81.4,80.0,81.1,1410,28680,0
BANKNIFTY29MAY2560100CE.NFO,2025-04-29,10:20:00,2025-05-29,81.1,81.75,80.8,81.15,750,28680,0
BANKNIFTY29MAY2560100CE.NFO,2025-04-29,10:21:00,2025-05-29,81.15,81.75,81.0,81.25,900,27390,0
BANKNIFTY29MAY2560100CE.NFO,2025-04-29,10:22:00,2025-05-29,81.25,81.25,80.85,81.2,1200,27390,0
BANKNIFTY29MAY2560100CE.NFO,2025-04-29,10:23:00,2025-05-29,81.2,81.45,80.65,81.45,90,27390,0
BANKNIFTY29MAY2560100CE.NFO,2025-04-29,10:24:00,2025-05-29,81.45,83.25,81.45,81.55,900,26580,0
BANKNIFTY29MAY2560100CE.NFO,2025-04-29,10:25:00,2025-05-29,81.55,84.85,81.55,82.45,810,26580,0
BANKNIFTY29MAY2560100CE.NFO,2025-04-29,10:26:00,2025-05-29,82.45,83.0,81.85,82.55,480,26580,0
BANKNIFTY29MAY2560100CE.NFO,2025-04-29,10:27:00,2025-05-29,81.6,81.6,80.8,80.8,1140,27000,0
BANKNIFTY29MAY2560100CE.NFO,2025-04-29,10:28:00,2025-05-29,80.8,81.1,77.85,78.45,810,27000,0
BANKNIFTY29MAY2560100CE.NFO,2025-04-29,10:29:00,2025-05-29,78.45,79.75,76.4,77.4,990,27000,0
BANKNIFTY29MAY2560100CE.NFO,2025-04-29,10:30:00,2025-05-29,77.4,77.6,74.55,74.95,960,26550,0
BANKNIFTY29MAY2560100CE.NFO,2025-04-29,10:31:00,2025-05-29,74.95,77.6,74.95,77.05,870,26550,0
BANKNIFTY29MAY2560100CE.NFO,2025-04-29,10:32:00,2025-05-29,77.05,78.8,77.05,78.65,1470,26550,0
BANKNIFTY29MAY2560100CE.NFO,2025-04-29,10:33:00,2025-05-29,78.65,79.15,77.2,77.2,240,26520,0
BANKNIFTY29MAY2560100CE.NFO,2025-04-29,10:34:00,2025-05-29,77.2,78.1,76.85,77.95,180,26520,0
BANKNIFTY29MAY2560100CE.NFO,2025-04-29,10:35:00,2025-05-29,77.95,78.5,77.95,78.5,630,26520,0
BANKNIFTY29MAY2560100CE.NFO,2025-04-29,10:36:00,2025-05-29,78.5,79.2,78.5,79.2,60,26520,0
BANKNIFTY29MAY2560100CE.NFO,2025-04-29,10:37:00,2025-05-29,79.2,79.2,76.6,77.45,420,25920,0
BANKNIFTY29MAY2560100CE.NFO,2025-04-29,10:38:00,2025-05-29,77.45,77.45,76.5,77.05,750,25920,0
BANKNIFTY29MAY2560100CE.NFO,2025-04-29,10:39:00,2025-05-29,77.05,77.05,76.05,76.95,660,25590,0
BANKNIFTY29MAY2560100CE.NFO,2025-04-29,10:40:00,2025-05-29,76.95,76.95,75.35,75.5,360,25590,0
BANKNIFTY29MAY2560100CE.NFO,2025-04-29,10:41:00,2025-05-29,75.5,78.4,75.5,77.8,930,25590,0
BANKNIFTY29MAY2560100CE.NFO,2025-04-29,10:42:00,2025-05-29,77.8,77.8,75.85,75.85,90,25440,0
BANKNIFTY29MAY2560100CE.NFO,2025-04-29,10:43:00,2025-05-29,75.85,76.9,75.65,76.15,240,25440,0
BANKNIFTY29MAY2560100CE.NFO,2025-04-29,10:44:00,2025-05-29,76.15,76.15,75.5,75.6,60,25440,0
BANKNIFTY29MAY2560100CE.NFO,2025-04-29,10:45:00,2025-05-29,75.6,75.6,74.4,74.55,810,25440,0
BANKNIFTY29MAY2560100CE.NFO,2025-04-29,10:46:00,2025-05-29,74.55,76.9,74.55,76.9,390,25440,0
BANKNIFTY29MAY2560100CE.NFO,2025-04-29,10:47:00,2025-05-29,76.9,78.9,76.9,78.55,1200,25440,0
BANKNIFTY29MAY2560100CE.NFO,2025-04-29,10:48:00,2025-05-29,78.55,79.1,78.1,78.65,150,25440,0
BANKNIFTY29MAY2560100CE.NFO,2025-04-29,10:49:00,2025-05-29,78.65,80.2,78.45,80.2,270,25560,0
BANKNIFTY29MAY2560100CE.NFO,2025-04-29,10:50:00,2025-05-29,80.2,80.2,79.2,79.2,150,25560,0
BANKNIFTY29MAY2560100CE.NFO,2025-04-29,10:51:00,2025-05-29,79.2,80.95,78.45,80.3,2190,26070,0
BANKNIFTY29MAY2560100CE.NFO,2025-04-29,10:52:00,2025-05-29,80.3,80.3,78.9,78.9,90,26070,0
BANKNIFTY29MAY2560100CE.NFO,2025-04-29,10:53:00,2025-05-29,78.9,78.9,78.45,78.45,60,26070,0
BANKNIFTY29MAY2560100CE.NFO,2025-04-29,10:54:00,2025-05-29,78.45,78.85,78.45,78.85,30,26070,0
BANKNIFTY29MAY2560100CE.NFO,2025-04-29,10:55:00,2025-05-29,78.85,80.65,78.55,78.9,1440,26280,0
BANKNIFTY29MAY2560100CE.NFO,2025-04-29,10:56:00,2025-05-29,78.9,78.9,78.9,78.9,0,26280,0
BANKNIFTY29MAY2560100CE.NFO,2025-04-29,10:57:00,2025-05-29,78.9,78.95,78.9,78.95,90,26280,0
BANKNIFTY29MAY2560100CE.NFO,2025-04-29,10:58:00,2025-05-29,78.95,79.55,78.05,78.05,1920,26400,0
BANKNIFTY29MAY2560100CE.NFO,2025-04-29,10:59:00,2025-05-29,78.05,78.55,77.05,77.05,300,26400,0
BANKNIFTY29MAY2560100CE.NFO,2025-04-29,11:00:00,2025-05-29,77.05,79.9,77.05,79.9,420,25470,0
BANKNIFTY29MAY2560100CE.NFO,2025-04-29,11:01:00,2025-05-29,79.9,79.9,79.45,79.45,30,25470,0
BANKNIFTY29MAY2560100CE.NFO,2025-04-29,11:02:00,2025-05-29,79.45,79.45,79.0,79.0,240,25470,0
BANKNIFTY29MAY2560100CE.NFO,2025-04-29,11:03:00,2025-05-29,79.0,79.0,77.65,77.65,540,25350,0
BANKNIFTY29MAY2560100CE.NFO,2025-04-29,11:04:00,2025-05-29,77.65,77.85,77.65,77.85,30,25350,0
BANKNIFTY29MAY2560100CE.NFO,2025-04-29,11:05:00,2025-05-29,77.85,79.8,77.85,79.8,120,25350,0
BANKNIFTY29MAY2560100CE.NFO,2025-04-29,11:06:00,2025-05-29,81.2,83.05,80.15,81.55,840,25380,0
BANKNIFTY29MAY2560100CE.NFO,2025-04-29,11:07:00,2025-05-29,81.55,81.7,80.8,81.7,120,25380,0
BANKNIFTY29MAY2560100CE.NFO,2025-04-29,11:08:00,2025-05-29,81.7,81.85,81.7,81.85,30,25380,0
BANKNIFTY29MAY2560100CE.NFO,2025-04-29,11:09:00,2025-05-29,81.85,81.85,80.7,81.1,60,25260,0
BANKNIFTY29MAY2560100CE.NFO,2025-04-29,11:10:00,2025-05-29,81.1,81.1,80.6,80.6,120,25260,0
BANKNIFTY29MAY2560100CE.NFO,2025-04-29,11:11:00,2025-05-29,80.6,80.6,78.65,78.65,450,25260,0
BANKNIFTY29MAY2560100CE.NFO,2025-04-29,11:12:00,2025-05-29,78.65,79.35,78.65,78.8,690,25350,0
BANKNIFTY29MAY2560100CE.NFO,2025-04-29,11:13:00,2025-05-29,78.8,78.8,78.0,78.15,90,25350,0
BANKNIFTY29MAY2560100CE.NFO,2025-04-29,11:14:00,2025-05-29,78.15,78.9,78.15,78.9,450,25350,0
BANKNIFTY29MAY2560100CE.NFO,2025-04-29,11:15:00,2025-05-29,78.9,78.9,78.65,78.65,60,25350,0
BANKNIFTY29MAY2560100CE.NFO,2025-04-29,11:16:00,2025-05-29,78.65,78.65,78.55,78.55,30,25140,0
BANKNIFTY29MAY2560100CE.NFO,2025-04-29,11:17:00,2025-05-29,78.55,78.75,78.55,78.75,60,25140,0
BANKNIFTY29MAY2560100CE.NFO,2025-04-29,11:18:00,2025-05-29,78.75,78.75,78.75,78.75,0,25140,0
BANKNIFTY29MAY2560100CE.NFO,2025-04-29,11:19:00,2025-05-29,78.75,78.75,77.6,78.75,300,25230,0
BANKNIFTY29MAY2560100CE.NFO,2025-04-29,11:20:00,2025-05-29,78.75,79.7,78.75,78.85,60,25230,0
BANKNIFTY29MAY2560100CE.NFO,2025-04-29,11:21:00,2025-05-29,78.85,79.25,78.85,79.15,60,25200,0
BANKNIFTY29MAY2560100CE.NFO,2025-04-29,11:22:00,2025-05-29,79.15,80.4,79.15,79.55,180,25200,0
BANKNIFTY29MAY2560100CE.NFO,2025-04-29,11:23:00,2025-05-29,79.55,79.55,78.2,78.85,420,25200,0
BANKNIFTY29MAY2560100CE.NFO,2025-04-29,11:24:00,2025-05-29,78.85,78.85,78.0,78.55,360,25440,0
BANKNIFTY29MAY2560100CE.NFO,2025-04-29,11:25:00,2025-05-29,78.55,78.55,78.55,78.55,0,25440,0
BANKNIFTY29MAY2560100CE.NFO,2025-04-29,11:26:00,2025-05-29,78.55,78.95,78.55,78.95,30,25440,0
BANKNIFTY29MAY2560100CE.NFO,2025-04-29,11:27:00,2025-05-29,78.95,78.95,78.05,78.05,180,25500,0
BANKNIFTY29MAY2560100CE.NFO,2025-04-29,11:28:00,2025-05-29,78.05,78.3,78.05,78.15,150,25500,0
BANKNIFTY29MAY2560100CE.NFO,2025-04-29,11:29:00,2025-05-29,78.15,78.15,76.85,76.85,210,25500,0
BANKNIFTY29MAY2560100CE.NFO,2025-04-29,11:30:00,2025-05-29,76.85,77.4,75.65,75.65,300,25500,0
BANKNIFTY29MAY2560100CE.NFO,2025-04-29,11:31:00,2025-05-29,75.65,78.05,75.25,76.9,1350,25440,0
BANKNIFTY29MAY2560100CE.NFO,2025-04-29,11:32:00,2025-05-29,76.9,77.2,76.4,76.65,2190,25440,0
BANKNIFTY29MAY2560100CE.NFO,2025-04-29,11:33:00,2025-05-29,76.65,78.6,76.65,77.8,210,25440,0
BANKNIFTY29MAY2560100CE.NFO,2025-04-29,11:34:00,2025-05-29,77.8,79.45,77.7,78.8,1560,23790,0
BANKNIFTY29MAY2560100CE.NFO,2025-04-29,11:35:00,2025-05-29,78.8,78.8,78.45,78.45,240,23790,0
BANKNIFTY29MAY2560100CE.NFO,2025-04-29,11:36:00,2025-05-29,78.45,78.45,78.45,78.45,0,23790,0
BANKNIFTY29MAY2560100CE.NFO,2025-04-29,11:37:00,2025-05-29,78.45,78.45,78.45,78.45,0,23790,0
BANKNIFTY29MAY2560100CE.NFO,2025-04-29,11:38:00,2025-05-29,78.45,78.45,77.6,77.6,810,24330,0
BANKNIFTY29MAY2560100CE.NFO,2025-04-29,11:39:00,2025-05-29,77.6,77.6,77.6,77.6,0,24330,0
BANKNIFTY29MAY2560100CE.NFO,2025-04-29,11:40:00,2025-05-29,77.6,77.6,77.6,77.6,0,24330,0
BANKNIFTY29MAY2560100CE.NFO,2025-04-29,11:41:00,2025-05-29,77.6,77.85,77.6,77.85,30,24060,0
BANKNIFTY29MAY2560100CE.NFO,2025-04-29,11:42:00,2025-05-29,77.85,78.0,77.35,77.45,870,24060,0
BANKNIFTY29MAY2560100CE.NFO,2025-04-29,11:43:00,2025-05-29,77.45,78.0,77.45,78.0,30,24090,0
BANKNIFTY29MAY2560100CE.NFO,2025-04-29,11:44:00,2025-05-29,78.0,78.15,78.0,78.15,150,24090,0
BANKNIFTY29MAY2560100CE.NFO,2025-04-29,11:45:00,2025-05-29,78.15,78.25,77.85,78.25,90,24090,0
BANKNIFTY29MAY2560100CE.NFO,2025-04-29,11:46:00,2025-05-29,78.25,78.25,76.35,77.05,120,24210,0
BANKNIFTY29MAY2560100CE.NFO,2025-04-29,11:47:00,2025-05-29,77.05,77.05,76.7,76.7,90,24210,0
BANKNIFTY29MAY2560100CE.NFO,2025-04-29,11:48:00,2025-05-29,76.7,76.7,76.0,76.0,60,24210,0
BANKNIFTY29MAY2560100CE.NFO,2025-04-29,11:49:00,2025-05-29,76.0,76.0,76.0,76.0,0,24210,0
BANKNIFTY29MAY2560100CE.NFO,2025-04-29,11:50:00,2025-05-29,76.0,76.35,76.0,76.2,90,24240,0
BANKNIFTY29MAY2560100CE.NFO,2025-04-29,11:51:00,2025-05-29,76.2,76.2,73.65,73.7,1260,24240,0
BANKNIFTY29MAY2560100CE.NFO,2025-04-29,11:52:00,2025-05-29,73.7,73.7,73.4,73.5,120,24210,0
BANKNIFTY29MAY2560100CE.NFO,2025-04-29,11:53:00,2025-05-29,73.5,73.5,72.65,72.65,90,24210,0
BANKNIFTY29MAY2560100CE.NFO,2025-04-29,11:54:00,2025-05-29,72.65,72.65,72.15,72.25,60,24210,0
BANKNIFTY29MAY2560100CE.NFO,2025-04-29,11:55:00,2025-05-29,72.25,72.25,71.2,71.7,210,24030,0
BANKNIFTY29MAY2560100CE.NFO,2025-04-29,11:56:00,2025-05-29,71.7,72.55,71.7,72.45,540,24030,0
BANKNIFTY29MAY2560100CE.NFO,2025-04-29,11:57:00,2025-05-29,72.45,72.45,69.45,70.65,1290,23190,0
BANKNIFTY29MAY2560100CE.NFO,2025-04-29,11:58:00,2025-05-29,70.65,70.65,70.05,70.5,1110,23190,0
BANKNIFTY29MAY2560100CE.NFO,2025-04-29,11:59:00,2025-05-29,70.5,71.7,69.65,71.7,210,23190,0
BANKNIFTY29MAY2560100CE.NFO,2025-04-29,12:00:00,2025-05-29,71.7,71.7,70.3,70.75,630,23190,0
BANKNIFTY29MAY2560100CE.NFO,2025-04-29,12:01:00,2025-05-29,70.75,71.45,70.75,71.45,60,22560,0
BANKNIFTY29MAY2560100CE.NFO,2025-04-29,12:02:00,2025-05-29,71.45,73.2,71.45,73.0,60,22560,0
BANKNIFTY29MAY2560100CE.NFO,2025-04-29,12:03:00,2025-05-29,73.0,73.0,72.35,72.35,30,22560,0
BANKNIFTY29MAY2560100CE.NFO,2025-04-29,12:04:00,2025-05-29,72.35,74.05,72.35,74.05,510,22620,0
BANKNIFTY29MAY2560100CE.NFO,2025-04-29,12:05:00,2025-05-29,74.05,74.05,73.3,73.5,270,22620,0
BANKNIFTY29MAY2560100CE.NFO,2025-04-29,12:06:00,2025-05-29,73.5,73.5,73.5,73.5,0,22620,0
BANKNIFTY29MAY2560100CE.NFO,2025-04-29,12:07:00,2025-05-29,73.5,73.5,72.45,72.45,30,22920,0
BANKNIFTY29MAY2560100CE.NFO,2025-04-29,12:08:00,2025-05-29,72.45,72.45,72.45,72.45,0,22920,0
BANKNIFTY29MAY2560100CE.NFO,2025-04-29,12:09:00,2025-05-29,72.45,72.75,71.7,71.7,60,22920,0
BANKNIFTY29MAY2560100CE.NFO,2025-04-29,12:10:00,2025-05-29,71.7,73.05,71.7,73.05,30,22860,0
BANKNIFTY29MAY2560100CE.NFO,2025-04-29,12:11:00,2025-05-29,73.05,73.05,73.05,73.05,0,22860,0
BANKNIFTY29MAY2560100CE.NFO,2025-04-29,12:12:00,2025-05-29,73.05,73.2,73.0,73.05,600,22860,0
BANKNIFTY29MAY2560100CE.NFO,2025-04-29,12:13:00,2025-05-29,73.05,73.25,73.0,73.0,450,22800,0
BANKNIFTY29MAY2560100CE.NFO,2025-04-29,12:14:00,2025-05-29,73.0,73.0,73.0,73.0,0,22800,0
BANKNIFTY29MAY2560100CE.NFO,2025-04-29,12:15:00,2025-05-29,73.0,73.65,73.0,73.65,360,22800,0
BANKNIFTY29MAY2560100CE.NFO,2025-04-29,12:16:00,2025-05-29,73.65,74.25,73.65,74.25,90,23520,0
BANKNIFTY29MAY2560100CE.NFO,2025-04-29,12:17:00,2025-05-29,74.25,74.25,73.1,73.1,30,23520,0
BANKNIFTY29MAY2560100CE.NFO,2025-04-29,12:18:00,2025-05-29,73.1,73.1,72.9,72.95,60,23520,0
BANKNIFTY29MAY2560100CE.NFO,2025-04-29,12:19:00,2025-05-29,72.95,72.95,72.5,72.5,90,23580,0
BANKNIFTY29MAY2560100CE.NFO,2025-04-29,12:20:00,2025-05-29,72.5,72.5,72.5,72.5,0,23580,0
BANKNIFTY29MAY2560100CE.NFO,2025-04-29,12:21:00,2025-05-29,72.5,72.5,71.15,71.15,90,23580,0
BANKNIFTY29MAY2560100CE.NFO,2025-04-29,12:22:00,2025-05-29,71.15,72.05,71.15,72.05,0,23400,0
BANKNIFTY29MAY2560100CE.NFO,2025-04-29,12:23:00,2025-05-29,72.05,72.05,72.05,72.05,0,23400,0
BANKNIFTY29MAY2560100CE.NFO,2025-04-29,12:24:00,2025-05-29,72.05,72.05,72.0,72.0,0,23400,0
BANKNIFTY29MAY2560100CE.NFO,2025-04-29,12:25:00,2025-05-29,72.25,72.25,72.25,72.25,0,23370,0
BANKNIFTY29MAY2560100CE.NFO,2025-04-29,12:26:00,2025-05-29,72.25,72.25,71.6,71.6,120,23370,0
BANKNIFTY29MAY2560100CE.NFO,2025-04-29,12:27:00,2025-05-29,71.6,71.6,71.6,71.6,0,23370,0
BANKNIFTY29MAY2560100CE.NFO,2025-04-29,12:28:00,2025-05-29,71.6,72.65,71.6,72.65,60,23340,0
BANKNIFTY29MAY2560100CE.NFO,2025-04-29,12:29:00,2025-05-29,72.65,72.65,72.25,72.25,90,23340,0
BANKNIFTY29MAY2560100CE.NFO,2025-04-29,12:30:00,2025-05-29,72.25,72.25,71.55,71.55,30,23340,0
BANKNIFTY29MAY2560100CE.NFO,2025-04-29,12:31:00,2025-05-29,71.55,71.55,71.55,71.55,0,23340,0
BANKNIFTY29MAY2560100CE.NFO,2025-04-29,12:32:00,2025-05-29,71.55,71.55,71.55,71.55,0,23340,0
BANKNIFTY29MAY2560100CE.NFO,2025-04-29,12:33:00,2025-05-29,71.55,72.35,71.55,72.15,120,23340,0
BANKNIFTY29MAY2560100CE.NFO,2025-04-29,12:34:00,2025-05-29,72.15,74.25,72.15,73.55,270,23310,0
BANKNIFTY29MAY2560100CE.NFO,2025-04-29,12:35:00,2025-05-29,73.55,73.8,73.55,73.8,30,23310,0
BANKNIFTY29MAY2560100CE.NFO,2025-04-29,12:36:00,2025-05-29,73.8,73.85,73.55,73.85,240,23310,0
BANKNIFTY29MAY2560100CE.NFO,2025-04-29,12:37:00,2025-05-29,73.85,74.45,73.85,74.45,570,23310,0
BANKNIFTY29MAY2560100CE.NFO,2025-04-29,12:38:00,2025-05-29,74.45,75.05,74.45,75.05,30,23310,0
BANKNIFTY29MAY2560100CE.NFO,2025-04-29,12:39:00,2025-05-29,75.05,75.05,75.05,75.05,0,23310,0
BANKNIFTY29MAY2560100CE.NFO,2025-04-29,12:40:00,2025-05-29,75.05,75.05,74.5,74.75,390,23580,0
BANKNIFTY29MAY2560100CE.NFO,2025-04-29,12:41:00,2025-05-29,74.65,76.35,74.65,76.35,210,23580,0
BANKNIFTY29MAY2560100CE.NFO,2025-04-29,12:42:00,2025-05-29,76.35,77.25,76.35,76.75,60,23580,0
BANKNIFTY29MAY2560100CE.NFO,2025-04-29,12:43:00,2025-05-29,76.75,77.7,75.8,75.8,150,23670,0
BANKNIFTY29MAY2560100CE.NFO,2025-04-29,12:44:00,2025-05-29,75.8,76.45,75.8,76.45,90,23670,0
BANKNIFTY29MAY2560100CE.NFO,2025-04-29,12:45:00,2025-05-29,76.45,76.95,76.45,76.95,0,23670,0
BANKNIFTY29MAY2560100CE.NFO,2025-04-29,12:46:00,2025-05-29,76.95,76.95,76.95,76.95,30,23670,0
BANKNIFTY29MAY2560100CE.NFO,2025-04-29,12:47:00,2025-05-29,76.95,76.95,75.55,75.55,30,23790,0
BANKNIFTY29MAY2560100CE.NFO,2025-04-29,12:48:00,2025-05-29,75.55,75.55,74.05,74.05,30,23790,0
BANKNIFTY29MAY2560100CE.NFO,2025-04-29,12:49:00,2025-05-29,74.05,74.05,74.05,74.05,0,23790,0
BANKNIFTY29MAY2560100CE.NFO,2025-04-29,12:50:00,2025-05-29,74.05,75.6,74.05,74.65,90,23790,0
BANKNIFTY29MAY2560100CE.NFO,2025-04-29,12:51:00,2025-05-29,74.65,74.65,74.45,74.45,30,23790,0
BANKNIFTY29MAY2560100CE.NFO,2025-04-29,12:52:00,2025-05-29,74.45,74.45,74.45,74.45,0,23790,0
BANKNIFTY29MAY2560100CE.NFO,2025-04-29,12:53:00,2025-05-29,74.45,77.85,74.45,77.45,330,23730,0
BANKNIFTY29MAY2560100CE.NFO,2025-04-29,12:54:00,2025-05-29,77.45,77.45,77.45,77.45,30,23730,0
BANKNIFTY29MAY2560100CE.NFO,2025-04-29,12:55:00,2025-05-29,77.45,79.05,77.45,78.75,660,24090,0
BANKNIFTY29MAY2560100CE.NFO,2025-04-29,12:56:00,2025-05-29,78.75,78.75,77.6,77.6,120,24090,0
BANKNIFTY29MAY2560100CE.NFO,2025-04-29,12:57:00,2025-05-29,77.6,79.4,77.6,79.4,90,24090,0
BANKNIFTY29MAY2560100CE.NFO,2025-04-29,12:58:00,2025-05-29,79.4,79.4,78.0,78.6,30,24540,0
BANKNIFTY29MAY2560100CE.NFO,2025-04-29,12:59:00,2025-05-29,78.6,78.65,78.6,78.65,30,24540,0
BANKNIFTY29MAY2560100CE.NFO,2025-04-29,13:00:00,2025-05-29,78.65,78.95,78.65,78.95,90,24540,0
BANKNIFTY29MAY2560100CE.NFO,2025-04-29,13:01:00,2025-05-29,78.95,79.4,78.5,78.85,1890,24600,0
BANKNIFTY29MAY2560100CE.NFO,2025-04-29,13:02:00,2025-05-29,78.85,81.1,78.85,80.8,180,24600,0
BANKNIFTY29MAY2560100CE.NFO,2025-04-29,13:03:00,2025-05-29,80.8,82.1,80.8,81.25,180,24600,0
BANKNIFTY29MAY2560100CE.NFO,2025-04-29,13:04:00,2025-05-29,81.25,81.25,80.8,81.25,240,25200,0
BANKNIFTY29MAY2560100CE.NFO,2025-04-29,13:05:00,2025-05-29,81.25,81.25,80.15,80.55,90,25200,0
BANKNIFTY29MAY2560100CE.NFO,2025-04-29,13:06:00,2025-05-29,80.55,80.55,79.9,79.9,90,25200,0
BANKNIFTY29MAY2560100CE.NFO,2025-04-29,13:07:00,2025-05-29,79.9,79.9,78.2,78.25,30,25080,0
BANKNIFTY29MAY2560100CE.NFO,2025-04-29,13:08:00,2025-05-29,78.25,78.25,78.05,78.25,60,25080,0
BANKNIFTY29MAY2560100CE.NFO,2025-04-29,13:09:00,2025-05-29,78.25,78.25,76.95,77.95,480,25080,0
BANKNIFTY29MAY2560100CE.NFO,2025-04-29,13:10:00,2025-05-29,77.95,78.55,77.95,78.15,330,24780,0
BANKNIFTY29MAY2560100CE.NFO,2025-04-29,13:11:00,2025-05-29,78.15,78.15,78.15,78.15,0,24780,0
BANKNIFTY29MAY2560100CE.NFO,2025-04-29,13:12:00,2025-05-29,78.15,78.45,78.15,78.45,30,24780,0
BANKNIFTY29MAY2560100CE.NFO,2025-04-29,13:13:00,2025-05-29,78.45,78.95,78.45,78.95,30,25020,0
BANKNIFTY29MAY2560100CE.NFO,2025-04-29,13:14:00,2025-05-29,78.95,78.95,78.95,78.95,0,25020,0
BANKNIFTY29MAY2560100CE.NFO,2025-04-29,13:15:00,2025-05-29,78.95,78.95,78.4,78.4,120,25020,0
BANKNIFTY29MAY2560100CE.NFO,2025-04-29,13:16:00,2025-05-29,78.4,78.4,75.95,75.95,330,24990,0
BANKNIFTY29MAY2560100CE.NFO,2025-04-29,13:17:00,2025-05-29,75.95,75.95,74.85,74.85,120,24990,0
BANKNIFTY29MAY2560100CE.NFO,2025-04-29,13:18:00,2025-05-29,74.85,76.5,74.85,76.5,660,24990,0
BANKNIFTY29MAY2560100CE.NFO,2025-04-29,13:19:00,2025-05-29,76.5,76.5,75.3,75.3,30,24780,0
BANKNIFTY29MAY2560100CE.NFO,2025-04-29,13:20:00,2025-05-29,75.3,76.0,75.3,76.0,120,24780,0
BANKNIFTY29MAY2560100CE.NFO,2025-04-29,13:21:00,2025-05-29,76.0,77.0,76.0,76.65,360,24780,0
BANKNIFTY29MAY2560100CE.NFO,2025-04-29,13:22:00,2025-05-29,76.65,78.0,76.65,78.0,30,24720,0
BANKNIFTY29MAY2560100CE.NFO,2025-04-29,13:23:00,2025-05-29,78.0,78.0,78.0,78.0,0,24720,0
BANKNIFTY29MAY2560100CE.NFO,2025-04-29,13:24:00,2025-05-29,78.0,78.0,78.0,78.0,0,24720,0
BANKNIFTY29MAY2560100CE.NFO,2025-04-29,13:25:00,2025-05-29,78.0,78.0,78.0,78.0,0,24720,0
BANKNIFTY29MAY2560100CE.NFO,2025-04-29,13:26:00,2025-05-29,78.0,78.0,76.25,76.85,420,24750,0
BANKNIFTY29MAY2560100CE.NFO,2025-04-29,13:27:00,2025-05-29,76.85,76.85,76.85,76.85,0,24750,0
BANKNIFTY29MAY2560100CE.NFO,2025-04-29,13:28:00,2025-05-29,76.85,77.2,76.65,77.2,870,24450,0
BANKNIFTY29MAY2560100CE.NFO,2025-04-29,13:29:00,2025-05-29,77.2,77.2,77.2,77.2,0,24450,0
BANKNIFTY29MAY2560100CE.NFO,2025-04-29,13:30:00,2025-05-29,77.2,77.2,75.2,75.95,330,24450,0
BANKNIFTY29MAY2560100CE.NFO,2025-04-29,13:31:00,2025-05-29,75.95,75.95,75.15,75.25,120,24090,0
BANKNIFTY29MAY2560100CE.NFO,2025-04-29,13:32:00,2025-05-29,75.25,75.25,75.25,75.25,0,24090,0
BANKNIFTY29MAY2560100CE.NFO,2025-04-29,13:33:00,2025-05-29,75.25,75.25,75.25,75.25,0,24090,0
BANKNIFTY29MAY2560100CE.NFO,2025-04-29,13:34:00,2025-05-29,75.25,77.45,75.25,77.2,390,24090,0
BANKNIFTY29MAY2560100CE.NFO,2025-04-29,13:35:00,2025-05-29,77.2,77.2,75.9,75.9,60,24090,0
BANKNIFTY29MAY2560100CE.NFO,2025-04-29,13:36:00,2025-05-29,75.9,76.5,75.25,75.25,60,24090,0
BANKNIFTY29MAY2560100CE.NFO,2025-04-29,13:37:00,2025-05-29,75.25,75.7,75.0,75.0,120,24060,0
BANKNIFTY29MAY2560100CE.NFO,2025-04-29,13:38:00,2025-05-29,75.0,76.0,75.0,75.6,660,24060,0
BANKNIFTY29MAY2560100CE.NFO,2025-04-29,13:39:00,2025-05-29,75.6,76.25,75.6,76.25,30,24060,0
BANKNIFTY29MAY2560100CE.NFO,2025-04-29,13:40:00,2025-05-29,76.25,76.25,75.55,75.55,90,24450,0
BANKNIFTY29MAY2560100CE.NFO,2025-04-29,13:41:00,2025-05-29,75.55,75.7,75.5,75.5,90,24450,0
BANKNIFTY29MAY2560100CE.NFO,2025-04-29,13:42:00,2025-05-29,75.5,76.3,75.5,76.3,60,24450,0
BANKNIFTY29MAY2560100CE.NFO,2025-04-29,13:43:00,2025-05-29,76.3,76.3,75.7,75.7,30,24450,0
BANKNIFTY29MAY2560100CE.NFO,2025-04-29,13:44:00,2025-05-29,75.7,75.7,75.7,75.7,0,24450,0
BANKNIFTY29MAY2560100CE.NFO,2025-04-29,13:45:00,2025-05-29,75.7,75.85,75.0,75.05,3180,24510,0
BANKNIFTY29MAY2560100CE.NFO,2025-04-29,13:46:00,2025-05-29,75.05,75.9,75.05,75.9,30,26790,0
BANKNIFTY29MAY2560100CE.NFO,2025-04-29,13:47:00,2025-05-29,75.9,75.9,75.65,75.65,30,26790,0
BANKNIFTY29MAY2560100CE.NFO,2025-04-29,13:48:00,2025-05-29,75.65,75.65,75.65,75.65,0,26790,0
BANKNIFTY29MAY2560100CE.NFO,2025-04-29,13:49:00,2025-05-29,75.65,75.65,75.65,75.65,0,26790,0
BANKNIFTY29MAY2560100CE.NFO,2025-04-29,13:50:00,2025-05-29,75.65,75.9,75.65,75.9,30,26850,0
BANKNIFTY29MAY2560100CE.NFO,2025-04-29,13:51:00,2025-05-29,75.9,75.9,75.75,75.75,30,26850,0
BANKNIFTY29MAY2560100CE.NFO,2025-04-29,13:52:00,2025-05-29,75.75,75.75,75.75,75.75,0,26850,0
BANKNIFTY29MAY2560100CE.NFO,2025-04-29,13:53:00,2025-05-29,75.75,75.75,75.75,75.75,0,26850,0
BANKNIFTY29MAY2560100CE.NFO,2025-04-29,13:54:00,2025-05-29,75.75,75.75,75.75,75.75,0,26850,0
BANKNIFTY29MAY2560100CE.NFO,2025-04-29,13:55:00,2025-05-29,75.75,75.75,74.55,74.55,30,27120,0
BANKNIFTY29MAY2560100CE.NFO,2025-04-29,13:56:00,2025-05-29,74.55,74.55,74.55,74.55,0,27120,0
BANKNIFTY29MAY2560100CE.NFO,2025-04-29,13:57:00,2025-05-29,74.55,75.1,74.55,75.1,1200,27120,0
BANKNIFTY29MAY2560100CE.NFO,2025-04-29,13:58:00,2025-05-29,75.1,75.1,75.1,75.1,30,27690,0
BANKNIFTY29MAY2560100CE.NFO,2025-04-29,13:59:00,2025-05-29,75.1,75.1,75.1,75.1,0,27690,0
BANKNIFTY29MAY2560100CE.NFO,2025-04-29,14:00:00,2025-05-29,75.1,75.1,75.1,75.1,0,27690,0
BANKNIFTY29MAY2560100CE.NFO,2025-04-29,14:01:00,2025-05-29,75.1,75.1,74.5,74.5,180,27690,0
BANKNIFTY29MAY2560100CE.NFO,2025-04-29,14:02:00,2025-05-29,74.5,74.5,74.5,74.5,0,27690,0
BANKNIFTY29MAY2560100CE.NFO,2025-04-29,14:03:00,2025-05-29,74.5,74.5,74.5,74.5,0,27690,0
BANKNIFTY29MAY2560100CE.NFO,2025-04-29,14:04:00,2025-05-29,74.5,74.5,74.5,74.5,0,27690,0
BANKNIFTY29MAY2560100CE.NFO,2025-04-29,14:05:00,2025-05-29,74.5,74.5,74.4,74.4,60,27840,0
BANKNIFTY29MAY2560100CE.NFO,2025-04-29,14:06:00,2025-05-29,74.4,74.4,74.4,74.4,30,27840,0
BANKNIFTY29MAY2560100CE.NFO,2025-04-29,14:07:00,2025-05-29,74.4,74.4,74.4,74.4,0,27840,0
BANKNIFTY29MAY2560100CE.NFO,2025-04-29,14:08:00,2025-05-29,74.4,74.4,74.15,74.15,30,27840,0
BANKNIFTY29MAY2560100CE.NFO,2025-04-29,14:09:00,2025-05-29,74.15,74.15,74.15,74.15,0,27840,0
BANKNIFTY29MAY2560100CE.NFO,2025-04-29,14:10:00,2025-05-29,74.15,74.15,74.15,74.15,0,27840,0
BANKNIFTY29MAY2560100CE.NFO,2025-04-29,14:11:00,2025-05-29,74.15,74.15,74.15,74.15,0,27840,0
BANKNIFTY29MAY2560100CE.NFO,2025-04-29,14:12:00,2025-05-29,74.15,74.4,74.15,74.4,30,27840,0
BANKNIFTY29MAY2560100CE.NFO,2025-04-29,14:13:00,2025-05-29,74.4,74.4,74.4,74.4,0,27840,0
BANKNIFTY29MAY2560100CE.NFO,2025-04-29,14:14:00,2025-05-29,74.4,74.4,74.4,74.4,0,27840,0
BANKNIFTY29MAY2560100CE.NFO,2025-04-29,14:15:00,2025-05-29,74.4,74.4,74.4,74.4,0,27840,0
BANKNIFTY29MAY2560100CE.NFO,2025-04-29,14:16:00,2025-05-29,74.4,74.4,74.4,74.4,0,27840,0
BANKNIFTY29MAY2560100CE.NFO,2025-04-29,14:17:00,2025-05-29,74.4,74.4,74.4,74.4,0,27840,0
BANKNIFTY29MAY2560100CE.NFO,2025-04-29,14:18:00,2025-05-29,74.4,76.6,74.4,76.25,150,27840,0
BANKNIFTY29MAY2560100CE.NFO,2025-04-29,14:19:00,2025-05-29,76.25,76.45,76.25,76.45,30,27840,0
BANKNIFTY29MAY2560100CE.NFO,2025-04-29,14:20:00,2025-05-29,76.45,76.45,76.45,76.45,0,27840,0
BANKNIFTY29MAY2560100CE.NFO,2025-04-29,14:21:00,2025-05-29,76.45,76.45,76.3,76.3,30,27870,0
BANKNIFTY29MAY2560100CE.NFO,2025-04-29,14:22:00,2025-05-29,76.3,76.55,76.3,76.55,510,27450,0
BANKNIFTY29MAY2560100CE.NFO,2025-04-29,14:23:00,2025-05-29,76.55,76.55,76.25,76.25,90,27450,0
BANKNIFTY29MAY2560100CE.NFO,2025-04-29,14:24:00,2025-05-29,76.25,76.25,75.9,75.9,30,27450,0
BANKNIFTY29MAY2560100CE.NFO,2025-04-29,14:25:00,2025-05-29,75.9,75.9,75.0,75.2,4440,27270,0
BANKNIFTY29MAY2560100CE.NFO,2025-04-29,14:26:00,2025-05-29,75.2,76.45,75.2,76.45,60,27270,0
BANKNIFTY29MAY2560100CE.NFO,2025-04-29,14:27:00,2025-05-29,76.45,76.55,76.45,76.55,90,27270,0
BANKNIFTY29MAY2560100CE.NFO,2025-04-29,14:28:00,2025-05-29,76.55,76.55,75.55,75.55,150,29040,0
BANKNIFTY29MAY2560100CE.NFO,2025-04-29,14:29:00,2025-05-29,75.55,75.55,75.55,75.55,0,29040,0
BANKNIFTY29MAY2560100CE.NFO,2025-04-29,14:30:00,2025-05-29,75.55,76.45,75.55,76.45,60,29040,0
BANKNIFTY29MAY2560100CE.NFO,2025-04-29,14:31:00,2025-05-29,76.45,76.45,75.45,75.45,30,29070,0
BANKNIFTY29MAY2560100CE.NFO,2025-04-29,14:32:00,2025-05-29,75.45,77.2,75.0,76.65,390,29070,0
BANKNIFTY29MAY2560100CE.NFO,2025-04-29,14:33:00,2025-05-29,76.65,76.65,76.0,76.0,60,29070,0
BANKNIFTY29MAY2560100CE.NFO,2025-04-29,14:34:00,2025-05-29,76.0,76.0,75.6,75.6,60,29070,0
BANKNIFTY29MAY2560100CE.NFO,2025-04-29,14:35:00,2025-05-29,75.6,75.6,75.6,75.6,0,29070,0
BANKNIFTY29MAY2560100CE.NFO,2025-04-29,14:36:00,2025-05-29,75.6,76.55,75.6,76.55,60,28680,0
BANKNIFTY29MAY2560100CE.NFO,2025-04-29,14:37:00,2025-05-29,76.55,76.55,76.55,76.55,0,28680,0
BANKNIFTY29MAY2560100CE.NFO,2025-04-29,14:38:00,2025-05-29,76.55,76.75,76.05,76.4,540,28710,0
BANKNIFTY29MAY2560100CE.NFO,2025-04-29,14:39:00,2025-05-29,76.4,76.4,76.4,76.4,0,28710,0
BANKNIFTY29MAY2560100CE.NFO,2025-04-29,14:40:00,2025-05-29,76.4,76.6,75.8,76.25,420,28710,0
BANKNIFTY29MAY2560100CE.NFO,2025-04-29,14:41:00,2025-05-29,76.25,76.25,75.65,75.65,90,28710,0
BANKNIFTY29MAY2560100CE.NFO,2025-04-29,14:42:00,2025-05-29,75.65,75.8,75.65,75.8,30,28710,0
BANKNIFTY29MAY2560100CE.NFO,2025-04-29,14:43:00,2025-05-29,75.8,75.8,75.8,75.8,0,28710,0
BANKNIFTY29MAY2560100CE.NFO,2025-04-29,14:44:00,2025-05-29,75.8,76.25,75.3,76.25,60,28830,0
BANKNIFTY29MAY2560100CE.NFO,2025-04-29,14:45:00,2025-05-29,76.25,76.25,75.25,75.25,30,28830,0
BANKNIFTY29MAY2560100CE.NFO,2025-04-29,14:46:00,2025-05-29,75.25,75.25,74.2,74.9,330,28800,0
BANKNIFTY29MAY2560100CE.NFO,2025-04-29,14:47:00,2025-05-29,74.9,76.0,74.7,76.0,600,28800,0
BANKNIFTY29MAY2560100CE.NFO,2025-04-29,14:48:00,2025-05-29,76.0,76.0,75.75,75.75,330,28800,0
BANKNIFTY29MAY2560100CE.NFO,2025-04-29,14:49:00,2025-05-29,75.75,75.95,75.75,75.95,30,28800,0
BANKNIFTY29MAY2560100CE.NFO,2025-04-29,14:50:00,2025-05-29,75.95,75.95,75.95,75.95,0,28800,0
BANKNIFTY29MAY2560100CE.NFO,2025-04-29,14:51:00,2025-05-29,75.95,75.95,75.95,75.95,0,28800,0
BANKNIFTY29MAY2560100CE.NFO,2025-04-29,14:52:00,2025-05-29,75.95,75.95,73.35,73.35,30,28440,0
BANKNIFTY29MAY2560100CE.NFO,2025-04-29,14:53:00,2025-05-29,73.35,73.75,73.35,73.5,180,28440,0
BANKNIFTY29MAY2560100CE.NFO,2025-04-29,14:54:00,2025-05-29,73.5,73.5,70.65,70.65,450,28440,0
BANKNIFTY29MAY2560100CE.NFO,2025-04-29,14:55:00,2025-05-29,70.7,71.0,70.7,70.8,150,28440,0
BANKNIFTY29MAY2560100CE.NFO,2025-04-29,14:56:00,2025-05-29,70.8,71.15,70.8,71.0,960,28440,0
BANKNIFTY29MAY2560100CE.NFO,2025-04-29,14:57:00,2025-05-29,71.0,71.3,71.0,71.0,2550,28440,0
BANKNIFTY29MAY2560100CE.NFO,2025-04-29,14:58:00,2025-05-29,71.0,71.95,71.0,71.8,30,27540,0
BANKNIFTY29MAY2560100CE.NFO,2025-04-29,14:59:00,2025-05-29,71.8,73.15,71.65,71.65,180,27540,0
BANKNIFTY29MAY2560100CE.NFO,2025-04-29,15:00:00,2025-05-29,71.65,73.05,71.65,73.05,180,27540,0
BANKNIFTY29MAY2560100CE.NFO,2025-04-29,15:01:00,2025-05-29,73.05,73.05,69.85,69.85,570,27330,0
BANKNIFTY29MAY2560100CE.NFO,2025-04-29,15:02:00,2025-05-29,69.85,70.1,69.8,69.8,240,27330,0
BANKNIFTY29MAY2560100CE.NFO,2025-04-29,15:03:00,2025-05-29,69.8,70.4,69.8,69.95,3480,27330,0
BANKNIFTY29MAY2560100CE.NFO,2025-04-29,15:04:00,2025-05-29,69.95,69.95,69.95,69.95,0,27330,0
BANKNIFTY29MAY2560100CE.NFO,2025-04-29,15:05:00,2025-05-29,69.95,71.15,69.95,71.05,120,25770,0
BANKNIFTY29MAY2560100CE.NFO,2025-04-29,15:06:00,2025-05-29,71.05,71.05,70.6,70.6,30,25770,0
BANKNIFTY29MAY2560100CE.NFO,2025-04-29,15:07:00,2025-05-29,70.6,70.6,70.6,70.6,0,25770,0
BANKNIFTY29MAY2560100CE.NFO,2025-04-29,15:08:00,2025-05-29,70.6,70.85,70.0,70.0,1140,25800,0
BANKNIFTY29MAY2560100CE.NFO,2025-04-29,15:09:00,2025-05-29,70.0,70.8,69.55,70.8,1380,25800,0
BANKNIFTY29MAY2560100CE.NFO,2025-04-29,15:10:00,2025-05-29,70.8,71.0,70.6,71.0,60,26010,0
BANKNIFTY29MAY2560100CE.NFO,2025-04-29,15:11:00,2025-05-29,71.0,71.0,70.75,70.75,30,26010,0
BANKNIFTY29MAY2560100CE.NFO,2025-04-29,15:12:00,2025-05-29,70.75,70.9,70.75,70.9,60,26010,0
BANKNIFTY29MAY2560100CE.NFO,2025-04-29,15:13:00,2025-05-29,70.9,71.2,70.45,70.45,900,25620,0
BANKNIFTY29MAY2560100CE.NFO,2025-04-29,15:14:00,2025-05-29,70.45,70.95,70.45,70.6,2850,25620,0
BANKNIFTY29MAY2560100CE.NFO,2025-04-29,15:15:00,2025-05-29,70.6,70.95,70.0,70.0,90,25620,0
BANKNIFTY29MAY2560100CE.NFO,2025-04-29,15:16:00,2025-05-29,70.0,70.0,68.9,68.9,690,25620,0
BANKNIFTY29MAY2560100CE.NFO,2025-04-29,15:17:00,2025-05-29,68.9,70.05,68.65,70.05,120,22980,0
BANKNIFTY29MAY2560100CE.NFO,2025-04-29,15:18:00,2025-05-29,70.05,70.05,68.75,68.8,270,22980,0
BANKNIFTY29MAY2560100CE.NFO,2025-04-29,15:19:00,2025-05-29,68.8,69.55,68.4,69.55,2700,23400,0
BANKNIFTY29MAY2560100CE.NFO,2025-04-29,15:20:00,2025-05-29,69.55,69.55,69.35,69.35,30,23400,0
BANKNIFTY29MAY2560100CE.NFO,2025-04-29,15:21:00,2025-05-29,69.35,69.35,67.3,67.3,1650,23400,0
BANKNIFTY29MAY2560100CE.NFO,2025-04-29,15:22:00,2025-05-29,67.3,68.05,67.3,67.4,150,23400,0
BANKNIFTY29MAY2560100CE.NFO,2025-04-29,15:23:00,2025-05-29,67.4,68.15,67.4,68.15,30,22050,0
BANKNIFTY29MAY2560100CE.NFO,2025-04-29,15:24:00,2025-05-29,68.15,68.3,66.95,67.5,600,22050,0
BANKNIFTY29MAY2560100CE.NFO,2025-04-29,15:25:00,2025-05-29,67.5,69.6,67.5,69.55,1800,21630,0
BANKNIFTY29MAY2560100CE.NFO,2025-04-29,15:26:00,2025-05-29,69.55,69.55,67.9,68.6,330,21630,0
BANKNIFTY29MAY2560100CE.NFO,2025-04-29,15:27:00,2025-05-29,68.6,68.6,66.45,67.95,1110,21630,0
BANKNIFTY29MAY2560100CE.NFO,2025-04-29,15:28:00,2025-05-29,67.95,69.1,67.2,69.1,720,21210,0
BANKNIFTY29MAY2560100CE.NFO,2025-04-29,15:29:00,2025-05-29,69.1,69.75,67.0,69.15,900,21210,0
BANKNIFTY29MAY2560100CE.NFO,2025-04-29,15:30:00,2025-05-29,69.15,69.15,69.15,69.15,900,21210,1
BANKNIFTY29MAY2560100CE.NFO,2025-04-30,09:15:00,2025-05-29,69.6,69.6,58.55,60.4,1200,21570,0
BANKNIFTY29MAY2560100CE.NFO,2025-04-30,09:16:00,2025-05-29,60.4,66.05,60.4,65.6,390,21570,0
BANKNIFTY29MAY2560100CE.NFO,2025-04-30,09:17:00,2025-05-29,65.6,65.6,63.25,65.6,780,21570,0
BANKNIFTY29MAY2560100CE.NFO,2025-04-30,09:18:00,2025-05-29,65.6,69.85,65.55,69.85,150,21210,0
BANKNIFTY29MAY2560100CE.NFO,2025-04-30,09:19:00,2025-05-29,69.85,74.3,68.45,74.0,4320,21210,0
BANKNIFTY29MAY2560100CE.NFO,2025-04-30,09:20:00,2025-05-29,73.3,73.65,65.0,65.0,2220,21210,0
BANKNIFTY29MAY2560100CE.NFO,2025-04-30,09:21:00,2025-05-29,65.0,65.0,59.8,62.9,1080,23370,0
BANKNIFTY29MAY2560100CE.NFO,2025-04-30,09:22:00,2025-05-29,62.9,66.95,62.9,65.35,90,23370,0
BANKNIFTY29MAY2560100CE.NFO,2025-04-30,09:23:00,2025-05-29,65.35,67.9,63.85,65.8,150,23370,0
BANKNIFTY29MAY2560100CE.NFO,2025-04-30,09:24:00,2025-05-29,65.8,66.25,63.0,66.25,570,23460,0
BANKNIFTY29MAY2560100CE.NFO,2025-04-30,09:25:00,2025-05-29,66.25,66.65,64.95,65.65,840,23460,0
BANKNIFTY29MAY2560100CE.NFO,2025-04-30,09:26:00,2025-05-29,65.65,65.65,61.5,62.5,150,23460,0
BANKNIFTY29MAY2560100CE.NFO,2025-04-30,09:27:00,2025-05-29,62.5,62.5,61.1,61.65,780,23190,0
BANKNIFTY29MAY2560100CE.NFO,2025-04-30,09:28:00,2025-05-29,61.65,61.65,61.65,61.65,0,23190,0
BANKNIFTY29MAY2560100CE.NFO,2025-04-30,09:29:00,2025-05-29,61.65,66.8,61.65,66.5,540,23190,0
BANKNIFTY29MAY2560100CE.NFO,2025-04-30,09:30:00,2025-05-29,66.5,68.4,65.1,67.55,1740,23190,0
BANKNIFTY29MAY2560100CE.NFO,2025-04-30,09:31:00,2025-05-29,67.55,69.75,67.5,68.0,1680,23190,0
BANKNIFTY29MAY2560100CE.NFO,2025-04-30,09:32:00,2025-05-29,68.0,71.0,68.0,71.0,300,23190,0
BANKNIFTY29MAY2560100CE.NFO,2025-04-30,09:33:00,2025-05-29,71.0,73.25,71.0,72.9,990,23640,0
BANKNIFTY29MAY2560100CE.NFO,2025-04-30,09:34:00,2025-05-29,72.9,74.3,72.6,73.15,420,23640,0
BANKNIFTY29MAY2560100CE.NFO,2025-04-30,09:35:00,2025-05-29,73.15,73.15,69.0,69.0,2160,23640,0
BANKNIFTY29MAY2560100CE.NFO,2025-04-30,09:36:00,2025-05-29,69.0,72.35,69.0,70.7,900,22950,0
BANKNIFTY29MAY2560100CE.NFO,2025-04-30,09:37:00,2025-05-29,70.7,74.55,70.7,74.25,330,22950,0
BANKNIFTY29MAY2560100CE.NFO,2025-04-30,09:38:00,2025-05-29,73.9,74.25,72.65,73.85,180,22950,0
BANKNIFTY29MAY2560100CE.NFO,2025-04-30,09:39:00,2025-05-29,73.85,78.25,73.85,78.25,780,23130,0
BANKNIFTY29MAY2560100CE.NFO,2025-04-30,09:40:00,2025-05-29,78.25,78.25,74.9,75.3,1200,23130,0
BANKNIFTY29MAY2560100CE.NFO,2025-04-30,09:41:00,2025-05-29,75.3,75.3,72.2,72.2,1140,23130,0
BANKNIFTY29MAY2560100CE.NFO,2025-04-30,09:42:00,2025-05-29,74.3,75.05,73.95,73.95,5490,23130,0
BANKNIFTY29MAY2560100CE.NFO,2025-04-30,09:43:00,2025-05-29,73.95,74.3,71.0,71.25,1170,27540,0
BANKNIFTY29MAY2560100CE.NFO,2025-04-30,09:44:00,2025-05-29,71.25,73.85,71.25,73.3,630,27540,0
BANKNIFTY29MAY2560100CE.NFO,2025-04-30,09:45:00,2025-05-29,73.3,74.0,72.75,72.9,1020,28020,0
BANKNIFTY29MAY2560100CE.NFO,2025-04-30,09:46:00,2025-05-29,72.9,72.9,71.25,72.3,1500,28020,0
BANKNIFTY29MAY2560100CE.NFO,2025-04-30,09:47:00,2025-05-29,72.3,73.55,72.25,73.55,1260,28020,0
BANKNIFTY29MAY2560100CE.NFO,2025-04-30,09:48:00,2025-05-29,73.55,76.6,73.2,76.6,2550,29220,0
BANKNIFTY29MAY2560100CE.NFO,2025-04-30,09:49:00,2025-05-29,76.6,76.6,74.95,74.95,510,29220,0
BANKNIFTY29MAY2560100CE.NFO,2025-04-30,09:50:00,2025-05-29,74.95,74.95,72.0,73.55,990,29220,0
BANKNIFTY29MAY2560100CE.NFO,2025-04-30,09:51:00,2025-05-29,73.55,73.6,72.0,72.0,1080,27690,0
BANKNIFTY29MAY2560100CE.NFO,2025-04-30,09:52:00,2025-05-29,72.0,72.0,70.5,71.25,810,27690,0
BANKNIFTY29MAY2560100CE.NFO,2025-04-30,09:53:00,2025-05-29,71.5,74.5,71.5,74.5,870,27690,0
BANKNIFTY29MAY2560100CE.NFO,2025-04-30,09:54:00,2025-05-29,74.75,74.75,73.5,73.5,750,26940,0
BANKNIFTY29MAY2560100CE.NFO,2025-04-30,09:55:00,2025-05-29,73.5,73.5,72.05,72.2,150,26940,0
BANKNIFTY29MAY2560100CE.NFO,2025-04-30,09:56:00,2025-05-29,72.2,72.2,70.8,71.1,510,26940,0
BANKNIFTY29MAY2560100CE.NFO,2025-04-30,09:57:00,2025-05-29,71.1,71.1,69.0,70.5,1740,27450,0
BANKNIFTY29MAY2560100CE.NFO,2025-04-30,09:58:00,2025-05-29,70.5,70.5,68.85,69.3,450,27450,0
BANKNIFTY29MAY2560100CE.NFO,2025-04-30,09:59:00,2025-05-29,69.3,69.75,68.4,69.75,810,27450,0
BANKNIFTY29MAY2560100CE.NFO,2025-04-30,10:00:00,2025-05-29,69.75,69.75,68.25,68.25,510,27270,0
BANKNIFTY29MAY2560100CE.NFO,2025-04-30,10:01:00,2025-05-29,68.25,69.15,68.25,68.3,120,27270,0
BANKNIFTY29MAY2560100CE.NFO,2025-04-30,10:02:00,2025-05-29,68.3,68.35,65.9,66.0,270,27270,0
BANKNIFTY29MAY2560100CE.NFO,2025-04-30,10:03:00,2025-05-29,66.0,67.0,65.55,65.55,840,26700,0
BANKNIFTY29MAY2560100CE.NFO,2025-04-30,10:04:00,2025-05-29,65.55,65.65,64.8,64.8,300,26700,0
BANKNIFTY29MAY2560100CE.NFO,2025-04-30,10:05:00,2025-05-29,65.2,65.95,64.85,65.95,90,26700,0
BANKNIFTY29MAY2560100CE.NFO,2025-04-30,10:06:00,2025-05-29,65.95,67.0,65.8,65.8,450,27090,0
BANKNIFTY29MAY2560100CE.NFO,2025-04-30,10:07:00,2025-05-29,65.8,69.25,65.8,68.95,90,27090,0
BANKNIFTY29MAY2560100CE.NFO,2025-04-30,10:08:00,2025-05-29,68.95,68.95,65.75,65.75,990,27090,0
BANKNIFTY29MAY2560100CE.NFO,2025-04-30,10:09:00,2025-05-29,65.75,67.5,65.75,67.5,120,27090,0
BANKNIFTY29MAY2560100CE.NFO,2025-04-30,10:10:00,2025-05-29,67.5,67.5,66.1,66.1,150,27120,0
BANKNIFTY29MAY2560100CE.NFO,2025-04-30,10:11:00,2025-05-29,66.1,66.1,63.25,63.25,7590,27120,0
BANKNIFTY29MAY2560100CE.NFO,2025-04-30,10:12:00,2025-05-29,63.25,64.1,63.25,63.65,480,27120,0
BANKNIFTY29MAY2560100CE.NFO,2025-04-30,10:13:00,2025-05-29,63.65,64.75,63.65,64.55,480,25050,0
BANKNIFTY29MAY2560100CE.NFO,2025-04-30,10:14:00,2025-05-29,64.55,66.1,64.55,65.0,240,25050,0
BANKNIFTY29MAY2560100CE.NFO,2025-04-30,10:15:00,2025-05-29,65.0,65.05,64.15,65.05,630,25290,0
BANKNIFTY29MAY2560100CE.NFO,2025-04-30,10:16:00,2025-05-29,65.05,65.7,64.8,64.8,270,25290,0
BANKNIFTY29MAY2560100CE.NFO,2025-04-30,10:17:00,2025-05-29,64.8,66.2,64.8,66.2,60,25290,0
BANKNIFTY29MAY2560100CE.NFO,2025-04-30,10:18:00,2025-05-29,66.2,66.2,64.6,65.15,330,25290,0
BANKNIFTY29MAY2560100CE.NFO,2025-04-30,10:19:00,2025-05-29,65.15,65.15,64.15,64.15,60,25230,0
BANKNIFTY29MAY2560100CE.NFO,2025-04-30,10:20:00,2025-05-29,64.15,64.15,62.85,62.85,90,25230,0
BANKNIFTY29MAY2560100CE.NFO,2025-04-30,10:21:00,2025-05-29,62.85,64.8,62.85,64.7,1350,24930,0
BANKNIFTY29MAY2560100CE.NFO,2025-04-30,10:22:00,2025-05-29,64.7,65.1,63.4,64.8,600,24930,0
BANKNIFTY29MAY2560100CE.NFO,2025-04-30,10:23:00,2025-05-29,64.8,64.8,64.8,64.8,0,24930,0
BANKNIFTY29MAY2560100CE.NFO,2025-04-30,10:24:00,2025-05-29,64.8,66.85,64.8,66.45,150,24930,0
BANKNIFTY29MAY2560100CE.NFO,2025-04-30,10:25:00,2025-05-29,66.45,67.2,66.15,67.2,900,25020,0
BANKNIFTY29MAY2560100CE.NFO,2025-04-30,10:26:00,2025-05-29,67.2,67.2,65.7,65.7,480,25020,0
BANKNIFTY29MAY2560100CE.NFO,2025-04-30,10:27:00,2025-05-29,65.7,65.7,65.7,65.7,0,25020,0
BANKNIFTY29MAY2560100CE.NFO,2025-04-30,10:28:00,2025-05-29,65.7,65.7,65.7,65.7,0,25020,0
BANKNIFTY29MAY2560100CE.NFO,2025-04-30,10:29:00,2025-05-29,65.7,65.7,63.5,63.5,60,25110,0
BANKNIFTY29MAY2560100CE.NFO,2025-04-30,10:30:00,2025-05-29,63.5,64.75,63.05,64.15,540,24960,0
BANKNIFTY29MAY2560100CE.NFO,2025-04-30,10:31:00,2025-05-29,64.15,64.85,63.8,64.15,960,24960,0
BANKNIFTY29MAY2560100CE.NFO,2025-04-30,10:32:00,2025-05-29,64.15,64.15,63.85,63.95,180,24960,0
BANKNIFTY29MAY2560100CE.NFO,2025-04-30,10:33:00,2025-05-29,63.95,63.95,63.4,63.4,60,25680,0
BANKNIFTY29MAY2560100CE.NFO,2025-04-30,10:34:00,2025-05-29,63.4,63.85,63.4,63.85,30,25680,0
BANKNIFTY29MAY2560100CE.NFO,2025-04-30,10:35:00,2025-05-29,63.85,63.85,63.2,63.5,810,25680,0
BANKNIFTY29MAY2560100CE.NFO,2025-04-30,10:36:00,2025-05-29,63.5,63.5,62.2,62.2,90,25470,0
BANKNIFTY29MAY2560100CE.NFO,2025-04-30,10:37:00,2025-05-29,62.2,62.8,62.2,62.8,150,25470,0
BANKNIFTY29MAY2560100CE.NFO,2025-04-30,10:38:00,2025-05-29,62.8,64.5,62.8,64.5,90,25470,0
BANKNIFTY29MAY2560100CE.NFO,2025-04-30,10:39:00,2025-05-29,64.5,64.85,62.4,62.75,780,25260,0
BANKNIFTY29MAY2560100CE.NFO,2025-04-30,10:40:00,2025-05-29,62.75,63.75,62.75,63.7,330,25260,0
BANKNIFTY29MAY2560100CE.NFO,2025-04-30,10:41:00,2025-05-29,63.7,64.6,63.7,64.4,480,25260,0
BANKNIFTY29MAY2560100CE.NFO,2025-04-30,10:42:00,2025-05-29,64.4,64.4,64.4,64.4,0,25260,0
BANKNIFTY29MAY2560100CE.NFO,2025-04-30,10:43:00,2025-05-29,64.4,64.4,64.1,64.1,150,24810,0
BANKNIFTY29MAY2560100CE.NFO,2025-04-30,10:44:00,2025-05-29,64.1,64.1,62.7,62.7,60,24810,0
BANKNIFTY29MAY2560100CE.NFO,2025-04-30,10:45:00,2025-05-29,62.7,63.05,62.7,63.05,90,24810,0
BANKNIFTY29MAY2560100CE.NFO,2025-04-30,10:46:00,2025-05-29,63.05,63.05,63.05,63.05,0,24810,0
BANKNIFTY29MAY2560100CE.NFO,2025-04-30,10:47:00,2025-05-29,63.05,64.6,63.05,64.55,660,24840,0
BANKNIFTY29MAY2560100CE.NFO,2025-04-30,10:48:00,2025-05-29,64.55,64.55,64.55,64.55,0,24840,0
BANKNIFTY29MAY2560100CE.NFO,2025-04-30,10:49:00,2025-05-29,64.55,65.05,64.0,65.05,1560,24780,0
BANKNIFTY29MAY2560100CE.NFO,2025-04-30,10:50:00,2025-05-29,65.05,65.05,65.05,65.05,0,24780,0
BANKNIFTY29MAY2560100CE.NFO,2025-04-30,10:51:00,2025-05-29,65.05,65.05,64.15,64.8,360,25920,0
BANKNIFTY29MAY2560100CE.NFO,2025-04-30,10:52:00,2025-05-29,64.8,64.9,64.8,64.9,360,25920,0
BANKNIFTY29MAY2560100CE.NFO,2025-04-30,10:53:00,2025-05-29,64.9,64.9,63.0,63.05,1950,25920,0
BANKNIFTY29MAY2560100CE.NFO,2025-04-30,10:54:00,2025-05-29,63.05,64.6,63.05,64.6,840,25920,0
BANKNIFTY29MAY2560100CE.NFO,2025-04-30,10:55:00,2025-05-29,64.6,64.6,64.0,64.55,210,26820,0
BANKNIFTY29MAY2560100CE.NFO,2025-04-30,10:56:00,2025-05-29,64.55,64.55,64.55,64.55,0,26820,0
BANKNIFTY29MAY2560100CE.NFO,2025-04-30,10:57:00,2025-05-29,64.55,66.55,64.55,66.55,30,26910,0
BANKNIFTY29MAY2560100CE.NFO,2025-04-30,10:58:00,2025-05-29,66.55,66.55,65.55,65.55,210,26910,0
BANKNIFTY29MAY2560100CE.NFO,2025-04-30,10:59:00,2025-05-29,65.55,65.75,65.4,65.55,330,26910,0
BANKNIFTY29MAY2560100CE.NFO,2025-04-30,11:00:00,2025-05-29,65.55,67.35,65.55,66.7,540,26820,0
BANKNIFTY29MAY2560100CE.NFO,2025-04-30,11:01:00,2025-05-29,66.7,66.7,65.8,65.8,150,26820,0
BANKNIFTY29MAY2560100CE.NFO,2025-04-30,11:02:00,2025-05-29,65.8,65.8,65.3,65.3,90,26820,0
BANKNIFTY29MAY2560100CE.NFO,2025-04-30,11:03:00,2025-05-29,65.3,65.3,65.3,65.3,0,26820,0
BANKNIFTY29MAY2560100CE.NFO,2025-04-30,11:04:00,2025-05-29,65.3,66.7,65.3,66.7,390,27060,0
BANKNIFTY29MAY2560100CE.NFO,2025-04-30,11:05:00,2025-05-29,66.7,66.7,65.65,65.65,600,27060,0
BANKNIFTY29MAY2560100CE.NFO,2025-04-30,11:06:00,2025-05-29,65.65,65.65,64.55,64.55,1350,27330,0
BANKNIFTY29MAY2560100CE.NFO,2025-04-30,11:07:00,2025-05-29,64.55,64.55,63.95,63.95,60,27330,0
BANKNIFTY29MAY2560100CE.NFO,2025-04-30,11:08:00,2025-05-29,63.95,63.95,62.85,63.8,240,27330,0
BANKNIFTY29MAY2560100CE.NFO,2025-04-30,11:09:00,2025-05-29,63.8,63.8,63.0,63.1,90,27390,0
BANKNIFTY29MAY2560100CE.NFO,2025-04-30,11:10:00,2025-05-29,63.1,63.1,63.1,63.1,0,27390,0
BANKNIFTY29MAY2560100CE.NFO,2025-04-30,11:11:00,2025-05-29,63.1,63.2,63.1,63.2,60,27390,0
BANKNIFTY29MAY2560100CE.NFO,2025-04-30,11:12:00,2025-05-29,63.2,63.7,63.2,63.35,300,27390,0
BANKNIFTY29MAY2560100CE.NFO,2025-04-30,11:13:00,2025-05-29,63.35,64.4,63.25,63.3,1800,27330,0
BANKNIFTY29MAY2560100CE.NFO,2025-04-30,11:14:00,2025-05-29,63.3,63.3,63.3,63.3,0,27330,0
BANKNIFTY29MAY2560100CE.NFO,2025-04-30,11:15:00,2025-05-29,63.3,63.3,62.3,62.7,300,27330,0
BANKNIFTY29MAY2560100CE.NFO,2025-04-30,11:16:00,2025-05-29,62.7,62.7,60.7,60.9,270,26670,0
BANKNIFTY29MAY2560100CE.NFO,2025-04-30,11:17:00,2025-05-29,60.9,63.05,60.4,63.05,1410,26670,0
BANKNIFTY29MAY2560100CE.NFO,2025-04-30,11:18:00,2025-05-29,63.05,65.8,63.05,65.65,1410,26370,0
BANKNIFTY29MAY2560100CE.NFO,2025-04-30,11:19:00,2025-05-29,65.65,65.65,63.95,64.25,1140,26370,0
BANKNIFTY29MAY2560100CE.NFO,2025-04-30,11:20:00,2025-05-29,64.25,64.25,61.25,62.6,1140,26370,0
BANKNIFTY29MAY2560100CE.NFO,2025-04-30,11:21:00,2025-05-29,62.6,62.6,61.85,62.2,360,26670,0
BANKNIFTY29MAY2560100CE.NFO,2025-04-30,11:22:00,2025-05-29,62.2,62.8,62.2,62.7,90,26670,0
BANKNIFTY29MAY2560100CE.NFO,2025-04-30,11:23:00,2025-05-29,62.7,64.2,62.7,64.2,270,26670,0
BANKNIFTY29MAY2560100CE.NFO,2025-04-30,11:24:00,2025-05-29,64.2,64.2,64.05,64.15,180,26670,0
BANKNIFTY29MAY2560100CE.NFO,2025-04-30,11:25:00,2025-05-29,64.15,64.15,62.85,62.85,90,26880,0
BANKNIFTY29MAY2560100CE.NFO,2025-04-30,11:26:00,2025-05-29,62.85,62.85,62.75,62.75,30,26880,0
BANKNIFTY29MAY2560100CE.NFO,2025-04-30,11:27:00,2025-05-29,62.75,63.4,62.75,63.4,300,26850,0
BANKNIFTY29MAY2560100CE.NFO,2025-04-30,11:28:00,2025-05-29,63.4,63.4,63.0,63.25,180,26850,0
BANKNIFTY29MAY2560100CE.NFO,2025-04-30,11:29:00,2025-05-29,63.25,63.85,62.45,62.45,510,26850,0
BANKNIFTY29MAY2560100CE.NFO,2025-04-30,11:30:00,2025-05-29,62.45,62.45,62.1,62.1,120,26850,0
BANKNIFTY29MAY2560100CE.NFO,2025-04-30,11:31:00,2025-05-29,62.1,62.1,62.1,62.1,0,26850,0
BANKNIFTY29MAY2560100CE.NFO,2025-04-30,11:32:00,2025-05-29,62.1,62.1,62.1,62.1,0,26850,0
BANKNIFTY29MAY2560100CE.NFO,2025-04-30,11:33:00,2025-05-29,62.1,63.0,62.1,62.75,240,26520,0
BANKNIFTY29MAY2560100CE.NFO,2025-04-30,11:34:00,2025-05-29,62.75,62.75,62.0,62.0,60,26580,0
BANKNIFTY29MAY2560100CE.NFO,2025-04-30,11:35:00,2025-05-29,62.0,62.0,62.0,62.0,0,26580,0
BANKNIFTY29MAY2560100CE.NFO,2025-04-30,11:36:00,2025-05-29,62.0,62.0,62.0,62.0,0,26580,0
BANKNIFTY29MAY2560100CE.NFO,2025-04-30,11:37:00,2025-05-29,62.0,63.25,62.0,63.25,30,26580,0
BANKNIFTY29MAY2560100CE.NFO,2025-04-30,11:38:00,2025-05-29,63.25,63.25,63.25,63.25,0,26580,0
BANKNIFTY29MAY2560100CE.NFO,2025-04-30,11:39:00,2025-05-29,63.25,63.25,63.25,63.25,0,26580,0
BANKNIFTY29MAY2560100CE.NFO,2025-04-30,11:40:00,2025-05-29,63.25,63.25,62.55,62.55,30,26550,0
BANKNIFTY29MAY2560100CE.NFO,2025-04-30,11:41:00,2025-05-29,62.55,63.3,62.55,63.3,30,26550,0
BANKNIFTY29MAY2560100CE.NFO,2025-04-30,11:42:00,2025-05-29,63.3,64.0,63.3,63.95,120,26550,0
BANKNIFTY29MAY2560100CE.NFO,2025-04-30,11:43:00,2025-05-29,63.95,63.95,63.95,63.95,0,26550,0
BANKNIFTY29MAY2560100CE.NFO,2025-04-30,11:44:00,2025-05-29,63.95,63.95,63.95,63.95,0,26550,0
BANKNIFTY29MAY2560100CE.NFO,2025-04-30,11:45:00,2025-05-29,63.95,63.95,63.95,63.95,0,26550,0
BANKNIFTY29MAY2560100CE.NFO,2025-04-30,11:46:00,2025-05-29,63.95,63.95,62.2,62.2,120,26550,0
BANKNIFTY29MAY2560100CE.NFO,2025-04-30,11:47:00,2025-05-29,62.2,62.2,61.65,61.65,120,26550,0
BANKNIFTY29MAY2560100CE.NFO,2025-04-30,11:48:00,2025-05-29,61.65,62.1,61.65,62.1,420,26550,0
BANKNIFTY29MAY2560100CE.NFO,2025-04-30,11:49:00,2025-05-29,62.1,62.3,62.1,62.3,30,26340,0
BANKNIFTY29MAY2560100CE.NFO,2025-04-30,11:50:00,2025-05-29,62.3,62.35,61.5,61.5,630,26340,0
BANKNIFTY29MAY2560100CE.NFO,2025-04-30,11:51:00,2025-05-29,61.5,62.8,61.5,62.8,210,26340,0
BANKNIFTY29MAY2560100CE.NFO,2025-04-30,11:52:00,2025-05-29,62.8,62.8,62.35,62.35,30,26760,0
BANKNIFTY29MAY2560100CE.NFO,2025-04-30,11:53:00,2025-05-29,62.35,62.35,62.35,62.35,0,26760,0
BANKNIFTY29MAY2560100CE.NFO,2025-04-30,11:54:00,2025-05-29,62.35,62.35,62.35,62.35,0,26760,0
BANKNIFTY29MAY2560100CE.NFO,2025-04-30,11:55:00,2025-05-29,62.35,62.35,61.45,62.05,270,26790,0
BANKNIFTY29MAY2560100CE.NFO,2025-04-30,11:56:00,2025-05-29,62.05,62.05,62.05,62.05,0,26790,0
BANKNIFTY29MAY2560100CE.NFO,2025-04-30,11:57:00,2025-05-29,62.05,62.05,62.05,62.05,0,26790,0
BANKNIFTY29MAY2560100CE.NFO,2025-04-30,11:58:00,2025-05-29,62.05,62.05,62.05,62.05,0,26790,0
BANKNIFTY29MAY2560100CE.NFO,2025-04-30,11:59:00,2025-05-29,62.05,62.05,62.05,62.05,0,26790,0
BANKNIFTY29MAY2560100CE.NFO,2025-04-30,12:00:00,2025-05-29,62.05,62.05,62.05,62.05,0,26790,0
BANKNIFTY29MAY2560100CE.NFO,2025-04-30,12:01:00,2025-05-29,62.05,62.05,62.05,62.05,0,26790,0
BANKNIFTY29MAY2560100CE.NFO,2025-04-30,12:02:00,2025-05-29,62.05,62.6,62.05,62.6,90,26910,0
BANKNIFTY29MAY2560100CE.NFO,2025-04-30,12:03:00,2025-05-29,62.6,62.6,62.6,62.6,0,26910,0
BANKNIFTY29MAY2560100CE.NFO,2025-04-30,12:04:00,2025-05-29,62.6,62.7,62.6,62.7,30,26910,0
BANKNIFTY29MAY2560100CE.NFO,2025-04-30,12:05:00,2025-05-29,62.7,62.8,62.7,62.8,30,26910,0
BANKNIFTY29MAY2560100CE.NFO,2025-04-30,12:06:00,2025-05-29,62.8,62.8,62.8,62.8,0,26910,0
BANKNIFTY29MAY2560100CE.NFO,2025-04-30,12:07:00,2025-05-29,62.8,62.8,62.8,62.8,0,26910,0
BANKNIFTY29MAY2560100CE.NFO,2025-04-30,12:08:00,2025-05-29,62.8,62.8,62.65,62.65,30,26910,0
BANKNIFTY29MAY2560100CE.NFO,2025-04-30,12:09:00,2025-05-29,62.65,62.65,62.65,62.65,0,26910,0
BANKNIFTY29MAY2560100CE.NFO,2025-04-30,12:10:00,2025-05-29,62.65,63.1,61.85,63.1,600,26880,0
BANKNIFTY29MAY2560100CE.NFO,2025-04-30,12:11:00,2025-05-29,63.1,63.2,62.9,62.9,270,26880,0
BANKNIFTY29MAY2560100CE.NFO,2025-04-30,12:12:00,2025-05-29,62.9,62.9,62.9,62.9,0,26880,0
BANKNIFTY29MAY2560100CE.NFO,2025-04-30,12:13:00,2025-05-29,62.9,62.9,62.25,62.55,30,26760,0
BANKNIFTY29MAY2560100CE.NFO,2025-04-30,12:14:00,2025-05-29,62.55,64.0,62.55,63.75,840,26760,0
BANKNIFTY29MAY2560100CE.NFO,2025-04-30,12:15:00,2025-05-29,63.75,63.75,63.75,63.75,0,26760,0
BANKNIFTY29MAY2560100CE.NFO,2025-04-30,12:16:00,2025-05-29,63.75,63.75,63.3,63.3,240,26460,0
BANKNIFTY29MAY2560100CE.NFO,2025-04-30,12:17:00,2025-05-29,63.3,63.3,63.3,63.3,0,26460,0
BANKNIFTY29MAY2560100CE.NFO,2025-04-30,12:18:00,2025-05-29,63.3,63.3,63.3,63.3,0,26460,0
BANKNIFTY29MAY2560100CE.NFO,2025-04-30,12:19:00,2025-05-29,63.3,63.3,63.3,63.3,30,26280,0
BANKNIFTY29MAY2560100CE.NFO,2025-04-30,12:20:00,2025-05-29,63.3,64.35,63.3,64.35,300,26280,0
BANKNIFTY29MAY2560100CE.NFO,2025-04-30,12:21:00,2025-05-29,64.35,64.35,63.5,63.5,90,26340,0
BANKNIFTY29MAY2560100CE.NFO,2025-04-30,12:22:00,2025-05-29,63.5,63.5,63.4,63.4,150,26340,0
BANKNIFTY29MAY2560100CE.NFO,2025-04-30,12:23:00,2025-05-29,63.4,63.6,62.65,62.8,690,26340,0
BANKNIFTY29MAY2560100CE.NFO,2025-04-30,12:24:00,2025-05-29,62.8,63.9,62.8,63.15,90,26400,0
BANKNIFTY29MAY2560100CE.NFO,2025-04-30,12:25:00,2025-05-29,63.15,63.9,63.15,63.9,30,26400,0
BANKNIFTY29MAY2560100CE.NFO,2025-04-30,12:26:00,2025-05-29,63.9,64.35,63.7,64.35,930,26400,0
BANKNIFTY29MAY2560100CE.NFO,2025-04-30,12:27:00,2025-05-29,64.35,64.35,64.35,64.35,0,26400,0
BANKNIFTY29MAY2560100CE.NFO,2025-04-30,12:28:00,2025-05-29,64.35,64.35,64.2,64.3,300,26940,0
BANKNIFTY29MAY2560100CE.NFO,2025-04-30,12:29:00,2025-05-29,64.3,64.35,63.9,63.9,180,26940,0
BANKNIFTY29MAY2560100CE.NFO,2025-04-30,12:30:00,2025-05-29,63.9,63.9,63.25,63.25,60,26940,0
BANKNIFTY29MAY2560100CE.NFO,2025-04-30,12:31:00,2025-05-29,63.25,64.5,63.25,64.5,240,26820,0
BANKNIFTY29MAY2560100CE.NFO,2025-04-30,12:32:00,2025-05-29,64.5,65.3,64.5,65.3,150,26820,0
BANKNIFTY29MAY2560100CE.NFO,2025-04-30,12:33:00,2025-05-29,65.3,65.6,64.75,65.6,270,26820,0
BANKNIFTY29MAY2560100CE.NFO,2025-04-30,12:34:00,2025-05-29,65.6,65.65,64.75,65.65,360,26610,0
BANKNIFTY29MAY2560100CE.NFO,2025-04-30,12:35:00,2025-05-29,65.65,65.8,65.25,65.25,630,26610,0
BANKNIFTY29MAY2560100CE.NFO,2025-04-30,12:36:00,2025-05-29,65.25,65.45,65.25,65.45,30,26610,0
BANKNIFTY29MAY2560100CE.NFO,2025-04-30,12:37:00,2025-05-29,65.45,65.45,65.15,65.4,90,26340,0
BANKNIFTY29MAY2560100CE.NFO,2025-04-30,12:38:00,2025-05-29,65.4,66.15,65.3,66.15,1230,26340,0
BANKNIFTY29MAY2560100CE.NFO,2025-04-30,12:39:00,2025-05-29,66.15,66.15,66.15,66.15,0,26340,0
BANKNIFTY29MAY2560100CE.NFO,2025-04-30,12:40:00,2025-05-29,66.15,67.85,66.15,67.25,1080,26550,0
BANKNIFTY29MAY2560100CE.NFO,2025-04-30,12:41:00,2025-05-29,67.25,68.45,67.25,68.45,0,26550,0
BANKNIFTY29MAY2560100CE.NFO,2025-04-30,12:42:00,2025-05-29,68.45,68.45,67.8,67.8,180,26550,0
BANKNIFTY29MAY2560100CE.NFO,2025-04-30,12:43:00,2025-05-29,67.8,69.15,67.8,68.45,1110,26310,0
BANKNIFTY29MAY2560100CE.NFO,2025-04-30,12:44:00,2025-05-29,68.45,69.05,68.35,69.05,510,26310,0
BANKNIFTY29MAY2560100CE.NFO,2025-04-30,12:45:00,2025-05-29,69.05,69.05,67.9,68.2,930,26310,0
BANKNIFTY29MAY2560100CE.NFO,2025-04-30,12:46:00,2025-05-29,68.2,68.2,67.95,67.95,450,26520,0
BANKNIFTY29MAY2560100CE.NFO,2025-04-30,12:47:00,2025-05-29,67.95,68.5,67.95,68.5,30,26520,0
BANKNIFTY29MAY2560100CE.NFO,2025-04-30,12:48:00,2025-05-29,68.5,68.5,68.5,68.5,0,26520,0
BANKNIFTY29MAY2560100CE.NFO,2025-04-30,12:49:00,2025-05-29,68.5,69.0,68.5,68.7,210,26520,0
BANKNIFTY29MAY2560100CE.NFO,2025-04-30,12:50:00,2025-05-29,68.7,69.75,68.7,69.4,480,26520,0
BANKNIFTY29MAY2560100CE.NFO,2025-04-30,12:51:00,2025-05-29,69.4,70.5,69.4,69.65,1650,26520,0
BANKNIFTY29MAY2560100CE.NFO,2025-04-30,12:52:00,2025-05-29,69.65,69.65,68.6,68.6,210,26010,0
BANKNIFTY29MAY2560100CE.NFO,2025-04-30,12:53:00,2025-05-29,68.6,68.6,68.05,68.05,390,26010,0
BANKNIFTY29MAY2560100CE.NFO,2025-04-30,12:54:00,2025-05-29,68.05,68.05,68.05,68.05,0,26010,0
BANKNIFTY29MAY2560100CE.NFO,2025-04-30,12:55:00,2025-05-29,68.05,69.1,68.05,69.1,60,25710,0
BANKNIFTY29MAY2560100CE.NFO,2025-04-30,12:56:00,2025-05-29,69.1,69.35,68.4,68.4,180,25710,0
BANKNIFTY29MAY2560100CE.NFO,2025-04-30,12:57:00,2025-05-29,68.4,68.4,67.8,67.8,120,25710,0
BANKNIFTY29MAY2560100CE.NFO,2025-04-30,12:58:00,2025-05-29,67.8,67.8,67.3,67.3,180,25710,0
BANKNIFTY29MAY2560100CE.NFO,2025-04-30,12:59:00,2025-05-29,67.3,67.6,67.25,67.6,180,25710,0
BANKNIFTY29MAY2560100CE.NFO,2025-04-30,13:00:00,2025-05-29,67.6,67.65,67.6,67.65,30,25710,0
BANKNIFTY29MAY2560100CE.NFO,2025-04-30,13:01:00,2025-05-29,67.65,67.65,67.05,67.05,360,26040,0
BANKNIFTY29MAY2560100CE.NFO,2025-04-30,13:02:00,2025-05-29,67.05,67.05,67.05,67.05,0,26040,0
BANKNIFTY29MAY2560100CE.NFO,2025-04-30,13:03:00,2025-05-29,67.05,67.2,67.05,67.05,330,26040,0
BANKNIFTY29MAY2560100CE.NFO,2025-04-30,13:04:00,2025-05-29,67.05,67.05,67.05,67.05,30,26040,0
BANKNIFTY29MAY2560100CE.NFO,2025-04-30,13:05:00,2025-05-29,67.05,67.05,65.6,65.6,180,26040,0
BANKNIFTY29MAY2560100CE.NFO,2025-04-30,13:06:00,2025-05-29,65.6,66.0,64.85,64.85,1620,26040,0
BANKNIFTY29MAY2560100CE.NFO,2025-04-30,13:07:00,2025-05-29,64.85,64.85,64.85,64.85,0,26040,0
BANKNIFTY29MAY2560100CE.NFO,2025-04-30,13:08:00,2025-05-29,64.85,64.85,64.85,64.85,0,26040,0
BANKNIFTY29MAY2560100CE.NFO,2025-04-30,13:09:00,2025-05-29,64.85,66.25,64.85,66.05,120,25830,0
BANKNIFTY29MAY2560100CE.NFO,2025-04-30,13:10:00,2025-05-29,66.05,66.6,65.9,66.6,180,25830,0
BANKNIFTY29MAY2560100CE.NFO,2025-04-30,13:11:00,2025-05-29,66.6,66.6,66.6,66.6,0,25830,0
BANKNIFTY29MAY2560100CE.NFO,2025-04-30,13:12:00,2025-05-29,66.6,66.6,65.6,65.9,360,25830,0
BANKNIFTY29MAY2560100CE.NFO,2025-04-30,13:13:00,2025-05-29,65.9,65.9,65.9,65.9,0,25830,0
BANKNIFTY29MAY2560100CE.NFO,2025-04-30,13:14:00,2025-05-29,65.9,65.9,65.55,65.55,150,25890,0
BANKNIFTY29MAY2560100CE.NFO,2025-04-30,13:15:00,2025-05-29,65.55,65.55,65.55,65.55,0,25890,0
BANKNIFTY29MAY2560100CE.NFO,2025-04-30,13:16:00,2025-05-29,65.55,65.55,65.15,65.45,120,25890,0
BANKNIFTY29MAY2560100CE.NFO,2025-04-30,13:17:00,2025-05-29,65.45,65.45,64.65,64.85,60,25890,0
BANKNIFTY29MAY2560100CE.NFO,2025-04-30,13:18:00,2025-05-29,64.85,64.85,63.8,63.95,120,25890,0
BANKNIFTY29MAY2560100CE.NFO,2025-04-30,13:19:00,2025-05-29,63.95,63.95,63.55,63.55,210,25890,0
BANKNIFTY29MAY2560100CE.NFO,2025-04-30,13:20:00,2025-05-29,63.55,64.05,63.55,64.05,60,25890,0
BANKNIFTY29MAY2560100CE.NFO,2025-04-30,13:21:00,2025-05-29,64.05,64.05,64.05,64.05,0,25890,0
BANKNIFTY29MAY2560100CE.NFO,2025-04-30,13:22:00,2025-05-29,64.05,64.05,64.05,64.05,0,25890,0
BANKNIFTY29MAY2560100CE.NFO,2025-04-30,13:23:00,2025-05-29,64.05,65.4,64.05,65.4,450,25680,0
BANKNIFTY29MAY2560100CE.NFO,2025-04-30,13:24:00,2025-05-29,65.4,65.4,65.3,65.3,120,25680,0
BANKNIFTY29MAY2560100CE.NFO,2025-04-30,13:25:00,2025-05-29,65.3,65.3,65.3,65.3,0,25680,0
BANKNIFTY29MAY2560100CE.NFO,2025-04-30,13:26:00,2025-05-29,65.3,66.8,65.3,66.8,240,25830,0
BANKNIFTY29MAY2560100CE.NFO,2025-04-30,13:27:00,2025-05-29,66.8,66.8,66.8,66.8,0,25830,0
BANKNIFTY29MAY2560100CE.NFO,2025-04-30,13:28:00,2025-05-29,66.8,66.8,65.5,65.5,240,25890,0
BANKNIFTY29MAY2560100CE.NFO,2025-04-30,13:29:00,2025-05-29,65.5,65.5,65.5,65.5,0,25890,0
BANKNIFTY29MAY2560100CE.NFO,2025-04-30,13:30:00,2025-05-29,65.5,65.8,65.5,65.8,810,25890,0
BANKNIFTY29MAY2560100CE.NFO,2025-04-30,13:31:00,2025-05-29,65.8,65.8,65.8,65.8,0,25890,0
BANKNIFTY29MAY2560100CE.NFO,2025-04-30,13:32:00,2025-05-29,65.8,66.6,65.8,66.6,180,25680,0
BANKNIFTY29MAY2560100CE.NFO,2025-04-30,13:33:00,2025-05-29,66.6,66.6,65.85,65.85,60,25680,0
BANKNIFTY29MAY2560100CE.NFO,2025-04-30,13:34:00,2025-05-29,65.85,65.85,65.85,65.85,0,25680,0
BANKNIFTY29MAY2560100CE.NFO,2025-04-30,13:35:00,2025-05-29,65.85,67.3,65.85,67.3,30,25740,0
BANKNIFTY29MAY2560100CE.NFO,2025-04-30,13:36:00,2025-05-29,67.3,67.3,67.3,67.3,0,25740,0
BANKNIFTY29MAY2560100CE.NFO,2025-04-30,13:37:00,2025-05-29,67.3,67.55,67.3,67.4,150,25740,0
BANKNIFTY29MAY2560100CE.NFO,2025-04-30,13:38:00,2025-05-29,67.4,67.4,67.35,67.35,120,25740,0
BANKNIFTY29MAY2560100CE.NFO,2025-04-30,13:39:00,2025-05-29,67.35,67.35,67.35,67.35,0,25740,0
BANKNIFTY29MAY2560100CE.NFO,2025-04-30,13:40:00,2025-05-29,67.35,67.35,67.35,67.35,0,25740,0
BANKNIFTY29MAY2560100CE.NFO,2025-04-30,13:41:00,2025-05-29,67.35,67.4,67.35,67.4,30,25620,0
BANKNIFTY29MAY2560100CE.NFO,2025-04-30,13:42:00,2025-05-29,67.4,67.45,67.4,67.45,90,25620,0
BANKNIFTY29MAY2560100CE.NFO,2025-04-30,13:43:00,2025-05-29,67.45,68.3,67.45,67.85,150,25740,0
BANKNIFTY29MAY2560100CE.NFO,2025-04-30,13:44:00,2025-05-29,67.85,68.65,67.85,68.4,450,25740,0
BANKNIFTY29MAY2560100CE.NFO,2025-04-30,13:45:00,2025-05-29,68.4,68.4,68.4,68.4,0,25740,0
BANKNIFTY29MAY2560100CE.NFO,2025-04-30,13:46:00,2025-05-29,68.4,69.0,68.1,68.1,1170,26190,0
BANKNIFTY29MAY2560100CE.NFO,2025-04-30,13:47:00,2025-05-29,68.1,68.4,67.95,68.4,60,26190,0
BANKNIFTY29MAY2560100CE.NFO,2025-04-30,13:48:00,2025-05-29,68.4,68.4,67.55,67.55,150,26190,0
BANKNIFTY29MAY2560100CE.NFO,2025-04-30,13:49:00,2025-05-29,67.55,67.55,67.0,67.0,270,25620,0
BANKNIFTY29MAY2560100CE.NFO,2025-04-30,13:50:00,2025-05-29,67.0,67.0,66.5,66.5,60,25620,0
BANKNIFTY29MAY2560100CE.NFO,2025-04-30,13:51:00,2025-05-29,66.5,66.7,66.5,66.65,90,25620,0
BANKNIFTY29MAY2560100CE.NFO,2025-04-30,13:52:00,2025-05-29,66.65,66.65,66.05,66.3,540,25740,0
BANKNIFTY29MAY2560100CE.NFO,2025-04-30,13:53:00,2025-05-29,66.3,66.3,65.0,65.0,390,25740,0
BANKNIFTY29MAY2560100CE.NFO,2025-04-30,13:54:00,2025-05-29,65.0,65.0,64.5,64.65,420,25740,0
BANKNIFTY29MAY2560100CE.NFO,2025-04-30,13:55:00,2025-05-29,64.65,65.25,64.65,65.25,60,25590,0
BANKNIFTY29MAY2560100CE.NFO,2025-04-30,13:56:00,2025-05-29,65.25,65.25,65.05,65.05,150,25590,0
BANKNIFTY29MAY2560100CE.NFO,2025-04-30,13:57:00,2025-05-29,65.05,65.05,64.15,64.15,1230,25590,0
BANKNIFTY29MAY2560100CE.NFO,2025-04-30,13:58:00,2025-05-29,64.15,64.5,64.15,64.5,30,25980,0
BANKNIFTY29MAY2560100CE.NFO,2025-04-30,13:59:00,2025-05-29,64.5,64.5,64.5,64.5,0,25980,0
BANKNIFTY29MAY2560100CE.NFO,2025-04-30,14:00:00,2025-05-29,64.5,64.5,63.75,63.75,90,25980,0
BANKNIFTY29MAY2560100CE.NFO,2025-04-30,14:01:00,2025-05-29,63.75,63.75,63.0,63.05,630,25980,0
BANKNIFTY29MAY2560100CE.NFO,2025-04-30,14:02:00,2025-05-29,63.05,63.05,63.05,63.05,0,25980,0
BANKNIFTY29MAY2560100CE.NFO,2025-04-30,14:03:00,2025-05-29,63.05,63.05,62.65,62.65,30,25980,0
BANKNIFTY29MAY2560100CE.NFO,2025-04-30,14:04:00,2025-05-29,62.65,62.8,62.65,62.8,30,26370,0
BANKNIFTY29MAY2560100CE.NFO,2025-04-30,14:05:00,2025-05-29,62.8,62.8,62.4,62.4,330,26370,0
BANKNIFTY29MAY2560100CE.NFO,2025-04-30,14:06:00,2025-05-29,62.4,62.4,62.4,62.4,0,26370,0
BANKNIFTY29MAY2560100CE.NFO,2025-04-30,14:07:00,2025-05-29,62.4,62.4,61.65,61.9,90,26460,0
BANKNIFTY29MAY2560100CE.NFO,2025-04-30,14:08:00,2025-05-29,61.9,62.15,61.7,61.7,90,26460,0
BANKNIFTY29MAY2560100CE.NFO,2025-04-30,14:09:00,2025-05-29,61.7,61.7,61.7,61.7,0,26460,0
BANKNIFTY29MAY2560100CE.NFO,2025-04-30,14:10:00,2025-05-29,61.7,63.15,61.7,62.9,270,26310,0
BANKNIFTY29MAY2560100CE.NFO,2025-04-30,14:11:00,2025-05-29,62.9,63.35,62.7,63.35,270,26310,0
BANKNIFTY29MAY2560100CE.NFO,2025-04-30,14:12:00,2025-05-29,63.35,63.35,63.35,63.35,30,26310,0
BANKNIFTY29MAY2560100CE.NFO,2025-04-30,14:13:00,2025-05-29,63.35,66.0,63.35,65.7,1080,26280,0
BANKNIFTY29MAY2560100CE.NFO,2025-04-30,14:14:00,2025-05-29,65.7,65.95,65.3,65.95,480,26280,0
BANKNIFTY29MAY2560100CE.NFO,2025-04-30,14:15:00,2025-05-29,65.95,65.95,65.45,65.8,60,26280,0
BANKNIFTY29MAY2560100CE.NFO,2025-04-30,14:16:00,2025-05-29,65.8,65.8,65.8,65.8,0,26280,0
BANKNIFTY29MAY2560100CE.NFO,2025-04-30,14:17:00,2025-05-29,65.8,65.8,65.8,65.8,0,26280,0
BANKNIFTY29MAY2560100CE.NFO,2025-04-30,14:18:00,2025-05-29,65.8,65.8,65.8,65.8,0,26280,0
BANKNIFTY29MAY2560100CE.NFO,2025-04-30,14:19:00,2025-05-29,65.8,65.8,64.95,64.95,60,26130,0
BANKNIFTY29MAY2560100CE.NFO,2025-04-30,14:20:00,2025-05-29,64.95,64.95,64.95,64.95,0,26130,0
BANKNIFTY29MAY2560100CE.NFO,2025-04-30,14:21:00,2025-05-29,64.95,64.95,64.95,64.95,0,26130,0
BANKNIFTY29MAY2560100CE.NFO,2025-04-30,14:22:00,2025-05-29,64.95,64.95,64.95,64.95,0,26130,0
BANKNIFTY29MAY2560100CE.NFO,2025-04-30,14:23:00,2025-05-29,64.95,64.95,64.95,64.95,60,26070,0
BANKNIFTY29MAY2560100CE.NFO,2025-04-30,14:24:00,2025-05-29,64.95,64.95,64.95,64.95,90,26070,0
BANKNIFTY29MAY2560100CE.NFO,2025-04-30,14:25:00,2025-05-29,64.95,65.0,64.95,65.0,30,25980,0
BANKNIFTY29MAY2560100CE.NFO,2025-04-30,14:26:00,2025-05-29,65.0,65.0,65.0,65.0,0,25980,0
BANKNIFTY29MAY2560100CE.NFO,2025-04-30,14:27:00,2025-05-29,65.0,65.0,64.45,64.45,30,25980,0
BANKNIFTY29MAY2560100CE.NFO,2025-04-30,14:28:00,2025-05-29,64.45,64.55,64.0,64.35,120,25950,0
BANKNIFTY29MAY2560100CE.NFO,2025-04-30,14:29:00,2025-05-29,64.35,65.45,64.35,65.45,60,25950,0
BANKNIFTY29MAY2560100CE.NFO,2025-04-30,14:30:00,2025-05-29,65.45,65.5,65.0,65.0,300,25950,0
BANKNIFTY29MAY2560100CE.NFO,2025-04-30,14:31:00,2025-05-29,65.0,65.0,65.0,65.0,0,25950,0
BANKNIFTY29MAY2560100CE.NFO,2025-04-30,14:32:00,2025-05-29,65.0,65.0,65.0,65.0,0,25950,0
BANKNIFTY29MAY2560100CE.NFO,2025-04-30,14:33:00,2025-05-29,65.0,65.0,65.0,65.0,0,25950,0
BANKNIFTY29MAY2560100CE.NFO,2025-04-30,14:34:00,2025-05-29,65.0,65.0,64.5,64.5,120,26160,0
BANKNIFTY29MAY2560100CE.NFO,2025-04-30,14:35:00,2025-05-29,64.5,64.5,64.5,64.5,30,26160,0
BANKNIFTY29MAY2560100CE.NFO,2025-04-30,14:36:00,2025-05-29,64.5,64.5,64.5,64.5,0,26160,0
BANKNIFTY29MAY2560100CE.NFO,2025-04-30,14:37:00,2025-05-29,64.5,65.1,64.5,65.1,60,26130,0
BANKNIFTY29MAY2560100CE.NFO,2025-04-30,14:38:00,2025-05-29,65.1,65.1,64.3,64.8,90,26130,0
BANKNIFTY29MAY2560100CE.NFO,2025-04-30,14:39:00,2025-05-29,64.8,64.8,64.8,64.8,0,26130,0
BANKNIFTY29MAY2560100CE.NFO,2025-04-30,14:40:00,2025-05-29,64.8,66.1,64.8,66.1,60,26040,0
BANKNIFTY29MAY2560100CE.NFO,2025-04-30,14:41:00,2025-05-29,66.1,66.1,66.0,66.0,60,26040,0
BANKNIFTY29MAY2560100CE.NFO,2025-04-30,14:42:00,2025-05-29,66.0,66.0,65.0,65.25,30,26040,0
BANKNIFTY29MAY2560100CE.NFO,2025-04-30,14:43:00,2025-05-29,65.25,65.25,65.25,65.25,0,26040,0
BANKNIFTY29MAY2560100CE.NFO,2025-04-30,14:44:00,2025-05-29,65.25,65.25,65.25,65.25,0,26040,0
BANKNIFTY29MAY2560100CE.NFO,2025-04-30,14:45:00,2025-05-29,65.25,65.4,65.25,65.4,30,26100,0
BANKNIFTY29MAY2560100CE.NFO,2025-04-30,14:46:00,2025-05-29,65.4,65.4,64.85,64.85,0,26070,0
BANKNIFTY29MAY2560100CE.NFO,2025-04-30,14:47:00,2025-05-29,64.85,64.95,64.85,64.95,270,26070,0
BANKNIFTY29MAY2560100CE.NFO,2025-04-30,14:48:00,2025-05-29,64.95,65.1,64.9,64.9,90,26070,0
BANKNIFTY29MAY2560100CE.NFO,2025-04-30,14:49:00,2025-05-29,64.9,64.9,64.9,64.9,0,26070,0
BANKNIFTY29MAY2560100CE.NFO,2025-04-30,14:50:00,2025-05-29,64.9,64.9,64.9,64.9,0,26070,0
BANKNIFTY29MAY2560100CE.NFO,2025-04-30,14:51:00,2025-05-29,64.9,64.95,64.4,64.4,60,25980,0
BANKNIFTY29MAY2560100CE.NFO,2025-04-30,14:52:00,2025-05-29,64.4,64.4,63.55,63.55,30,25980,0
BANKNIFTY29MAY2560100CE.NFO,2025-04-30,14:53:00,2025-05-29,63.55,63.55,63.05,63.45,90,25980,0
BANKNIFTY29MAY2560100CE.NFO,2025-04-30,14:54:00,2025-05-29,63.45,63.45,63.45,63.45,0,25980,0
BANKNIFTY29MAY2560100CE.NFO,2025-04-30,14:55:00,2025-05-29,63.45,63.45,63.45,63.45,0,25980,0
BANKNIFTY29MAY2560100CE.NFO,2025-04-30,14:56:00,2025-05-29,63.45,65.0,63.45,64.35,210,25980,0
BANKNIFTY29MAY2560100CE.NFO,2025-04-30,14:57:00,2025-05-29,64.35,64.35,63.95,63.95,30,25980,0
BANKNIFTY29MAY2560100CE.NFO,2025-04-30,14:58:00,2025-05-29,63.95,64.35,63.4,64.35,90,25980,0
BANKNIFTY29MAY2560100CE.NFO,2025-04-30,14:59:00,2025-05-29,64.35,64.35,63.25,63.25,30,25980,0
BANKNIFTY29MAY2560100CE.NFO,2025-04-30,15:00:00,2025-05-29,63.25,63.55,63.25,63.55,30,25980,0
BANKNIFTY29MAY2560100CE.NFO,2025-04-30,15:01:00,2025-05-29,63.55,63.55,62.25,62.25,630,25980,0
BANKNIFTY29MAY2560100CE.NFO,2025-04-30,15:02:00,2025-05-29,62.25,62.8,62.05,62.8,210,25980,0
BANKNIFTY29MAY2560100CE.NFO,2025-04-30,15:03:00,2025-05-29,62.8,62.85,62.15,62.4,510,25980,0
BANKNIFTY29MAY2560100CE.NFO,2025-04-30,15:04:00,2025-05-29,62.4,62.4,61.65,61.65,30,26490,0
BANKNIFTY29MAY2560100CE.NFO,2025-04-30,15:05:00,2025-05-29,61.65,62.5,61.65,62.5,120,26490,0
BANKNIFTY29MAY2560100CE.NFO,2025-04-30,15:06:00,2025-05-29,62.5,62.55,62.5,62.55,30,26490,0
BANKNIFTY29MAY2560100CE.NFO,2025-04-30,15:07:00,2025-05-29,62.55,62.95,62.55,62.85,150,26550,0
BANKNIFTY29MAY2560100CE.NFO,2025-04-30,15:08:00,2025-05-29,62.85,64.5,62.85,63.35,960,26550,0
BANKNIFTY29MAY2560100CE.NFO,2025-04-30,15:09:00,2025-05-29,63.35,64.55,63.35,63.85,420,26550,0
BANKNIFTY29MAY2560100CE.NFO,2025-04-30,15:10:00,2025-05-29,63.85,64.1,63.85,64.1,30,25020,0
BANKNIFTY29MAY2560100CE.NFO,2025-04-30,15:11:00,2025-05-29,64.1,64.1,64.1,64.1,0,25020,0
BANKNIFTY29MAY2560100CE.NFO,2025-04-30,15:12:00,2025-05-29,64.1,65.55,64.1,64.95,540,25020,0
BANKNIFTY29MAY2560100CE.NFO,2025-04-30,15:13:00,2025-05-29,64.95,65.0,64.3,64.6,930,25350,0
BANKNIFTY29MAY2560100CE.NFO,2025-04-30,15:14:00,2025-05-29,64.6,66.3,64.6,66.3,660,25350,0
BANKNIFTY29MAY2560100CE.NFO,2025-04-30,15:15:00,2025-05-29,66.45,66.5,65.5,65.5,240,25350,0
BANKNIFTY29MAY2560100CE.NFO,2025-04-30,15:16:00,2025-05-29,65.5,65.5,62.0,62.0,1530,25350,0
BANKNIFTY29MAY2560100CE.NFO,2025-04-30,15:17:00,2025-05-29,62.0,62.45,61.8,61.8,60,25350,0
BANKNIFTY29MAY2560100CE.NFO,2025-04-30,15:18:00,2025-05-29,61.8,63.05,61.8,62.6,390,25350,0
BANKNIFTY29MAY2560100CE.NFO,2025-04-30,15:19:00,2025-05-29,62.6,62.6,62.6,62.6,0,25350,0
BANKNIFTY29MAY2560100CE.NFO,2025-04-30,15:20:00,2025-05-29,62.6,63.0,62.6,62.6,420,24810,0
BANKNIFTY29MAY2560100CE.NFO,2025-04-30,15:21:00,2025-05-29,62.6,62.6,61.55,61.55,810,24810,0
BANKNIFTY29MAY2560100CE.NFO,2025-04-30,15:22:00,2025-05-29,61.55,61.95,61.3,61.3,420,25020,0
BANKNIFTY29MAY2560100CE.NFO,2025-04-30,15:23:00,2025-05-29,61.3,61.3,60.2,60.2,390,25020,0
BANKNIFTY29MAY2560100CE.NFO,2025-04-30,15:24:00,2025-05-29,60.2,60.3,59.2,60.3,1590,25020,0
BANKNIFTY29MAY2560100CE.NFO,2025-04-30,15:25:00,2025-05-29,59.75,59.95,59.3,59.6,480,24270,0
BANKNIFTY29MAY2560100CE.NFO,2025-04-30,15:26:00,2025-05-29,59.6,59.8,59.6,59.8,240,24270,0
BANKNIFTY29MAY2560100CE.NFO,2025-04-30,15:27:00,2025-05-29,59.8,59.8,58.2,58.95,480,24270,0
BANKNIFTY29MAY2560100CE.NFO,2025-04-30,15:28:00,2025-05-29,58.95,60.55,58.5,60.55,270,24450,0
BANKNIFTY29MAY2560100CE.NFO,2025-04-30,15:29:00,2025-05-29,60.55,60.55,58.0,59.75,330,24450,0
BANKNIFTY29MAY2560100CE.NFO,2025-04-30,15:30:00,2025-05-29,59.75,59.75,59.75,59.75,330,24450,1
BANKNIFTY29MAY2560100CE.NFO,2025-05-02,09:15:00,2025-05-29,62.4,66.85,41.5,64.75,2460,24810,0
BANKNIFTY29MAY2560100CE.NFO,2025-05-02,09:16:00,2025-05-29,64.75,67.1,63.2,65.3,1140,24810,0
BANKNIFTY29MAY2560100CE.NFO,2025-05-02,09:17:00,2025-05-29,64.95,69.15,64.25,64.35,810,24810,0
BANKNIFTY29MAY2560100CE.NFO,2025-05-02,09:18:00,2025-05-29,64.35,69.35,64.35,66.6,1020,24600,0
BANKNIFTY29MAY2560100CE.NFO,2025-05-02,09:19:00,2025-05-29,66.6,67.5,65.3,67.5,510,24600,0
BANKNIFTY29MAY2560100CE.NFO,2025-05-02,09:20:00,2025-05-29,67.5,68.8,64.55,68.8,330,24600,0
BANKNIFTY29MAY2560100CE.NFO,2025-05-02,09:21:00,2025-05-29,68.8,69.0,64.75,69.0,1230,24780,0
BANKNIFTY29MAY2560100CE.NFO,2025-05-02,09:22:00,2025-05-29,69.0,69.0,65.8,67.85,300,24780,0
BANKNIFTY29MAY2560100CE.NFO,2025-05-02,09:23:00,2025-05-29,67.85,69.85,66.25,69.2,840,24780,0
BANKNIFTY29MAY2560100CE.NFO,2025-05-02,09:24:00,2025-05-29,69.2,69.25,67.5,68.7,750,24240,0
BANKNIFTY29MAY2560100CE.NFO,2025-05-02,09:25:00,2025-05-29,68.7,70.4,68.6,68.85,1230,24240,0
BANKNIFTY29MAY2560100CE.NFO,2025-05-02,09:26:00,2025-05-29,68.85,74.1,68.85,72.25,690,24240,0
BANKNIFTY29MAY2560100CE.NFO,2025-05-02,09:27:00,2025-05-29,72.25,77.45,71.95,73.55,720,24030,0
BANKNIFTY29MAY2560100CE.NFO,2025-05-02,09:28:00,2025-05-29,73.55,75.6,72.05,74.8,1800,24030,0
BANKNIFTY29MAY2560100CE.NFO,2025-05-02,09:29:00,2025-05-29,74.8,77.15,73.8,76.8,1050,24030,0
BANKNIFTY29MAY2560100CE.NFO,2025-05-02,09:30:00,2025-05-29,76.8,77.85,75.45,75.45,810,25620,0
BANKNIFTY29MAY2560100CE.NFO,2025-05-02,09:31:00,2025-05-29,75.45,77.7,71.95,73.25,960,25620,0
BANKNIFTY29MAY2560100CE.NFO,2025-05-02,09:32:00,2025-05-29,73.25,73.25,69.8,70.6,600,25620,0
BANKNIFTY29MAY2560100CE.NFO,2025-05-02,09:33:00,2025-05-29,70.6,70.9,69.65,70.7,630,25740,0
BANKNIFTY29MAY2560100CE.NFO,2025-05-02,09:34:00,2025-05-29,70.7,74.4,70.7,73.1,240,25740,0
BANKNIFTY29MAY2560100CE.NFO,2025-05-02,09:35:00,2025-05-29,75.1,75.1,72.65,73.35,330,25740,0
BANKNIFTY29MAY2560100CE.NFO,2025-05-02,09:36:00,2025-05-29,73.15,73.2,72.7,73.2,270,26160,0
BANKNIFTY29MAY2560100CE.NFO,2025-05-02,09:37:00,2025-05-29,72.7,73.3,71.25,71.25,1950,26160,0
BANKNIFTY29MAY2560100CE.NFO,2025-05-02,09:38:00,2025-05-29,71.25,73.1,71.2,73.1,540,26160,0
BANKNIFTY29MAY2560100CE.NFO,2025-05-02,09:39:00,2025-05-29,73.1,73.1,72.05,73.0,300,26790,0
BANKNIFTY29MAY2560100CE.NFO,2025-05-02,09:40:00,2025-05-29,73.0,76.65,73.0,74.25,2160,26790,0
BANKNIFTY29MAY2560100CE.NFO,2025-05-02,09:41:00,2025-05-29,74.25,74.3,73.55,73.55,510,26790,0
BANKNIFTY29MAY2560100CE.NFO,2025-05-02,09:42:00,2025-05-29,73.55,75.35,73.1,75.35,240,27630,0
BANKNIFTY29MAY2560100CE.NFO,2025-05-02,09:43:00,2025-05-29,75.35,75.35,71.9,71.9,990,27630,0
BANKNIFTY29MAY2560100CE.NFO,2025-05-02,09:44:00,2025-05-29,71.9,73.35,71.7,72.8,360,27630,0
BANKNIFTY29MAY2560100CE.NFO,2025-05-02,09:45:00,2025-05-29,72.8,72.8,72.8,72.8,180,27630,0
BANKNIFTY29MAY2560100CE.NFO,2025-05-02,09:46:00,2025-05-29,72.8,72.85,72.25,72.85,60,28110,0
BANKNIFTY29MAY2560100CE.NFO,2025-05-02,09:47:00,2025-05-29,72.85,72.85,71.45,71.5,600,28110,0
BANKNIFTY29MAY2560100CE.NFO,2025-05-02,09:48:00,2025-05-29,71.5,72.1,71.5,71.65,1080,28830,0
BANKNIFTY29MAY2560100CE.NFO,2025-05-02,09:49:00,2025-05-29,71.65,74.9,71.65,74.1,1080,28830,0
BANKNIFTY29MAY2560100CE.NFO,2025-05-02,09:50:00,2025-05-29,74.1,75.8,74.1,74.1,2010,28830,0
BANKNIFTY29MAY2560100CE.NFO,2025-05-02,09:51:00,2025-05-29,74.1,74.25,71.7,72.8,840,28830,0
BANKNIFTY29MAY2560100CE.NFO,2025-05-02,09:52:00,2025-05-29,72.8,73.55,72.8,72.8,120,29220,0
BANKNIFTY29MAY2560100CE.NFO,2025-05-02,09:53:00,2025-05-29,72.8,75.1,72.8,73.9,180,29220,0
BANKNIFTY29MAY2560100CE.NFO,2025-05-02,09:54:00,2025-05-29,73.9,74.95,73.9,74.25,150,29160,0
BANKNIFTY29MAY2560100CE.NFO,2025-05-02,09:55:00,2025-05-29,74.25,75.8,74.25,75.1,540,29160,0
BANKNIFTY29MAY2560100CE.NFO,2025-05-02,09:56:00,2025-05-29,75.1,75.6,75.1,75.6,60,29160,0
BANKNIFTY29MAY2560100CE.NFO,2025-05-02,09:57:00,2025-05-29,75.6,77.6,75.55,76.9,270,29610,0
BANKNIFTY29MAY2560100CE.NFO,2025-05-02,09:58:00,2025-05-29,76.9,76.9,75.85,75.85,450,29610,0
BANKNIFTY29MAY2560100CE.NFO,2025-05-02,09:59:00,2025-05-29,75.85,76.0,75.85,76.0,30,29610,0
BANKNIFTY29MAY2560100CE.NFO,2025-05-02,10:00:00,2025-05-29,76.0,77.5,75.6,77.5,120,29700,0
BANKNIFTY29MAY2560100CE.NFO,2025-05-02,10:01:00,2025-05-29,77.5,77.55,76.65,77.55,660,29700,0
BANKNIFTY29MAY2560100CE.NFO,2025-05-02,10:02:00,2025-05-29,77.25,78.75,76.95,77.5,990,29700,0
BANKNIFTY29MAY2560100CE.NFO,2025-05-02,10:03:00,2025-05-29,77.5,78.65,77.5,78.65,90,29250,0
BANKNIFTY29MAY2560100CE.NFO,2025-05-02,10:04:00,2025-05-29,78.65,80.5,77.1,79.55,1410,29250,0
BANKNIFTY29MAY2560100CE.NFO,2025-05-02,10:05:00,2025-05-29,79.55,79.55,78.15,78.15,30,29250,0
BANKNIFTY29MAY2560100CE.NFO,2025-05-02,10:06:00,2025-05-29,78.15,79.75,77.45,79.25,1470,28620,0
BANKNIFTY29MAY2560100CE.NFO,2025-05-02,10:07:00,2025-05-29,79.25,79.25,78.1,78.1,90,28620,0
BANKNIFTY29MAY2560100CE.NFO,2025-05-02,10:08:00,2025-05-29,78.1,79.2,78.1,78.25,210,28620,0
BANKNIFTY29MAY2560100CE.NFO,2025-05-02,10:09:00,2025-05-29,78.25,79.25,78.25,79.25,60,28590,0
BANKNIFTY29MAY2560100CE.NFO,2025-05-02,10:10:00,2025-05-29,79.25,79.25,79.25,79.25,90,28590,0
BANKNIFTY29MAY2560100CE.NFO,2025-05-02,10:11:00,2025-05-29,79.25,79.25,78.15,78.15,30,28590,0
BANKNIFTY29MAY2560100CE.NFO,2025-05-02,10:12:00,2025-05-29,78.15,78.15,77.15,77.75,150,28620,0
BANKNIFTY29MAY2560100CE.NFO,2025-05-02,10:13:00,2025-05-29,77.75,78.35,77.35,77.95,750,28620,0
BANKNIFTY29MAY2560100CE.NFO,2025-05-02,10:14:00,2025-05-29,77.95,77.95,77.2,77.4,510,28620,0
BANKNIFTY29MAY2560100CE.NFO,2025-05-02,10:15:00,2025-05-29,77.4,77.4,76.35,76.35,480,28470,0
BANKNIFTY29MAY2560100CE.NFO,2025-05-02,10:16:00,2025-05-29,76.35,76.6,75.8,75.8,240,28470,0
BANKNIFTY29MAY2560100CE.NFO,2025-05-02,10:17:00,2025-05-29,75.8,75.8,75.8,75.8,90,28470,0
BANKNIFTY29MAY2560100CE.NFO,2025-05-02,10:18:00,2025-05-29,75.8,75.8,75.0,75.0,210,28920,0
BANKNIFTY29MAY2560100CE.NFO,2025-05-02,10:19:00,2025-05-29,75.0,75.75,73.75,74.2,720,28920,0
BANKNIFTY29MAY2560100CE.NFO,2025-05-02,10:20:00,2025-05-29,74.2,75.5,74.2,74.5,780,28920,0
BANKNIFTY29MAY2560100CE.NFO,2025-05-02,10:21:00,2025-05-29,74.5,74.5,72.0,72.3,210,30240,0
BANKNIFTY29MAY2560100CE.NFO,2025-05-02,10:22:00,2025-05-29,72.3,73.9,72.3,73.9,570,30240,0
BANKNIFTY29MAY2560100CE.NFO,2025-05-02,10:23:00,2025-05-29,73.9,73.9,72.25,72.25,150,30240,0
BANKNIFTY29MAY2560100CE.NFO,2025-05-02,10:24:00,2025-05-29,72.25,73.25,72.05,72.9,330,30240,0
BANKNIFTY29MAY2560100CE.NFO,2025-05-02,10:25:00,2025-05-29,72.9,72.9,72.8,72.8,0,30420,0
BANKNIFTY29MAY2560100CE.NFO,2025-05-02,10:26:00,2025-05-29,72.8,72.8,71.5,72.0,150,30420,0
BANKNIFTY29MAY2560100CE.NFO,2025-05-02,10:27:00,2025-05-29,72.0,72.35,70.4,71.85,720,29940,0
BANKNIFTY29MAY2560100CE.NFO,2025-05-02,10:28:00,2025-05-29,71.85,71.85,71.85,71.85,0,29940,0
BANKNIFTY29MAY2560100CE.NFO,2025-05-02,10:29:00,2025-05-29,71.85,72.2,71.8,72.2,120,29940,0
BANKNIFTY29MAY2560100CE.NFO,2025-05-02,10:30:00,2025-05-29,72.2,72.2,69.35,70.95,240,30000,0
BANKNIFTY29MAY2560100CE.NFO,2025-05-02,10:31:00,2025-05-29,70.95,71.3,70.3,71.3,660,30000,0
BANKNIFTY29MAY2560100CE.NFO,2025-05-02,10:32:00,2025-05-29,71.3,71.3,71.05,71.05,150,30000,0
BANKNIFTY29MAY2560100CE.NFO,2025-05-02,10:33:00,2025-05-29,71.05,71.05,70.45,70.6,330,29430,0
BANKNIFTY29MAY2560100CE.NFO,2025-05-02,10:34:00,2025-05-29,70.6,70.6,68.6,68.9,330,29430,0
BANKNIFTY29MAY2560100CE.NFO,2025-05-02,10:35:00,2025-05-29,68.9,69.25,68.85,68.85,900,29430,0
BANKNIFTY29MAY2560100CE.NFO,2025-05-02,10:36:00,2025-05-29,68.85,69.3,67.75,67.8,900,29010,0
BANKNIFTY29MAY2560100CE.NFO,2025-05-02,10:37:00,2025-05-29,67.8,70.45,67.8,70.35,870,29010,0
BANKNIFTY29MAY2560100CE.NFO,2025-05-02,10:38:00,2025-05-29,70.35,70.85,68.6,70.0,450,29010,0
BANKNIFTY29MAY2560100CE.NFO,2025-05-02,10:39:00,2025-05-29,70.0,72.45,68.95,71.8,2910,28860,0
BANKNIFTY29MAY2560100CE.NFO,2025-05-02,10:40:00,2025-05-29,71.8,71.8,69.8,69.8,360,28860,0
BANKNIFTY29MAY2560100CE.NFO,2025-05-02,10:41:00,2025-05-29,69.8,71.2,69.8,71.2,30,28860,0
BANKNIFTY29MAY2560100CE.NFO,2025-05-02,10:42:00,2025-05-29,71.2,72.3,71.2,71.75,180,28860,0
BANKNIFTY29MAY2560100CE.NFO,2025-05-02,10:43:00,2025-05-29,71.75,72.1,71.75,72.1,240,28680,0
BANKNIFTY29MAY2560100CE.NFO,2025-05-02,10:44:00,2025-05-29,72.1,72.1,70.7,70.7,90,28680,0
BANKNIFTY29MAY2560100CE.NFO,2025-05-02,10:45:00,2025-05-29,69.05,69.45,69.05,69.45,270,28680,0
BANKNIFTY29MAY2560100CE.NFO,2025-05-02,10:46:00,2025-05-29,69.45,69.9,69.45,69.9,30,28980,0
BANKNIFTY29MAY2560100CE.NFO,2025-05-02,10:47:00,2025-05-29,69.9,69.9,68.85,69.85,270,28980,0
BANKNIFTY29MAY2560100CE.NFO,2025-05-02,10:48:00,2025-05-29,69.85,69.85,68.95,68.95,120,29040,0
BANKNIFTY29MAY2560100CE.NFO,2025-05-02,10:49:00,2025-05-29,68.95,68.95,68.95,68.95,0,29040,0
BANKNIFTY29MAY2560100CE.NFO,2025-05-02,10:50:00,2025-05-29,68.95,68.95,68.95,68.95,0,29040,0
BANKNIFTY29MAY2560100CE.NFO,2025-05-02,10:51:00,2025-05-29,68.95,69.85,68.95,69.85,150,29040,0
BANKNIFTY29MAY2560100CE.NFO,2025-05-02,10:52:00,2025-05-29,69.85,69.85,69.2,69.55,120,29040,0
BANKNIFTY29MAY2560100CE.NFO,2025-05-02,10:53:00,2025-05-29,69.55,69.75,68.0,69.75,720,29040,0
BANKNIFTY29MAY2560100CE.NFO,2025-05-02,10:54:00,2025-05-29,69.75,69.75,66.0,66.1,480,29520,0
BANKNIFTY29MAY2560100CE.NFO,2025-05-02,10:55:00,2025-05-29,66.1,68.1,66.1,66.7,1320,29520,0
BANKNIFTY29MAY2560100CE.NFO,2025-05-02,10:56:00,2025-05-29,66.7,68.75,66.0,67.1,1350,29520,0
BANKNIFTY29MAY2560100CE.NFO,2025-05-02,10:57:00,2025-05-29,67.1,70.0,65.05,65.85,7080,31770,0
BANKNIFTY29MAY2560100CE.NFO,2025-05-02,10:58:00,2025-05-29,65.85,69.05,65.85,69.05,60,31770,0
BANKNIFTY29MAY2560100CE.NFO,2025-05-02,10:59:00,2025-05-29,69.05,69.05,66.5,66.5,390,31770,0
BANKNIFTY29MAY2560100CE.NFO,2025-05-02,11:00:00,2025-05-29,66.5,68.2,66.5,68.2,630,32760,0
BANKNIFTY29MAY2560100CE.NFO,2025-05-02,11:01:00,2025-05-29,68.65,68.65,68.45,68.45,270,32760,0
BANKNIFTY29MAY2560100CE.NFO,2025-05-02,11:02:00,2025-05-29,68.45,68.45,68.45,68.45,0,32760,0
BANKNIFTY29MAY2560100CE.NFO,2025-05-02,11:03:00,2025-05-29,68.45,68.45,67.45,67.45,270,32760,0
BANKNIFTY29MAY2560100CE.NFO,2025-05-02,11:04:00,2025-05-29,67.45,67.45,67.45,67.45,0,32760,0
BANKNIFTY29MAY2560100CE.NFO,2025-05-02,11:05:00,2025-05-29,67.45,67.45,66.6,66.6,30,32820,0
BANKNIFTY29MAY2560100CE.NFO,2025-05-02,11:06:00,2025-05-29,66.6,66.6,66.05,66.25,270,33060,0
BANKNIFTY29MAY2560100CE.NFO,2025-05-02,11:07:00,2025-05-29,66.25,67.2,65.2,65.2,90,33060,0
BANKNIFTY29MAY2560100CE.NFO,2025-05-02,11:08:00,2025-05-29,65.2,65.2,65.05,65.05,120,33060,0
BANKNIFTY29MAY2560100CE.NFO,2025-05-02,11:09:00,2025-05-29,65.05,65.95,64.9,65.8,150,32850,0
BANKNIFTY29MAY2560100CE.NFO,2025-05-02,11:10:00,2025-05-29,65.8,65.8,62.5,63.0,570,32850,0
BANKNIFTY29MAY2560100CE.NFO,2025-05-02,11:11:00,2025-05-29,63.0,64.05,63.0,63.65,450,32850,0
BANKNIFTY29MAY2560100CE.NFO,2025-05-02,11:12:00,2025-05-29,63.65,63.65,63.6,63.6,90,32490,0
BANKNIFTY29MAY2560100CE.NFO,2025-05-02,11:13:00,2025-05-29,63.6,63.6,63.4,63.5,240,32490,0
BANKNIFTY29MAY2560100CE.NFO,2025-05-02,11:14:00,2025-05-29,63.5,64.2,63.5,64.2,30,32490,0
BANKNIFTY29MAY2560100CE.NFO,2025-05-02,11:15:00,2025-05-29,64.2,64.3,63.1,63.65,120,32490,0
BANKNIFTY29MAY2560100CE.NFO,2025-05-02,11:16:00,2025-05-29,63.65,63.65,63.5,63.5,60,32400,0
BANKNIFTY29MAY2560100CE.NFO,2025-05-02,11:17:00,2025-05-29,63.5,65.95,63.5,65.95,30,32400,0
BANKNIFTY29MAY2560100CE.NFO,2025-05-02,11:18:00,2025-05-29,65.95,65.95,64.9,64.9,30,32430,0
BANKNIFTY29MAY2560100CE.NFO,2025-05-02,11:19:00,2025-05-29,64.9,64.9,63.75,63.75,90,32430,0
BANKNIFTY29MAY2560100CE.NFO,2025-05-02,11:20:00,2025-05-29,63.75,63.75,63.55,63.55,30,32430,0
BANKNIFTY29MAY2560100CE.NFO,2025-05-02,11:21:00,2025-05-29,63.55,63.55,61.05,61.5,120,32520,0
BANKNIFTY29MAY2560100CE.NFO,2025-05-02,11:22:00,2025-05-29,61.5,62.2,61.3,62.2,60,32520,0
BANKNIFTY29MAY2560100CE.NFO,2025-05-02,11:23:00,2025-05-29,62.2,62.3,62.2,62.25,180,32520,0
BANKNIFTY29MAY2560100CE.NFO,2025-05-02,11:24:00,2025-05-29,62.25,62.25,61.95,61.95,90,32550,0
BANKNIFTY29MAY2560100CE.NFO,2025-05-02,11:25:00,2025-05-29,61.95,62.05,61.95,62.05,90,32550,0
BANKNIFTY29MAY2560100CE.NFO,2025-05-02,11:26:00,2025-05-29,62.05,62.3,61.45,61.45,300,32550,0
BANKNIFTY29MAY2560100CE.NFO,2025-05-02,11:27:00,2025-05-29,61.45,61.45,61.45,61.45,0,32550,0
BANKNIFTY29MAY2560100CE.NFO,2025-05-02,11:28:00,2025-05-29,61.45,61.75,61.4,61.75,390,32340,0
BANKNIFTY29MAY2560100CE.NFO,2025-05-02,11:29:00,2025-05-29,61.75,61.75,60.75,60.75,30,32340,0
BANKNIFTY29MAY2560100CE.NFO,2025-05-02,11:30:00,2025-05-29,60.75,60.75,60.05,60.05,390,31830,0
BANKNIFTY29MAY2560100CE.NFO,2025-05-02,11:31:00,2025-05-29,60.05,60.05,59.5,59.5,270,31830,0
BANKNIFTY29MAY2560100CE.NFO,2025-05-02,11:32:00,2025-05-29,59.5,60.25,59.2,59.25,570,31830,0
BANKNIFTY29MAY2560100CE.NFO,2025-05-02,11:33:00,2025-05-29,59.25,59.25,58.7,58.85,450,31920,0
BANKNIFTY29MAY2560100CE.NFO,2025-05-02,11:34:00,2025-05-29,58.85,58.85,55.75,56.35,900,31920,0
BANKNIFTY29MAY2560100CE.NFO,2025-05-02,11:35:00,2025-05-29,56.35,58.2,56.35,58.2,570,31920,0
BANKNIFTY29MAY2560100CE.NFO,2025-05-02,11:36:00,2025-05-29,58.2,58.2,57.85,57.85,30,31920,0
BANKNIFTY29MAY2560100CE.NFO,2025-05-02,11:37:00,2025-05-29,57.85,60.2,57.8,60.2,1230,31860,0
BANKNIFTY29MAY2560100CE.NFO,2025-05-02,11:38:00,2025-05-29,60.2,60.3,60.2,60.3,90,31860,0
BANKNIFTY29MAY2560100CE.NFO,2025-05-02,11:39:00,2025-05-29,60.3,60.3,60.25,60.3,150,32310,0
BANKNIFTY29MAY2560100CE.NFO,2025-05-02,11:40:00,2025-05-29,60.3,60.95,59.65,59.65,330,32310,0
BANKNIFTY29MAY2560100CE.NFO,2025-05-02,11:41:00,2025-05-29,59.65,60.25,59.4,60.25,480,32310,0
BANKNIFTY29MAY2560100CE.NFO,2025-05-02,11:42:00,2025-05-29,60.25,60.95,59.9,60.15,1260,32490,0
BANKNIFTY29MAY2560100CE.NFO,2025-05-02,11:43:00,2025-05-29,60.15,60.3,59.5,60.3,390,32490,0
BANKNIFTY29MAY2560100CE.NFO,2025-05-02,11:44:00,2025-05-29,60.3,60.3,58.7,58.7,390,32490,0
BANKNIFTY29MAY2560100CE.NFO,2025-05-02,11:45:00,2025-05-29,58.7,59.95,58.7,59.55,150,32490,0
BANKNIFTY29MAY2560100CE.NFO,2025-05-02,11:46:00,2025-05-29,59.55,59.55,59.55,59.55,0,32490,0
BANKNIFTY29MAY2560100CE.NFO,2025-05-02,11:47:00,2025-05-29,59.55,59.55,59.0,59.0,570,32190,0
BANKNIFTY29MAY2560100CE.NFO,2025-05-02,11:48:00,2025-05-29,59.0,59.0,59.0,59.0,0,32190,0
BANKNIFTY29MAY2560100CE.NFO,2025-05-02,11:49:00,2025-05-29,59.0,60.1,59.0,60.1,30,32280,0
BANKNIFTY29MAY2560100CE.NFO,2025-05-02,11:50:00,2025-05-29,60.1,60.1,58.7,58.7,90,32280,0
BANKNIFTY29MAY2560100CE.NFO,2025-05-02,11:51:00,2025-05-29,58.7,60.2,58.7,60.05,480,31920,0
BANKNIFTY29MAY2560100CE.NFO,2025-05-02,11:52:00,2025-05-29,60.05,61.3,60.05,61.3,90,31920,0
BANKNIFTY29MAY2560100CE.NFO,2025-05-02,11:53:00,2025-05-29,61.3,61.3,61.3,61.3,0,31920,0
BANKNIFTY29MAY2560100CE.NFO,2025-05-02,11:54:00,2025-05-29,61.3,61.85,61.05,61.05,90,31920,0
BANKNIFTY29MAY2560100CE.NFO,2025-05-02,11:55:00,2025-05-29,61.05,62.2,61.05,61.65,360,31920,0
BANKNIFTY29MAY2560100CE.NFO,2025-05-02,11:56:00,2025-05-29,61.65,62.85,61.65,62.75,60,31920,0
BANKNIFTY29MAY2560100CE.NFO,2025-05-02,11:57:00,2025-05-29,62.75,63.15,62.25,63.15,990,32640,0
BANKNIFTY29MAY2560100CE.NFO,2025-05-02,11:58:00,2025-05-29,63.15,63.45,63.15,63.45,60,32640,0
BANKNIFTY29MAY2560100CE.NFO,2025-05-02,11:59:00,2025-05-29,63.45,63.45,63.45,63.45,0,32640,0
BANKNIFTY29MAY2560100CE.NFO,2025-05-02,12:00:00,2025-05-29,63.45,63.45,62.75,62.75,90,32640,0
BANKNIFTY29MAY2560100CE.NFO,2025-05-02,12:01:00,2025-05-29,62.75,63.05,62.65,63.05,330,32700,0
BANKNIFTY29MAY2560100CE.NFO,2025-05-02,12:02:00,2025-05-29,63.05,63.45,63.05,63.45,60,32700,0
BANKNIFTY29MAY2560100CE.NFO,2025-05-02,12:03:00,2025-05-29,63.45,63.45,61.85,62.4,1290,32700,0
BANKNIFTY29MAY2560100CE.NFO,2025-05-02,12:04:00,2025-05-29,62.4,62.4,61.5,61.5,90,32700,0
BANKNIFTY29MAY2560100CE.NFO,2025-05-02,12:05:00,2025-05-29,61.5,61.8,60.05,60.35,1770,32700,0
BANKNIFTY29MAY2560100CE.NFO,2025-05-02,12:06:00,2025-05-29,60.35,60.35,59.4,59.4,30,32190,0
BANKNIFTY29MAY2560100CE.NFO,2025-05-02,12:07:00,2025-05-29,59.4,59.4,59.4,59.4,0,32190,0
BANKNIFTY29MAY2560100CE.NFO,2025-05-02,12:08:00,2025-05-29,59.4,59.4,59.4,59.4,0,32190,0
BANKNIFTY29MAY2560100CE.NFO,2025-05-02,12:09:00,2025-05-29,59.4,60.85,59.4,60.5,150,32190,0
BANKNIFTY29MAY2560100CE.NFO,2025-05-02,12:10:00,2025-05-29,60.5,60.5,60.5,60.5,210,32130,0
BANKNIFTY29MAY2560100CE.NFO,2025-05-02,12:11:00,2025-05-29,60.5,60.5,59.75,60.15,60,32130,0
BANKNIFTY29MAY2560100CE.NFO,2025-05-02,12:12:00,2025-05-29,60.15,60.15,59.7,59.7,240,32130,0
BANKNIFTY29MAY2560100CE.NFO,2025-05-02,12:13:00,2025-05-29,59.7,59.7,59.35,59.35,30,32130,0
BANKNIFTY29MAY2560100CE.NFO,2025-05-02,12:14:00,2025-05-29,59.35,60.4,59.35,60.4,390,32130,0
BANKNIFTY29MAY2560100CE.NFO,2025-05-02,12:15:00,2025-05-29,60.4,60.4,59.55,59.55,270,32130,0
BANKNIFTY29MAY2560100CE.NFO,2025-05-02,12:16:00,2025-05-29,59.55,59.55,58.5,58.8,270,32430,0
BANKNIFTY29MAY2560100CE.NFO,2025-05-02,12:17:00,2025-05-29,58.8,58.8,58.0,58.0,90,32430,0
BANKNIFTY29MAY2560100CE.NFO,2025-05-02,12:18:00,2025-05-29,58.0,58.95,58.0,58.95,210,32430,0
BANKNIFTY29MAY2560100CE.NFO,2025-05-02,12:19:00,2025-05-29,58.95,58.95,58.95,58.95,0,32430,0
BANKNIFTY29MAY2560100CE.NFO,2025-05-02,12:20:00,2025-05-29,58.95,59.4,58.95,59.4,60,32340,0
BANKNIFTY29MAY2560100CE.NFO,2025-05-02,12:21:00,2025-05-29,59.4,59.4,59.4,59.4,0,32340,0
BANKNIFTY29MAY2560100CE.NFO,2025-05-02,12:22:00,2025-05-29,59.4,59.4,59.4,59.4,0,32340,0
BANKNIFTY29MAY2560100CE.NFO,2025-05-02,12:23:00,2025-05-29,59.4,59.75,59.4,59.75,180,32280,0
BANKNIFTY29MAY2560100CE.NFO,2025-05-02,12:24:00,2025-05-29,59.75,59.75,59.75,59.75,0,32280,0
BANKNIFTY29MAY2560100CE.NFO,2025-05-02,12:25:00,2025-05-29,59.75,59.75,59.75,59.75,0,32280,0
BANKNIFTY29MAY2560100CE.NFO,2025-05-02,12:26:00,2025-05-29,59.75,59.75,58.9,58.9,30,32160,0
BANKNIFTY29MAY2560100CE.NFO,2025-05-02,12:27:00,2025-05-29,58.9,58.9,58.15,58.6,60,32160,0
BANKNIFTY29MAY2560100CE.NFO,2025-05-02,12:28:00,2025-05-29,58.6,58.6,57.15,57.15,120,32190,0
BANKNIFTY29MAY2560100CE.NFO,2025-05-02,12:29:00,2025-05-29,57.15,57.15,56.15,56.15,600,32190,0
BANKNIFTY29MAY2560100CE.NFO,2025-05-02,12:30:00,2025-05-29,56.15,56.15,55.85,56.15,180,31530,0
BANKNIFTY29MAY2560100CE.NFO,2025-05-02,12:31:00,2025-05-29,56.15,56.55,56.15,56.55,60,31530,0
BANKNIFTY29MAY2560100CE.NFO,2025-05-02,12:32:00,2025-05-29,56.55,57.85,56.55,57.85,60,31530,0
BANKNIFTY29MAY2560100CE.NFO,2025-05-02,12:33:00,2025-05-29,57.85,57.9,57.05,57.05,60,31530,0
BANKNIFTY29MAY2560100CE.NFO,2025-05-02,12:34:00,2025-05-29,57.05,57.05,57.05,57.05,0,31530,0
BANKNIFTY29MAY2560100CE.NFO,2025-05-02,12:35:00,2025-05-29,57.05,57.05,57.0,57.0,30,31530,0
BANKNIFTY29MAY2560100CE.NFO,2025-05-02,12:36:00,2025-05-29,57.0,57.25,57.0,57.25,150,31530,0
BANKNIFTY29MAY2560100CE.NFO,2025-05-02,12:37:00,2025-05-29,57.25,57.65,57.0,57.0,660,31530,0
BANKNIFTY29MAY2560100CE.NFO,2025-05-02,12:38:00,2025-05-29,57.0,57.0,57.0,57.0,0,31530,0
BANKNIFTY29MAY2560100CE.NFO,2025-05-02,12:39:00,2025-05-29,57.0,57.0,57.0,57.0,0,31530,0
BANKNIFTY29MAY2560100CE.NFO,2025-05-02,12:40:00,2025-05-29,57.0,57.0,56.4,56.4,180,31500,0
BANKNIFTY29MAY2560100CE.NFO,2025-05-02,12:41:00,2025-05-29,56.4,56.4,54.45,55.3,240,31500,0
BANKNIFTY29MAY2560100CE.NFO,2025-05-02,12:42:00,2025-05-29,55.3,55.3,55.3,55.3,0,31500,0
BANKNIFTY29MAY2560100CE.NFO,2025-05-02,12:43:00,2025-05-29,55.3,55.45,55.3,55.45,150,31560,0
BANKNIFTY29MAY2560100CE.NFO,2025-05-02,12:44:00,2025-05-29,55.45,56.4,55.45,56.4,60,31560,0
BANKNIFTY29MAY2560100CE.NFO,2025-05-02,12:45:00,2025-05-29,56.4,58.95,56.4,58.95,780,32100,0
BANKNIFTY29MAY2560100CE.NFO,2025-05-02,12:46:00,2025-05-29,58.95,59.0,57.9,59.0,1110,32100,0
BANKNIFTY29MAY2560100CE.NFO,2025-05-02,12:47:00,2025-05-29,59.0,59.0,58.75,58.75,180,32100,0
BANKNIFTY29MAY2560100CE.NFO,2025-05-02,12:48:00,2025-05-29,58.75,58.75,58.05,58.05,300,32100,0
BANKNIFTY29MAY2560100CE.NFO,2025-05-02,12:49:00,2025-05-29,58.05,58.8,58.05,58.8,120,32310,0
BANKNIFTY29MAY2560100CE.NFO,2025-05-02,12:50:00,2025-05-29,58.8,59.1,58.8,59.1,210,32310,0
BANKNIFTY29MAY2560100CE.NFO,2025-05-02,12:51:00,2025-05-29,59.1,59.5,59.1,59.5,480,32310,0
BANKNIFTY29MAY2560100CE.NFO,2025-05-02,12:52:00,2025-05-29,59.5,59.5,58.4,58.45,450,32010,0
BANKNIFTY29MAY2560100CE.NFO,2025-05-02,12:53:00,2025-05-29,58.45,58.45,56.55,56.55,330,32010,0
BANKNIFTY29MAY2560100CE.NFO,2025-05-02,12:54:00,2025-05-29,56.4,57.35,56.4,57.35,660,32010,0
BANKNIFTY29MAY2560100CE.NFO,2025-05-02,12:55:00,2025-05-29,57.35,57.35,57.0,57.0,150,32520,0
BANKNIFTY29MAY2560100CE.NFO,2025-05-02,12:56:00,2025-05-29,57.0,57.0,56.45,56.45,300,32520,0
BANKNIFTY29MAY2560100CE.NFO,2025-05-02,12:57:00,2025-05-29,56.45,58.2,56.45,57.85,150,32520,0
BANKNIFTY29MAY2560100CE.NFO,2025-05-02,12:58:00,2025-05-29,57.85,57.85,57.7,57.7,30,32310,0
BANKNIFTY29MAY2560100CE.NFO,2025-05-02,12:59:00,2025-05-29,57.7,57.7,57.25,57.25,90,32310,0
BANKNIFTY29MAY2560100CE.NFO,2025-05-02,13:00:00,2025-05-29,57.25,57.8,57.25,57.7,180,32310,0
BANKNIFTY29MAY2560100CE.NFO,2025-05-02,13:01:00,2025-05-29,57.7,58.45,57.7,58.45,90,32460,0
BANKNIFTY29MAY2560100CE.NFO,2025-05-02,13:02:00,2025-05-29,58.45,58.45,57.0,57.0,30,32460,0
BANKNIFTY29MAY2560100CE.NFO,2025-05-02,13:03:00,2025-05-29,57.0,57.0,57.0,57.0,0,32460,0
BANKNIFTY29MAY2560100CE.NFO,2025-05-02,13:04:00,2025-05-29,57.0,57.0,56.3,56.3,30,32520,0
BANKNIFTY29MAY2560100CE.NFO,2025-05-02,13:05:00,2025-05-29,56.3,56.3,56.05,56.05,30,32520,0
BANKNIFTY29MAY2560100CE.NFO,2025-05-02,13:06:00,2025-05-29,56.05,57.6,56.05,57.6,30,32520,0
BANKNIFTY29MAY2560100CE.NFO,2025-05-02,13:07:00,2025-05-29,57.6,57.6,57.3,57.3,30,32490,0
BANKNIFTY29MAY2560100CE.NFO,2025-05-02,13:08:00,2025-05-29,57.3,57.3,57.3,57.3,0,32490,0
BANKNIFTY29MAY2560100CE.NFO,2025-05-02,13:09:00,2025-05-29,57.3,57.3,56.0,56.0,360,32490,0
BANKNIFTY29MAY2560100CE.NFO,2025-05-02,13:10:00,2025-05-29,56.0,56.05,56.0,56.05,60,32250,0
BANKNIFTY29MAY2560100CE.NFO,2025-05-02,13:11:00,2025-05-29,56.05,56.05,55.4,55.5,120,32250,0
BANKNIFTY29MAY2560100CE.NFO,2025-05-02,13:12:00,2025-05-29,55.5,55.5,55.5,55.5,0,32250,0
BANKNIFTY29MAY2560100CE.NFO,2025-05-02,13:13:00,2025-05-29,55.5,55.5,55.5,55.5,0,32250,0
BANKNIFTY29MAY2560100CE.NFO,2025-05-02,13:14:00,2025-05-29,55.5,55.5,55.5,55.5,0,32250,0
BANKNIFTY29MAY2560100CE.NFO,2025-05-02,13:15:00,2025-05-29,55.5,55.5,55.05,55.5,210,32310,0
BANKNIFTY29MAY2560100CE.NFO,2025-05-02,13:16:00,2025-05-29,55.5,55.9,55.5,55.9,690,32520,0
BANKNIFTY29MAY2560100CE.NFO,2025-05-02,13:17:00,2025-05-29,55.9,57.65,55.9,56.25,60,32520,0
BANKNIFTY29MAY2560100CE.NFO,2025-05-02,13:18:00,2025-05-29,56.25,56.7,56.25,56.7,930,32520,0
BANKNIFTY29MAY2560100CE.NFO,2025-05-02,13:19:00,2025-05-29,56.7,56.7,56.7,56.7,0,32520,0
BANKNIFTY29MAY2560100CE.NFO,2025-05-02,13:20:00,2025-05-29,56.7,57.1,54.85,55.25,930,31920,0
BANKNIFTY29MAY2560100CE.NFO,2025-05-02,13:21:00,2025-05-29,55.25,56.8,55.25,56.8,750,31920,0
BANKNIFTY29MAY2560100CE.NFO,2025-05-02,13:22:00,2025-05-29,55.65,57.5,55.65,57.5,210,32550,0
BANKNIFTY29MAY2560100CE.NFO,2025-05-02,13:23:00,2025-05-29,57.5,57.5,57.05,57.05,90,32550,0
BANKNIFTY29MAY2560100CE.NFO,2025-05-02,13:24:00,2025-05-29,57.05,57.25,56.95,56.95,690,32550,0
BANKNIFTY29MAY2560100CE.NFO,2025-05-02,13:25:00,2025-05-29,56.95,57.95,56.95,57.95,990,32940,0
BANKNIFTY29MAY2560100CE.NFO,2025-05-02,13:26:00,2025-05-29,57.95,58.5,57.95,58.15,90,32940,0
BANKNIFTY29MAY2560100CE.NFO,2025-05-02,13:27:00,2025-05-29,58.15,58.2,57.55,58.2,270,32940,0
BANKNIFTY29MAY2560100CE.NFO,2025-05-02,13:28:00,2025-05-29,58.2,58.65,58.2,58.65,60,33060,0
BANKNIFTY29MAY2560100CE.NFO,2025-05-02,13:29:00,2025-05-29,58.65,58.65,57.9,57.9,30,33060,0
BANKNIFTY29MAY2560100CE.NFO,2025-05-02,13:30:00,2025-05-29,57.9,59.8,57.9,59.8,570,33060,0
BANKNIFTY29MAY2560100CE.NFO,2025-05-02,13:31:00,2025-05-29,59.8,59.8,59.7,59.7,30,33420,0
BANKNIFTY29MAY2560100CE.NFO,2025-05-02,13:32:00,2025-05-29,59.7,59.85,59.2,59.7,1290,33420,0
BANKNIFTY29MAY2560100CE.NFO,2025-05-02,13:33:00,2025-05-29,59.7,59.7,59.7,59.7,0,33420,0
BANKNIFTY29MAY2560100CE.NFO,2025-05-02,13:34:00,2025-05-29,59.7,59.7,59.7,59.7,0,33420,0
BANKNIFTY29MAY2560100CE.NFO,2025-05-02,13:35:00,2025-05-29,59.7,60.0,59.7,59.8,390,32970,0
BANKNIFTY29MAY2560100CE.NFO,2025-05-02,13:36:00,2025-05-29,59.8,59.8,59.55,59.55,30,32970,0
BANKNIFTY29MAY2560100CE.NFO,2025-05-02,13:37:00,2025-05-29,59.55,59.7,59.55,59.7,30,33120,0
BANKNIFTY29MAY2560100CE.NFO,2025-05-02,13:38:00,2025-05-29,59.7,60.05,59.6,59.8,690,33120,0
BANKNIFTY29MAY2560100CE.NFO,2025-05-02,13:39:00,2025-05-29,59.8,59.8,59.8,59.8,0,33120,0
BANKNIFTY29MAY2560100CE.NFO,2025-05-02,13:40:00,2025-05-29,59.8,60.05,59.8,60.05,30,33300,0
BANKNIFTY29MAY2560100CE.NFO,2025-05-02,13:41:00,2025-05-29,60.05,60.6,60.05,60.6,30,33300,0
BANKNIFTY29MAY2560100CE.NFO,2025-05-02,13:42:00,2025-05-29,60.6,60.6,60.2,60.2,30,33300,0
BANKNIFTY29MAY2560100CE.NFO,2025-05-02,13:43:00,2025-05-29,60.2,60.2,57.5,57.5,390,33300,0
BANKNIFTY29MAY2560100CE.NFO,2025-05-02,13:44:00,2025-05-29,57.5,58.55,56.95,57.75,480,33300,0
BANKNIFTY29MAY2560100CE.NFO,2025-05-02,13:45:00,2025-05-29,57.75,58.25,57.75,58.25,510,33300,0
BANKNIFTY29MAY2560100CE.NFO,2025-05-02,13:46:00,2025-05-29,58.25,58.25,58.25,58.25,0,33300,0
BANKNIFTY29MAY2560100CE.NFO,2025-05-02,13:47:00,2025-05-29,58.25,58.25,58.25,58.25,0,33300,0
BANKNIFTY29MAY2560100CE.NFO,2025-05-02,13:48:00,2025-05-29,58.25,58.25,57.75,57.75,120,32970,0
BANKNIFTY29MAY2560100CE.NFO,2025-05-02,13:49:00,2025-05-29,57.75,58.3,57.35,57.35,390,32970,0
BANKNIFTY29MAY2560100CE.NFO,2025-05-02,13:50:00,2025-05-29,57.35,57.35,57.35,57.35,0,32970,0
BANKNIFTY29MAY2560100CE.NFO,2025-05-02,13:51:00,2025-05-29,57.35,57.35,57.25,57.25,30,32970,0
BANKNIFTY29MAY2560100CE.NFO,2025-05-02,13:52:00,2025-05-29,57.25,57.25,57.0,57.0,0,32910,0
BANKNIFTY29MAY2560100CE.NFO,2025-05-02,13:53:00,2025-05-29,57.0,57.3,56.9,56.9,60,32910,0
BANKNIFTY29MAY2560100CE.NFO,2025-05-02,13:54:00,2025-05-29,56.9,56.9,56.9,56.9,0,32910,0
BANKNIFTY29MAY2560100CE.NFO,2025-05-02,13:55:00,2025-05-29,56.9,56.9,56.9,56.9,0,32910,0
BANKNIFTY29MAY2560100CE.NFO,2025-05-02,13:56:00,2025-05-29,56.9,58.2,56.9,58.2,60,32850,0
BANKNIFTY29MAY2560100CE.NFO,2025-05-02,13:57:00,2025-05-29,58.2,58.2,58.2,58.2,0,32850,0
BANKNIFTY29MAY2560100CE.NFO,2025-05-02,13:58:00,2025-05-29,58.2,58.2,56.2,56.2,1050,32850,0
BANKNIFTY29MAY2560100CE.NFO,2025-05-02,13:59:00,2025-05-29,56.2,57.3,56.2,56.75,480,32850,0
BANKNIFTY29MAY2560100CE.NFO,2025-05-02,14:00:00,2025-05-29,56.75,56.75,56.75,56.75,0,32850,0
BANKNIFTY29MAY2560100CE.NFO,2025-05-02,14:01:00,2025-05-29,56.75,56.75,54.9,54.9,390,32460,0
BANKNIFTY29MAY2560100CE.NFO,2025-05-02,14:02:00,2025-05-29,54.9,55.5,54.85,55.5,210,32460,0
BANKNIFTY29MAY2560100CE.NFO,2025-05-02,14:03:00,2025-05-29,55.5,55.7,55.5,55.7,90,32460,0
BANKNIFTY29MAY2560100CE.NFO,2025-05-02,14:04:00,2025-05-29,55.7,56.65,55.7,56.65,60,32310,0
BANKNIFTY29MAY2560100CE.NFO,2025-05-02,14:05:00,2025-05-29,56.65,56.65,56.65,56.65,0,32310,0
BANKNIFTY29MAY2560100CE.NFO,2025-05-02,14:06:00,2025-05-29,56.65,56.65,56.65,56.65,0,32310,0
BANKNIFTY29MAY2560100CE.NFO,2025-05-02,14:07:00,2025-05-29,56.65,56.65,55.65,55.65,150,32310,0
BANKNIFTY29MAY2560100CE.NFO,2025-05-02,14:08:00,2025-05-29,55.65,55.65,55.65,55.65,0,32310,0
BANKNIFTY29MAY2560100CE.NFO,2025-05-02,14:09:00,2025-05-29,55.65,55.65,55.6,55.65,240,32310,0
BANKNIFTY29MAY2560100CE.NFO,2025-05-02,14:10:00,2025-05-29,55.65,56.15,55.65,56.15,30,32550,0
BANKNIFTY29MAY2560100CE.NFO,2025-05-02,14:11:00,2025-05-29,56.15,56.8,56.15,56.35,450,32550,0
BANKNIFTY29MAY2560100CE.NFO,2025-05-02,14:12:00,2025-05-29,56.35,56.35,56.35,56.35,0,32550,0
BANKNIFTY29MAY2560100CE.NFO,2025-05-02,14:13:00,2025-05-29,56.35,56.85,55.85,56.35,810,33030,0
BANKNIFTY29MAY2560100CE.NFO,2025-05-02,14:14:00,2025-05-29,56.35,56.35,56.35,56.35,0,33030,0
BANKNIFTY29MAY2560100CE.NFO,2025-05-02,14:15:00,2025-05-29,56.35,56.35,55.4,55.95,90,33030,0
BANKNIFTY29MAY2560100CE.NFO,2025-05-02,14:16:00,2025-05-29,55.95,57.1,55.95,57.1,30,32850,0
BANKNIFTY29MAY2560100CE.NFO,2025-05-02,14:17:00,2025-05-29,57.1,57.1,57.1,57.1,0,32850,0
BANKNIFTY29MAY2560100CE.NFO,2025-05-02,14:18:00,2025-05-29,57.1,57.1,54.95,55.55,120,32850,0
BANKNIFTY29MAY2560100CE.NFO,2025-05-02,14:19:00,2025-05-29,55.55,55.55,55.55,55.55,0,32850,0
BANKNIFTY29MAY2560100CE.NFO,2025-05-02,14:20:00,2025-05-29,55.55,55.55,55.2,55.2,90,32850,0
BANKNIFTY29MAY2560100CE.NFO,2025-05-02,14:21:00,2025-05-29,55.2,55.2,55.2,55.2,0,32850,0
BANKNIFTY29MAY2560100CE.NFO,2025-05-02,14:22:00,2025-05-29,55.2,55.2,55.2,55.2,0,32850,0
BANKNIFTY29MAY2560100CE.NFO,2025-05-02,14:23:00,2025-05-29,55.2,55.2,54.05,54.05,30,32760,0
BANKNIFTY29MAY2560100CE.NFO,2025-05-02,14:24:00,2025-05-29,54.05,54.05,53.25,53.25,60,32760,0
BANKNIFTY29MAY2560100CE.NFO,2025-05-02,14:25:00,2025-05-29,53.25,53.65,53.25,53.65,240,32760,0
BANKNIFTY29MAY2560100CE.NFO,2025-05-02,14:26:00,2025-05-29,53.65,53.65,53.15,53.15,420,32850,0
BANKNIFTY29MAY2560100CE.NFO,2025-05-02,14:27:00,2025-05-29,53.15,53.65,52.8,52.8,660,32850,0
BANKNIFTY29MAY2560100CE.NFO,2025-05-02,14:28:00,2025-05-29,52.8,53.45,52.8,53.25,330,32190,0
BANKNIFTY29MAY2560100CE.NFO,2025-05-02,14:29:00,2025-05-29,53.25,53.25,51.9,51.9,60,32190,0
BANKNIFTY29MAY2560100CE.NFO,2025-05-02,14:30:00,2025-05-29,51.9,51.9,51.0,51.05,180,32190,0
BANKNIFTY29MAY2560100CE.NFO,2025-05-02,14:31:00,2025-05-29,51.05,51.05,51.05,51.05,0,32190,0
BANKNIFTY29MAY2560100CE.NFO,2025-05-02,14:32:00,2025-05-29,51.05,53.05,51.05,52.6,90,32010,0
BANKNIFTY29MAY2560100CE.NFO,2025-05-02,14:33:00,2025-05-29,52.6,52.6,51.55,51.55,60,32010,0
BANKNIFTY29MAY2560100CE.NFO,2025-05-02,14:34:00,2025-05-29,51.55,51.55,50.85,50.85,300,32040,0
BANKNIFTY29MAY2560100CE.NFO,2025-05-02,14:35:00,2025-05-29,50.85,50.85,50.85,50.85,0,32040,0
BANKNIFTY29MAY2560100CE.NFO,2025-05-02,14:36:00,2025-05-29,50.85,51.3,50.75,50.75,630,32040,0
BANKNIFTY29MAY2560100CE.NFO,2025-05-02,14:37:00,2025-05-29,50.75,50.75,50.2,50.2,30,32040,0
BANKNIFTY29MAY2560100CE.NFO,2025-05-02,14:38:00,2025-05-29,50.2,50.2,50.1,50.1,60,31620,0
BANKNIFTY29MAY2560100CE.NFO,2025-05-02,14:39:00,2025-05-29,50.1,50.1,50.1,50.1,0,31620,0
BANKNIFTY29MAY2560100CE.NFO,2025-05-02,14:40:00,2025-05-29,50.1,51.8,50.1,51.8,570,31590,0
BANKNIFTY29MAY2560100CE.NFO,2025-05-02,14:41:00,2025-05-29,51.8,52.15,51.55,52.15,810,31590,0
BANKNIFTY29MAY2560100CE.NFO,2025-05-02,14:42:00,2025-05-29,52.15,52.15,52.15,52.15,0,31590,0
BANKNIFTY29MAY2560100CE.NFO,2025-05-02,14:43:00,2025-05-29,52.15,52.5,52.15,52.5,30,31740,0
BANKNIFTY29MAY2560100CE.NFO,2025-05-02,14:44:00,2025-05-29,52.5,52.5,52.5,52.5,0,31740,0
BANKNIFTY29MAY2560100CE.NFO,2025-05-02,14:45:00,2025-05-29,52.5,52.5,52.5,52.5,0,31740,0
BANKNIFTY29MAY2560100CE.NFO,2025-05-02,14:46:00,2025-05-29,52.5,52.8,52.5,52.8,30,31740,0
BANKNIFTY29MAY2560100CE.NFO,2025-05-02,14:47:00,2025-05-29,52.8,52.8,52.8,52.8,0,31740,0
BANKNIFTY29MAY2560100CE.NFO,2025-05-02,14:48:00,2025-05-29,52.8,53.15,52.8,53.15,930,31740,0
BANKNIFTY29MAY2560100CE.NFO,2025-05-02,14:49:00,2025-05-29,53.15,53.85,53.15,53.8,360,31890,0
BANKNIFTY29MAY2560100CE.NFO,2025-05-02,14:50:00,2025-05-29,53.8,53.8,53.7,53.7,480,31890,0
BANKNIFTY29MAY2560100CE.NFO,2025-05-02,14:51:00,2025-05-29,53.7,54.5,53.3,53.3,120,31890,0
BANKNIFTY29MAY2560100CE.NFO,2025-05-02,14:52:00,2025-05-29,53.3,53.3,53.2,53.2,30,31890,0
BANKNIFTY29MAY2560100CE.NFO,2025-05-02,14:53:00,2025-05-29,53.2,53.2,53.2,53.2,0,31890,0
BANKNIFTY29MAY2560100CE.NFO,2025-05-02,14:54:00,2025-05-29,53.2,54.9,53.2,54.9,60,31890,0
BANKNIFTY29MAY2560100CE.NFO,2025-05-02,14:55:00,2025-05-29,54.9,55.1,54.65,54.65,90,31920,0
BANKNIFTY29MAY2560100CE.NFO,2025-05-02,14:56:00,2025-05-29,54.65,54.65,53.6,54.0,120,31920,0
BANKNIFTY29MAY2560100CE.NFO,2025-05-02,14:57:00,2025-05-29,54.0,55.35,54.0,54.45,900,31920,0
BANKNIFTY29MAY2560100CE.NFO,2025-05-02,14:58:00,2025-05-29,54.45,54.45,54.45,54.45,0,31920,0
BANKNIFTY29MAY2560100CE.NFO,2025-05-02,14:59:00,2025-05-29,54.45,55.15,54.45,55.15,90,31590,0
BANKNIFTY29MAY2560100CE.NFO,2025-05-02,15:00:00,2025-05-29,55.15,56.25,55.15,55.5,240,31590,0
BANKNIFTY29MAY2560100CE.NFO,2025-05-02,15:01:00,2025-05-29,55.5,55.5,54.2,54.2,120,31770,0
BANKNIFTY29MAY2560100CE.NFO,2025-05-02,15:02:00,2025-05-29,54.2,54.2,53.4,53.6,240,31770,0
BANKNIFTY29MAY2560100CE.NFO,2025-05-02,15:03:00,2025-05-29,53.6,53.6,51.7,51.7,840,31770,0
BANKNIFTY29MAY2560100CE.NFO,2025-05-02,15:04:00,2025-05-29,51.7,51.9,51.3,51.3,120,31620,0
BANKNIFTY29MAY2560100CE.NFO,2025-05-02,15:05:00,2025-05-29,51.3,51.3,51.3,51.3,0,31620,0
BANKNIFTY29MAY2560100CE.NFO,2025-05-02,15:06:00,2025-05-29,51.3,51.3,51.3,51.3,0,31620,0
BANKNIFTY29MAY2560100CE.NFO,2025-05-02,15:07:00,2025-05-29,51.3,52.05,51.1,52.05,60,31560,0
BANKNIFTY29MAY2560100CE.NFO,2025-05-02,15:08:00,2025-05-29,52.05,52.05,51.0,51.0,60,31560,0
BANKNIFTY29MAY2560100CE.NFO,2025-05-02,15:09:00,2025-05-29,51.0,51.0,51.0,51.0,0,31560,0
BANKNIFTY29MAY2560100CE.NFO,2025-05-02,15:10:00,2025-05-29,51.0,52.7,51.0,52.7,120,31410,0
BANKNIFTY29MAY2560100CE.NFO,2025-05-02,15:11:00,2025-05-29,52.7,52.7,52.2,52.65,90,31410,0
BANKNIFTY29MAY2560100CE.NFO,2025-05-02,15:12:00,2025-05-29,52.65,52.65,52.65,52.65,0,31410,0
BANKNIFTY29MAY2560100CE.NFO,2025-05-02,15:13:00,2025-05-29,52.65,52.65,52.05,52.4,60,31590,0
BANKNIFTY29MAY2560100CE.NFO,2025-05-02,15:14:00,2025-05-29,52.4,52.6,51.8,51.8,150,31590,0
BANKNIFTY29MAY2560100CE.NFO,2025-05-02,15:15:00,2025-05-29,51.8,51.8,51.2,51.2,450,31590,0
BANKNIFTY29MAY2560100CE.NFO,2025-05-02,15:16:00,2025-05-29,51.2,51.55,50.1,50.5,1080,31020,0
BANKNIFTY29MAY2560100CE.NFO,2025-05-02,15:17:00,2025-05-29,50.5,50.65,50.25,50.25,30,31020,0
BANKNIFTY29MAY2560100CE.NFO,2025-05-02,15:18:00,2025-05-29,50.25,52.1,50.25,52.1,180,31020,0
BANKNIFTY29MAY2560100CE.NFO,2025-05-02,15:19:00,2025-05-29,52.1,52.1,52.1,52.1,0,31020,0
BANKNIFTY29MAY2560100CE.NFO,2025-05-02,15:20:00,2025-05-29,52.1,52.1,50.75,51.6,150,31200,0
BANKNIFTY29MAY2560100CE.NFO,2025-05-02,15:21:00,2025-05-29,51.6,51.7,51.35,51.45,870,31200,0
BANKNIFTY29MAY2560100CE.NFO,2025-05-02,15:22:00,2025-05-29,51.45,51.85,50.9,50.9,570,31230,0
BANKNIFTY29MAY2560100CE.NFO,2025-05-02,15:23:00,2025-05-29,50.9,52.15,50.9,52.15,180,31230,0
BANKNIFTY29MAY2560100CE.NFO,2025-05-02,15:24:00,2025-05-29,52.15,52.15,50.95,50.95,180,31230,0
BANKNIFTY29MAY2560100CE.NFO,2025-05-02,15:25:00,2025-05-29,50.95,51.1,50.9,50.9,90,31200,0
BANKNIFTY29MAY2560100CE.NFO,2025-05-02,15:26:00,2025-05-29,50.9,51.0,49.75,49.75,420,31200,0
BANKNIFTY29MAY2560100CE.NFO,2025-05-02,15:27:00,2025-05-29,49.75,50.7,49.75,50.7,60,31200,0
BANKNIFTY29MAY2560100CE.NFO,2025-05-02,15:28:00,2025-05-29,50.7,50.85,50.15,50.15,270,31620,0
BANKNIFTY29MAY2560100CE.NFO,2025-05-02,15:29:00,2025-05-29,50.15,51.2,48.85,51.2,810,31620,0
BANKNIFTY29MAY2560100CE.NFO,2025-05-02,15:30:00,2025-05-29,51.2,51.2,51.2,51.2,810,31620,1
BANKNIFTY29MAY2560100CE.NFO,2025-05-05,09:15:00,2025-05-29,53.75,55.45,49.4,53.5,4200,32640,0
BANKNIFTY29MAY2560100CE.NFO,2025-05-05,09:16:00,2025-05-29,53.5,55.85,51.6,54.35,2910,32640,0
BANKNIFTY29MAY2560100CE.NFO,2025-05-05,09:17:00,2025-05-29,54.35,56.85,49.75,49.75,1170,32640,0
BANKNIFTY29MAY2560100CE.NFO,2025-05-05,09:18:00,2025-05-29,49.75,50.85,46.5,50.85,840,33600,0
BANKNIFTY29MAY2560100CE.NFO,2025-05-05,09:19:00,2025-05-29,50.85,51.45,47.7,50.1,810,33600,0
BANKNIFTY29MAY2560100CE.NFO,2025-05-05,09:20:00,2025-05-29,50.1,50.65,48.25,49.85,750,33600,0
BANKNIFTY29MAY2560100CE.NFO,2025-05-05,09:21:00,2025-05-29,50.55,50.55,47.15,48.1,810,33360,0
BANKNIFTY29MAY2560100CE.NFO,2025-05-05,09:22:00,2025-05-29,48.1,49.1,46.9,48.0,1380,33360,0
BANKNIFTY29MAY2560100CE.NFO,2025-05-05,09:23:00,2025-05-29,48.0,48.1,46.6,46.6,1050,33360,0
BANKNIFTY29MAY2560100CE.NFO,2025-05-05,09:24:00,2025-05-29,46.6,47.15,45.75,46.05,390,33570,0
BANKNIFTY29MAY2560100CE.NFO,2025-05-05,09:25:00,2025-05-29,46.05,46.9,45.75,46.05,750,33570,0
BANKNIFTY29MAY2560100CE.NFO,2025-05-05,09:26:00,2025-05-29,46.05,46.75,45.1,45.9,1830,33570,0
BANKNIFTY29MAY2560100CE.NFO,2025-05-05,09:27:00,2025-05-29,45.9,47.75,45.9,47.75,2550,32100,0
BANKNIFTY29MAY2560100CE.NFO,2025-05-05,09:28:00,2025-05-29,48.65,48.65,45.15,45.85,1140,32100,0
BANKNIFTY29MAY2560100CE.NFO,2025-05-05,09:29:00,2025-05-29,45.25,46.0,44.8,44.8,1230,32100,0
BANKNIFTY29MAY2560100CE.NFO,2025-05-05,09:30:00,2025-05-29,44.8,45.0,43.2,44.1,1200,31410,0
BANKNIFTY29MAY2560100CE.NFO,2025-05-05,09:31:00,2025-05-29,44.1,44.1,43.6,43.8,150,31410,0
BANKNIFTY29MAY2560100CE.NFO,2025-05-05,09:32:00,2025-05-29,43.8,45.35,43.8,44.0,930,31410,0
BANKNIFTY29MAY2560100CE.NFO,2025-05-05,09:33:00,2025-05-29,44.0,44.3,43.85,44.3,630,31560,0
BANKNIFTY29MAY2560100CE.NFO,2025-05-05,09:34:00,2025-05-29,44.3,44.45,44.0,44.0,240,31560,0
BANKNIFTY29MAY2560100CE.NFO,2025-05-05,09:35:00,2025-05-29,44.0,45.45,43.5,45.45,240,31560,0
BANKNIFTY29MAY2560100CE.NFO,2025-05-05,09:36:00,2025-05-29,45.45,45.45,44.4,44.4,60,31500,0
BANKNIFTY29MAY2560100CE.NFO,2025-05-05,09:37:00,2025-05-29,44.4,45.35,43.85,44.45,120,31500,0
BANKNIFTY29MAY2560100CE.NFO,2025-05-05,09:38:00,2025-05-29,44.45,44.45,43.0,43.0,210,31500,0
BANKNIFTY29MAY2560100CE.NFO,2025-05-05,09:39:00,2025-05-29,43.0,43.1,43.0,43.1,180,31440,0
BANKNIFTY29MAY2560100CE.NFO,2025-05-05,09:40:00,2025-05-29,43.1,43.95,42.2,43.6,630,31440,0
BANKNIFTY29MAY2560100CE.NFO,2025-05-05,09:41:00,2025-05-29,43.6,43.85,43.0,43.0,180,31440,0
BANKNIFTY29MAY2560100CE.NFO,2025-05-05,09:42:00,2025-05-29,43.0,44.3,43.0,44.1,210,31380,0
BANKNIFTY29MAY2560100CE.NFO,2025-05-05,09:43:00,2025-05-29,44.1,44.1,44.1,44.1,0,31380,0
BANKNIFTY29MAY2560100CE.NFO,2025-05-05,09:44:00,2025-05-29,44.1,46.1,44.1,46.0,480,31380,0
BANKNIFTY29MAY2560100CE.NFO,2025-05-05,09:45:00,2025-05-29,46.0,46.1,46.0,46.1,30,31470,0
BANKNIFTY29MAY2560100CE.NFO,2025-05-05,09:46:00,2025-05-29,46.1,47.15,45.7,45.7,300,31470,0
BANKNIFTY29MAY2560100CE.NFO,2025-05-05,09:47:00,2025-05-29,45.7,45.75,45.05,45.35,540,31470,0
BANKNIFTY29MAY2560100CE.NFO,2025-05-05,09:48:00,2025-05-29,45.35,45.35,43.95,43.95,330,31140,0
BANKNIFTY29MAY2560100CE.NFO,2025-05-05,09:49:00,2025-05-29,43.95,43.95,43.95,43.95,0,31140,0
BANKNIFTY29MAY2560100CE.NFO,2025-05-05,09:50:00,2025-05-29,43.95,43.95,43.95,43.95,0,31140,0
BANKNIFTY29MAY2560100CE.NFO,2025-05-05,09:51:00,2025-05-29,43.95,45.0,43.95,45.0,180,31140,0
BANKNIFTY29MAY2560100CE.NFO,2025-05-05,09:52:00,2025-05-29,45.0,46.35,44.9,46.35,390,31260,0
BANKNIFTY29MAY2560100CE.NFO,2025-05-05,09:53:00,2025-05-29,46.35,46.35,44.55,44.55,180,31260,0
BANKNIFTY29MAY2560100CE.NFO,2025-05-05,09:54:00,2025-05-29,44.55,46.0,44.55,46.0,900,31260,0
BANKNIFTY29MAY2560100CE.NFO,2025-05-05,09:55:00,2025-05-29,46.0,46.0,46.0,46.0,0,31260,0
BANKNIFTY29MAY2560100CE.NFO,2025-05-05,09:56:00,2025-05-29,46.0,47.2,46.0,47.2,360,31320,0
BANKNIFTY29MAY2560100CE.NFO,2025-05-05,09:57:00,2025-05-29,47.2,47.2,46.05,46.8,150,31290,0
BANKNIFTY29MAY2560100CE.NFO,2025-05-05,09:58:00,2025-05-29,46.8,47.25,46.8,47.25,30,31290,0
BANKNIFTY29MAY2560100CE.NFO,2025-05-05,09:59:00,2025-05-29,47.25,48.65,47.25,48.6,240,31290,0
BANKNIFTY29MAY2560100CE.NFO,2025-05-05,10:00:00,2025-05-29,48.4,49.0,48.1,49.0,390,31290,0
BANKNIFTY29MAY2560100CE.NFO,2025-05-05,10:01:00,2025-05-29,49.0,49.1,47.85,48.3,210,31140,0
BANKNIFTY29MAY2560100CE.NFO,2025-05-05,10:02:00,2025-05-29,48.3,48.35,48.3,48.35,30,31140,0
BANKNIFTY29MAY2560100CE.NFO,2025-05-05,10:03:00,2025-05-29,48.35,48.35,48.35,48.35,30,31110,0
BANKNIFTY29MAY2560100CE.NFO,2025-05-05,10:04:00,2025-05-29,48.35,48.35,48.35,48.35,0,31110,0
BANKNIFTY29MAY2560100CE.NFO,2025-05-05,10:05:00,2025-05-29,48.35,48.35,46.2,46.2,330,31110,0
BANKNIFTY29MAY2560100CE.NFO,2025-05-05,10:06:00,2025-05-29,46.2,46.2,45.25,45.25,330,30810,0
BANKNIFTY29MAY2560100CE.NFO,2025-05-05,10:07:00,2025-05-29,45.25,45.95,45.25,45.95,120,30810,0
BANKNIFTY29MAY2560100CE.NFO,2025-05-05,10:08:00,2025-05-29,45.95,45.95,45.95,45.95,0,30810,0
BANKNIFTY29MAY2560100CE.NFO,2025-05-05,10:09:00,2025-05-29,45.95,47.2,45.95,47.2,30,30690,0
BANKNIFTY29MAY2560100CE.NFO,2025-05-05,10:10:00,2025-05-29,47.2,47.2,47.2,47.2,0,30690,0
BANKNIFTY29MAY2560100CE.NFO,2025-05-05,10:11:00,2025-05-29,47.2,47.2,46.2,46.2,30,30690,0
BANKNIFTY29MAY2560100CE.NFO,2025-05-05,10:12:00,2025-05-29,46.2,46.2,45.65,46.15,450,30690,0
BANKNIFTY29MAY2560100CE.NFO,2025-05-05,10:13:00,2025-05-29,46.15,46.2,45.9,46.2,450,30900,0
BANKNIFTY29MAY2560100CE.NFO,2025-05-05,10:14:00,2025-05-29,46.2,46.2,45.45,45.7,150,30900,0
BANKNIFTY29MAY2560100CE.NFO,2025-05-05,10:15:00,2025-05-29,45.7,46.15,44.95,44.95,240,30570,0
BANKNIFTY29MAY2560100CE.NFO,2025-05-05,10:16:00,2025-05-29,44.95,46.05,44.95,46.05,30,30570,0
BANKNIFTY29MAY2560100CE.NFO,2025-05-05,10:17:00,2025-05-29,46.05,46.05,46.0,46.0,30,30570,0
BANKNIFTY29MAY2560100CE.NFO,2025-05-05,10:18:00,2025-05-29,46.0,46.0,45.65,45.65,180,30540,0
BANKNIFTY29MAY2560100CE.NFO,2025-05-05,10:19:00,2025-05-29,45.65,45.65,45.65,45.65,0,30540,0
BANKNIFTY29MAY2560100CE.NFO,2025-05-05,10:20:00,2025-05-29,45.65,46.9,45.65,46.55,570,30540,0
BANKNIFTY29MAY2560100CE.NFO,2025-05-05,10:21:00,2025-05-29,46.55,46.55,45.9,45.9,60,30570,0
BANKNIFTY29MAY2560100CE.NFO,2025-05-05,10:22:00,2025-05-29,45.9,46.25,45.9,46.25,270,30570,0
BANKNIFTY29MAY2560100CE.NFO,2025-05-05,10:23:00,2025-05-29,46.25,46.25,45.85,45.95,120,30570,0
BANKNIFTY29MAY2560100CE.NFO,2025-05-05,10:24:00,2025-05-29,45.95,45.95,45.95,45.95,0,30570,0
BANKNIFTY29MAY2560100CE.NFO,2025-05-05,10:25:00,2025-05-29,45.95,46.1,45.75,45.75,150,30390,0
BANKNIFTY29MAY2560100CE.NFO,2025-05-05,10:26:00,2025-05-29,45.75,46.05,45.75,46.05,0,30390,0
BANKNIFTY29MAY2560100CE.NFO,2025-05-05,10:27:00,2025-05-29,46.05,46.05,46.05,46.05,30,30390,0
BANKNIFTY29MAY2560100CE.NFO,2025-05-05,10:28:00,2025-05-29,46.05,46.95,46.05,46.5,360,30270,0
BANKNIFTY29MAY2560100CE.NFO,2025-05-05,10:29:00,2025-05-29,46.5,46.95,46.1,46.1,60,30270,0
BANKNIFTY29MAY2560100CE.NFO,2025-05-05,10:30:00,2025-05-29,46.1,46.1,45.8,45.85,240,30270,0
BANKNIFTY29MAY2560100CE.NFO,2025-05-05,10:31:00,2025-05-29,45.85,45.85,45.75,45.75,30,30090,0
BANKNIFTY29MAY2560100CE.NFO,2025-05-05,10:32:00,2025-05-29,45.75,45.75,45.75,45.75,0,30090,0
BANKNIFTY29MAY2560100CE.NFO,2025-05-05,10:33:00,2025-05-29,45.75,46.9,45.75,46.9,390,29940,0
BANKNIFTY29MAY2560100CE.NFO,2025-05-05,10:34:00,2025-05-29,46.9,47.0,46.9,47.0,180,29940,0
BANKNIFTY29MAY2560100CE.NFO,2025-05-05,10:35:00,2025-05-29,47.0,47.65,47.0,47.05,90,29940,0
BANKNIFTY29MAY2560100CE.NFO,2025-05-05,10:36:00,2025-05-29,47.05,47.85,47.05,47.85,30,29700,0
BANKNIFTY29MAY2560100CE.NFO,2025-05-05,10:37:00,2025-05-29,47.85,48.25,47.85,48.25,150,29700,0
BANKNIFTY29MAY2560100CE.NFO,2025-05-05,10:38:00,2025-05-29,48.25,48.25,47.9,47.9,90,29700,0
BANKNIFTY29MAY2560100CE.NFO,2025-05-05,10:39:00,2025-05-29,47.9,48.4,47.9,48.4,30,29700,0
BANKNIFTY29MAY2560100CE.NFO,2025-05-05,10:40:00,2025-05-29,48.4,48.4,48.05,48.05,120,29790,0
BANKNIFTY29MAY2560100CE.NFO,2025-05-05,10:41:00,2025-05-29,48.05,48.55,47.45,48.55,510,29790,0
BANKNIFTY29MAY2560100CE.NFO,2025-05-05,10:42:00,2025-05-29,48.55,49.0,48.55,48.8,390,29970,0
BANKNIFTY29MAY2560100CE.NFO,2025-05-05,10:43:00,2025-05-29,48.8,48.8,48.3,48.55,60,29970,0
BANKNIFTY29MAY2560100CE.NFO,2025-05-05,10:44:00,2025-05-29,48.55,48.65,48.25,48.3,330,29970,0
BANKNIFTY29MAY2560100CE.NFO,2025-05-05,10:45:00,2025-05-29,48.3,48.45,46.75,46.75,930,29670,0
BANKNIFTY29MAY2560100CE.NFO,2025-05-05,10:46:00,2025-05-29,46.75,46.75,46.75,46.75,0,29670,0
BANKNIFTY29MAY2560100CE.NFO,2025-05-05,10:47:00,2025-05-29,46.75,46.75,46.75,46.75,0,29670,0
BANKNIFTY29MAY2560100CE.NFO,2025-05-05,10:48:00,2025-05-29,47.3,47.35,47.25,47.35,90,29670,0
BANKNIFTY29MAY2560100CE.NFO,2025-05-05,10:49:00,2025-05-29,47.35,47.95,47.1,47.95,960,29400,0
BANKNIFTY29MAY2560100CE.NFO,2025-05-05,10:50:00,2025-05-29,47.95,47.95,47.0,47.0,270,29400,0
BANKNIFTY29MAY2560100CE.NFO,2025-05-05,10:51:00,2025-05-29,47.0,47.0,46.75,46.75,60,28950,0
BANKNIFTY29MAY2560100CE.NFO,2025-05-05,10:52:00,2025-05-29,46.75,46.75,44.4,44.4,360,28950,0
BANKNIFTY29MAY2560100CE.NFO,2025-05-05,10:53:00,2025-05-29,44.4,45.25,44.4,44.9,390,28950,0
BANKNIFTY29MAY2560100CE.NFO,2025-05-05,10:54:00,2025-05-29,44.9,44.9,43.75,43.75,150,28590,0
BANKNIFTY29MAY2560100CE.NFO,2025-05-05,10:55:00,2025-05-29,43.75,44.2,43.0,43.0,510,28590,0
BANKNIFTY29MAY2560100CE.NFO,2025-05-05,10:56:00,2025-05-29,43.0,43.45,42.15,43.25,510,28590,0
BANKNIFTY29MAY2560100CE.NFO,2025-05-05,10:57:00,2025-05-29,43.25,43.25,42.45,42.45,30,28590,0
BANKNIFTY29MAY2560100CE.NFO,2025-05-05,10:58:00,2025-05-29,41.65,42.55,41.65,41.95,840,28050,0
BANKNIFTY29MAY2560100CE.NFO,2025-05-05,10:59:00,2025-05-29,41.95,42.2,41.95,42.2,30,28050,0
BANKNIFTY29MAY2560100CE.NFO,2025-05-05,11:00:00,2025-05-29,42.2,42.9,42.2,42.55,150,27930,0
BANKNIFTY29MAY2560100CE.NFO,2025-05-05,11:01:00,2025-05-29,42.55,42.55,42.15,42.15,270,27930,0
BANKNIFTY29MAY2560100CE.NFO,2025-05-05,11:02:00,2025-05-29,42.15,43.25,42.15,43.2,240,27930,0
BANKNIFTY29MAY2560100CE.NFO,2025-05-05,11:03:00,2025-05-29,43.2,43.2,42.55,42.55,120,27930,0
BANKNIFTY29MAY2560100CE.NFO,2025-05-05,11:04:00,2025-05-29,42.55,42.65,42.55,42.65,30,27750,0
BANKNIFTY29MAY2560100CE.NFO,2025-05-05,11:05:00,2025-05-29,42.65,42.75,42.65,42.75,180,27750,0
BANKNIFTY29MAY2560100CE.NFO,2025-05-05,11:06:00,2025-05-29,42.75,43.15,42.75,43.15,30,27750,0
BANKNIFTY29MAY2560100CE.NFO,2025-05-05,11:07:00,2025-05-29,43.15,43.15,43.15,43.15,0,27750,0
BANKNIFTY29MAY2560100CE.NFO,2025-05-05,11:08:00,2025-05-29,43.15,43.15,43.15,43.15,0,27750,0
BANKNIFTY29MAY2560100CE.NFO,2025-05-05,11:09:00,2025-05-29,43.15,43.15,41.1,42.35,270,27600,0
BANKNIFTY29MAY2560100CE.NFO,2025-05-05,11:10:00,2025-05-29,42.35,42.35,42.35,42.35,0,27600,0
BANKNIFTY29MAY2560100CE.NFO,2025-05-05,11:11:00,2025-05-29,42.35,43.1,42.35,43.1,60,27600,0
BANKNIFTY29MAY2560100CE.NFO,2025-05-05,11:12:00,2025-05-29,43.1,43.1,42.25,42.55,150,27390,0
BANKNIFTY29MAY2560100CE.NFO,2025-05-05,11:13:00,2025-05-29,42.55,42.55,42.3,42.55,60,27390,0
BANKNIFTY29MAY2560100CE.NFO,2025-05-05,11:14:00,2025-05-29,42.55,42.55,42.55,42.55,0,27390,0
BANKNIFTY29MAY2560100CE.NFO,2025-05-05,11:15:00,2025-05-29,42.55,42.55,42.55,42.55,0,27390,0
BANKNIFTY29MAY2560100CE.NFO,2025-05-05,11:16:00,2025-05-29,42.55,42.55,42.05,42.05,30,27330,0
BANKNIFTY29MAY2560100CE.NFO,2025-05-05,11:17:00,2025-05-29,42.05,42.05,42.05,42.05,0,27330,0
BANKNIFTY29MAY2560100CE.NFO,2025-05-05,11:18:00,2025-05-29,42.05,42.05,40.55,40.6,300,27330,0
BANKNIFTY29MAY2560100CE.NFO,2025-05-05,11:19:00,2025-05-29,40.6,40.6,40.3,40.3,300,27240,0
BANKNIFTY29MAY2560100CE.NFO,2025-05-05,11:20:00,2025-05-29,40.3,40.3,40.3,40.3,0,27240,0
BANKNIFTY29MAY2560100CE.NFO,2025-05-05,11:21:00,2025-05-29,40.3,41.35,40.3,41.35,210,27240,0
BANKNIFTY29MAY2560100CE.NFO,2025-05-05,11:22:00,2025-05-29,41.35,41.35,40.9,40.9,90,27060,0
BANKNIFTY29MAY2560100CE.NFO,2025-05-05,11:23:00,2025-05-29,40.9,41.2,40.9,41.2,30,27060,0
BANKNIFTY29MAY2560100CE.NFO,2025-05-05,11:24:00,2025-05-29,41.2,41.2,40.95,40.95,60,27060,0
BANKNIFTY29MAY2560100CE.NFO,2025-05-05,11:25:00,2025-05-29,40.95,40.95,40.75,40.75,60,26970,0
BANKNIFTY29MAY2560100CE.NFO,2025-05-05,11:26:00,2025-05-29,40.75,40.75,39.55,39.55,180,26970,0
BANKNIFTY29MAY2560100CE.NFO,2025-05-05,11:27:00,2025-05-29,39.55,39.55,39.55,39.55,0,26970,0
BANKNIFTY29MAY2560100CE.NFO,2025-05-05,11:28:00,2025-05-29,39.55,39.55,39.55,39.55,0,26970,0
BANKNIFTY29MAY2560100CE.NFO,2025-05-05,11:29:00,2025-05-29,39.55,39.6,39.55,39.6,30,26970,0
BANKNIFTY29MAY2560100CE.NFO,2025-05-05,11:30:00,2025-05-29,39.6,39.6,39.6,39.6,0,26970,0
BANKNIFTY29MAY2560100CE.NFO,2025-05-05,11:31:00,2025-05-29,39.6,39.75,39.6,39.75,30,26970,0
BANKNIFTY29MAY2560100CE.NFO,2025-05-05,11:32:00,2025-05-29,39.75,39.75,39.75,39.75,0,26970,0
BANKNIFTY29MAY2560100CE.NFO,2025-05-05,11:33:00,2025-05-29,39.75,39.75,39.75,39.75,0,26970,0
BANKNIFTY29MAY2560100CE.NFO,2025-05-05,11:34:00,2025-05-29,39.75,40.55,39.75,40.55,60,26970,0
BANKNIFTY29MAY2560100CE.NFO,2025-05-05,11:35:00,2025-05-29,40.55,40.55,39.8,39.8,60,26970,0
BANKNIFTY29MAY2560100CE.NFO,2025-05-05,11:36:00,2025-05-29,39.8,39.85,39.8,39.85,30,26970,0
BANKNIFTY29MAY2560100CE.NFO,2025-05-05,11:37:00,2025-05-29,39.85,39.85,38.75,38.75,330,26880,0
BANKNIFTY29MAY2560100CE.NFO,2025-05-05,11:38:00,2025-05-29,38.75,39.7,38.75,39.7,60,26880,0
BANKNIFTY29MAY2560100CE.NFO,2025-05-05,11:39:00,2025-05-29,39.7,39.7,39.0,39.0,120,26880,0
BANKNIFTY29MAY2560100CE.NFO,2025-05-05,11:40:00,2025-05-29,39.3,39.3,38.35,38.35,180,26730,0
BANKNIFTY29MAY2560100CE.NFO,2025-05-05,11:41:00,2025-05-29,38.35,38.5,38.0,38.15,810,26730,0
BANKNIFTY29MAY2560100CE.NFO,2025-05-05,11:42:00,2025-05-29,38.15,38.7,38.15,38.7,0,26730,0
BANKNIFTY29MAY2560100CE.NFO,2025-05-05,11:43:00,2025-05-29,38.7,38.7,38.0,38.0,420,26070,0
BANKNIFTY29MAY2560100CE.NFO,2025-05-05,11:44:00,2025-05-29,38.0,38.65,38.0,38.65,270,26070,0
BANKNIFTY29MAY2560100CE.NFO,2025-05-05,11:45:00,2025-05-29,38.65,38.65,38.55,38.55,210,26070,0
BANKNIFTY29MAY2560100CE.NFO,2025-05-05,11:46:00,2025-05-29,38.55,38.55,38.25,38.35,60,25830,0
BANKNIFTY29MAY2560100CE.NFO,2025-05-05,11:47:00,2025-05-29,38.35,38.35,38.35,38.35,0,25830,0
BANKNIFTY29MAY2560100CE.NFO,2025-05-05,11:48:00,2025-05-29,38.35,38.35,37.8,37.8,120,25800,0
BANKNIFTY29MAY2560100CE.NFO,2025-05-05,11:49:00,2025-05-29,37.8,38.15,37.55,38.15,450,25800,0
BANKNIFTY29MAY2560100CE.NFO,2025-05-05,11:50:00,2025-05-29,38.15,38.15,37.8,37.8,30,25800,0
BANKNIFTY29MAY2560100CE.NFO,2025-05-05,11:51:00,2025-05-29,37.8,37.8,37.8,37.8,0,25800,0
BANKNIFTY29MAY2560100CE.NFO,2025-05-05,11:52:00,2025-05-29,37.8,37.8,36.85,37.1,570,25560,0
BANKNIFTY29MAY2560100CE.NFO,2025-05-05,11:53:00,2025-05-29,37.1,37.75,37.1,37.75,360,25560,0
BANKNIFTY29MAY2560100CE.NFO,2025-05-05,11:54:00,2025-05-29,37.75,37.75,37.75,37.75,0,25560,0
BANKNIFTY29MAY2560100CE.NFO,2025-05-05,11:55:00,2025-05-29,37.75,37.75,37.45,37.7,360,25350,0
BANKNIFTY29MAY2560100CE.NFO,2025-05-05,11:56:00,2025-05-29,37.7,38.0,37.7,38.0,300,25350,0
BANKNIFTY29MAY2560100CE.NFO,2025-05-05,11:57:00,2025-05-29,38.0,38.0,38.0,38.0,0,25350,0
BANKNIFTY29MAY2560100CE.NFO,2025-05-05,11:58:00,2025-05-29,38.0,38.45,38.0,38.45,60,25350,0
BANKNIFTY29MAY2560100CE.NFO,2025-05-05,11:59:00,2025-05-29,38.45,38.7,38.45,38.7,60,25350,0
BANKNIFTY29MAY2560100CE.NFO,2025-05-05,12:00:00,2025-05-29,38.7,38.7,38.5,38.5,60,25350,0
BANKNIFTY29MAY2560100CE.NFO,2025-05-05,12:01:00,2025-05-29,38.5,38.5,38.5,38.5,0,25350,0
BANKNIFTY29MAY2560100CE.NFO,2025-05-05,12:02:00,2025-05-29,38.5,38.5,38.5,38.5,0,25350,0
BANKNIFTY29MAY2560100CE.NFO,2025-05-05,12:03:00,2025-05-29,38.5,38.5,37.55,37.55,510,25410,0
BANKNIFTY29MAY2560100CE.NFO,2025-05-05,12:04:00,2025-05-29,37.55,37.55,37.55,37.55,0,25410,0
BANKNIFTY29MAY2560100CE.NFO,2025-05-05,12:05:00,2025-05-29,37.55,37.7,37.1,37.4,180,25410,0
BANKNIFTY29MAY2560100CE.NFO,2025-05-05,12:06:00,2025-05-29,37.4,37.4,37.4,37.4,240,25410,0
BANKNIFTY29MAY2560100CE.NFO,2025-05-05,12:07:00,2025-05-29,37.4,37.4,37.4,37.4,0,25410,0
BANKNIFTY29MAY2560100CE.NFO,2025-05-05,12:08:00,2025-05-29,37.4,37.4,37.4,37.4,0,25410,0
BANKNIFTY29MAY2560100CE.NFO,2025-05-05,12:09:00,2025-05-29,37.4,38.05,37.4,38.05,300,25260,0
BANKNIFTY29MAY2560100CE.NFO,2025-05-05,12:10:00,2025-05-29,38.05,38.1,38.05,38.1,90,25260,0
BANKNIFTY29MAY2560100CE.NFO,2025-05-05,12:11:00,2025-05-29,38.1,38.15,38.1,38.15,180,25260,0
BANKNIFTY29MAY2560100CE.NFO,2025-05-05,12:12:00,2025-05-29,38.15,38.15,37.65,37.7,150,25260,0
BANKNIFTY29MAY2560100CE.NFO,2025-05-05,12:13:00,2025-05-29,37.7,37.7,37.45,37.45,180,24930,0
BANKNIFTY29MAY2560100CE.NFO,2025-05-05,12:14:00,2025-05-29,37.45,37.45,37.45,37.45,0,24930,0
BANKNIFTY29MAY2560100CE.NFO,2025-05-05,12:15:00,2025-05-29,37.45,37.45,37.45,37.45,0,24930,0
BANKNIFTY29MAY2560100CE.NFO,2025-05-05,12:16:00,2025-05-29,37.45,37.45,37.45,37.45,0,24930,0
BANKNIFTY29MAY2560100CE.NFO,2025-05-05,12:17:00,2025-05-29,37.45,37.45,37.45,37.45,0,24930,0
BANKNIFTY29MAY2560100CE.NFO,2025-05-05,12:18:00,2025-05-29,37.45,37.45,37.45,37.45,0,24930,0
BANKNIFTY29MAY2560100CE.NFO,2025-05-05,12:19:00,2025-05-29,37.45,37.45,37.45,37.45,0,24930,0
BANKNIFTY29MAY2560100CE.NFO,2025-05-05,12:20:00,2025-05-29,37.45,37.45,37.45,37.45,0,24930,0
BANKNIFTY29MAY2560100CE.NFO,2025-05-05,12:21:00,2025-05-29,36.1,36.85,36.1,36.45,330,24840,0
BANKNIFTY29MAY2560100CE.NFO,2025-05-05,12:22:00,2025-05-29,36.45,36.45,36.15,36.15,30,24840,0
BANKNIFTY29MAY2560100CE.NFO,2025-05-05,12:23:00,2025-05-29,36.15,36.7,36.15,36.7,30,24840,0
BANKNIFTY29MAY2560100CE.NFO,2025-05-05,12:24:00,2025-05-29,36.7,36.7,36.7,36.7,0,24840,0
BANKNIFTY29MAY2560100CE.NFO,2025-05-05,12:25:00,2025-05-29,36.7,36.7,36.7,36.7,0,24840,0
BANKNIFTY29MAY2560100CE.NFO,2025-05-05,12:26:00,2025-05-29,36.7,36.7,36.7,36.7,0,24840,0
BANKNIFTY29MAY2560100CE.NFO,2025-05-05,12:27:00,2025-05-29,36.7,36.7,36.25,36.25,180,24600,0
BANKNIFTY29MAY2560100CE.NFO,2025-05-05,12:28:00,2025-05-29,36.25,36.9,36.25,36.9,30,24600,0
BANKNIFTY29MAY2560100CE.NFO,2025-05-05,12:29:00,2025-05-29,36.9,36.9,36.9,36.9,0,24600,0
BANKNIFTY29MAY2560100CE.NFO,2025-05-05,12:30:00,2025-05-29,36.9,37.2,36.65,36.65,180,24600,0
BANKNIFTY29MAY2560100CE.NFO,2025-05-05,12:31:00,2025-05-29,36.65,37.0,36.65,37.0,120,24600,0
BANKNIFTY29MAY2560100CE.NFO,2025-05-05,12:32:00,2025-05-29,37.0,37.0,37.0,37.0,0,24600,0
BANKNIFTY29MAY2560100CE.NFO,2025-05-05,12:33:00,2025-05-29,37.0,37.0,37.0,37.0,0,24600,0
BANKNIFTY29MAY2560100CE.NFO,2025-05-05,12:34:00,2025-05-29,37.0,37.0,37.0,37.0,0,24600,0
BANKNIFTY29MAY2560100CE.NFO,2025-05-05,12:35:00,2025-05-29,37.0,37.0,37.0,37.0,0,24600,0
BANKNIFTY29MAY2560100CE.NFO,2025-05-05,12:36:00,2025-05-29,37.0,37.0,36.75,36.75,30,24420,0
BANKNIFTY29MAY2560100CE.NFO,2025-05-05,12:37:00,2025-05-29,36.75,36.75,36.75,36.75,0,24420,0
BANKNIFTY29MAY2560100CE.NFO,2025-05-05,12:38:00,2025-05-29,36.75,36.75,35.0,35.25,510,24450,0
BANKNIFTY29MAY2560100CE.NFO,2025-05-05,12:39:00,2025-05-29,35.25,35.8,35.25,35.8,30,24450,0
BANKNIFTY29MAY2560100CE.NFO,2025-05-05,12:40:00,2025-05-29,35.8,35.8,35.8,35.8,0,24450,0
BANKNIFTY29MAY2560100CE.NFO,2025-05-05,12:41:00,2025-05-29,35.8,35.8,35.8,35.8,30,24360,0
BANKNIFTY29MAY2560100CE.NFO,2025-05-05,12:42:00,2025-05-29,35.8,35.8,35.05,35.55,360,24360,0
BANKNIFTY29MAY2560100CE.NFO,2025-05-05,12:43:00,2025-05-29,35.55,35.55,35.2,35.2,60,24060,0
BANKNIFTY29MAY2560100CE.NFO,2025-05-05,12:44:00,2025-05-29,35.2,35.4,35.2,35.4,120,24060,0
BANKNIFTY29MAY2560100CE.NFO,2025-05-05,12:45:00,2025-05-29,35.4,35.4,35.0,35.0,240,24060,0
BANKNIFTY29MAY2560100CE.NFO,2025-05-05,12:46:00,2025-05-29,35.0,35.05,34.75,35.05,60,23970,0
BANKNIFTY29MAY2560100CE.NFO,2025-05-05,12:47:00,2025-05-29,35.05,35.05,35.05,35.05,0,23970,0
BANKNIFTY29MAY2560100CE.NFO,2025-05-05,12:48:00,2025-05-29,35.05,35.6,35.05,35.6,60,23970,0
BANKNIFTY29MAY2560100CE.NFO,2025-05-05,12:49:00,2025-05-29,35.5,35.75,35.45,35.45,120,23850,0
BANKNIFTY29MAY2560100CE.NFO,2025-05-05,12:50:00,2025-05-29,35.45,35.45,35.45,35.45,0,23850,0
BANKNIFTY29MAY2560100CE.NFO,2025-05-05,12:51:00,2025-05-29,35.45,35.45,35.2,35.2,0,23850,0
BANKNIFTY29MAY2560100CE.NFO,2025-05-05,12:52:00,2025-05-29,35.4,35.4,35.4,35.4,60,23850,0
BANKNIFTY29MAY2560100CE.NFO,2025-05-05,12:53:00,2025-05-29,35.4,35.4,35.4,35.4,0,23850,0
BANKNIFTY29MAY2560100CE.NFO,2025-05-05,12:54:00,2025-05-29,35.4,36.2,35.4,36.2,90,23850,0
BANKNIFTY29MAY2560100CE.NFO,2025-05-05,12:55:00,2025-05-29,36.2,36.2,36.2,36.2,0,23850,0
BANKNIFTY29MAY2560100CE.NFO,2025-05-05,12:56:00,2025-05-29,36.2,36.7,36.2,36.7,90,23850,0
BANKNIFTY29MAY2560100CE.NFO,2025-05-05,12:57:00,2025-05-29,36.7,36.7,36.35,36.65,90,23850,0
BANKNIFTY29MAY2560100CE.NFO,2025-05-05,12:58:00,2025-05-29,36.65,36.65,36.65,36.65,0,23850,0
BANKNIFTY29MAY2560100CE.NFO,2025-05-05,12:59:00,2025-05-29,36.65,36.65,36.65,36.65,0,23850,0
BANKNIFTY29MAY2560100CE.NFO,2025-05-05,13:00:00,2025-05-29,36.65,36.65,36.65,36.65,0,23850,0
BANKNIFTY29MAY2560100CE.NFO,2025-05-05,13:01:00,2025-05-29,36.65,37.75,36.65,37.75,270,23940,0
BANKNIFTY29MAY2560100CE.NFO,2025-05-05,13:02:00,2025-05-29,37.75,37.75,37.75,37.75,0,23940,0
BANKNIFTY29MAY2560100CE.NFO,2025-05-05,13:03:00,2025-05-29,37.75,37.75,37.75,37.75,0,23940,0
BANKNIFTY29MAY2560100CE.NFO,2025-05-05,13:04:00,2025-05-29,37.75,37.75,37.75,37.75,0,23940,0
BANKNIFTY29MAY2560100CE.NFO,2025-05-05,13:05:00,2025-05-29,37.75,37.75,37.75,37.75,0,23940,0
BANKNIFTY29MAY2560100CE.NFO,2025-05-05,13:06:00,2025-05-29,37.75,38.0,37.5,38.0,180,23910,0
BANKNIFTY29MAY2560100CE.NFO,2025-05-05,13:07:00,2025-05-29,38.0,38.15,38.0,38.15,120,23760,0
BANKNIFTY29MAY2560100CE.NFO,2025-05-05,13:08:00,2025-05-29,38.15,38.25,38.15,38.25,60,23760,0
BANKNIFTY29MAY2560100CE.NFO,2025-05-05,13:09:00,2025-05-29,38.25,38.25,38.25,38.25,0,23760,0
BANKNIFTY29MAY2560100CE.NFO,2025-05-05,13:10:00,2025-05-29,38.25,38.25,38.25,38.25,0,23760,0
BANKNIFTY29MAY2560100CE.NFO,2025-05-05,13:11:00,2025-05-29,38.25,38.25,38.25,38.25,0,23760,0
BANKNIFTY29MAY2560100CE.NFO,2025-05-05,13:12:00,2025-05-29,38.25,38.25,38.25,38.25,0,23760,0
BANKNIFTY29MAY2560100CE.NFO,2025-05-05,13:13:00,2025-05-29,38.25,38.5,38.25,38.5,0,23760,0
BANKNIFTY29MAY2560100CE.NFO,2025-05-05,13:14:00,2025-05-29,38.5,38.5,38.5,38.5,30,23760,0
BANKNIFTY29MAY2560100CE.NFO,2025-05-05,13:15:00,2025-05-29,38.5,38.5,38.5,38.5,0,23760,0
BANKNIFTY29MAY2560100CE.NFO,2025-05-05,13:16:00,2025-05-29,38.5,38.5,38.4,38.4,30,23760,0
BANKNIFTY29MAY2560100CE.NFO,2025-05-05,13:17:00,2025-05-29,38.4,38.4,37.7,37.7,90,23760,0
BANKNIFTY29MAY2560100CE.NFO,2025-05-05,13:18:00,2025-05-29,37.7,37.75,37.7,37.75,60,23760,0
BANKNIFTY29MAY2560100CE.NFO,2025-05-05,13:19:00,2025-05-29,37.75,37.75,37.75,37.75,0,23760,0
BANKNIFTY29MAY2560100CE.NFO,2025-05-05,13:20:00,2025-05-29,37.75,37.75,37.75,37.75,0,23760,0
BANKNIFTY29MAY2560100CE.NFO,2025-05-05,13:21:00,2025-05-29,37.75,37.75,36.65,37.35,180,23910,0
BANKNIFTY29MAY2560100CE.NFO,2025-05-05,13:22:00,2025-05-29,37.35,37.35,37.35,37.35,0,23910,0
BANKNIFTY29MAY2560100CE.NFO,2025-05-05,13:23:00,2025-05-29,37.35,39.2,37.35,39.2,240,23910,0
BANKNIFTY29MAY2560100CE.NFO,2025-05-05,13:24:00,2025-05-29,39.2,39.6,39.2,39.6,30,23910,0
BANKNIFTY29MAY2560100CE.NFO,2025-05-05,13:25:00,2025-05-29,39.6,39.6,39.6,39.6,0,23910,0
BANKNIFTY29MAY2560100CE.NFO,2025-05-05,13:26:00,2025-05-29,39.6,39.75,38.55,39.75,150,23850,0
BANKNIFTY29MAY2560100CE.NFO,2025-05-05,13:27:00,2025-05-29,39.75,39.75,39.75,39.75,30,23850,0
BANKNIFTY29MAY2560100CE.NFO,2025-05-05,13:28:00,2025-05-29,39.75,40.2,39.75,40.2,150,23790,0
BANKNIFTY29MAY2560100CE.NFO,2025-05-05,13:29:00,2025-05-29,40.2,40.5,39.8,40.5,60,23790,0
BANKNIFTY29MAY2560100CE.NFO,2025-05-05,13:30:00,2025-05-29,40.5,40.5,39.25,39.25,120,23790,0
BANKNIFTY29MAY2560100CE.NFO,2025-05-05,13:31:00,2025-05-29,39.25,39.6,39.25,39.6,780,23850,0
BANKNIFTY29MAY2560100CE.NFO,2025-05-05,13:32:00,2025-05-29,39.6,40.05,39.6,40.05,30,23850,0
BANKNIFTY29MAY2560100CE.NFO,2025-05-05,13:33:00,2025-05-29,40.05,40.05,40.05,40.05,0,23850,0
BANKNIFTY29MAY2560100CE.NFO,2025-05-05,13:34:00,2025-05-29,40.05,40.05,40.05,40.05,0,23850,0
BANKNIFTY29MAY2560100CE.NFO,2025-05-05,13:35:00,2025-05-29,40.05,40.05,38.0,38.05,480,24180,0
BANKNIFTY29MAY2560100CE.NFO,2025-05-05,13:36:00,2025-05-29,38.05,38.95,38.05,38.55,60,24180,0
BANKNIFTY29MAY2560100CE.NFO,2025-05-05,13:37:00,2025-05-29,38.55,38.55,38.55,38.55,0,24180,0
BANKNIFTY29MAY2560100CE.NFO,2025-05-05,13:38:00,2025-05-29,38.55,38.8,38.55,38.8,120,24120,0
BANKNIFTY29MAY2560100CE.NFO,2025-05-05,13:39:00,2025-05-29,38.8,38.8,38.8,38.8,0,24120,0
BANKNIFTY29MAY2560100CE.NFO,2025-05-05,13:40:00,2025-05-29,38.8,38.8,38.8,38.8,0,24120,0
BANKNIFTY29MAY2560100CE.NFO,2025-05-05,13:41:00,2025-05-29,38.8,38.8,38.8,38.8,0,24120,0
BANKNIFTY29MAY2560100CE.NFO,2025-05-05,13:42:00,2025-05-29,38.8,38.8,38.8,38.8,0,24120,0
BANKNIFTY29MAY2560100CE.NFO,2025-05-05,13:43:00,2025-05-29,38.8,40.8,38.8,39.5,30,24060,0
BANKNIFTY29MAY2560100CE.NFO,2025-05-05,13:44:00,2025-05-29,39.5,39.5,39.5,39.5,150,24060,0
BANKNIFTY29MAY2560100CE.NFO,2025-05-05,13:45:00,2025-05-29,39.5,39.5,39.5,39.5,1050,24060,0
BANKNIFTY29MAY2560100CE.NFO,2025-05-05,13:46:00,2025-05-29,39.5,39.5,39.5,39.5,150,24060,0
BANKNIFTY29MAY2560100CE.NFO,2025-05-05,13:47:00,2025-05-29,39.5,39.5,39.5,39.5,0,24060,0
BANKNIFTY29MAY2560100CE.NFO,2025-05-05,13:48:00,2025-05-29,39.5,39.5,39.5,39.5,0,24060,0
BANKNIFTY29MAY2560100CE.NFO,2025-05-05,13:49:00,2025-05-29,39.5,39.5,39.5,39.5,0,24060,0
BANKNIFTY29MAY2560100CE.NFO,2025-05-05,13:50:00,2025-05-29,39.5,39.8,38.95,39.45,0,24060,0
BANKNIFTY29MAY2560100CE.NFO,2025-05-05,13:51:00,2025-05-29,39.45,39.45,39.45,39.45,150,24060,0
BANKNIFTY29MAY2560100CE.NFO,2025-05-05,13:52:00,2025-05-29,39.45,39.45,39.45,39.45,0,24060,0
BANKNIFTY29MAY2560100CE.NFO,2025-05-05,13:53:00,2025-05-29,39.45,39.45,39.45,39.45,0,24060,0
BANKNIFTY29MAY2560100CE.NFO,2025-05-05,13:54:00,2025-05-29,39.45,39.45,39.45,39.45,0,24060,0
BANKNIFTY29MAY2560100CE.NFO,2025-05-05,13:55:00,2025-05-29,39.45,39.45,39.45,39.45,0,24060,0
BANKNIFTY29MAY2560100CE.NFO,2025-05-05,13:56:00,2025-05-29,39.45,39.45,39.45,39.45,0,24060,0
BANKNIFTY29MAY2560100CE.NFO,2025-05-05,13:57:00,2025-05-29,39.45,39.45,39.45,39.45,0,24060,0
BANKNIFTY29MAY2560100CE.NFO,2025-05-05,13:58:00,2025-05-29,39.45,39.45,39.45,39.45,0,24060,0
BANKNIFTY29MAY2560100CE.NFO,2025-05-05,13:59:00,2025-05-29,39.45,39.45,39.45,39.45,0,24060,0
BANKNIFTY29MAY2560100CE.NFO,2025-05-05,14:00:00,2025-05-29,39.45,39.45,39.45,39.45,0,24060,0
BANKNIFTY29MAY2560100CE.NFO,2025-05-05,14:01:00,2025-05-29,39.45,39.45,39.45,39.45,0,24060,0
BANKNIFTY29MAY2560100CE.NFO,2025-05-05,14:02:00,2025-05-29,39.45,39.45,37.55,37.55,30,24120,0
BANKNIFTY29MAY2560100CE.NFO,2025-05-05,14:03:00,2025-05-29,37.55,37.55,37.55,37.55,0,24120,0
BANKNIFTY29MAY2560100CE.NFO,2025-05-05,14:04:00,2025-05-29,37.55,37.55,37.55,37.55,0,24120,0
BANKNIFTY29MAY2560100CE.NFO,2025-05-05,14:05:00,2025-05-29,37.55,39.0,37.55,39.0,30,24090,0
BANKNIFTY29MAY2560100CE.NFO,2025-05-05,14:06:00,2025-05-29,39.0,39.0,37.6,37.7,120,24090,0
BANKNIFTY29MAY2560100CE.NFO,2025-05-05,14:07:00,2025-05-29,37.7,37.7,37.7,37.7,0,24090,0
BANKNIFTY29MAY2560100CE.NFO,2025-05-05,14:08:00,2025-05-29,37.7,39.2,37.7,39.2,30,24090,0
BANKNIFTY29MAY2560100CE.NFO,2025-05-05,14:09:00,2025-05-29,39.2,39.2,39.2,39.2,0,24090,0
BANKNIFTY29MAY2560100CE.NFO,2025-05-05,14:10:00,2025-05-29,39.2,39.2,39.2,39.2,0,24090,0
BANKNIFTY29MAY2560100CE.NFO,2025-05-05,14:11:00,2025-05-29,39.2,39.2,39.2,39.2,30,24120,0
BANKNIFTY29MAY2560100CE.NFO,2025-05-05,14:12:00,2025-05-29,39.2,39.2,39.2,39.2,0,24120,0
BANKNIFTY29MAY2560100CE.NFO,2025-05-05,14:13:00,2025-05-29,39.2,39.55,38.85,38.85,240,24150,0
BANKNIFTY29MAY2560100CE.NFO,2025-05-05,14:14:00,2025-05-29,38.85,38.85,37.7,37.7,30,24150,0
BANKNIFTY29MAY2560100CE.NFO,2025-05-05,14:15:00,2025-05-29,37.7,37.75,37.55,37.55,90,24150,0
BANKNIFTY29MAY2560100CE.NFO,2025-05-05,14:16:00,2025-05-29,37.55,37.55,37.55,37.55,0,24150,0
BANKNIFTY29MAY2560100CE.NFO,2025-05-05,14:17:00,2025-05-29,37.55,37.55,37.55,37.55,0,24150,0
BANKNIFTY29MAY2560100CE.NFO,2025-05-05,14:18:00,2025-05-29,37.55,37.55,36.35,36.35,300,24240,0
BANKNIFTY29MAY2560100CE.NFO,2025-05-05,14:19:00,2025-05-29,36.35,36.35,36.35,36.35,0,24240,0
BANKNIFTY29MAY2560100CE.NFO,2025-05-05,14:20:00,2025-05-29,36.35,36.35,36.35,36.35,0,24240,0
BANKNIFTY29MAY2560100CE.NFO,2025-05-05,14:21:00,2025-05-29,36.35,36.35,35.75,35.75,30,24210,0
BANKNIFTY29MAY2560100CE.NFO,2025-05-05,14:22:00,2025-05-29,35.75,35.75,35.75,35.75,60,24210,0
BANKNIFTY29MAY2560100CE.NFO,2025-05-05,14:23:00,2025-05-29,35.75,35.75,35.45,35.5,90,24210,0
BANKNIFTY29MAY2560100CE.NFO,2025-05-05,14:24:00,2025-05-29,35.5,35.5,35.5,35.5,0,24210,0
BANKNIFTY29MAY2560100CE.NFO,2025-05-05,14:25:00,2025-05-29,35.5,35.5,35.5,35.5,0,24210,0
BANKNIFTY29MAY2560100CE.NFO,2025-05-05,14:26:00,2025-05-29,35.5,35.5,35.5,35.5,0,24210,0
BANKNIFTY29MAY2560100CE.NFO,2025-05-05,14:27:00,2025-05-29,35.5,35.5,35.5,35.5,0,24210,0
BANKNIFTY29MAY2560100CE.NFO,2025-05-05,14:28:00,2025-05-29,35.5,35.5,35.5,35.5,0,24210,0
BANKNIFTY29MAY2560100CE.NFO,2025-05-05,14:29:00,2025-05-29,35.5,35.5,35.5,35.5,0,24210,0
BANKNIFTY29MAY2560100CE.NFO,2025-05-05,14:30:00,2025-05-29,36.8,36.8,36.8,36.8,30,24120,0
BANKNIFTY29MAY2560100CE.NFO,2025-05-05,14:31:00,2025-05-29,37.5,37.5,37.5,37.5,30,24120,0
BANKNIFTY29MAY2560100CE.NFO,2025-05-05,14:32:00,2025-05-29,37.5,37.5,37.5,37.5,0,24120,0
BANKNIFTY29MAY2560100CE.NFO,2025-05-05,14:33:00,2025-05-29,37.5,37.5,36.15,36.15,30,24180,0
BANKNIFTY29MAY2560100CE.NFO,2025-05-05,14:34:00,2025-05-29,36.15,40.0,36.15,39.55,780,24150,0
BANKNIFTY29MAY2560100CE.NFO,2025-05-05,14:35:00,2025-05-29,39.55,39.85,39.35,39.65,960,24150,0
BANKNIFTY29MAY2560100CE.NFO,2025-05-05,14:36:00,2025-05-29,39.65,39.65,37.6,38.95,1020,24150,0
BANKNIFTY29MAY2560100CE.NFO,2025-05-05,14:37:00,2025-05-29,38.95,38.95,38.95,38.95,0,24150,0
BANKNIFTY29MAY2560100CE.NFO,2025-05-05,14:38:00,2025-05-29,38.95,39.8,38.8,39.1,390,24210,0
BANKNIFTY29MAY2560100CE.NFO,2025-05-05,14:39:00,2025-05-29,39.1,39.1,37.9,37.9,330,24210,0
BANKNIFTY29MAY2560100CE.NFO,2025-05-05,14:40:00,2025-05-29,37.9,37.9,37.9,37.9,0,24210,0
BANKNIFTY29MAY2560100CE.NFO,2025-05-05,14:41:00,2025-05-29,37.9,37.9,37.9,37.9,0,24210,0
BANKNIFTY29MAY2560100CE.NFO,2025-05-05,14:42:00,2025-05-29,37.9,38.9,37.9,38.65,180,24210,0
BANKNIFTY29MAY2560100CE.NFO,2025-05-05,14:43:00,2025-05-29,38.65,38.65,38.3,38.3,180,24210,0
BANKNIFTY29MAY2560100CE.NFO,2025-05-05,14:44:00,2025-05-29,38.3,38.5,38.3,38.5,30,24180,0
BANKNIFTY29MAY2560100CE.NFO,2025-05-05,14:45:00,2025-05-29,38.5,38.5,38.5,38.5,0,24180,0
BANKNIFTY29MAY2560100CE.NFO,2025-05-05,14:46:00,2025-05-29,38.5,39.5,38.5,39.5,60,24150,0
BANKNIFTY29MAY2560100CE.NFO,2025-05-05,14:47:00,2025-05-29,39.5,39.5,38.85,38.9,120,24150,0
BANKNIFTY29MAY2560100CE.NFO,2025-05-05,14:48:00,2025-05-29,38.9,38.9,38.9,38.9,300,24150,0
BANKNIFTY29MAY2560100CE.NFO,2025-05-05,14:49:00,2025-05-29,38.9,39.1,38.9,39.1,30,24450,0
BANKNIFTY29MAY2560100CE.NFO,2025-05-05,14:50:00,2025-05-29,39.1,39.1,39.0,39.0,150,24450,0
BANKNIFTY29MAY2560100CE.NFO,2025-05-05,14:51:00,2025-05-29,39.0,39.0,38.4,38.4,60,24450,0
BANKNIFTY29MAY2560100CE.NFO,2025-05-05,14:52:00,2025-05-29,38.4,38.4,38.4,38.4,0,24450,0
BANKNIFTY29MAY2560100CE.NFO,2025-05-05,14:53:00,2025-05-29,38.4,38.4,38.4,38.4,0,24450,0
BANKNIFTY29MAY2560100CE.NFO,2025-05-05,14:54:00,2025-05-29,38.4,38.4,38.4,38.4,0,24450,0
BANKNIFTY29MAY2560100CE.NFO,2025-05-05,14:55:00,2025-05-29,38.4,39.1,38.4,39.1,30,24690,0
BANKNIFTY29MAY2560100CE.NFO,2025-05-05,14:56:00,2025-05-29,39.1,39.1,39.1,39.1,0,24690,0
BANKNIFTY29MAY2560100CE.NFO,2025-05-05,14:57:00,2025-05-29,39.1,39.1,39.1,39.1,0,24690,0
BANKNIFTY29MAY2560100CE.NFO,2025-05-05,14:58:00,2025-05-29,39.1,39.1,39.1,39.1,0,24690,0
BANKNIFTY29MAY2560100CE.NFO,2025-05-05,14:59:00,2025-05-29,39.1,39.1,39.0,39.0,0,24720,0
BANKNIFTY29MAY2560100CE.NFO,2025-05-05,15:00:00,2025-05-29,39.0,39.0,37.85,37.85,210,24720,0
BANKNIFTY29MAY2560100CE.NFO,2025-05-05,15:01:00,2025-05-29,37.85,37.85,37.1,37.1,30,24870,0
BANKNIFTY29MAY2560100CE.NFO,2025-05-05,15:02:00,2025-05-29,37.1,37.1,36.5,36.5,180,24870,0
BANKNIFTY29MAY2560100CE.NFO,2025-05-05,15:03:00,2025-05-29,36.5,36.5,36.5,36.5,0,24870,0
BANKNIFTY29MAY2560100CE.NFO,2025-05-05,15:04:00,2025-05-29,36.5,36.5,36.5,36.5,0,24870,0
BANKNIFTY29MAY2560100CE.NFO,2025-05-05,15:05:00,2025-05-29,36.5,36.5,36.5,36.5,0,24870,0
BANKNIFTY29MAY2560100CE.NFO,2025-05-05,15:06:00,2025-05-29,36.5,36.5,36.15,36.15,180,24720,0
BANKNIFTY29MAY2560100CE.NFO,2025-05-05,15:07:00,2025-05-29,36.15,36.95,36.15,36.95,60,24600,0
BANKNIFTY29MAY2560100CE.NFO,2025-05-05,15:08:00,2025-05-29,36.95,36.95,36.05,36.05,120,24600,0
BANKNIFTY29MAY2560100CE.NFO,2025-05-05,15:09:00,2025-05-29,36.05,37.2,36.05,36.65,90,24600,0
BANKNIFTY29MAY2560100CE.NFO,2025-05-05,15:10:00,2025-05-29,36.65,37.35,36.65,37.35,90,24780,0
BANKNIFTY29MAY2560100CE.NFO,2025-05-05,15:11:00,2025-05-29,37.35,37.35,37.35,37.35,0,24780,0
BANKNIFTY29MAY2560100CE.NFO,2025-05-05,15:12:00,2025-05-29,37.35,37.35,37.35,37.35,0,24780,0
BANKNIFTY29MAY2560100CE.NFO,2025-05-05,15:13:00,2025-05-29,37.35,37.35,37.35,37.35,0,24780,0
BANKNIFTY29MAY2560100CE.NFO,2025-05-05,15:14:00,2025-05-29,37.35,37.35,37.35,37.35,0,24780,0
BANKNIFTY29MAY2560100CE.NFO,2025-05-05,15:15:00,2025-05-29,37.35,37.35,37.35,37.35,0,24780,0
BANKNIFTY29MAY2560100CE.NFO,2025-05-05,15:16:00,2025-05-29,37.35,38.45,37.35,38.1,30,24810,0
BANKNIFTY29MAY2560100CE.NFO,2025-05-05,15:17:00,2025-05-29,38.1,38.1,37.45,37.75,600,24810,0
BANKNIFTY29MAY2560100CE.NFO,2025-05-05,15:18:00,2025-05-29,37.75,38.1,37.75,38.1,60,24810,0
BANKNIFTY29MAY2560100CE.NFO,2025-05-05,15:19:00,2025-05-29,38.1,38.1,38.05,38.05,90,25110,0
BANKNIFTY29MAY2560100CE.NFO,2025-05-05,15:20:00,2025-05-29,38.05,38.2,37.5,37.5,390,25110,0
BANKNIFTY29MAY2560100CE.NFO,2025-05-05,15:21:00,2025-05-29,37.5,38.25,37.5,38.25,60,25110,0
BANKNIFTY29MAY2560100CE.NFO,2025-05-05,15:22:00,2025-05-29,38.25,38.75,37.85,38.15,270,24750,0
BANKNIFTY29MAY2560100CE.NFO,2025-05-05,15:23:00,2025-05-29,38.15,38.5,37.8,38.45,180,24750,0
BANKNIFTY29MAY2560100CE.NFO,2025-05-05,15:24:00,2025-05-29,38.45,38.8,37.7,38.8,150,24750,0
BANKNIFTY29MAY2560100CE.NFO,2025-05-05,15:25:00,2025-05-29,39.0,39.7,38.65,38.75,2400,26850,0
BANKNIFTY29MAY2560100CE.NFO,2025-05-05,15:26:00,2025-05-29,38.75,38.75,38.35,38.35,30,26850,0
BANKNIFTY29MAY2560100CE.NFO,2025-05-05,15:27:00,2025-05-29,38.35,38.35,38.0,38.0,300,26850,0
BANKNIFTY29MAY2560100CE.NFO,2025-05-05,15:28:00,2025-05-29,38.0,38.0,38.0,38.0,0,26850,0
BANKNIFTY29MAY2560100CE.NFO,2025-05-05,15:29:00,2025-05-29,38.0,38.3,37.0,37.9,330,26850,0
BANKNIFTY29MAY2560100CE.NFO,2025-05-05,15:30:00,2025-05-29,37.9,37.9,37.9,37.9,330,26850,1
BANKNIFTY29MAY2560100CE.NFO,2025-05-06,09:15:00,2025-05-29,38.25,38.4,34.15,35.9,360,26940,0
BANKNIFTY29MAY2560100CE.NFO,2025-05-06,09:16:00,2025-05-29,35.9,38.6,35.9,38.6,270,26940,0
BANKNIFTY29MAY2560100CE.NFO,2025-05-06,09:17:00,2025-05-29,38.6,38.7,35.4,37.9,2610,26940,0
BANKNIFTY29MAY2560100CE.NFO,2025-05-06,09:18:00,2025-05-29,37.9,37.9,35.0,35.0,960,24930,0
BANKNIFTY29MAY2560100CE.NFO,2025-05-06,09:19:00,2025-05-29,35.0,36.35,34.6,35.1,270,24930,0
BANKNIFTY29MAY2560100CE.NFO,2025-05-06,09:20:00,2025-05-29,35.3,35.3,33.2,33.2,150,24930,0
BANKNIFTY29MAY2560100CE.NFO,2025-05-06,09:21:00,2025-05-29,33.2,34.85,32.45,34.85,330,25590,0
BANKNIFTY29MAY2560100CE.NFO,2025-05-06,09:22:00,2025-05-29,34.85,34.85,33.7,34.15,510,25590,0
BANKNIFTY29MAY2560100CE.NFO,2025-05-06,09:23:00,2025-05-29,34.15,34.15,32.7,33.7,270,25590,0
BANKNIFTY29MAY2560100CE.NFO,2025-05-06,09:24:00,2025-05-29,33.7,33.7,32.65,33.0,390,25770,0
BANKNIFTY29MAY2560100CE.NFO,2025-05-06,09:25:00,2025-05-29,33.0,33.0,32.0,32.0,480,25770,0
BANKNIFTY29MAY2560100CE.NFO,2025-05-06,09:26:00,2025-05-29,32.0,32.6,32.0,32.6,630,25770,0
BANKNIFTY29MAY2560100CE.NFO,2025-05-06,09:27:00,2025-05-29,32.6,32.6,32.1,32.3,180,25500,0
BANKNIFTY29MAY2560100CE.NFO,2025-05-06,09:28:00,2025-05-29,32.3,32.3,31.35,31.35,90,25500,0
BANKNIFTY29MAY2560100CE.NFO,2025-05-06,09:29:00,2025-05-29,31.35,31.75,31.1,31.75,330,25500,0
BANKNIFTY29MAY2560100CE.NFO,2025-05-06,09:30:00,2025-05-29,31.75,31.75,30.95,30.95,60,25650,0
BANKNIFTY29MAY2560100CE.NFO,2025-05-06,09:31:00,2025-05-29,30.95,30.95,30.95,30.95,0,25650,0
BANKNIFTY29MAY2560100CE.NFO,2025-05-06,09:32:00,2025-05-29,30.95,31.3,30.65,31.3,60,25650,0
BANKNIFTY29MAY2560100CE.NFO,2025-05-06,09:33:00,2025-05-29,31.3,31.5,31.3,31.5,330,25650,0
BANKNIFTY29MAY2560100CE.NFO,2025-05-06,09:34:00,2025-05-29,31.5,34.2,31.5,33.75,810,25680,0
BANKNIFTY29MAY2560100CE.NFO,2025-05-06,09:35:00,2025-05-29,33.75,33.75,32.3,32.3,150,25680,0
BANKNIFTY29MAY2560100CE.NFO,2025-05-06,09:36:00,2025-05-29,32.3,32.3,31.5,31.5,30,25680,0
BANKNIFTY29MAY2560100CE.NFO,2025-05-06,09:37:00,2025-05-29,31.5,31.5,30.25,30.25,930,25470,0
BANKNIFTY29MAY2560100CE.NFO,2025-05-06,09:38:00,2025-05-29,30.25,32.2,30.0,30.65,1380,25470,0
BANKNIFTY29MAY2560100CE.NFO,2025-05-06,09:39:00,2025-05-29,30.65,30.8,30.4,30.6,630,27180,0
BANKNIFTY29MAY2560100CE.NFO,2025-05-06,09:40:00,2025-05-29,30.6,30.6,29.55,29.55,480,27180,0
BANKNIFTY29MAY2560100CE.NFO,2025-05-06,09:41:00,2025-05-29,29.55,29.55,28.75,29.05,810,27180,0
BANKNIFTY29MAY2560100CE.NFO,2025-05-06,09:42:00,2025-05-29,29.05,29.2,28.6,29.2,300,27630,0
BANKNIFTY29MAY2560100CE.NFO,2025-05-06,09:43:00,2025-05-29,29.2,29.4,28.6,29.4,300,27630,0
BANKNIFTY29MAY2560100CE.NFO,2025-05-06,09:44:00,2025-05-29,29.4,29.4,26.55,28.55,1080,27630,0
BANKNIFTY29MAY2560100CE.NFO,2025-05-06,09:45:00,2025-05-29,28.55,28.55,28.35,28.35,60,27180,0
BANKNIFTY29MAY2560100CE.NFO,2025-05-06,09:46:00,2025-05-29,28.35,29.1,28.35,28.55,540,27180,0
BANKNIFTY29MAY2560100CE.NFO,2025-05-06,09:47:00,2025-05-29,28.55,29.4,28.55,29.15,630,27180,0
BANKNIFTY29MAY2560100CE.NFO,2025-05-06,09:48:00,2025-05-29,29.15,29.85,29.15,29.85,0,27420,0
BANKNIFTY29MAY2560100CE.NFO,2025-05-06,09:49:00,2025-05-29,29.85,29.85,29.0,29.4,390,27420,0
BANKNIFTY29MAY2560100CE.NFO,2025-05-06,09:50:00,2025-05-29,29.4,29.4,29.4,29.4,0,27420,0
BANKNIFTY29MAY2560100CE.NFO,2025-05-06,09:51:00,2025-05-29,29.4,29.4,28.65,29.25,1410,27600,0
BANKNIFTY29MAY2560100CE.NFO,2025-05-06,09:52:00,2025-05-29,29.25,29.4,29.25,29.25,150,27600,0
BANKNIFTY29MAY2560100CE.NFO,2025-05-06,09:53:00,2025-05-29,29.25,29.45,29.15,29.15,300,27600,0
BANKNIFTY29MAY2560100CE.NFO,2025-05-06,09:54:00,2025-05-29,29.15,29.15,28.5,28.5,30,27240,0
BANKNIFTY29MAY2560100CE.NFO,2025-05-06,09:55:00,2025-05-29,28.5,28.95,28.5,28.95,150,27240,0
BANKNIFTY29MAY2560100CE.NFO,2025-05-06,09:56:00,2025-05-29,28.95,28.95,28.95,28.95,0,27240,0
BANKNIFTY29MAY2560100CE.NFO,2025-05-06,09:57:00,2025-05-29,28.95,28.95,28.4,28.4,90,27240,0
BANKNIFTY29MAY2560100CE.NFO,2025-05-06,09:58:00,2025-05-29,28.4,28.4,28.4,28.4,0,27240,0
BANKNIFTY29MAY2560100CE.NFO,2025-05-06,09:59:00,2025-05-29,28.4,28.85,28.4,28.8,330,27270,0
BANKNIFTY29MAY2560100CE.NFO,2025-05-06,10:00:00,2025-05-29,28.8,28.8,28.65,28.65,510,27450,0
BANKNIFTY29MAY2560100CE.NFO,2025-05-06,10:01:00,2025-05-29,28.65,29.15,28.65,29.15,120,27450,0
BANKNIFTY29MAY2560100CE.NFO,2025-05-06,10:02:00,2025-05-29,29.15,29.25,29.05,29.05,180,27450,0
BANKNIFTY29MAY2560100CE.NFO,2025-05-06,10:03:00,2025-05-29,29.05,29.1,29.05,29.1,30,27450,0
BANKNIFTY29MAY2560100CE.NFO,2025-05-06,10:04:00,2025-05-29,29.1,29.1,28.75,28.75,600,27240,0
BANKNIFTY29MAY2560100CE.NFO,2025-05-06,10:05:00,2025-05-29,28.75,29.4,28.75,29.4,60,27240,0
BANKNIFTY29MAY2560100CE.NFO,2025-05-06,10:06:00,2025-05-29,29.4,30.15,29.25,29.8,660,27480,0
BANKNIFTY29MAY2560100CE.NFO,2025-05-06,10:07:00,2025-05-29,29.8,29.8,29.5,29.75,180,27480,0
BANKNIFTY29MAY2560100CE.NFO,2025-05-06,10:08:00,2025-05-29,29.75,29.75,29.75,29.75,0,27480,0
BANKNIFTY29MAY2560100CE.NFO,2025-05-06,10:09:00,2025-05-29,29.75,29.75,29.75,29.75,0,27480,0
BANKNIFTY29MAY2560100CE.NFO,2025-05-06,10:10:00,2025-05-29,29.75,29.75,29.75,29.75,0,27480,0
BANKNIFTY29MAY2560100CE.NFO,2025-05-06,10:11:00,2025-05-29,30.05,30.1,30.05,30.1,240,27510,0
BANKNIFTY29MAY2560100CE.NFO,2025-05-06,10:12:00,2025-05-29,30.1,30.1,30.1,30.1,0,27510,0
BANKNIFTY29MAY2560100CE.NFO,2025-05-06,10:13:00,2025-05-29,30.1,30.4,29.9,30.4,690,27420,0
BANKNIFTY29MAY2560100CE.NFO,2025-05-06,10:14:00,2025-05-29,30.4,30.75,30.4,30.55,60,27420,0
BANKNIFTY29MAY2560100CE.NFO,2025-05-06,10:15:00,2025-05-29,30.55,30.55,30.55,30.55,0,27420,0
BANKNIFTY29MAY2560100CE.NFO,2025-05-06,10:16:00,2025-05-29,30.55,30.75,30.55,30.75,300,27150,0
BANKNIFTY29MAY2560100CE.NFO,2025-05-06,10:17:00,2025-05-29,30.75,31.0,30.75,31.0,570,27150,0
BANKNIFTY29MAY2560100CE.NFO,2025-05-06,10:18:00,2025-05-29,31.0,31.0,31.0,31.0,150,27150,0
BANKNIFTY29MAY2560100CE.NFO,2025-05-06,10:19:00,2025-05-29,31.0,31.0,29.95,29.95,30,26640,0
BANKNIFTY29MAY2560100CE.NFO,2025-05-06,10:20:00,2025-05-29,29.95,30.1,29.95,30.1,90,26640,0
BANKNIFTY29MAY2560100CE.NFO,2025-05-06,10:21:00,2025-05-29,30.1,30.1,30.1,30.1,0,26640,0
BANKNIFTY29MAY2560100CE.NFO,2025-05-06,10:22:00,2025-05-29,30.1,30.1,30.0,30.0,30,26670,0
BANKNIFTY29MAY2560100CE.NFO,2025-05-06,10:23:00,2025-05-29,30.0,30.0,29.85,29.85,180,26670,0
BANKNIFTY29MAY2560100CE.NFO,2025-05-06,10:24:00,2025-05-29,29.85,29.85,29.85,29.85,0,26670,0
BANKNIFTY29MAY2560100CE.NFO,2025-05-06,10:25:00,2025-05-29,29.85,30.15,29.6,30.15,210,26670,0
BANKNIFTY29MAY2560100CE.NFO,2025-05-06,10:26:00,2025-05-29,30.15,30.15,30.15,30.15,0,26670,0
BANKNIFTY29MAY2560100CE.NFO,2025-05-06,10:27:00,2025-05-29,30.15,30.15,29.95,29.95,30,26670,0
BANKNIFTY29MAY2560100CE.NFO,2025-05-06,10:28:00,2025-05-29,29.95,30.3,29.95,30.3,60,26670,0
BANKNIFTY29MAY2560100CE.NFO,2025-05-06,10:29:00,2025-05-29,30.3,31.25,30.3,31.25,0,26670,0
BANKNIFTY29MAY2560100CE.NFO,2025-05-06,10:30:00,2025-05-29,31.25,31.7,30.9,30.9,2340,26670,0
BANKNIFTY29MAY2560100CE.NFO,2025-05-06,10:31:00,2025-05-29,30.9,30.9,30.9,30.9,0,26670,0
BANKNIFTY29MAY2560100CE.NFO,2025-05-06,10:32:00,2025-05-29,30.9,31.45,30.9,31.45,60,26250,0
BANKNIFTY29MAY2560100CE.NFO,2025-05-06,10:33:00,2025-05-29,31.45,31.45,31.25,31.25,30,26250,0
BANKNIFTY29MAY2560100CE.NFO,2025-05-06,10:34:00,2025-05-29,31.25,31.25,31.25,31.25,0,26250,0
BANKNIFTY29MAY2560100CE.NFO,2025-05-06,10:35:00,2025-05-29,31.25,31.25,31.2,31.2,0,26310,0
BANKNIFTY29MAY2560100CE.NFO,2025-05-06,10:36:00,2025-05-29,31.2,31.2,31.2,31.2,0,26310,0
BANKNIFTY29MAY2560100CE.NFO,2025-05-06,10:37:00,2025-05-29,31.2,31.2,31.2,31.2,0,26310,0
BANKNIFTY29MAY2560100CE.NFO,2025-05-06,10:38:00,2025-05-29,31.2,31.2,31.2,31.2,0,26310,0
BANKNIFTY29MAY2560100CE.NFO,2025-05-06,10:39:00,2025-05-29,31.2,31.2,31.2,31.2,0,26310,0
BANKNIFTY29MAY2560100CE.NFO,2025-05-06,10:40:00,2025-05-29,31.2,31.2,31.2,31.2,0,26310,0
BANKNIFTY29MAY2560100CE.NFO,2025-05-06,10:41:00,2025-05-29,31.2,31.2,28.95,28.95,660,26310,0
BANKNIFTY29MAY2560100CE.NFO,2025-05-06,10:42:00,2025-05-29,28.95,28.95,28.95,28.95,0,26310,0
BANKNIFTY29MAY2560100CE.NFO,2025-05-06,10:43:00,2025-05-29,28.95,29.15,28.95,29.05,120,25860,0
BANKNIFTY29MAY2560100CE.NFO,2025-05-06,10:44:00,2025-05-29,29.05,29.8,29.05,29.8,210,25860,0
BANKNIFTY29MAY2560100CE.NFO,2025-05-06,10:45:00,2025-05-29,29.8,29.8,29.7,29.75,210,25860,0
BANKNIFTY29MAY2560100CE.NFO,2025-05-06,10:46:00,2025-05-29,29.75,29.75,29.75,29.75,0,25860,0
BANKNIFTY29MAY2560100CE.NFO,2025-05-06,10:47:00,2025-05-29,29.75,29.75,29.15,29.15,120,25830,0
BANKNIFTY29MAY2560100CE.NFO,2025-05-06,10:48:00,2025-05-29,29.15,29.15,29.15,29.15,0,25830,0
BANKNIFTY29MAY2560100CE.NFO,2025-05-06,10:49:00,2025-05-29,29.15,29.15,29.15,29.15,0,25830,0
BANKNIFTY29MAY2560100CE.NFO,2025-05-06,10:50:00,2025-05-29,29.15,30.5,29.15,30.5,0,25710,0
BANKNIFTY29MAY2560100CE.NFO,2025-05-06,10:51:00,2025-05-29,30.5,30.5,30.5,30.5,420,25710,0
BANKNIFTY29MAY2560100CE.NFO,2025-05-06,10:52:00,2025-05-29,30.5,30.7,30.05,30.7,90,25650,0
BANKNIFTY29MAY2560100CE.NFO,2025-05-06,10:53:00,2025-05-29,30.7,31.05,30.7,30.85,60,25650,0
BANKNIFTY29MAY2560100CE.NFO,2025-05-06,10:54:00,2025-05-29,30.85,30.9,30.85,30.9,30,25650,0
BANKNIFTY29MAY2560100CE.NFO,2025-05-06,10:55:00,2025-05-29,30.9,30.9,30.65,30.65,30,25680,0
BANKNIFTY29MAY2560100CE.NFO,2025-05-06,10:56:00,2025-05-29,30.65,30.65,30.65,30.65,30,25680,0
BANKNIFTY29MAY2560100CE.NFO,2025-05-06,10:57:00,2025-05-29,30.65,30.65,30.5,30.5,90,25680,0
BANKNIFTY29MAY2560100CE.NFO,2025-05-06,10:58:00,2025-05-29,30.5,30.5,30.5,30.5,0,25680,0
BANKNIFTY29MAY2560100CE.NFO,2025-05-06,10:59:00,2025-05-29,30.5,31.9,30.5,31.9,30,25710,0
BANKNIFTY29MAY2560100CE.NFO,2025-05-06,11:00:00,2025-05-29,31.9,31.9,31.15,31.15,30,25740,0
BANKNIFTY29MAY2560100CE.NFO,2025-05-06,11:01:00,2025-05-29,31.15,31.15,30.95,30.95,30,25740,0
BANKNIFTY29MAY2560100CE.NFO,2025-05-06,11:02:00,2025-05-29,30.95,30.95,30.95,30.95,0,25740,0
BANKNIFTY29MAY2560100CE.NFO,2025-05-06,11:03:00,2025-05-29,30.95,30.95,30.95,30.95,0,25740,0
BANKNIFTY29MAY2560100CE.NFO,2025-05-06,11:04:00,2025-05-29,30.95,30.95,30.95,30.95,0,25740,0
BANKNIFTY29MAY2560100CE.NFO,2025-05-06,11:05:00,2025-05-29,30.95,30.95,30.95,30.95,30,25800,0
BANKNIFTY29MAY2560100CE.NFO,2025-05-06,11:06:00,2025-05-29,30.95,30.95,30.8,30.8,30,25800,0
BANKNIFTY29MAY2560100CE.NFO,2025-05-06,11:07:00,2025-05-29,30.8,30.8,30.8,30.8,0,25800,0
BANKNIFTY29MAY2560100CE.NFO,2025-05-06,11:08:00,2025-05-29,30.8,30.8,30.8,30.8,0,25800,0
BANKNIFTY29MAY2560100CE.NFO,2025-05-06,11:09:00,2025-05-29,30.8,30.8,30.8,30.8,0,25800,0
BANKNIFTY29MAY2560100CE.NFO,2025-05-06,11:10:00,2025-05-29,30.8,30.8,30.15,30.15,30,25770,0
BANKNIFTY29MAY2560100CE.NFO,2025-05-06,11:11:00,2025-05-29,30.15,30.15,30.15,30.15,0,25770,0
BANKNIFTY29MAY2560100CE.NFO,2025-05-06,11:12:00,2025-05-29,30.15,30.15,30.15,30.15,0,25770,0
BANKNIFTY29MAY2560100CE.NFO,2025-05-06,11:13:00,2025-05-29,30.15,30.15,30.15,30.15,0,25770,0
BANKNIFTY29MAY2560100CE.NFO,2025-05-06,11:14:00,2025-05-29,30.15,33.4,30.15,33.4,30,25770,0
BANKNIFTY29MAY2560100CE.NFO,2025-05-06,11:15:00,2025-05-29,33.4,33.4,33.4,33.4,0,25770,0
BANKNIFTY29MAY2560100CE.NFO,2025-05-06,11:16:00,2025-05-29,33.4,33.4,33.4,33.4,0,25770,0
BANKNIFTY29MAY2560100CE.NFO,2025-05-06,11:17:00,2025-05-29,33.4,33.4,31.2,31.2,300,25800,0
BANKNIFTY29MAY2560100CE.NFO,2025-05-06,11:18:00,2025-05-29,31.2,31.2,31.2,31.2,0,25800,0
BANKNIFTY29MAY2560100CE.NFO,2025-05-06,11:19:00,2025-05-29,31.2,31.35,31.2,31.2,1200,26100,0
BANKNIFTY29MAY2560100CE.NFO,2025-05-06,11:20:00,2025-05-29,31.2,31.2,31.2,31.2,0,26100,0
BANKNIFTY29MAY2560100CE.NFO,2025-05-06,11:21:00,2025-05-29,31.2,31.2,31.2,31.2,0,26100,0
BANKNIFTY29MAY2560100CE.NFO,2025-05-06,11:22:00,2025-05-29,31.2,31.2,31.2,31.2,0,26100,0
BANKNIFTY29MAY2560100CE.NFO,2025-05-06,11:23:00,2025-05-29,31.2,31.2,31.2,31.2,0,26100,0
BANKNIFTY29MAY2560100CE.NFO,2025-05-06,11:24:00,2025-05-29,31.2,31.2,31.2,31.2,0,26100,0
BANKNIFTY29MAY2560100CE.NFO,2025-05-06,11:25:00,2025-05-29,31.2,31.2,31.2,31.2,0,26100,0
BANKNIFTY29MAY2560100CE.NFO,2025-05-06,11:26:00,2025-05-29,31.2,31.2,31.2,31.2,0,26100,0
BANKNIFTY29MAY2560100CE.NFO,2025-05-06,11:27:00,2025-05-29,31.2,31.2,31.2,31.2,0,26100,0
BANKNIFTY29MAY2560100CE.NFO,2025-05-06,11:28:00,2025-05-29,31.2,31.2,31.2,31.2,0,26100,0
BANKNIFTY29MAY2560100CE.NFO,2025-05-06,11:29:00,2025-05-29,31.2,31.2,31.2,31.2,0,26100,0
BANKNIFTY29MAY2560100CE.NFO,2025-05-06,11:30:00,2025-05-29,31.2,33.95,31.2,32.1,780,26760,0
BANKNIFTY29MAY2560100CE.NFO,2025-05-06,11:31:00,2025-05-29,32.1,32.8,32.1,32.8,30,27390,0
BANKNIFTY29MAY2560100CE.NFO,2025-05-06,11:32:00,2025-05-29,32.8,32.8,30.6,30.6,90,27390,0
BANKNIFTY29MAY2560100CE.NFO,2025-05-06,11:33:00,2025-05-29,30.6,30.6,30.6,30.6,0,27390,0
BANKNIFTY29MAY2560100CE.NFO,2025-05-06,11:34:00,2025-05-29,30.6,30.6,30.6,30.6,0,27390,0
BANKNIFTY29MAY2560100CE.NFO,2025-05-06,11:35:00,2025-05-29,30.6,30.6,30.6,30.6,0,27390,0
BANKNIFTY29MAY2560100CE.NFO,2025-05-06,11:36:00,2025-05-29,30.6,30.6,30.6,30.6,0,27390,0
BANKNIFTY29MAY2560100CE.NFO,2025-05-06,11:37:00,2025-05-29,30.6,30.6,30.0,30.1,1710,27480,0
BANKNIFTY29MAY2560100CE.NFO,2025-05-06,11:38:00,2025-05-29,30.1,30.1,30.1,30.1,30,27480,0
BANKNIFTY29MAY2560100CE.NFO,2025-05-06,11:39:00,2025-05-29,30.1,30.1,29.35,29.35,60,27480,0
BANKNIFTY29MAY2560100CE.NFO,2025-05-06,11:40:00,2025-05-29,29.35,29.85,29.35,29.85,30,28140,0
BANKNIFTY29MAY2560100CE.NFO,2025-05-06,11:41:00,2025-05-29,29.85,29.85,29.85,29.85,0,28140,0
BANKNIFTY29MAY2560100CE.NFO,2025-05-06,11:42:00,2025-05-29,29.85,29.85,29.85,29.85,30,28140,0
BANKNIFTY29MAY2560100CE.NFO,2025-05-06,11:43:00,2025-05-29,29.85,29.85,29.5,29.5,30,28200,0
BANKNIFTY29MAY2560100CE.NFO,2025-05-06,11:44:00,2025-05-29,29.5,30.15,29.5,30.15,30,28200,0
BANKNIFTY29MAY2560100CE.NFO,2025-05-06,11:45:00,2025-05-29,30.15,30.2,30.15,30.2,30,28200,0
BANKNIFTY29MAY2560100CE.NFO,2025-05-06,11:46:00,2025-05-29,30.2,30.2,30.2,30.2,0,28200,0
BANKNIFTY29MAY2560100CE.NFO,2025-05-06,11:47:00,2025-05-29,30.2,30.2,30.2,30.2,0,28200,0
BANKNIFTY29MAY2560100CE.NFO,2025-05-06,11:48:00,2025-05-29,30.2,30.2,30.2,30.2,0,28200,0
BANKNIFTY29MAY2560100CE.NFO,2025-05-06,11:49:00,2025-05-29,30.2,31.7,30.2,30.65,150,28200,0
BANKNIFTY29MAY2560100CE.NFO,2025-05-06,11:50:00,2025-05-29,30.65,30.9,30.65,30.9,330,28200,0
BANKNIFTY29MAY2560100CE.NFO,2025-05-06,11:51:00,2025-05-29,30.9,30.9,30.9,30.9,0,28200,0
BANKNIFTY29MAY2560100CE.NFO,2025-05-06,11:52:00,2025-05-29,30.9,31.35,30.9,31.35,150,27990,0
BANKNIFTY29MAY2560100CE.NFO,2025-05-06,11:53:00,2025-05-29,31.35,32.2,31.35,32.2,60,27990,0
BANKNIFTY29MAY2560100CE.NFO,2025-05-06,11:54:00,2025-05-29,32.2,32.2,31.85,31.85,1020,27990,0
BANKNIFTY29MAY2560100CE.NFO,2025-05-06,11:55:00,2025-05-29,31.85,32.25,31.85,32.25,30,27090,0
BANKNIFTY29MAY2560100CE.NFO,2025-05-06,11:56:00,2025-05-29,32.25,32.25,32.25,32.25,0,27090,0
BANKNIFTY29MAY2560100CE.NFO,2025-05-06,11:57:00,2025-05-29,32.25,32.25,31.4,31.4,60,27090,0
BANKNIFTY29MAY2560100CE.NFO,2025-05-06,11:58:00,2025-05-29,31.4,31.55,31.4,31.55,120,27030,0
BANKNIFTY29MAY2560100CE.NFO,2025-05-06,11:59:00,2025-05-29,31.55,31.55,31.55,31.55,0,27030,0
BANKNIFTY29MAY2560100CE.NFO,2025-05-06,12:00:00,2025-05-29,31.55,31.55,31.55,31.55,0,27030,0
BANKNIFTY29MAY2560100CE.NFO,2025-05-06,12:01:00,2025-05-29,31.55,32.3,31.55,32.3,60,26910,0
BANKNIFTY29MAY2560100CE.NFO,2025-05-06,12:02:00,2025-05-29,32.3,32.3,30.95,30.95,60,26910,0
BANKNIFTY29MAY2560100CE.NFO,2025-05-06,12:03:00,2025-05-29,30.95,30.95,30.45,30.9,120,26910,0
BANKNIFTY29MAY2560100CE.NFO,2025-05-06,12:04:00,2025-05-29,30.9,30.9,30.9,30.9,0,26910,0
BANKNIFTY29MAY2560100CE.NFO,2025-05-06,12:05:00,2025-05-29,30.9,30.9,30.9,30.9,0,26910,0
BANKNIFTY29MAY2560100CE.NFO,2025-05-06,12:06:00,2025-05-29,30.9,30.9,30.9,30.9,0,26910,0
BANKNIFTY29MAY2560100CE.NFO,2025-05-06,12:07:00,2025-05-29,30.9,30.9,30.9,30.9,0,26910,0
BANKNIFTY29MAY2560100CE.NFO,2025-05-06,12:08:00,2025-05-29,30.9,30.9,30.9,30.9,0,26910,0
BANKNIFTY29MAY2560100CE.NFO,2025-05-06,12:09:00,2025-05-29,30.9,30.9,30.9,30.9,0,26910,0
BANKNIFTY29MAY2560100CE.NFO,2025-05-06,12:10:00,2025-05-29,30.9,30.9,30.9,30.9,0,26910,0
BANKNIFTY29MAY2560100CE.NFO,2025-05-06,12:11:00,2025-05-29,30.9,30.9,30.9,30.9,0,26910,0
BANKNIFTY29MAY2560100CE.NFO,2025-05-06,12:12:00,2025-05-29,30.9,30.9,30.9,30.9,0,26910,0
BANKNIFTY29MAY2560100CE.NFO,2025-05-06,12:13:00,2025-05-29,30.9,30.9,30.9,30.9,0,26910,0
BANKNIFTY29MAY2560100CE.NFO,2025-05-06,12:14:00,2025-05-29,30.9,31.2,30.9,31.2,360,27030,0
BANKNIFTY29MAY2560100CE.NFO,2025-05-06,12:15:00,2025-05-29,31.2,31.2,31.2,31.2,0,27030,0
BANKNIFTY29MAY2560100CE.NFO,2025-05-06,12:16:00,2025-05-29,31.2,31.2,31.2,31.2,0,27030,0
BANKNIFTY29MAY2560100CE.NFO,2025-05-06,12:17:00,2025-05-29,31.2,31.2,30.75,30.75,180,27000,0
BANKNIFTY29MAY2560100CE.NFO,2025-05-06,12:18:00,2025-05-29,30.75,30.75,30.75,30.75,0,27000,0
BANKNIFTY29MAY2560100CE.NFO,2025-05-06,12:19:00,2025-05-29,30.75,30.75,30.75,30.75,0,27000,0
BANKNIFTY29MAY2560100CE.NFO,2025-05-06,12:20:00,2025-05-29,30.75,30.75,30.75,30.75,0,27000,0
BANKNIFTY29MAY2560100CE.NFO,2025-05-06,12:21:00,2025-05-29,30.75,30.75,30.75,30.75,0,27000,0
BANKNIFTY29MAY2560100CE.NFO,2025-05-06,12:22:00,2025-05-29,30.75,30.75,30.75,30.75,0,27000,0
BANKNIFTY29MAY2560100CE.NFO,2025-05-06,12:23:00,2025-05-29,30.75,30.75,30.75,30.75,0,27000,0
BANKNIFTY29MAY2560100CE.NFO,2025-05-06,12:24:00,2025-05-29,30.75,30.75,30.75,30.75,0,27000,0
BANKNIFTY29MAY2560100CE.NFO,2025-05-06,12:25:00,2025-05-29,30.75,30.75,30.75,30.75,0,27000,0
BANKNIFTY29MAY2560100CE.NFO,2025-05-06,12:26:00,2025-05-29,30.75,30.75,30.75,30.75,0,27000,0
BANKNIFTY29MAY2560100CE.NFO,2025-05-06,12:27:00,2025-05-29,30.75,30.75,30.75,30.75,0,27000,0
BANKNIFTY29MAY2560100CE.NFO,2025-05-06,12:28:00,2025-05-29,30.75,30.75,30.75,30.75,0,27000,0
BANKNIFTY29MAY2560100CE.NFO,2025-05-06,12:29:00,2025-05-29,30.75,30.75,30.75,30.75,0,27000,0
BANKNIFTY29MAY2560100CE.NFO,2025-05-06,12:30:00,2025-05-29,30.75,30.75,30.75,30.75,0,27000,0
BANKNIFTY29MAY2560100CE.NFO,2025-05-06,12:31:00,2025-05-29,30.75,30.75,30.75,30.75,0,27000,0
BANKNIFTY29MAY2560100CE.NFO,2025-05-06,12:32:00,2025-05-29,30.75,30.75,30.75,30.75,0,27000,0
BANKNIFTY29MAY2560100CE.NFO,2025-05-06,12:33:00,2025-05-29,30.75,30.75,30.75,30.75,0,27000,0
BANKNIFTY29MAY2560100CE.NFO,2025-05-06,12:34:00,2025-05-29,30.75,32.15,30.75,32.15,30,27000,0
BANKNIFTY29MAY2560100CE.NFO,2025-05-06,12:35:00,2025-05-29,32.15,32.15,30.6,30.6,30,27000,0
BANKNIFTY29MAY2560100CE.NFO,2025-05-06,12:36:00,2025-05-29,30.6,30.6,30.6,30.6,0,27000,0
BANKNIFTY29MAY2560100CE.NFO,2025-05-06,12:37:00,2025-05-29,30.6,30.6,30.6,30.6,0,27000,0
BANKNIFTY29MAY2560100CE.NFO,2025-05-06,12:38:00,2025-05-29,30.6,30.6,30.6,30.6,0,27000,0
BANKNIFTY29MAY2560100CE.NFO,2025-05-06,12:39:00,2025-05-29,30.6,30.6,30.6,30.6,0,27000,0
BANKNIFTY29MAY2560100CE.NFO,2025-05-06,12:40:00,2025-05-29,30.6,30.6,30.6,30.6,0,27000,0
BANKNIFTY29MAY2560100CE.NFO,2025-05-06,12:41:00,2025-05-29,30.6,30.6,30.6,30.6,0,27000,0
BANKNIFTY29MAY2560100CE.NFO,2025-05-06,12:42:00,2025-05-29,30.6,30.85,30.35,30.85,1530,26970,0
BANKNIFTY29MAY2560100CE.NFO,2025-05-06,12:43:00,2025-05-29,30.85,30.85,30.4,30.4,450,28080,0
BANKNIFTY29MAY2560100CE.NFO,2025-05-06,12:44:00,2025-05-29,30.4,30.4,30.1,30.1,30,28080,0
BANKNIFTY29MAY2560100CE.NFO,2025-05-06,12:45:00,2025-05-29,30.1,30.1,30.1,30.1,0,28080,0
BANKNIFTY29MAY2560100CE.NFO,2025-05-06,12:46:00,2025-05-29,30.1,30.1,30.1,30.1,0,28080,0
BANKNIFTY29MAY2560100CE.NFO,2025-05-06,12:47:00,2025-05-29,30.1,30.1,30.1,30.1,0,28080,0
BANKNIFTY29MAY2560100CE.NFO,2025-05-06,12:48:00,2025-05-29,30.1,30.1,30.1,30.1,0,28080,0
BANKNIFTY29MAY2560100CE.NFO,2025-05-06,12:49:00,2025-05-29,30.1,30.1,30.1,30.1,0,28080,0
BANKNIFTY29MAY2560100CE.NFO,2025-05-06,12:50:00,2025-05-29,30.1,30.1,30.1,30.1,0,28080,0
BANKNIFTY29MAY2560100CE.NFO,2025-05-06,12:51:00,2025-05-29,30.1,30.1,30.1,30.1,0,28080,0
BANKNIFTY29MAY2560100CE.NFO,2025-05-06,12:52:00,2025-05-29,30.1,30.1,28.75,29.75,60,28440,0
BANKNIFTY29MAY2560100CE.NFO,2025-05-06,12:53:00,2025-05-29,29.75,30.35,29.75,30.35,30,28440,0
BANKNIFTY29MAY2560100CE.NFO,2025-05-06,12:54:00,2025-05-29,30.35,30.35,30.35,30.35,0,28440,0
BANKNIFTY29MAY2560100CE.NFO,2025-05-06,12:55:00,2025-05-29,30.35,30.35,30.35,30.35,0,28440,0
BANKNIFTY29MAY2560100CE.NFO,2025-05-06,12:56:00,2025-05-29,30.35,30.6,30.35,30.6,1050,28410,0
BANKNIFTY29MAY2560100CE.NFO,2025-05-06,12:57:00,2025-05-29,30.6,30.6,30.6,30.6,600,28410,0
BANKNIFTY29MAY2560100CE.NFO,2025-05-06,12:58:00,2025-05-29,30.6,30.6,29.55,29.55,30,28470,0
BANKNIFTY29MAY2560100CE.NFO,2025-05-06,12:59:00,2025-05-29,29.55,29.55,29.55,29.55,0,28470,0
BANKNIFTY29MAY2560100CE.NFO,2025-05-06,13:00:00,2025-05-29,29.55,30.0,29.55,30.0,30,28470,0
BANKNIFTY29MAY2560100CE.NFO,2025-05-06,13:01:00,2025-05-29,30.0,30.0,30.0,30.0,0,28470,0
BANKNIFTY29MAY2560100CE.NFO,2025-05-06,13:02:00,2025-05-29,30.0,30.0,30.0,30.0,0,28470,0
BANKNIFTY29MAY2560100CE.NFO,2025-05-06,13:03:00,2025-05-29,30.0,30.0,30.0,30.0,0,28470,0
BANKNIFTY29MAY2560100CE.NFO,2025-05-06,13:04:00,2025-05-29,30.0,30.0,30.0,30.0,0,28470,0
BANKNIFTY29MAY2560100CE.NFO,2025-05-06,13:05:00,2025-05-29,30.0,30.0,30.0,30.0,0,28470,0
BANKNIFTY29MAY2560100CE.NFO,2025-05-06,13:06:00,2025-05-29,30.0,30.0,30.0,30.0,0,28470,0
BANKNIFTY29MAY2560100CE.NFO,2025-05-06,13:07:00,2025-05-29,30.0,30.0,30.0,30.0,0,28470,0
BANKNIFTY29MAY2560100CE.NFO,2025-05-06,13:08:00,2025-05-29,30.0,30.0,30.0,30.0,0,28470,0
BANKNIFTY29MAY2560100CE.NFO,2025-05-06,13:09:00,2025-05-29,30.0,30.0,30.0,30.0,0,28470,0
BANKNIFTY29MAY2560100CE.NFO,2025-05-06,13:10:00,2025-05-29,30.0,30.0,30.0,30.0,0,28470,0
BANKNIFTY29MAY2560100CE.NFO,2025-05-06,13:11:00,2025-05-29,30.0,30.0,30.0,30.0,0,28470,0
BANKNIFTY29MAY2560100CE.NFO,2025-05-06,13:12:00,2025-05-29,30.0,30.0,30.0,30.0,0,28470,0
BANKNIFTY29MAY2560100CE.NFO,2025-05-06,13:13:00,2025-05-29,30.0,30.0,30.0,30.0,0,28470,0
BANKNIFTY29MAY2560100CE.NFO,2025-05-06,13:14:00,2025-05-29,30.0,30.0,30.0,30.0,0,28470,0
BANKNIFTY29MAY2560100CE.NFO,2025-05-06,13:15:00,2025-05-29,30.0,30.0,30.0,30.0,0,28470,0
BANKNIFTY29MAY2560100CE.NFO,2025-05-06,13:16:00,2025-05-29,30.0,30.0,30.0,30.0,0,28470,0
BANKNIFTY29MAY2560100CE.NFO,2025-05-06,13:17:00,2025-05-29,30.0,30.0,30.0,30.0,0,28470,0
BANKNIFTY29MAY2560100CE.NFO,2025-05-06,13:18:00,2025-05-29,30.0,30.0,30.0,30.0,0,28470,0
BANKNIFTY29MAY2560100CE.NFO,2025-05-06,13:19:00,2025-05-29,30.0,30.0,30.0,30.0,0,28470,0
BANKNIFTY29MAY2560100CE.NFO,2025-05-06,13:20:00,2025-05-29,30.0,30.0,30.0,30.0,0,28470,0
BANKNIFTY29MAY2560100CE.NFO,2025-05-06,13:21:00,2025-05-29,30.0,30.0,30.0,30.0,0,28470,0
BANKNIFTY29MAY2560100CE.NFO,2025-05-06,13:22:00,2025-05-29,30.0,30.0,30.0,30.0,0,28470,0
BANKNIFTY29MAY2560100CE.NFO,2025-05-06,13:23:00,2025-05-29,30.0,30.0,29.45,29.45,30,28440,0
BANKNIFTY29MAY2560100CE.NFO,2025-05-06,13:24:00,2025-05-29,29.45,29.45,29.45,29.45,0,28440,0
BANKNIFTY29MAY2560100CE.NFO,2025-05-06,13:25:00,2025-05-29,29.45,29.95,29.45,29.95,60,28440,0
BANKNIFTY29MAY2560100CE.NFO,2025-05-06,13:26:00,2025-05-29,29.95,29.95,29.95,29.95,0,28440,0
BANKNIFTY29MAY2560100CE.NFO,2025-05-06,13:27:00,2025-05-29,29.95,29.95,29.95,29.95,0,28440,0
BANKNIFTY29MAY2560100CE.NFO,2025-05-06,13:28:00,2025-05-29,29.95,29.95,29.95,29.95,0,28440,0
BANKNIFTY29MAY2560100CE.NFO,2025-05-06,13:29:00,2025-05-29,29.95,29.95,29.95,29.95,0,28440,0
BANKNIFTY29MAY2560100CE.NFO,2025-05-06,13:30:00,2025-05-29,29.95,30.1,29.95,30.1,30,28440,0
BANKNIFTY29MAY2560100CE.NFO,2025-05-06,13:31:00,2025-05-29,30.1,31.15,30.1,30.95,570,28440,0
BANKNIFTY29MAY2560100CE.NFO,2025-05-06,13:32:00,2025-05-29,30.95,30.95,30.95,30.95,0,28440,0
BANKNIFTY29MAY2560100CE.NFO,2025-05-06,13:33:00,2025-05-29,30.95,31.55,30.95,31.55,30,28440,0
BANKNIFTY29MAY2560100CE.NFO,2025-05-06,13:34:00,2025-05-29,31.55,31.55,31.55,31.55,0,28440,0
BANKNIFTY29MAY2560100CE.NFO,2025-05-06,13:35:00,2025-05-29,31.55,31.55,31.55,31.55,0,28440,0
BANKNIFTY29MAY2560100CE.NFO,2025-05-06,13:36:00,2025-05-29,31.55,31.55,31.55,31.55,0,28440,0
BANKNIFTY29MAY2560100CE.NFO,2025-05-06,13:37:00,2025-05-29,31.55,31.55,31.55,31.55,0,28440,0
BANKNIFTY29MAY2560100CE.NFO,2025-05-06,13:38:00,2025-05-29,31.55,32.7,31.55,32.7,30,28080,0
BANKNIFTY29MAY2560100CE.NFO,2025-05-06,13:39:00,2025-05-29,32.7,32.7,31.3,31.3,30,28080,0
BANKNIFTY29MAY2560100CE.NFO,2025-05-06,13:40:00,2025-05-29,31.3,31.3,31.3,31.3,0,28080,0
BANKNIFTY29MAY2560100CE.NFO,2025-05-06,13:41:00,2025-05-29,31.3,31.3,30.95,30.95,30,28080,0
BANKNIFTY29MAY2560100CE.NFO,2025-05-06,13:42:00,2025-05-29,30.95,30.95,30.95,30.95,0,28080,0
BANKNIFTY29MAY2560100CE.NFO,2025-05-06,13:43:00,2025-05-29,30.95,30.95,30.95,30.95,0,28080,0
BANKNIFTY29MAY2560100CE.NFO,2025-05-06,13:44:00,2025-05-29,30.95,30.95,30.95,30.95,0,28080,0
BANKNIFTY29MAY2560100CE.NFO,2025-05-06,13:45:00,2025-05-29,30.95,30.95,30.95,30.95,0,28080,0
BANKNIFTY29MAY2560100CE.NFO,2025-05-06,13:46:00,2025-05-29,30.95,30.95,30.95,30.95,0,28080,0
BANKNIFTY29MAY2560100CE.NFO,2025-05-06,13:47:00,2025-05-29,30.95,30.95,30.95,30.95,0,28080,0
BANKNIFTY29MAY2560100CE.NFO,2025-05-06,13:48:00,2025-05-29,30.95,30.95,30.95,30.95,0,28080,0
BANKNIFTY29MAY2560100CE.NFO,2025-05-06,13:49:00,2025-05-29,30.95,30.95,30.95,30.95,0,28080,0
BANKNIFTY29MAY2560100CE.NFO,2025-05-06,13:50:00,2025-05-29,30.95,30.95,30.95,30.95,0,28080,0
BANKNIFTY29MAY2560100CE.NFO,2025-05-06,13:51:00,2025-05-29,30.95,30.95,30.95,30.95,0,28080,0
BANKNIFTY29MAY2560100CE.NFO,2025-05-06,13:52:00,2025-05-29,30.95,30.95,30.2,30.2,90,28050,0
BANKNIFTY29MAY2560100CE.NFO,2025-05-06,13:53:00,2025-05-29,30.2,31.35,30.2,31.35,30,28050,0
BANKNIFTY29MAY2560100CE.NFO,2025-05-06,13:54:00,2025-05-29,31.35,31.35,31.35,31.35,0,28050,0
BANKNIFTY29MAY2560100CE.NFO,2025-05-06,13:55:00,2025-05-29,31.35,31.35,31.0,31.25,630,28050,0
BANKNIFTY29MAY2560100CE.NFO,2025-05-06,13:56:00,2025-05-29,31.25,31.25,30.8,30.8,30,28020,0
BANKNIFTY29MAY2560100CE.NFO,2025-05-06,13:57:00,2025-05-29,30.8,30.8,30.8,30.8,0,28020,0
BANKNIFTY29MAY2560100CE.NFO,2025-05-06,13:58:00,2025-05-29,30.8,30.8,30.8,30.8,0,28020,0
BANKNIFTY29MAY2560100CE.NFO,2025-05-06,13:59:00,2025-05-29,30.8,30.8,30.8,30.8,0,28020,0
BANKNIFTY29MAY2560100CE.NFO,2025-05-06,14:00:00,2025-05-29,30.8,30.8,30.8,30.8,0,28020,0
BANKNIFTY29MAY2560100CE.NFO,2025-05-06,14:01:00,2025-05-29,30.8,30.85,30.75,30.85,450,27990,0
BANKNIFTY29MAY2560100CE.NFO,2025-05-06,14:02:00,2025-05-29,30.85,30.85,30.85,30.85,150,27990,0
BANKNIFTY29MAY2560100CE.NFO,2025-05-06,14:03:00,2025-05-29,30.85,30.85,30.7,30.7,300,27990,0
BANKNIFTY29MAY2560100CE.NFO,2025-05-06,14:04:00,2025-05-29,30.7,31.05,30.7,31.05,30,27900,0
BANKNIFTY29MAY2560100CE.NFO,2025-05-06,14:05:00,2025-05-29,31.05,31.05,31.05,31.05,0,27900,0
BANKNIFTY29MAY2560100CE.NFO,2025-05-06,14:06:00,2025-05-29,31.05,31.05,31.05,31.05,0,27900,0
BANKNIFTY29MAY2560100CE.NFO,2025-05-06,14:07:00,2025-05-29,31.05,31.05,30.2,30.2,30,27870,0
BANKNIFTY29MAY2560100CE.NFO,2025-05-06,14:08:00,2025-05-29,30.2,31.05,30.2,31.05,30,27870,0
BANKNIFTY29MAY2560100CE.NFO,2025-05-06,14:09:00,2025-05-29,31.05,31.05,30.85,30.85,270,27870,0
BANKNIFTY29MAY2560100CE.NFO,2025-05-06,14:10:00,2025-05-29,30.85,30.85,30.85,30.85,0,27870,0
BANKNIFTY29MAY2560100CE.NFO,2025-05-06,14:11:00,2025-05-29,30.85,30.85,30.85,30.85,0,27870,0
BANKNIFTY29MAY2560100CE.NFO,2025-05-06,14:12:00,2025-05-29,30.85,30.85,30.85,30.85,0,27870,0
BANKNIFTY29MAY2560100CE.NFO,2025-05-06,14:13:00,2025-05-29,30.85,30.85,30.85,30.85,0,27870,0
BANKNIFTY29MAY2560100CE.NFO,2025-05-06,14:14:00,2025-05-29,30.85,30.85,30.85,30.85,0,27870,0
BANKNIFTY29MAY2560100CE.NFO,2025-05-06,14:15:00,2025-05-29,30.85,30.85,30.85,30.85,0,27870,0
BANKNIFTY29MAY2560100CE.NFO,2025-05-06,14:16:00,2025-05-29,30.85,30.85,30.85,30.85,0,27870,0
BANKNIFTY29MAY2560100CE.NFO,2025-05-06,14:17:00,2025-05-29,30.85,30.85,30.85,30.85,0,27870,0
BANKNIFTY29MAY2560100CE.NFO,2025-05-06,14:18:00,2025-05-29,30.85,30.85,30.85,30.85,0,27870,0
BANKNIFTY29MAY2560100CE.NFO,2025-05-06,14:19:00,2025-05-29,30.85,31.6,30.85,31.6,30,27870,0
BANKNIFTY29MAY2560100CE.NFO,2025-05-06,14:20:00,2025-05-29,31.6,31.6,30.2,30.2,30,27870,0
BANKNIFTY29MAY2560100CE.NFO,2025-05-06,14:21:00,2025-05-29,30.2,30.2,30.2,30.2,0,27870,0
BANKNIFTY29MAY2560100CE.NFO,2025-05-06,14:22:00,2025-05-29,30.2,30.2,30.05,30.05,30,27840,0
BANKNIFTY29MAY2560100CE.NFO,2025-05-06,14:23:00,2025-05-29,30.05,31.05,30.05,31.05,900,27840,0
BANKNIFTY29MAY2560100CE.NFO,2025-05-06,14:24:00,2025-05-29,31.05,31.05,30.7,30.7,30,27840,0
BANKNIFTY29MAY2560100CE.NFO,2025-05-06,14:25:00,2025-05-29,30.7,30.7,30.7,30.7,0,27840,0
BANKNIFTY29MAY2560100CE.NFO,2025-05-06,14:26:00,2025-05-29,30.7,30.7,30.05,30.1,90,28020,0
BANKNIFTY29MAY2560100CE.NFO,2025-05-06,14:27:00,2025-05-29,30.1,30.25,30.1,30.25,30,28020,0
BANKNIFTY29MAY2560100CE.NFO,2025-05-06,14:28:00,2025-05-29,30.25,30.25,30.25,30.25,0,28020,0
BANKNIFTY29MAY2560100CE.NFO,2025-05-06,14:29:00,2025-05-29,30.1,30.25,30.1,30.25,60,28020,0
BANKNIFTY29MAY2560100CE.NFO,2025-05-06,14:30:00,2025-05-29,30.25,30.25,30.25,30.25,0,28020,0
BANKNIFTY29MAY2560100CE.NFO,2025-05-06,14:31:00,2025-05-29,30.25,30.25,30.25,30.25,0,28020,0
BANKNIFTY29MAY2560100CE.NFO,2025-05-06,14:32:00,2025-05-29,30.25,30.25,30.25,30.25,0,28020,0
BANKNIFTY29MAY2560100CE.NFO,2025-05-06,14:33:00,2025-05-29,30.25,31.4,30.25,31.4,0,28020,0
BANKNIFTY29MAY2560100CE.NFO,2025-05-06,14:34:00,2025-05-29,31.4,31.4,31.4,31.4,30,28020,0
BANKNIFTY29MAY2560100CE.NFO,2025-05-06,14:35:00,2025-05-29,31.4,31.4,30.4,30.4,30,28020,0
BANKNIFTY29MAY2560100CE.NFO,2025-05-06,14:36:00,2025-05-29,30.4,30.5,30.25,30.5,720,28020,0
BANKNIFTY29MAY2560100CE.NFO,2025-05-06,14:37:00,2025-05-29,30.5,30.5,30.5,30.5,0,28020,0
BANKNIFTY29MAY2560100CE.NFO,2025-05-06,14:38:00,2025-05-29,30.5,30.5,30.5,30.5,0,28020,0
BANKNIFTY29MAY2560100CE.NFO,2025-05-06,14:39:00,2025-05-29,30.5,30.9,30.5,30.9,0,27810,0
BANKNIFTY29MAY2560100CE.NFO,2025-05-06,14:40:00,2025-05-29,30.9,30.9,30.0,30.25,1170,27300,0
BANKNIFTY29MAY2560100CE.NFO,2025-05-06,14:41:00,2025-05-29,30.25,30.25,30.25,30.25,0,27300,0
BANKNIFTY29MAY2560100CE.NFO,2025-05-06,14:42:00,2025-05-29,30.25,30.25,30.25,30.25,0,27300,0
BANKNIFTY29MAY2560100CE.NFO,2025-05-06,14:43:00,2025-05-29,30.25,30.25,29.45,29.45,0,27180,0
BANKNIFTY29MAY2560100CE.NFO,2025-05-06,14:44:00,2025-05-29,29.45,29.65,29.4,29.4,120,27180,0
BANKNIFTY29MAY2560100CE.NFO,2025-05-06,14:45:00,2025-05-29,29.4,29.4,29.4,29.4,30,27180,0
BANKNIFTY29MAY2560100CE.NFO,2025-05-06,14:46:00,2025-05-29,29.4,29.8,29.1,29.35,180,27180,0
BANKNIFTY29MAY2560100CE.NFO,2025-05-06,14:47:00,2025-05-29,29.35,29.35,29.35,29.35,0,27180,0
BANKNIFTY29MAY2560100CE.NFO,2025-05-06,14:48:00,2025-05-29,29.35,29.6,29.35,29.35,480,27120,0
BANKNIFTY29MAY2560100CE.NFO,2025-05-06,14:49:00,2025-05-29,29.35,29.5,29.35,29.5,60,27120,0
BANKNIFTY29MAY2560100CE.NFO,2025-05-06,14:50:00,2025-05-29,29.5,29.5,29.5,29.5,0,27120,0
BANKNIFTY29MAY2560100CE.NFO,2025-05-06,14:51:00,2025-05-29,29.5,29.5,29.0,29.0,330,27060,0
BANKNIFTY29MAY2560100CE.NFO,2025-05-06,14:52:00,2025-05-29,29.0,29.0,29.0,29.0,0,27060,0
BANKNIFTY29MAY2560100CE.NFO,2025-05-06,14:53:00,2025-05-29,29.0,29.0,29.0,29.0,0,27060,0
BANKNIFTY29MAY2560100CE.NFO,2025-05-06,14:54:00,2025-05-29,29.0,29.0,29.0,29.0,0,27060,0
BANKNIFTY29MAY2560100CE.NFO,2025-05-06,14:55:00,2025-05-29,29.0,29.0,29.0,29.0,0,27060,0
BANKNIFTY29MAY2560100CE.NFO,2025-05-06,14:56:00,2025-05-29,29.0,29.0,29.0,29.0,0,27060,0
BANKNIFTY29MAY2560100CE.NFO,2025-05-06,14:57:00,2025-05-29,29.0,29.0,29.0,29.0,0,27060,0
BANKNIFTY29MAY2560100CE.NFO,2025-05-06,14:58:00,2025-05-29,29.0,29.0,29.0,29.0,0,27060,0
BANKNIFTY29MAY2560100CE.NFO,2025-05-06,14:59:00,2025-05-29,29.0,29.0,27.55,27.55,30,26730,0
BANKNIFTY29MAY2560100CE.NFO,2025-05-06,15:00:00,2025-05-29,27.55,27.7,27.35,27.55,120,26730,0
BANKNIFTY29MAY2560100CE.NFO,2025-05-06,15:01:00,2025-05-29,27.55,27.8,27.45,27.6,480,26700,0
BANKNIFTY29MAY2560100CE.NFO,2025-05-06,15:02:00,2025-05-29,27.6,28.1,27.6,28.1,150,26700,0
BANKNIFTY29MAY2560100CE.NFO,2025-05-06,15:03:00,2025-05-29,28.1,28.1,27.9,27.9,0,26700,0
BANKNIFTY29MAY2560100CE.NFO,2025-05-06,15:04:00,2025-05-29,27.9,27.9,27.9,27.9,0,26700,0
BANKNIFTY29MAY2560100CE.NFO,2025-05-06,15:05:00,2025-05-29,27.9,28.2,27.9,28.2,180,26580,0
BANKNIFTY29MAY2560100CE.NFO,2025-05-06,15:06:00,2025-05-29,28.2,28.2,28.2,28.2,0,26580,0
BANKNIFTY29MAY2560100CE.NFO,2025-05-06,15:07:00,2025-05-29,28.2,28.2,28.2,28.2,0,26580,0
BANKNIFTY29MAY2560100CE.NFO,2025-05-06,15:08:00,2025-05-29,28.2,28.2,27.15,27.75,120,26580,0
BANKNIFTY29MAY2560100CE.NFO,2025-05-06,15:09:00,2025-05-29,27.75,27.75,27.75,27.75,0,26580,0
BANKNIFTY29MAY2560100CE.NFO,2025-05-06,15:10:00,2025-05-29,27.75,27.75,27.25,27.25,60,26580,0
BANKNIFTY29MAY2560100CE.NFO,2025-05-06,15:11:00,2025-05-29,27.25,27.85,27.25,27.85,30,26580,0
BANKNIFTY29MAY2560100CE.NFO,2025-05-06,15:12:00,2025-05-29,27.85,27.85,27.3,27.6,240,26580,0
BANKNIFTY29MAY2560100CE.NFO,2025-05-06,15:13:00,2025-05-29,27.6,27.65,27.4,27.65,150,26430,0
BANKNIFTY29MAY2560100CE.NFO,2025-05-06,15:14:00,2025-05-29,27.65,28.05,27.65,27.9,1200,26430,0
BANKNIFTY29MAY2560100CE.NFO,2025-05-06,15:15:00,2025-05-29,27.9,27.9,26.75,26.75,990,26430,0
BANKNIFTY29MAY2560100CE.NFO,2025-05-06,15:16:00,2025-05-29,26.75,26.75,26.35,26.35,210,26700,0
BANKNIFTY29MAY2560100CE.NFO,2025-05-06,15:17:00,2025-05-29,26.35,26.5,26.35,26.5,60,26700,0
BANKNIFTY29MAY2560100CE.NFO,2025-05-06,15:18:00,2025-05-29,26.5,26.5,26.5,26.5,0,26700,0
BANKNIFTY29MAY2560100CE.NFO,2025-05-06,15:19:00,2025-05-29,26.5,26.5,26.5,26.5,0,26700,0
BANKNIFTY29MAY2560100CE.NFO,2025-05-06,15:20:00,2025-05-29,26.5,26.5,26.5,26.5,0,26700,0
BANKNIFTY29MAY2560100CE.NFO,2025-05-06,15:21:00,2025-05-29,26.5,26.5,25.45,25.45,630,26760,0
BANKNIFTY29MAY2560100CE.NFO,2025-05-06,15:22:00,2025-05-29,25.45,25.45,25.0,25.0,420,26220,0
BANKNIFTY29MAY2560100CE.NFO,2025-05-06,15:23:00,2025-05-29,25.2,25.25,25.0,25.25,2400,26220,0
BANKNIFTY29MAY2560100CE.NFO,2025-05-06,15:24:00,2025-05-29,25.25,25.25,24.15,24.75,1440,26220,0
BANKNIFTY29MAY2560100CE.NFO,2025-05-06,15:25:00,2025-05-29,24.75,25.4,24.75,25.0,420,25440,0
BANKNIFTY29MAY2560100CE.NFO,2025-05-06,15:26:00,2025-05-29,25.0,25.75,25.0,25.75,2610,25440,0
BANKNIFTY29MAY2560100CE.NFO,2025-05-06,15:27:00,2025-05-29,25.75,26.2,25.75,25.9,90,25440,0
BANKNIFTY29MAY2560100CE.NFO,2025-05-06,15:28:00,2025-05-29,25.9,26.15,25.15,25.3,1050,25200,0
BANKNIFTY29MAY2560100CE.NFO,2025-05-06,15:29:00,2025-05-29,25.3,25.6,25.3,25.6,480,25200,0
BANKNIFTY29MAY2560100CE.NFO,2025-05-06,15:30:00,2025-05-29,25.6,25.6,25.6,25.6,480,25200,1
BANKNIFTY29MAY2560100CE.NFO,2025-05-07,09:15:00,2025-05-29,24.95,24.95,23.0,24.95,630,25080,0
BANKNIFTY29MAY2560100CE.NFO,2025-05-07,09:16:00,2025-05-29,25.0,28.9,25.0,28.9,330,25080,0
BANKNIFTY29MAY2560100CE.NFO,2025-05-07,09:17:00,2025-05-29,28.9,28.95,25.35,28.3,750,25080,0
BANKNIFTY29MAY2560100CE.NFO,2025-05-07,09:18:00,2025-05-29,28.3,28.5,27.4,28.1,60,24870,0
BANKNIFTY29MAY2560100CE.NFO,2025-05-07,09:19:00,2025-05-29,28.1,28.1,26.55,27.55,690,24870,0
BANKNIFTY29MAY2560100CE.NFO,2025-05-07,09:20:00,2025-05-29,27.55,28.55,26.85,28.55,960,24870,0
BANKNIFTY29MAY2560100CE.NFO,2025-05-07,09:21:00,2025-05-29,28.55,28.8,27.15,28.5,360,25260,0
BANKNIFTY29MAY2560100CE.NFO,2025-05-07,09:22:00,2025-05-29,28.5,28.5,27.25,27.75,1050,25260,0
BANKNIFTY29MAY2560100CE.NFO,2025-05-07,09:23:00,2025-05-29,27.75,27.85,27.4,27.4,630,25260,0
BANKNIFTY29MAY2560100CE.NFO,2025-05-07,09:24:00,2025-05-29,27.4,28.45,27.4,28.1,420,25800,0
BANKNIFTY29MAY2560100CE.NFO,2025-05-07,09:25:00,2025-05-29,28.1,29.7,28.1,29.7,210,25800,0
BANKNIFTY29MAY2560100CE.NFO,2025-05-07,09:26:00,2025-05-29,29.7,31.5,29.7,31.0,960,25800,0
BANKNIFTY29MAY2560100CE.NFO,2025-05-07,09:27:00,2025-05-29,31.0,32.4,31.0,31.65,1260,26460,0
BANKNIFTY29MAY2560100CE.NFO,2025-05-07,09:28:00,2025-05-29,31.65,32.0,30.25,31.4,1620,26460,0
BANKNIFTY29MAY2560100CE.NFO,2025-05-07,09:29:00,2025-05-29,31.4,32.1,31.35,31.7,330,26460,0
BANKNIFTY29MAY2560100CE.NFO,2025-05-07,09:30:00,2025-05-29,31.7,32.6,31.4,32.05,1380,26520,0
BANKNIFTY29MAY2560100CE.NFO,2025-05-07,09:31:00,2025-05-29,32.05,32.05,30.25,30.5,480,26520,0
BANKNIFTY29MAY2560100CE.NFO,2025-05-07,09:32:00,2025-05-29,30.5,30.5,29.35,29.35,90,26520,0
BANKNIFTY29MAY2560100CE.NFO,2025-05-07,09:33:00,2025-05-29,29.35,30.65,29.35,30.6,150,27000,0
BANKNIFTY29MAY2560100CE.NFO,2025-05-07,09:34:00,2025-05-29,30.65,32.0,30.65,31.55,360,27000,0
BANKNIFTY29MAY2560100CE.NFO,2025-05-07,09:35:00,2025-05-29,31.55,31.55,30.85,30.85,180,27000,0
BANKNIFTY29MAY2560100CE.NFO,2025-05-07,09:36:00,2025-05-29,30.85,31.15,30.8,31.15,360,27030,0
BANKNIFTY29MAY2560100CE.NFO,2025-05-07,09:37:00,2025-05-29,31.15,31.15,30.55,30.55,510,27030,0
BANKNIFTY29MAY2560100CE.NFO,2025-05-07,09:38:00,2025-05-29,30.55,30.55,29.55,29.6,510,27030,0
BANKNIFTY29MAY2560100CE.NFO,2025-05-07,09:39:00,2025-05-29,29.6,29.6,28.35,28.6,660,26460,0
BANKNIFTY29MAY2560100CE.NFO,2025-05-07,09:40:00,2025-05-29,28.6,29.7,28.6,29.7,30,26460,0
BANKNIFTY29MAY2560100CE.NFO,2025-05-07,09:41:00,2025-05-29,29.7,29.7,29.7,29.7,0,26460,0
BANKNIFTY29MAY2560100CE.NFO,2025-05-07,09:42:00,2025-05-29,29.7,29.7,29.7,29.7,0,26460,0
BANKNIFTY29MAY2560100CE.NFO,2025-05-07,09:43:00,2025-05-29,29.7,29.7,28.0,29.15,300,26340,0
BANKNIFTY29MAY2560100CE.NFO,2025-05-07,09:44:00,2025-05-29,29.15,30.05,29.15,29.35,150,26340,0
BANKNIFTY29MAY2560100CE.NFO,2025-05-07,09:45:00,2025-05-29,29.35,29.6,29.35,29.6,120,26460,0
BANKNIFTY29MAY2560100CE.NFO,2025-05-07,09:46:00,2025-05-29,29.6,29.6,27.5,27.7,540,26460,0
BANKNIFTY29MAY2560100CE.NFO,2025-05-07,09:47:00,2025-05-29,27.7,27.8,25.75,25.75,990,26460,0
BANKNIFTY29MAY2560100CE.NFO,2025-05-07,09:48:00,2025-05-29,25.75,26.05,25.75,26.05,30,26460,0
BANKNIFTY29MAY2560100CE.NFO,2025-05-07,09:49:00,2025-05-29,26.05,27.1,26.05,27.1,90,26370,0
BANKNIFTY29MAY2560100CE.NFO,2025-05-07,09:50:00,2025-05-29,27.1,27.2,26.4,26.65,540,26370,0
BANKNIFTY29MAY2560100CE.NFO,2025-05-07,09:51:00,2025-05-29,26.65,27.05,26.2,26.2,1230,27420,0
BANKNIFTY29MAY2560100CE.NFO,2025-05-07,09:52:00,2025-05-29,26.2,26.35,26.2,26.35,1080,27420,0
BANKNIFTY29MAY2560100CE.NFO,2025-05-07,09:53:00,2025-05-29,26.35,26.45,26.2,26.2,270,27420,0
BANKNIFTY29MAY2560100CE.NFO,2025-05-07,09:54:00,2025-05-29,26.2,26.8,25.55,25.55,420,27900,0
BANKNIFTY29MAY2560100CE.NFO,2025-05-07,09:55:00,2025-05-29,25.55,26.4,25.55,26.15,30,27900,0
BANKNIFTY29MAY2560100CE.NFO,2025-05-07,09:56:00,2025-05-29,26.15,26.15,25.9,26.1,240,27900,0
BANKNIFTY29MAY2560100CE.NFO,2025-05-07,09:57:00,2025-05-29,26.1,27.35,26.1,27.35,900,27900,0
BANKNIFTY29MAY2560100CE.NFO,2025-05-07,09:58:00,2025-05-29,27.35,28.0,27.3,27.3,1350,27450,0
BANKNIFTY29MAY2560100CE.NFO,2025-05-07,09:59:00,2025-05-29,27.3,27.9,26.9,26.9,120,27450,0
BANKNIFTY29MAY2560100CE.NFO,2025-05-07,10:00:00,2025-05-29,26.9,26.9,26.9,26.9,0,27450,0
BANKNIFTY29MAY2560100CE.NFO,2025-05-07,10:01:00,2025-05-29,26.9,26.95,25.1,26.95,120,26430,0
BANKNIFTY29MAY2560100CE.NFO,2025-05-07,10:02:00,2025-05-29,26.95,26.95,26.2,26.7,390,26430,0
BANKNIFTY29MAY2560100CE.NFO,2025-05-07,10:03:00,2025-05-29,26.7,26.8,25.2,25.2,450,26400,0
BANKNIFTY29MAY2560100CE.NFO,2025-05-07,10:04:00,2025-05-29,25.2,25.25,23.65,23.7,1560,26400,0
BANKNIFTY29MAY2560100CE.NFO,2025-05-07,10:05:00,2025-05-29,23.7,23.7,23.7,23.7,0,26400,0
BANKNIFTY29MAY2560100CE.NFO,2025-05-07,10:06:00,2025-05-29,23.7,23.9,21.9,23.9,990,26910,0
BANKNIFTY29MAY2560100CE.NFO,2025-05-07,10:07:00,2025-05-29,23.9,23.9,23.4,23.9,360,26910,0
BANKNIFTY29MAY2560100CE.NFO,2025-05-07,10:08:00,2025-05-29,23.9,23.9,22.85,22.9,360,26910,0
BANKNIFTY29MAY2560100CE.NFO,2025-05-07,10:09:00,2025-05-29,22.15,22.15,22.15,22.15,240,26340,0
BANKNIFTY29MAY2560100CE.NFO,2025-05-07,10:10:00,2025-05-29,22.15,22.35,22.1,22.2,330,26340,0
BANKNIFTY29MAY2560100CE.NFO,2025-05-07,10:11:00,2025-05-29,22.2,23.1,22.2,23.1,420,26340,0
BANKNIFTY29MAY2560100CE.NFO,2025-05-07,10:12:00,2025-05-29,23.1,23.7,23.1,23.35,90,26610,0
BANKNIFTY29MAY2560100CE.NFO,2025-05-07,10:13:00,2025-05-29,23.35,23.55,22.95,22.95,330,26610,0
BANKNIFTY29MAY2560100CE.NFO,2025-05-07,10:14:00,2025-05-29,22.95,23.45,22.95,23.45,150,26610,0
BANKNIFTY29MAY2560100CE.NFO,2025-05-07,10:15:00,2025-05-29,23.45,23.45,22.75,22.8,90,26610,0
BANKNIFTY29MAY2560100CE.NFO,2025-05-07,10:16:00,2025-05-29,22.8,22.8,22.65,22.65,0,26460,0
BANKNIFTY29MAY2560100CE.NFO,2025-05-07,10:17:00,2025-05-29,22.65,23.1,22.65,22.75,300,26460,0
BANKNIFTY29MAY2560100CE.NFO,2025-05-07,10:18:00,2025-05-29,22.75,22.75,22.55,22.55,30,26550,0
BANKNIFTY29MAY2560100CE.NFO,2025-05-07,10:19:00,2025-05-29,22.55,22.55,22.55,22.55,0,26550,0
BANKNIFTY29MAY2560100CE.NFO,2025-05-07,10:20:00,2025-05-29,22.55,22.55,22.25,22.45,90,26550,0
BANKNIFTY29MAY2560100CE.NFO,2025-05-07,10:21:00,2025-05-29,22.45,22.45,22.45,22.45,0,26550,0
BANKNIFTY29MAY2560100CE.NFO,2025-05-07,10:22:00,2025-05-29,22.45,22.8,22.45,22.7,180,26430,0
BANKNIFTY29MAY2560100CE.NFO,2025-05-07,10:23:00,2025-05-29,22.7,23.8,22.7,23.8,180,26430,0
BANKNIFTY29MAY2560100CE.NFO,2025-05-07,10:24:00,2025-05-29,23.8,23.8,23.8,23.8,0,26430,0
BANKNIFTY29MAY2560100CE.NFO,2025-05-07,10:25:00,2025-05-29,23.8,23.8,23.8,23.8,0,26430,0
BANKNIFTY29MAY2560100CE.NFO,2025-05-07,10:26:00,2025-05-29,23.8,23.8,23.8,23.8,0,26430,0
BANKNIFTY29MAY2560100CE.NFO,2025-05-07,10:27:00,2025-05-29,23.8,23.8,23.8,23.8,0,26430,0
BANKNIFTY29MAY2560100CE.NFO,2025-05-07,10:28:00,2025-05-29,23.8,23.8,23.8,23.8,0,26430,0
BANKNIFTY29MAY2560100CE.NFO,2025-05-07,10:29:00,2025-05-29,23.8,23.8,22.25,22.4,1710,26460,0
BANKNIFTY29MAY2560100CE.NFO,2025-05-07,10:30:00,2025-05-29,22.4,22.4,22.0,22.0,60,26460,0
BANKNIFTY29MAY2560100CE.NFO,2025-05-07,10:31:00,2025-05-29,22.0,22.4,21.9,22.1,330,27630,0
BANKNIFTY29MAY2560100CE.NFO,2025-05-07,10:32:00,2025-05-29,22.1,22.2,22.1,22.2,60,27630,0
BANKNIFTY29MAY2560100CE.NFO,2025-05-07,10:33:00,2025-05-29,22.2,22.2,22.2,22.2,0,27630,0
BANKNIFTY29MAY2560100CE.NFO,2025-05-07,10:34:00,2025-05-29,22.2,22.2,21.7,21.75,870,27780,0
BANKNIFTY29MAY2560100CE.NFO,2025-05-07,10:35:00,2025-05-29,21.75,21.75,21.75,21.75,0,27780,0
BANKNIFTY29MAY2560100CE.NFO,2025-05-07,10:36:00,2025-05-29,21.75,22.05,21.3,22.05,60,27780,0
BANKNIFTY29MAY2560100CE.NFO,2025-05-07,10:37:00,2025-05-29,22.05,22.05,21.95,21.95,180,27120,0
BANKNIFTY29MAY2560100CE.NFO,2025-05-07,10:38:00,2025-05-29,21.95,22.8,21.95,22.8,30,27120,0
BANKNIFTY29MAY2560100CE.NFO,2025-05-07,10:39:00,2025-05-29,22.8,22.8,21.9,21.9,150,27120,0
BANKNIFTY29MAY2560100CE.NFO,2025-05-07,10:40:00,2025-05-29,21.9,21.9,21.3,21.3,180,26820,0
BANKNIFTY29MAY2560100CE.NFO,2025-05-07,10:41:00,2025-05-29,21.3,21.3,21.3,21.3,0,26820,0
BANKNIFTY29MAY2560100CE.NFO,2025-05-07,10:42:00,2025-05-29,21.3,21.3,21.3,21.3,0,26820,0
BANKNIFTY29MAY2560100CE.NFO,2025-05-07,10:43:00,2025-05-29,21.3,21.3,21.3,21.3,0,26820,0
BANKNIFTY29MAY2560100CE.NFO,2025-05-07,10:44:00,2025-05-29,21.4,21.4,21.2,21.2,270,26820,0
BANKNIFTY29MAY2560100CE.NFO,2025-05-07,10:45:00,2025-05-29,21.2,21.25,21.2,21.25,30,26820,0
BANKNIFTY29MAY2560100CE.NFO,2025-05-07,10:46:00,2025-05-29,21.25,21.7,21.25,21.6,1500,26910,0
BANKNIFTY29MAY2560100CE.NFO,2025-05-07,10:47:00,2025-05-29,21.6,21.85,21.55,21.55,120,26910,0
BANKNIFTY29MAY2560100CE.NFO,2025-05-07,10:48:00,2025-05-29,21.55,21.85,21.35,21.85,120,26910,0
BANKNIFTY29MAY2560100CE.NFO,2025-05-07,10:49:00,2025-05-29,21.85,22.0,21.75,21.85,1050,26700,0
BANKNIFTY29MAY2560100CE.NFO,2025-05-07,10:50:00,2025-05-29,21.85,22.45,21.85,22.45,420,26700,0
BANKNIFTY29MAY2560100CE.NFO,2025-05-07,10:51:00,2025-05-29,22.45,22.45,21.5,22.0,660,26700,0
BANKNIFTY29MAY2560100CE.NFO,2025-05-07,10:52:00,2025-05-29,22.0,22.0,21.5,21.5,30,27030,0
BANKNIFTY29MAY2560100CE.NFO,2025-05-07,10:53:00,2025-05-29,21.5,21.95,21.45,21.95,690,27030,0
BANKNIFTY29MAY2560100CE.NFO,2025-05-07,10:54:00,2025-05-29,21.95,21.95,21.15,21.15,90,27030,0
BANKNIFTY29MAY2560100CE.NFO,2025-05-07,10:55:00,2025-05-29,21.15,21.15,19.65,20.35,810,27150,0
BANKNIFTY29MAY2560100CE.NFO,2025-05-07,10:56:00,2025-05-29,20.35,21.0,20.35,21.0,150,27150,0
BANKNIFTY29MAY2560100CE.NFO,2025-05-07,10:57:00,2025-05-29,21.0,21.0,17.35,20.4,390,27000,0
BANKNIFTY29MAY2560100CE.NFO,2025-05-07,10:58:00,2025-05-29,20.4,20.5,20.4,20.5,1200,27000,0
BANKNIFTY29MAY2560100CE.NFO,2025-05-07,10:59:00,2025-05-29,20.5,20.85,20.5,20.8,540,27000,0
BANKNIFTY29MAY2560100CE.NFO,2025-05-07,11:00:00,2025-05-29,20.8,21.0,20.7,21.0,90,27000,0
BANKNIFTY29MAY2560100CE.NFO,2025-05-07,11:01:00,2025-05-29,21.0,21.0,21.0,21.0,0,27000,0
BANKNIFTY29MAY2560100CE.NFO,2025-05-07,11:02:00,2025-05-29,21.0,21.0,21.0,21.0,0,27000,0
BANKNIFTY29MAY2560100CE.NFO,2025-05-07,11:03:00,2025-05-29,21.0,21.0,21.0,21.0,0,27000,0
BANKNIFTY29MAY2560100CE.NFO,2025-05-07,11:04:00,2025-05-29,21.0,21.55,21.0,21.45,0,26040,0
BANKNIFTY29MAY2560100CE.NFO,2025-05-07,11:05:00,2025-05-29,21.45,21.45,21.45,21.45,420,26040,0
BANKNIFTY29MAY2560100CE.NFO,2025-05-07,11:06:00,2025-05-29,21.45,21.45,21.45,21.45,0,26040,0
BANKNIFTY29MAY2560100CE.NFO,2025-05-07,11:07:00,2025-05-29,21.45,21.45,21.45,21.45,0,26040,0
BANKNIFTY29MAY2560100CE.NFO,2025-05-07,11:08:00,2025-05-29,21.45,21.45,20.75,20.75,210,26040,0
BANKNIFTY29MAY2560100CE.NFO,2025-05-07,11:09:00,2025-05-29,20.75,20.75,20.75,20.75,0,26040,0
BANKNIFTY29MAY2560100CE.NFO,2025-05-07,11:10:00,2025-05-29,20.75,21.0,20.75,21.0,300,25980,0
BANKNIFTY29MAY2560100CE.NFO,2025-05-07,11:11:00,2025-05-29,21.0,21.0,21.0,21.0,0,25980,0
BANKNIFTY29MAY2560100CE.NFO,2025-05-07,11:12:00,2025-05-29,21.0,21.0,20.75,20.75,120,25980,0
BANKNIFTY29MAY2560100CE.NFO,2025-05-07,11:13:00,2025-05-29,20.75,21.05,20.75,21.05,0,25980,0
BANKNIFTY29MAY2560100CE.NFO,2025-05-07,11:14:00,2025-05-29,21.05,21.3,21.05,21.3,150,25980,0
BANKNIFTY29MAY2560100CE.NFO,2025-05-07,11:15:00,2025-05-29,21.3,21.3,21.3,21.3,0,25980,0
BANKNIFTY29MAY2560100CE.NFO,2025-05-07,11:16:00,2025-05-29,21.3,21.3,21.3,21.3,0,25980,0
BANKNIFTY29MAY2560100CE.NFO,2025-05-07,11:17:00,2025-05-29,21.3,21.3,21.3,21.3,0,25980,0
BANKNIFTY29MAY2560100CE.NFO,2025-05-07,11:18:00,2025-05-29,21.3,22.3,21.3,22.3,180,26010,0
BANKNIFTY29MAY2560100CE.NFO,2025-05-07,11:19:00,2025-05-29,22.3,22.3,22.3,22.3,0,26010,0
BANKNIFTY29MAY2560100CE.NFO,2025-05-07,11:20:00,2025-05-29,22.3,22.3,22.3,22.3,0,26010,0
BANKNIFTY29MAY2560100CE.NFO,2025-05-07,11:21:00,2025-05-29,22.3,22.3,22.3,22.3,0,26010,0
BANKNIFTY29MAY2560100CE.NFO,2025-05-07,11:22:00,2025-05-29,22.3,22.3,22.3,22.3,0,26010,0
BANKNIFTY29MAY2560100CE.NFO,2025-05-07,11:23:00,2025-05-29,22.3,22.8,22.3,22.75,1380,26010,0
BANKNIFTY29MAY2560100CE.NFO,2025-05-07,11:24:00,2025-05-29,22.75,22.75,22.75,22.75,0,26010,0
BANKNIFTY29MAY2560100CE.NFO,2025-05-07,11:25:00,2025-05-29,22.75,22.75,22.75,22.75,0,26010,0
BANKNIFTY29MAY2560100CE.NFO,2025-05-07,11:26:00,2025-05-29,22.75,23.65,22.75,23.4,1170,27390,0
BANKNIFTY29MAY2560100CE.NFO,2025-05-07,11:27:00,2025-05-29,23.4,23.4,23.4,23.4,0,27390,0
BANKNIFTY29MAY2560100CE.NFO,2025-05-07,11:28:00,2025-05-29,23.4,23.4,23.35,23.35,90,26250,0
BANKNIFTY29MAY2560100CE.NFO,2025-05-07,11:29:00,2025-05-29,23.35,23.35,23.3,23.35,30,26250,0
BANKNIFTY29MAY2560100CE.NFO,2025-05-07,11:30:00,2025-05-29,23.35,23.35,23.35,23.35,0,26250,0
BANKNIFTY29MAY2560100CE.NFO,2025-05-07,11:31:00,2025-05-29,23.35,23.35,23.35,23.35,0,26250,0
BANKNIFTY29MAY2560100CE.NFO,2025-05-07,11:32:00,2025-05-29,23.35,23.35,23.35,23.35,0,26250,0
BANKNIFTY29MAY2560100CE.NFO,2025-05-07,11:33:00,2025-05-29,23.35,23.35,23.35,23.35,0,26250,0
BANKNIFTY29MAY2560100CE.NFO,2025-05-07,11:34:00,2025-05-29,23.35,23.35,23.35,23.35,0,26250,0
BANKNIFTY29MAY2560100CE.NFO,2025-05-07,11:35:00,2025-05-29,23.35,23.35,23.35,23.35,0,26250,0
BANKNIFTY29MAY2560100CE.NFO,2025-05-07,11:36:00,2025-05-29,23.35,25.05,23.35,24.75,240,26130,0
BANKNIFTY29MAY2560100CE.NFO,2025-05-07,11:37:00,2025-05-29,24.75,24.75,24.75,24.75,1080,26130,0
BANKNIFTY29MAY2560100CE.NFO,2025-05-07,11:38:00,2025-05-29,24.75,24.75,24.75,24.75,0,26130,0
BANKNIFTY29MAY2560100CE.NFO,2025-05-07,11:39:00,2025-05-29,24.75,24.75,24.75,24.75,0,26130,0
BANKNIFTY29MAY2560100CE.NFO,2025-05-07,11:40:00,2025-05-29,24.75,24.75,24.75,24.75,0,26130,0
BANKNIFTY29MAY2560100CE.NFO,2025-05-07,11:41:00,2025-05-29,24.75,24.75,23.55,23.55,30,25770,0
BANKNIFTY29MAY2560100CE.NFO,2025-05-07,11:42:00,2025-05-29,23.55,23.55,23.55,23.55,0,25770,0
BANKNIFTY29MAY2560100CE.NFO,2025-05-07,11:43:00,2025-05-29,23.55,23.55,23.55,23.55,0,25770,0
BANKNIFTY29MAY2560100CE.NFO,2025-05-07,11:44:00,2025-05-29,23.55,23.55,23.55,23.55,0,25770,0
BANKNIFTY29MAY2560100CE.NFO,2025-05-07,11:45:00,2025-05-29,23.55,23.55,23.55,23.55,0,25770,0
BANKNIFTY29MAY2560100CE.NFO,2025-05-07,11:46:00,2025-05-29,23.55,23.55,23.55,23.55,0,25770,0
BANKNIFTY29MAY2560100CE.NFO,2025-05-07,11:47:00,2025-05-29,23.55,23.55,23.55,23.55,0,25770,0
BANKNIFTY29MAY2560100CE.NFO,2025-05-07,11:48:00,2025-05-29,23.55,23.55,23.55,23.55,0,25770,0
BANKNIFTY29MAY2560100CE.NFO,2025-05-07,11:49:00,2025-05-29,23.55,23.55,23.55,23.55,0,25770,0
BANKNIFTY29MAY2560100CE.NFO,2025-05-07,11:50:00,2025-05-29,23.55,23.55,23.55,23.55,0,25770,0
BANKNIFTY29MAY2560100CE.NFO,2025-05-07,11:51:00,2025-05-29,23.55,23.55,23.55,23.55,0,25770,0
BANKNIFTY29MAY2560100CE.NFO,2025-05-07,11:52:00,2025-05-29,23.55,23.55,23.55,23.55,0,25770,0
BANKNIFTY29MAY2560100CE.NFO,2025-05-07,11:53:00,2025-05-29,23.55,23.55,23.05,23.05,30,25740,0
BANKNIFTY29MAY2560100CE.NFO,2025-05-07,11:54:00,2025-05-29,23.05,23.05,21.25,21.7,90,25740,0
BANKNIFTY29MAY2560100CE.NFO,2025-05-07,11:55:00,2025-05-29,21.7,21.75,21.7,21.75,90,25800,0
BANKNIFTY29MAY2560100CE.NFO,2025-05-07,11:56:00,2025-05-29,21.75,21.75,21.75,21.75,0,25800,0
BANKNIFTY29MAY2560100CE.NFO,2025-05-07,11:57:00,2025-05-29,21.75,21.75,21.75,21.75,0,25800,0
BANKNIFTY29MAY2560100CE.NFO,2025-05-07,11:58:00,2025-05-29,21.75,21.75,21.75,21.75,0,25800,0
BANKNIFTY29MAY2560100CE.NFO,2025-05-07,11:59:00,2025-05-29,21.75,21.75,21.75,21.75,0,25800,0
BANKNIFTY29MAY2560100CE.NFO,2025-05-07,12:00:00,2025-05-29,21.75,21.75,21.75,21.75,0,25800,0
BANKNIFTY29MAY2560100CE.NFO,2025-05-07,12:01:00,2025-05-29,21.75,21.75,21.75,21.75,0,25800,0
BANKNIFTY29MAY2560100CE.NFO,2025-05-07,12:02:00,2025-05-29,21.75,22.8,21.75,21.95,90,25770,0
BANKNIFTY29MAY2560100CE.NFO,2025-05-07,12:03:00,2025-05-29,21.95,21.95,21.95,21.95,30,25770,0
BANKNIFTY29MAY2560100CE.NFO,2025-05-07,12:04:00,2025-05-29,21.95,21.95,21.95,21.95,0,25770,0
BANKNIFTY29MAY2560100CE.NFO,2025-05-07,12:05:00,2025-05-29,21.95,21.95,21.95,21.95,0,25770,0
BANKNIFTY29MAY2560100CE.NFO,2025-05-07,12:06:00,2025-05-29,21.95,21.95,21.95,21.95,0,25770,0
BANKNIFTY29MAY2560100CE.NFO,2025-05-07,12:07:00,2025-05-29,21.95,21.95,21.95,21.95,0,25770,0
BANKNIFTY29MAY2560100CE.NFO,2025-05-07,12:08:00,2025-05-29,21.95,21.95,21.95,21.95,0,25770,0
BANKNIFTY29MAY2560100CE.NFO,2025-05-07,12:09:00,2025-05-29,21.95,21.95,21.95,21.95,0,25770,0
BANKNIFTY29MAY2560100CE.NFO,2025-05-07,12:10:00,2025-05-29,21.95,21.95,21.95,21.95,0,25770,0
BANKNIFTY29MAY2560100CE.NFO,2025-05-07,12:11:00,2025-05-29,21.95,21.95,21.95,21.95,0,25770,0
BANKNIFTY29MAY2560100CE.NFO,2025-05-07,12:12:00,2025-05-29,21.95,21.95,21.95,21.95,0,25770,0
BANKNIFTY29MAY2560100CE.NFO,2025-05-07,12:13:00,2025-05-29,21.95,21.95,21.95,21.95,30,25890,0
BANKNIFTY29MAY2560100CE.NFO,2025-05-07,12:14:00,2025-05-29,21.95,21.95,21.55,21.55,90,25890,0
BANKNIFTY29MAY2560100CE.NFO,2025-05-07,12:15:00,2025-05-29,21.55,21.55,21.55,21.55,0,25890,0
BANKNIFTY29MAY2560100CE.NFO,2025-05-07,12:16:00,2025-05-29,21.55,21.55,21.55,21.55,0,25890,0
BANKNIFTY29MAY2560100CE.NFO,2025-05-07,12:17:00,2025-05-29,21.55,21.55,21.55,21.55,0,25890,0
BANKNIFTY29MAY2560100CE.NFO,2025-05-07,12:18:00,2025-05-29,21.55,21.55,21.55,21.55,0,25890,0
BANKNIFTY29MAY2560100CE.NFO,2025-05-07,12:19:00,2025-05-29,21.55,21.55,21.55,21.55,0,25890,0
BANKNIFTY29MAY2560100CE.NFO,2025-05-07,12:20:00,2025-05-29,21.55,21.55,21.55,21.55,0,25890,0
BANKNIFTY29MAY2560100CE.NFO,2025-05-07,12:21:00,2025-05-29,21.55,21.55,21.55,21.55,0,25890,0
BANKNIFTY29MAY2560100CE.NFO,2025-05-07,12:22:00,2025-05-29,22.1,22.1,21.8,21.8,180,25920,0
BANKNIFTY29MAY2560100CE.NFO,2025-05-07,12:23:00,2025-05-29,21.8,21.8,21.8,21.8,0,25920,0
BANKNIFTY29MAY2560100CE.NFO,2025-05-07,12:24:00,2025-05-29,21.8,22.3,21.8,22.1,60,25920,0
BANKNIFTY29MAY2560100CE.NFO,2025-05-07,12:25:00,2025-05-29,22.1,22.1,22.1,22.1,0,25920,0
BANKNIFTY29MAY2560100CE.NFO,2025-05-07,12:26:00,2025-05-29,22.1,22.1,20.3,22.1,90,25950,0
BANKNIFTY29MAY2560100CE.NFO,2025-05-07,12:27:00,2025-05-29,22.1,22.1,22.05,22.05,30,25950,0
BANKNIFTY29MAY2560100CE.NFO,2025-05-07,12:28:00,2025-05-29,22.05,22.05,22.05,22.05,0,25950,0
BANKNIFTY29MAY2560100CE.NFO,2025-05-07,12:29:00,2025-05-29,22.05,22.05,22.05,22.05,0,25950,0
BANKNIFTY29MAY2560100CE.NFO,2025-05-07,12:30:00,2025-05-29,22.05,22.05,22.05,22.05,0,25950,0
BANKNIFTY29MAY2560100CE.NFO,2025-05-07,12:31:00,2025-05-29,22.05,22.05,22.05,22.05,0,25950,0
BANKNIFTY29MAY2560100CE.NFO,2025-05-07,12:32:00,2025-05-29,22.05,22.05,22.05,22.05,0,25950,0
BANKNIFTY29MAY2560100CE.NFO,2025-05-07,12:33:00,2025-05-29,22.05,22.05,22.05,22.05,0,25950,0
BANKNIFTY29MAY2560100CE.NFO,2025-05-07,12:34:00,2025-05-29,22.05,22.05,22.05,22.05,0,25950,0
BANKNIFTY29MAY2560100CE.NFO,2025-05-07,12:35:00,2025-05-29,22.05,22.05,22.05,22.05,0,25950,0
BANKNIFTY29MAY2560100CE.NFO,2025-05-07,12:36:00,2025-05-29,22.05,22.05,22.05,22.05,0,25950,0
BANKNIFTY29MAY2560100CE.NFO,2025-05-07,12:37:00,2025-05-29,22.05,22.05,22.05,22.05,0,25950,0
BANKNIFTY29MAY2560100CE.NFO,2025-05-07,12:38:00,2025-05-29,22.05,22.05,22.05,22.05,0,25950,0
BANKNIFTY29MAY2560100CE.NFO,2025-05-07,12:39:00,2025-05-29,22.05,22.05,22.05,22.05,0,25950,0
BANKNIFTY29MAY2560100CE.NFO,2025-05-07,12:40:00,2025-05-29,22.05,22.05,22.05,22.05,0,25950,0
BANKNIFTY29MAY2560100CE.NFO,2025-05-07,12:41:00,2025-05-29,22.05,22.05,22.05,22.05,0,25950,0
BANKNIFTY29MAY2560100CE.NFO,2025-05-07,12:42:00,2025-05-29,22.05,22.05,22.05,22.05,0,25950,0
BANKNIFTY29MAY2560100CE.NFO,2025-05-07,12:43:00,2025-05-29,22.05,22.05,22.05,22.05,0,25950,0
BANKNIFTY29MAY2560100CE.NFO,2025-05-07,12:44:00,2025-05-29,22.05,24.45,22.05,24.45,30,25920,0
BANKNIFTY29MAY2560100CE.NFO,2025-05-07,12:45:00,2025-05-29,24.45,24.45,24.45,24.45,0,25920,0
BANKNIFTY29MAY2560100CE.NFO,2025-05-07,12:46:00,2025-05-29,24.45,24.45,24.45,24.45,0,25920,0
BANKNIFTY29MAY2560100CE.NFO,2025-05-07,12:47:00,2025-05-29,24.45,24.45,24.45,24.45,0,25920,0
BANKNIFTY29MAY2560100CE.NFO,2025-05-07,12:48:00,2025-05-29,24.45,24.45,24.45,24.45,0,25920,0
BANKNIFTY29MAY2560100CE.NFO,2025-05-07,12:49:00,2025-05-29,24.45,24.45,24.45,24.45,0,25920,0
BANKNIFTY29MAY2560100CE.NFO,2025-05-07,12:50:00,2025-05-29,24.45,24.45,24.45,24.45,0,25920,0
BANKNIFTY29MAY2560100CE.NFO,2025-05-07,12:51:00,2025-05-29,24.45,24.45,23.0,23.0,30,25950,0
BANKNIFTY29MAY2560100CE.NFO,2025-05-07,12:52:00,2025-05-29,23.0,23.0,23.0,23.0,0,25950,0
BANKNIFTY29MAY2560100CE.NFO,2025-05-07,12:53:00,2025-05-29,23.0,23.0,22.6,22.6,30,25980,0
BANKNIFTY29MAY2560100CE.NFO,2025-05-07,12:54:00,2025-05-29,22.6,22.6,22.6,22.6,0,25980,0
BANKNIFTY29MAY2560100CE.NFO,2025-05-07,12:55:00,2025-05-29,22.6,22.6,22.6,22.6,0,25980,0
BANKNIFTY29MAY2560100CE.NFO,2025-05-07,12:56:00,2025-05-29,22.6,22.6,22.6,22.6,0,25980,0
BANKNIFTY29MAY2560100CE.NFO,2025-05-07,12:57:00,2025-05-29,22.6,22.6,22.6,22.6,0,25980,0
BANKNIFTY29MAY2560100CE.NFO,2025-05-07,12:58:00,2025-05-29,22.6,22.6,22.6,22.6,0,25980,0
BANKNIFTY29MAY2560100CE.NFO,2025-05-07,12:59:00,2025-05-29,22.6,22.6,22.6,22.6,0,25980,0
BANKNIFTY29MAY2560100CE.NFO,2025-05-07,13:00:00,2025-05-29,22.6,22.6,22.6,22.6,0,25980,0
BANKNIFTY29MAY2560100CE.NFO,2025-05-07,13:01:00,2025-05-29,22.6,22.6,22.6,22.6,0,25980,0
BANKNIFTY29MAY2560100CE.NFO,2025-05-07,13:02:00,2025-05-29,22.6,22.6,22.6,22.6,0,25980,0
BANKNIFTY29MAY2560100CE.NFO,2025-05-07,13:03:00,2025-05-29,22.6,22.6,21.45,21.5,60,25950,0
BANKNIFTY29MAY2560100CE.NFO,2025-05-07,13:04:00,2025-05-29,21.5,21.5,21.5,21.5,0,25950,0
BANKNIFTY29MAY2560100CE.NFO,2025-05-07,13:05:00,2025-05-29,21.5,21.5,21.5,21.5,0,25950,0
BANKNIFTY29MAY2560100CE.NFO,2025-05-07,13:06:00,2025-05-29,21.5,21.5,21.5,21.5,0,25950,0
BANKNIFTY29MAY2560100CE.NFO,2025-05-07,13:07:00,2025-05-29,21.5,21.5,21.5,21.5,0,25950,0
BANKNIFTY29MAY2560100CE.NFO,2025-05-07,13:08:00,2025-05-29,21.5,21.5,21.5,21.5,0,25950,0
BANKNIFTY29MAY2560100CE.NFO,2025-05-07,13:09:00,2025-05-29,21.5,21.5,21.5,21.5,0,25950,0
BANKNIFTY29MAY2560100CE.NFO,2025-05-07,13:10:00,2025-05-29,21.5,21.5,21.5,21.5,0,25950,0
BANKNIFTY29MAY2560100CE.NFO,2025-05-07,13:11:00,2025-05-29,21.5,21.5,21.5,21.5,0,25950,0
BANKNIFTY29MAY2560100CE.NFO,2025-05-07,13:12:00,2025-05-29,21.5,21.5,21.5,21.5,0,25950,0
BANKNIFTY29MAY2560100CE.NFO,2025-05-07,13:13:00,2025-05-29,21.5,21.5,21.5,21.5,0,25950,0
BANKNIFTY29MAY2560100CE.NFO,2025-05-07,13:14:00,2025-05-29,21.5,22.55,21.5,22.55,30,25920,0
BANKNIFTY29MAY2560100CE.NFO,2025-05-07,13:15:00,2025-05-29,22.55,22.55,21.9,22.05,570,25920,0
BANKNIFTY29MAY2560100CE.NFO,2025-05-07,13:16:00,2025-05-29,22.05,22.05,22.05,22.05,0,25920,0
BANKNIFTY29MAY2560100CE.NFO,2025-05-07,13:17:00,2025-05-29,22.05,22.05,22.05,22.05,0,25920,0
BANKNIFTY29MAY2560100CE.NFO,2025-05-07,13:18:00,2025-05-29,22.05,22.05,22.05,22.05,0,25920,0
BANKNIFTY29MAY2560100CE.NFO,2025-05-07,13:19:00,2025-05-29,22.5,22.5,21.6,21.6,60,26310,0
BANKNIFTY29MAY2560100CE.NFO,2025-05-07,13:20:00,2025-05-29,21.6,22.05,21.6,22.05,120,26340,0
BANKNIFTY29MAY2560100CE.NFO,2025-05-07,13:21:00,2025-05-29,22.05,22.05,22.05,22.05,0,26340,0
BANKNIFTY29MAY2560100CE.NFO,2025-05-07,13:22:00,2025-05-29,22.05,22.05,22.05,22.05,0,26340,0
BANKNIFTY29MAY2560100CE.NFO,2025-05-07,13:23:00,2025-05-29,22.05,22.05,22.05,22.05,0,26340,0
BANKNIFTY29MAY2560100CE.NFO,2025-05-07,13:24:00,2025-05-29,22.05,22.05,22.05,22.05,0,26340,0
BANKNIFTY29MAY2560100CE.NFO,2025-05-07,13:25:00,2025-05-29,22.05,22.05,22.05,22.05,0,26340,0
BANKNIFTY29MAY2560100CE.NFO,2025-05-07,13:26:00,2025-05-29,21.45,22.15,21.45,21.7,1650,26340,0
BANKNIFTY29MAY2560100CE.NFO,2025-05-07,13:27:00,2025-05-29,21.7,22.25,21.6,22.25,240,26340,0
BANKNIFTY29MAY2560100CE.NFO,2025-05-07,13:28:00,2025-05-29,22.25,22.25,22.25,22.25,0,26340,0
BANKNIFTY29MAY2560100CE.NFO,2025-05-07,13:29:00,2025-05-29,22.25,22.25,22.25,22.25,0,26340,0
BANKNIFTY29MAY2560100CE.NFO,2025-05-07,13:30:00,2025-05-29,22.25,22.25,22.25,22.25,0,26340,0
BANKNIFTY29MAY2560100CE.NFO,2025-05-07,13:31:00,2025-05-29,22.25,22.25,22.25,22.25,0,26340,0
BANKNIFTY29MAY2560100CE.NFO,2025-05-07,13:32:00,2025-05-29,22.25,22.25,22.25,22.25,0,26340,0
BANKNIFTY29MAY2560100CE.NFO,2025-05-07,13:33:00,2025-05-29,22.25,22.25,22.25,22.25,0,26340,0
BANKNIFTY29MAY2560100CE.NFO,2025-05-07,13:34:00,2025-05-29,22.25,22.25,20.05,20.05,30,26550,0
BANKNIFTY29MAY2560100CE.NFO,2025-05-07,13:35:00,2025-05-29,21.3,21.3,21.3,21.3,150,26550,0
BANKNIFTY29MAY2560100CE.NFO,2025-05-07,13:36:00,2025-05-29,21.3,21.3,21.3,21.3,0,26550,0
BANKNIFTY29MAY2560100CE.NFO,2025-05-07,13:37:00,2025-05-29,21.3,21.3,21.3,21.3,0,26550,0
BANKNIFTY29MAY2560100CE.NFO,2025-05-07,13:38:00,2025-05-29,21.3,21.3,21.3,21.3,0,26550,0
BANKNIFTY29MAY2560100CE.NFO,2025-05-07,13:39:00,2025-05-29,21.3,21.3,21.3,21.3,0,26550,0
BANKNIFTY29MAY2560100CE.NFO,2025-05-07,13:40:00,2025-05-29,21.3,21.3,21.3,21.3,0,26550,0
BANKNIFTY29MAY2560100CE.NFO,2025-05-07,13:41:00,2025-05-29,21.3,21.3,21.3,21.3,0,26550,0
BANKNIFTY29MAY2560100CE.NFO,2025-05-07,13:42:00,2025-05-29,21.3,21.3,21.3,21.3,0,26550,0
BANKNIFTY29MAY2560100CE.NFO,2025-05-07,13:43:00,2025-05-29,21.3,21.3,21.3,21.3,0,26550,0
BANKNIFTY29MAY2560100CE.NFO,2025-05-07,13:44:00,2025-05-29,21.3,22.35,21.3,21.85,120,26430,0
BANKNIFTY29MAY2560100CE.NFO,2025-05-07,13:45:00,2025-05-29,21.85,21.85,21.85,21.85,0,26430,0
BANKNIFTY29MAY2560100CE.NFO,2025-05-07,13:46:00,2025-05-29,21.85,21.85,21.85,21.85,0,26430,0
BANKNIFTY29MAY2560100CE.NFO,2025-05-07,13:47:00,2025-05-29,21.85,21.85,21.85,21.85,0,26430,0
BANKNIFTY29MAY2560100CE.NFO,2025-05-07,13:48:00,2025-05-29,21.85,21.85,21.85,21.85,0,26430,0
BANKNIFTY29MAY2560100CE.NFO,2025-05-07,13:49:00,2025-05-29,21.85,21.85,21.85,21.85,0,26430,0
BANKNIFTY29MAY2560100CE.NFO,2025-05-07,13:50:00,2025-05-29,21.85,21.85,21.85,21.85,0,26430,0
BANKNIFTY29MAY2560100CE.NFO,2025-05-07,13:51:00,2025-05-29,21.85,21.85,20.95,20.95,690,26460,0
BANKNIFTY29MAY2560100CE.NFO,2025-05-07,13:52:00,2025-05-29,20.95,20.95,20.95,20.95,0,26460,0
BANKNIFTY29MAY2560100CE.NFO,2025-05-07,13:53:00,2025-05-29,22.0,22.15,21.75,21.75,660,27000,0
BANKNIFTY29MAY2560100CE.NFO,2025-05-07,13:54:00,2025-05-29,21.75,21.75,21.75,21.75,0,27000,0
BANKNIFTY29MAY2560100CE.NFO,2025-05-07,13:55:00,2025-05-29,21.75,21.75,21.75,21.75,0,27000,0
BANKNIFTY29MAY2560100CE.NFO,2025-05-07,13:56:00,2025-05-29,21.75,21.75,21.75,21.75,0,27000,0
BANKNIFTY29MAY2560100CE.NFO,2025-05-07,13:57:00,2025-05-29,21.75,21.75,21.75,21.75,0,27000,0
BANKNIFTY29MAY2560100CE.NFO,2025-05-07,13:58:00,2025-05-29,21.75,21.75,21.75,21.75,0,27000,0
BANKNIFTY29MAY2560100CE.NFO,2025-05-07,13:59:00,2025-05-29,21.75,21.75,21.75,21.75,0,27000,0
BANKNIFTY29MAY2560100CE.NFO,2025-05-07,14:00:00,2025-05-29,23.3,24.1,23.1,24.1,1350,26490,0
BANKNIFTY29MAY2560100CE.NFO,2025-05-07,14:01:00,2025-05-29,24.1,24.1,23.65,23.65,30,25980,0
BANKNIFTY29MAY2560100CE.NFO,2025-05-07,14:02:00,2025-05-29,23.65,23.65,23.65,23.65,0,25980,0
BANKNIFTY29MAY2560100CE.NFO,2025-05-07,14:03:00,2025-05-29,23.65,23.65,23.65,23.65,0,25980,0
BANKNIFTY29MAY2560100CE.NFO,2025-05-07,14:04:00,2025-05-29,23.65,23.65,23.65,23.65,0,25980,0
BANKNIFTY29MAY2560100CE.NFO,2025-05-07,14:05:00,2025-05-29,23.65,23.65,23.65,23.65,0,25980,0
BANKNIFTY29MAY2560100CE.NFO,2025-05-07,14:06:00,2025-05-29,23.65,23.65,21.05,21.05,30,25950,0
BANKNIFTY29MAY2560100CE.NFO,2025-05-07,14:07:00,2025-05-29,21.05,24.15,21.05,24.15,360,25920,0
BANKNIFTY29MAY2560100CE.NFO,2025-05-07,14:08:00,2025-05-29,24.15,24.25,24.15,24.25,30,25920,0
BANKNIFTY29MAY2560100CE.NFO,2025-05-07,14:09:00,2025-05-29,24.25,24.5,24.1,24.3,390,25920,0
BANKNIFTY29MAY2560100CE.NFO,2025-05-07,14:10:00,2025-05-29,24.3,24.3,24.3,24.3,0,25920,0
BANKNIFTY29MAY2560100CE.NFO,2025-05-07,14:11:00,2025-05-29,24.3,24.35,24.2,24.35,60,25740,0
BANKNIFTY29MAY2560100CE.NFO,2025-05-07,14:12:00,2025-05-29,24.35,24.5,24.35,24.45,270,25740,0
BANKNIFTY29MAY2560100CE.NFO,2025-05-07,14:13:00,2025-05-29,24.45,24.45,24.35,24.35,60,25740,0
BANKNIFTY29MAY2560100CE.NFO,2025-05-07,14:14:00,2025-05-29,24.35,24.4,24.3,24.35,780,25680,0
BANKNIFTY29MAY2560100CE.NFO,2025-05-07,14:15:00,2025-05-29,24.35,24.35,24.05,24.25,2340,25680,0
BANKNIFTY29MAY2560100CE.NFO,2025-05-07,14:16:00,2025-05-29,24.25,24.25,24.25,24.25,0,25680,0
BANKNIFTY29MAY2560100CE.NFO,2025-05-07,14:17:00,2025-05-29,24.25,24.25,23.75,23.95,570,27630,0
BANKNIFTY29MAY2560100CE.NFO,2025-05-07,14:18:00,2025-05-29,23.95,23.95,23.95,23.95,0,27630,0
BANKNIFTY29MAY2560100CE.NFO,2025-05-07,14:19:00,2025-05-29,23.95,24.25,23.85,24.25,60,27480,0
BANKNIFTY29MAY2560100CE.NFO,2025-05-07,14:20:00,2025-05-29,24.25,24.25,24.25,24.25,0,27480,0
BANKNIFTY29MAY2560100CE.NFO,2025-05-07,14:21:00,2025-05-29,24.25,24.25,23.35,23.35,1620,27480,0
BANKNIFTY29MAY2560100CE.NFO,2025-05-07,14:22:00,2025-05-29,23.35,23.35,22.7,22.7,390,26430,0
BANKNIFTY29MAY2560100CE.NFO,2025-05-07,14:23:00,2025-05-29,22.7,22.75,22.7,22.75,180,26430,0
BANKNIFTY29MAY2560100CE.NFO,2025-05-07,14:24:00,2025-05-29,22.75,22.75,22.75,22.75,0,26430,0
BANKNIFTY29MAY2560100CE.NFO,2025-05-07,14:25:00,2025-05-29,22.75,22.75,22.75,22.75,0,26430,0
BANKNIFTY29MAY2560100CE.NFO,2025-05-07,14:26:00,2025-05-29,22.75,22.75,22.75,22.75,0,26430,0
BANKNIFTY29MAY2560100CE.NFO,2025-05-07,14:27:00,2025-05-29,22.75,23.45,22.75,23.45,210,26250,0
BANKNIFTY29MAY2560100CE.NFO,2025-05-07,14:28:00,2025-05-29,23.45,24.3,23.45,24.3,210,26460,0
BANKNIFTY29MAY2560100CE.NFO,2025-05-07,14:29:00,2025-05-29,24.3,24.3,24.3,24.3,0,26460,0
BANKNIFTY29MAY2560100CE.NFO,2025-05-07,14:30:00,2025-05-29,24.3,24.3,23.85,24.25,180,26460,0
BANKNIFTY29MAY2560100CE.NFO,2025-05-07,14:31:00,2025-05-29,24.25,24.25,24.25,24.25,0,26460,0
BANKNIFTY29MAY2560100CE.NFO,2025-05-07,14:32:00,2025-05-29,24.25,24.25,24.25,24.25,0,26460,0
BANKNIFTY29MAY2560100CE.NFO,2025-05-07,14:33:00,2025-05-29,24.25,24.25,24.25,24.25,0,26460,0
BANKNIFTY29MAY2560100CE.NFO,2025-05-07,14:34:00,2025-05-29,24.25,24.25,24.25,24.25,0,26460,0
BANKNIFTY29MAY2560100CE.NFO,2025-05-07,14:35:00,2025-05-29,24.25,24.25,24.25,24.25,0,26460,0
BANKNIFTY29MAY2560100CE.NFO,2025-05-07,14:36:00,2025-05-29,24.25,24.25,24.25,24.25,0,26460,0
BANKNIFTY29MAY2560100CE.NFO,2025-05-07,14:37:00,2025-05-29,24.25,24.25,24.25,24.25,0,26460,0
BANKNIFTY29MAY2560100CE.NFO,2025-05-07,14:38:00,2025-05-29,24.25,24.25,24.25,24.25,0,26460,0
BANKNIFTY29MAY2560100CE.NFO,2025-05-07,14:39:00,2025-05-29,24.25,24.25,24.25,24.25,0,26460,0
BANKNIFTY29MAY2560100CE.NFO,2025-05-07,14:40:00,2025-05-29,24.25,24.25,24.25,24.25,0,26460,0
BANKNIFTY29MAY2560100CE.NFO,2025-05-07,14:41:00,2025-05-29,24.2,24.25,24.2,24.25,240,26280,0
BANKNIFTY29MAY2560100CE.NFO,2025-05-07,14:42:00,2025-05-29,24.25,24.25,24.25,24.25,0,26280,0
BANKNIFTY29MAY2560100CE.NFO,2025-05-07,14:43:00,2025-05-29,24.25,24.65,24.25,24.65,60,26130,0
BANKNIFTY29MAY2560100CE.NFO,2025-05-07,14:44:00,2025-05-29,24.65,24.65,24.2,24.2,60,26130,0
BANKNIFTY29MAY2560100CE.NFO,2025-05-07,14:45:00,2025-05-29,24.2,24.75,24.2,24.75,30,26130,0
BANKNIFTY29MAY2560100CE.NFO,2025-05-07,14:46:00,2025-05-29,24.75,24.75,24.2,24.2,60,26130,0
BANKNIFTY29MAY2560100CE.NFO,2025-05-07,14:47:00,2025-05-29,24.2,24.2,24.2,24.2,0,26130,0
BANKNIFTY29MAY2560100CE.NFO,2025-05-07,14:48:00,2025-05-29,24.2,25.05,24.2,24.9,90,26130,0
BANKNIFTY29MAY2560100CE.NFO,2025-05-07,14:49:00,2025-05-29,24.9,24.9,24.9,24.9,0,26130,0
BANKNIFTY29MAY2560100CE.NFO,2025-05-07,14:50:00,2025-05-29,24.9,24.9,24.9,24.9,0,26130,0
BANKNIFTY29MAY2560100CE.NFO,2025-05-07,14:51:00,2025-05-29,24.9,24.9,24.9,24.9,0,26130,0
BANKNIFTY29MAY2560100CE.NFO,2025-05-07,14:52:00,2025-05-29,24.9,24.9,24.9,24.9,0,26130,0
BANKNIFTY29MAY2560100CE.NFO,2025-05-07,14:53:00,2025-05-29,24.9,24.9,24.9,24.9,60,26070,0
BANKNIFTY29MAY2560100CE.NFO,2025-05-07,14:54:00,2025-05-29,24.9,24.9,24.9,24.9,0,26070,0
BANKNIFTY29MAY2560100CE.NFO,2025-05-07,14:55:00,2025-05-29,24.9,24.9,24.9,24.9,0,26070,0
BANKNIFTY29MAY2560100CE.NFO,2025-05-07,14:56:00,2025-05-29,24.9,24.9,24.9,24.9,0,26070,0
BANKNIFTY29MAY2560100CE.NFO,2025-05-07,14:57:00,2025-05-29,24.9,24.9,24.9,24.9,0,26070,0
BANKNIFTY29MAY2560100CE.NFO,2025-05-07,14:58:00,2025-05-29,24.9,24.9,24.9,24.9,0,26070,0
BANKNIFTY29MAY2560100CE.NFO,2025-05-07,14:59:00,2025-05-29,24.9,24.9,24.2,24.2,60,26100,0
BANKNIFTY29MAY2560100CE.NFO,2025-05-07,15:00:00,2025-05-29,24.2,24.4,23.95,24.4,240,26100,0
BANKNIFTY29MAY2560100CE.NFO,2025-05-07,15:01:00,2025-05-29,24.4,24.4,24.4,24.4,0,26100,0
BANKNIFTY29MAY2560100CE.NFO,2025-05-07,15:02:00,2025-05-29,24.4,24.4,24.3,24.3,120,25800,0
BANKNIFTY29MAY2560100CE.NFO,2025-05-07,15:03:00,2025-05-29,24.3,24.9,24.3,24.9,60,25800,0
BANKNIFTY29MAY2560100CE.NFO,2025-05-07,15:04:00,2025-05-29,24.9,24.9,24.4,24.4,360,26130,0
BANKNIFTY29MAY2560100CE.NFO,2025-05-07,15:05:00,2025-05-29,24.4,24.65,24.4,24.65,300,26130,0
BANKNIFTY29MAY2560100CE.NFO,2025-05-07,15:06:00,2025-05-29,24.65,24.65,24.65,24.65,0,26130,0
BANKNIFTY29MAY2560100CE.NFO,2025-05-07,15:07:00,2025-05-29,24.65,24.9,24.65,24.9,180,25950,0
BANKNIFTY29MAY2560100CE.NFO,2025-05-07,15:08:00,2025-05-29,24.9,24.9,24.9,24.9,30,25950,0
BANKNIFTY29MAY2560100CE.NFO,2025-05-07,15:09:00,2025-05-29,24.9,25.0,24.9,25.0,120,25950,0
BANKNIFTY29MAY2560100CE.NFO,2025-05-07,15:10:00,2025-05-29,25.0,25.0,24.8,24.8,60,25950,0
BANKNIFTY29MAY2560100CE.NFO,2025-05-07,15:11:00,2025-05-29,24.8,24.8,24.7,24.7,30,25800,0
BANKNIFTY29MAY2560100CE.NFO,2025-05-07,15:12:00,2025-05-29,24.7,24.7,24.7,24.7,0,25800,0
BANKNIFTY29MAY2560100CE.NFO,2025-05-07,15:13:00,2025-05-29,24.7,25.1,24.7,25.1,240,25650,0
BANKNIFTY29MAY2560100CE.NFO,2025-05-07,15:14:00,2025-05-29,25.1,25.45,25.1,25.35,360,25650,0
BANKNIFTY29MAY2560100CE.NFO,2025-05-07,15:15:00,2025-05-29,25.35,26.1,25.3,25.65,1380,25650,0
BANKNIFTY29MAY2560100CE.NFO,2025-05-07,15:16:00,2025-05-29,25.65,25.9,25.65,25.7,300,25560,0
BANKNIFTY29MAY2560100CE.NFO,2025-05-07,15:17:00,2025-05-29,25.7,26.5,25.7,26.45,510,25560,0
BANKNIFTY29MAY2560100CE.NFO,2025-05-07,15:18:00,2025-05-29,26.45,26.6,26.4,26.6,330,25560,0
BANKNIFTY29MAY2560100CE.NFO,2025-05-07,15:19:00,2025-05-29,26.6,26.8,26.0,26.05,720,25650,0
BANKNIFTY29MAY2560100CE.NFO,2025-05-07,15:20:00,2025-05-29,26.05,26.45,26.05,26.4,1020,25650,0
BANKNIFTY29MAY2560100CE.NFO,2025-05-07,15:21:00,2025-05-29,26.4,26.8,26.3,26.5,630,25650,0
BANKNIFTY29MAY2560100CE.NFO,2025-05-07,15:22:00,2025-05-29,26.5,26.8,26.3,26.3,90,25650,0
BANKNIFTY29MAY2560100CE.NFO,2025-05-07,15:23:00,2025-05-29,26.3,26.6,26.25,26.35,180,26430,0
BANKNIFTY29MAY2560100CE.NFO,2025-05-07,15:24:00,2025-05-29,26.35,26.6,26.15,26.5,420,26430,0
BANKNIFTY29MAY2560100CE.NFO,2025-05-07,15:25:00,2025-05-29,26.5,26.8,26.5,26.8,60,26400,0
BANKNIFTY29MAY2560100CE.NFO,2025-05-07,15:26:00,2025-05-29,26.8,27.5,26.8,27.4,90,26400,0
BANKNIFTY29MAY2560100CE.NFO,2025-05-07,15:27:00,2025-05-29,27.4,27.65,27.1,27.65,510,26400,0
BANKNIFTY29MAY2560100CE.NFO,2025-05-07,15:28:00,2025-05-29,27.65,27.65,26.5,26.5,450,26190,0
BANKNIFTY29MAY2560100CE.NFO,2025-05-07,15:29:00,2025-05-29,26.5,26.5,24.5,26.15,990,26190,0
BANKNIFTY29MAY2560100CE.NFO,2025-05-07,15:30:00,2025-05-29,26.15,26.15,26.15,26.15,990,26190,1
BANKNIFTY29MAY2560100CE.NFO,2025-05-08,09:15:00,2025-05-29,32.0,32.0,28.8,28.8,210,26190,0
BANKNIFTY29MAY2560100CE.NFO,2025-05-08,09:16:00,2025-05-29,28.8,30.4,27.7,28.0,3000,26190,0
BANKNIFTY29MAY2560100CE.NFO,2025-05-08,09:17:00,2025-05-29,28.0,28.0,25.1,25.1,720,26190,0
BANKNIFTY29MAY2560100CE.NFO,2025-05-08,09:18:00,2025-05-29,25.1,25.15,24.25,24.4,480,29100,0
BANKNIFTY29MAY2560100CE.NFO,2025-05-08,09:19:00,2025-05-29,24.4,24.4,22.7,23.95,330,29100,0
BANKNIFTY29MAY2560100CE.NFO,2025-05-08,09:20:00,2025-05-29,23.95,24.25,23.65,23.65,390,29100,0
BANKNIFTY29MAY2560100CE.NFO,2025-05-08,09:21:00,2025-05-29,23.65,24.3,22.95,22.95,360,29130,0
BANKNIFTY29MAY2560100CE.NFO,2025-05-08,09:22:00,2025-05-29,22.95,23.3,22.9,23.15,270,29130,0
BANKNIFTY29MAY2560100CE.NFO,2025-05-08,09:23:00,2025-05-29,23.15,23.9,23.15,23.55,390,29130,0
BANKNIFTY29MAY2560100CE.NFO,2025-05-08,09:24:00,2025-05-29,23.55,23.65,23.55,23.65,30,29130,0
BANKNIFTY29MAY2560100CE.NFO,2025-05-08,09:25:00,2025-05-29,23.65,24.6,23.65,24.1,210,29190,0
BANKNIFTY29MAY2560100CE.NFO,2025-05-08,09:26:00,2025-05-29,24.1,24.45,24.1,24.45,30,29190,0
BANKNIFTY29MAY2560100CE.NFO,2025-05-08,09:27:00,2025-05-29,24.45,24.45,24.45,24.45,0,29190,0
BANKNIFTY29MAY2560100CE.NFO,2025-05-08,09:28:00,2025-05-29,24.45,25.35,24.45,25.35,150,29220,0
BANKNIFTY29MAY2560100CE.NFO,2025-05-08,09:29:00,2025-05-29,25.35,25.35,24.35,24.35,480,29220,0
BANKNIFTY29MAY2560100CE.NFO,2025-05-08,09:30:00,2025-05-29,24.3,24.35,23.85,23.9,1410,29190,0
BANKNIFTY29MAY2560100CE.NFO,2025-05-08,09:31:00,2025-05-29,23.9,24.15,23.8,23.8,90,29190,0
BANKNIFTY29MAY2560100CE.NFO,2025-05-08,09:32:00,2025-05-29,23.8,24.5,23.6,23.6,90,29190,0
BANKNIFTY29MAY2560100CE.NFO,2025-05-08,09:33:00,2025-05-29,23.6,23.6,22.05,23.55,1530,28950,0
BANKNIFTY29MAY2560100CE.NFO,2025-05-08,09:34:00,2025-05-29,23.55,24.15,23.35,24.15,90,28950,0
BANKNIFTY29MAY2560100CE.NFO,2025-05-08,09:35:00,2025-05-29,24.15,24.5,24.15,24.3,90,28950,0
BANKNIFTY29MAY2560100CE.NFO,2025-05-08,09:36:00,2025-05-29,24.3,24.9,24.3,24.5,90,28950,0
BANKNIFTY29MAY2560100CE.NFO,2025-05-08,09:37:00,2025-05-29,24.5,24.5,24.5,24.5,0,28950,0
BANKNIFTY29MAY2560100CE.NFO,2025-05-08,09:38:00,2025-05-29,24.5,25.55,24.5,25.55,90,28920,0
BANKNIFTY29MAY2560100CE.NFO,2025-05-08,09:39:00,2025-05-29,25.55,25.55,25.55,25.55,540,29010,0
BANKNIFTY29MAY2560100CE.NFO,2025-05-08,09:40:00,2025-05-29,25.55,25.7,25.25,25.25,2040,29010,0
BANKNIFTY29MAY2560100CE.NFO,2025-05-08,09:41:00,2025-05-29,25.7,25.7,25.5,25.5,90,29010,0
BANKNIFTY29MAY2560100CE.NFO,2025-05-08,09:42:00,2025-05-29,25.5,25.5,25.15,25.15,30,29010,0
BANKNIFTY29MAY2560100CE.NFO,2025-05-08,09:43:00,2025-05-29,25.15,25.15,24.3,24.4,540,29130,0
BANKNIFTY29MAY2560100CE.NFO,2025-05-08,09:44:00,2025-05-29,24.4,25.0,24.4,24.65,1320,29130,0
BANKNIFTY29MAY2560100CE.NFO,2025-05-08,09:45:00,2025-05-29,24.65,25.9,24.65,25.9,210,29130,0
BANKNIFTY29MAY2560100CE.NFO,2025-05-08,09:46:00,2025-05-29,25.9,25.9,25.6,25.6,330,29130,0
BANKNIFTY29MAY2560100CE.NFO,2025-05-08,09:47:00,2025-05-29,25.6,26.55,25.6,26.55,330,29130,0
BANKNIFTY29MAY2560100CE.NFO,2025-05-08,09:48:00,2025-05-29,26.55,26.7,26.3,26.6,150,29250,0
BANKNIFTY29MAY2560100CE.NFO,2025-05-08,09:49:00,2025-05-29,26.6,26.6,26.4,26.4,120,29250,0
BANKNIFTY29MAY2560100CE.NFO,2025-05-08,09:50:00,2025-05-29,26.4,26.55,26.4,26.55,150,29250,0
BANKNIFTY29MAY2560100CE.NFO,2025-05-08,09:51:00,2025-05-29,26.55,26.55,25.95,26.15,810,29340,0
BANKNIFTY29MAY2560100CE.NFO,2025-05-08,09:52:00,2025-05-29,26.15,26.25,25.7,25.7,240,29340,0
BANKNIFTY29MAY2560100CE.NFO,2025-05-08,09:53:00,2025-05-29,25.7,26.7,25.7,26.7,450,29340,0
BANKNIFTY29MAY2560100CE.NFO,2025-05-08,09:54:00,2025-05-29,26.7,26.7,26.7,26.7,0,29340,0
BANKNIFTY29MAY2560100CE.NFO,2025-05-08,09:55:00,2025-05-29,26.7,26.7,25.15,25.95,60,28890,0
BANKNIFTY29MAY2560100CE.NFO,2025-05-08,09:56:00,2025-05-29,25.95,25.95,25.4,25.4,1050,28890,0
BANKNIFTY29MAY2560100CE.NFO,2025-05-08,09:57:00,2025-05-29,25.4,25.4,25.15,25.15,150,28890,0
BANKNIFTY29MAY2560100CE.NFO,2025-05-08,09:58:00,2025-05-29,25.15,25.35,25.1,25.1,420,28950,0
BANKNIFTY29MAY2560100CE.NFO,2025-05-08,09:59:00,2025-05-29,25.1,25.3,25.0,25.0,210,28950,0
BANKNIFTY29MAY2560100CE.NFO,2025-05-08,10:00:00,2025-05-29,25.0,25.0,25.0,25.0,0,28950,0
BANKNIFTY29MAY2560100CE.NFO,2025-05-08,10:01:00,2025-05-29,25.0,25.0,25.0,25.0,0,28950,0
BANKNIFTY29MAY2560100CE.NFO,2025-05-08,10:02:00,2025-05-29,25.0,25.0,24.55,24.55,90,29160,0
BANKNIFTY29MAY2560100CE.NFO,2025-05-08,10:03:00,2025-05-29,24.55,24.55,24.4,24.4,60,29160,0
BANKNIFTY29MAY2560100CE.NFO,2025-05-08,10:04:00,2025-05-29,24.4,24.4,23.8,23.8,720,29160,0
BANKNIFTY29MAY2560100CE.NFO,2025-05-08,10:05:00,2025-05-29,24.05,24.05,23.05,23.25,1620,29160,0
BANKNIFTY29MAY2560100CE.NFO,2025-05-08,10:06:00,2025-05-29,23.25,23.3,22.65,23.0,1500,29640,0
BANKNIFTY29MAY2560100CE.NFO,2025-05-08,10:07:00,2025-05-29,23.0,23.3,23.0,23.0,210,29640,0
BANKNIFTY29MAY2560100CE.NFO,2025-05-08,10:08:00,2025-05-29,23.0,23.3,23.0,23.0,180,29640,0
BANKNIFTY29MAY2560100CE.NFO,2025-05-08,10:09:00,2025-05-29,23.0,23.6,23.0,23.2,570,29970,0
BANKNIFTY29MAY2560100CE.NFO,2025-05-08,10:10:00,2025-05-29,23.2,23.5,23.05,23.05,210,29970,0
BANKNIFTY29MAY2560100CE.NFO,2025-05-08,10:11:00,2025-05-29,23.05,23.45,23.05,23.4,60,29970,0
BANKNIFTY29MAY2560100CE.NFO,2025-05-08,10:12:00,2025-05-29,23.4,23.4,22.95,22.95,150,30150,0
BANKNIFTY29MAY2560100CE.NFO,2025-05-08,10:13:00,2025-05-29,22.95,22.95,22.95,22.95,0,30150,0
BANKNIFTY29MAY2560100CE.NFO,2025-05-08,10:14:00,2025-05-29,22.95,23.6,22.95,23.6,0,30150,0
BANKNIFTY29MAY2560100CE.NFO,2025-05-08,10:15:00,2025-05-29,23.6,23.6,23.6,23.6,30,30150,0
BANKNIFTY29MAY2560100CE.NFO,2025-05-08,10:16:00,2025-05-29,23.15,23.5,23.0,23.05,210,30210,0
BANKNIFTY29MAY2560100CE.NFO,2025-05-08,10:17:00,2025-05-29,23.05,23.1,23.05,23.1,270,30210,0
BANKNIFTY29MAY2560100CE.NFO,2025-05-08,10:18:00,2025-05-29,23.1,23.1,22.6,22.85,450,30270,0
BANKNIFTY29MAY2560100CE.NFO,2025-05-08,10:19:00,2025-05-29,22.85,23.1,22.3,23.0,1320,30270,0
BANKNIFTY29MAY2560100CE.NFO,2025-05-08,10:20:00,2025-05-29,23.0,23.55,20.3,23.55,480,30270,0
BANKNIFTY29MAY2560100CE.NFO,2025-05-08,10:21:00,2025-05-29,23.55,23.6,23.55,23.6,30,30270,0
BANKNIFTY29MAY2560100CE.NFO,2025-05-08,10:22:00,2025-05-29,23.6,24.55,23.6,24.55,420,30750,0
BANKNIFTY29MAY2560100CE.NFO,2025-05-08,10:23:00,2025-05-29,24.55,24.9,24.55,24.9,210,30750,0
BANKNIFTY29MAY2560100CE.NFO,2025-05-08,10:24:00,2025-05-29,24.9,24.9,24.9,24.9,0,30750,0
BANKNIFTY29MAY2560100CE.NFO,2025-05-08,10:25:00,2025-05-29,24.9,24.9,24.9,24.9,0,30750,0
BANKNIFTY29MAY2560100CE.NFO,2025-05-08,10:26:00,2025-05-29,24.9,26.9,24.15,24.7,2310,30750,0
BANKNIFTY29MAY2560100CE.NFO,2025-05-08,10:27:00,2025-05-29,24.7,24.9,24.55,24.9,420,30750,0
BANKNIFTY29MAY2560100CE.NFO,2025-05-08,10:28:00,2025-05-29,24.9,24.9,24.9,24.9,0,30750,0
BANKNIFTY29MAY2560100CE.NFO,2025-05-08,10:29:00,2025-05-29,24.9,24.9,24.9,24.9,0,30750,0
BANKNIFTY29MAY2560100CE.NFO,2025-05-08,10:30:00,2025-05-29,24.9,25.65,24.9,25.65,30,30780,0
BANKNIFTY29MAY2560100CE.NFO,2025-05-08,10:31:00,2025-05-29,25.65,25.65,24.3,24.3,210,30810,0
BANKNIFTY29MAY2560100CE.NFO,2025-05-08,10:32:00,2025-05-29,24.3,24.3,23.6,23.6,30,30810,0
BANKNIFTY29MAY2560100CE.NFO,2025-05-08,10:33:00,2025-05-29,23.6,23.6,23.6,23.6,300,30810,0
BANKNIFTY29MAY2560100CE.NFO,2025-05-08,10:34:00,2025-05-29,23.6,23.6,23.6,23.6,0,30810,0
BANKNIFTY29MAY2560100CE.NFO,2025-05-08,10:35:00,2025-05-29,23.6,23.6,23.6,23.6,0,30810,0
BANKNIFTY29MAY2560100CE.NFO,2025-05-08,10:36:00,2025-05-29,23.6,23.6,22.4,22.8,480,31050,0
BANKNIFTY29MAY2560100CE.NFO,2025-05-08,10:37:00,2025-05-29,22.8,22.8,22.7,22.7,150,31050,0
BANKNIFTY29MAY2560100CE.NFO,2025-05-08,10:38:00,2025-05-29,22.7,22.8,22.7,22.8,60,31050,0
BANKNIFTY29MAY2560100CE.NFO,2025-05-08,10:39:00,2025-05-29,22.8,22.8,22.8,22.8,0,31050,0
BANKNIFTY29MAY2560100CE.NFO,2025-05-08,10:40:00,2025-05-29,22.8,22.8,22.8,22.8,0,31050,0
BANKNIFTY29MAY2560100CE.NFO,2025-05-08,10:41:00,2025-05-29,22.8,22.95,22.8,22.95,450,31440,0
BANKNIFTY29MAY2560100CE.NFO,2025-05-08,10:42:00,2025-05-29,22.95,23.05,22.95,23.0,120,31410,0
BANKNIFTY29MAY2560100CE.NFO,2025-05-08,10:43:00,2025-05-29,23.0,23.0,23.0,23.0,0,31410,0
BANKNIFTY29MAY2560100CE.NFO,2025-05-08,10:44:00,2025-05-29,23.0,23.0,23.0,23.0,0,31410,0
BANKNIFTY29MAY2560100CE.NFO,2025-05-08,10:45:00,2025-05-29,23.0,23.0,23.0,23.0,0,31410,0
BANKNIFTY29MAY2560100CE.NFO,2025-05-08,10:46:00,2025-05-29,23.0,23.55,23.0,23.55,150,31410,0
BANKNIFTY29MAY2560100CE.NFO,2025-05-08,10:47:00,2025-05-29,23.55,23.55,23.55,23.55,0,31410,0
BANKNIFTY29MAY2560100CE.NFO,2025-05-08,10:48:00,2025-05-29,23.55,23.55,23.55,23.55,0,31410,0
BANKNIFTY29MAY2560100CE.NFO,2025-05-08,10:49:00,2025-05-29,23.55,23.55,23.4,23.4,60,31410,0
BANKNIFTY29MAY2560100CE.NFO,2025-05-08,10:50:00,2025-05-29,23.4,23.4,23.4,23.4,0,31410,0
BANKNIFTY29MAY2560100CE.NFO,2025-05-08,10:51:00,2025-05-29,23.4,23.4,23.4,23.4,0,31410,0
BANKNIFTY29MAY2560100CE.NFO,2025-05-08,10:52:00,2025-05-29,23.4,23.4,23.4,23.4,0,31410,0
BANKNIFTY29MAY2560100CE.NFO,2025-05-08,10:53:00,2025-05-29,23.4,23.4,23.4,23.4,0,31410,0
BANKNIFTY29MAY2560100CE.NFO,2025-05-08,10:54:00,2025-05-29,23.4,23.4,23.4,23.4,0,31410,0
BANKNIFTY29MAY2560100CE.NFO,2025-05-08,10:55:00,2025-05-29,23.4,23.4,21.95,22.2,180,31470,0
BANKNIFTY29MAY2560100CE.NFO,2025-05-08,10:56:00,2025-05-29,22.2,22.2,22.2,22.2,0,31470,0
BANKNIFTY29MAY2560100CE.NFO,2025-05-08,10:57:00,2025-05-29,22.2,23.0,22.2,22.8,420,31470,0
BANKNIFTY29MAY2560100CE.NFO,2025-05-08,10:58:00,2025-05-29,22.8,22.8,22.8,22.8,210,31500,0
BANKNIFTY29MAY2560100CE.NFO,2025-05-08,10:59:00,2025-05-29,22.8,22.8,22.15,22.7,150,31500,0
BANKNIFTY29MAY2560100CE.NFO,2025-05-08,11:00:00,2025-05-29,22.7,22.7,22.7,22.7,0,31500,0
BANKNIFTY29MAY2560100CE.NFO,2025-05-08,11:01:00,2025-05-29,22.7,22.9,22.7,22.9,30,31620,0
BANKNIFTY29MAY2560100CE.NFO,2025-05-08,11:02:00,2025-05-29,22.9,22.9,22.45,22.45,90,31620,0
BANKNIFTY29MAY2560100CE.NFO,2025-05-08,11:03:00,2025-05-29,22.45,22.5,22.45,22.5,120,31620,0
BANKNIFTY29MAY2560100CE.NFO,2025-05-08,11:04:00,2025-05-29,22.5,22.5,22.35,22.35,120,31770,0
BANKNIFTY29MAY2560100CE.NFO,2025-05-08,11:05:00,2025-05-29,22.35,22.65,22.3,22.65,90,31770,0
BANKNIFTY29MAY2560100CE.NFO,2025-05-08,11:06:00,2025-05-29,22.65,22.9,22.65,22.9,30,31770,0
BANKNIFTY29MAY2560100CE.NFO,2025-05-08,11:07:00,2025-05-29,22.9,23.45,22.9,23.45,30,31890,0
BANKNIFTY29MAY2560100CE.NFO,2025-05-08,11:08:00,2025-05-29,23.45,23.45,22.7,22.7,30,31890,0
BANKNIFTY29MAY2560100CE.NFO,2025-05-08,11:09:00,2025-05-29,22.7,23.7,22.7,23.7,630,31860,0
BANKNIFTY29MAY2560100CE.NFO,2025-05-08,11:10:00,2025-05-29,23.7,23.7,23.7,23.7,0,31860,0
BANKNIFTY29MAY2560100CE.NFO,2025-05-08,11:11:00,2025-05-29,23.7,23.7,23.25,23.25,30,31860,0
BANKNIFTY29MAY2560100CE.NFO,2025-05-08,11:12:00,2025-05-29,23.25,23.25,23.25,23.25,0,31860,0
BANKNIFTY29MAY2560100CE.NFO,2025-05-08,11:13:00,2025-05-29,23.25,23.25,23.25,23.25,0,31860,0
BANKNIFTY29MAY2560100CE.NFO,2025-05-08,11:14:00,2025-05-29,23.25,23.25,22.35,23.0,60,31860,0
BANKNIFTY29MAY2560100CE.NFO,2025-05-08,11:15:00,2025-05-29,23.0,23.95,23.0,23.95,90,31860,0
BANKNIFTY29MAY2560100CE.NFO,2025-05-08,11:16:00,2025-05-29,23.95,23.95,23.0,23.0,90,31890,0
BANKNIFTY29MAY2560100CE.NFO,2025-05-08,11:17:00,2025-05-29,23.0,23.0,22.95,22.95,60,31890,0
BANKNIFTY29MAY2560100CE.NFO,2025-05-08,11:18:00,2025-05-29,22.95,22.95,22.95,22.95,0,31890,0
BANKNIFTY29MAY2560100CE.NFO,2025-05-08,11:19:00,2025-05-29,22.95,22.95,22.95,22.95,0,31890,0
BANKNIFTY29MAY2560100CE.NFO,2025-05-08,11:20:00,2025-05-29,22.95,22.95,22.95,22.95,0,31890,0
BANKNIFTY29MAY2560100CE.NFO,2025-05-08,11:21:00,2025-05-29,22.95,22.95,22.95,22.95,0,31890,0
BANKNIFTY29MAY2560100CE.NFO,2025-05-08,11:22:00,2025-05-29,22.95,22.95,22.3,22.3,30,32010,0
BANKNIFTY29MAY2560100CE.NFO,2025-05-08,11:23:00,2025-05-29,22.3,22.3,22.3,22.3,0,32010,0
BANKNIFTY29MAY2560100CE.NFO,2025-05-08,11:24:00,2025-05-29,22.3,23.4,22.3,23.25,540,32010,0
BANKNIFTY29MAY2560100CE.NFO,2025-05-08,11:25:00,2025-05-29,23.25,23.25,23.25,23.25,0,32010,0
BANKNIFTY29MAY2560100CE.NFO,2025-05-08,11:26:00,2025-05-29,23.25,23.25,23.25,23.25,0,32010,0
BANKNIFTY29MAY2560100CE.NFO,2025-05-08,11:27:00,2025-05-29,23.25,23.25,23.25,23.25,0,32010,0
BANKNIFTY29MAY2560100CE.NFO,2025-05-08,11:28:00,2025-05-29,23.25,23.25,23.25,23.25,0,32010,0
BANKNIFTY29MAY2560100CE.NFO,2025-05-08,11:29:00,2025-05-29,23.25,23.25,23.25,23.25,0,32010,0
BANKNIFTY29MAY2560100CE.NFO,2025-05-08,11:30:00,2025-05-29,23.25,23.25,23.25,23.25,0,32010,0
BANKNIFTY29MAY2560100CE.NFO,2025-05-08,11:31:00,2025-05-29,23.25,23.25,23.25,23.25,0,32010,0
BANKNIFTY29MAY2560100CE.NFO,2025-05-08,11:32:00,2025-05-29,23.25,23.25,23.25,23.25,30,32040,0
BANKNIFTY29MAY2560100CE.NFO,2025-05-08,11:33:00,2025-05-29,23.25,23.25,23.25,23.25,0,32040,0
BANKNIFTY29MAY2560100CE.NFO,2025-05-08,11:34:00,2025-05-29,23.25,23.25,23.25,23.25,0,32040,0
BANKNIFTY29MAY2560100CE.NFO,2025-05-08,11:35:00,2025-05-29,23.25,23.25,23.25,23.25,0,32040,0
BANKNIFTY29MAY2560100CE.NFO,2025-05-08,11:36:00,2025-05-29,23.25,23.25,23.25,23.25,0,32040,0
BANKNIFTY29MAY2560100CE.NFO,2025-05-08,11:37:00,2025-05-29,23.25,23.25,23.25,23.25,0,32040,0
BANKNIFTY29MAY2560100CE.NFO,2025-05-08,11:38:00,2025-05-29,23.25,23.25,23.25,23.25,0,32040,0
BANKNIFTY29MAY2560100CE.NFO,2025-05-08,11:39:00,2025-05-29,23.25,23.25,23.25,23.25,0,32040,0
BANKNIFTY29MAY2560100CE.NFO,2025-05-08,11:40:00,2025-05-29,23.25,23.25,23.25,23.25,0,32040,0
BANKNIFTY29MAY2560100CE.NFO,2025-05-08,11:41:00,2025-05-29,23.25,23.25,23.25,23.25,0,32040,0
BANKNIFTY29MAY2560100CE.NFO,2025-05-08,11:42:00,2025-05-29,23.25,23.25,22.4,22.7,60,32070,0
BANKNIFTY29MAY2560100CE.NFO,2025-05-08,11:43:00,2025-05-29,22.7,22.7,22.7,22.7,0,32070,0
BANKNIFTY29MAY2560100CE.NFO,2025-05-08,11:44:00,2025-05-29,22.7,22.7,22.7,22.7,0,32070,0
BANKNIFTY29MAY2560100CE.NFO,2025-05-08,11:45:00,2025-05-29,22.7,22.7,22.7,22.7,0,32070,0
BANKNIFTY29MAY2560100CE.NFO,2025-05-08,11:46:00,2025-05-29,22.7,22.7,22.7,22.7,0,32070,0
BANKNIFTY29MAY2560100CE.NFO,2025-05-08,11:47:00,2025-05-29,22.7,22.8,22.5,22.5,120,32010,0
BANKNIFTY29MAY2560100CE.NFO,2025-05-08,11:48:00,2025-05-29,22.5,22.5,22.5,22.5,0,32010,0
BANKNIFTY29MAY2560100CE.NFO,2025-05-08,11:49:00,2025-05-29,22.5,22.7,22.5,22.7,30,32070,0
BANKNIFTY29MAY2560100CE.NFO,2025-05-08,11:50:00,2025-05-29,22.7,22.7,22.7,22.7,0,32070,0
BANKNIFTY29MAY2560100CE.NFO,2025-05-08,11:51:00,2025-05-29,22.7,22.7,22.7,22.7,0,32070,0
BANKNIFTY29MAY2560100CE.NFO,2025-05-08,11:52:00,2025-05-29,22.7,22.85,22.6,22.85,150,32100,0
BANKNIFTY29MAY2560100CE.NFO,2025-05-08,11:53:00,2025-05-29,22.85,22.85,22.4,22.4,150,32100,0
BANKNIFTY29MAY2560100CE.NFO,2025-05-08,11:54:00,2025-05-29,22.4,22.4,22.3,22.3,90,32100,0
BANKNIFTY29MAY2560100CE.NFO,2025-05-08,11:55:00,2025-05-29,22.3,22.3,22.3,22.3,0,32100,0
BANKNIFTY29MAY2560100CE.NFO,2025-05-08,11:56:00,2025-05-29,22.3,22.3,22.3,22.3,660,32130,0
BANKNIFTY29MAY2560100CE.NFO,2025-05-08,11:57:00,2025-05-29,22.3,22.3,22.3,22.3,0,32130,0
BANKNIFTY29MAY2560100CE.NFO,2025-05-08,11:58:00,2025-05-29,22.3,22.85,22.3,22.85,30,32250,0
BANKNIFTY29MAY2560100CE.NFO,2025-05-08,11:59:00,2025-05-29,22.85,22.85,22.85,22.85,0,32250,0
BANKNIFTY29MAY2560100CE.NFO,2025-05-08,12:00:00,2025-05-29,22.85,22.85,22.45,22.45,240,32250,0
BANKNIFTY29MAY2560100CE.NFO,2025-05-08,12:01:00,2025-05-29,22.45,22.45,22.45,22.45,0,32250,0
BANKNIFTY29MAY2560100CE.NFO,2025-05-08,12:02:00,2025-05-29,22.45,22.85,22.45,22.85,0,32310,0
BANKNIFTY29MAY2560100CE.NFO,2025-05-08,12:03:00,2025-05-29,22.85,22.85,22.85,22.85,0,32310,0
BANKNIFTY29MAY2560100CE.NFO,2025-05-08,12:04:00,2025-05-29,22.85,22.85,22.85,22.85,0,32310,0
BANKNIFTY29MAY2560100CE.NFO,2025-05-08,12:05:00,2025-05-29,22.85,23.55,22.85,22.85,150,32310,0
BANKNIFTY29MAY2560100CE.NFO,2025-05-08,12:06:00,2025-05-29,22.85,22.85,22.85,22.85,0,32310,0
BANKNIFTY29MAY2560100CE.NFO,2025-05-08,12:07:00,2025-05-29,22.85,22.85,22.85,22.85,0,32310,0
BANKNIFTY29MAY2560100CE.NFO,2025-05-08,12:08:00,2025-05-29,22.85,22.85,22.85,22.85,0,32310,0
BANKNIFTY29MAY2560100CE.NFO,2025-05-08,12:09:00,2025-05-29,22.85,22.85,22.7,22.7,30,32430,0
BANKNIFTY29MAY2560100CE.NFO,2025-05-08,12:10:00,2025-05-29,22.7,22.7,22.45,22.45,30,32460,0
BANKNIFTY29MAY2560100CE.NFO,2025-05-08,12:11:00,2025-05-29,22.45,22.7,22.45,22.55,150,32460,0
BANKNIFTY29MAY2560100CE.NFO,2025-05-08,12:12:00,2025-05-29,22.55,22.55,22.55,22.55,0,32460,0
BANKNIFTY29MAY2560100CE.NFO,2025-05-08,12:13:00,2025-05-29,22.55,23.1,22.55,23.1,120,32520,0
BANKNIFTY29MAY2560100CE.NFO,2025-05-08,12:14:00,2025-05-29,23.1,23.1,23.1,23.1,0,32520,0
BANKNIFTY29MAY2560100CE.NFO,2025-05-08,12:15:00,2025-05-29,23.1,23.1,23.05,23.05,30,32520,0
BANKNIFTY29MAY2560100CE.NFO,2025-05-08,12:16:00,2025-05-29,23.05,23.05,22.75,22.75,30,32670,0
BANKNIFTY29MAY2560100CE.NFO,2025-05-08,12:17:00,2025-05-29,22.75,22.75,22.75,22.75,0,32670,0
BANKNIFTY29MAY2560100CE.NFO,2025-05-08,12:18:00,2025-05-29,22.75,22.75,22.75,22.75,0,32670,0
BANKNIFTY29MAY2560100CE.NFO,2025-05-08,12:19:00,2025-05-29,22.75,22.75,22.75,22.75,0,32670,0
BANKNIFTY29MAY2560100CE.NFO,2025-05-08,12:20:00,2025-05-29,22.75,22.75,22.75,22.75,0,32670,0
BANKNIFTY29MAY2560100CE.NFO,2025-05-08,12:21:00,2025-05-29,22.75,23.2,22.75,23.15,330,32640,0
BANKNIFTY29MAY2560100CE.NFO,2025-05-08,12:22:00,2025-05-29,23.15,23.15,23.15,23.15,0,32640,0
BANKNIFTY29MAY2560100CE.NFO,2025-05-08,12:23:00,2025-05-29,23.15,23.15,23.15,23.15,0,32640,0
BANKNIFTY29MAY2560100CE.NFO,2025-05-08,12:24:00,2025-05-29,23.15,23.15,23.15,23.15,0,32640,0
BANKNIFTY29MAY2560100CE.NFO,2025-05-08,12:25:00,2025-05-29,23.15,23.15,23.15,23.15,0,32640,0
BANKNIFTY29MAY2560100CE.NFO,2025-05-08,12:26:00,2025-05-29,23.15,23.15,23.15,23.15,0,32640,0
BANKNIFTY29MAY2560100CE.NFO,2025-05-08,12:27:00,2025-05-29,23.15,23.15,23.15,23.15,0,32640,0
BANKNIFTY29MAY2560100CE.NFO,2025-05-08,12:28:00,2025-05-29,23.15,23.15,23.15,23.15,0,32640,0
BANKNIFTY29MAY2560100CE.NFO,2025-05-08,12:29:00,2025-05-29,23.15,23.15,23.15,23.15,0,32640,0
BANKNIFTY29MAY2560100CE.NFO,2025-05-08,12:30:00,2025-05-29,23.15,23.15,23.15,23.15,0,32640,0
BANKNIFTY29MAY2560100CE.NFO,2025-05-08,12:31:00,2025-05-29,23.15,23.3,22.2,23.15,300,32700,0
BANKNIFTY29MAY2560100CE.NFO,2025-05-08,12:32:00,2025-05-29,23.15,23.15,23.15,23.15,0,32700,0
BANKNIFTY29MAY2560100CE.NFO,2025-05-08,12:33:00,2025-05-29,23.15,23.15,23.15,23.15,0,32700,0
BANKNIFTY29MAY2560100CE.NFO,2025-05-08,12:34:00,2025-05-29,23.15,23.15,22.95,22.95,30,32700,0
BANKNIFTY29MAY2560100CE.NFO,2025-05-08,12:35:00,2025-05-29,22.95,22.95,22.95,22.95,0,32700,0
BANKNIFTY29MAY2560100CE.NFO,2025-05-08,12:36:00,2025-05-29,22.95,22.95,22.95,22.95,0,32700,0
BANKNIFTY29MAY2560100CE.NFO,2025-05-08,12:37:00,2025-05-29,22.95,22.95,22.95,22.95,0,32700,0
BANKNIFTY29MAY2560100CE.NFO,2025-05-08,12:38:00,2025-05-29,22.95,22.95,22.95,22.95,0,32700,0
BANKNIFTY29MAY2560100CE.NFO,2025-05-08,12:39:00,2025-05-29,22.95,22.95,22.95,22.95,0,32700,0
BANKNIFTY29MAY2560100CE.NFO,2025-05-08,12:40:00,2025-05-29,22.95,22.95,22.95,22.95,0,32700,0
BANKNIFTY29MAY2560100CE.NFO,2025-05-08,12:41:00,2025-05-29,22.95,22.95,22.95,22.95,0,32700,0
BANKNIFTY29MAY2560100CE.NFO,2025-05-08,12:42:00,2025-05-29,22.95,22.95,22.95,22.95,0,32700,0
BANKNIFTY29MAY2560100CE.NFO,2025-05-08,12:43:00,2025-05-29,22.95,22.95,22.95,22.95,0,32700,0
BANKNIFTY29MAY2560100CE.NFO,2025-05-08,12:44:00,2025-05-29,22.95,22.95,22.95,22.95,0,32700,0
BANKNIFTY29MAY2560100CE.NFO,2025-05-08,12:45:00,2025-05-29,22.95,22.95,22.95,22.95,0,32700,0
BANKNIFTY29MAY2560100CE.NFO,2025-05-08,12:46:00,2025-05-29,22.95,22.95,22.95,22.95,0,32700,0
BANKNIFTY29MAY2560100CE.NFO,2025-05-08,12:47:00,2025-05-29,22.95,23.5,22.95,23.45,210,32670,0
BANKNIFTY29MAY2560100CE.NFO,2025-05-08,12:48:00,2025-05-29,23.45,23.65,23.45,23.65,240,32670,0
BANKNIFTY29MAY2560100CE.NFO,2025-05-08,12:49:00,2025-05-29,23.65,23.65,23.65,23.65,0,32670,0
BANKNIFTY29MAY2560100CE.NFO,2025-05-08,12:50:00,2025-05-29,23.65,23.65,23.65,23.65,0,32670,0
BANKNIFTY29MAY2560100CE.NFO,2025-05-08,12:51:00,2025-05-29,23.65,23.65,23.65,23.65,0,32670,0
BANKNIFTY29MAY2560100CE.NFO,2025-05-08,12:52:00,2025-05-29,23.65,23.65,23.65,23.65,0,32670,0
BANKNIFTY29MAY2560100CE.NFO,2025-05-08,12:53:00,2025-05-29,23.65,23.65,23.65,23.65,0,32670,0
BANKNIFTY29MAY2560100CE.NFO,2025-05-08,12:54:00,2025-05-29,23.65,23.65,23.65,23.65,0,32670,0
BANKNIFTY29MAY2560100CE.NFO,2025-05-08,12:55:00,2025-05-29,23.65,23.65,23.15,23.15,0,32910,0
BANKNIFTY29MAY2560100CE.NFO,2025-05-08,12:56:00,2025-05-29,23.15,23.15,23.15,23.15,60,32910,0
BANKNIFTY29MAY2560100CE.NFO,2025-05-08,12:57:00,2025-05-29,23.15,23.8,23.15,23.8,240,32910,0
BANKNIFTY29MAY2560100CE.NFO,2025-05-08,12:58:00,2025-05-29,23.8,23.8,23.8,23.8,0,32910,0
BANKNIFTY29MAY2560100CE.NFO,2025-05-08,12:59:00,2025-05-29,23.8,23.8,23.8,23.8,0,32910,0
BANKNIFTY29MAY2560100CE.NFO,2025-05-08,13:00:00,2025-05-29,23.8,23.8,23.4,23.4,300,33120,0
BANKNIFTY29MAY2560100CE.NFO,2025-05-08,13:01:00,2025-05-29,23.4,23.4,23.4,23.4,0,33120,0
BANKNIFTY29MAY2560100CE.NFO,2025-05-08,13:02:00,2025-05-29,23.4,23.4,23.4,23.4,0,33120,0
BANKNIFTY29MAY2560100CE.NFO,2025-05-08,13:03:00,2025-05-29,23.4,23.4,23.4,23.4,0,33120,0
BANKNIFTY29MAY2560100CE.NFO,2025-05-08,13:04:00,2025-05-29,23.4,23.4,23.4,23.4,0,33120,0
BANKNIFTY29MAY2560100CE.NFO,2025-05-08,13:05:00,2025-05-29,23.4,23.6,23.4,23.6,300,33000,0
BANKNIFTY29MAY2560100CE.NFO,2025-05-08,13:06:00,2025-05-29,23.6,23.6,23.6,23.6,0,33000,0
BANKNIFTY29MAY2560100CE.NFO,2025-05-08,13:07:00,2025-05-29,23.6,23.6,23.6,23.6,0,33000,0
BANKNIFTY29MAY2560100CE.NFO,2025-05-08,13:08:00,2025-05-29,23.6,23.7,22.65,23.2,330,32760,0
BANKNIFTY29MAY2560100CE.NFO,2025-05-08,13:09:00,2025-05-29,23.2,23.75,23.2,23.75,210,32760,0
BANKNIFTY29MAY2560100CE.NFO,2025-05-08,13:10:00,2025-05-29,23.75,23.75,23.75,23.75,0,32760,0
BANKNIFTY29MAY2560100CE.NFO,2025-05-08,13:11:00,2025-05-29,23.75,23.75,23.75,23.75,0,32760,0
BANKNIFTY29MAY2560100CE.NFO,2025-05-08,13:12:00,2025-05-29,23.75,23.75,23.75,23.75,0,32760,0
BANKNIFTY29MAY2560100CE.NFO,2025-05-08,13:13:00,2025-05-29,23.75,23.75,23.75,23.75,0,32760,0
BANKNIFTY29MAY2560100CE.NFO,2025-05-08,13:14:00,2025-05-29,23.75,23.75,23.75,23.75,0,32760,0
BANKNIFTY29MAY2560100CE.NFO,2025-05-08,13:15:00,2025-05-29,23.75,23.75,22.6,22.6,30,32850,0
BANKNIFTY29MAY2560100CE.NFO,2025-05-08,13:16:00,2025-05-29,22.6,24.0,22.6,23.55,480,32820,0
BANKNIFTY29MAY2560100CE.NFO,2025-05-08,13:17:00,2025-05-29,23.55,23.55,23.55,23.55,90,32820,0
BANKNIFTY29MAY2560100CE.NFO,2025-05-08,13:18:00,2025-05-29,23.55,23.6,23.35,23.35,270,32820,0
BANKNIFTY29MAY2560100CE.NFO,2025-05-08,13:19:00,2025-05-29,23.35,23.35,23.35,23.35,0,32820,0
BANKNIFTY29MAY2560100CE.NFO,2025-05-08,13:20:00,2025-05-29,23.35,23.35,23.35,23.35,0,32820,0
BANKNIFTY29MAY2560100CE.NFO,2025-05-08,13:21:00,2025-05-29,23.35,23.35,23.35,23.35,0,32820,0
BANKNIFTY29MAY2560100CE.NFO,2025-05-08,13:22:00,2025-05-29,23.35,23.35,23.35,23.35,0,32820,0
BANKNIFTY29MAY2560100CE.NFO,2025-05-08,13:23:00,2025-05-29,23.35,23.4,21.85,22.35,660,33090,0
BANKNIFTY29MAY2560100CE.NFO,2025-05-08,13:24:00,2025-05-29,22.35,23.3,22.35,23.3,300,33090,0
BANKNIFTY29MAY2560100CE.NFO,2025-05-08,13:25:00,2025-05-29,23.3,23.3,23.3,23.3,0,33090,0
BANKNIFTY29MAY2560100CE.NFO,2025-05-08,13:26:00,2025-05-29,23.3,23.3,23.1,23.1,60,33750,0
BANKNIFTY29MAY2560100CE.NFO,2025-05-08,13:27:00,2025-05-29,23.1,23.1,23.1,23.1,0,33750,0
BANKNIFTY29MAY2560100CE.NFO,2025-05-08,13:28:00,2025-05-29,23.1,23.1,23.1,23.1,0,33750,0
BANKNIFTY29MAY2560100CE.NFO,2025-05-08,13:29:00,2025-05-29,23.1,23.1,23.1,23.1,0,33750,0
BANKNIFTY29MAY2560100CE.NFO,2025-05-08,13:30:00,2025-05-29,23.1,23.5,23.1,23.5,120,33810,0
BANKNIFTY29MAY2560100CE.NFO,2025-05-08,13:31:00,2025-05-29,22.4,22.4,22.4,22.4,60,33810,0
BANKNIFTY29MAY2560100CE.NFO,2025-05-08,13:32:00,2025-05-29,22.4,22.65,22.4,22.65,60,33930,0
BANKNIFTY29MAY2560100CE.NFO,2025-05-08,13:33:00,2025-05-29,22.65,22.65,22.55,22.55,30,33930,0
BANKNIFTY29MAY2560100CE.NFO,2025-05-08,13:34:00,2025-05-29,22.55,22.55,22.55,22.55,0,33930,0
BANKNIFTY29MAY2560100CE.NFO,2025-05-08,13:35:00,2025-05-29,22.55,22.55,22.55,22.55,0,33930,0
BANKNIFTY29MAY2560100CE.NFO,2025-05-08,13:36:00,2025-05-29,22.55,22.55,22.55,22.55,0,33930,0
BANKNIFTY29MAY2560100CE.NFO,2025-05-08,13:37:00,2025-05-29,22.55,22.55,22.55,22.55,0,33930,0
BANKNIFTY29MAY2560100CE.NFO,2025-05-08,13:38:00,2025-05-29,22.55,23.5,22.55,23.5,120,33990,0
BANKNIFTY29MAY2560100CE.NFO,2025-05-08,13:39:00,2025-05-29,23.5,23.5,23.5,23.5,0,33990,0
BANKNIFTY29MAY2560100CE.NFO,2025-05-08,13:40:00,2025-05-29,23.5,23.5,21.55,23.15,0,33960,0
BANKNIFTY29MAY2560100CE.NFO,2025-05-08,13:41:00,2025-05-29,23.15,23.15,23.15,23.15,0,33960,0
BANKNIFTY29MAY2560100CE.NFO,2025-05-08,13:42:00,2025-05-29,23.15,23.15,23.15,23.15,0,33960,0
BANKNIFTY29MAY2560100CE.NFO,2025-05-08,13:43:00,2025-05-29,23.15,24.75,22.35,22.35,120,33780,0
BANKNIFTY29MAY2560100CE.NFO,2025-05-08,13:44:00,2025-05-29,22.35,22.35,22.35,22.35,0,33780,0
BANKNIFTY29MAY2560100CE.NFO,2025-05-08,13:45:00,2025-05-29,22.35,23.05,22.35,23.05,60,33780,0
BANKNIFTY29MAY2560100CE.NFO,2025-05-08,13:46:00,2025-05-29,23.05,23.05,23.05,23.05,0,33780,0
BANKNIFTY29MAY2560100CE.NFO,2025-05-08,13:47:00,2025-05-29,23.05,23.5,21.75,23.5,510,33780,0
BANKNIFTY29MAY2560100CE.NFO,2025-05-08,13:48:00,2025-05-29,23.5,23.5,23.5,23.5,270,33780,0
BANKNIFTY29MAY2560100CE.NFO,2025-05-08,13:49:00,2025-05-29,23.5,23.5,22.45,23.0,4770,33900,0
BANKNIFTY29MAY2560100CE.NFO,2025-05-08,13:50:00,2025-05-29,23.0,23.0,22.95,22.95,30,33900,0
BANKNIFTY29MAY2560100CE.NFO,2025-05-08,13:51:00,2025-05-29,22.95,22.95,22.95,22.95,0,33900,0
BANKNIFTY29MAY2560100CE.NFO,2025-05-08,13:52:00,2025-05-29,22.95,22.95,22.95,22.95,0,33900,0
BANKNIFTY29MAY2560100CE.NFO,2025-05-08,13:53:00,2025-05-29,22.95,23.05,22.95,22.95,510,33720,0
BANKNIFTY29MAY2560100CE.NFO,2025-05-08,13:54:00,2025-05-29,22.95,23.0,22.95,23.0,60,33720,0
BANKNIFTY29MAY2560100CE.NFO,2025-05-08,13:55:00,2025-05-29,23.0,23.0,23.0,23.0,0,33720,0
BANKNIFTY29MAY2560100CE.NFO,2025-05-08,13:56:00,2025-05-29,23.0,23.0,22.35,23.0,270,34110,0
BANKNIFTY29MAY2560100CE.NFO,2025-05-08,13:57:00,2025-05-29,23.0,23.0,22.95,22.95,150,34110,0
BANKNIFTY29MAY2560100CE.NFO,2025-05-08,13:58:00,2025-05-29,22.95,23.8,22.95,23.7,360,34110,0
BANKNIFTY29MAY2560100CE.NFO,2025-05-08,13:59:00,2025-05-29,23.7,24.0,23.65,23.85,240,33480,0
BANKNIFTY29MAY2560100CE.NFO,2025-05-08,14:00:00,2025-05-29,23.85,23.85,23.85,23.85,0,33480,0
BANKNIFTY29MAY2560100CE.NFO,2025-05-08,14:01:00,2025-05-29,23.85,23.85,21.5,21.5,30,33300,0
BANKNIFTY29MAY2560100CE.NFO,2025-05-08,14:02:00,2025-05-29,21.5,24.0,21.5,24.0,0,33300,0
BANKNIFTY29MAY2560100CE.NFO,2025-05-08,14:03:00,2025-05-29,24.0,24.0,24.0,24.0,600,33300,0
BANKNIFTY29MAY2560100CE.NFO,2025-05-08,14:04:00,2025-05-29,24.0,24.0,24.0,24.0,600,32700,0
BANKNIFTY29MAY2560100CE.NFO,2025-05-08,14:05:00,2025-05-29,24.0,24.9,24.0,24.9,780,32700,0
BANKNIFTY29MAY2560100CE.NFO,2025-05-08,14:06:00,2025-05-29,24.9,24.9,24.45,24.45,780,32700,0
BANKNIFTY29MAY2560100CE.NFO,2025-05-08,14:07:00,2025-05-29,24.45,25.2,24.45,25.2,1560,31110,0
BANKNIFTY29MAY2560100CE.NFO,2025-05-08,14:08:00,2025-05-29,25.2,25.2,25.2,25.2,0,31110,0
BANKNIFTY29MAY2560100CE.NFO,2025-05-08,14:09:00,2025-05-29,25.2,25.2,22.5,22.5,540,31110,0
BANKNIFTY29MAY2560100CE.NFO,2025-05-08,14:10:00,2025-05-29,22.5,22.5,22.5,22.5,0,31110,0
BANKNIFTY29MAY2560100CE.NFO,2025-05-08,14:11:00,2025-05-29,24.3,24.35,24.3,24.35,210,30540,0
BANKNIFTY29MAY2560100CE.NFO,2025-05-08,14:12:00,2025-05-29,24.65,25.0,24.35,24.7,1020,30540,0
BANKNIFTY29MAY2560100CE.NFO,2025-05-08,14:13:00,2025-05-29,24.95,26.05,24.85,25.95,2190,30750,0
BANKNIFTY29MAY2560100CE.NFO,2025-05-08,14:14:00,2025-05-29,25.95,26.5,25.55,26.0,270,30750,0
BANKNIFTY29MAY2560100CE.NFO,2025-05-08,14:15:00,2025-05-29,26.0,27.0,26.0,26.65,120,30750,0
BANKNIFTY29MAY2560100CE.NFO,2025-05-08,14:16:00,2025-05-29,26.65,26.95,26.3,26.95,180,28470,0
BANKNIFTY29MAY2560100CE.NFO,2025-05-08,14:17:00,2025-05-29,26.95,26.95,25.75,25.75,780,28470,0
BANKNIFTY29MAY2560100CE.NFO,2025-05-08,14:18:00,2025-05-29,25.75,25.75,25.75,25.75,0,28470,0
BANKNIFTY29MAY2560100CE.NFO,2025-05-08,14:19:00,2025-05-29,25.75,25.75,25.4,25.4,30,28470,0
BANKNIFTY29MAY2560100CE.NFO,2025-05-08,14:20:00,2025-05-29,25.4,25.4,25.4,25.4,0,28470,0
BANKNIFTY29MAY2560100CE.NFO,2025-05-08,14:21:00,2025-05-29,25.4,25.4,24.9,25.25,210,28440,0
BANKNIFTY29MAY2560100CE.NFO,2025-05-08,14:22:00,2025-05-29,25.25,25.25,25.25,25.25,0,28440,0
BANKNIFTY29MAY2560100CE.NFO,2025-05-08,14:23:00,2025-05-29,25.25,25.25,25.25,25.25,0,28440,0
BANKNIFTY29MAY2560100CE.NFO,2025-05-08,14:24:00,2025-05-29,25.25,25.25,25.25,25.25,0,28440,0
BANKNIFTY29MAY2560100CE.NFO,2025-05-08,14:25:00,2025-05-29,25.25,25.25,25.25,25.25,0,28440,0
BANKNIFTY29MAY2560100CE.NFO,2025-05-08,14:26:00,2025-05-29,25.25,25.25,24.75,24.75,450,28290,0
BANKNIFTY29MAY2560100CE.NFO,2025-05-08,14:27:00,2025-05-29,24.75,24.75,23.6,24.65,330,28290,0
BANKNIFTY29MAY2560100CE.NFO,2025-05-08,14:28:00,2025-05-29,24.65,24.65,24.65,24.65,120,28290,0
BANKNIFTY29MAY2560100CE.NFO,2025-05-08,14:29:00,2025-05-29,24.65,24.65,24.25,24.25,300,28350,0
BANKNIFTY29MAY2560100CE.NFO,2025-05-08,14:30:00,2025-05-29,24.45,24.45,24.45,24.45,30,28350,0
BANKNIFTY29MAY2560100CE.NFO,2025-05-08,14:31:00,2025-05-29,24.45,24.45,24.45,24.45,0,28350,0
BANKNIFTY29MAY2560100CE.NFO,2025-05-08,14:32:00,2025-05-29,24.45,24.5,24.45,24.5,330,28530,0
BANKNIFTY29MAY2560100CE.NFO,2025-05-08,14:33:00,2025-05-29,24.5,24.5,24.15,24.5,480,28530,0
BANKNIFTY29MAY2560100CE.NFO,2025-05-08,14:34:00,2025-05-29,24.5,24.75,24.0,24.0,1170,27390,0
BANKNIFTY29MAY2560100CE.NFO,2025-05-08,14:35:00,2025-05-29,24.0,24.2,24.0,24.2,240,27390,0
BANKNIFTY29MAY2560100CE.NFO,2025-05-08,14:36:00,2025-05-29,24.2,24.2,24.2,24.2,0,27390,0
BANKNIFTY29MAY2560100CE.NFO,2025-05-08,14:37:00,2025-05-29,24.2,24.2,24.2,24.2,0,27390,0
BANKNIFTY29MAY2560100CE.NFO,2025-05-08,14:38:00,2025-05-29,24.7,24.95,24.7,24.85,390,27420,0
BANKNIFTY29MAY2560100CE.NFO,2025-05-08,14:39:00,2025-05-29,24.85,24.85,24.85,24.85,0,27420,0
BANKNIFTY29MAY2560100CE.NFO,2025-05-08,14:40:00,2025-05-29,24.85,24.85,24.85,24.85,0,27420,0
BANKNIFTY29MAY2560100CE.NFO,2025-05-08,14:41:00,2025-05-29,24.85,24.85,24.85,24.85,0,27420,0
BANKNIFTY29MAY2560100CE.NFO,2025-05-08,14:42:00,2025-05-29,24.85,24.85,24.8,24.8,0,27750,0
BANKNIFTY29MAY2560100CE.NFO,2025-05-08,14:43:00,2025-05-29,24.85,25.05,24.75,25.05,600,27450,0
BANKNIFTY29MAY2560100CE.NFO,2025-05-08,14:44:00,2025-05-29,25.05,25.05,24.9,24.9,240,27450,0
BANKNIFTY29MAY2560100CE.NFO,2025-05-08,14:45:00,2025-05-29,24.9,24.9,24.9,24.9,0,27450,0
BANKNIFTY29MAY2560100CE.NFO,2025-05-08,14:46:00,2025-05-29,24.9,24.9,24.9,24.9,0,27450,0
BANKNIFTY29MAY2560100CE.NFO,2025-05-08,14:47:00,2025-05-29,24.9,24.9,24.9,24.9,0,27450,0
BANKNIFTY29MAY2560100CE.NFO,2025-05-08,14:48:00,2025-05-29,24.9,24.9,22.95,22.95,30,27210,0
BANKNIFTY29MAY2560100CE.NFO,2025-05-08,14:49:00,2025-05-29,22.95,22.95,22.95,22.95,0,27210,0
BANKNIFTY29MAY2560100CE.NFO,2025-05-08,14:50:00,2025-05-29,22.95,22.95,22.95,22.95,0,27210,0
BANKNIFTY29MAY2560100CE.NFO,2025-05-08,14:51:00,2025-05-29,22.95,25.7,22.95,25.7,450,27180,0
BANKNIFTY29MAY2560100CE.NFO,2025-05-08,14:52:00,2025-05-29,25.7,25.7,25.7,25.7,0,27180,0
BANKNIFTY29MAY2560100CE.NFO,2025-05-08,14:53:00,2025-05-29,25.7,25.7,25.7,25.7,0,27180,0
BANKNIFTY29MAY2560100CE.NFO,2025-05-08,14:54:00,2025-05-29,25.7,25.7,25.7,25.7,0,27180,0
BANKNIFTY29MAY2560100CE.NFO,2025-05-08,14:55:00,2025-05-29,24.65,25.75,24.65,25.05,330,27180,0
BANKNIFTY29MAY2560100CE.NFO,2025-05-08,14:56:00,2025-05-29,25.05,25.05,24.95,24.95,60,27180,0
BANKNIFTY29MAY2560100CE.NFO,2025-05-08,14:57:00,2025-05-29,24.95,24.95,24.65,24.65,240,27180,0
BANKNIFTY29MAY2560100CE.NFO,2025-05-08,14:58:00,2025-05-29,24.65,24.65,22.55,22.55,60,27150,0
BANKNIFTY29MAY2560100CE.NFO,2025-05-08,14:59:00,2025-05-29,22.55,23.45,22.55,23.45,30,27150,0
BANKNIFTY29MAY2560100CE.NFO,2025-05-08,15:00:00,2025-05-29,23.45,23.45,23.0,23.0,60,27150,0
BANKNIFTY29MAY2560100CE.NFO,2025-05-08,15:01:00,2025-05-29,23.0,23.0,22.6,22.85,90,27060,0
BANKNIFTY29MAY2560100CE.NFO,2025-05-08,15:02:00,2025-05-29,22.85,22.85,22.85,22.85,0,27060,0
BANKNIFTY29MAY2560100CE.NFO,2025-05-08,15:03:00,2025-05-29,22.85,23.6,22.85,23.6,0,27060,0
BANKNIFTY29MAY2560100CE.NFO,2025-05-08,15:04:00,2025-05-29,23.6,23.6,23.6,23.6,30,27060,0
BANKNIFTY29MAY2560100CE.NFO,2025-05-08,15:05:00,2025-05-29,23.6,23.65,23.6,23.65,60,27060,0
BANKNIFTY29MAY2560100CE.NFO,2025-05-08,15:06:00,2025-05-29,23.65,23.65,23.65,23.65,0,27060,0
BANKNIFTY29MAY2560100CE.NFO,2025-05-08,15:07:00,2025-05-29,23.65,23.65,23.65,23.65,0,27060,0
BANKNIFTY29MAY2560100CE.NFO,2025-05-08,15:08:00,2025-05-29,23.65,23.65,23.65,23.65,0,27060,0
BANKNIFTY29MAY2560100CE.NFO,2025-05-08,15:09:00,2025-05-29,23.65,23.65,23.65,23.65,0,27060,0
BANKNIFTY29MAY2560100CE.NFO,2025-05-08,15:10:00,2025-05-29,23.65,23.65,22.95,22.95,210,27000,0
BANKNIFTY29MAY2560100CE.NFO,2025-05-08,15:11:00,2025-05-29,22.95,22.95,22.95,22.95,0,27000,0
BANKNIFTY29MAY2560100CE.NFO,2025-05-08,15:12:00,2025-05-29,22.95,23.05,22.95,23.05,390,27000,0
BANKNIFTY29MAY2560100CE.NFO,2025-05-08,15:13:00,2025-05-29,23.05,23.05,22.55,22.6,840,27030,0
BANKNIFTY29MAY2560100CE.NFO,2025-05-08,15:14:00,2025-05-29,22.6,22.85,22.6,22.85,30,27030,0
BANKNIFTY29MAY2560100CE.NFO,2025-05-08,15:15:00,2025-05-29,23.4,23.75,23.0,23.0,240,27030,0
BANKNIFTY29MAY2560100CE.NFO,2025-05-08,15:16:00,2025-05-29,23.0,23.0,22.85,22.85,30,27030,0
BANKNIFTY29MAY2560100CE.NFO,2025-05-08,15:17:00,2025-05-29,22.85,22.85,22.85,22.85,0,27030,0
BANKNIFTY29MAY2560100CE.NFO,2025-05-08,15:18:00,2025-05-29,22.85,22.85,21.95,21.95,60,26820,0
BANKNIFTY29MAY2560100CE.NFO,2025-05-08,15:19:00,2025-05-29,21.95,22.3,21.95,22.3,270,26670,0
BANKNIFTY29MAY2560100CE.NFO,2025-05-08,15:20:00,2025-05-29,22.3,22.3,21.6,21.6,120,26670,0
BANKNIFTY29MAY2560100CE.NFO,2025-05-08,15:21:00,2025-05-29,21.6,21.6,21.05,21.05,270,26670,0
BANKNIFTY29MAY2560100CE.NFO,2025-05-08,15:22:00,2025-05-29,21.05,21.05,20.05,20.35,780,26670,0
BANKNIFTY29MAY2560100CE.NFO,2025-05-08,15:23:00,2025-05-29,20.35,20.4,20.15,20.4,660,26670,0
BANKNIFTY29MAY2560100CE.NFO,2025-05-08,15:24:00,2025-05-29,20.4,21.05,20.0,21.05,1170,26670,0
BANKNIFTY29MAY2560100CE.NFO,2025-05-08,15:25:00,2025-05-29,21.05,21.1,20.95,21.1,780,26670,0
BANKNIFTY29MAY2560100CE.NFO,2025-05-08,15:26:00,2025-05-29,21.1,21.25,20.05,20.05,150,25920,0
BANKNIFTY29MAY2560100CE.NFO,2025-05-08,15:27:00,2025-05-29,20.05,21.05,20.05,21.05,90,25920,0
BANKNIFTY29MAY2560100CE.NFO,2025-05-08,15:28:00,2025-05-29,21.05,21.05,21.05,21.05,0,25920,0
BANKNIFTY29MAY2560100CE.NFO,2025-05-08,15:29:00,2025-05-29,21.05,21.1,20.95,21.1,330,25800,0
BANKNIFTY29MAY2560100CE.NFO,2025-05-08,15:30:00,2025-05-29,21.1,21.1,21.1,21.1,330,25800,1
BANKNIFTY29MAY2560100CE.NFO,2025-05-09,09:15:00,2025-05-29,21.0,21.0,15.7,21.0,750,25740,0
BANKNIFTY29MAY2560100CE.NFO,2025-05-09,09:16:00,2025-05-29,21.0,21.1,20.05,20.05,240,25740,0
BANKNIFTY29MAY2560100CE.NFO,2025-05-09,09:17:00,2025-05-29,20.05,21.05,17.35,20.9,270,25740,0
BANKNIFTY29MAY2560100CE.NFO,2025-05-09,09:18:00,2025-05-29,20.9,21.2,17.7,21.2,270,25560,0
BANKNIFTY29MAY2560100CE.NFO,2025-05-09,09:19:00,2025-05-29,21.2,21.2,20.45,20.45,240,25560,0
BANKNIFTY29MAY2560100CE.NFO,2025-05-09,09:20:00,2025-05-29,20.45,20.85,19.9,20.4,930,25560,0
BANKNIFTY29MAY2560100CE.NFO,2025-05-09,09:21:00,2025-05-29,20.65,21.4,19.35,21.3,750,25950,0
BANKNIFTY29MAY2560100CE.NFO,2025-05-09,09:22:00,2025-05-29,21.3,21.95,19.0,19.25,720,25950,0
BANKNIFTY29MAY2560100CE.NFO,2025-05-09,09:23:00,2025-05-29,19.25,21.6,19.25,21.6,480,25950,0
BANKNIFTY29MAY2560100CE.NFO,2025-05-09,09:24:00,2025-05-29,21.6,22.4,21.6,22.4,300,25380,0
BANKNIFTY29MAY2560100CE.NFO,2025-05-09,09:25:00,2025-05-29,22.4,23.65,22.4,23.6,120,25380,0
BANKNIFTY29MAY2560100CE.NFO,2025-05-09,09:26:00,2025-05-29,23.6,23.65,22.95,23.6,2190,25380,0
BANKNIFTY29MAY2560100CE.NFO,2025-05-09,09:27:00,2025-05-29,23.6,23.95,23.55,23.95,1350,26850,0
BANKNIFTY29MAY2560100CE.NFO,2025-05-09,09:28:00,2025-05-29,23.95,24.05,23.2,23.2,870,26850,0
BANKNIFTY29MAY2560100CE.NFO,2025-05-09,09:29:00,2025-05-29,23.2,23.6,20.35,20.35,1680,26850,0
BANKNIFTY29MAY2560100CE.NFO,2025-05-09,09:30:00,2025-05-29,23.95,23.95,22.6,23.0,2400,28320,0
BANKNIFTY29MAY2560100CE.NFO,2025-05-09,09:31:00,2025-05-29,23.0,24.3,23.0,23.5,1710,28320,0
BANKNIFTY29MAY2560100CE.NFO,2025-05-09,09:32:00,2025-05-29,23.5,24.1,23.1,23.65,1260,28320,0
BANKNIFTY29MAY2560100CE.NFO,2025-05-09,09:33:00,2025-05-29,23.65,24.05,23.0,23.95,1380,32640,0
BANKNIFTY29MAY2560100CE.NFO,2025-05-09,09:34:00,2025-05-29,23.95,24.35,23.35,23.35,570,32640,0
BANKNIFTY29MAY2560100CE.NFO,2025-05-09,09:35:00,2025-05-29,23.35,24.4,23.35,24.05,2340,32640,0
BANKNIFTY29MAY2560100CE.NFO,2025-05-09,09:36:00,2025-05-29,24.05,24.35,23.75,24.35,210,33300,0
BANKNIFTY29MAY2560100CE.NFO,2025-05-09,09:37:00,2025-05-29,24.35,24.35,24.35,24.35,0,33300,0
BANKNIFTY29MAY2560100CE.NFO,2025-05-09,09:38:00,2025-05-29,24.35,24.4,24.35,24.4,60,33300,0
BANKNIFTY29MAY2560100CE.NFO,2025-05-09,09:39:00,2025-05-29,24.4,24.4,24.4,24.4,0,33300,0
BANKNIFTY29MAY2560100CE.NFO,2025-05-09,09:40:00,2025-05-29,24.4,24.6,23.5,23.5,480,33330,0
BANKNIFTY29MAY2560100CE.NFO,2025-05-09,09:41:00,2025-05-29,23.5,23.5,23.05,23.05,30,33330,0
BANKNIFTY29MAY2560100CE.NFO,2025-05-09,09:42:00,2025-05-29,23.05,25.2,23.05,23.25,4440,33330,0
BANKNIFTY29MAY2560100CE.NFO,2025-05-09,09:43:00,2025-05-29,23.25,23.25,22.5,22.5,60,33330,0
BANKNIFTY29MAY2560100CE.NFO,2025-05-09,09:44:00,2025-05-29,22.5,22.55,22.35,22.5,150,33330,0
BANKNIFTY29MAY2560100CE.NFO,2025-05-09,09:45:00,2025-05-29,22.5,22.5,22.05,22.05,60,35250,0
BANKNIFTY29MAY2560100CE.NFO,2025-05-09,09:46:00,2025-05-29,22.05,22.05,22.05,22.05,0,35250,0
BANKNIFTY29MAY2560100CE.NFO,2025-05-09,09:47:00,2025-05-29,22.05,22.45,21.8,21.8,60,35250,0
BANKNIFTY29MAY2560100CE.NFO,2025-05-09,09:48:00,2025-05-29,21.8,22.75,21.8,21.95,660,35310,0
BANKNIFTY29MAY2560100CE.NFO,2025-05-09,09:49:00,2025-05-29,21.95,22.45,21.95,22.45,120,35310,0
BANKNIFTY29MAY2560100CE.NFO,2025-05-09,09:50:00,2025-05-29,22.45,22.45,21.7,22.15,120,35310,0
BANKNIFTY29MAY2560100CE.NFO,2025-05-09,09:51:00,2025-05-29,22.15,22.15,21.6,21.6,30,35310,0
BANKNIFTY29MAY2560100CE.NFO,2025-05-09,09:52:00,2025-05-29,21.6,22.2,21.6,22.2,60,35160,0
BANKNIFTY29MAY2560100CE.NFO,2025-05-09,09:53:00,2025-05-29,22.2,22.2,21.85,21.85,30,35160,0
BANKNIFTY29MAY2560100CE.NFO,2025-05-09,09:54:00,2025-05-29,21.85,21.85,21.15,21.6,1710,35100,0
BANKNIFTY29MAY2560100CE.NFO,2025-05-09,09:55:00,2025-05-29,21.6,22.0,21.5,21.5,390,35100,0
BANKNIFTY29MAY2560100CE.NFO,2025-05-09,09:56:00,2025-05-29,21.5,21.5,20.85,21.05,1770,35100,0
BANKNIFTY29MAY2560100CE.NFO,2025-05-09,09:57:00,2025-05-29,21.05,21.1,20.95,20.95,840,35100,0
BANKNIFTY29MAY2560100CE.NFO,2025-05-09,09:58:00,2025-05-29,20.95,20.95,20.95,20.95,0,35100,0
BANKNIFTY29MAY2560100CE.NFO,2025-05-09,09:59:00,2025-05-29,20.95,20.95,20.9,20.9,300,35400,0
BANKNIFTY29MAY2560100CE.NFO,2025-05-09,10:00:00,2025-05-29,20.9,20.9,20.9,20.9,30,35400,0
BANKNIFTY29MAY2560100CE.NFO,2025-05-09,10:01:00,2025-05-29,20.9,20.9,20.9,20.9,0,35400,0
BANKNIFTY29MAY2560100CE.NFO,2025-05-09,10:02:00,2025-05-29,20.9,20.9,20.9,20.9,0,35400,0
BANKNIFTY29MAY2560100CE.NFO,2025-05-09,10:03:00,2025-05-29,20.9,21.95,20.9,21.95,30,35190,0
BANKNIFTY29MAY2560100CE.NFO,2025-05-09,10:04:00,2025-05-29,21.95,21.95,20.3,20.3,120,35220,0
BANKNIFTY29MAY2560100CE.NFO,2025-05-09,10:05:00,2025-05-29,20.3,20.3,20.3,20.3,0,35220,0
BANKNIFTY29MAY2560100CE.NFO,2025-05-09,10:06:00,2025-05-29,20.3,20.3,20.05,20.05,60,35220,0
BANKNIFTY29MAY2560100CE.NFO,2025-05-09,10:07:00,2025-05-29,20.8,20.8,20.45,20.45,150,35220,0
BANKNIFTY29MAY2560100CE.NFO,2025-05-09,10:08:00,2025-05-29,20.45,21.45,20.45,21.45,30,35220,0
BANKNIFTY29MAY2560100CE.NFO,2025-05-09,10:09:00,2025-05-29,21.45,21.45,21.45,21.45,0,35220,0
BANKNIFTY29MAY2560100CE.NFO,2025-05-09,10:10:00,2025-05-29,21.45,21.45,21.45,21.45,0,35220,0
BANKNIFTY29MAY2560100CE.NFO,2025-05-09,10:11:00,2025-05-29,21.45,21.45,20.05,20.85,30,35250,0
BANKNIFTY29MAY2560100CE.NFO,2025-05-09,10:12:00,2025-05-29,20.85,20.85,20.85,20.85,60,35250,0
BANKNIFTY29MAY2560100CE.NFO,2025-05-09,10:13:00,2025-05-29,20.85,20.85,20.0,20.0,210,35220,0
BANKNIFTY29MAY2560100CE.NFO,2025-05-09,10:14:00,2025-05-29,20.0,20.0,20.0,20.0,0,35220,0
BANKNIFTY29MAY2560100CE.NFO,2025-05-09,10:15:00,2025-05-29,20.0,20.3,19.95,20.1,4260,35310,0
BANKNIFTY29MAY2560100CE.NFO,2025-05-09,10:16:00,2025-05-29,20.1,20.1,19.9,19.9,270,35310,0
BANKNIFTY29MAY2560100CE.NFO,2025-05-09,10:17:00,2025-05-29,19.9,19.9,19.9,19.9,0,35310,0
BANKNIFTY29MAY2560100CE.NFO,2025-05-09,10:18:00,2025-05-29,19.9,19.95,19.5,19.5,900,36690,0
BANKNIFTY29MAY2560100CE.NFO,2025-05-09,10:19:00,2025-05-29,19.5,19.5,19.5,19.5,30,36690,0
BANKNIFTY29MAY2560100CE.NFO,2025-05-09,10:20:00,2025-05-29,19.5,19.5,19.5,19.5,0,36690,0
BANKNIFTY29MAY2560100CE.NFO,2025-05-09,10:21:00,2025-05-29,19.5,19.85,19.2,19.65,1170,37110,0
BANKNIFTY29MAY2560100CE.NFO,2025-05-09,10:22:00,2025-05-29,19.65,19.75,19.65,19.75,300,37110,0
BANKNIFTY29MAY2560100CE.NFO,2025-05-09,10:23:00,2025-05-29,19.75,19.75,19.75,19.75,0,37110,0
BANKNIFTY29MAY2560100CE.NFO,2025-05-09,10:24:00,2025-05-29,19.75,19.75,19.75,19.75,0,37110,0
BANKNIFTY29MAY2560100CE.NFO,2025-05-09,10:25:00,2025-05-29,19.75,19.75,19.75,19.75,0,37110,0
BANKNIFTY29MAY2560100CE.NFO,2025-05-09,10:26:00,2025-05-29,19.75,19.75,19.75,19.75,0,37110,0
BANKNIFTY29MAY2560100CE.NFO,2025-05-09,10:27:00,2025-05-29,19.75,19.75,19.75,19.75,0,37110,0
BANKNIFTY29MAY2560100CE.NFO,2025-05-09,10:28:00,2025-05-29,19.75,19.75,19.75,19.75,0,37110,0
BANKNIFTY29MAY2560100CE.NFO,2025-05-09,10:29:00,2025-05-29,19.75,19.75,19.75,19.75,0,37110,0
BANKNIFTY29MAY2560100CE.NFO,2025-05-09,10:30:00,2025-05-29,19.75,19.75,19.75,19.75,0,37110,0
BANKNIFTY29MAY2560100CE.NFO,2025-05-09,10:31:00,2025-05-29,19.75,19.75,19.75,19.75,0,37110,0
BANKNIFTY29MAY2560100CE.NFO,2025-05-09,10:32:00,2025-05-29,19.75,19.75,19.75,19.75,0,37110,0
BANKNIFTY29MAY2560100CE.NFO,2025-05-09,10:33:00,2025-05-29,19.75,19.75,19.35,19.35,390,37230,0
BANKNIFTY29MAY2560100CE.NFO,2025-05-09,10:34:00,2025-05-29,19.35,19.35,18.6,18.6,1290,37320,0
BANKNIFTY29MAY2560100CE.NFO,2025-05-09,10:35:00,2025-05-29,18.6,18.9,18.6,18.9,60,37320,0
BANKNIFTY29MAY2560100CE.NFO,2025-05-09,10:36:00,2025-05-29,18.9,18.9,18.8,18.8,90,37110,0
BANKNIFTY29MAY2560100CE.NFO,2025-05-09,10:37:00,2025-05-29,18.8,19.0,18.8,18.8,150,37110,0
BANKNIFTY29MAY2560100CE.NFO,2025-05-09,10:38:00,2025-05-29,18.8,18.8,18.8,18.8,0,37110,0
BANKNIFTY29MAY2560100CE.NFO,2025-05-09,10:39:00,2025-05-29,18.8,18.8,18.4,18.4,150,37110,0
BANKNIFTY29MAY2560100CE.NFO,2025-05-09,10:40:00,2025-05-29,18.4,18.4,17.8,18.1,150,37140,0
BANKNIFTY29MAY2560100CE.NFO,2025-05-09,10:41:00,2025-05-29,18.1,18.1,18.1,18.1,0,37140,0
BANKNIFTY29MAY2560100CE.NFO,2025-05-09,10:42:00,2025-05-29,18.15,18.15,18.15,18.15,30,37140,0
BANKNIFTY29MAY2560100CE.NFO,2025-05-09,10:43:00,2025-05-29,18.15,18.15,18.15,18.15,30,37230,0
BANKNIFTY29MAY2560100CE.NFO,2025-05-09,10:44:00,2025-05-29,18.15,18.15,17.55,17.55,900,37230,0
BANKNIFTY29MAY2560100CE.NFO,2025-05-09,10:45:00,2025-05-29,17.55,17.9,17.55,17.8,90,38040,0
BANKNIFTY29MAY2560100CE.NFO,2025-05-09,10:46:00,2025-05-29,17.8,17.8,17.6,17.65,4470,38040,0
BANKNIFTY29MAY2560100CE.NFO,2025-05-09,10:47:00,2025-05-29,17.65,17.75,17.65,17.75,420,38040,0
BANKNIFTY29MAY2560100CE.NFO,2025-05-09,10:48:00,2025-05-29,17.75,17.75,17.7,17.7,360,40530,0
BANKNIFTY29MAY2560100CE.NFO,2025-05-09,10:49:00,2025-05-29,17.7,17.9,17.7,17.9,90,40530,0
BANKNIFTY29MAY2560100CE.NFO,2025-05-09,10:50:00,2025-05-29,17.9,17.9,17.9,17.9,30,40530,0
BANKNIFTY29MAY2560100CE.NFO,2025-05-09,10:51:00,2025-05-29,17.9,17.9,17.9,17.9,0,40530,0
BANKNIFTY29MAY2560100CE.NFO,2025-05-09,10:52:00,2025-05-29,17.9,17.9,17.9,17.9,0,40530,0
BANKNIFTY29MAY2560100CE.NFO,2025-05-09,10:53:00,2025-05-29,17.9,17.9,17.9,17.9,0,40530,0
BANKNIFTY29MAY2560100CE.NFO,2025-05-09,10:54:00,2025-05-29,17.9,17.9,17.9,17.9,0,40530,0
BANKNIFTY29MAY2560100CE.NFO,2025-05-09,10:55:00,2025-05-29,17.9,17.9,17.55,17.55,0,40560,0
BANKNIFTY29MAY2560100CE.NFO,2025-05-09,10:56:00,2025-05-29,17.55,17.55,17.55,17.55,120,40560,0
BANKNIFTY29MAY2560100CE.NFO,2025-05-09,10:57:00,2025-05-29,17.55,17.55,17.55,17.55,0,40560,0
BANKNIFTY29MAY2560100CE.NFO,2025-05-09,10:58:00,2025-05-29,17.55,17.55,17.55,17.55,0,40560,0
BANKNIFTY29MAY2560100CE.NFO,2025-05-09,10:59:00,2025-05-29,17.55,17.55,17.55,17.55,0,40560,0
BANKNIFTY29MAY2560100CE.NFO,2025-05-09,11:00:00,2025-05-29,17.55,17.55,17.55,17.55,270,40560,0
BANKNIFTY29MAY2560100CE.NFO,2025-05-09,11:01:00,2025-05-29,17.55,17.55,17.55,17.55,0,40560,0
BANKNIFTY29MAY2560100CE.NFO,2025-05-09,11:02:00,2025-05-29,17.55,17.55,17.55,17.55,0,40560,0
BANKNIFTY29MAY2560100CE.NFO,2025-05-09,11:03:00,2025-05-29,17.55,17.55,16.25,16.25,210,40680,0
BANKNIFTY29MAY2560100CE.NFO,2025-05-09,11:04:00,2025-05-29,16.25,16.25,16.25,16.25,0,40680,0
BANKNIFTY29MAY2560100CE.NFO,2025-05-09,11:05:00,2025-05-29,16.25,16.25,16.25,16.25,0,40680,0
BANKNIFTY29MAY2560100CE.NFO,2025-05-09,11:06:00,2025-05-29,16.25,17.7,16.25,17.7,0,40560,0
BANKNIFTY29MAY2560100CE.NFO,2025-05-09,11:07:00,2025-05-29,17.7,17.7,17.7,17.7,30,40560,0
BANKNIFTY29MAY2560100CE.NFO,2025-05-09,11:08:00,2025-05-29,17.7,17.7,17.7,17.7,0,40560,0
BANKNIFTY29MAY2560100CE.NFO,2025-05-09,11:09:00,2025-05-29,17.7,17.7,17.55,17.55,810,40470,0
BANKNIFTY29MAY2560100CE.NFO,2025-05-09,11:10:00,2025-05-29,17.55,17.55,17.35,17.4,810,40470,0
BANKNIFTY29MAY2560100CE.NFO,2025-05-09,11:11:00,2025-05-29,17.4,17.4,17.4,17.4,360,40470,0
BANKNIFTY29MAY2560100CE.NFO,2025-05-09,11:12:00,2025-05-29,17.4,17.4,17.0,17.0,180,40470,0
BANKNIFTY29MAY2560100CE.NFO,2025-05-09,11:13:00,2025-05-29,17.0,17.2,16.75,16.75,180,39660,0
BANKNIFTY29MAY2560100CE.NFO,2025-05-09,11:14:00,2025-05-29,16.75,17.1,16.7,16.7,90,39660,0
BANKNIFTY29MAY2560100CE.NFO,2025-05-09,11:15:00,2025-05-29,16.7,16.7,16.7,16.7,0,39660,0
BANKNIFTY29MAY2560100CE.NFO,2025-05-09,11:16:00,2025-05-29,16.7,16.7,16.7,16.7,0,39660,0
BANKNIFTY29MAY2560100CE.NFO,2025-05-09,11:17:00,2025-05-29,16.7,16.8,16.7,16.8,1620,39690,0
BANKNIFTY29MAY2560100CE.NFO,2025-05-09,11:18:00,2025-05-29,16.8,16.8,16.5,16.7,1350,39690,0
BANKNIFTY29MAY2560100CE.NFO,2025-05-09,11:19:00,2025-05-29,16.7,16.7,16.45,16.45,120,40740,0
BANKNIFTY29MAY2560100CE.NFO,2025-05-09,11:20:00,2025-05-29,16.45,16.45,16.4,16.4,300,40740,0
BANKNIFTY29MAY2560100CE.NFO,2025-05-09,11:21:00,2025-05-29,16.4,16.4,16.4,16.4,0,40740,0
BANKNIFTY29MAY2560100CE.NFO,2025-05-09,11:22:00,2025-05-29,16.4,16.45,16.0,16.45,90,40620,0
BANKNIFTY29MAY2560100CE.NFO,2025-05-09,11:23:00,2025-05-29,16.45,16.45,16.45,16.45,0,40620,0
BANKNIFTY29MAY2560100CE.NFO,2025-05-09,11:24:00,2025-05-29,16.45,16.45,16.45,16.45,0,40620,0
BANKNIFTY29MAY2560100CE.NFO,2025-05-09,11:25:00,2025-05-29,16.45,16.45,16.45,16.45,0,40620,0
BANKNIFTY29MAY2560100CE.NFO,2025-05-09,11:26:00,2025-05-29,16.45,16.45,16.45,16.45,0,40620,0
BANKNIFTY29MAY2560100CE.NFO,2025-05-09,11:27:00,2025-05-29,16.45,16.45,16.45,16.45,0,40620,0
BANKNIFTY29MAY2560100CE.NFO,2025-05-09,11:28:00,2025-05-29,16.45,16.45,16.45,16.45,0,40620,0
BANKNIFTY29MAY2560100CE.NFO,2025-05-09,11:29:00,2025-05-29,16.45,18.65,16.45,16.8,690,40620,0
BANKNIFTY29MAY2560100CE.NFO,2025-05-09,11:30:00,2025-05-29,16.8,17.05,16.8,17.05,600,40620,0
BANKNIFTY29MAY2560100CE.NFO,2025-05-09,11:31:00,2025-05-29,17.05,17.45,17.05,17.45,300,41460,0
BANKNIFTY29MAY2560100CE.NFO,2025-05-09,11:32:00,2025-05-29,17.45,17.45,17.45,17.45,0,41460,0
BANKNIFTY29MAY2560100CE.NFO,2025-05-09,11:33:00,2025-05-29,17.45,17.45,17.45,17.45,0,41460,0
BANKNIFTY29MAY2560100CE.NFO,2025-05-09,11:34:00,2025-05-29,17.45,17.45,17.45,17.45,0,41460,0
BANKNIFTY29MAY2560100CE.NFO,2025-05-09,11:35:00,2025-05-29,17.45,17.45,17.45,17.45,0,41460,0
BANKNIFTY29MAY2560100CE.NFO,2025-05-09,11:36:00,2025-05-29,17.45,17.45,17.45,17.45,0,41460,0
BANKNIFTY29MAY2560100CE.NFO,2025-05-09,11:37:00,2025-05-29,17.45,17.45,17.45,17.45,0,41460,0
BANKNIFTY29MAY2560100CE.NFO,2025-05-09,11:38:00,2025-05-29,17.45,17.45,16.05,16.05,360,41760,0
BANKNIFTY29MAY2560100CE.NFO,2025-05-09,11:39:00,2025-05-29,16.05,16.05,16.05,16.05,0,41760,0
BANKNIFTY29MAY2560100CE.NFO,2025-05-09,11:40:00,2025-05-29,16.05,16.05,16.05,16.05,0,41760,0
BANKNIFTY29MAY2560100CE.NFO,2025-05-09,11:41:00,2025-05-29,16.05,16.05,16.05,16.05,0,41760,0
BANKNIFTY29MAY2560100CE.NFO,2025-05-09,11:42:00,2025-05-29,16.05,16.05,16.05,16.05,0,41760,0
BANKNIFTY29MAY2560100CE.NFO,2025-05-09,11:43:00,2025-05-29,16.05,16.05,16.05,16.05,0,41760,0
BANKNIFTY29MAY2560100CE.NFO,2025-05-09,11:44:00,2025-05-29,16.05,16.05,16.05,16.05,0,41760,0
BANKNIFTY29MAY2560100CE.NFO,2025-05-09,11:45:00,2025-05-29,16.05,16.25,15.55,16.25,720,42180,0
BANKNIFTY29MAY2560100CE.NFO,2025-05-09,11:46:00,2025-05-29,16.25,16.25,16.0,16.0,90,42180,0
BANKNIFTY29MAY2560100CE.NFO,2025-05-09,11:47:00,2025-05-29,16.0,16.0,16.0,16.0,0,42180,0
BANKNIFTY29MAY2560100CE.NFO,2025-05-09,11:48:00,2025-05-29,16.0,16.0,16.0,16.0,0,42180,0
BANKNIFTY29MAY2560100CE.NFO,2025-05-09,11:49:00,2025-05-29,16.0,16.0,16.0,16.0,0,42180,0
BANKNIFTY29MAY2560100CE.NFO,2025-05-09,11:50:00,2025-05-29,16.0,16.0,16.0,16.0,0,42180,0
BANKNIFTY29MAY2560100CE.NFO,2025-05-09,11:51:00,2025-05-29,16.0,16.0,16.0,16.0,0,42180,0
BANKNIFTY29MAY2560100CE.NFO,2025-05-09,11:52:00,2025-05-29,16.0,16.0,16.0,16.0,0,42180,0
BANKNIFTY29MAY2560100CE.NFO,2025-05-09,11:53:00,2025-05-29,16.0,16.0,16.0,16.0,0,42180,0
BANKNIFTY29MAY2560100CE.NFO,2025-05-09,11:54:00,2025-05-29,15.05,16.2,13.3,16.2,1410,42030,0
BANKNIFTY29MAY2560100CE.NFO,2025-05-09,11:55:00,2025-05-29,16.2,16.8,16.2,16.55,750,41850,0
BANKNIFTY29MAY2560100CE.NFO,2025-05-09,11:56:00,2025-05-29,16.55,16.65,16.55,16.65,1050,41850,0
BANKNIFTY29MAY2560100CE.NFO,2025-05-09,11:57:00,2025-05-29,16.65,16.65,16.55,16.55,210,41850,0
BANKNIFTY29MAY2560100CE.NFO,2025-05-09,11:58:00,2025-05-29,16.55,16.75,16.55,16.75,30,40830,0
BANKNIFTY29MAY2560100CE.NFO,2025-05-09,11:59:00,2025-05-29,16.75,16.75,16.65,16.65,30,40830,0
BANKNIFTY29MAY2560100CE.NFO,2025-05-09,12:00:00,2025-05-29,16.65,16.65,16.65,16.65,0,40830,0
BANKNIFTY29MAY2560100CE.NFO,2025-05-09,12:01:00,2025-05-29,16.65,16.7,16.65,16.7,210,40800,0
BANKNIFTY29MAY2560100CE.NFO,2025-05-09,12:02:00,2025-05-29,16.7,16.7,16.7,16.7,0,40800,0
BANKNIFTY29MAY2560100CE.NFO,2025-05-09,12:03:00,2025-05-29,16.7,17.05,16.7,17.05,870,40800,0
BANKNIFTY29MAY2560100CE.NFO,2025-05-09,12:04:00,2025-05-29,17.05,17.05,16.6,16.65,120,40350,0
BANKNIFTY29MAY2560100CE.NFO,2025-05-09,12:05:00,2025-05-29,16.65,16.7,16.65,16.65,150,40350,0
BANKNIFTY29MAY2560100CE.NFO,2025-05-09,12:06:00,2025-05-29,16.65,16.75,16.65,16.75,1140,39900,0
BANKNIFTY29MAY2560100CE.NFO,2025-05-09,12:07:00,2025-05-29,16.75,16.85,16.75,16.75,450,39900,0
BANKNIFTY29MAY2560100CE.NFO,2025-05-09,12:08:00,2025-05-29,16.75,16.75,16.55,16.55,870,39900,0
BANKNIFTY29MAY2560100CE.NFO,2025-05-09,12:09:00,2025-05-29,16.55,16.85,16.55,16.85,60,38430,0
BANKNIFTY29MAY2560100CE.NFO,2025-05-09,12:10:00,2025-05-29,16.85,17.05,16.8,17.05,150,38430,0
BANKNIFTY29MAY2560100CE.NFO,2025-05-09,12:11:00,2025-05-29,17.05,17.05,17.05,17.05,0,38430,0
BANKNIFTY29MAY2560100CE.NFO,2025-05-09,12:12:00,2025-05-29,17.05,17.05,17.05,17.05,0,38430,0
BANKNIFTY29MAY2560100CE.NFO,2025-05-09,12:13:00,2025-05-29,17.05,17.05,16.65,16.65,30,38310,0
BANKNIFTY29MAY2560100CE.NFO,2025-05-09,12:14:00,2025-05-29,16.95,17.0,16.95,17.0,120,38310,0
BANKNIFTY29MAY2560100CE.NFO,2025-05-09,12:15:00,2025-05-29,17.0,17.0,16.85,16.85,120,38310,0
BANKNIFTY29MAY2560100CE.NFO,2025-05-09,12:16:00,2025-05-29,16.85,16.95,16.85,16.95,60,38250,0
BANKNIFTY29MAY2560100CE.NFO,2025-05-09,12:17:00,2025-05-29,16.95,16.95,16.75,16.75,480,38250,0
BANKNIFTY29MAY2560100CE.NFO,2025-05-09,12:18:00,2025-05-29,16.75,16.75,16.75,16.75,60,38250,0
BANKNIFTY29MAY2560100CE.NFO,2025-05-09,12:19:00,2025-05-29,16.75,16.75,16.75,16.75,0,38250,0
BANKNIFTY29MAY2560100CE.NFO,2025-05-09,12:20:00,2025-05-29,16.75,16.75,16.75,16.75,0,38250,0
BANKNIFTY29MAY2560100CE.NFO,2025-05-09,12:21:00,2025-05-29,16.75,16.75,16.75,16.75,0,38250,0
BANKNIFTY29MAY2560100CE.NFO,2025-05-09,12:22:00,2025-05-29,16.75,16.75,16.75,16.75,0,38250,0
BANKNIFTY29MAY2560100CE.NFO,2025-05-09,12:23:00,2025-05-29,16.75,16.75,16.75,16.75,0,38250,0
BANKNIFTY29MAY2560100CE.NFO,2025-05-09,12:24:00,2025-05-29,16.75,16.75,16.25,16.25,30,38460,0
BANKNIFTY29MAY2560100CE.NFO,2025-05-09,12:25:00,2025-05-29,17.0,17.4,17.0,17.4,300,38430,0
BANKNIFTY29MAY2560100CE.NFO,2025-05-09,12:26:00,2025-05-29,17.4,17.4,16.9,17.0,330,38430,0
BANKNIFTY29MAY2560100CE.NFO,2025-05-09,12:27:00,2025-05-29,17.0,17.0,17.0,17.0,0,38430,0
BANKNIFTY29MAY2560100CE.NFO,2025-05-09,12:28:00,2025-05-29,17.0,17.0,17.0,17.0,0,38430,0
BANKNIFTY29MAY2560100CE.NFO,2025-05-09,12:29:00,2025-05-29,17.0,17.0,17.0,17.0,0,38430,0
BANKNIFTY29MAY2560100CE.NFO,2025-05-09,12:30:00,2025-05-29,17.0,17.0,16.85,16.85,30,38100,0
BANKNIFTY29MAY2560100CE.NFO,2025-05-09,12:31:00,2025-05-29,16.85,16.85,16.75,16.75,480,38070,0
BANKNIFTY29MAY2560100CE.NFO,2025-05-09,12:32:00,2025-05-29,16.75,16.75,16.75,16.75,30,38070,0
BANKNIFTY29MAY2560100CE.NFO,2025-05-09,12:33:00,2025-05-29,16.75,16.75,16.75,16.75,30,38070,0
BANKNIFTY29MAY2560100CE.NFO,2025-05-09,12:34:00,2025-05-29,16.75,16.75,16.75,16.75,0,38070,0
BANKNIFTY29MAY2560100CE.NFO,2025-05-09,12:35:00,2025-05-29,16.85,16.85,16.85,16.85,270,38250,0
BANKNIFTY29MAY2560100CE.NFO,2025-05-09,12:36:00,2025-05-29,16.85,16.85,16.85,16.85,0,38250,0
BANKNIFTY29MAY2560100CE.NFO,2025-05-09,12:37:00,2025-05-29,16.85,17.0,16.85,17.0,180,37980,0
BANKNIFTY29MAY2560100CE.NFO,2025-05-09,12:38:00,2025-05-29,17.0,17.3,17.0,17.3,210,37980,0
BANKNIFTY29MAY2560100CE.NFO,2025-05-09,12:39:00,2025-05-29,17.3,17.4,17.15,17.15,870,37800,0
BANKNIFTY29MAY2560100CE.NFO,2025-05-09,12:40:00,2025-05-29,17.15,17.6,17.15,17.5,450,37800,0
BANKNIFTY29MAY2560100CE.NFO,2025-05-09,12:41:00,2025-05-29,17.5,17.55,17.4,17.4,540,37800,0
BANKNIFTY29MAY2560100CE.NFO,2025-05-09,12:42:00,2025-05-29,17.4,17.45,17.4,17.45,240,37800,0
BANKNIFTY29MAY2560100CE.NFO,2025-05-09,12:43:00,2025-05-29,17.45,17.45,17.45,17.45,0,37800,0
BANKNIFTY29MAY2560100CE.NFO,2025-05-09,12:44:00,2025-05-29,17.45,17.45,17.45,17.45,0,37800,0
BANKNIFTY29MAY2560100CE.NFO,2025-05-09,12:45:00,2025-05-29,17.45,17.45,17.45,17.45,0,37800,0
BANKNIFTY29MAY2560100CE.NFO,2025-05-09,12:46:00,2025-05-29,17.45,17.45,17.45,17.45,0,37800,0
BANKNIFTY29MAY2560100CE.NFO,2025-05-09,12:47:00,2025-05-29,17.45,17.45,17.45,17.45,0,37800,0
BANKNIFTY29MAY2560100CE.NFO,2025-05-09,12:48:00,2025-05-29,17.45,17.45,17.45,17.45,0,37800,0
BANKNIFTY29MAY2560100CE.NFO,2025-05-09,12:49:00,2025-05-29,17.45,17.45,17.45,17.45,0,37800,0
BANKNIFTY29MAY2560100CE.NFO,2025-05-09,12:50:00,2025-05-29,17.45,17.45,17.45,17.45,0,37800,0
BANKNIFTY29MAY2560100CE.NFO,2025-05-09,12:51:00,2025-05-29,17.45,17.45,17.45,17.45,0,37800,0
BANKNIFTY29MAY2560100CE.NFO,2025-05-09,12:52:00,2025-05-29,17.45,17.45,17.45,17.45,0,37800,0
BANKNIFTY29MAY2560100CE.NFO,2025-05-09,12:53:00,2025-05-29,17.45,17.45,17.45,17.45,0,37800,0
BANKNIFTY29MAY2560100CE.NFO,2025-05-09,12:54:00,2025-05-29,17.45,17.45,17.45,17.45,0,37800,0
BANKNIFTY29MAY2560100CE.NFO,2025-05-09,12:55:00,2025-05-29,17.45,18.2,16.8,17.7,690,38190,0
BANKNIFTY29MAY2560100CE.NFO,2025-05-09,12:56:00,2025-05-29,17.7,17.85,17.7,17.75,780,38190,0
BANKNIFTY29MAY2560100CE.NFO,2025-05-09,12:57:00,2025-05-29,17.75,17.75,17.5,17.5,300,38190,0
BANKNIFTY29MAY2560100CE.NFO,2025-05-09,12:58:00,2025-05-29,17.5,17.6,17.5,17.6,30,36900,0
BANKNIFTY29MAY2560100CE.NFO,2025-05-09,12:59:00,2025-05-29,17.6,17.6,17.6,17.6,180,36900,0
BANKNIFTY29MAY2560100CE.NFO,2025-05-09,13:00:00,2025-05-29,17.6,17.75,17.6,17.75,330,36900,0
BANKNIFTY29MAY2560100CE.NFO,2025-05-09,13:01:00,2025-05-29,17.75,17.75,17.55,17.55,360,36630,0
BANKNIFTY29MAY2560100CE.NFO,2025-05-09,13:02:00,2025-05-29,17.55,17.55,17.55,17.55,0,36630,0
BANKNIFTY29MAY2560100CE.NFO,2025-05-09,13:03:00,2025-05-29,17.55,17.55,17.55,17.55,0,36630,0
BANKNIFTY29MAY2560100CE.NFO,2025-05-09,13:04:00,2025-05-29,17.55,17.55,17.55,17.55,0,36630,0
BANKNIFTY29MAY2560100CE.NFO,2025-05-09,13:05:00,2025-05-29,17.55,17.55,17.55,17.55,0,36630,0
BANKNIFTY29MAY2560100CE.NFO,2025-05-09,13:06:00,2025-05-29,17.55,17.55,17.55,17.55,0,36630,0
BANKNIFTY29MAY2560100CE.NFO,2025-05-09,13:07:00,2025-05-29,17.55,17.55,17.55,17.55,0,36630,0
BANKNIFTY29MAY2560100CE.NFO,2025-05-09,13:08:00,2025-05-29,17.55,17.55,17.55,17.55,0,36630,0
BANKNIFTY29MAY2560100CE.NFO,2025-05-09,13:09:00,2025-05-29,17.55,17.55,17.55,17.55,0,36630,0
BANKNIFTY29MAY2560100CE.NFO,2025-05-09,13:10:00,2025-05-29,17.55,17.55,17.55,17.55,0,36630,0
BANKNIFTY29MAY2560100CE.NFO,2025-05-09,13:11:00,2025-05-29,17.55,17.55,17.55,17.55,0,36630,0
BANKNIFTY29MAY2560100CE.NFO,2025-05-09,13:12:00,2025-05-29,17.55,17.55,17.55,17.55,0,36630,0
BANKNIFTY29MAY2560100CE.NFO,2025-05-09,13:13:00,2025-05-29,17.55,17.55,17.55,17.55,0,36630,0
BANKNIFTY29MAY2560100CE.NFO,2025-05-09,13:14:00,2025-05-29,17.55,17.55,17.55,17.55,0,36630,0
BANKNIFTY29MAY2560100CE.NFO,2025-05-09,13:15:00,2025-05-29,17.55,17.55,17.55,17.55,0,36630,0
BANKNIFTY29MAY2560100CE.NFO,2025-05-09,13:16:00,2025-05-29,17.55,17.55,17.55,17.55,0,36630,0
BANKNIFTY29MAY2560100CE.NFO,2025-05-09,13:17:00,2025-05-29,17.55,17.55,17.55,17.55,0,36630,0
BANKNIFTY29MAY2560100CE.NFO,2025-05-09,13:18:00,2025-05-29,17.55,17.55,17.55,17.55,0,36630,0
BANKNIFTY29MAY2560100CE.NFO,2025-05-09,13:19:00,2025-05-29,17.55,17.55,17.55,17.55,0,36630,0
BANKNIFTY29MAY2560100CE.NFO,2025-05-09,13:20:00,2025-05-29,17.55,17.55,16.65,16.65,30,36330,0
BANKNIFTY29MAY2560100CE.NFO,2025-05-09,13:21:00,2025-05-29,16.65,16.65,16.65,16.65,0,36330,0
BANKNIFTY29MAY2560100CE.NFO,2025-05-09,13:22:00,2025-05-29,16.65,16.65,16.65,16.65,0,36330,0
BANKNIFTY29MAY2560100CE.NFO,2025-05-09,13:23:00,2025-05-29,16.65,16.65,16.65,16.65,0,36330,0
BANKNIFTY29MAY2560100CE.NFO,2025-05-09,13:24:00,2025-05-29,16.65,16.65,16.65,16.65,0,36330,0
BANKNIFTY29MAY2560100CE.NFO,2025-05-09,13:25:00,2025-05-29,16.65,16.65,16.65,16.65,0,36330,0
BANKNIFTY29MAY2560100CE.NFO,2025-05-09,13:26:00,2025-05-29,16.65,16.65,16.65,16.65,0,36330,0
BANKNIFTY29MAY2560100CE.NFO,2025-05-09,13:27:00,2025-05-29,16.65,16.65,16.65,16.65,0,36330,0
BANKNIFTY29MAY2560100CE.NFO,2025-05-09,13:28:00,2025-05-29,16.65,16.65,16.65,16.65,0,36330,0
BANKNIFTY29MAY2560100CE.NFO,2025-05-09,13:29:00,2025-05-29,16.65,18.05,16.65,18.05,90,36300,0
BANKNIFTY29MAY2560100CE.NFO,2025-05-09,13:30:00,2025-05-29,18.05,18.05,18.05,18.05,0,36300,0
BANKNIFTY29MAY2560100CE.NFO,2025-05-09,13:31:00,2025-05-29,18.05,18.05,18.05,18.05,0,36300,0
BANKNIFTY29MAY2560100CE.NFO,2025-05-09,13:32:00,2025-05-29,18.05,18.05,18.05,18.05,0,36300,0
BANKNIFTY29MAY2560100CE.NFO,2025-05-09,13:33:00,2025-05-29,18.05,18.05,18.05,18.05,0,36300,0
BANKNIFTY29MAY2560100CE.NFO,2025-05-09,13:34:00,2025-05-29,18.05,18.05,18.05,18.05,0,36300,0
BANKNIFTY29MAY2560100CE.NFO,2025-05-09,13:35:00,2025-05-29,18.05,18.05,18.05,18.05,0,36300,0
BANKNIFTY29MAY2560100CE.NFO,2025-05-09,13:36:00,2025-05-29,18.05,18.05,18.05,18.05,0,36300,0
BANKNIFTY29MAY2560100CE.NFO,2025-05-09,13:37:00,2025-05-29,18.05,18.05,18.05,18.05,0,36300,0
BANKNIFTY29MAY2560100CE.NFO,2025-05-09,13:38:00,2025-05-29,18.05,18.05,18.05,18.05,0,36300,0
BANKNIFTY29MAY2560100CE.NFO,2025-05-09,13:39:00,2025-05-29,18.05,18.05,18.05,18.05,0,36300,0
BANKNIFTY29MAY2560100CE.NFO,2025-05-09,13:40:00,2025-05-29,18.05,18.05,18.05,18.05,0,36300,0
BANKNIFTY29MAY2560100CE.NFO,2025-05-09,13:41:00,2025-05-29,18.05,18.05,17.1,17.1,30,36240,0
BANKNIFTY29MAY2560100CE.NFO,2025-05-09,13:42:00,2025-05-29,17.1,17.4,17.1,17.4,60,36240,0
BANKNIFTY29MAY2560100CE.NFO,2025-05-09,13:43:00,2025-05-29,17.4,17.4,17.4,17.4,0,36240,0
BANKNIFTY29MAY2560100CE.NFO,2025-05-09,13:44:00,2025-05-29,17.4,17.4,17.4,17.4,0,36240,0
BANKNIFTY29MAY2560100CE.NFO,2025-05-09,13:45:00,2025-05-29,17.4,17.4,17.4,17.4,0,36240,0
BANKNIFTY29MAY2560100CE.NFO,2025-05-09,13:46:00,2025-05-29,17.4,17.4,17.4,17.4,0,36240,0
BANKNIFTY29MAY2560100CE.NFO,2025-05-09,13:47:00,2025-05-29,17.4,17.4,17.4,17.4,0,36240,0
BANKNIFTY29MAY2560100CE.NFO,2025-05-09,13:48:00,2025-05-29,17.4,17.4,17.4,17.4,0,36240,0
BANKNIFTY29MAY2560100CE.NFO,2025-05-09,13:49:00,2025-05-29,17.4,17.4,17.4,17.4,0,36240,0
BANKNIFTY29MAY2560100CE.NFO,2025-05-09,13:50:00,2025-05-29,17.4,17.4,17.4,17.4,0,36240,0
BANKNIFTY29MAY2560100CE.NFO,2025-05-09,13:51:00,2025-05-29,17.4,17.4,17.4,17.4,0,36240,0
BANKNIFTY29MAY2560100CE.NFO,2025-05-09,13:52:00,2025-05-29,17.4,17.4,17.4,17.4,0,36240,0
BANKNIFTY29MAY2560100CE.NFO,2025-05-09,13:53:00,2025-05-29,17.4,17.4,17.4,17.4,0,36240,0
BANKNIFTY29MAY2560100CE.NFO,2025-05-09,13:54:00,2025-05-29,17.4,17.4,17.4,17.4,0,36240,0
BANKNIFTY29MAY2560100CE.NFO,2025-05-09,13:55:00,2025-05-29,17.4,17.4,17.4,17.4,0,36240,0
BANKNIFTY29MAY2560100CE.NFO,2025-05-09,13:56:00,2025-05-29,17.4,17.4,17.4,17.4,0,36240,0
BANKNIFTY29MAY2560100CE.NFO,2025-05-09,13:57:00,2025-05-29,17.4,17.4,17.4,17.4,0,36240,0
BANKNIFTY29MAY2560100CE.NFO,2025-05-09,13:58:00,2025-05-29,17.4,17.4,17.4,17.4,0,36240,0
BANKNIFTY29MAY2560100CE.NFO,2025-05-09,13:59:00,2025-05-29,17.4,17.4,17.4,17.4,0,36240,0
BANKNIFTY29MAY2560100CE.NFO,2025-05-09,14:00:00,2025-05-29,17.4,17.4,17.4,17.4,0,36240,0
BANKNIFTY29MAY2560100CE.NFO,2025-05-09,14:01:00,2025-05-29,17.4,17.4,17.4,17.4,0,36240,0
BANKNIFTY29MAY2560100CE.NFO,2025-05-09,14:02:00,2025-05-29,17.4,17.4,17.4,17.4,0,36240,0
BANKNIFTY29MAY2560100CE.NFO,2025-05-09,14:03:00,2025-05-29,17.4,17.4,17.4,17.4,0,36240,0
BANKNIFTY29MAY2560100CE.NFO,2025-05-09,14:04:00,2025-05-29,17.4,17.4,17.4,17.4,0,36240,0
BANKNIFTY29MAY2560100CE.NFO,2025-05-09,14:05:00,2025-05-29,17.4,17.4,17.4,17.4,0,36240,0
BANKNIFTY29MAY2560100CE.NFO,2025-05-09,14:06:00,2025-05-29,17.4,17.4,17.4,17.4,0,36240,0
BANKNIFTY29MAY2560100CE.NFO,2025-05-09,14:07:00,2025-05-29,17.4,17.4,17.4,17.4,0,36240,0
BANKNIFTY29MAY2560100CE.NFO,2025-05-09,14:08:00,2025-05-29,17.4,17.4,17.4,17.4,0,36240,0
BANKNIFTY29MAY2560100CE.NFO,2025-05-09,14:09:00,2025-05-29,16.25,16.25,16.25,16.25,120,36180,0
BANKNIFTY29MAY2560100CE.NFO,2025-05-09,14:10:00,2025-05-29,16.25,16.85,16.25,16.85,180,36180,0
BANKNIFTY29MAY2560100CE.NFO,2025-05-09,14:11:00,2025-05-29,16.85,16.85,16.85,16.85,0,36180,0
BANKNIFTY29MAY2560100CE.NFO,2025-05-09,14:12:00,2025-05-29,16.85,16.85,16.85,16.85,0,36180,0
BANKNIFTY29MAY2560100CE.NFO,2025-05-09,14:13:00,2025-05-29,16.85,16.85,16.85,16.85,0,36180,0
BANKNIFTY29MAY2560100CE.NFO,2025-05-09,14:14:00,2025-05-29,16.85,16.85,16.85,16.85,0,36180,0
BANKNIFTY29MAY2560100CE.NFO,2025-05-09,14:15:00,2025-05-29,16.85,16.85,16.85,16.85,0,36180,0
BANKNIFTY29MAY2560100CE.NFO,2025-05-09,14:16:00,2025-05-29,16.85,16.85,16.85,16.85,0,36180,0
BANKNIFTY29MAY2560100CE.NFO,2025-05-09,14:17:00,2025-05-29,16.85,16.85,16.85,16.85,0,36180,0
BANKNIFTY29MAY2560100CE.NFO,2025-05-09,14:18:00,2025-05-29,16.85,16.85,16.85,16.85,0,36180,0
BANKNIFTY29MAY2560100CE.NFO,2025-05-09,14:19:00,2025-05-29,16.85,16.85,16.85,16.85,0,36180,0
BANKNIFTY29MAY2560100CE.NFO,2025-05-09,14:20:00,2025-05-29,16.85,16.85,16.85,16.85,0,36180,0
BANKNIFTY29MAY2560100CE.NFO,2025-05-09,14:21:00,2025-05-29,16.85,16.85,16.85,16.85,0,36180,0
BANKNIFTY29MAY2560100CE.NFO,2025-05-09,14:22:00,2025-05-29,16.85,16.85,16.85,16.85,0,36180,0
BANKNIFTY29MAY2560100CE.NFO,2025-05-09,14:23:00,2025-05-29,16.85,16.85,16.85,16.85,0,36180,0
BANKNIFTY29MAY2560100CE.NFO,2025-05-09,14:24:00,2025-05-29,16.85,16.85,16.85,16.85,0,36180,0
BANKNIFTY29MAY2560100CE.NFO,2025-05-09,14:25:00,2025-05-29,16.85,16.85,16.85,16.85,0,36180,0
BANKNIFTY29MAY2560100CE.NFO,2025-05-09,14:26:00,2025-05-29,16.85,16.85,16.85,16.85,0,36180,0
BANKNIFTY29MAY2560100CE.NFO,2025-05-09,14:27:00,2025-05-29,16.85,16.85,16.85,16.85,0,36180,0
BANKNIFTY29MAY2560100CE.NFO,2025-05-09,14:28:00,2025-05-29,16.85,16.85,16.85,16.85,0,36180,0
BANKNIFTY29MAY2560100CE.NFO,2025-05-09,14:29:00,2025-05-29,16.85,16.85,16.85,16.85,0,36180,0
BANKNIFTY29MAY2560100CE.NFO,2025-05-09,14:30:00,2025-05-29,16.85,16.85,16.85,16.85,0,36180,0
BANKNIFTY29MAY2560100CE.NFO,2025-05-09,14:31:00,2025-05-29,16.85,17.25,16.85,17.25,30,36180,0
BANKNIFTY29MAY2560100CE.NFO,2025-05-09,14:32:00,2025-05-29,17.25,17.25,17.25,17.25,0,36180,0
BANKNIFTY29MAY2560100CE.NFO,2025-05-09,14:33:00,2025-05-29,17.25,17.25,17.25,17.25,0,36180,0
BANKNIFTY29MAY2560100CE.NFO,2025-05-09,14:34:00,2025-05-29,17.25,17.25,17.25,17.25,0,36180,0
BANKNIFTY29MAY2560100CE.NFO,2025-05-09,14:35:00,2025-05-29,17.25,17.25,17.25,17.25,0,36180,0
BANKNIFTY29MAY2560100CE.NFO,2025-05-09,14:36:00,2025-05-29,17.25,17.25,17.25,17.25,0,36180,0
BANKNIFTY29MAY2560100CE.NFO,2025-05-09,14:37:00,2025-05-29,17.25,17.35,17.25,17.35,30,36210,0
BANKNIFTY29MAY2560100CE.NFO,2025-05-09,14:38:00,2025-05-29,17.35,17.35,17.35,17.35,0,36210,0
BANKNIFTY29MAY2560100CE.NFO,2025-05-09,14:39:00,2025-05-29,17.35,17.35,17.35,17.35,0,36210,0
BANKNIFTY29MAY2560100CE.NFO,2025-05-09,14:40:00,2025-05-29,17.35,17.35,17.35,17.35,0,36210,0
BANKNIFTY29MAY2560100CE.NFO,2025-05-09,14:41:00,2025-05-29,17.35,18.65,17.35,18.65,30,36210,0
BANKNIFTY29MAY2560100CE.NFO,2025-05-09,14:42:00,2025-05-29,18.65,18.65,18.65,18.65,0,36210,0
BANKNIFTY29MAY2560100CE.NFO,2025-05-09,14:43:00,2025-05-29,18.65,18.65,18.65,18.65,0,36210,0
BANKNIFTY29MAY2560100CE.NFO,2025-05-09,14:44:00,2025-05-29,18.65,18.65,18.65,18.65,0,36210,0
BANKNIFTY29MAY2560100CE.NFO,2025-05-09,14:45:00,2025-05-29,18.65,18.65,18.65,18.65,0,36210,0
BANKNIFTY29MAY2560100CE.NFO,2025-05-09,14:46:00,2025-05-29,18.65,18.65,18.35,18.35,120,36210,0
BANKNIFTY29MAY2560100CE.NFO,2025-05-09,14:47:00,2025-05-29,18.35,18.35,18.1,18.1,60,36210,0
BANKNIFTY29MAY2560100CE.NFO,2025-05-09,14:48:00,2025-05-29,18.1,18.1,18.1,18.1,0,36210,0
BANKNIFTY29MAY2560100CE.NFO,2025-05-09,14:49:00,2025-05-29,18.1,18.1,18.1,18.1,0,36210,0
BANKNIFTY29MAY2560100CE.NFO,2025-05-09,14:50:00,2025-05-29,18.1,18.1,18.1,18.1,0,36210,0
BANKNIFTY29MAY2560100CE.NFO,2025-05-09,14:51:00,2025-05-29,18.1,18.1,18.1,18.1,0,36210,0
BANKNIFTY29MAY2560100CE.NFO,2025-05-09,14:52:00,2025-05-29,18.1,18.1,18.1,18.1,0,36210,0
BANKNIFTY29MAY2560100CE.NFO,2025-05-09,14:53:00,2025-05-29,18.1,18.1,18.1,18.1,0,36210,0
BANKNIFTY29MAY2560100CE.NFO,2025-05-09,14:54:00,2025-05-29,18.1,18.1,18.1,18.1,0,36210,0
BANKNIFTY29MAY2560100CE.NFO,2025-05-09,14:55:00,2025-05-29,18.1,18.1,18.1,18.1,0,36210,0
BANKNIFTY29MAY2560100CE.NFO,2025-05-09,14:56:00,2025-05-29,18.1,18.1,18.1,18.1,0,36210,0
BANKNIFTY29MAY2560100CE.NFO,2025-05-09,14:57:00,2025-05-29,18.1,18.1,18.1,18.1,0,36210,0
BANKNIFTY29MAY2560100CE.NFO,2025-05-09,14:58:00,2025-05-29,18.1,18.1,18.1,18.1,0,36210,0
BANKNIFTY29MAY2560100CE.NFO,2025-05-09,14:59:00,2025-05-29,18.1,18.1,18.1,18.1,0,36210,0
BANKNIFTY29MAY2560100CE.NFO,2025-05-09,15:00:00,2025-05-29,18.1,18.1,18.1,18.1,0,36210,0
BANKNIFTY29MAY2560100CE.NFO,2025-05-09,15:01:00,2025-05-29,18.1,18.1,18.0,18.0,60,36150,0
BANKNIFTY29MAY2560100CE.NFO,2025-05-09,15:02:00,2025-05-29,18.0,18.0,18.0,18.0,0,36150,0
BANKNIFTY29MAY2560100CE.NFO,2025-05-09,15:03:00,2025-05-29,18.0,18.0,18.0,18.0,0,36150,0
BANKNIFTY29MAY2560100CE.NFO,2025-05-09,15:04:00,2025-05-29,18.0,18.0,18.0,18.0,0,36150,0
BANKNIFTY29MAY2560100CE.NFO,2025-05-09,15:05:00,2025-05-29,18.0,18.0,18.0,18.0,180,36150,0
BANKNIFTY29MAY2560100CE.NFO,2025-05-09,15:06:00,2025-05-29,18.0,18.0,18.0,18.0,0,36150,0
BANKNIFTY29MAY2560100CE.NFO,2025-05-09,15:07:00,2025-05-29,18.0,18.0,18.0,18.0,0,36150,0
BANKNIFTY29MAY2560100CE.NFO,2025-05-09,15:08:00,2025-05-29,18.0,18.0,18.0,18.0,0,36150,0
BANKNIFTY29MAY2560100CE.NFO,2025-05-09,15:09:00,2025-05-29,18.0,18.0,18.0,18.0,0,36150,0
BANKNIFTY29MAY2560100CE.NFO,2025-05-09,15:10:00,2025-05-29,18.0,18.0,18.0,18.0,0,36150,0
BANKNIFTY29MAY2560100CE.NFO,2025-05-09,15:11:00,2025-05-29,18.0,18.0,18.0,18.0,0,36150,0
BANKNIFTY29MAY2560100CE.NFO,2025-05-09,15:12:00,2025-05-29,18.0,18.0,18.0,18.0,0,36150,0
BANKNIFTY29MAY2560100CE.NFO,2025-05-09,15:13:00,2025-05-29,18.0,18.0,16.45,16.45,30,36270,0
BANKNIFTY29MAY2560100CE.NFO,2025-05-09,15:14:00,2025-05-29,16.45,16.45,16.45,16.45,0,36270,0
BANKNIFTY29MAY2560100CE.NFO,2025-05-09,15:15:00,2025-05-29,16.45,17.6,16.45,17.6,120,36270,0
BANKNIFTY29MAY2560100CE.NFO,2025-05-09,15:16:00,2025-05-29,17.6,17.6,17.6,17.6,0,36270,0
BANKNIFTY29MAY2560100CE.NFO,2025-05-09,15:17:00,2025-05-29,17.6,17.6,17.6,17.6,0,36270,0
BANKNIFTY29MAY2560100CE.NFO,2025-05-09,15:18:00,2025-05-29,17.6,17.6,17.6,17.6,0,36270,0
BANKNIFTY29MAY2560100CE.NFO,2025-05-09,15:19:00,2025-05-29,17.6,17.6,17.6,17.6,0,36270,0
BANKNIFTY29MAY2560100CE.NFO,2025-05-09,15:20:00,2025-05-29,17.6,17.6,17.6,17.6,0,36270,0
BANKNIFTY29MAY2560100CE.NFO,2025-05-09,15:21:00,2025-05-29,17.6,17.6,16.3,16.3,90,36300,0
BANKNIFTY29MAY2560100CE.NFO,2025-05-09,15:22:00,2025-05-29,16.3,16.3,16.3,16.3,0,36300,0
BANKNIFTY29MAY2560100CE.NFO,2025-05-09,15:23:00,2025-05-29,16.3,18.8,16.3,18.55,1470,36210,0
BANKNIFTY29MAY2560100CE.NFO,2025-05-09,15:24:00,2025-05-29,18.55,18.55,17.65,17.65,480,36210,0
BANKNIFTY29MAY2560100CE.NFO,2025-05-09,15:25:00,2025-05-29,17.65,18.4,17.65,18.0,960,36720,0
BANKNIFTY29MAY2560100CE.NFO,2025-05-09,15:26:00,2025-05-29,18.0,19.1,18.0,18.6,450,36720,0
BANKNIFTY29MAY2560100CE.NFO,2025-05-09,15:27:00,2025-05-29,18.6,19.7,18.6,19.5,300,36720,0
BANKNIFTY29MAY2560100CE.NFO,2025-05-09,15:28:00,2025-05-29,19.5,22.05,19.5,22.05,1140,36360,0
BANKNIFTY29MAY2560100CE.NFO,2025-05-09,15:29:00,2025-05-29,22.05,22.2,21.55,21.8,510,36360,0
BANKNIFTY29MAY2560100CE.NFO,2025-05-09,15:30:00,2025-05-29,21.8,21.8,21.8,21.8,510,36360,1
BANKNIFTY29MAY2560100CE.NFO,2025-05-12,09:15:00,2025-05-29,20.6,20.6,20.6,20.6,1350,36720,1
BANKNIFTY29MAY2560100CE.NFO,2025-05-12,09:16:00,2025-05-29,20.6,20.6,20.6,20.6,1350,36720,1
BANKNIFTY29MAY2560100CE.NFO,2025-05-12,09:17:00,2025-05-29,20.6,20.6,20.6,20.6,1350,36720,1
BANKNIFTY29MAY2560100CE.NFO,2025-05-12,09:18:00,2025-05-29,20.6,20.6,20.6,20.6,1350,36720,1
BANKNIFTY29MAY2560100CE.NFO,2025-05-12,09:19:00,2025-05-29,20.6,20.6,20.6,20.6,1350,36720,1
BANKNIFTY29MAY2560100CE.NFO,2025-05-12,09:20:00,2025-05-29,20.6,20.6,20.6,20.6,1350,36720,1
BANKNIFTY29MAY2560100CE.NFO,2025-05-12,09:21:00,2025-05-29,20.6,20.6,20.6,20.6,1350,36720,1
BANKNIFTY29MAY2560100CE.NFO,2025-05-12,09:22:00,2025-05-29,20.6,20.6,20.6,20.6,1350,36720,1
BANKNIFTY29MAY2560100CE.NFO,2025-05-12,09:23:00,2025-05-29,20.6,20.6,20.6,20.6,1350,36720,1
BANKNIFTY29MAY2560100CE.NFO,2025-05-12,09:24:00,2025-05-29,20.6,20.6,20.6,20.6,1350,36720,1
BANKNIFTY29MAY2560100CE.NFO,2025-05-12,09:25:00,2025-05-29,21.05,21.9,20.45,20.6,1350,36720,0
BANKNIFTY29MAY2560100CE.NFO,2025-05-12,09:26:00,2025-05-29,20.75,21.55,20.6,21.15,2370,36720,0
BANKNIFTY29MAY2560100CE.NFO,2025-05-12,09:27:00,2025-05-29,21.15,21.3,20.4,20.7,1410,38730,0
BANKNIFTY29MAY2560100CE.NFO,2025-05-12,09:28:00,2025-05-29,20.7,21.0,20.15,21.0,1230,38730,0
BANKNIFTY29MAY2560100CE.NFO,2025-05-12,09:29:00,2025-05-29,21.0,21.5,20.85,21.35,270,38730,0
BANKNIFTY29MAY2560100CE.NFO,2025-05-12,09:30:00,2025-05-29,21.35,22.35,21.35,22.1,600,38400,0
BANKNIFTY29MAY2560100CE.NFO,2025-05-12,09:31:00,2025-05-29,22.1,22.25,21.4,21.7,660,38400,0
BANKNIFTY29MAY2560100CE.NFO,2025-05-12,09:32:00,2025-05-29,21.7,21.7,21.0,21.0,600,38400,0
BANKNIFTY29MAY2560100CE.NFO,2025-05-12,09:33:00,2025-05-29,21.0,21.5,21.0,21.45,990,38370,0
BANKNIFTY29MAY2560100CE.NFO,2025-05-12,09:34:00,2025-05-29,21.45,21.65,21.4,21.45,1050,38370,0
BANKNIFTY29MAY2560100CE.NFO,2025-05-12,09:35:00,2025-05-29,21.9,22.3,21.45,21.7,1560,38370,0
BANKNIFTY29MAY2560100CE.NFO,2025-05-12,09:36:00,2025-05-29,21.7,21.95,21.0,21.55,90,38610,0
BANKNIFTY29MAY2560100CE.NFO,2025-05-12,09:37:00,2025-05-29,21.55,21.55,21.55,21.55,0,38610,0
BANKNIFTY29MAY2560100CE.NFO,2025-05-12,09:38:00,2025-05-29,21.55,21.55,20.85,20.85,510,38610,0
BANKNIFTY29MAY2560100CE.NFO,2025-05-12,09:39:00,2025-05-29,20.85,21.0,20.85,21.0,600,38700,0
BANKNIFTY29MAY2560100CE.NFO,2025-05-12,09:40:00,2025-05-29,21.0,21.5,21.0,21.4,270,38700,0
BANKNIFTY29MAY2560100CE.NFO,2025-05-12,09:41:00,2025-05-29,21.4,21.4,20.6,20.7,4740,38700,0
BANKNIFTY29MAY2560100CE.NFO,2025-05-12,09:42:00,2025-05-29,20.7,20.8,20.55,20.65,930,38310,0
BANKNIFTY29MAY2560100CE.NFO,2025-05-12,09:43:00,2025-05-29,20.65,20.75,20.2,20.25,600,38310,0
BANKNIFTY29MAY2560100CE.NFO,2025-05-12,09:44:00,2025-05-29,20.25,20.6,20.2,20.2,990,38310,0
BANKNIFTY29MAY2560100CE.NFO,2025-05-12,09:45:00,2025-05-29,20.2,20.6,20.2,20.6,90,38310,0
BANKNIFTY29MAY2560100CE.NFO,2025-05-12,09:46:00,2025-05-29,20.6,20.6,20.6,20.6,0,38310,0
BANKNIFTY29MAY2560100CE.NFO,2025-05-12,09:47:00,2025-05-29,20.6,20.6,20.6,20.6,0,38310,0
BANKNIFTY29MAY2560100CE.NFO,2025-05-12,09:48:00,2025-05-29,20.6,20.6,20.6,20.6,0,38310,0
BANKNIFTY29MAY2560100CE.NFO,2025-05-12,09:49:00,2025-05-29,20.05,20.85,20.05,20.85,90,38250,0
BANKNIFTY29MAY2560100CE.NFO,2025-05-12,09:50:00,2025-05-29,20.85,21.2,20.8,21.05,300,38250,0
BANKNIFTY29MAY2560100CE.NFO,2025-05-12,09:51:00,2025-05-29,21.05,21.3,21.05,21.3,150,38040,0
BANKNIFTY29MAY2560100CE.NFO,2025-05-12,09:52:00,2025-05-29,21.3,22.7,21.3,22.5,1260,38040,0
BANKNIFTY29MAY2560100CE.NFO,2025-05-12,09:53:00,2025-05-29,22.5,22.55,22.25,22.25,210,38040,0
BANKNIFTY29MAY2560100CE.NFO,2025-05-12,09:54:00,2025-05-29,22.35,22.7,22.35,22.7,300,38010,0
BANKNIFTY29MAY2560100CE.NFO,2025-05-12,09:55:00,2025-05-29,22.7,22.7,22.4,22.4,60,38010,0
BANKNIFTY29MAY2560100CE.NFO,2025-05-12,09:56:00,2025-05-29,22.4,23.45,22.4,23.4,1740,38010,0
BANKNIFTY29MAY2560100CE.NFO,2025-05-12,09:57:00,2025-05-29,23.4,24.6,23.4,24.55,1980,36300,0
BANKNIFTY29MAY2560100CE.NFO,2025-05-12,09:58:00,2025-05-29,24.55,27.55,24.55,27.55,4050,36300,0
BANKNIFTY29MAY2560100CE.NFO,2025-05-12,09:59:00,2025-05-29,27.9,30.5,27.25,28.65,5490,36300,0
BANKNIFTY29MAY2560100CE.NFO,2025-05-12,10:00:00,2025-05-29,28.65,29.15,26.15,26.15,630,35100,0
BANKNIFTY29MAY2560100CE.NFO,2025-05-12,10:01:00,2025-05-29,26.15,26.15,23.4,23.85,720,35100,0
BANKNIFTY29MAY2560100CE.NFO,2025-05-12,10:02:00,2025-05-29,23.85,24.2,23.15,24.2,540,35100,0
BANKNIFTY29MAY2560100CE.NFO,2025-05-12,10:03:00,2025-05-29,24.2,25.95,24.2,25.05,1590,34800,0
BANKNIFTY29MAY2560100CE.NFO,2025-05-12,10:04:00,2025-05-29,25.05,25.3,24.6,24.6,510,34800,0
BANKNIFTY29MAY2560100CE.NFO,2025-05-12,10:05:00,2025-05-29,24.6,24.6,24.3,24.6,330,34800,0
BANKNIFTY29MAY2560100CE.NFO,2025-05-12,10:06:00,2025-05-29,24.6,24.7,24.2,24.65,480,34770,0
BANKNIFTY29MAY2560100CE.NFO,2025-05-12,10:07:00,2025-05-29,24.65,25.15,24.4,25.15,480,34770,0
BANKNIFTY29MAY2560100CE.NFO,2025-05-12,10:08:00,2025-05-29,25.15,25.15,23.0,23.0,840,34770,0
BANKNIFTY29MAY2560100CE.NFO,2025-05-12,10:09:00,2025-05-29,23.0,23.85,23.0,23.85,60,34770,0
BANKNIFTY29MAY2560100CE.NFO,2025-05-12,10:10:00,2025-05-29,23.85,23.85,23.35,23.35,300,34740,0
BANKNIFTY29MAY2560100CE.NFO,2025-05-12,10:11:00,2025-05-29,23.35,23.35,23.1,23.35,930,34740,0
BANKNIFTY29MAY2560100CE.NFO,2025-05-12,10:12:00,2025-05-29,23.35,23.5,23.05,23.45,960,35280,0
BANKNIFTY29MAY2560100CE.NFO,2025-05-12,10:13:00,2025-05-29,23.45,23.7,23.45,23.7,60,35280,0
BANKNIFTY29MAY2560100CE.NFO,2025-05-12,10:14:00,2025-05-29,23.7,24.05,23.7,24.05,30,35280,0
BANKNIFTY29MAY2560100CE.NFO,2025-05-12,10:15:00,2025-05-29,24.05,24.2,24.05,24.2,30,35280,0
BANKNIFTY29MAY2560100CE.NFO,2025-05-12,10:16:00,2025-05-29,24.2,24.35,24.2,24.35,270,35520,0
BANKNIFTY29MAY2560100CE.NFO,2025-05-12,10:17:00,2025-05-29,24.35,25.45,24.35,25.3,150,35520,0
BANKNIFTY29MAY2560100CE.NFO,2025-05-12,10:18:00,2025-05-29,25.3,25.3,24.15,24.15,270,35460,0
BANKNIFTY29MAY2560100CE.NFO,2025-05-12,10:19:00,2025-05-29,24.15,24.15,22.9,23.1,750,35460,0
BANKNIFTY29MAY2560100CE.NFO,2025-05-12,10:20:00,2025-05-29,23.1,23.45,23.1,23.45,120,35460,0
BANKNIFTY29MAY2560100CE.NFO,2025-05-12,10:21:00,2025-05-29,23.45,23.9,23.15,23.9,120,35460,0
BANKNIFTY29MAY2560100CE.NFO,2025-05-12,10:22:00,2025-05-29,23.9,24.5,23.9,23.9,240,35460,0
BANKNIFTY29MAY2560100CE.NFO,2025-05-12,10:23:00,2025-05-29,23.9,23.9,23.75,23.75,60,35460,0
BANKNIFTY29MAY2560100CE.NFO,2025-05-12,10:24:00,2025-05-29,23.75,23.75,23.75,23.75,0,35460,0
BANKNIFTY29MAY2560100CE.NFO,2025-05-12,10:25:00,2025-05-29,23.75,23.75,23.7,23.7,360,35700,0
BANKNIFTY29MAY2560100CE.NFO,2025-05-12,10:26:00,2025-05-29,23.7,23.75,23.35,23.35,60,35700,0
BANKNIFTY29MAY2560100CE.NFO,2025-05-12,10:27:00,2025-05-29,23.35,23.4,23.1,23.1,120,35700,0
BANKNIFTY29MAY2560100CE.NFO,2025-05-12,10:28:00,2025-05-29,23.1,23.1,23.1,23.1,0,35700,0
BANKNIFTY29MAY2560100CE.NFO,2025-05-12,10:29:00,2025-05-29,23.1,23.1,22.35,22.35,330,35700,0
BANKNIFTY29MAY2560100CE.NFO,2025-05-12,10:30:00,2025-05-29,22.35,22.35,22.35,22.35,30,35700,0
BANKNIFTY29MAY2560100CE.NFO,2025-05-12,10:31:00,2025-05-29,22.35,22.4,22.35,22.4,270,35880,0
BANKNIFTY29MAY2560100CE.NFO,2025-05-12,10:32:00,2025-05-29,22.4,22.75,22.4,22.75,120,35880,0
BANKNIFTY29MAY2560100CE.NFO,2025-05-12,10:33:00,2025-05-29,22.75,22.75,22.75,22.75,0,35880,0
BANKNIFTY29MAY2560100CE.NFO,2025-05-12,10:34:00,2025-05-29,22.75,22.75,22.0,22.0,150,36060,0
BANKNIFTY29MAY2560100CE.NFO,2025-05-12,10:35:00,2025-05-29,22.0,22.0,22.0,22.0,30,36060,0
BANKNIFTY29MAY2560100CE.NFO,2025-05-12,10:36:00,2025-05-29,22.0,22.0,21.85,21.85,210,36060,0
BANKNIFTY29MAY2560100CE.NFO,2025-05-12,10:37:00,2025-05-29,21.85,21.85,21.85,21.85,0,36060,0
BANKNIFTY29MAY2560100CE.NFO,2025-05-12,10:38:00,2025-05-29,21.85,21.95,21.25,21.95,1440,36270,0
BANKNIFTY29MAY2560100CE.NFO,2025-05-12,10:39:00,2025-05-29,21.95,21.95,21.6,21.6,360,36270,0
BANKNIFTY29MAY2560100CE.NFO,2025-05-12,10:40:00,2025-05-29,21.6,22.1,21.6,22.0,210,36570,0
BANKNIFTY29MAY2560100CE.NFO,2025-05-12,10:41:00,2025-05-29,22.0,22.35,21.9,22.35,840,36570,0
BANKNIFTY29MAY2560100CE.NFO,2025-05-12,10:42:00,2025-05-29,22.35,22.35,22.35,22.35,0,36570,0
BANKNIFTY29MAY2560100CE.NFO,2025-05-12,10:43:00,2025-05-29,22.35,22.35,21.95,22.1,810,36690,0
BANKNIFTY29MAY2560100CE.NFO,2025-05-12,10:44:00,2025-05-29,22.1,22.75,22.1,22.3,450,36690,0
BANKNIFTY29MAY2560100CE.NFO,2025-05-12,10:45:00,2025-05-29,22.3,22.3,21.1,21.4,90,36690,0
BANKNIFTY29MAY2560100CE.NFO,2025-05-12,10:46:00,2025-05-29,21.4,21.4,21.4,21.4,0,36690,0
BANKNIFTY29MAY2560100CE.NFO,2025-05-12,10:47:00,2025-05-29,21.4,21.5,21.0,21.5,780,36630,0
BANKNIFTY29MAY2560100CE.NFO,2025-05-12,10:48:00,2025-05-29,21.5,21.5,21.5,21.5,0,36630,0
BANKNIFTY29MAY2560100CE.NFO,2025-05-12,10:49:00,2025-05-29,21.5,22.2,21.5,22.2,30,36510,0
BANKNIFTY29MAY2560100CE.NFO,2025-05-12,10:50:00,2025-05-29,22.2,22.2,21.8,21.8,30,36510,0
BANKNIFTY29MAY2560100CE.NFO,2025-05-12,10:51:00,2025-05-29,21.8,21.8,21.8,21.8,0,36510,0
BANKNIFTY29MAY2560100CE.NFO,2025-05-12,10:52:00,2025-05-29,21.8,21.8,21.3,21.5,210,36570,0
BANKNIFTY29MAY2560100CE.NFO,2025-05-12,10:53:00,2025-05-29,21.5,21.5,21.5,21.5,0,36570,0
BANKNIFTY29MAY2560100CE.NFO,2025-05-12,10:54:00,2025-05-29,21.5,21.75,21.5,21.75,30,36570,0
BANKNIFTY29MAY2560100CE.NFO,2025-05-12,10:55:00,2025-05-29,21.75,21.75,21.15,21.15,90,36600,0
BANKNIFTY29MAY2560100CE.NFO,2025-05-12,10:56:00,2025-05-29,21.15,21.15,21.15,21.15,0,36600,0
BANKNIFTY29MAY2560100CE.NFO,2025-05-12,10:57:00,2025-05-29,21.15,21.55,21.15,21.55,300,36600,0
BANKNIFTY29MAY2560100CE.NFO,2025-05-12,10:58:00,2025-05-29,21.55,21.55,21.55,21.55,0,36600,0
BANKNIFTY29MAY2560100CE.NFO,2025-05-12,10:59:00,2025-05-29,21.55,21.8,20.7,21.8,60,36360,0
BANKNIFTY29MAY2560100CE.NFO,2025-05-12,11:00:00,2025-05-29,21.8,21.8,21.8,21.8,0,36360,0
BANKNIFTY29MAY2560100CE.NFO,2025-05-12,11:01:00,2025-05-29,21.8,22.15,21.8,22.05,120,36330,0
BANKNIFTY29MAY2560100CE.NFO,2025-05-12,11:02:00,2025-05-29,22.05,22.65,22.05,22.65,30,36330,0
BANKNIFTY29MAY2560100CE.NFO,2025-05-12,11:03:00,2025-05-29,22.65,23.1,22.6,23.1,690,36480,0
BANKNIFTY29MAY2560100CE.NFO,2025-05-12,11:04:00,2025-05-29,23.1,23.1,22.4,22.4,330,36480,0
BANKNIFTY29MAY2560100CE.NFO,2025-05-12,11:05:00,2025-05-29,22.4,22.4,22.4,22.4,0,36480,0
BANKNIFTY29MAY2560100CE.NFO,2025-05-12,11:06:00,2025-05-29,22.4,23.9,22.4,23.9,1020,36480,0
BANKNIFTY29MAY2560100CE.NFO,2025-05-12,11:07:00,2025-05-29,23.9,23.9,23.9,23.9,0,36480,0
BANKNIFTY29MAY2560100CE.NFO,2025-05-12,11:08:00,2025-05-29,23.9,24.9,23.6,23.6,810,36690,0
BANKNIFTY29MAY2560100CE.NFO,2025-05-12,11:09:00,2025-05-29,23.6,24.6,23.6,24.6,4140,36690,0
BANKNIFTY29MAY2560100CE.NFO,2025-05-12,11:10:00,2025-05-29,24.6,24.6,23.3,23.3,1050,36690,0
BANKNIFTY29MAY2560100CE.NFO,2025-05-12,11:11:00,2025-05-29,23.3,24.05,23.3,24.05,1230,36690,0
BANKNIFTY29MAY2560100CE.NFO,2025-05-12,11:12:00,2025-05-29,24.05,24.65,24.05,24.25,450,36330,0
BANKNIFTY29MAY2560100CE.NFO,2025-05-12,11:13:00,2025-05-29,24.25,24.25,24.25,24.25,0,36330,0
BANKNIFTY29MAY2560100CE.NFO,2025-05-12,11:14:00,2025-05-29,24.25,24.35,24.0,24.0,210,36330,0
BANKNIFTY29MAY2560100CE.NFO,2025-05-12,11:15:00,2025-05-29,24.0,24.0,23.55,23.55,90,36330,0
BANKNIFTY29MAY2560100CE.NFO,2025-05-12,11:16:00,2025-05-29,23.55,23.85,23.55,23.85,30,36240,0
BANKNIFTY29MAY2560100CE.NFO,2025-05-12,11:17:00,2025-05-29,23.85,24.0,23.6,23.6,210,36240,0
BANKNIFTY29MAY2560100CE.NFO,2025-05-12,11:18:00,2025-05-29,23.6,23.6,22.9,22.9,450,36240,0
BANKNIFTY29MAY2560100CE.NFO,2025-05-12,11:19:00,2025-05-29,22.9,22.9,22.9,22.9,0,36240,0
BANKNIFTY29MAY2560100CE.NFO,2025-05-12,11:20:00,2025-05-29,22.9,22.9,22.5,22.5,30,36420,0
BANKNIFTY29MAY2560100CE.NFO,2025-05-12,11:21:00,2025-05-29,22.5,22.55,22.5,22.55,30,36420,0
BANKNIFTY29MAY2560100CE.NFO,2025-05-12,11:22:00,2025-05-29,22.55,23.3,22.55,23.3,120,36420,0
BANKNIFTY29MAY2560100CE.NFO,2025-05-12,11:23:00,2025-05-29,23.3,23.3,22.6,22.6,30,36420,0
BANKNIFTY29MAY2560100CE.NFO,2025-05-12,11:24:00,2025-05-29,22.6,24.0,22.6,24.0,60,36420,0
BANKNIFTY29MAY2560100CE.NFO,2025-05-12,11:25:00,2025-05-29,24.0,25.0,24.0,25.0,300,36480,0
BANKNIFTY29MAY2560100CE.NFO,2025-05-12,11:26:00,2025-05-29,25.0,25.0,23.95,24.05,270,36480,0
BANKNIFTY29MAY2560100CE.NFO,2025-05-12,11:27:00,2025-05-29,24.05,24.3,23.75,23.75,120,35910,0
BANKNIFTY29MAY2560100CE.NFO,2025-05-12,11:28:00,2025-05-29,23.75,24.05,23.7,23.85,540,35910,0
BANKNIFTY29MAY2560100CE.NFO,2025-05-12,11:29:00,2025-05-29,23.85,23.85,22.95,23.2,1110,35910,0
BANKNIFTY29MAY2560100CE.NFO,2025-05-12,11:30:00,2025-05-29,23.2,23.3,23.1,23.3,120,35910,0
BANKNIFTY29MAY2560100CE.NFO,2025-05-12,11:31:00,2025-05-29,23.3,23.65,23.3,23.65,240,36570,0
BANKNIFTY29MAY2560100CE.NFO,2025-05-12,11:32:00,2025-05-29,23.65,23.65,23.2,23.2,810,36570,0
BANKNIFTY29MAY2560100CE.NFO,2025-05-12,11:33:00,2025-05-29,23.2,23.95,23.2,23.6,240,35910,0
BANKNIFTY29MAY2560100CE.NFO,2025-05-12,11:34:00,2025-05-29,23.6,23.9,23.6,23.9,30,35910,0
BANKNIFTY29MAY2560100CE.NFO,2025-05-12,11:35:00,2025-05-29,23.9,23.9,22.95,23.25,270,35910,0
BANKNIFTY29MAY2560100CE.NFO,2025-05-12,11:36:00,2025-05-29,23.25,23.5,23.25,23.5,330,35910,0
BANKNIFTY29MAY2560100CE.NFO,2025-05-12,11:37:00,2025-05-29,23.5,23.55,23.5,23.55,30,35820,0
BANKNIFTY29MAY2560100CE.NFO,2025-05-12,11:38:00,2025-05-29,23.55,23.55,23.55,23.55,0,35820,0
BANKNIFTY29MAY2560100CE.NFO,2025-05-12,11:39:00,2025-05-29,23.55,23.55,22.15,22.15,120,35820,0
BANKNIFTY29MAY2560100CE.NFO,2025-05-12,11:40:00,2025-05-29,22.15,22.95,22.15,22.95,390,35820,0
BANKNIFTY29MAY2560100CE.NFO,2025-05-12,11:41:00,2025-05-29,22.95,24.8,22.95,24.35,810,35820,0
BANKNIFTY29MAY2560100CE.NFO,2025-05-12,11:42:00,2025-05-29,24.35,24.35,23.9,23.9,30,35820,0
BANKNIFTY29MAY2560100CE.NFO,2025-05-12,11:43:00,2025-05-29,23.9,24.25,23.65,23.9,330,36000,0
BANKNIFTY29MAY2560100CE.NFO,2025-05-12,11:44:00,2025-05-29,23.9,23.9,23.9,23.9,0,36000,0
BANKNIFTY29MAY2560100CE.NFO,2025-05-12,11:45:00,2025-05-29,23.9,23.9,23.8,23.8,60,36000,0
BANKNIFTY29MAY2560100CE.NFO,2025-05-12,11:46:00,2025-05-29,23.8,23.95,23.8,23.95,0,35880,0
BANKNIFTY29MAY2560100CE.NFO,2025-05-12,11:47:00,2025-05-29,23.95,23.95,23.55,23.55,150,35880,0
BANKNIFTY29MAY2560100CE.NFO,2025-05-12,11:48:00,2025-05-29,23.55,23.55,23.55,23.55,0,35880,0
BANKNIFTY29MAY2560100CE.NFO,2025-05-12,11:49:00,2025-05-29,23.55,23.65,23.55,23.65,30,35940,0
BANKNIFTY29MAY2560100CE.NFO,2025-05-12,11:50:00,2025-05-29,23.65,23.65,23.65,23.65,0,35940,0
BANKNIFTY29MAY2560100CE.NFO,2025-05-12,11:51:00,2025-05-29,23.65,23.65,23.65,23.65,0,35940,0
BANKNIFTY29MAY2560100CE.NFO,2025-05-12,11:52:00,2025-05-29,23.65,23.65,22.95,22.95,30,35910,0
BANKNIFTY29MAY2560100CE.NFO,2025-05-12,11:53:00,2025-05-29,22.95,22.95,22.55,22.55,450,35910,0
BANKNIFTY29MAY2560100CE.NFO,2025-05-12,11:54:00,2025-05-29,22.55,23.1,22.55,22.85,60,35910,0
BANKNIFTY29MAY2560100CE.NFO,2025-05-12,11:55:00,2025-05-29,22.85,23.25,22.85,23.25,150,36090,0
BANKNIFTY29MAY2560100CE.NFO,2025-05-12,11:56:00,2025-05-29,23.25,23.25,22.75,22.75,90,36090,0
BANKNIFTY29MAY2560100CE.NFO,2025-05-12,11:57:00,2025-05-29,22.75,22.75,22.75,22.75,0,36090,0
BANKNIFTY29MAY2560100CE.NFO,2025-05-12,11:58:00,2025-05-29,22.75,22.75,22.75,22.75,0,36090,0
BANKNIFTY29MAY2560100CE.NFO,2025-05-12,11:59:00,2025-05-29,22.75,23.15,22.75,23.15,30,36150,0
BANKNIFTY29MAY2560100CE.NFO,2025-05-12,12:00:00,2025-05-29,23.15,23.15,23.0,23.0,60,36150,0
BANKNIFTY29MAY2560100CE.NFO,2025-05-12,12:01:00,2025-05-29,23.0,23.0,23.0,23.0,0,36150,0
BANKNIFTY29MAY2560100CE.NFO,2025-05-12,12:02:00,2025-05-29,23.0,23.0,23.0,23.0,120,36180,0
BANKNIFTY29MAY2560100CE.NFO,2025-05-12,12:03:00,2025-05-29,23.0,23.0,23.0,23.0,0,36180,0
BANKNIFTY29MAY2560100CE.NFO,2025-05-12,12:04:00,2025-05-29,23.0,23.25,23.0,23.25,120,36270,0
BANKNIFTY29MAY2560100CE.NFO,2025-05-12,12:05:00,2025-05-29,23.25,23.75,23.15,23.35,360,36270,0
BANKNIFTY29MAY2560100CE.NFO,2025-05-12,12:06:00,2025-05-29,23.35,23.35,23.25,23.25,90,36270,0
BANKNIFTY29MAY2560100CE.NFO,2025-05-12,12:07:00,2025-05-29,23.25,23.25,23.25,23.25,0,36270,0
BANKNIFTY29MAY2560100CE.NFO,2025-05-12,12:08:00,2025-05-29,23.25,23.25,22.5,22.5,330,36090,0
BANKNIFTY29MAY2560100CE.NFO,2025-05-12,12:09:00,2025-05-29,22.5,22.65,22.5,22.65,30,36090,0
BANKNIFTY29MAY2560100CE.NFO,2025-05-12,12:10:00,2025-05-29,22.65,22.65,22.65,22.65,0,36090,0
BANKNIFTY29MAY2560100CE.NFO,2025-05-12,12:11:00,2025-05-29,22.65,22.65,22.65,22.65,0,36090,0
BANKNIFTY29MAY2560100CE.NFO,2025-05-12,12:12:00,2025-05-29,22.65,22.8,22.65,22.8,330,36180,0
BANKNIFTY29MAY2560100CE.NFO,2025-05-12,12:13:00,2025-05-29,22.8,22.95,22.8,22.95,30,36150,0
BANKNIFTY29MAY2560100CE.NFO,2025-05-12,12:14:00,2025-05-29,22.95,23.1,22.95,23.1,30,36150,0
BANKNIFTY29MAY2560100CE.NFO,2025-05-12,12:15:00,2025-05-29,23.1,23.7,23.1,23.7,60,36150,0
BANKNIFTY29MAY2560100CE.NFO,2025-05-12,12:16:00,2025-05-29,23.7,23.7,23.7,23.7,0,36150,0
BANKNIFTY29MAY2560100CE.NFO,2025-05-12,12:17:00,2025-05-29,23.7,23.7,23.7,23.7,0,36150,0
BANKNIFTY29MAY2560100CE.NFO,2025-05-12,12:18:00,2025-05-29,23.7,23.7,23.1,23.1,0,36180,0
BANKNIFTY29MAY2560100CE.NFO,2025-05-12,12:19:00,2025-05-29,23.1,23.25,22.85,23.2,120,36210,0
BANKNIFTY29MAY2560100CE.NFO,2025-05-12,12:20:00,2025-05-29,23.2,23.2,23.2,23.2,0,36210,0
BANKNIFTY29MAY2560100CE.NFO,2025-05-12,12:21:00,2025-05-29,23.2,23.2,23.2,23.2,0,36210,0
BANKNIFTY29MAY2560100CE.NFO,2025-05-12,12:22:00,2025-05-29,23.2,23.2,23.2,23.2,0,36210,0
BANKNIFTY29MAY2560100CE.NFO,2025-05-12,12:23:00,2025-05-29,23.2,23.2,23.0,23.0,60,36270,0
BANKNIFTY29MAY2560100CE.NFO,2025-05-12,12:24:00,2025-05-29,23.0,23.0,23.0,23.0,30,36270,0
BANKNIFTY29MAY2560100CE.NFO,2025-05-12,12:25:00,2025-05-29,23.0,23.0,23.0,23.0,0,36270,0
BANKNIFTY29MAY2560100CE.NFO,2025-05-12,12:26:00,2025-05-29,23.0,23.0,23.0,23.0,150,36360,0
BANKNIFTY29MAY2560100CE.NFO,2025-05-12,12:27:00,2025-05-29,23.0,23.0,22.5,22.5,60,36360,0
BANKNIFTY29MAY2560100CE.NFO,2025-05-12,12:28:00,2025-05-29,22.5,22.5,22.5,22.5,0,36360,0
BANKNIFTY29MAY2560100CE.NFO,2025-05-12,12:29:00,2025-05-29,22.5,22.5,22.05,22.05,90,36420,0
BANKNIFTY29MAY2560100CE.NFO,2025-05-12,12:30:00,2025-05-29,22.05,23.4,22.0,22.0,870,36420,0
BANKNIFTY29MAY2560100CE.NFO,2025-05-12,12:31:00,2025-05-29,22.0,22.0,22.0,22.0,0,36420,0
BANKNIFTY29MAY2560100CE.NFO,2025-05-12,12:32:00,2025-05-29,22.0,24.25,22.0,24.25,120,35850,0
BANKNIFTY29MAY2560100CE.NFO,2025-05-12,12:33:00,2025-05-29,24.25,24.85,24.25,24.35,300,35850,0
BANKNIFTY29MAY2560100CE.NFO,2025-05-12,12:34:00,2025-05-29,24.35,24.35,24.35,24.35,0,35850,0
BANKNIFTY29MAY2560100CE.NFO,2025-05-12,12:35:00,2025-05-29,24.35,24.35,24.35,24.35,0,35850,0
BANKNIFTY29MAY2560100CE.NFO,2025-05-12,12:36:00,2025-05-29,24.35,24.35,24.35,24.35,0,35850,0
BANKNIFTY29MAY2560100CE.NFO,2025-05-12,12:37:00,2025-05-29,24.35,24.35,24.35,24.35,0,35850,0
BANKNIFTY29MAY2560100CE.NFO,2025-05-12,12:38:00,2025-05-29,24.35,24.35,24.35,24.35,0,35850,0
BANKNIFTY29MAY2560100CE.NFO,2025-05-12,12:39:00,2025-05-29,24.35,24.35,24.35,24.35,0,35850,0
BANKNIFTY29MAY2560100CE.NFO,2025-05-12,12:40:00,2025-05-29,24.35,25.55,24.35,24.35,270,35850,0
BANKNIFTY29MAY2560100CE.NFO,2025-05-12,12:41:00,2025-05-29,24.35,24.35,23.8,24.05,240,35850,0
BANKNIFTY29MAY2560100CE.NFO,2025-05-12,12:42:00,2025-05-29,24.05,24.05,23.35,23.6,150,35850,0
BANKNIFTY29MAY2560100CE.NFO,2025-05-12,12:43:00,2025-05-29,23.6,23.6,23.6,23.6,30,35730,0
BANKNIFTY29MAY2560100CE.NFO,2025-05-12,12:44:00,2025-05-29,23.6,23.6,23.45,23.45,60,35730,0
BANKNIFTY29MAY2560100CE.NFO,2025-05-12,12:45:00,2025-05-29,23.45,23.45,23.45,23.45,0,35730,0
BANKNIFTY29MAY2560100CE.NFO,2025-05-12,12:46:00,2025-05-29,23.45,23.45,23.2,23.2,30,35790,0
BANKNIFTY29MAY2560100CE.NFO,2025-05-12,12:47:00,2025-05-29,23.2,23.2,23.15,23.15,30,35790,0
BANKNIFTY29MAY2560100CE.NFO,2025-05-12,12:48:00,2025-05-29,23.15,23.15,22.1,22.1,60,35790,0
BANKNIFTY29MAY2560100CE.NFO,2025-05-12,12:49:00,2025-05-29,22.1,22.1,22.1,22.1,0,35790,0
BANKNIFTY29MAY2560100CE.NFO,2025-05-12,12:50:00,2025-05-29,22.1,23.05,22.0,22.55,150,35760,0
BANKNIFTY29MAY2560100CE.NFO,2025-05-12,12:51:00,2025-05-29,22.55,22.55,22.55,22.55,0,35760,0
BANKNIFTY29MAY2560100CE.NFO,2025-05-12,12:52:00,2025-05-29,22.55,22.55,22.55,22.55,0,35760,0
BANKNIFTY29MAY2560100CE.NFO,2025-05-12,12:53:00,2025-05-29,22.55,22.55,22.55,22.55,0,35760,0
BANKNIFTY29MAY2560100CE.NFO,2025-05-12,12:54:00,2025-05-29,22.55,22.55,22.5,22.5,270,35730,0
BANKNIFTY29MAY2560100CE.NFO,2025-05-12,12:55:00,2025-05-29,22.5,22.5,22.5,22.5,0,35730,0
BANKNIFTY29MAY2560100CE.NFO,2025-05-12,12:56:00,2025-05-29,22.5,23.55,22.5,23.5,150,35670,0
BANKNIFTY29MAY2560100CE.NFO,2025-05-12,12:57:00,2025-05-29,23.5,24.1,23.5,24.1,30,35670,0
BANKNIFTY29MAY2560100CE.NFO,2025-05-12,12:58:00,2025-05-29,24.1,24.55,24.1,24.15,120,35670,0
BANKNIFTY29MAY2560100CE.NFO,2025-05-12,12:59:00,2025-05-29,24.15,24.15,24.15,24.15,0,35670,0
BANKNIFTY29MAY2560100CE.NFO,2025-05-12,13:00:00,2025-05-29,24.15,24.15,24.15,24.15,0,35670,0
BANKNIFTY29MAY2560100CE.NFO,2025-05-12,13:01:00,2025-05-29,24.15,24.4,23.55,23.7,150,35700,0
BANKNIFTY29MAY2560100CE.NFO,2025-05-12,13:02:00,2025-05-29,23.7,23.7,23.7,23.7,0,35700,0
BANKNIFTY29MAY2560100CE.NFO,2025-05-12,13:03:00,2025-05-29,23.7,23.7,23.7,23.7,0,35700,0
BANKNIFTY29MAY2560100CE.NFO,2025-05-12,13:04:00,2025-05-29,23.7,24.0,23.7,24.0,60,35730,0
BANKNIFTY29MAY2560100CE.NFO,2025-05-12,13:05:00,2025-05-29,24.0,24.8,24.0,24.8,60,35730,0
BANKNIFTY29MAY2560100CE.NFO,2025-05-12,13:06:00,2025-05-29,24.8,24.8,24.8,24.8,0,35730,0
BANKNIFTY29MAY2560100CE.NFO,2025-05-12,13:07:00,2025-05-29,24.8,25.2,24.8,25.2,90,35670,0
BANKNIFTY29MAY2560100CE.NFO,2025-05-12,13:08:00,2025-05-29,25.2,25.2,25.2,25.2,0,35670,0
BANKNIFTY29MAY2560100CE.NFO,2025-05-12,13:09:00,2025-05-29,25.2,25.2,25.2,25.2,0,35670,0
BANKNIFTY29MAY2560100CE.NFO,2025-05-12,13:10:00,2025-05-29,25.2,25.2,25.2,25.2,0,35670,0
BANKNIFTY29MAY2560100CE.NFO,2025-05-12,13:11:00,2025-05-29,25.2,25.2,25.2,25.2,0,35670,0
BANKNIFTY29MAY2560100CE.NFO,2025-05-12,13:12:00,2025-05-29,25.2,25.2,24.25,24.25,270,35580,0
BANKNIFTY29MAY2560100CE.NFO,2025-05-12,13:13:00,2025-05-29,24.25,24.25,24.25,24.25,0,35580,0
BANKNIFTY29MAY2560100CE.NFO,2025-05-12,13:14:00,2025-05-29,24.25,24.25,22.2,23.4,60,35430,0
BANKNIFTY29MAY2560100CE.NFO,2025-05-12,13:15:00,2025-05-29,23.4,23.4,23.4,23.4,0,35430,0
BANKNIFTY29MAY2560100CE.NFO,2025-05-12,13:16:00,2025-05-29,23.4,23.4,23.4,23.4,0,35430,0
BANKNIFTY29MAY2560100CE.NFO,2025-05-12,13:17:00,2025-05-29,23.4,23.4,23.4,23.4,0,35430,0
BANKNIFTY29MAY2560100CE.NFO,2025-05-12,13:18:00,2025-05-29,23.4,23.4,23.4,23.4,0,35430,0
BANKNIFTY29MAY2560100CE.NFO,2025-05-12,13:19:00,2025-05-29,23.4,23.45,23.4,23.45,30,35400,0
BANKNIFTY29MAY2560100CE.NFO,2025-05-12,13:20:00,2025-05-29,23.45,23.45,23.45,23.45,0,35400,0
BANKNIFTY29MAY2560100CE.NFO,2025-05-12,13:21:00,2025-05-29,23.45,23.45,23.45,23.45,0,35400,0
BANKNIFTY29MAY2560100CE.NFO,2025-05-12,13:22:00,2025-05-29,23.45,23.45,23.45,23.45,0,35400,0
BANKNIFTY29MAY2560100CE.NFO,2025-05-12,13:23:00,2025-05-29,23.45,24.6,23.45,24.6,90,35430,0
BANKNIFTY29MAY2560100CE.NFO,2025-05-12,13:24:00,2025-05-29,24.6,25.15,24.6,25.15,30,35430,0
BANKNIFTY29MAY2560100CE.NFO,2025-05-12,13:25:00,2025-05-29,25.15,26.25,25.15,25.8,90,35340,0
BANKNIFTY29MAY2560100CE.NFO,2025-05-12,13:26:00,2025-05-29,25.8,25.8,24.85,25.4,90,35340,0
BANKNIFTY29MAY2560100CE.NFO,2025-05-12,13:27:00,2025-05-29,25.4,25.5,24.6,24.6,420,35340,0
BANKNIFTY29MAY2560100CE.NFO,2025-05-12,13:28:00,2025-05-29,24.6,24.6,24.5,24.5,30,35730,0
BANKNIFTY29MAY2560100CE.NFO,2025-05-12,13:29:00,2025-05-29,24.5,25.05,24.5,25.0,120,35730,0
BANKNIFTY29MAY2560100CE.NFO,2025-05-12,13:30:00,2025-05-29,25.0,25.0,24.65,24.65,60,35730,0
BANKNIFTY29MAY2560100CE.NFO,2025-05-12,13:31:00,2025-05-29,24.65,24.9,24.65,24.9,60,35820,0
BANKNIFTY29MAY2560100CE.NFO,2025-05-12,13:32:00,2025-05-29,24.9,24.9,24.9,24.9,0,35820,0
BANKNIFTY29MAY2560100CE.NFO,2025-05-12,13:33:00,2025-05-29,24.9,25.7,24.4,25.7,570,35820,0
BANKNIFTY29MAY2560100CE.NFO,2025-05-12,13:34:00,2025-05-29,25.7,25.7,24.65,24.8,330,35580,0
BANKNIFTY29MAY2560100CE.NFO,2025-05-12,13:35:00,2025-05-29,24.85,25.2,24.85,25.15,390,35580,0
BANKNIFTY29MAY2560100CE.NFO,2025-05-12,13:36:00,2025-05-29,25.15,25.25,25.1,25.25,60,35580,0
BANKNIFTY29MAY2560100CE.NFO,2025-05-12,13:37:00,2025-05-29,25.25,25.25,24.25,24.25,180,35580,0
BANKNIFTY29MAY2560100CE.NFO,2025-05-12,13:38:00,2025-05-29,24.25,24.25,23.9,24.1,90,35580,0
BANKNIFTY29MAY2560100CE.NFO,2025-05-12,13:39:00,2025-05-29,24.1,24.1,24.1,24.1,0,35580,0
BANKNIFTY29MAY2560100CE.NFO,2025-05-12,13:40:00,2025-05-29,24.1,24.4,24.1,24.4,30,35730,0
BANKNIFTY29MAY2560100CE.NFO,2025-05-12,13:41:00,2025-05-29,24.4,25.0,24.4,25.0,210,35730,0
BANKNIFTY29MAY2560100CE.NFO,2025-05-12,13:42:00,2025-05-29,25.0,25.0,24.85,24.85,60,35730,0
BANKNIFTY29MAY2560100CE.NFO,2025-05-12,13:43:00,2025-05-29,24.85,24.85,24.75,24.75,30,35970,0
BANKNIFTY29MAY2560100CE.NFO,2025-05-12,13:44:00,2025-05-29,24.75,25.1,24.75,25.1,90,35970,0
BANKNIFTY29MAY2560100CE.NFO,2025-05-12,13:45:00,2025-05-29,25.1,25.1,24.65,25.1,60,35970,0
BANKNIFTY29MAY2560100CE.NFO,2025-05-12,13:46:00,2025-05-29,25.1,25.1,25.1,25.1,0,35970,0
BANKNIFTY29MAY2560100CE.NFO,2025-05-12,13:47:00,2025-05-29,25.1,25.1,25.1,25.1,0,35970,0
BANKNIFTY29MAY2560100CE.NFO,2025-05-12,13:48:00,2025-05-29,25.1,25.1,25.1,25.1,0,35970,0
BANKNIFTY29MAY2560100CE.NFO,2025-05-12,13:49:00,2025-05-29,25.1,25.1,24.85,25.1,90,36030,0
BANKNIFTY29MAY2560100CE.NFO,2025-05-12,13:50:00,2025-05-29,25.1,25.1,24.55,25.1,240,36030,0
BANKNIFTY29MAY2560100CE.NFO,2025-05-12,13:51:00,2025-05-29,25.1,25.1,24.4,24.85,300,36030,0
BANKNIFTY29MAY2560100CE.NFO,2025-05-12,13:52:00,2025-05-29,24.85,24.85,23.95,24.4,180,35670,0
BANKNIFTY29MAY2560100CE.NFO,2025-05-12,13:53:00,2025-05-29,24.4,24.45,23.45,23.45,90,35670,0
BANKNIFTY29MAY2560100CE.NFO,2025-05-12,13:54:00,2025-05-29,23.45,24.35,23.45,24.3,60,35670,0
BANKNIFTY29MAY2560100CE.NFO,2025-05-12,13:55:00,2025-05-29,24.3,25.0,24.3,25.0,90,35880,0
BANKNIFTY29MAY2560100CE.NFO,2025-05-12,13:56:00,2025-05-29,25.0,25.0,22.95,23.95,540,35880,0
BANKNIFTY29MAY2560100CE.NFO,2025-05-12,13:57:00,2025-05-29,23.95,24.1,23.8,23.8,480,35880,0
BANKNIFTY29MAY2560100CE.NFO,2025-05-12,13:58:00,2025-05-29,23.8,24.4,23.8,24.4,300,35730,0
BANKNIFTY29MAY2560100CE.NFO,2025-05-12,13:59:00,2025-05-29,24.4,24.6,24.4,24.5,60,35730,0
BANKNIFTY29MAY2560100CE.NFO,2025-05-12,14:00:00,2025-05-29,24.5,24.65,23.9,24.1,90,35730,0
BANKNIFTY29MAY2560100CE.NFO,2025-05-12,14:01:00,2025-05-29,24.1,24.1,24.1,24.1,0,35730,0
BANKNIFTY29MAY2560100CE.NFO,2025-05-12,14:02:00,2025-05-29,24.1,24.1,24.1,24.1,0,35730,0
BANKNIFTY29MAY2560100CE.NFO,2025-05-12,14:03:00,2025-05-29,24.1,24.1,24.1,24.1,0,35730,0
BANKNIFTY29MAY2560100CE.NFO,2025-05-12,14:04:00,2025-05-29,24.1,24.25,24.1,24.25,30,35820,0
BANKNIFTY29MAY2560100CE.NFO,2025-05-12,14:05:00,2025-05-29,24.25,24.25,24.15,24.15,60,35820,0
BANKNIFTY29MAY2560100CE.NFO,2025-05-12,14:06:00,2025-05-29,24.15,24.7,24.15,24.6,270,35820,0
BANKNIFTY29MAY2560100CE.NFO,2025-05-12,14:07:00,2025-05-29,24.6,24.6,24.6,24.6,0,35820,0
BANKNIFTY29MAY2560100CE.NFO,2025-05-12,14:08:00,2025-05-29,24.6,24.6,24.6,24.6,0,35820,0
BANKNIFTY29MAY2560100CE.NFO,2025-05-12,14:09:00,2025-05-29,24.6,24.6,24.6,24.6,0,35820,0
BANKNIFTY29MAY2560100CE.NFO,2025-05-12,14:10:00,2025-05-29,24.6,24.6,24.6,24.6,0,35820,0
BANKNIFTY29MAY2560100CE.NFO,2025-05-12,14:11:00,2025-05-29,24.6,24.75,24.6,24.75,60,35880,0
BANKNIFTY29MAY2560100CE.NFO,2025-05-12,14:12:00,2025-05-29,24.75,25.4,24.75,25.4,30,35880,0
BANKNIFTY29MAY2560100CE.NFO,2025-05-12,14:13:00,2025-05-29,25.4,26.0,25.4,25.7,150,35910,0
BANKNIFTY29MAY2560100CE.NFO,2025-05-12,14:14:00,2025-05-29,25.7,26.4,25.7,26.0,180,35910,0
BANKNIFTY29MAY2560100CE.NFO,2025-05-12,14:15:00,2025-05-29,26.0,27.0,26.0,26.8,240,35910,0
BANKNIFTY29MAY2560100CE.NFO,2025-05-12,14:16:00,2025-05-29,26.8,27.9,26.8,27.5,210,36060,0
BANKNIFTY29MAY2560100CE.NFO,2025-05-12,14:17:00,2025-05-29,27.5,27.5,25.75,25.75,90,36060,0
BANKNIFTY29MAY2560100CE.NFO,2025-05-12,14:18:00,2025-05-29,25.75,26.1,25.45,26.1,90,36060,0
BANKNIFTY29MAY2560100CE.NFO,2025-05-12,14:19:00,2025-05-29,26.1,27.6,26.1,27.15,120,35970,0
BANKNIFTY29MAY2560100CE.NFO,2025-05-12,14:20:00,2025-05-29,27.15,27.15,27.15,27.15,0,35970,0
BANKNIFTY29MAY2560100CE.NFO,2025-05-12,14:21:00,2025-05-29,27.15,27.15,27.15,27.15,0,35970,0
BANKNIFTY29MAY2560100CE.NFO,2025-05-12,14:22:00,2025-05-29,27.15,27.15,27.15,27.15,0,35970,0
BANKNIFTY29MAY2560100CE.NFO,2025-05-12,14:23:00,2025-05-29,27.15,27.15,26.95,26.95,300,35910,0
BANKNIFTY29MAY2560100CE.NFO,2025-05-12,14:24:00,2025-05-29,26.95,26.95,26.95,26.95,0,35910,0
BANKNIFTY29MAY2560100CE.NFO,2025-05-12,14:25:00,2025-05-29,26.95,28.1,26.95,27.5,90,35910,0
BANKNIFTY29MAY2560100CE.NFO,2025-05-12,14:26:00,2025-05-29,27.5,28.2,27.5,28.2,30,35910,0
BANKNIFTY29MAY2560100CE.NFO,2025-05-12,14:27:00,2025-05-29,28.2,28.2,27.5,27.5,60,35910,0
BANKNIFTY29MAY2560100CE.NFO,2025-05-12,14:28:00,2025-05-29,27.5,27.5,27.2,27.2,30,35910,0
BANKNIFTY29MAY2560100CE.NFO,2025-05-12,14:29:00,2025-05-29,27.2,27.2,27.2,27.2,0,35910,0
BANKNIFTY29MAY2560100CE.NFO,2025-05-12,14:30:00,2025-05-29,27.2,28.6,27.2,28.6,180,36000,0
BANKNIFTY29MAY2560100CE.NFO,2025-05-12,14:31:00,2025-05-29,28.55,31.0,28.55,29.5,1860,36000,0
BANKNIFTY29MAY2560100CE.NFO,2025-05-12,14:32:00,2025-05-29,29.5,29.5,28.05,28.05,1290,36000,0
BANKNIFTY29MAY2560100CE.NFO,2025-05-12,14:33:00,2025-05-29,28.05,28.3,26.75,27.2,2700,36000,0
BANKNIFTY29MAY2560100CE.NFO,2025-05-12,14:34:00,2025-05-29,27.2,27.2,26.95,26.95,90,36330,0
BANKNIFTY29MAY2560100CE.NFO,2025-05-12,14:35:00,2025-05-29,26.95,27.3,26.95,27.2,210,36330,0
BANKNIFTY29MAY2560100CE.NFO,2025-05-12,14:36:00,2025-05-29,27.2,27.75,26.3,26.3,930,36330,0
BANKNIFTY29MAY2560100CE.NFO,2025-05-12,14:37:00,2025-05-29,26.3,26.3,26.3,26.3,0,36330,0
BANKNIFTY29MAY2560100CE.NFO,2025-05-12,14:38:00,2025-05-29,26.3,27.4,25.65,25.65,270,36690,0
BANKNIFTY29MAY2560100CE.NFO,2025-05-12,14:39:00,2025-05-29,25.65,25.85,24.9,24.9,660,36690,0
BANKNIFTY29MAY2560100CE.NFO,2025-05-12,14:40:00,2025-05-29,24.9,24.9,24.4,24.4,60,36900,0
BANKNIFTY29MAY2560100CE.NFO,2025-05-12,14:41:00,2025-05-29,24.4,24.4,23.05,23.05,630,36900,0
BANKNIFTY29MAY2560100CE.NFO,2025-05-12,14:42:00,2025-05-29,23.05,23.05,23.05,23.05,0,36900,0
BANKNIFTY29MAY2560100CE.NFO,2025-05-12,14:43:00,2025-05-29,23.05,23.05,23.05,23.05,0,36900,0
BANKNIFTY29MAY2560100CE.NFO,2025-05-12,14:44:00,2025-05-29,23.05,24.65,23.05,24.35,390,36660,0
BANKNIFTY29MAY2560100CE.NFO,2025-05-12,14:45:00,2025-05-29,24.35,24.35,24.0,24.0,240,36660,0
BANKNIFTY29MAY2560100CE.NFO,2025-05-12,14:46:00,2025-05-29,24.0,24.0,24.0,24.0,30,36510,0
BANKNIFTY29MAY2560100CE.NFO,2025-05-12,14:47:00,2025-05-29,24.0,24.0,24.0,24.0,0,36510,0
BANKNIFTY29MAY2560100CE.NFO,2025-05-12,14:48:00,2025-05-29,24.0,24.35,24.0,24.35,1020,36510,0
BANKNIFTY29MAY2560100CE.NFO,2025-05-12,14:49:00,2025-05-29,24.35,24.35,24.35,24.35,0,36510,0
BANKNIFTY29MAY2560100CE.NFO,2025-05-12,14:50:00,2025-05-29,24.35,24.35,24.35,24.35,0,36510,0
BANKNIFTY29MAY2560100CE.NFO,2025-05-12,14:51:00,2025-05-29,24.35,24.35,24.35,24.35,30,36480,0
BANKNIFTY29MAY2560100CE.NFO,2025-05-12,14:52:00,2025-05-29,25.9,25.9,25.1,25.1,540,36480,0
BANKNIFTY29MAY2560100CE.NFO,2025-05-12,14:53:00,2025-05-29,25.1,25.1,25.1,25.1,0,36480,0
BANKNIFTY29MAY2560100CE.NFO,2025-05-12,14:54:00,2025-05-29,25.1,25.45,24.75,24.75,150,36240,0
BANKNIFTY29MAY2560100CE.NFO,2025-05-12,14:55:00,2025-05-29,24.75,25.8,24.6,25.8,300,36300,0
BANKNIFTY29MAY2560100CE.NFO,2025-05-12,14:56:00,2025-05-29,25.8,25.85,25.8,25.85,0,36300,0
BANKNIFTY29MAY2560100CE.NFO,2025-05-12,14:57:00,2025-05-29,25.85,25.85,25.85,25.85,0,36300,0
BANKNIFTY29MAY2560100CE.NFO,2025-05-12,14:58:00,2025-05-29,25.85,26.1,25.85,26.1,90,36300,0
BANKNIFTY29MAY2560100CE.NFO,2025-05-12,14:59:00,2025-05-29,26.1,26.1,24.5,25.95,3240,36630,0
BANKNIFTY29MAY2560100CE.NFO,2025-05-12,15:00:00,2025-05-29,25.95,26.1,25.55,25.55,300,36630,0
BANKNIFTY29MAY2560100CE.NFO,2025-05-12,15:01:00,2025-05-29,25.55,26.0,25.55,26.0,30,36450,0
BANKNIFTY29MAY2560100CE.NFO,2025-05-12,15:02:00,2025-05-29,26.0,26.3,24.6,24.6,1020,36450,0
BANKNIFTY29MAY2560100CE.NFO,2025-05-12,15:03:00,2025-05-29,24.6,25.6,24.6,25.0,1410,36450,0
BANKNIFTY29MAY2560100CE.NFO,2025-05-12,15:04:00,2025-05-29,25.0,25.45,24.95,25.15,330,37080,0
BANKNIFTY29MAY2560100CE.NFO,2025-05-12,15:05:00,2025-05-29,25.15,25.15,24.9,24.9,180,37080,0
BANKNIFTY29MAY2560100CE.NFO,2025-05-12,15:06:00,2025-05-29,24.9,25.1,24.85,24.85,180,37080,0
BANKNIFTY29MAY2560100CE.NFO,2025-05-12,15:07:00,2025-05-29,24.85,25.1,24.45,24.45,330,37260,0
BANKNIFTY29MAY2560100CE.NFO,2025-05-12,15:08:00,2025-05-29,24.45,24.45,24.45,24.45,0,37260,0
BANKNIFTY29MAY2560100CE.NFO,2025-05-12,15:09:00,2025-05-29,24.45,24.45,24.45,24.45,0,37260,0
BANKNIFTY29MAY2560100CE.NFO,2025-05-12,15:10:00,2025-05-29,24.45,25.8,24.45,25.65,2190,37020,0
BANKNIFTY29MAY2560100CE.NFO,2025-05-12,15:11:00,2025-05-29,25.65,25.75,25.35,25.75,180,37020,0
BANKNIFTY29MAY2560100CE.NFO,2025-05-12,15:12:00,2025-05-29,25.75,25.9,25.4,25.4,210,37020,0
BANKNIFTY29MAY2560100CE.NFO,2025-05-12,15:13:00,2025-05-29,25.4,25.4,25.4,25.4,0,37020,0
BANKNIFTY29MAY2560100CE.NFO,2025-05-12,15:14:00,2025-05-29,25.4,25.95,24.65,24.65,270,36210,0
BANKNIFTY29MAY2560100CE.NFO,2025-05-12,15:15:00,2025-05-29,24.65,24.65,24.65,24.65,0,36210,0
BANKNIFTY29MAY2560100CE.NFO,2025-05-12,15:16:00,2025-05-29,24.65,24.65,24.35,24.35,510,35970,0
BANKNIFTY29MAY2560100CE.NFO,2025-05-12,15:17:00,2025-05-29,24.35,24.35,23.9,24.25,390,35970,0
BANKNIFTY29MAY2560100CE.NFO,2025-05-12,15:18:00,2025-05-29,24.25,24.3,24.2,24.3,570,35970,0
BANKNIFTY29MAY2560100CE.NFO,2025-05-12,15:19:00,2025-05-29,24.3,24.85,24.25,24.3,210,36180,0
BANKNIFTY29MAY2560100CE.NFO,2025-05-12,15:20:00,2025-05-29,24.3,26.25,24.05,24.6,630,36180,0
BANKNIFTY29MAY2560100CE.NFO,2025-05-12,15:21:00,2025-05-29,24.6,26.3,24.6,26.3,150,36180,0
BANKNIFTY29MAY2560100CE.NFO,2025-05-12,15:22:00,2025-05-29,26.3,26.3,25.05,25.3,450,36000,0
BANKNIFTY29MAY2560100CE.NFO,2025-05-12,15:23:00,2025-05-29,25.3,27.0,25.3,26.15,390,36000,0
BANKNIFTY29MAY2560100CE.NFO,2025-05-12,15:24:00,2025-05-29,26.15,27.5,25.85,25.85,210,36000,0
BANKNIFTY29MAY2560100CE.NFO,2025-05-12,15:25:00,2025-05-29,25.85,27.75,25.85,27.75,180,36120,0
BANKNIFTY29MAY2560100CE.NFO,2025-05-12,15:26:00,2025-05-29,27.75,27.75,25.2,27.7,360,36120,0
BANKNIFTY29MAY2560100CE.NFO,2025-05-12,15:27:00,2025-05-29,27.7,27.7,27.15,27.15,30,36120,0
BANKNIFTY29MAY2560100CE.NFO,2025-05-12,15:28:00,2025-05-29,27.15,27.15,26.6,27.15,2010,35940,0
BANKNIFTY29MAY2560100CE.NFO,2025-05-12,15:29:00,2025-05-29,27.15,27.15,26.6,27.15,330,35940,0
BANKNIFTY29MAY2560100CE.NFO,2025-05-12,15:30:00,2025-05-29,27.15,27.15,27.15,27.15,330,35940,1
BANKNIFTY29MAY2560100CE.NFO,2025-05-13,09:15:00,2025-05-29,30.0,30.0,21.25,24.95,360,37590,0
BANKNIFTY29MAY2560100CE.NFO,2025-05-13,09:16:00,2025-05-29,24.95,26.2,23.75,24.9,240,37590,0
BANKNIFTY29MAY2560100CE.NFO,2025-05-13,09:17:00,2025-05-29,24.9,25.45,22.5,24.45,1020,37590,0
BANKNIFTY29MAY2560100CE.NFO,2025-05-13,09:18:00,2025-05-29,24.45,24.45,21.1,21.85,300,37590,0
BANKNIFTY29MAY2560100CE.NFO,2025-05-13,09:19:00,2025-05-29,21.85,23.1,20.95,22.25,240,37470,0
BANKNIFTY29MAY2560100CE.NFO,2025-05-13,09:20:00,2025-05-29,22.25,23.15,21.65,23.15,570,37470,0
BANKNIFTY29MAY2560100CE.NFO,2025-05-13,09:21:00,2025-05-29,23.15,23.45,21.45,23.45,450,37260,0
BANKNIFTY29MAY2560100CE.NFO,2025-05-13,09:22:00,2025-05-29,23.45,23.5,21.6,23.5,330,37260,0
BANKNIFTY29MAY2560100CE.NFO,2025-05-13,09:23:00,2025-05-29,23.5,23.7,21.6,23.7,210,37260,0
BANKNIFTY29MAY2560100CE.NFO,2025-05-13,09:24:00,2025-05-29,23.7,23.7,22.95,23.25,270,37110,0
BANKNIFTY29MAY2560100CE.NFO,2025-05-13,09:25:00,2025-05-29,23.25,23.7,22.4,23.7,90,37110,0
BANKNIFTY29MAY2560100CE.NFO,2025-05-13,09:26:00,2025-05-29,23.7,24.2,22.45,24.2,450,37110,0
BANKNIFTY29MAY2560100CE.NFO,2025-05-13,09:27:00,2025-05-29,24.2,24.2,23.3,23.4,300,37530,0
BANKNIFTY29MAY2560100CE.NFO,2025-05-13,09:28:00,2025-05-29,23.4,24.2,23.4,23.55,120,37530,0
BANKNIFTY29MAY2560100CE.NFO,2025-05-13,09:29:00,2025-05-29,23.55,23.55,22.25,22.25,90,37530,0
BANKNIFTY29MAY2560100CE.NFO,2025-05-13,09:30:00,2025-05-29,22.15,22.75,21.8,21.8,300,37530,0
BANKNIFTY29MAY2560100CE.NFO,2025-05-13,09:31:00,2025-05-29,22.55,22.55,21.55,21.55,360,37620,0
BANKNIFTY29MAY2560100CE.NFO,2025-05-13,09:32:00,2025-05-29,21.55,21.9,21.55,21.6,780,37620,0
BANKNIFTY29MAY2560100CE.NFO,2025-05-13,09:33:00,2025-05-29,21.6,22.55,21.6,21.85,120,37110,0
BANKNIFTY29MAY2560100CE.NFO,2025-05-13,09:34:00,2025-05-29,21.85,22.3,21.35,21.8,270,37110,0
BANKNIFTY29MAY2560100CE.NFO,2025-05-13,09:35:00,2025-05-29,21.8,22.65,21.8,22.65,210,37110,0
BANKNIFTY29MAY2560100CE.NFO,2025-05-13,09:36:00,2025-05-29,22.65,23.45,22.5,22.55,420,37110,0
BANKNIFTY29MAY2560100CE.NFO,2025-05-13,09:37:00,2025-05-29,22.55,23.0,22.45,22.8,600,37110,0
BANKNIFTY29MAY2560100CE.NFO,2025-05-13,09:38:00,2025-05-29,22.8,23.45,22.8,23.45,120,37110,0
BANKNIFTY29MAY2560100CE.NFO,2025-05-13,09:39:00,2025-05-29,23.45,24.15,23.35,23.35,90,37110,0
BANKNIFTY29MAY2560100CE.NFO,2025-05-13,09:40:00,2025-05-29,23.35,24.2,22.8,22.8,1050,37200,0
BANKNIFTY29MAY2560100CE.NFO,2025-05-13,09:41:00,2025-05-29,22.8,22.8,22.6,22.6,0,37200,0
BANKNIFTY29MAY2560100CE.NFO,2025-05-13,09:42:00,2025-05-29,22.6,22.6,22.3,22.3,150,37200,0
BANKNIFTY29MAY2560100CE.NFO,2025-05-13,09:43:00,2025-05-29,22.3,22.55,22.05,22.05,120,38010,0
BANKNIFTY29MAY2560100CE.NFO,2025-05-13,09:44:00,2025-05-29,22.05,22.95,22.05,22.45,480,38010,0
BANKNIFTY29MAY2560100CE.NFO,2025-05-13,09:45:00,2025-05-29,22.45,22.45,21.55,21.55,180,38010,0
BANKNIFTY29MAY2560100CE.NFO,2025-05-13,09:46:00,2025-05-29,21.55,22.3,21.55,21.9,30,38280,0
BANKNIFTY29MAY2560100CE.NFO,2025-05-13,09:47:00,2025-05-29,21.9,22.5,21.9,22.5,0,38280,0
BANKNIFTY29MAY2560100CE.NFO,2025-05-13,09:48:00,2025-05-29,22.5,22.6,22.5,22.6,30,38280,0
BANKNIFTY29MAY2560100CE.NFO,2025-05-13,09:49:00,2025-05-29,22.6,22.6,22.25,22.25,30,38370,0
BANKNIFTY29MAY2560100CE.NFO,2025-05-13,09:50:00,2025-05-29,22.25,22.35,22.25,22.35,150,38370,0
BANKNIFTY29MAY2560100CE.NFO,2025-05-13,09:51:00,2025-05-29,22.35,22.35,21.9,21.9,600,38250,0
BANKNIFTY29MAY2560100CE.NFO,2025-05-13,09:52:00,2025-05-29,21.9,22.7,21.9,22.7,450,38250,0
BANKNIFTY29MAY2560100CE.NFO,2025-05-13,09:53:00,2025-05-29,22.7,22.75,22.1,22.1,480,38250,0
BANKNIFTY29MAY2560100CE.NFO,2025-05-13,09:54:00,2025-05-29,22.1,22.5,22.1,22.5,300,38820,0
BANKNIFTY29MAY2560100CE.NFO,2025-05-13,09:55:00,2025-05-29,22.5,22.5,22.05,22.05,240,38820,0
BANKNIFTY29MAY2560100CE.NFO,2025-05-13,09:56:00,2025-05-29,22.05,22.05,22.05,22.05,0,38820,0
BANKNIFTY29MAY2560100CE.NFO,2025-05-13,09:57:00,2025-05-29,22.05,22.05,21.85,21.85,630,38790,0
BANKNIFTY29MAY2560100CE.NFO,2025-05-13,09:58:00,2025-05-29,21.85,21.85,21.85,21.85,0,38790,0
BANKNIFTY29MAY2560100CE.NFO,2025-05-13,09:59:00,2025-05-29,21.85,21.85,21.85,21.85,0,38790,0
BANKNIFTY29MAY2560100CE.NFO,2025-05-13,10:00:00,2025-05-29,21.85,21.85,21.85,21.85,0,38790,0
BANKNIFTY29MAY2560100CE.NFO,2025-05-13,10:01:00,2025-05-29,21.85,21.85,21.85,21.85,0,38790,0
BANKNIFTY29MAY2560100CE.NFO,2025-05-13,10:02:00,2025-05-29,21.85,21.85,21.85,21.85,0,38790,0
BANKNIFTY29MAY2560100CE.NFO,2025-05-13,10:03:00,2025-05-29,21.85,21.85,21.85,21.85,0,38790,0
BANKNIFTY29MAY2560100CE.NFO,2025-05-13,10:04:00,2025-05-29,21.85,24.7,21.85,24.7,0,39120,0
BANKNIFTY29MAY2560100CE.NFO,2025-05-13,10:05:00,2025-05-29,24.7,24.7,22.45,22.45,60,39120,0
BANKNIFTY29MAY2560100CE.NFO,2025-05-13,10:06:00,2025-05-29,22.45,22.45,22.25,22.25,30,39180,0
BANKNIFTY29MAY2560100CE.NFO,2025-05-13,10:07:00,2025-05-29,22.25,22.25,22.25,22.25,0,39180,0
BANKNIFTY29MAY2560100CE.NFO,2025-05-13,10:08:00,2025-05-29,22.25,22.6,22.25,22.6,30,39180,0
BANKNIFTY29MAY2560100CE.NFO,2025-05-13,10:09:00,2025-05-29,22.6,23.1,22.6,23.1,30,39180,0
BANKNIFTY29MAY2560100CE.NFO,2025-05-13,10:10:00,2025-05-29,23.1,23.3,23.1,23.2,60,39210,0
BANKNIFTY29MAY2560100CE.NFO,2025-05-13,10:11:00,2025-05-29,23.2,23.2,23.2,23.2,0,39210,0
BANKNIFTY29MAY2560100CE.NFO,2025-05-13,10:12:00,2025-05-29,23.2,23.2,23.2,23.2,0,39210,0
BANKNIFTY29MAY2560100CE.NFO,2025-05-13,10:13:00,2025-05-29,23.2,23.2,23.2,23.2,0,39210,0
BANKNIFTY29MAY2560100CE.NFO,2025-05-13,10:14:00,2025-05-29,23.2,23.2,23.2,23.2,0,39210,0
BANKNIFTY29MAY2560100CE.NFO,2025-05-13,10:15:00,2025-05-29,23.2,23.2,23.2,23.2,0,39210,0
BANKNIFTY29MAY2560100CE.NFO,2025-05-13,10:16:00,2025-05-29,23.2,23.2,23.2,23.2,0,39210,0
BANKNIFTY29MAY2560100CE.NFO,2025-05-13,10:17:00,2025-05-29,23.2,23.2,23.2,23.2,0,39210,0
BANKNIFTY29MAY2560100CE.NFO,2025-05-13,10:18:00,2025-05-29,23.2,23.2,23.2,23.2,0,39210,0
BANKNIFTY29MAY2560100CE.NFO,2025-05-13,10:19:00,2025-05-29,23.2,23.2,22.3,22.3,1830,39210,0
BANKNIFTY29MAY2560100CE.NFO,2025-05-13,10:20:00,2025-05-29,22.3,22.65,22.3,22.65,90,39210,0
BANKNIFTY29MAY2560100CE.NFO,2025-05-13,10:21:00,2025-05-29,22.65,22.75,22.45,22.75,150,40500,0
BANKNIFTY29MAY2560100CE.NFO,2025-05-13,10:22:00,2025-05-29,22.75,22.75,22.75,22.75,30,40500,0
BANKNIFTY29MAY2560100CE.NFO,2025-05-13,10:23:00,2025-05-29,22.75,23.0,22.65,23.0,240,40500,0
BANKNIFTY29MAY2560100CE.NFO,2025-05-13,10:24:00,2025-05-29,23.0,23.0,23.0,23.0,0,40500,0
BANKNIFTY29MAY2560100CE.NFO,2025-05-13,10:25:00,2025-05-29,23.0,23.0,22.65,22.65,90,40530,0
BANKNIFTY29MAY2560100CE.NFO,2025-05-13,10:26:00,2025-05-29,22.65,23.0,22.65,23.0,30,40530,0
BANKNIFTY29MAY2560100CE.NFO,2025-05-13,10:27:00,2025-05-29,23.0,23.15,23.0,23.15,30,40530,0
BANKNIFTY29MAY2560100CE.NFO,2025-05-13,10:28:00,2025-05-29,23.15,23.3,23.05,23.05,690,40590,0
BANKNIFTY29MAY2560100CE.NFO,2025-05-13,10:29:00,2025-05-29,23.05,23.05,22.75,22.75,360,40590,0
BANKNIFTY29MAY2560100CE.NFO,2025-05-13,10:30:00,2025-05-29,22.75,23.45,22.65,23.45,1080,40830,0
BANKNIFTY29MAY2560100CE.NFO,2025-05-13,10:31:00,2025-05-29,23.45,23.45,22.8,22.8,330,40830,0
BANKNIFTY29MAY2560100CE.NFO,2025-05-13,10:32:00,2025-05-29,22.8,23.4,22.8,23.4,30,40830,0
BANKNIFTY29MAY2560100CE.NFO,2025-05-13,10:33:00,2025-05-29,23.4,23.4,23.35,23.35,120,40830,0
BANKNIFTY29MAY2560100CE.NFO,2025-05-13,10:34:00,2025-05-29,23.35,23.4,22.7,22.7,120,40110,0
BANKNIFTY29MAY2560100CE.NFO,2025-05-13,10:35:00,2025-05-29,22.7,22.7,22.65,22.65,60,40110,0
BANKNIFTY29MAY2560100CE.NFO,2025-05-13,10:36:00,2025-05-29,22.65,22.7,22.35,22.7,180,40110,0
BANKNIFTY29MAY2560100CE.NFO,2025-05-13,10:37:00,2025-05-29,22.7,22.7,22.1,22.1,390,39960,0
BANKNIFTY29MAY2560100CE.NFO,2025-05-13,10:38:00,2025-05-29,22.1,22.1,22.1,22.1,0,39960,0
BANKNIFTY29MAY2560100CE.NFO,2025-05-13,10:39:00,2025-05-29,22.1,22.35,22.1,22.35,330,39960,0
BANKNIFTY29MAY2560100CE.NFO,2025-05-13,10:40:00,2025-05-29,22.35,23.25,22.35,23.25,150,39750,0
BANKNIFTY29MAY2560100CE.NFO,2025-05-13,10:41:00,2025-05-29,23.25,23.25,22.85,22.85,30,39750,0
BANKNIFTY29MAY2560100CE.NFO,2025-05-13,10:42:00,2025-05-29,22.8,22.8,22.5,22.5,90,39750,0
BANKNIFTY29MAY2560100CE.NFO,2025-05-13,10:43:00,2025-05-29,22.5,22.5,22.5,22.5,0,39750,0
BANKNIFTY29MAY2560100CE.NFO,2025-05-13,10:44:00,2025-05-29,22.5,22.5,22.5,22.5,0,39750,0
BANKNIFTY29MAY2560100CE.NFO,2025-05-13,10:45:00,2025-05-29,22.5,22.8,22.5,22.8,180,39750,0
BANKNIFTY29MAY2560100CE.NFO,2025-05-13,10:46:00,2025-05-29,22.8,22.8,22.8,22.8,0,39750,0
BANKNIFTY29MAY2560100CE.NFO,2025-05-13,10:47:00,2025-05-29,22.8,22.8,22.8,22.8,0,39750,0
BANKNIFTY29MAY2560100CE.NFO,2025-05-13,10:48:00,2025-05-29,22.8,22.8,22.05,22.15,390,39780,0
BANKNIFTY29MAY2560100CE.NFO,2025-05-13,10:49:00,2025-05-29,22.15,22.15,22.0,22.0,120,39750,0
BANKNIFTY29MAY2560100CE.NFO,2025-05-13,10:50:00,2025-05-29,22.0,22.2,22.0,22.2,30,39750,0
BANKNIFTY29MAY2560100CE.NFO,2025-05-13,10:51:00,2025-05-29,22.2,22.8,22.2,22.45,360,39660,0
BANKNIFTY29MAY2560100CE.NFO,2025-05-13,10:52:00,2025-05-29,22.45,22.45,22.2,22.2,30,39660,0
BANKNIFTY29MAY2560100CE.NFO,2025-05-13,10:53:00,2025-05-29,22.2,22.2,21.85,21.9,150,39660,0
BANKNIFTY29MAY2560100CE.NFO,2025-05-13,10:54:00,2025-05-29,21.9,21.9,21.9,21.9,0,39660,0
BANKNIFTY29MAY2560100CE.NFO,2025-05-13,10:55:00,2025-05-29,21.9,21.9,21.05,21.05,150,39630,0
BANKNIFTY29MAY2560100CE.NFO,2025-05-13,10:56:00,2025-05-29,21.05,21.05,21.05,21.05,30,39630,0
BANKNIFTY29MAY2560100CE.NFO,2025-05-13,10:57:00,2025-05-29,21.05,21.05,21.05,21.05,0,39630,0
BANKNIFTY29MAY2560100CE.NFO,2025-05-13,10:58:00,2025-05-29,21.05,21.45,21.05,21.45,270,39600,0
BANKNIFTY29MAY2560100CE.NFO,2025-05-13,10:59:00,2025-05-29,21.45,21.45,21.45,21.45,0,39600,0
BANKNIFTY29MAY2560100CE.NFO,2025-05-13,11:00:00,2025-05-29,21.45,21.45,21.25,21.25,60,39480,0
BANKNIFTY29MAY2560100CE.NFO,2025-05-13,11:01:00,2025-05-29,21.25,21.25,21.25,21.25,0,39480,0
BANKNIFTY29MAY2560100CE.NFO,2025-05-13,11:02:00,2025-05-29,21.25,22.25,21.25,22.25,120,39480,0
BANKNIFTY29MAY2560100CE.NFO,2025-05-13,11:03:00,2025-05-29,22.25,22.25,22.2,22.2,30,39480,0
BANKNIFTY29MAY2560100CE.NFO,2025-05-13,11:04:00,2025-05-29,22.2,22.2,22.15,22.15,0,39480,0
BANKNIFTY29MAY2560100CE.NFO,2025-05-13,11:05:00,2025-05-29,22.15,22.15,21.8,21.8,30,39480,0
BANKNIFTY29MAY2560100CE.NFO,2025-05-13,11:06:00,2025-05-29,21.8,21.8,21.45,21.45,30,39480,0
BANKNIFTY29MAY2560100CE.NFO,2025-05-13,11:07:00,2025-05-29,21.45,21.45,21.45,21.45,0,39480,0
BANKNIFTY29MAY2560100CE.NFO,2025-05-13,11:08:00,2025-05-29,21.45,21.45,21.05,21.05,60,39420,0
BANKNIFTY29MAY2560100CE.NFO,2025-05-13,11:09:00,2025-05-29,21.05,21.15,21.05,21.15,60,39420,0
BANKNIFTY29MAY2560100CE.NFO,2025-05-13,11:10:00,2025-05-29,21.15,21.15,21.0,21.0,30,39420,0
BANKNIFTY29MAY2560100CE.NFO,2025-05-13,11:11:00,2025-05-29,21.0,21.0,21.0,21.0,420,39420,0
BANKNIFTY29MAY2560100CE.NFO,2025-05-13,11:12:00,2025-05-29,21.0,21.05,21.0,21.05,180,39420,0
BANKNIFTY29MAY2560100CE.NFO,2025-05-13,11:13:00,2025-05-29,21.05,21.05,21.05,21.05,0,39420,0
BANKNIFTY29MAY2560100CE.NFO,2025-05-13,11:14:00,2025-05-29,21.05,21.05,21.05,21.05,0,39420,0
BANKNIFTY29MAY2560100CE.NFO,2025-05-13,11:15:00,2025-05-29,21.05,21.05,21.05,21.05,0,39420,0
BANKNIFTY29MAY2560100CE.NFO,2025-05-13,11:16:00,2025-05-29,21.05,21.05,21.05,21.05,0,39420,0
BANKNIFTY29MAY2560100CE.NFO,2025-05-13,11:17:00,2025-05-29,21.05,21.05,21.05,21.05,0,39420,0
BANKNIFTY29MAY2560100CE.NFO,2025-05-13,11:18:00,2025-05-29,21.05,21.2,21.05,21.2,0,39600,0
BANKNIFTY29MAY2560100CE.NFO,2025-05-13,11:19:00,2025-05-29,21.2,21.95,21.2,21.95,780,39600,0
BANKNIFTY29MAY2560100CE.NFO,2025-05-13,11:20:00,2025-05-29,21.95,21.95,21.35,21.35,300,39600,0
BANKNIFTY29MAY2560100CE.NFO,2025-05-13,11:21:00,2025-05-29,21.35,21.35,21.35,21.35,0,39600,0
BANKNIFTY29MAY2560100CE.NFO,2025-05-13,11:22:00,2025-05-29,21.35,21.35,20.75,20.8,450,39060,0
BANKNIFTY29MAY2560100CE.NFO,2025-05-13,11:23:00,2025-05-29,20.8,20.8,20.8,20.8,0,39060,0
BANKNIFTY29MAY2560100CE.NFO,2025-05-13,11:24:00,2025-05-29,20.8,20.8,20.8,20.8,0,39060,0
BANKNIFTY29MAY2560100CE.NFO,2025-05-13,11:25:00,2025-05-29,20.7,20.7,20.7,20.7,30,38850,0
BANKNIFTY29MAY2560100CE.NFO,2025-05-13,11:26:00,2025-05-29,20.7,21.7,20.7,21.7,120,38850,0
BANKNIFTY29MAY2560100CE.NFO,2025-05-13,11:27:00,2025-05-29,21.7,21.7,21.7,21.7,0,38850,0
BANKNIFTY29MAY2560100CE.NFO,2025-05-13,11:28:00,2025-05-29,21.7,21.7,21.7,21.7,0,38850,0
BANKNIFTY29MAY2560100CE.NFO,2025-05-13,11:29:00,2025-05-29,21.7,21.7,21.7,21.7,0,38850,0
BANKNIFTY29MAY2560100CE.NFO,2025-05-13,11:30:00,2025-05-29,21.7,21.7,21.7,21.7,0,38850,0
BANKNIFTY29MAY2560100CE.NFO,2025-05-13,11:31:00,2025-05-29,21.7,21.7,21.7,21.7,0,38850,0
BANKNIFTY29MAY2560100CE.NFO,2025-05-13,11:32:00,2025-05-29,21.7,21.7,21.7,21.7,0,38850,0
BANKNIFTY29MAY2560100CE.NFO,2025-05-13,11:33:00,2025-05-29,21.7,21.7,21.7,21.7,0,38850,0
BANKNIFTY29MAY2560100CE.NFO,2025-05-13,11:34:00,2025-05-29,21.7,21.7,21.7,21.7,0,38850,0
BANKNIFTY29MAY2560100CE.NFO,2025-05-13,11:35:00,2025-05-29,21.7,21.7,21.7,21.7,0,38850,0
BANKNIFTY29MAY2560100CE.NFO,2025-05-13,11:36:00,2025-05-29,21.7,21.7,21.7,21.7,0,38850,0
BANKNIFTY29MAY2560100CE.NFO,2025-05-13,11:37:00,2025-05-29,21.7,21.7,21.7,21.7,0,38850,0
BANKNIFTY29MAY2560100CE.NFO,2025-05-13,11:38:00,2025-05-29,21.7,21.7,21.7,21.7,0,38850,0
BANKNIFTY29MAY2560100CE.NFO,2025-05-13,11:39:00,2025-05-29,21.7,21.7,21.7,21.7,0,38850,0
BANKNIFTY29MAY2560100CE.NFO,2025-05-13,11:40:00,2025-05-29,21.7,21.7,20.55,20.55,150,38760,0
BANKNIFTY29MAY2560100CE.NFO,2025-05-13,11:41:00,2025-05-29,20.55,20.55,20.55,20.55,0,38760,0
BANKNIFTY29MAY2560100CE.NFO,2025-05-13,11:42:00,2025-05-29,20.55,20.55,20.55,20.55,0,38760,0
BANKNIFTY29MAY2560100CE.NFO,2025-05-13,11:43:00,2025-05-29,20.55,20.55,20.55,20.55,0,38760,0
BANKNIFTY29MAY2560100CE.NFO,2025-05-13,11:44:00,2025-05-29,20.55,20.55,20.55,20.55,0,38760,0
BANKNIFTY29MAY2560100CE.NFO,2025-05-13,11:45:00,2025-05-29,20.55,20.55,20.55,20.55,0,38760,0
BANKNIFTY29MAY2560100CE.NFO,2025-05-13,11:46:00,2025-05-29,20.55,20.55,20.55,20.55,0,38760,0
BANKNIFTY29MAY2560100CE.NFO,2025-05-13,11:47:00,2025-05-29,20.55,20.55,20.55,20.55,0,38760,0
BANKNIFTY29MAY2560100CE.NFO,2025-05-13,11:48:00,2025-05-29,20.55,20.55,20.55,20.55,0,38760,0
BANKNIFTY29MAY2560100CE.NFO,2025-05-13,11:49:00,2025-05-29,20.55,20.55,20.55,20.55,0,38760,0
BANKNIFTY29MAY2560100CE.NFO,2025-05-13,11:50:00,2025-05-29,20.55,22.25,20.55,22.25,0,38760,0
BANKNIFTY29MAY2560100CE.NFO,2025-05-13,11:51:00,2025-05-29,22.25,22.25,22.25,22.25,60,38760,0
BANKNIFTY29MAY2560100CE.NFO,2025-05-13,11:52:00,2025-05-29,22.25,22.25,21.75,21.75,120,38760,0
BANKNIFTY29MAY2560100CE.NFO,2025-05-13,11:53:00,2025-05-29,21.75,21.75,21.75,21.75,0,38760,0
BANKNIFTY29MAY2560100CE.NFO,2025-05-13,11:54:00,2025-05-29,21.75,21.75,21.75,21.75,0,38760,0
BANKNIFTY29MAY2560100CE.NFO,2025-05-13,11:55:00,2025-05-29,21.75,21.75,21.75,21.75,0,38760,0
BANKNIFTY29MAY2560100CE.NFO,2025-05-13,11:56:00,2025-05-29,21.75,21.75,21.75,21.75,0,38760,0
BANKNIFTY29MAY2560100CE.NFO,2025-05-13,11:57:00,2025-05-29,21.75,21.75,20.3,20.3,30,38760,0
BANKNIFTY29MAY2560100CE.NFO,2025-05-13,11:58:00,2025-05-29,20.3,22.4,20.3,22.4,60,38730,0
BANKNIFTY29MAY2560100CE.NFO,2025-05-13,11:59:00,2025-05-29,22.4,22.4,22.4,22.4,0,38730,0
BANKNIFTY29MAY2560100CE.NFO,2025-05-13,12:00:00,2025-05-29,22.4,22.4,21.5,21.5,30,38730,0
BANKNIFTY29MAY2560100CE.NFO,2025-05-13,12:01:00,2025-05-29,21.5,21.5,21.3,21.3,30,38790,0
BANKNIFTY29MAY2560100CE.NFO,2025-05-13,12:02:00,2025-05-29,21.3,21.3,21.3,21.3,30,38790,0
BANKNIFTY29MAY2560100CE.NFO,2025-05-13,12:03:00,2025-05-29,21.3,21.3,21.25,21.25,60,38790,0
BANKNIFTY29MAY2560100CE.NFO,2025-05-13,12:04:00,2025-05-29,21.25,21.25,21.25,21.25,30,38850,0
BANKNIFTY29MAY2560100CE.NFO,2025-05-13,12:05:00,2025-05-29,21.25,21.45,21.25,21.45,60,38850,0
BANKNIFTY29MAY2560100CE.NFO,2025-05-13,12:06:00,2025-05-29,21.45,21.6,21.45,21.6,30,38850,0
BANKNIFTY29MAY2560100CE.NFO,2025-05-13,12:07:00,2025-05-29,21.6,21.6,21.5,21.6,90,38790,0
BANKNIFTY29MAY2560100CE.NFO,2025-05-13,12:08:00,2025-05-29,21.6,21.65,21.6,21.65,150,38790,0
BANKNIFTY29MAY2560100CE.NFO,2025-05-13,12:09:00,2025-05-29,21.65,21.95,21.65,21.95,30,38790,0
BANKNIFTY29MAY2560100CE.NFO,2025-05-13,12:10:00,2025-05-29,21.95,21.95,21.25,21.3,600,38670,0
BANKNIFTY29MAY2560100CE.NFO,2025-05-13,12:11:00,2025-05-29,21.3,21.65,21.2,21.65,90,38670,0
BANKNIFTY29MAY2560100CE.NFO,2025-05-13,12:12:00,2025-05-29,21.65,21.65,21.65,21.65,0,38670,0
BANKNIFTY29MAY2560100CE.NFO,2025-05-13,12:13:00,2025-05-29,21.65,21.65,21.2,21.2,0,38520,0
BANKNIFTY29MAY2560100CE.NFO,2025-05-13,12:14:00,2025-05-29,21.2,21.4,21.2,21.4,60,38520,0
BANKNIFTY29MAY2560100CE.NFO,2025-05-13,12:15:00,2025-05-29,21.4,21.4,20.8,21.15,120,38520,0
BANKNIFTY29MAY2560100CE.NFO,2025-05-13,12:16:00,2025-05-29,21.15,21.15,21.15,21.15,0,38520,0
BANKNIFTY29MAY2560100CE.NFO,2025-05-13,12:17:00,2025-05-29,21.15,21.15,21.15,21.15,0,38520,0
BANKNIFTY29MAY2560100CE.NFO,2025-05-13,12:18:00,2025-05-29,21.15,21.15,21.0,21.0,60,38430,0
BANKNIFTY29MAY2560100CE.NFO,2025-05-13,12:19:00,2025-05-29,21.0,21.15,20.9,20.9,60,38430,0
BANKNIFTY29MAY2560100CE.NFO,2025-05-13,12:20:00,2025-05-29,20.9,20.9,20.85,20.85,30,38430,0
BANKNIFTY29MAY2560100CE.NFO,2025-05-13,12:21:00,2025-05-29,20.85,20.85,20.35,20.35,30,38430,0
BANKNIFTY29MAY2560100CE.NFO,2025-05-13,12:22:00,2025-05-29,20.35,20.35,19.9,20.0,570,38460,0
BANKNIFTY29MAY2560100CE.NFO,2025-05-13,12:23:00,2025-05-29,20.0,20.0,20.0,20.0,0,38460,0
BANKNIFTY29MAY2560100CE.NFO,2025-05-13,12:24:00,2025-05-29,20.0,20.45,19.95,20.2,1710,38460,0
BANKNIFTY29MAY2560100CE.NFO,2025-05-13,12:25:00,2025-05-29,20.2,20.75,20.1,20.4,720,39060,0
BANKNIFTY29MAY2560100CE.NFO,2025-05-13,12:26:00,2025-05-29,20.4,20.4,20.25,20.4,60,39060,0
BANKNIFTY29MAY2560100CE.NFO,2025-05-13,12:27:00,2025-05-29,20.4,20.55,20.4,20.45,480,39060,0
BANKNIFTY29MAY2560100CE.NFO,2025-05-13,12:28:00,2025-05-29,20.45,20.45,20.45,20.45,0,39060,0
BANKNIFTY29MAY2560100CE.NFO,2025-05-13,12:29:00,2025-05-29,20.45,20.45,20.45,20.45,60,39540,0
BANKNIFTY29MAY2560100CE.NFO,2025-05-13,12:30:00,2025-05-29,20.45,20.45,20.45,20.45,0,39540,0
BANKNIFTY29MAY2560100CE.NFO,2025-05-13,12:31:00,2025-05-29,20.45,20.45,20.45,20.45,0,39540,0
BANKNIFTY29MAY2560100CE.NFO,2025-05-13,12:32:00,2025-05-29,20.45,21.35,20.4,20.6,330,39510,0
BANKNIFTY29MAY2560100CE.NFO,2025-05-13,12:33:00,2025-05-29,20.6,20.6,20.4,20.4,90,39510,0
BANKNIFTY29MAY2560100CE.NFO,2025-05-13,12:34:00,2025-05-29,20.4,20.4,20.4,20.4,0,39510,0
BANKNIFTY29MAY2560100CE.NFO,2025-05-13,12:35:00,2025-05-29,20.4,20.4,20.1,20.1,180,39330,0
BANKNIFTY29MAY2560100CE.NFO,2025-05-13,12:36:00,2025-05-29,20.1,20.1,19.9,20.1,120,39330,0
BANKNIFTY29MAY2560100CE.NFO,2025-05-13,12:37:00,2025-05-29,20.1,20.1,20.1,20.1,0,39330,0
BANKNIFTY29MAY2560100CE.NFO,2025-05-13,12:38:00,2025-05-29,20.1,20.4,20.1,20.15,0,39060,0
BANKNIFTY29MAY2560100CE.NFO,2025-05-13,12:39:00,2025-05-29,20.15,20.15,20.15,20.15,360,39060,0
BANKNIFTY29MAY2560100CE.NFO,2025-05-13,12:40:00,2025-05-29,20.15,20.25,20.15,20.25,60,38880,0
BANKNIFTY29MAY2560100CE.NFO,2025-05-13,12:41:00,2025-05-29,20.25,20.75,20.25,20.5,90,38880,0
BANKNIFTY29MAY2560100CE.NFO,2025-05-13,12:42:00,2025-05-29,20.5,20.5,20.1,20.2,240,38880,0
BANKNIFTY29MAY2560100CE.NFO,2025-05-13,12:43:00,2025-05-29,20.2,20.4,20.2,20.4,30,38760,0
BANKNIFTY29MAY2560100CE.NFO,2025-05-13,12:44:00,2025-05-29,20.4,20.4,20.1,20.1,210,38760,0
BANKNIFTY29MAY2560100CE.NFO,2025-05-13,12:45:00,2025-05-29,20.1,20.55,20.1,20.55,570,38760,0
BANKNIFTY29MAY2560100CE.NFO,2025-05-13,12:46:00,2025-05-29,20.55,20.85,20.55,20.75,300,38730,0
BANKNIFTY29MAY2560100CE.NFO,2025-05-13,12:47:00,2025-05-29,20.75,20.8,20.65,20.8,0,38730,0
BANKNIFTY29MAY2560100CE.NFO,2025-05-13,12:48:00,2025-05-29,20.8,20.8,20.55,20.55,150,38730,0
BANKNIFTY29MAY2560100CE.NFO,2025-05-13,12:49:00,2025-05-29,20.55,20.55,20.55,20.55,30,38700,0
BANKNIFTY29MAY2560100CE.NFO,2025-05-13,12:50:00,2025-05-29,20.55,20.55,20.55,20.55,30,38700,0
BANKNIFTY29MAY2560100CE.NFO,2025-05-13,12:51:00,2025-05-29,20.55,20.55,20.55,20.55,30,38700,0
BANKNIFTY29MAY2560100CE.NFO,2025-05-13,12:52:00,2025-05-29,20.55,20.55,20.4,20.4,60,38730,0
BANKNIFTY29MAY2560100CE.NFO,2025-05-13,12:53:00,2025-05-29,20.4,20.4,20.4,20.4,0,38730,0
BANKNIFTY29MAY2560100CE.NFO,2025-05-13,12:54:00,2025-05-29,20.4,20.4,20.4,20.4,0,38730,0
BANKNIFTY29MAY2560100CE.NFO,2025-05-13,12:55:00,2025-05-29,20.4,20.4,20.4,20.4,0,38730,0
BANKNIFTY29MAY2560100CE.NFO,2025-05-13,12:56:00,2025-05-29,20.4,20.4,20.4,20.4,0,38730,0
BANKNIFTY29MAY2560100CE.NFO,2025-05-13,12:57:00,2025-05-29,20.4,20.4,20.4,20.4,0,38730,0
BANKNIFTY29MAY2560100CE.NFO,2025-05-13,12:58:00,2025-05-29,20.4,20.4,20.4,20.4,0,38730,0
BANKNIFTY29MAY2560100CE.NFO,2025-05-13,12:59:00,2025-05-29,20.4,20.4,20.4,20.4,0,38730,0
BANKNIFTY29MAY2560100CE.NFO,2025-05-13,13:00:00,2025-05-29,20.4,20.4,20.4,20.4,0,38730,0
BANKNIFTY29MAY2560100CE.NFO,2025-05-13,13:01:00,2025-05-29,20.4,20.4,20.4,20.4,0,38730,0
BANKNIFTY29MAY2560100CE.NFO,2025-05-13,13:02:00,2025-05-29,20.4,20.4,20.4,20.4,0,38730,0
BANKNIFTY29MAY2560100CE.NFO,2025-05-13,13:03:00,2025-05-29,20.4,20.4,20.4,20.4,0,38730,0
BANKNIFTY29MAY2560100CE.NFO,2025-05-13,13:04:00,2025-05-29,20.4,20.4,20.4,20.4,0,38730,0
BANKNIFTY29MAY2560100CE.NFO,2025-05-13,13:05:00,2025-05-29,20.4,23.2,20.4,21.3,2280,38730,0
BANKNIFTY29MAY2560100CE.NFO,2025-05-13,13:06:00,2025-05-29,21.3,21.45,21.3,21.45,600,38730,0
BANKNIFTY29MAY2560100CE.NFO,2025-05-13,13:07:00,2025-05-29,21.45,21.45,21.45,21.45,0,38730,0
BANKNIFTY29MAY2560100CE.NFO,2025-05-13,13:08:00,2025-05-29,21.45,21.45,20.65,20.65,60,38760,0
BANKNIFTY29MAY2560100CE.NFO,2025-05-13,13:09:00,2025-05-29,20.65,20.65,20.65,20.65,0,38760,0
BANKNIFTY29MAY2560100CE.NFO,2025-05-13,13:10:00,2025-05-29,20.65,20.65,20.65,20.65,0,38760,0
BANKNIFTY29MAY2560100CE.NFO,2025-05-13,13:11:00,2025-05-29,20.65,20.65,19.0,19.9,1200,38760,0
BANKNIFTY29MAY2560100CE.NFO,2025-05-13,13:12:00,2025-05-29,19.9,19.9,19.9,19.9,630,38760,0
BANKNIFTY29MAY2560100CE.NFO,2025-05-13,13:13:00,2025-05-29,19.9,21.25,19.9,20.6,690,37800,0
BANKNIFTY29MAY2560100CE.NFO,2025-05-13,13:14:00,2025-05-29,20.6,20.85,20.6,20.85,30,37800,0
BANKNIFTY29MAY2560100CE.NFO,2025-05-13,13:15:00,2025-05-29,20.85,21.6,20.75,21.6,450,37800,0
BANKNIFTY29MAY2560100CE.NFO,2025-05-13,13:16:00,2025-05-29,21.6,21.85,21.1,21.1,3750,36870,0
BANKNIFTY29MAY2560100CE.NFO,2025-05-13,13:17:00,2025-05-29,21.1,21.1,20.85,20.85,30,36870,0
BANKNIFTY29MAY2560100CE.NFO,2025-05-13,13:18:00,2025-05-29,20.85,20.85,20.85,20.85,0,36870,0
BANKNIFTY29MAY2560100CE.NFO,2025-05-13,13:19:00,2025-05-29,20.85,20.85,20.85,20.85,0,36870,0
BANKNIFTY29MAY2560100CE.NFO,2025-05-13,13:20:00,2025-05-29,20.85,20.85,20.85,20.85,0,36870,0
BANKNIFTY29MAY2560100CE.NFO,2025-05-13,13:21:00,2025-05-29,20.85,20.85,20.85,20.85,0,36870,0
BANKNIFTY29MAY2560100CE.NFO,2025-05-13,13:22:00,2025-05-29,20.85,20.85,20.85,20.85,0,36870,0
BANKNIFTY29MAY2560100CE.NFO,2025-05-13,13:23:00,2025-05-29,20.85,20.85,20.85,20.85,0,36870,0
BANKNIFTY29MAY2560100CE.NFO,2025-05-13,13:24:00,2025-05-29,20.85,20.85,20.85,20.85,0,36870,0
BANKNIFTY29MAY2560100CE.NFO,2025-05-13,13:25:00,2025-05-29,20.85,20.85,20.85,20.85,0,36870,0
BANKNIFTY29MAY2560100CE.NFO,2025-05-13,13:26:00,2025-05-29,20.85,20.85,20.85,20.85,0,36870,0
BANKNIFTY29MAY2560100CE.NFO,2025-05-13,13:27:00,2025-05-29,20.85,20.85,20.85,20.85,0,36870,0
BANKNIFTY29MAY2560100CE.NFO,2025-05-13,13:28:00,2025-05-29,20.85,20.85,20.85,20.85,0,36870,0
BANKNIFTY29MAY2560100CE.NFO,2025-05-13,13:29:00,2025-05-29,20.85,20.85,20.85,20.85,0,36870,0
BANKNIFTY29MAY2560100CE.NFO,2025-05-13,13:30:00,2025-05-29,19.85,19.85,19.85,19.85,90,36900,0
BANKNIFTY29MAY2560100CE.NFO,2025-05-13,13:31:00,2025-05-29,19.85,20.2,19.85,20.2,0,36840,0
BANKNIFTY29MAY2560100CE.NFO,2025-05-13,13:32:00,2025-05-29,20.2,20.2,20.2,20.2,60,36840,0
BANKNIFTY29MAY2560100CE.NFO,2025-05-13,13:33:00,2025-05-29,20.2,20.2,20.2,20.2,0,36840,0
BANKNIFTY29MAY2560100CE.NFO,2025-05-13,13:34:00,2025-05-29,20.2,20.2,20.2,20.2,0,36840,0
BANKNIFTY29MAY2560100CE.NFO,2025-05-13,13:35:00,2025-05-29,20.2,20.2,20.2,20.2,0,36840,0
BANKNIFTY29MAY2560100CE.NFO,2025-05-13,13:36:00,2025-05-29,20.2,20.2,20.2,20.2,0,36840,0
BANKNIFTY29MAY2560100CE.NFO,2025-05-13,13:37:00,2025-05-29,20.2,20.2,18.55,18.55,0,36780,0
BANKNIFTY29MAY2560100CE.NFO,2025-05-13,13:38:00,2025-05-29,18.55,18.55,18.55,18.55,30,36780,0
BANKNIFTY29MAY2560100CE.NFO,2025-05-13,13:39:00,2025-05-29,18.55,18.55,18.55,18.55,0,36780,0
BANKNIFTY29MAY2560100CE.NFO,2025-05-13,13:40:00,2025-05-29,18.55,18.55,18.55,18.55,0,36780,0
BANKNIFTY29MAY2560100CE.NFO,2025-05-13,13:41:00,2025-05-29,18.55,20.8,18.55,20.8,30,36750,0
BANKNIFTY29MAY2560100CE.NFO,2025-05-13,13:42:00,2025-05-29,20.8,20.8,20.8,20.8,0,36750,0
BANKNIFTY29MAY2560100CE.NFO,2025-05-13,13:43:00,2025-05-29,20.8,20.8,20.55,20.55,30,36780,0
BANKNIFTY29MAY2560100CE.NFO,2025-05-13,13:44:00,2025-05-29,20.55,20.55,20.35,20.35,60,36780,0
BANKNIFTY29MAY2560100CE.NFO,2025-05-13,13:45:00,2025-05-29,20.35,20.35,20.35,20.35,0,36780,0
BANKNIFTY29MAY2560100CE.NFO,2025-05-13,13:46:00,2025-05-29,20.35,20.35,20.35,20.35,0,36780,0
BANKNIFTY29MAY2560100CE.NFO,2025-05-13,13:47:00,2025-05-29,20.35,20.35,20.35,20.35,0,36780,0
BANKNIFTY29MAY2560100CE.NFO,2025-05-13,13:48:00,2025-05-29,20.35,20.35,20.35,20.35,0,36780,0
BANKNIFTY29MAY2560100CE.NFO,2025-05-13,13:49:00,2025-05-29,20.35,20.75,20.35,20.75,30,36690,0
BANKNIFTY29MAY2560100CE.NFO,2025-05-13,13:50:00,2025-05-29,20.75,20.75,20.75,20.75,0,36690,0
BANKNIFTY29MAY2560100CE.NFO,2025-05-13,13:51:00,2025-05-29,20.75,20.75,20.75,20.75,0,36690,0
BANKNIFTY29MAY2560100CE.NFO,2025-05-13,13:52:00,2025-05-29,20.75,20.75,20.75,20.75,0,36690,0
BANKNIFTY29MAY2560100CE.NFO,2025-05-13,13:53:00,2025-05-29,20.75,20.75,20.75,20.75,0,36690,0
BANKNIFTY29MAY2560100CE.NFO,2025-05-13,13:54:00,2025-05-29,20.75,20.75,20.75,20.75,0,36690,0
BANKNIFTY29MAY2560100CE.NFO,2025-05-13,13:55:00,2025-05-29,20.75,20.75,20.75,20.75,0,36690,0
BANKNIFTY29MAY2560100CE.NFO,2025-05-13,13:56:00,2025-05-29,20.75,20.75,20.75,20.75,0,36690,0
BANKNIFTY29MAY2560100CE.NFO,2025-05-13,13:57:00,2025-05-29,20.75,20.75,20.75,20.75,0,36690,0
BANKNIFTY29MAY2560100CE.NFO,2025-05-13,13:58:00,2025-05-29,20.75,20.75,20.75,20.75,0,36690,0
BANKNIFTY29MAY2560100CE.NFO,2025-05-13,13:59:00,2025-05-29,20.75,20.75,20.75,20.75,0,36690,0
BANKNIFTY29MAY2560100CE.NFO,2025-05-13,14:00:00,2025-05-29,20.75,20.75,18.55,19.9,90,36660,0
BANKNIFTY29MAY2560100CE.NFO,2025-05-13,14:01:00,2025-05-29,19.9,19.9,19.9,19.9,0,36660,0
BANKNIFTY29MAY2560100CE.NFO,2025-05-13,14:02:00,2025-05-29,19.75,19.75,19.75,19.75,30,36690,0
BANKNIFTY29MAY2560100CE.NFO,2025-05-13,14:03:00,2025-05-29,19.75,20.35,19.7,20.35,0,36690,0
BANKNIFTY29MAY2560100CE.NFO,2025-05-13,14:04:00,2025-05-29,20.35,20.35,20.35,20.35,1200,36690,0
BANKNIFTY29MAY2560100CE.NFO,2025-05-13,14:05:00,2025-05-29,20.35,20.35,20.35,20.35,0,36690,0
BANKNIFTY29MAY2560100CE.NFO,2025-05-13,14:06:00,2025-05-29,20.35,20.35,20.35,20.35,0,36690,0
BANKNIFTY29MAY2560100CE.NFO,2025-05-13,14:07:00,2025-05-29,20.35,20.35,20.35,20.35,0,36690,0
BANKNIFTY29MAY2560100CE.NFO,2025-05-13,14:08:00,2025-05-29,20.35,20.35,20.35,20.35,0,36690,0
BANKNIFTY29MAY2560100CE.NFO,2025-05-13,14:09:00,2025-05-29,20.2,20.3,20.2,20.3,300,36690,0
BANKNIFTY29MAY2560100CE.NFO,2025-05-13,14:10:00,2025-05-29,20.3,20.3,20.3,20.3,0,36690,0
BANKNIFTY29MAY2560100CE.NFO,2025-05-13,14:11:00,2025-05-29,20.3,20.3,20.3,20.3,0,36690,0
BANKNIFTY29MAY2560100CE.NFO,2025-05-13,14:12:00,2025-05-29,20.3,20.3,20.3,20.3,0,36690,0
BANKNIFTY29MAY2560100CE.NFO,2025-05-13,14:13:00,2025-05-29,20.3,20.3,20.3,20.3,0,36690,0
BANKNIFTY29MAY2560100CE.NFO,2025-05-13,14:14:00,2025-05-29,20.3,20.35,20.3,20.3,90,36630,0
BANKNIFTY29MAY2560100CE.NFO,2025-05-13,14:15:00,2025-05-29,20.3,20.3,20.3,20.3,0,36630,0
BANKNIFTY29MAY2560100CE.NFO,2025-05-13,14:16:00,2025-05-29,20.3,20.3,19.55,19.55,330,36660,0
BANKNIFTY29MAY2560100CE.NFO,2025-05-13,14:17:00,2025-05-29,19.55,19.85,19.55,19.85,570,36660,0
BANKNIFTY29MAY2560100CE.NFO,2025-05-13,14:18:00,2025-05-29,19.85,19.85,19.85,19.85,0,36660,0
BANKNIFTY29MAY2560100CE.NFO,2025-05-13,14:19:00,2025-05-29,19.85,19.85,19.4,19.4,30,37230,0
BANKNIFTY29MAY2560100CE.NFO,2025-05-13,14:20:00,2025-05-29,19.4,19.4,19.4,19.4,0,37230,0
BANKNIFTY29MAY2560100CE.NFO,2025-05-13,14:21:00,2025-05-29,19.4,19.4,19.4,19.4,0,37230,0
BANKNIFTY29MAY2560100CE.NFO,2025-05-13,14:22:00,2025-05-29,19.4,19.4,19.4,19.4,0,37230,0
BANKNIFTY29MAY2560100CE.NFO,2025-05-13,14:23:00,2025-05-29,19.4,20.05,19.4,20.05,60,37200,0
BANKNIFTY29MAY2560100CE.NFO,2025-05-13,14:24:00,2025-05-29,20.05,20.05,20.05,20.05,60,37200,0
BANKNIFTY29MAY2560100CE.NFO,2025-05-13,14:25:00,2025-05-29,20.05,20.05,20.05,20.05,0,37200,0
BANKNIFTY29MAY2560100CE.NFO,2025-05-13,14:26:00,2025-05-29,20.05,20.05,20.05,20.05,0,37200,0
BANKNIFTY29MAY2560100CE.NFO,2025-05-13,14:27:00,2025-05-29,20.05,20.05,20.05,20.05,0,37200,0
BANKNIFTY29MAY2560100CE.NFO,2025-05-13,14:28:00,2025-05-29,20.05,20.05,20.05,20.05,0,37200,0
BANKNIFTY29MAY2560100CE.NFO,2025-05-13,14:29:00,2025-05-29,20.05,20.05,20.05,20.05,0,37200,0
BANKNIFTY29MAY2560100CE.NFO,2025-05-13,14:30:00,2025-05-29,20.05,20.05,20.05,20.05,0,37200,0
BANKNIFTY29MAY2560100CE.NFO,2025-05-13,14:31:00,2025-05-29,20.05,20.05,20.05,20.05,0,37200,0
BANKNIFTY29MAY2560100CE.NFO,2025-05-13,14:32:00,2025-05-29,20.05,20.05,19.25,19.4,1260,37110,0
BANKNIFTY29MAY2560100CE.NFO,2025-05-13,14:33:00,2025-05-29,19.4,19.4,19.4,19.4,0,37110,0
BANKNIFTY29MAY2560100CE.NFO,2025-05-13,14:34:00,2025-05-29,19.4,19.4,19.4,19.4,0,37110,0
BANKNIFTY29MAY2560100CE.NFO,2025-05-13,14:35:00,2025-05-29,19.4,19.4,19.4,19.4,0,37110,0
BANKNIFTY29MAY2560100CE.NFO,2025-05-13,14:36:00,2025-05-29,19.4,19.4,19.4,19.4,0,37110,0
BANKNIFTY29MAY2560100CE.NFO,2025-05-13,14:37:00,2025-05-29,19.4,19.4,19.4,19.4,0,37110,0
BANKNIFTY29MAY2560100CE.NFO,2025-05-13,14:38:00,2025-05-29,19.4,19.4,19.4,19.4,0,37110,0
BANKNIFTY29MAY2560100CE.NFO,2025-05-13,14:39:00,2025-05-29,19.4,21.95,19.4,21.95,60,37770,0
BANKNIFTY29MAY2560100CE.NFO,2025-05-13,14:40:00,2025-05-29,21.95,21.95,19.7,19.7,30,37770,0
BANKNIFTY29MAY2560100CE.NFO,2025-05-13,14:41:00,2025-05-29,19.7,19.8,19.7,19.8,210,37800,0
BANKNIFTY29MAY2560100CE.NFO,2025-05-13,14:42:00,2025-05-29,19.8,19.85,19.8,19.85,0,37800,0
BANKNIFTY29MAY2560100CE.NFO,2025-05-13,14:43:00,2025-05-29,19.85,19.95,19.45,19.95,1530,37800,0
BANKNIFTY29MAY2560100CE.NFO,2025-05-13,14:44:00,2025-05-29,19.95,19.95,19.95,19.95,0,37800,0
BANKNIFTY29MAY2560100CE.NFO,2025-05-13,14:45:00,2025-05-29,19.95,19.95,19.95,19.95,0,37800,0
BANKNIFTY29MAY2560100CE.NFO,2025-05-13,14:46:00,2025-05-29,19.95,19.95,19.95,19.95,0,37800,0
BANKNIFTY29MAY2560100CE.NFO,2025-05-13,14:47:00,2025-05-29,19.95,22.75,19.95,20.5,1740,37890,0
BANKNIFTY29MAY2560100CE.NFO,2025-05-13,14:48:00,2025-05-29,20.5,20.55,19.75,20.55,810,37890,0
BANKNIFTY29MAY2560100CE.NFO,2025-05-13,14:49:00,2025-05-29,20.55,20.55,20.4,20.4,120,37740,0
BANKNIFTY29MAY2560100CE.NFO,2025-05-13,14:50:00,2025-05-29,20.4,20.95,20.35,20.35,420,37740,0
BANKNIFTY29MAY2560100CE.NFO,2025-05-13,14:51:00,2025-05-29,20.35,21.15,20.35,20.95,1560,37740,0
BANKNIFTY29MAY2560100CE.NFO,2025-05-13,14:52:00,2025-05-29,20.95,21.35,20.95,21.25,120,38160,0
BANKNIFTY29MAY2560100CE.NFO,2025-05-13,14:53:00,2025-05-29,21.25,21.65,21.1,21.65,120,38160,0
BANKNIFTY29MAY2560100CE.NFO,2025-05-13,14:54:00,2025-05-29,21.65,21.65,21.65,21.65,0,38160,0
BANKNIFTY29MAY2560100CE.NFO,2025-05-13,14:55:00,2025-05-29,21.65,21.65,21.65,21.65,0,38160,0
BANKNIFTY29MAY2560100CE.NFO,2025-05-13,14:56:00,2025-05-29,21.65,21.65,19.8,20.9,960,38130,0
BANKNIFTY29MAY2560100CE.NFO,2025-05-13,14:57:00,2025-05-29,20.9,20.9,20.3,20.4,420,38130,0
BANKNIFTY29MAY2560100CE.NFO,2025-05-13,14:58:00,2025-05-29,20.4,20.55,20.3,20.3,330,37950,0
BANKNIFTY29MAY2560100CE.NFO,2025-05-13,14:59:00,2025-05-29,20.3,20.4,20.3,20.35,2700,37950,0
BANKNIFTY29MAY2560100CE.NFO,2025-05-13,15:00:00,2025-05-29,20.35,20.35,19.4,19.45,750,37950,0
BANKNIFTY29MAY2560100CE.NFO,2025-05-13,15:01:00,2025-05-29,19.45,19.45,19.1,19.25,510,37770,0
BANKNIFTY29MAY2560100CE.NFO,2025-05-13,15:02:00,2025-05-29,19.25,19.8,19.25,19.8,330,37770,0
BANKNIFTY29MAY2560100CE.NFO,2025-05-13,15:03:00,2025-05-29,19.8,19.85,19.6,19.6,90,37770,0
BANKNIFTY29MAY2560100CE.NFO,2025-05-13,15:04:00,2025-05-29,19.6,19.6,18.65,18.65,750,37560,0
BANKNIFTY29MAY2560100CE.NFO,2025-05-13,15:05:00,2025-05-29,18.65,18.75,18.4,18.75,210,37560,0
BANKNIFTY29MAY2560100CE.NFO,2025-05-13,15:06:00,2025-05-29,18.75,18.75,18.75,18.75,0,37560,0
BANKNIFTY29MAY2560100CE.NFO,2025-05-13,15:07:00,2025-05-29,18.75,19.4,18.75,19.4,30,37560,0
BANKNIFTY29MAY2560100CE.NFO,2025-05-13,15:08:00,2025-05-29,19.4,20.2,18.6,19.35,150,37080,0
BANKNIFTY29MAY2560100CE.NFO,2025-05-13,15:09:00,2025-05-29,19.35,19.35,19.35,19.35,0,37080,0
BANKNIFTY29MAY2560100CE.NFO,2025-05-13,15:10:00,2025-05-29,19.35,19.55,19.35,19.55,0,37080,0
BANKNIFTY29MAY2560100CE.NFO,2025-05-13,15:11:00,2025-05-29,19.55,19.55,19.55,19.55,0,37080,0
BANKNIFTY29MAY2560100CE.NFO,2025-05-13,15:12:00,2025-05-29,19.55,19.55,19.5,19.5,60,37080,0
BANKNIFTY29MAY2560100CE.NFO,2025-05-13,15:13:00,2025-05-29,19.5,19.8,19.5,19.8,750,37050,0
BANKNIFTY29MAY2560100CE.NFO,2025-05-13,15:14:00,2025-05-29,19.8,19.8,19.55,19.55,60,37050,0
BANKNIFTY29MAY2560100CE.NFO,2025-05-13,15:15:00,2025-05-29,19.55,19.55,19.55,19.55,0,37050,0
BANKNIFTY29MAY2560100CE.NFO,2025-05-13,15:16:00,2025-05-29,19.55,19.55,19.5,19.5,0,36660,0
BANKNIFTY29MAY2560100CE.NFO,2025-05-13,15:17:00,2025-05-29,19.5,19.55,19.5,19.55,540,36660,0
BANKNIFTY29MAY2560100CE.NFO,2025-05-13,15:18:00,2025-05-29,19.55,19.55,19.55,19.55,0,36660,0
BANKNIFTY29MAY2560100CE.NFO,2025-05-13,15:19:00,2025-05-29,19.55,19.7,19.55,19.7,0,36540,0
BANKNIFTY29MAY2560100CE.NFO,2025-05-13,15:20:00,2025-05-29,19.7,19.7,19.7,19.7,30,36540,0
BANKNIFTY29MAY2560100CE.NFO,2025-05-13,15:21:00,2025-05-29,19.7,19.7,18.75,19.15,600,36540,0
BANKNIFTY29MAY2560100CE.NFO,2025-05-13,15:22:00,2025-05-29,18.75,18.75,18.25,18.6,360,36510,0
BANKNIFTY29MAY2560100CE.NFO,2025-05-13,15:23:00,2025-05-29,18.6,18.6,18.15,18.5,180,36510,0
BANKNIFTY29MAY2560100CE.NFO,2025-05-13,15:24:00,2025-05-29,18.5,18.6,18.5,18.6,30,36510,0
BANKNIFTY29MAY2560100CE.NFO,2025-05-13,15:25:00,2025-05-29,18.6,19.05,18.6,19.05,540,36060,0
BANKNIFTY29MAY2560100CE.NFO,2025-05-13,15:26:00,2025-05-29,19.05,19.05,18.0,18.6,390,36060,0
BANKNIFTY29MAY2560100CE.NFO,2025-05-13,15:27:00,2025-05-29,18.6,18.6,18.6,18.6,0,36060,0
BANKNIFTY29MAY2560100CE.NFO,2025-05-13,15:28:00,2025-05-29,18.6,18.6,17.65,18.35,420,36060,0
BANKNIFTY29MAY2560100CE.NFO,2025-05-13,15:29:00,2025-05-29,18.35,18.85,18.35,18.85,180,35820,0
BANKNIFTY29MAY2560100CE.NFO,2025-05-13,15:30:00,2025-05-29,18.85,18.85,18.85,18.85,180,35820,1
BANKNIFTY29MAY2560100CE.NFO,2025-05-14,09:15:00,2025-05-29,18.85,19.15,18.85,19.0,270,35790,0
BANKNIFTY29MAY2560100CE.NFO,2025-05-14,09:16:00,2025-05-29,19.05,19.65,17.3,18.25,2970,35820,0
BANKNIFTY29MAY2560100CE.NFO,2025-05-14,09:17:00,2025-05-29,18.25,18.45,16.8,17.6,300,35820,0
BANKNIFTY29MAY2560100CE.NFO,2025-05-14,09:18:00,2025-05-29,17.6,17.6,12.55,17.0,1530,36780,0
BANKNIFTY29MAY2560100CE.NFO,2025-05-14,09:19:00,2025-05-29,17.0,18.5,17.0,18.05,300,36780,0
BANKNIFTY29MAY2560100CE.NFO,2025-05-14,09:20:00,2025-05-29,18.05,18.5,17.45,17.8,150,36780,0
BANKNIFTY29MAY2560100CE.NFO,2025-05-14,09:21:00,2025-05-29,17.8,18.2,17.8,18.15,450,36780,0
BANKNIFTY29MAY2560100CE.NFO,2025-05-14,09:22:00,2025-05-29,18.15,19.3,17.85,18.0,150,36570,0
BANKNIFTY29MAY2560100CE.NFO,2025-05-14,09:23:00,2025-05-29,18.0,19.75,18.0,19.75,1470,36570,0
BANKNIFTY29MAY2560100CE.NFO,2025-05-14,09:24:00,2025-05-29,19.75,19.75,19.4,19.4,60,36570,0
BANKNIFTY29MAY2560100CE.NFO,2025-05-14,09:25:00,2025-05-29,19.4,21.1,19.25,20.5,510,36540,0
BANKNIFTY29MAY2560100CE.NFO,2025-05-14,09:26:00,2025-05-29,20.5,21.0,20.5,20.55,90,36540,0
BANKNIFTY29MAY2560100CE.NFO,2025-05-14,09:27:00,2025-05-29,20.55,20.7,19.65,19.65,510,36570,0
BANKNIFTY29MAY2560100CE.NFO,2025-05-14,09:28:00,2025-05-29,19.65,20.7,19.65,20.7,150,36570,0
BANKNIFTY29MAY2560100CE.NFO,2025-05-14,09:29:00,2025-05-29,20.7,20.75,19.5,19.65,660,36570,0
BANKNIFTY29MAY2560100CE.NFO,2025-05-14,09:30:00,2025-05-29,19.65,19.65,18.9,18.9,510,36570,0
BANKNIFTY29MAY2560100CE.NFO,2025-05-14,09:31:00,2025-05-29,18.9,18.9,17.3,18.0,60,36660,0
BANKNIFTY29MAY2560100CE.NFO,2025-05-14,09:32:00,2025-05-29,18.0,18.0,17.65,17.65,30,36660,0
BANKNIFTY29MAY2560100CE.NFO,2025-05-14,09:33:00,2025-05-29,17.65,17.65,17.65,17.65,0,36660,0
BANKNIFTY29MAY2560100CE.NFO,2025-05-14,09:34:00,2025-05-29,17.65,17.65,16.6,16.8,270,36630,0
BANKNIFTY29MAY2560100CE.NFO,2025-05-14,09:35:00,2025-05-29,16.8,17.25,16.55,17.25,60,36630,0
BANKNIFTY29MAY2560100CE.NFO,2025-05-14,09:36:00,2025-05-29,17.25,17.65,16.45,16.7,390,36630,0
BANKNIFTY29MAY2560100CE.NFO,2025-05-14,09:37:00,2025-05-29,16.7,17.4,16.7,17.25,90,36690,0
BANKNIFTY29MAY2560100CE.NFO,2025-05-14,09:38:00,2025-05-29,17.25,17.45,16.6,16.6,180,36690,0
BANKNIFTY29MAY2560100CE.NFO,2025-05-14,09:39:00,2025-05-29,16.6,17.2,16.6,17.15,60,36690,0
BANKNIFTY29MAY2560100CE.NFO,2025-05-14,09:40:00,2025-05-29,17.15,17.3,17.0,17.0,270,36810,0
BANKNIFTY29MAY2560100CE.NFO,2025-05-14,09:41:00,2025-05-29,17.0,17.4,17.0,17.4,870,36810,0
BANKNIFTY29MAY2560100CE.NFO,2025-05-14,09:42:00,2025-05-29,17.4,17.7,16.75,17.7,180,37860,0
BANKNIFTY29MAY2560100CE.NFO,2025-05-14,09:43:00,2025-05-29,17.7,17.7,16.8,17.55,180,37860,0
BANKNIFTY29MAY2560100CE.NFO,2025-05-14,09:44:00,2025-05-29,17.55,17.55,17.55,17.55,0,37860,0
BANKNIFTY29MAY2560100CE.NFO,2025-05-14,09:45:00,2025-05-29,17.55,17.55,16.85,16.85,720,38310,0
BANKNIFTY29MAY2560100CE.NFO,2025-05-14,09:46:00,2025-05-29,16.85,16.85,16.4,16.4,30,38310,0
BANKNIFTY29MAY2560100CE.NFO,2025-05-14,09:47:00,2025-05-29,16.4,16.4,16.4,16.4,0,38310,0
BANKNIFTY29MAY2560100CE.NFO,2025-05-14,09:48:00,2025-05-29,16.4,17.0,16.4,17.0,90,38310,0
BANKNIFTY29MAY2560100CE.NFO,2025-05-14,09:49:00,2025-05-29,17.0,17.25,16.9,16.9,180,38340,0
BANKNIFTY29MAY2560100CE.NFO,2025-05-14,09:50:00,2025-05-29,16.9,17.0,16.75,16.75,570,38340,0
BANKNIFTY29MAY2560100CE.NFO,2025-05-14,09:51:00,2025-05-29,16.75,16.75,15.8,15.8,960,38280,0
BANKNIFTY29MAY2560100CE.NFO,2025-05-14,09:52:00,2025-05-29,15.8,15.8,15.5,15.5,120,38280,0
BANKNIFTY29MAY2560100CE.NFO,2025-05-14,09:53:00,2025-05-29,15.5,15.6,15.5,15.6,30,38280,0
BANKNIFTY29MAY2560100CE.NFO,2025-05-14,09:54:00,2025-05-29,15.6,16.35,15.6,16.35,60,38280,0
BANKNIFTY29MAY2560100CE.NFO,2025-05-14,09:55:00,2025-05-29,16.35,16.4,16.35,16.4,90,38190,0
BANKNIFTY29MAY2560100CE.NFO,2025-05-14,09:56:00,2025-05-29,16.4,16.4,15.8,15.8,60,38190,0
BANKNIFTY29MAY2560100CE.NFO,2025-05-14,09:57:00,2025-05-29,15.8,16.1,15.8,15.85,180,38370,0
BANKNIFTY29MAY2560100CE.NFO,2025-05-14,09:58:00,2025-05-29,15.85,16.65,15.85,16.6,1290,38370,0
BANKNIFTY29MAY2560100CE.NFO,2025-05-14,09:59:00,2025-05-29,16.6,16.6,16.15,16.45,270,38370,0
BANKNIFTY29MAY2560100CE.NFO,2025-05-14,10:00:00,2025-05-29,16.45,16.45,16.2,16.2,390,38370,0
BANKNIFTY29MAY2560100CE.NFO,2025-05-14,10:01:00,2025-05-29,16.2,16.4,16.2,16.25,60,39930,0
BANKNIFTY29MAY2560100CE.NFO,2025-05-14,10:02:00,2025-05-29,16.25,16.25,16.25,16.25,30,39930,0
BANKNIFTY29MAY2560100CE.NFO,2025-05-14,10:03:00,2025-05-29,16.25,16.25,15.6,15.8,1260,39060,0
BANKNIFTY29MAY2560100CE.NFO,2025-05-14,10:04:00,2025-05-29,15.8,16.05,15.8,15.95,360,39060,0
BANKNIFTY29MAY2560100CE.NFO,2025-05-14,10:05:00,2025-05-29,15.95,15.95,15.7,15.8,720,39060,0
BANKNIFTY29MAY2560100CE.NFO,2025-05-14,10:06:00,2025-05-29,15.8,15.8,15.65,15.65,60,39510,0
BANKNIFTY29MAY2560100CE.NFO,2025-05-14,10:07:00,2025-05-29,15.65,16.05,15.65,16.05,930,39510,0
BANKNIFTY29MAY2560100CE.NFO,2025-05-14,10:08:00,2025-05-29,16.05,16.05,15.6,15.6,390,39510,0
BANKNIFTY29MAY2560100CE.NFO,2025-05-14,10:09:00,2025-05-29,15.6,15.6,15.55,15.55,30,39510,0
BANKNIFTY29MAY2560100CE.NFO,2025-05-14,10:10:00,2025-05-29,15.55,16.25,15.55,16.15,210,39540,0
BANKNIFTY29MAY2560100CE.NFO,2025-05-14,10:11:00,2025-05-29,16.15,16.4,16.15,16.15,540,39540,0
BANKNIFTY29MAY2560100CE.NFO,2025-05-14,10:12:00,2025-05-29,16.15,16.15,16.15,16.15,0,39540,0
BANKNIFTY29MAY2560100CE.NFO,2025-05-14,10:13:00,2025-05-29,16.15,16.55,16.15,16.55,0,39450,0
BANKNIFTY29MAY2560100CE.NFO,2025-05-14,10:14:00,2025-05-29,16.35,16.4,16.2,16.25,510,39450,0
BANKNIFTY29MAY2560100CE.NFO,2025-05-14,10:15:00,2025-05-29,16.25,16.75,16.25,16.75,30,39450,0
BANKNIFTY29MAY2560100CE.NFO,2025-05-14,10:16:00,2025-05-29,16.75,16.75,16.0,16.0,420,39540,0
BANKNIFTY29MAY2560100CE.NFO,2025-05-14,10:17:00,2025-05-29,16.0,16.0,15.95,15.95,60,39540,0
BANKNIFTY29MAY2560100CE.NFO,2025-05-14,10:18:00,2025-05-29,15.95,15.95,15.8,15.85,60,39540,0
BANKNIFTY29MAY2560100CE.NFO,2025-05-14,10:19:00,2025-05-29,15.85,16.15,15.85,16.15,30,39510,0
BANKNIFTY29MAY2560100CE.NFO,2025-05-14,10:20:00,2025-05-29,16.15,16.2,16.1,16.1,120,39510,0
BANKNIFTY29MAY2560100CE.NFO,2025-05-14,10:21:00,2025-05-29,16.1,16.1,16.1,16.1,0,39510,0
BANKNIFTY29MAY2560100CE.NFO,2025-05-14,10:22:00,2025-05-29,16.1,16.1,16.1,16.1,0,39480,0
BANKNIFTY29MAY2560100CE.NFO,2025-05-14,10:23:00,2025-05-29,16.1,16.1,16.1,16.1,660,39480,0
BANKNIFTY29MAY2560100CE.NFO,2025-05-14,10:24:00,2025-05-29,16.1,16.55,16.1,16.25,180,39480,0
BANKNIFTY29MAY2560100CE.NFO,2025-05-14,10:25:00,2025-05-29,16.25,16.25,16.25,16.25,420,39420,0
BANKNIFTY29MAY2560100CE.NFO,2025-05-14,10:26:00,2025-05-29,16.25,16.25,15.95,15.95,270,39420,0
BANKNIFTY29MAY2560100CE.NFO,2025-05-14,10:27:00,2025-05-29,15.95,15.95,15.2,15.2,300,39960,0
BANKNIFTY29MAY2560100CE.NFO,2025-05-14,10:28:00,2025-05-29,15.2,16.1,15.2,16.05,330,39960,0
BANKNIFTY29MAY2560100CE.NFO,2025-05-14,10:29:00,2025-05-29,16.05,16.05,16.05,16.05,0,39960,0
BANKNIFTY29MAY2560100CE.NFO,2025-05-14,10:30:00,2025-05-29,16.05,16.05,15.65,15.65,180,39960,0
BANKNIFTY29MAY2560100CE.NFO,2025-05-14,10:31:00,2025-05-29,15.65,15.65,15.65,15.65,0,39960,0
BANKNIFTY29MAY2560100CE.NFO,2025-05-14,10:32:00,2025-05-29,15.65,15.75,15.35,15.4,240,39690,0
BANKNIFTY29MAY2560100CE.NFO,2025-05-14,10:33:00,2025-05-29,15.4,15.4,15.4,15.4,0,39690,0
BANKNIFTY29MAY2560100CE.NFO,2025-05-14,10:34:00,2025-05-29,15.45,15.45,15.45,15.45,30,39660,0
BANKNIFTY29MAY2560100CE.NFO,2025-05-14,10:35:00,2025-05-29,15.45,15.45,15.45,15.45,0,39660,0
BANKNIFTY29MAY2560100CE.NFO,2025-05-14,10:36:00,2025-05-29,15.45,15.45,15.45,15.45,0,39660,0
BANKNIFTY29MAY2560100CE.NFO,2025-05-14,10:37:00,2025-05-29,15.45,15.45,15.45,15.45,0,39660,0
BANKNIFTY29MAY2560100CE.NFO,2025-05-14,10:38:00,2025-05-29,15.45,15.45,15.45,15.45,0,39660,0
BANKNIFTY29MAY2560100CE.NFO,2025-05-14,10:39:00,2025-05-29,15.45,15.45,15.45,15.45,0,39660,0
BANKNIFTY29MAY2560100CE.NFO,2025-05-14,10:40:00,2025-05-29,15.45,17.9,15.45,15.85,90,39660,0
BANKNIFTY29MAY2560100CE.NFO,2025-05-14,10:41:00,2025-05-29,15.85,15.85,15.6,15.6,180,39660,0
BANKNIFTY29MAY2560100CE.NFO,2025-05-14,10:42:00,2025-05-29,15.6,15.6,15.6,15.6,0,39660,0
BANKNIFTY29MAY2560100CE.NFO,2025-05-14,10:43:00,2025-05-29,15.6,15.6,15.6,15.6,0,39660,0
BANKNIFTY29MAY2560100CE.NFO,2025-05-14,10:44:00,2025-05-29,15.6,15.6,15.6,15.6,0,39660,0
BANKNIFTY29MAY2560100CE.NFO,2025-05-14,10:45:00,2025-05-29,15.6,15.6,15.25,15.25,30,39660,0
BANKNIFTY29MAY2560100CE.NFO,2025-05-14,10:46:00,2025-05-29,15.25,15.85,15.25,15.85,30,39660,0
BANKNIFTY29MAY2560100CE.NFO,2025-05-14,10:47:00,2025-05-29,15.85,15.85,15.7,15.7,30,39660,0
BANKNIFTY29MAY2560100CE.NFO,2025-05-14,10:48:00,2025-05-29,15.7,15.7,15.7,15.7,0,39660,0
BANKNIFTY29MAY2560100CE.NFO,2025-05-14,10:49:00,2025-05-29,15.7,15.7,15.7,15.7,0,39660,0
BANKNIFTY29MAY2560100CE.NFO,2025-05-14,10:50:00,2025-05-29,15.7,15.7,15.65,15.65,30,39660,0
BANKNIFTY29MAY2560100CE.NFO,2025-05-14,10:51:00,2025-05-29,15.65,15.65,15.6,15.6,30,39660,0
BANKNIFTY29MAY2560100CE.NFO,2025-05-14,10:52:00,2025-05-29,15.6,15.6,15.2,15.2,30,39660,0
BANKNIFTY29MAY2560100CE.NFO,2025-05-14,10:53:00,2025-05-29,15.2,15.2,15.2,15.2,0,39660,0
BANKNIFTY29MAY2560100CE.NFO,2025-05-14,10:54:00,2025-05-29,15.2,15.2,15.2,15.2,0,39660,0
BANKNIFTY29MAY2560100CE.NFO,2025-05-14,10:55:00,2025-05-29,15.2,15.2,15.2,15.2,0,39660,0
BANKNIFTY29MAY2560100CE.NFO,2025-05-14,10:56:00,2025-05-29,15.2,15.2,15.2,15.2,0,39660,0
BANKNIFTY29MAY2560100CE.NFO,2025-05-14,10:57:00,2025-05-29,15.2,15.2,15.2,15.2,0,39660,0
BANKNIFTY29MAY2560100CE.NFO,2025-05-14,10:58:00,2025-05-29,15.2,15.8,15.2,15.3,4350,39660,0
BANKNIFTY29MAY2560100CE.NFO,2025-05-14,10:59:00,2025-05-29,15.3,15.3,14.85,14.9,2940,39660,0
BANKNIFTY29MAY2560100CE.NFO,2025-05-14,11:00:00,2025-05-29,14.85,15.25,14.7,15.25,960,39660,0
BANKNIFTY29MAY2560100CE.NFO,2025-05-14,11:01:00,2025-05-29,15.25,15.25,14.9,14.9,0,41880,0
BANKNIFTY29MAY2560100CE.NFO,2025-05-14,11:02:00,2025-05-29,14.9,15.3,14.85,15.3,300,41880,0
BANKNIFTY29MAY2560100CE.NFO,2025-05-14,11:03:00,2025-05-29,15.3,15.3,14.55,14.9,870,41880,0
BANKNIFTY29MAY2560100CE.NFO,2025-05-14,11:04:00,2025-05-29,14.6,14.6,14.5,14.5,210,41010,0
BANKNIFTY29MAY2560100CE.NFO,2025-05-14,11:05:00,2025-05-29,14.5,14.65,14.5,14.65,150,41010,0
BANKNIFTY29MAY2560100CE.NFO,2025-05-14,11:06:00,2025-05-29,14.65,14.65,14.65,14.65,0,41010,0
BANKNIFTY29MAY2560100CE.NFO,2025-05-14,11:07:00,2025-05-29,14.65,14.65,14.65,14.65,0,41010,0
BANKNIFTY29MAY2560100CE.NFO,2025-05-14,11:08:00,2025-05-29,14.65,14.95,14.65,14.9,330,40800,0
BANKNIFTY29MAY2560100CE.NFO,2025-05-14,11:09:00,2025-05-29,14.9,14.9,14.9,14.9,30,40800,0
BANKNIFTY29MAY2560100CE.NFO,2025-05-14,11:10:00,2025-05-29,14.9,15.15,14.9,15.15,30,40620,0
BANKNIFTY29MAY2560100CE.NFO,2025-05-14,11:11:00,2025-05-29,15.15,15.15,14.65,14.65,30,40620,0
BANKNIFTY29MAY2560100CE.NFO,2025-05-14,11:12:00,2025-05-29,14.65,14.65,14.65,14.65,0,40620,0
BANKNIFTY29MAY2560100CE.NFO,2025-05-14,11:13:00,2025-05-29,14.65,15.05,14.65,15.05,60,40620,0
BANKNIFTY29MAY2560100CE.NFO,2025-05-14,11:14:00,2025-05-29,15.05,15.05,15.05,15.05,0,40620,0
BANKNIFTY29MAY2560100CE.NFO,2025-05-14,11:15:00,2025-05-29,15.05,15.05,15.05,15.05,0,40620,0
BANKNIFTY29MAY2560100CE.NFO,2025-05-14,11:16:00,2025-05-29,15.05,15.05,15.05,15.05,0,40620,0
BANKNIFTY29MAY2560100CE.NFO,2025-05-14,11:17:00,2025-05-29,15.05,15.05,15.05,15.05,0,40620,0
BANKNIFTY29MAY2560100CE.NFO,2025-05-14,11:18:00,2025-05-29,15.05,15.05,15.05,15.05,0,40620,0
BANKNIFTY29MAY2560100CE.NFO,2025-05-14,11:19:00,2025-05-29,15.05,15.05,13.15,13.15,30,40620,0
BANKNIFTY29MAY2560100CE.NFO,2025-05-14,11:20:00,2025-05-29,13.15,14.45,13.15,14.45,120,40620,0
BANKNIFTY29MAY2560100CE.NFO,2025-05-14,11:21:00,2025-05-29,14.45,14.6,14.45,14.6,120,40620,0
BANKNIFTY29MAY2560100CE.NFO,2025-05-14,11:22:00,2025-05-29,14.6,14.6,14.6,14.6,210,40500,0
BANKNIFTY29MAY2560100CE.NFO,2025-05-14,11:23:00,2025-05-29,14.6,14.6,14.6,14.6,0,40500,0
BANKNIFTY29MAY2560100CE.NFO,2025-05-14,11:24:00,2025-05-29,14.6,14.6,14.5,14.5,30,40500,0
BANKNIFTY29MAY2560100CE.NFO,2025-05-14,11:25:00,2025-05-29,14.5,14.5,14.5,14.5,0,40500,0
BANKNIFTY29MAY2560100CE.NFO,2025-05-14,11:26:00,2025-05-29,14.5,14.5,14.5,14.5,0,40500,0
BANKNIFTY29MAY2560100CE.NFO,2025-05-14,11:27:00,2025-05-29,14.5,14.5,14.5,14.5,0,40500,0
BANKNIFTY29MAY2560100CE.NFO,2025-05-14,11:28:00,2025-05-29,14.5,14.75,14.5,14.75,120,40500,0
BANKNIFTY29MAY2560100CE.NFO,2025-05-14,11:29:00,2025-05-29,14.75,14.75,14.75,14.75,0,40500,0
BANKNIFTY29MAY2560100CE.NFO,2025-05-14,11:30:00,2025-05-29,14.75,14.75,14.75,14.75,0,40500,0
BANKNIFTY29MAY2560100CE.NFO,2025-05-14,11:31:00,2025-05-29,14.75,14.75,14.75,14.75,0,40500,0
BANKNIFTY29MAY2560100CE.NFO,2025-05-14,11:32:00,2025-05-29,14.75,14.75,14.75,14.75,0,40500,0
BANKNIFTY29MAY2560100CE.NFO,2025-05-14,11:33:00,2025-05-29,14.75,14.75,14.75,14.75,0,40500,0
BANKNIFTY29MAY2560100CE.NFO,2025-05-14,11:34:00,2025-05-29,14.75,14.75,14.35,14.35,90,40440,0
BANKNIFTY29MAY2560100CE.NFO,2025-05-14,11:35:00,2025-05-29,14.35,14.35,14.35,14.35,0,40440,0
BANKNIFTY29MAY2560100CE.NFO,2025-05-14,11:36:00,2025-05-29,14.35,14.95,14.35,14.95,90,40440,0
BANKNIFTY29MAY2560100CE.NFO,2025-05-14,11:37:00,2025-05-29,14.95,14.95,14.65,14.65,60,40440,0
BANKNIFTY29MAY2560100CE.NFO,2025-05-14,11:38:00,2025-05-29,14.65,14.65,14.65,14.65,0,40440,0
BANKNIFTY29MAY2560100CE.NFO,2025-05-14,11:39:00,2025-05-29,14.65,14.65,14.65,14.65,0,40440,0
BANKNIFTY29MAY2560100CE.NFO,2025-05-14,11:40:00,2025-05-29,14.65,14.65,14.65,14.65,0,40440,0
BANKNIFTY29MAY2560100CE.NFO,2025-05-14,11:41:00,2025-05-29,14.65,14.65,14.65,14.65,0,40440,0
BANKNIFTY29MAY2560100CE.NFO,2025-05-14,11:42:00,2025-05-29,14.65,14.65,14.65,14.65,0,40440,0
BANKNIFTY29MAY2560100CE.NFO,2025-05-14,11:43:00,2025-05-29,14.65,14.65,14.65,14.65,0,40440,0
BANKNIFTY29MAY2560100CE.NFO,2025-05-14,11:44:00,2025-05-29,14.65,14.65,14.05,14.05,30,40440,0
BANKNIFTY29MAY2560100CE.NFO,2025-05-14,11:45:00,2025-05-29,14.05,14.25,14.05,14.25,120,40440,0
BANKNIFTY29MAY2560100CE.NFO,2025-05-14,11:46:00,2025-05-29,14.25,14.25,14.2,14.2,30,40350,0
BANKNIFTY29MAY2560100CE.NFO,2025-05-14,11:47:00,2025-05-29,14.2,14.35,14.05,14.35,150,40350,0
BANKNIFTY29MAY2560100CE.NFO,2025-05-14,11:48:00,2025-05-29,14.35,14.35,14.3,14.3,600,40350,0
BANKNIFTY29MAY2560100CE.NFO,2025-05-14,11:49:00,2025-05-29,14.3,14.3,14.05,14.05,1410,41670,0
BANKNIFTY29MAY2560100CE.NFO,2025-05-14,11:50:00,2025-05-29,14.05,14.2,14.05,14.15,570,41670,0
BANKNIFTY29MAY2560100CE.NFO,2025-05-14,11:51:00,2025-05-29,14.15,14.15,13.95,13.95,1680,41670,0
BANKNIFTY29MAY2560100CE.NFO,2025-05-14,11:52:00,2025-05-29,13.95,14.1,13.95,14.1,570,44400,0
BANKNIFTY29MAY2560100CE.NFO,2025-05-14,11:53:00,2025-05-29,14.1,14.1,13.9,13.95,510,44400,0
BANKNIFTY29MAY2560100CE.NFO,2025-05-14,11:54:00,2025-05-29,13.95,14.05,13.85,14.05,90,44400,0
BANKNIFTY29MAY2560100CE.NFO,2025-05-14,11:55:00,2025-05-29,14.05,14.05,14.05,14.05,0,44400,0
BANKNIFTY29MAY2560100CE.NFO,2025-05-14,11:56:00,2025-05-29,14.05,14.05,14.05,14.05,0,44400,0
BANKNIFTY29MAY2560100CE.NFO,2025-05-14,11:57:00,2025-05-29,14.05,14.05,14.05,14.05,0,44400,0
BANKNIFTY29MAY2560100CE.NFO,2025-05-14,11:58:00,2025-05-29,14.05,14.05,14.05,14.05,0,44400,0
BANKNIFTY29MAY2560100CE.NFO,2025-05-14,11:59:00,2025-05-29,14.05,14.05,14.05,14.05,0,44400,0
BANKNIFTY29MAY2560100CE.NFO,2025-05-14,12:00:00,2025-05-29,14.05,14.05,14.05,14.05,0,44400,0
BANKNIFTY29MAY2560100CE.NFO,2025-05-14,12:01:00,2025-05-29,14.05,14.05,14.05,14.05,0,44400,0
BANKNIFTY29MAY2560100CE.NFO,2025-05-14,12:02:00,2025-05-29,14.05,14.05,14.05,14.05,0,44400,0
BANKNIFTY29MAY2560100CE.NFO,2025-05-14,12:03:00,2025-05-29,14.05,14.05,14.05,14.05,0,44400,0
BANKNIFTY29MAY2560100CE.NFO,2025-05-14,12:04:00,2025-05-29,14.05,14.05,14.05,14.05,0,44400,0
BANKNIFTY29MAY2560100CE.NFO,2025-05-14,12:05:00,2025-05-29,14.05,14.4,14.05,14.4,30,45060,0
BANKNIFTY29MAY2560100CE.NFO,2025-05-14,12:06:00,2025-05-29,14.4,14.4,14.0,14.0,60,45060,0
BANKNIFTY29MAY2560100CE.NFO,2025-05-14,12:07:00,2025-05-29,14.0,14.0,14.0,14.0,0,45060,0
BANKNIFTY29MAY2560100CE.NFO,2025-05-14,12:08:00,2025-05-29,14.0,14.0,14.0,14.0,0,45060,0
BANKNIFTY29MAY2560100CE.NFO,2025-05-14,12:09:00,2025-05-29,14.0,14.0,13.7,13.7,30,45030,0
BANKNIFTY29MAY2560100CE.NFO,2025-05-14,12:10:00,2025-05-29,13.7,13.7,13.7,13.7,30,45030,0
BANKNIFTY29MAY2560100CE.NFO,2025-05-14,12:11:00,2025-05-29,13.7,13.7,13.7,13.7,0,45030,0
BANKNIFTY29MAY2560100CE.NFO,2025-05-14,12:12:00,2025-05-29,13.7,13.7,13.7,13.7,0,45030,0
BANKNIFTY29MAY2560100CE.NFO,2025-05-14,12:13:00,2025-05-29,13.7,13.7,13.7,13.7,0,45030,0
BANKNIFTY29MAY2560100CE.NFO,2025-05-14,12:14:00,2025-05-29,13.7,13.7,13.7,13.7,0,45030,0
BANKNIFTY29MAY2560100CE.NFO,2025-05-14,12:15:00,2025-05-29,13.7,13.7,13.7,13.7,0,45030,0
BANKNIFTY29MAY2560100CE.NFO,2025-05-14,12:16:00,2025-05-29,13.7,13.7,13.7,13.7,0,45030,0
BANKNIFTY29MAY2560100CE.NFO,2025-05-14,12:17:00,2025-05-29,13.7,13.7,13.7,13.7,0,45030,0
BANKNIFTY29MAY2560100CE.NFO,2025-05-14,12:18:00,2025-05-29,13.7,13.7,13.7,13.7,0,45030,0
BANKNIFTY29MAY2560100CE.NFO,2025-05-14,12:19:00,2025-05-29,13.7,13.7,13.7,13.7,0,45030,0
BANKNIFTY29MAY2560100CE.NFO,2025-05-14,12:20:00,2025-05-29,13.7,13.7,13.7,13.7,0,45030,0
BANKNIFTY29MAY2560100CE.NFO,2025-05-14,12:21:00,2025-05-29,13.7,13.7,13.7,13.7,0,45030,0
BANKNIFTY29MAY2560100CE.NFO,2025-05-14,12:22:00,2025-05-29,14.65,14.65,14.65,14.65,30,45030,0
BANKNIFTY29MAY2560100CE.NFO,2025-05-14,12:23:00,2025-05-29,14.65,14.65,14.65,14.65,0,45030,0
BANKNIFTY29MAY2560100CE.NFO,2025-05-14,12:24:00,2025-05-29,14.65,14.65,14.0,14.0,120,45060,0
BANKNIFTY29MAY2560100CE.NFO,2025-05-14,12:25:00,2025-05-29,14.0,14.0,14.0,14.0,0,45060,0
BANKNIFTY29MAY2560100CE.NFO,2025-05-14,12:26:00,2025-05-29,14.0,14.0,13.75,13.8,600,45180,0
BANKNIFTY29MAY2560100CE.NFO,2025-05-14,12:27:00,2025-05-29,13.8,13.8,13.8,13.8,0,45180,0
BANKNIFTY29MAY2560100CE.NFO,2025-05-14,12:28:00,2025-05-29,13.8,13.9,13.8,13.9,30,45210,0
BANKNIFTY29MAY2560100CE.NFO,2025-05-14,12:29:00,2025-05-29,13.9,13.9,13.9,13.9,0,45210,0
BANKNIFTY29MAY2560100CE.NFO,2025-05-14,12:30:00,2025-05-29,13.7,13.7,13.7,13.7,60,45210,0
BANKNIFTY29MAY2560100CE.NFO,2025-05-14,12:31:00,2025-05-29,13.7,13.7,13.7,13.7,0,45210,0
BANKNIFTY29MAY2560100CE.NFO,2025-05-14,12:32:00,2025-05-29,13.7,13.7,13.7,13.7,0,45210,0
BANKNIFTY29MAY2560100CE.NFO,2025-05-14,12:33:00,2025-05-29,13.7,13.7,13.7,13.7,0,45210,0
BANKNIFTY29MAY2560100CE.NFO,2025-05-14,12:34:00,2025-05-29,13.7,13.7,13.0,13.65,0,45210,0
BANKNIFTY29MAY2560100CE.NFO,2025-05-14,12:35:00,2025-05-29,13.65,13.65,12.45,13.4,210,45210,0
BANKNIFTY29MAY2560100CE.NFO,2025-05-14,12:36:00,2025-05-29,13.3,13.45,13.3,13.45,150,45210,0
BANKNIFTY29MAY2560100CE.NFO,2025-05-14,12:37:00,2025-05-29,13.45,13.45,13.4,13.4,240,45210,0
BANKNIFTY29MAY2560100CE.NFO,2025-05-14,12:38:00,2025-05-29,13.4,13.4,13.1,13.1,30,45240,0
BANKNIFTY29MAY2560100CE.NFO,2025-05-14,12:39:00,2025-05-29,13.1,13.1,13.1,13.1,0,45240,0
BANKNIFTY29MAY2560100CE.NFO,2025-05-14,12:40:00,2025-05-29,13.1,13.1,12.9,12.9,30,45240,0
BANKNIFTY29MAY2560100CE.NFO,2025-05-14,12:41:00,2025-05-29,12.9,13.25,12.9,13.2,30,45240,0
BANKNIFTY29MAY2560100CE.NFO,2025-05-14,12:42:00,2025-05-29,13.2,13.2,13.2,13.2,150,45240,0
BANKNIFTY29MAY2560100CE.NFO,2025-05-14,12:43:00,2025-05-29,13.2,13.3,13.2,13.3,30,45210,0
BANKNIFTY29MAY2560100CE.NFO,2025-05-14,12:44:00,2025-05-29,13.3,13.4,13.3,13.4,90,45210,0
BANKNIFTY29MAY2560100CE.NFO,2025-05-14,12:45:00,2025-05-29,13.4,13.4,13.4,13.4,0,45210,0
BANKNIFTY29MAY2560100CE.NFO,2025-05-14,12:46:00,2025-05-29,13.4,13.4,13.4,13.4,0,45210,0
BANKNIFTY29MAY2560100CE.NFO,2025-05-14,12:47:00,2025-05-29,13.4,13.4,13.4,13.4,0,45210,0
BANKNIFTY29MAY2560100CE.NFO,2025-05-14,12:48:00,2025-05-29,13.4,13.7,13.4,13.7,0,45240,0
BANKNIFTY29MAY2560100CE.NFO,2025-05-14,12:49:00,2025-05-29,13.7,13.7,13.7,13.7,120,45240,0
BANKNIFTY29MAY2560100CE.NFO,2025-05-14,12:50:00,2025-05-29,13.7,13.7,13.25,13.25,120,45330,0
BANKNIFTY29MAY2560100CE.NFO,2025-05-14,12:51:00,2025-05-29,13.25,13.25,13.25,13.25,0,45330,0
BANKNIFTY29MAY2560100CE.NFO,2025-05-14,12:52:00,2025-05-29,13.25,13.3,13.25,13.3,60,45390,0
BANKNIFTY29MAY2560100CE.NFO,2025-05-14,12:53:00,2025-05-29,13.3,13.3,13.1,13.1,270,45390,0
BANKNIFTY29MAY2560100CE.NFO,2025-05-14,12:54:00,2025-05-29,13.1,13.1,13.1,13.1,90,45390,0
BANKNIFTY29MAY2560100CE.NFO,2025-05-14,12:55:00,2025-05-29,13.1,13.1,13.1,13.1,0,45390,0
BANKNIFTY29MAY2560100CE.NFO,2025-05-14,12:56:00,2025-05-29,13.1,13.1,13.1,13.1,0,45390,0
BANKNIFTY29MAY2560100CE.NFO,2025-05-14,12:57:00,2025-05-29,13.1,13.1,13.1,13.1,0,45390,0
BANKNIFTY29MAY2560100CE.NFO,2025-05-14,12:58:00,2025-05-29,13.1,13.1,12.0,12.0,90,45660,0
BANKNIFTY29MAY2560100CE.NFO,2025-05-14,12:59:00,2025-05-29,12.0,12.0,12.0,12.0,0,45660,0
BANKNIFTY29MAY2560100CE.NFO,2025-05-14,13:00:00,2025-05-29,13.55,13.55,13.55,13.55,30,45660,0
BANKNIFTY29MAY2560100CE.NFO,2025-05-14,13:01:00,2025-05-29,13.55,13.55,13.25,13.25,30,45660,0
BANKNIFTY29MAY2560100CE.NFO,2025-05-14,13:02:00,2025-05-29,13.25,13.8,13.25,13.8,60,45660,0
BANKNIFTY29MAY2560100CE.NFO,2025-05-14,13:03:00,2025-05-29,13.8,13.8,13.8,13.8,30,45660,0
BANKNIFTY29MAY2560100CE.NFO,2025-05-14,13:04:00,2025-05-29,13.8,13.8,13.6,13.6,90,45690,0
BANKNIFTY29MAY2560100CE.NFO,2025-05-14,13:05:00,2025-05-29,13.6,13.6,13.6,13.6,0,45690,0
BANKNIFTY29MAY2560100CE.NFO,2025-05-14,13:06:00,2025-05-29,13.6,13.6,13.6,13.6,0,45690,0
BANKNIFTY29MAY2560100CE.NFO,2025-05-14,13:07:00,2025-05-29,13.6,13.6,13.6,13.6,0,45690,0
BANKNIFTY29MAY2560100CE.NFO,2025-05-14,13:08:00,2025-05-29,13.6,13.6,13.6,13.6,0,45690,0
BANKNIFTY29MAY2560100CE.NFO,2025-05-14,13:09:00,2025-05-29,13.6,13.6,13.6,13.6,0,45690,0
BANKNIFTY29MAY2560100CE.NFO,2025-05-14,13:10:00,2025-05-29,13.6,13.6,13.6,13.6,0,45690,0
BANKNIFTY29MAY2560100CE.NFO,2025-05-14,13:11:00,2025-05-29,13.6,13.65,13.6,13.65,120,45720,0
BANKNIFTY29MAY2560100CE.NFO,2025-05-14,13:12:00,2025-05-29,13.65,13.65,13.65,13.65,0,45720,0
BANKNIFTY29MAY2560100CE.NFO,2025-05-14,13:13:00,2025-05-29,13.65,13.65,13.65,13.65,0,45720,0
BANKNIFTY29MAY2560100CE.NFO,2025-05-14,13:14:00,2025-05-29,13.65,13.65,13.65,13.65,0,45720,0
BANKNIFTY29MAY2560100CE.NFO,2025-05-14,13:15:00,2025-05-29,13.65,13.65,13.65,13.65,0,45720,0
BANKNIFTY29MAY2560100CE.NFO,2025-05-14,13:16:00,2025-05-29,13.65,13.65,13.65,13.65,0,45720,0
BANKNIFTY29MAY2560100CE.NFO,2025-05-14,13:17:00,2025-05-29,13.65,13.65,13.65,13.65,0,45720,0
BANKNIFTY29MAY2560100CE.NFO,2025-05-14,13:18:00,2025-05-29,13.65,13.65,13.65,13.65,0,45720,0
BANKNIFTY29MAY2560100CE.NFO,2025-05-14,13:19:00,2025-05-29,13.65,13.65,13.65,13.65,0,45720,0
BANKNIFTY29MAY2560100CE.NFO,2025-05-14,13:20:00,2025-05-29,13.65,13.65,13.65,13.65,0,45720,0
BANKNIFTY29MAY2560100CE.NFO,2025-05-14,13:21:00,2025-05-29,13.65,13.65,13.65,13.65,0,45720,0
BANKNIFTY29MAY2560100CE.NFO,2025-05-14,13:22:00,2025-05-29,13.65,13.65,13.65,13.65,0,45720,0
BANKNIFTY29MAY2560100CE.NFO,2025-05-14,13:23:00,2025-05-29,13.65,13.65,13.65,13.65,0,45720,0
BANKNIFTY29MAY2560100CE.NFO,2025-05-14,13:24:00,2025-05-29,13.65,14.6,13.65,14.6,0,45690,0
BANKNIFTY29MAY2560100CE.NFO,2025-05-14,13:25:00,2025-05-29,14.6,14.6,13.2,13.2,300,45690,0
BANKNIFTY29MAY2560100CE.NFO,2025-05-14,13:26:00,2025-05-29,13.2,13.55,13.2,13.55,90,45630,0
BANKNIFTY29MAY2560100CE.NFO,2025-05-14,13:27:00,2025-05-29,13.55,13.55,13.55,13.55,0,45630,0
BANKNIFTY29MAY2560100CE.NFO,2025-05-14,13:28:00,2025-05-29,13.55,13.55,13.55,13.55,0,45630,0
BANKNIFTY29MAY2560100CE.NFO,2025-05-14,13:29:00,2025-05-29,13.55,13.55,13.55,13.55,0,45630,0
BANKNIFTY29MAY2560100CE.NFO,2025-05-14,13:30:00,2025-05-29,13.55,13.55,13.55,13.55,0,45630,0
BANKNIFTY29MAY2560100CE.NFO,2025-05-14,13:31:00,2025-05-29,13.55,13.55,13.55,13.55,30,45660,0
BANKNIFTY29MAY2560100CE.NFO,2025-05-14,13:32:00,2025-05-29,13.55,13.55,13.55,13.55,0,45660,0
BANKNIFTY29MAY2560100CE.NFO,2025-05-14,13:33:00,2025-05-29,13.55,13.8,13.35,13.35,60,45660,0
BANKNIFTY29MAY2560100CE.NFO,2025-05-14,13:34:00,2025-05-29,13.35,13.35,13.35,13.35,0,45660,0
BANKNIFTY29MAY2560100CE.NFO,2025-05-14,13:35:00,2025-05-29,13.35,13.35,13.35,13.35,0,45660,0
BANKNIFTY29MAY2560100CE.NFO,2025-05-14,13:36:00,2025-05-29,13.35,13.35,13.35,13.35,0,45660,0
BANKNIFTY29MAY2560100CE.NFO,2025-05-14,13:37:00,2025-05-29,13.35,13.35,13.35,13.35,0,45660,0
BANKNIFTY29MAY2560100CE.NFO,2025-05-14,13:38:00,2025-05-29,13.35,13.35,13.35,13.35,0,45660,0
BANKNIFTY29MAY2560100CE.NFO,2025-05-14,13:39:00,2025-05-29,13.35,13.35,13.35,13.35,0,45660,0
BANKNIFTY29MAY2560100CE.NFO,2025-05-14,13:40:00,2025-05-29,13.35,13.35,13.35,13.35,0,45660,0
BANKNIFTY29MAY2560100CE.NFO,2025-05-14,13:41:00,2025-05-29,13.35,14.6,13.35,13.45,1560,45660,0
BANKNIFTY29MAY2560100CE.NFO,2025-05-14,13:42:00,2025-05-29,13.45,13.45,13.45,13.45,30,45660,0
BANKNIFTY29MAY2560100CE.NFO,2025-05-14,13:43:00,2025-05-29,13.45,13.45,13.45,13.45,0,45660,0
BANKNIFTY29MAY2560100CE.NFO,2025-05-14,13:44:00,2025-05-29,13.45,13.45,13.45,13.45,0,45660,0
BANKNIFTY29MAY2560100CE.NFO,2025-05-14,13:45:00,2025-05-29,13.45,13.45,13.45,13.45,0,45660,0
BANKNIFTY29MAY2560100CE.NFO,2025-05-14,13:46:00,2025-05-29,13.45,13.45,13.45,13.45,0,45660,0
BANKNIFTY29MAY2560100CE.NFO,2025-05-14,13:47:00,2025-05-29,13.45,13.45,13.45,13.45,0,45660,0
BANKNIFTY29MAY2560100CE.NFO,2025-05-14,13:48:00,2025-05-29,13.45,13.45,13.45,13.45,0,45660,0
BANKNIFTY29MAY2560100CE.NFO,2025-05-14,13:49:00,2025-05-29,13.45,13.45,13.45,13.45,0,45660,0
BANKNIFTY29MAY2560100CE.NFO,2025-05-14,13:50:00,2025-05-29,13.45,13.45,13.45,13.45,0,45660,0
BANKNIFTY29MAY2560100CE.NFO,2025-05-14,13:51:00,2025-05-29,13.45,13.45,13.45,13.45,0,45660,0
BANKNIFTY29MAY2560100CE.NFO,2025-05-14,13:52:00,2025-05-29,13.45,13.45,13.45,13.45,0,45660,0
BANKNIFTY29MAY2560100CE.NFO,2025-05-14,13:53:00,2025-05-29,13.45,13.45,13.45,13.45,0,45660,0
BANKNIFTY29MAY2560100CE.NFO,2025-05-14,13:54:00,2025-05-29,13.45,13.45,13.45,13.45,0,45660,0
BANKNIFTY29MAY2560100CE.NFO,2025-05-14,13:55:00,2025-05-29,13.45,13.45,13.45,13.45,0,45660,0
BANKNIFTY29MAY2560100CE.NFO,2025-05-14,13:56:00,2025-05-29,13.45,13.45,13.45,13.45,0,45660,0
BANKNIFTY29MAY2560100CE.NFO,2025-05-14,13:57:00,2025-05-29,13.45,13.45,13.45,13.45,0,45660,0
BANKNIFTY29MAY2560100CE.NFO,2025-05-14,13:58:00,2025-05-29,13.45,13.45,13.45,13.45,0,45660,0
BANKNIFTY29MAY2560100CE.NFO,2025-05-14,13:59:00,2025-05-29,13.45,13.5,13.45,13.5,90,46260,0
BANKNIFTY29MAY2560100CE.NFO,2025-05-14,14:00:00,2025-05-29,13.5,13.5,13.2,13.2,1470,46260,0
BANKNIFTY29MAY2560100CE.NFO,2025-05-14,14:01:00,2025-05-29,13.2,13.35,13.2,13.35,90,46200,0
BANKNIFTY29MAY2560100CE.NFO,2025-05-14,14:02:00,2025-05-29,13.35,13.35,13.35,13.35,0,46200,0
BANKNIFTY29MAY2560100CE.NFO,2025-05-14,14:03:00,2025-05-29,13.35,13.35,13.35,13.35,0,46200,0
BANKNIFTY29MAY2560100CE.NFO,2025-05-14,14:04:00,2025-05-29,13.35,13.35,13.35,13.35,0,46200,0
BANKNIFTY29MAY2560100CE.NFO,2025-05-14,14:05:00,2025-05-29,13.35,13.35,13.35,13.35,0,46200,0
BANKNIFTY29MAY2560100CE.NFO,2025-05-14,14:06:00,2025-05-29,13.35,13.35,13.35,13.35,0,46200,0
BANKNIFTY29MAY2560100CE.NFO,2025-05-14,14:07:00,2025-05-29,13.35,13.35,13.35,13.35,0,46200,0
BANKNIFTY29MAY2560100CE.NFO,2025-05-14,14:08:00,2025-05-29,13.35,13.35,13.35,13.35,0,46200,0
BANKNIFTY29MAY2560100CE.NFO,2025-05-14,14:09:00,2025-05-29,13.35,13.35,13.35,13.35,0,46200,0
BANKNIFTY29MAY2560100CE.NFO,2025-05-14,14:10:00,2025-05-29,13.35,13.35,13.35,13.35,0,46200,0
BANKNIFTY29MAY2560100CE.NFO,2025-05-14,14:11:00,2025-05-29,13.35,13.35,13.35,13.35,0,46200,0
BANKNIFTY29MAY2560100CE.NFO,2025-05-14,14:12:00,2025-05-29,12.1,13.35,12.1,13.35,90,46200,0
BANKNIFTY29MAY2560100CE.NFO,2025-05-14,14:13:00,2025-05-29,13.35,13.5,13.35,13.4,180,46050,0
BANKNIFTY29MAY2560100CE.NFO,2025-05-14,14:14:00,2025-05-29,13.4,13.4,13.25,13.4,480,46050,0
BANKNIFTY29MAY2560100CE.NFO,2025-05-14,14:15:00,2025-05-29,13.4,13.4,13.4,13.4,0,46050,0
BANKNIFTY29MAY2560100CE.NFO,2025-05-14,14:16:00,2025-05-29,13.4,13.4,13.2,13.2,60,46050,0
BANKNIFTY29MAY2560100CE.NFO,2025-05-14,14:17:00,2025-05-29,13.2,13.2,13.15,13.15,240,46260,0
BANKNIFTY29MAY2560100CE.NFO,2025-05-14,14:18:00,2025-05-29,13.15,13.15,13.15,13.15,210,46260,0
BANKNIFTY29MAY2560100CE.NFO,2025-05-14,14:19:00,2025-05-29,13.15,13.15,13.15,13.15,0,46260,0
BANKNIFTY29MAY2560100CE.NFO,2025-05-14,14:20:00,2025-05-29,13.15,13.15,13.15,13.15,0,46260,0
BANKNIFTY29MAY2560100CE.NFO,2025-05-14,14:21:00,2025-05-29,13.15,13.55,13.15,13.55,570,46380,0
BANKNIFTY29MAY2560100CE.NFO,2025-05-14,14:22:00,2025-05-29,13.55,13.6,13.35,13.35,330,46740,0
BANKNIFTY29MAY2560100CE.NFO,2025-05-14,14:23:00,2025-05-29,13.35,13.35,13.35,13.35,0,46740,0
BANKNIFTY29MAY2560100CE.NFO,2025-05-14,14:24:00,2025-05-29,13.35,13.35,13.35,13.35,0,46740,0
BANKNIFTY29MAY2560100CE.NFO,2025-05-14,14:25:00,2025-05-29,13.35,13.35,13.35,13.35,0,46740,0
BANKNIFTY29MAY2560100CE.NFO,2025-05-14,14:26:00,2025-05-29,13.35,13.45,13.35,13.45,60,46740,0
BANKNIFTY29MAY2560100CE.NFO,2025-05-14,14:27:00,2025-05-29,13.45,13.45,13.4,13.4,150,46740,0
BANKNIFTY29MAY2560100CE.NFO,2025-05-14,14:28:00,2025-05-29,13.4,13.4,13.1,13.1,30,46740,0
BANKNIFTY29MAY2560100CE.NFO,2025-05-14,14:29:00,2025-05-29,13.1,13.1,13.1,13.1,0,46740,0
BANKNIFTY29MAY2560100CE.NFO,2025-05-14,14:30:00,2025-05-29,13.1,13.3,13.1,13.3,0,46650,0
BANKNIFTY29MAY2560100CE.NFO,2025-05-14,14:31:00,2025-05-29,13.3,13.3,13.3,13.3,90,46650,0
BANKNIFTY29MAY2560100CE.NFO,2025-05-14,14:32:00,2025-05-29,12.8,13.05,12.8,13.05,690,46740,0
BANKNIFTY29MAY2560100CE.NFO,2025-05-14,14:33:00,2025-05-29,13.05,13.05,13.05,13.05,0,46740,0
BANKNIFTY29MAY2560100CE.NFO,2025-05-14,14:34:00,2025-05-29,13.05,13.05,13.05,13.05,0,46740,0
BANKNIFTY29MAY2560100CE.NFO,2025-05-14,14:35:00,2025-05-29,13.05,13.05,13.05,13.05,0,46740,0
BANKNIFTY29MAY2560100CE.NFO,2025-05-14,14:36:00,2025-05-29,13.05,13.05,13.05,13.05,0,46740,0
BANKNIFTY29MAY2560100CE.NFO,2025-05-14,14:37:00,2025-05-29,13.05,13.05,13.05,13.05,0,46740,0
BANKNIFTY29MAY2560100CE.NFO,2025-05-14,14:38:00,2025-05-29,13.05,13.05,13.05,13.05,0,46740,0
BANKNIFTY29MAY2560100CE.NFO,2025-05-14,14:39:00,2025-05-29,13.05,13.05,13.05,13.05,0,46740,0
BANKNIFTY29MAY2560100CE.NFO,2025-05-14,14:40:00,2025-05-29,13.05,13.05,13.05,13.05,0,46740,0
BANKNIFTY29MAY2560100CE.NFO,2025-05-14,14:41:00,2025-05-29,13.05,13.05,13.05,13.05,0,46740,0
BANKNIFTY29MAY2560100CE.NFO,2025-05-14,14:42:00,2025-05-29,13.05,13.9,13.05,13.9,750,46320,0
BANKNIFTY29MAY2560100CE.NFO,2025-05-14,14:43:00,2025-05-29,13.9,14.35,13.9,14.35,300,46320,0
BANKNIFTY29MAY2560100CE.NFO,2025-05-14,14:44:00,2025-05-29,14.35,14.35,14.35,14.35,0,46320,0
BANKNIFTY29MAY2560100CE.NFO,2025-05-14,14:45:00,2025-05-29,14.35,14.35,13.55,13.55,30,46590,0
BANKNIFTY29MAY2560100CE.NFO,2025-05-14,14:46:00,2025-05-29,13.55,13.55,13.3,13.3,120,46590,0
BANKNIFTY29MAY2560100CE.NFO,2025-05-14,14:47:00,2025-05-29,13.3,13.3,13.3,13.3,0,46590,0
BANKNIFTY29MAY2560100CE.NFO,2025-05-14,14:48:00,2025-05-29,13.3,13.55,13.3,13.55,30,46590,0
BANKNIFTY29MAY2560100CE.NFO,2025-05-14,14:49:00,2025-05-29,13.55,13.55,13.55,13.55,0,46590,0
BANKNIFTY29MAY2560100CE.NFO,2025-05-14,14:50:00,2025-05-29,13.55,13.55,13.55,13.55,0,46590,0
BANKNIFTY29MAY2560100CE.NFO,2025-05-14,14:51:00,2025-05-29,13.55,13.55,13.55,13.55,0,46590,0
BANKNIFTY29MAY2560100CE.NFO,2025-05-14,14:52:00,2025-05-29,13.55,13.55,13.55,13.55,0,46590,0
BANKNIFTY29MAY2560100CE.NFO,2025-05-14,14:53:00,2025-05-29,13.55,13.55,13.55,13.55,0,46590,0
BANKNIFTY29MAY2560100CE.NFO,2025-05-14,14:54:00,2025-05-29,13.55,13.55,13.55,13.55,90,46590,0
BANKNIFTY29MAY2560100CE.NFO,2025-05-14,14:55:00,2025-05-29,13.55,13.55,13.55,13.55,0,46590,0
BANKNIFTY29MAY2560100CE.NFO,2025-05-14,14:56:00,2025-05-29,13.55,13.55,13.55,13.55,0,46590,0
BANKNIFTY29MAY2560100CE.NFO,2025-05-14,14:57:00,2025-05-29,13.55,13.55,13.55,13.55,0,46590,0
BANKNIFTY29MAY2560100CE.NFO,2025-05-14,14:58:00,2025-05-29,13.55,13.55,13.55,13.55,0,46590,0
BANKNIFTY29MAY2560100CE.NFO,2025-05-14,14:59:00,2025-05-29,13.55,13.7,13.55,13.7,0,46530,0
BANKNIFTY29MAY2560100CE.NFO,2025-05-14,15:00:00,2025-05-29,13.7,13.9,13.7,13.8,960,46530,0
BANKNIFTY29MAY2560100CE.NFO,2025-05-14,15:01:00,2025-05-29,13.8,13.85,13.7,13.7,990,44730,0
BANKNIFTY29MAY2560100CE.NFO,2025-05-14,15:02:00,2025-05-29,13.7,13.85,13.7,13.85,150,44730,0
BANKNIFTY29MAY2560100CE.NFO,2025-05-14,15:03:00,2025-05-29,13.85,13.85,13.85,13.85,0,44730,0
BANKNIFTY29MAY2560100CE.NFO,2025-05-14,15:04:00,2025-05-29,13.85,13.85,13.85,13.85,0,44730,0
BANKNIFTY29MAY2560100CE.NFO,2025-05-14,15:05:00,2025-05-29,13.85,14.0,13.85,14.0,240,44610,0
BANKNIFTY29MAY2560100CE.NFO,2025-05-14,15:06:00,2025-05-29,14.0,14.3,14.0,14.3,150,44610,0
BANKNIFTY29MAY2560100CE.NFO,2025-05-14,15:07:00,2025-05-29,14.3,14.95,14.3,14.95,330,44460,0
BANKNIFTY29MAY2560100CE.NFO,2025-05-14,15:08:00,2025-05-29,14.95,14.95,14.1,14.5,450,44460,0
BANKNIFTY29MAY2560100CE.NFO,2025-05-14,15:09:00,2025-05-29,14.5,14.7,14.5,14.7,300,44460,0
BANKNIFTY29MAY2560100CE.NFO,2025-05-14,15:10:00,2025-05-29,14.7,14.7,14.7,14.7,300,44460,0
BANKNIFTY29MAY2560100CE.NFO,2025-05-14,15:11:00,2025-05-29,14.7,14.7,14.6,14.6,90,44280,0
BANKNIFTY29MAY2560100CE.NFO,2025-05-14,15:12:00,2025-05-29,14.6,15.05,14.6,15.05,0,44280,0
BANKNIFTY29MAY2560100CE.NFO,2025-05-14,15:13:00,2025-05-29,15.05,15.05,15.05,15.05,0,44280,0
BANKNIFTY29MAY2560100CE.NFO,2025-05-14,15:14:00,2025-05-29,15.05,15.05,15.05,15.05,0,44280,0
BANKNIFTY29MAY2560100CE.NFO,2025-05-14,15:15:00,2025-05-29,15.05,15.05,15.05,15.05,0,44280,0
BANKNIFTY29MAY2560100CE.NFO,2025-05-14,15:16:00,2025-05-29,15.05,15.05,15.05,15.05,0,44280,0
BANKNIFTY29MAY2560100CE.NFO,2025-05-14,15:17:00,2025-05-29,13.85,13.95,13.6,13.85,2190,44220,0
BANKNIFTY29MAY2560100CE.NFO,2025-05-14,15:18:00,2025-05-29,13.85,14.3,13.85,14.0,270,44220,0
BANKNIFTY29MAY2560100CE.NFO,2025-05-14,15:19:00,2025-05-29,14.0,14.0,14.0,14.0,0,44220,0
BANKNIFTY29MAY2560100CE.NFO,2025-05-14,15:20:00,2025-05-29,14.0,14.0,14.0,14.0,0,44220,0
BANKNIFTY29MAY2560100CE.NFO,2025-05-14,15:21:00,2025-05-29,14.0,14.0,14.0,14.0,0,44220,0
BANKNIFTY29MAY2560100CE.NFO,2025-05-14,15:22:00,2025-05-29,14.0,14.8,13.4,14.8,210,43230,0
BANKNIFTY29MAY2560100CE.NFO,2025-05-14,15:23:00,2025-05-29,14.8,14.8,14.8,14.8,0,43230,0
BANKNIFTY29MAY2560100CE.NFO,2025-05-14,15:24:00,2025-05-29,14.8,15.65,14.8,15.2,90,43320,0
BANKNIFTY29MAY2560100CE.NFO,2025-05-14,15:25:00,2025-05-29,15.25,15.25,14.55,14.55,960,43350,0
BANKNIFTY29MAY2560100CE.NFO,2025-05-14,15:26:00,2025-05-29,14.55,14.6,14.5,14.6,480,43350,0
BANKNIFTY29MAY2560100CE.NFO,2025-05-14,15:27:00,2025-05-29,14.6,14.6,14.6,14.6,0,43350,0
BANKNIFTY29MAY2560100CE.NFO,2025-05-14,15:28:00,2025-05-29,14.6,15.45,14.6,15.45,60,43350,0
BANKNIFTY29MAY2560100CE.NFO,2025-05-14,15:29:00,2025-05-29,15.45,15.45,13.4,13.4,480,43200,0
BANKNIFTY29MAY2560100CE.NFO,2025-05-14,15:30:00,2025-05-29,13.4,13.4,13.4,13.4,480,43200,1
BANKNIFTY29MAY2560100CE.NFO,2025-05-15,09:15:00,2025-05-29,14.3,14.35,14.25,14.25,0,43200,0
BANKNIFTY29MAY2560100CE.NFO,2025-05-15,09:16:00,2025-05-29,14.25,14.25,13.6,13.6,90,43020,0
BANKNIFTY29MAY2560100CE.NFO,2025-05-15,09:17:00,2025-05-29,13.6,13.6,12.8,13.45,90,43020,0
BANKNIFTY29MAY2560100CE.NFO,2025-05-15,09:18:00,2025-05-29,13.45,13.45,11.6,12.8,1560,42750,0
BANKNIFTY29MAY2560100CE.NFO,2025-05-15,09:19:00,2025-05-29,12.8,13.25,12.8,13.25,840,42750,0
BANKNIFTY29MAY2560100CE.NFO,2025-05-15,09:20:00,2025-05-29,13.25,13.25,12.85,13.1,210,42750,0
BANKNIFTY29MAY2560100CE.NFO,2025-05-15,09:21:00,2025-05-29,13.1,13.1,12.95,13.1,60,42750,0
BANKNIFTY29MAY2560100CE.NFO,2025-05-15,09:22:00,2025-05-29,13.1,13.25,12.9,13.25,90,43380,0
BANKNIFTY29MAY2560100CE.NFO,2025-05-15,09:23:00,2025-05-29,13.25,13.25,12.85,12.85,570,43380,0
BANKNIFTY29MAY2560100CE.NFO,2025-05-15,09:24:00,2025-05-29,12.85,13.15,12.75,13.15,60,43380,0
BANKNIFTY29MAY2560100CE.NFO,2025-05-15,09:25:00,2025-05-29,12.95,13.3,12.65,12.75,240,43050,0
BANKNIFTY29MAY2560100CE.NFO,2025-05-15,09:26:00,2025-05-29,12.75,13.15,12.75,12.9,210,43050,0
BANKNIFTY29MAY2560100CE.NFO,2025-05-15,09:27:00,2025-05-29,12.9,13.1,12.7,12.9,450,43050,0
BANKNIFTY29MAY2560100CE.NFO,2025-05-15,09:28:00,2025-05-29,12.9,13.1,12.7,13.1,180,43080,0
BANKNIFTY29MAY2560100CE.NFO,2025-05-15,09:29:00,2025-05-29,13.1,13.2,13.0,13.2,360,43080,0
BANKNIFTY29MAY2560100CE.NFO,2025-05-15,09:30:00,2025-05-29,13.2,13.2,13.2,13.2,0,43080,0
BANKNIFTY29MAY2560100CE.NFO,2025-05-15,09:31:00,2025-05-29,13.2,13.2,13.2,13.2,0,43080,0
BANKNIFTY29MAY2560100CE.NFO,2025-05-15,09:32:00,2025-05-29,13.2,13.2,12.85,13.1,660,43140,0
BANKNIFTY29MAY2560100CE.NFO,2025-05-15,09:33:00,2025-05-29,13.1,13.1,12.8,13.1,150,43140,0
BANKNIFTY29MAY2560100CE.NFO,2025-05-15,09:34:00,2025-05-29,13.1,13.15,13.1,13.15,30,43500,0
BANKNIFTY29MAY2560100CE.NFO,2025-05-15,09:35:00,2025-05-29,12.8,12.9,12.3,12.3,720,43500,0
BANKNIFTY29MAY2560100CE.NFO,2025-05-15,09:36:00,2025-05-29,12.3,12.6,12.0,12.0,150,43500,0
BANKNIFTY29MAY2560100CE.NFO,2025-05-15,09:37:00,2025-05-29,12.0,12.1,12.0,12.1,60,42870,0
BANKNIFTY29MAY2560100CE.NFO,2025-05-15,09:38:00,2025-05-29,12.1,12.45,12.1,12.45,120,42870,0
BANKNIFTY29MAY2560100CE.NFO,2025-05-15,09:39:00,2025-05-29,12.45,12.45,12.45,12.45,0,42870,0
BANKNIFTY29MAY2560100CE.NFO,2025-05-15,09:40:00,2025-05-29,12.45,12.55,12.45,12.55,90,42930,0
BANKNIFTY29MAY2560100CE.NFO,2025-05-15,09:41:00,2025-05-29,12.1,12.45,12.1,12.3,150,42930,0
BANKNIFTY29MAY2560100CE.NFO,2025-05-15,09:42:00,2025-05-29,12.3,12.3,12.3,12.3,0,42930,0
BANKNIFTY29MAY2560100CE.NFO,2025-05-15,09:43:00,2025-05-29,12.3,12.3,12.3,12.3,0,42930,0
BANKNIFTY29MAY2560100CE.NFO,2025-05-15,09:44:00,2025-05-29,12.3,12.3,12.3,12.3,0,42930,0
BANKNIFTY29MAY2560100CE.NFO,2025-05-15,09:45:00,2025-05-29,12.3,12.3,12.3,12.3,0,42930,0
BANKNIFTY29MAY2560100CE.NFO,2025-05-15,09:46:00,2025-05-29,12.3,12.3,12.3,12.3,0,42930,0
BANKNIFTY29MAY2560100CE.NFO,2025-05-15,09:47:00,2025-05-29,12.3,12.3,12.3,12.3,0,42930,0
BANKNIFTY29MAY2560100CE.NFO,2025-05-15,09:48:00,2025-05-29,9.6,13.0,9.6,13.0,360,42960,0
BANKNIFTY29MAY2560100CE.NFO,2025-05-15,09:49:00,2025-05-29,13.0,13.0,12.25,12.25,60,42780,0
BANKNIFTY29MAY2560100CE.NFO,2025-05-15,09:50:00,2025-05-29,12.25,12.25,12.25,12.25,0,42780,0
BANKNIFTY29MAY2560100CE.NFO,2025-05-15,09:51:00,2025-05-29,12.25,12.25,12.25,12.25,0,42780,0
BANKNIFTY29MAY2560100CE.NFO,2025-05-15,09:52:00,2025-05-29,12.25,12.25,12.25,12.25,0,42780,0
BANKNIFTY29MAY2560100CE.NFO,2025-05-15,09:53:00,2025-05-29,12.25,12.25,12.25,12.25,0,42780,0
BANKNIFTY29MAY2560100CE.NFO,2025-05-15,09:54:00,2025-05-29,12.25,12.25,12.25,12.25,0,42780,0
BANKNIFTY29MAY2560100CE.NFO,2025-05-15,09:55:00,2025-05-29,12.25,12.25,12.25,12.25,0,42780,0
BANKNIFTY29MAY2560100CE.NFO,2025-05-15,09:56:00,2025-05-29,12.25,12.25,12.25,12.25,0,42780,0
BANKNIFTY29MAY2560100CE.NFO,2025-05-15,09:57:00,2025-05-29,12.25,12.25,12.25,12.25,0,42780,0
BANKNIFTY29MAY2560100CE.NFO,2025-05-15,09:58:00,2025-05-29,12.25,12.25,12.25,12.25,0,42780,0
BANKNIFTY29MAY2560100CE.NFO,2025-05-15,09:59:00,2025-05-29,12.25,12.25,12.25,12.25,0,42780,0
BANKNIFTY29MAY2560100CE.NFO,2025-05-15,10:00:00,2025-05-29,12.25,12.25,12.25,12.25,0,42780,0
BANKNIFTY29MAY2560100CE.NFO,2025-05-15,10:01:00,2025-05-29,12.25,12.25,12.25,12.25,0,42780,0
BANKNIFTY29MAY2560100CE.NFO,2025-05-15,10:02:00,2025-05-29,12.25,12.6,12.25,12.3,990,42810,0
BANKNIFTY29MAY2560100CE.NFO,2025-05-15,10:03:00,2025-05-29,12.3,12.3,12.3,12.3,0,42810,0
BANKNIFTY29MAY2560100CE.NFO,2025-05-15,10:04:00,2025-05-29,12.3,12.3,12.3,12.3,0,42810,0
BANKNIFTY29MAY2560100CE.NFO,2025-05-15,10:05:00,2025-05-29,12.3,12.3,12.3,12.3,0,42810,0
BANKNIFTY29MAY2560100CE.NFO,2025-05-15,10:06:00,2025-05-29,12.3,12.3,12.3,12.3,0,42810,0
BANKNIFTY29MAY2560100CE.NFO,2025-05-15,10:07:00,2025-05-29,12.3,12.3,12.3,12.3,0,42810,0
BANKNIFTY29MAY2560100CE.NFO,2025-05-15,10:08:00,2025-05-29,12.3,12.35,12.3,12.35,60,42690,0
BANKNIFTY29MAY2560100CE.NFO,2025-05-15,10:09:00,2025-05-29,12.35,13.05,12.35,12.7,180,42690,0
BANKNIFTY29MAY2560100CE.NFO,2025-05-15,10:10:00,2025-05-29,12.7,12.7,12.7,12.7,270,42690,0
BANKNIFTY29MAY2560100CE.NFO,2025-05-15,10:11:00,2025-05-29,12.7,12.85,12.6,12.8,690,42690,0
BANKNIFTY29MAY2560100CE.NFO,2025-05-15,10:12:00,2025-05-29,12.8,12.9,12.8,12.85,1530,43800,0
BANKNIFTY29MAY2560100CE.NFO,2025-05-15,10:13:00,2025-05-29,12.85,12.9,12.75,12.8,1590,43800,0
BANKNIFTY29MAY2560100CE.NFO,2025-05-15,10:14:00,2025-05-29,12.8,12.8,12.8,12.8,0,43800,0
BANKNIFTY29MAY2560100CE.NFO,2025-05-15,10:15:00,2025-05-29,12.8,12.8,12.8,12.8,0,43800,0
BANKNIFTY29MAY2560100CE.NFO,2025-05-15,10:16:00,2025-05-29,12.8,12.8,12.8,12.8,0,43800,0
BANKNIFTY29MAY2560100CE.NFO,2025-05-15,10:17:00,2025-05-29,12.8,12.8,12.8,12.8,0,43800,0
BANKNIFTY29MAY2560100CE.NFO,2025-05-15,10:18:00,2025-05-29,12.8,12.8,12.8,12.8,0,43800,0
BANKNIFTY29MAY2560100CE.NFO,2025-05-15,10:19:00,2025-05-29,12.8,12.8,12.8,12.8,0,43800,0
BANKNIFTY29MAY2560100CE.NFO,2025-05-15,10:20:00,2025-05-29,12.8,12.8,12.8,12.8,0,43800,0
BANKNIFTY29MAY2560100CE.NFO,2025-05-15,10:21:00,2025-05-29,12.8,12.8,12.8,12.8,0,43800,0
BANKNIFTY29MAY2560100CE.NFO,2025-05-15,10:22:00,2025-05-29,12.8,12.8,12.8,12.8,0,43800,0
BANKNIFTY29MAY2560100CE.NFO,2025-05-15,10:23:00,2025-05-29,12.8,12.8,12.35,12.35,210,44340,0
BANKNIFTY29MAY2560100CE.NFO,2025-05-15,10:24:00,2025-05-29,12.35,12.35,12.35,12.35,60,44340,0
BANKNIFTY29MAY2560100CE.NFO,2025-05-15,10:25:00,2025-05-29,12.35,12.35,12.35,12.35,0,44340,0
BANKNIFTY29MAY2560100CE.NFO,2025-05-15,10:26:00,2025-05-29,12.35,12.35,12.35,12.35,0,44340,0
BANKNIFTY29MAY2560100CE.NFO,2025-05-15,10:27:00,2025-05-29,12.35,12.35,12.3,12.3,30,44370,0
BANKNIFTY29MAY2560100CE.NFO,2025-05-15,10:28:00,2025-05-29,12.3,12.3,12.3,12.3,0,44370,0
BANKNIFTY29MAY2560100CE.NFO,2025-05-15,10:29:00,2025-05-29,12.3,12.3,12.3,12.3,0,44370,0
BANKNIFTY29MAY2560100CE.NFO,2025-05-15,10:30:00,2025-05-29,12.3,12.3,12.3,12.3,0,44370,0
BANKNIFTY29MAY2560100CE.NFO,2025-05-15,10:31:00,2025-05-29,12.3,12.3,12.3,12.3,0,44370,0
BANKNIFTY29MAY2560100CE.NFO,2025-05-15,10:32:00,2025-05-29,12.3,12.3,12.3,12.3,0,44370,0
BANKNIFTY29MAY2560100CE.NFO,2025-05-15,10:33:00,2025-05-29,12.3,12.3,12.3,12.3,0,44370,0
BANKNIFTY29MAY2560100CE.NFO,2025-05-15,10:34:00,2025-05-29,12.3,12.3,12.3,12.3,0,44370,0
BANKNIFTY29MAY2560100CE.NFO,2025-05-15,10:35:00,2025-05-29,12.3,12.3,12.3,12.3,0,44370,0
BANKNIFTY29MAY2560100CE.NFO,2025-05-15,10:36:00,2025-05-29,12.3,12.3,12.3,12.3,0,44370,0
BANKNIFTY29MAY2560100CE.NFO,2025-05-15,10:37:00,2025-05-29,12.3,12.3,12.3,12.3,0,44370,0
BANKNIFTY29MAY2560100CE.NFO,2025-05-15,10:38:00,2025-05-29,12.3,14.25,12.3,12.85,0,44370,0
BANKNIFTY29MAY2560100CE.NFO,2025-05-15,10:39:00,2025-05-29,13.65,13.65,13.65,13.65,270,44370,0
BANKNIFTY29MAY2560100CE.NFO,2025-05-15,10:40:00,2025-05-29,13.65,13.65,13.65,13.65,0,44370,0
BANKNIFTY29MAY2560100CE.NFO,2025-05-15,10:41:00,2025-05-29,13.65,13.65,13.65,13.65,0,44370,0
BANKNIFTY29MAY2560100CE.NFO,2025-05-15,10:42:00,2025-05-29,13.65,13.65,13.65,13.65,0,44370,0
BANKNIFTY29MAY2560100CE.NFO,2025-05-15,10:43:00,2025-05-29,13.65,13.65,13.65,13.65,0,44370,0
BANKNIFTY29MAY2560100CE.NFO,2025-05-15,10:44:00,2025-05-29,13.65,13.65,13.65,13.65,0,44370,0
BANKNIFTY29MAY2560100CE.NFO,2025-05-15,10:45:00,2025-05-29,13.65,13.65,13.65,13.65,0,44370,0
BANKNIFTY29MAY2560100CE.NFO,2025-05-15,10:46:00,2025-05-29,13.65,13.65,13.65,13.65,0,44370,0
BANKNIFTY29MAY2560100CE.NFO,2025-05-15,10:47:00,2025-05-29,13.65,13.65,13.65,13.65,0,44370,0
BANKNIFTY29MAY2560100CE.NFO,2025-05-15,10:48:00,2025-05-29,13.65,13.65,13.65,13.65,0,44370,0
BANKNIFTY29MAY2560100CE.NFO,2025-05-15,10:49:00,2025-05-29,13.65,13.65,13.65,13.65,0,44370,0
BANKNIFTY29MAY2560100CE.NFO,2025-05-15,10:50:00,2025-05-29,13.65,13.65,13.65,13.65,0,44370,0
BANKNIFTY29MAY2560100CE.NFO,2025-05-15,10:51:00,2025-05-29,13.65,13.65,13.65,13.65,0,44370,0
BANKNIFTY29MAY2560100CE.NFO,2025-05-15,10:52:00,2025-05-29,13.65,13.65,13.65,13.65,0,44370,0
BANKNIFTY29MAY2560100CE.NFO,2025-05-15,10:53:00,2025-05-29,13.65,13.65,13.65,13.65,0,44370,0
BANKNIFTY29MAY2560100CE.NFO,2025-05-15,10:54:00,2025-05-29,13.65,13.65,13.65,13.65,0,44370,0
BANKNIFTY29MAY2560100CE.NFO,2025-05-15,10:55:00,2025-05-29,13.65,13.65,13.65,13.65,0,44370,0
BANKNIFTY29MAY2560100CE.NFO,2025-05-15,10:56:00,2025-05-29,13.65,13.65,13.65,13.65,0,44370,0
BANKNIFTY29MAY2560100CE.NFO,2025-05-15,10:57:00,2025-05-29,13.65,13.65,13.65,13.65,0,44370,0
BANKNIFTY29MAY2560100CE.NFO,2025-05-15,10:58:00,2025-05-29,13.65,14.9,13.65,14.9,150,44520,0
BANKNIFTY29MAY2560100CE.NFO,2025-05-15,10:59:00,2025-05-29,14.85,14.9,14.65,14.65,480,44520,0
BANKNIFTY29MAY2560100CE.NFO,2025-05-15,11:00:00,2025-05-29,14.65,15.0,14.0,14.0,90,44520,0
BANKNIFTY29MAY2560100CE.NFO,2025-05-15,11:01:00,2025-05-29,14.0,14.4,13.6,13.6,390,44730,0
BANKNIFTY29MAY2560100CE.NFO,2025-05-15,11:02:00,2025-05-29,13.6,13.6,13.6,13.6,0,44730,0
BANKNIFTY29MAY2560100CE.NFO,2025-05-15,11:03:00,2025-05-29,13.6,13.6,13.6,13.6,0,44730,0
BANKNIFTY29MAY2560100CE.NFO,2025-05-15,11:04:00,2025-05-29,13.6,13.6,13.6,13.6,0,44730,0
BANKNIFTY29MAY2560100CE.NFO,2025-05-15,11:05:00,2025-05-29,13.6,15.1,13.0,15.1,750,44760,0
BANKNIFTY29MAY2560100CE.NFO,2025-05-15,11:06:00,2025-05-29,15.1,15.1,15.1,15.1,0,44760,0
BANKNIFTY29MAY2560100CE.NFO,2025-05-15,11:07:00,2025-05-29,15.1,15.1,13.75,13.75,420,44760,0
BANKNIFTY29MAY2560100CE.NFO,2025-05-15,11:08:00,2025-05-29,13.75,13.75,13.75,13.75,0,44760,0
BANKNIFTY29MAY2560100CE.NFO,2025-05-15,11:09:00,2025-05-29,13.75,13.75,13.0,13.0,480,43800,0
BANKNIFTY29MAY2560100CE.NFO,2025-05-15,11:10:00,2025-05-29,13.0,13.0,13.0,13.0,0,43800,0
BANKNIFTY29MAY2560100CE.NFO,2025-05-15,11:11:00,2025-05-29,13.0,13.0,13.0,13.0,0,43800,0
BANKNIFTY29MAY2560100CE.NFO,2025-05-15,11:12:00,2025-05-29,13.0,13.0,13.0,13.0,0,43800,0
BANKNIFTY29MAY2560100CE.NFO,2025-05-15,11:13:00,2025-05-29,13.0,13.0,11.85,12.7,300,43920,0
BANKNIFTY29MAY2560100CE.NFO,2025-05-15,11:14:00,2025-05-29,12.6,12.6,12.6,12.6,450,43920,0
BANKNIFTY29MAY2560100CE.NFO,2025-05-15,11:15:00,2025-05-29,12.6,12.6,12.6,12.6,0,43920,0
BANKNIFTY29MAY2560100CE.NFO,2025-05-15,11:16:00,2025-05-29,12.6,12.6,12.6,12.6,0,43920,0
BANKNIFTY29MAY2560100CE.NFO,2025-05-15,11:17:00,2025-05-29,12.6,12.6,12.6,12.6,0,43920,0
BANKNIFTY29MAY2560100CE.NFO,2025-05-15,11:18:00,2025-05-29,12.6,12.6,12.6,12.6,0,43920,0
BANKNIFTY29MAY2560100CE.NFO,2025-05-15,11:19:00,2025-05-29,13.45,13.45,13.15,13.15,60,44190,0
BANKNIFTY29MAY2560100CE.NFO,2025-05-15,11:20:00,2025-05-29,13.15,13.15,13.15,13.15,0,44190,0
BANKNIFTY29MAY2560100CE.NFO,2025-05-15,11:21:00,2025-05-29,13.15,13.15,13.15,13.15,0,44190,0
BANKNIFTY29MAY2560100CE.NFO,2025-05-15,11:22:00,2025-05-29,13.15,13.15,13.15,13.15,0,44190,0
BANKNIFTY29MAY2560100CE.NFO,2025-05-15,11:23:00,2025-05-29,13.15,13.15,13.15,13.15,0,44190,0
BANKNIFTY29MAY2560100CE.NFO,2025-05-15,11:24:00,2025-05-29,13.15,13.15,13.15,13.15,0,44190,0
BANKNIFTY29MAY2560100CE.NFO,2025-05-15,11:25:00,2025-05-29,13.15,13.15,13.15,13.15,0,44190,0
BANKNIFTY29MAY2560100CE.NFO,2025-05-15,11:26:00,2025-05-29,13.15,13.15,13.15,13.15,0,44190,0
BANKNIFTY29MAY2560100CE.NFO,2025-05-15,11:27:00,2025-05-29,13.15,13.15,13.15,13.15,0,44190,0
BANKNIFTY29MAY2560100CE.NFO,2025-05-15,11:28:00,2025-05-29,13.15,13.15,13.15,13.15,0,44190,0
BANKNIFTY29MAY2560100CE.NFO,2025-05-15,11:29:00,2025-05-29,13.15,13.15,13.15,13.15,0,44190,0
BANKNIFTY29MAY2560100CE.NFO,2025-05-15,11:30:00,2025-05-29,13.15,13.15,13.15,13.15,0,44190,0
BANKNIFTY29MAY2560100CE.NFO,2025-05-15,11:31:00,2025-05-29,13.15,13.15,13.15,13.15,0,44190,0
BANKNIFTY29MAY2560100CE.NFO,2025-05-15,11:32:00,2025-05-29,13.15,13.15,13.15,13.15,0,44190,0
BANKNIFTY29MAY2560100CE.NFO,2025-05-15,11:33:00,2025-05-29,13.15,13.15,13.15,13.15,0,44190,0
BANKNIFTY29MAY2560100CE.NFO,2025-05-15,11:34:00,2025-05-29,10.65,10.65,10.65,10.65,240,44190,0
BANKNIFTY29MAY2560100CE.NFO,2025-05-15,11:35:00,2025-05-29,10.65,10.65,10.65,10.65,0,44190,0
BANKNIFTY29MAY2560100CE.NFO,2025-05-15,11:36:00,2025-05-29,10.65,10.65,10.65,10.65,0,44190,0
BANKNIFTY29MAY2560100CE.NFO,2025-05-15,11:37:00,2025-05-29,10.65,10.65,10.65,10.65,0,44190,0
BANKNIFTY29MAY2560100CE.NFO,2025-05-15,11:38:00,2025-05-29,10.65,10.65,10.65,10.65,0,44190,0
BANKNIFTY29MAY2560100CE.NFO,2025-05-15,11:39:00,2025-05-29,10.65,10.65,10.65,10.65,0,44190,0
BANKNIFTY29MAY2560100CE.NFO,2025-05-15,11:40:00,2025-05-29,10.65,10.65,10.65,10.65,0,44190,0
BANKNIFTY29MAY2560100CE.NFO,2025-05-15,11:41:00,2025-05-29,10.65,10.65,10.65,10.65,0,44190,0
BANKNIFTY29MAY2560100CE.NFO,2025-05-15,11:42:00,2025-05-29,10.65,10.65,10.65,10.65,0,44190,0
BANKNIFTY29MAY2560100CE.NFO,2025-05-15,11:43:00,2025-05-29,10.65,10.65,10.65,10.65,0,44190,0
BANKNIFTY29MAY2560100CE.NFO,2025-05-15,11:44:00,2025-05-29,10.65,10.65,10.65,10.65,0,44190,0
BANKNIFTY29MAY2560100CE.NFO,2025-05-15,11:45:00,2025-05-29,10.65,10.65,10.65,10.65,0,44190,0
BANKNIFTY29MAY2560100CE.NFO,2025-05-15,11:46:00,2025-05-29,10.65,14.65,10.65,14.55,120,44130,0
BANKNIFTY29MAY2560100CE.NFO,2025-05-15,11:47:00,2025-05-29,14.55,14.55,14.55,14.55,0,44130,0
BANKNIFTY29MAY2560100CE.NFO,2025-05-15,11:48:00,2025-05-29,14.55,14.55,14.55,14.55,0,44130,0
BANKNIFTY29MAY2560100CE.NFO,2025-05-15,11:49:00,2025-05-29,14.55,14.55,11.3,11.3,30,44130,0
BANKNIFTY29MAY2560100CE.NFO,2025-05-15,11:50:00,2025-05-29,11.3,11.3,11.3,11.3,0,44130,0
BANKNIFTY29MAY2560100CE.NFO,2025-05-15,11:51:00,2025-05-29,11.3,11.3,11.3,11.3,0,44130,0
BANKNIFTY29MAY2560100CE.NFO,2025-05-15,11:52:00,2025-05-29,11.3,11.3,11.3,11.3,0,44130,0
BANKNIFTY29MAY2560100CE.NFO,2025-05-15,11:53:00,2025-05-29,11.3,11.3,11.3,11.3,0,44130,0
BANKNIFTY29MAY2560100CE.NFO,2025-05-15,11:54:00,2025-05-29,11.3,11.3,11.3,11.3,0,44130,0
BANKNIFTY29MAY2560100CE.NFO,2025-05-15,11:55:00,2025-05-29,11.3,11.3,11.3,11.3,0,44130,0
BANKNIFTY29MAY2560100CE.NFO,2025-05-15,11:56:00,2025-05-29,11.3,11.3,11.3,11.3,0,44130,0
BANKNIFTY29MAY2560100CE.NFO,2025-05-15,11:57:00,2025-05-29,11.3,11.3,11.3,11.3,0,44130,0
BANKNIFTY29MAY2560100CE.NFO,2025-05-15,11:58:00,2025-05-29,11.3,11.3,11.3,11.3,0,44130,0
BANKNIFTY29MAY2560100CE.NFO,2025-05-15,11:59:00,2025-05-29,11.3,11.3,11.3,11.3,0,44130,0
BANKNIFTY29MAY2560100CE.NFO,2025-05-15,12:00:00,2025-05-29,11.3,11.3,11.3,11.3,0,44130,0
BANKNIFTY29MAY2560100CE.NFO,2025-05-15,12:01:00,2025-05-29,11.3,11.3,11.3,11.3,0,44130,0
BANKNIFTY29MAY2560100CE.NFO,2025-05-15,12:02:00,2025-05-29,11.3,11.3,11.3,11.3,0,44130,0
BANKNIFTY29MAY2560100CE.NFO,2025-05-15,12:03:00,2025-05-29,11.3,11.3,11.3,11.3,0,44130,0
BANKNIFTY29MAY2560100CE.NFO,2025-05-15,12:04:00,2025-05-29,11.3,11.3,11.3,11.3,0,44130,0
BANKNIFTY29MAY2560100CE.NFO,2025-05-15,12:05:00,2025-05-29,11.3,11.3,11.3,11.3,0,44130,0
BANKNIFTY29MAY2560100CE.NFO,2025-05-15,12:06:00,2025-05-29,11.3,11.3,11.3,11.3,0,44130,0
BANKNIFTY29MAY2560100CE.NFO,2025-05-15,12:07:00,2025-05-29,11.3,15.0,11.3,12.1,510,44160,0
BANKNIFTY29MAY2560100CE.NFO,2025-05-15,12:08:00,2025-05-29,12.1,12.1,12.1,12.1,0,44160,0
BANKNIFTY29MAY2560100CE.NFO,2025-05-15,12:09:00,2025-05-29,12.1,12.1,12.1,12.1,0,44160,0
BANKNIFTY29MAY2560100CE.NFO,2025-05-15,12:10:00,2025-05-29,12.1,12.1,12.1,12.1,0,44160,0
BANKNIFTY29MAY2560100CE.NFO,2025-05-15,12:11:00,2025-05-29,12.1,12.1,12.1,12.1,0,44160,0
BANKNIFTY29MAY2560100CE.NFO,2025-05-15,12:12:00,2025-05-29,12.1,13.05,12.1,12.5,150,43800,0
BANKNIFTY29MAY2560100CE.NFO,2025-05-15,12:13:00,2025-05-29,12.5,12.5,12.5,12.5,0,43800,0
BANKNIFTY29MAY2560100CE.NFO,2025-05-15,12:14:00,2025-05-29,12.5,12.5,12.5,12.5,0,43800,0
BANKNIFTY29MAY2560100CE.NFO,2025-05-15,12:15:00,2025-05-29,12.5,12.5,12.5,12.5,0,43800,0
BANKNIFTY29MAY2560100CE.NFO,2025-05-15,12:16:00,2025-05-29,12.5,13.45,12.5,12.9,630,43800,0
BANKNIFTY29MAY2560100CE.NFO,2025-05-15,12:17:00,2025-05-29,12.9,12.9,12.6,12.6,30,43800,0
BANKNIFTY29MAY2560100CE.NFO,2025-05-15,12:18:00,2025-05-29,12.6,12.6,12.6,12.6,0,43800,0
BANKNIFTY29MAY2560100CE.NFO,2025-05-15,12:19:00,2025-05-29,12.6,12.6,12.6,12.6,0,43800,0
BANKNIFTY29MAY2560100CE.NFO,2025-05-15,12:20:00,2025-05-29,12.6,12.6,12.6,12.6,0,43800,0
BANKNIFTY29MAY2560100CE.NFO,2025-05-15,12:21:00,2025-05-29,12.6,12.6,12.6,12.6,0,43800,0
BANKNIFTY29MAY2560100CE.NFO,2025-05-15,12:22:00,2025-05-29,12.6,12.6,12.6,12.6,0,43800,0
BANKNIFTY29MAY2560100CE.NFO,2025-05-15,12:23:00,2025-05-29,12.6,12.6,12.6,12.6,0,43800,0
BANKNIFTY29MAY2560100CE.NFO,2025-05-15,12:24:00,2025-05-29,12.6,12.6,12.6,12.6,0,43800,0
BANKNIFTY29MAY2560100CE.NFO,2025-05-15,12:25:00,2025-05-29,12.6,12.6,12.6,12.6,0,43800,0
BANKNIFTY29MAY2560100CE.NFO,2025-05-15,12:26:00,2025-05-29,12.6,12.6,12.6,12.6,0,43800,0
BANKNIFTY29MAY2560100CE.NFO,2025-05-15,12:27:00,2025-05-29,12.6,12.6,12.6,12.6,0,43800,0
BANKNIFTY29MAY2560100CE.NFO,2025-05-15,12:28:00,2025-05-29,12.6,12.6,12.55,12.55,30,43770,0
BANKNIFTY29MAY2560100CE.NFO,2025-05-15,12:29:00,2025-05-29,12.55,12.55,12.55,12.55,0,43770,0
BANKNIFTY29MAY2560100CE.NFO,2025-05-15,12:30:00,2025-05-29,12.55,12.55,12.55,12.55,0,43770,0
BANKNIFTY29MAY2560100CE.NFO,2025-05-15,12:31:00,2025-05-29,12.55,12.6,12.55,12.6,300,43770,0
BANKNIFTY29MAY2560100CE.NFO,2025-05-15,12:32:00,2025-05-29,12.6,12.6,12.6,12.6,0,43770,0
BANKNIFTY29MAY2560100CE.NFO,2025-05-15,12:33:00,2025-05-29,12.6,12.6,12.6,12.6,0,43770,0
BANKNIFTY29MAY2560100CE.NFO,2025-05-15,12:34:00,2025-05-29,12.6,12.6,12.6,12.6,0,43770,0
BANKNIFTY29MAY2560100CE.NFO,2025-05-15,12:35:00,2025-05-29,12.6,12.6,12.6,12.6,0,43770,0
BANKNIFTY29MAY2560100CE.NFO,2025-05-15,12:36:00,2025-05-29,12.6,12.6,12.6,12.6,0,43770,0
BANKNIFTY29MAY2560100CE.NFO,2025-05-15,12:37:00,2025-05-29,12.6,12.6,12.6,12.6,0,43770,0
BANKNIFTY29MAY2560100CE.NFO,2025-05-15,12:38:00,2025-05-29,12.6,12.6,12.6,12.6,0,43770,0
BANKNIFTY29MAY2560100CE.NFO,2025-05-15,12:39:00,2025-05-29,12.6,12.6,12.35,12.35,30,44010,0
BANKNIFTY29MAY2560100CE.NFO,2025-05-15,12:40:00,2025-05-29,12.35,12.35,12.35,12.35,0,44010,0
BANKNIFTY29MAY2560100CE.NFO,2025-05-15,12:41:00,2025-05-29,12.35,12.35,12.35,12.35,0,44010,0
BANKNIFTY29MAY2560100CE.NFO,2025-05-15,12:42:00,2025-05-29,12.35,12.35,12.35,12.35,0,44010,0
BANKNIFTY29MAY2560100CE.NFO,2025-05-15,12:43:00,2025-05-29,12.35,12.35,12.35,12.35,0,44010,0
BANKNIFTY29MAY2560100CE.NFO,2025-05-15,12:44:00,2025-05-29,12.35,12.35,12.35,12.35,0,44010,0
BANKNIFTY29MAY2560100CE.NFO,2025-05-15,12:45:00,2025-05-29,12.35,12.35,12.35,12.35,0,44010,0
BANKNIFTY29MAY2560100CE.NFO,2025-05-15,12:46:00,2025-05-29,12.35,12.35,12.35,12.35,0,44010,0
BANKNIFTY29MAY2560100CE.NFO,2025-05-15,12:47:00,2025-05-29,12.35,12.35,12.35,12.35,0,44010,0
BANKNIFTY29MAY2560100CE.NFO,2025-05-15,12:48:00,2025-05-29,12.35,12.35,12.35,12.35,0,44010,0
BANKNIFTY29MAY2560100CE.NFO,2025-05-15,12:49:00,2025-05-29,12.35,12.35,12.35,12.35,0,44010,0
BANKNIFTY29MAY2560100CE.NFO,2025-05-15,12:50:00,2025-05-29,12.35,12.35,12.35,12.35,0,44010,0
BANKNIFTY29MAY2560100CE.NFO,2025-05-15,12:51:00,2025-05-29,12.35,12.35,12.35,12.35,0,44010,0
BANKNIFTY29MAY2560100CE.NFO,2025-05-15,12:52:00,2025-05-29,12.35,12.35,12.35,12.35,0,44010,0
BANKNIFTY29MAY2560100CE.NFO,2025-05-15,12:53:00,2025-05-29,12.35,12.35,11.05,11.05,30,44010,0
BANKNIFTY29MAY2560100CE.NFO,2025-05-15,12:54:00,2025-05-29,11.05,12.5,11.05,12.5,120,44010,0
BANKNIFTY29MAY2560100CE.NFO,2025-05-15,12:55:00,2025-05-29,12.5,12.5,12.5,12.5,0,44010,0
BANKNIFTY29MAY2560100CE.NFO,2025-05-15,12:56:00,2025-05-29,12.5,13.1,12.5,13.1,30,44100,0
BANKNIFTY29MAY2560100CE.NFO,2025-05-15,12:57:00,2025-05-29,13.1,13.1,13.1,13.1,0,44100,0
BANKNIFTY29MAY2560100CE.NFO,2025-05-15,12:58:00,2025-05-29,13.1,13.1,13.1,13.1,0,44100,0
BANKNIFTY29MAY2560100CE.NFO,2025-05-15,12:59:00,2025-05-29,13.1,13.1,12.1,12.1,120,44100,0
BANKNIFTY29MAY2560100CE.NFO,2025-05-15,13:00:00,2025-05-29,12.1,12.1,12.1,12.1,0,44100,0
BANKNIFTY29MAY2560100CE.NFO,2025-05-15,13:01:00,2025-05-29,12.1,12.9,12.1,12.9,30,44100,0
BANKNIFTY29MAY2560100CE.NFO,2025-05-15,13:02:00,2025-05-29,12.9,12.9,11.65,11.65,30,44070,0
BANKNIFTY29MAY2560100CE.NFO,2025-05-15,13:03:00,2025-05-29,11.65,11.65,11.65,11.65,0,44070,0
BANKNIFTY29MAY2560100CE.NFO,2025-05-15,13:04:00,2025-05-29,11.65,11.65,11.65,11.65,0,44070,0
BANKNIFTY29MAY2560100CE.NFO,2025-05-15,13:05:00,2025-05-29,11.65,12.8,11.65,12.8,30,44070,0
BANKNIFTY29MAY2560100CE.NFO,2025-05-15,13:06:00,2025-05-29,12.8,12.8,12.8,12.8,0,44070,0
BANKNIFTY29MAY2560100CE.NFO,2025-05-15,13:07:00,2025-05-29,12.8,12.8,12.8,12.8,0,44070,0
BANKNIFTY29MAY2560100CE.NFO,2025-05-15,13:08:00,2025-05-29,12.8,12.8,12.8,12.8,0,44070,0
BANKNIFTY29MAY2560100CE.NFO,2025-05-15,13:09:00,2025-05-29,12.8,12.8,12.8,12.8,0,44070,0
BANKNIFTY29MAY2560100CE.NFO,2025-05-15,13:10:00,2025-05-29,12.8,12.8,12.8,12.8,0,44070,0
BANKNIFTY29MAY2560100CE.NFO,2025-05-15,13:11:00,2025-05-29,12.8,12.8,12.8,12.8,0,44070,0
BANKNIFTY29MAY2560100CE.NFO,2025-05-15,13:12:00,2025-05-29,12.8,12.8,12.8,12.8,0,44070,0
BANKNIFTY29MAY2560100CE.NFO,2025-05-15,13:13:00,2025-05-29,12.8,12.8,12.8,12.8,0,44070,0
BANKNIFTY29MAY2560100CE.NFO,2025-05-15,13:14:00,2025-05-29,12.8,14.05,12.45,12.5,1530,44070,0
BANKNIFTY29MAY2560100CE.NFO,2025-05-15,13:15:00,2025-05-29,12.5,12.9,12.5,12.85,570,44070,0
BANKNIFTY29MAY2560100CE.NFO,2025-05-15,13:16:00,2025-05-29,12.85,12.85,12.6,12.6,450,44070,0
BANKNIFTY29MAY2560100CE.NFO,2025-05-15,13:17:00,2025-05-29,12.6,12.6,12.6,12.6,0,44070,0
BANKNIFTY29MAY2560100CE.NFO,2025-05-15,13:18:00,2025-05-29,12.6,12.6,12.6,12.6,0,44070,0
BANKNIFTY29MAY2560100CE.NFO,2025-05-15,13:19:00,2025-05-29,12.6,13.0,12.6,13.0,1080,44070,0
BANKNIFTY29MAY2560100CE.NFO,2025-05-15,13:20:00,2025-05-29,13.0,13.0,13.0,13.0,0,44070,0
BANKNIFTY29MAY2560100CE.NFO,2025-05-15,13:21:00,2025-05-29,13.0,13.0,12.9,12.9,30,44070,0
BANKNIFTY29MAY2560100CE.NFO,2025-05-15,13:22:00,2025-05-29,12.9,13.25,12.9,13.25,240,44040,0
BANKNIFTY29MAY2560100CE.NFO,2025-05-15,13:23:00,2025-05-29,13.25,13.25,13.1,13.1,420,44040,0
BANKNIFTY29MAY2560100CE.NFO,2025-05-15,13:24:00,2025-05-29,13.1,13.5,13.1,13.5,150,44040,0
BANKNIFTY29MAY2560100CE.NFO,2025-05-15,13:25:00,2025-05-29,13.5,13.5,13.45,13.45,330,44040,0
BANKNIFTY29MAY2560100CE.NFO,2025-05-15,13:26:00,2025-05-29,13.45,13.45,13.35,13.35,30,44160,0
BANKNIFTY29MAY2560100CE.NFO,2025-05-15,13:27:00,2025-05-29,13.35,13.35,13.35,13.35,0,44160,0
BANKNIFTY29MAY2560100CE.NFO,2025-05-15,13:28:00,2025-05-29,13.35,13.35,13.35,13.35,0,44160,0
BANKNIFTY29MAY2560100CE.NFO,2025-05-15,13:29:00,2025-05-29,13.35,13.35,13.35,13.35,0,44160,0
BANKNIFTY29MAY2560100CE.NFO,2025-05-15,13:30:00,2025-05-29,13.35,14.6,13.35,14.6,60,44130,0
BANKNIFTY29MAY2560100CE.NFO,2025-05-15,13:31:00,2025-05-29,14.6,15.15,14.6,15.15,240,44070,0
BANKNIFTY29MAY2560100CE.NFO,2025-05-15,13:32:00,2025-05-29,15.15,15.9,15.0,15.25,1110,44070,0
BANKNIFTY29MAY2560100CE.NFO,2025-05-15,13:33:00,2025-05-29,15.25,15.25,14.85,14.9,720,44070,0
BANKNIFTY29MAY2560100CE.NFO,2025-05-15,13:34:00,2025-05-29,14.9,14.9,14.8,14.8,90,42780,0
BANKNIFTY29MAY2560100CE.NFO,2025-05-15,13:35:00,2025-05-29,14.8,14.8,14.8,14.8,0,42780,0
BANKNIFTY29MAY2560100CE.NFO,2025-05-15,13:36:00,2025-05-29,14.8,15.15,14.75,14.75,540,42780,0
BANKNIFTY29MAY2560100CE.NFO,2025-05-15,13:37:00,2025-05-29,14.75,15.95,14.75,15.6,360,42630,0
BANKNIFTY29MAY2560100CE.NFO,2025-05-15,13:38:00,2025-05-29,15.6,15.6,15.6,15.6,0,42630,0
BANKNIFTY29MAY2560100CE.NFO,2025-05-15,13:39:00,2025-05-29,15.6,15.95,15.45,15.95,210,42630,0
BANKNIFTY29MAY2560100CE.NFO,2025-05-15,13:40:00,2025-05-29,15.95,15.95,15.35,15.95,1020,42480,0
BANKNIFTY29MAY2560100CE.NFO,2025-05-15,13:41:00,2025-05-29,15.95,15.95,15.65,15.65,210,42480,0
BANKNIFTY29MAY2560100CE.NFO,2025-05-15,13:42:00,2025-05-29,15.65,15.8,15.65,15.65,480,42480,0
BANKNIFTY29MAY2560100CE.NFO,2025-05-15,13:43:00,2025-05-29,15.65,15.7,15.55,15.55,270,42480,0
BANKNIFTY29MAY2560100CE.NFO,2025-05-15,13:44:00,2025-05-29,15.55,15.75,15.55,15.7,330,41490,0
BANKNIFTY29MAY2560100CE.NFO,2025-05-15,13:45:00,2025-05-29,15.7,16.0,15.7,16.0,1110,41490,0
BANKNIFTY29MAY2560100CE.NFO,2025-05-15,13:46:00,2025-05-29,16.0,16.3,15.9,16.3,180,41490,0
BANKNIFTY29MAY2560100CE.NFO,2025-05-15,13:47:00,2025-05-29,16.3,16.95,16.3,16.95,390,41460,0
BANKNIFTY29MAY2560100CE.NFO,2025-05-15,13:48:00,2025-05-29,16.95,17.15,16.9,16.9,870,41460,0
BANKNIFTY29MAY2560100CE.NFO,2025-05-15,13:49:00,2025-05-29,16.9,17.45,16.9,17.45,210,41790,0
BANKNIFTY29MAY2560100CE.NFO,2025-05-15,13:50:00,2025-05-29,17.45,17.45,17.0,17.3,120,41790,0
BANKNIFTY29MAY2560100CE.NFO,2025-05-15,13:51:00,2025-05-29,17.3,17.65,17.3,17.6,210,41790,0
BANKNIFTY29MAY2560100CE.NFO,2025-05-15,13:52:00,2025-05-29,17.6,18.6,17.4,17.75,1050,41250,0
BANKNIFTY29MAY2560100CE.NFO,2025-05-15,13:53:00,2025-05-29,17.75,18.65,15.95,15.95,1230,41250,0
BANKNIFTY29MAY2560100CE.NFO,2025-05-15,13:54:00,2025-05-29,15.55,15.75,14.55,14.9,1080,41250,0
BANKNIFTY29MAY2560100CE.NFO,2025-05-15,13:55:00,2025-05-29,14.9,15.85,14.9,15.85,90,40950,0
BANKNIFTY29MAY2560100CE.NFO,2025-05-15,13:56:00,2025-05-29,15.85,16.2,15.85,16.2,30,40950,0
BANKNIFTY29MAY2560100CE.NFO,2025-05-15,13:57:00,2025-05-29,16.2,16.2,16.2,16.2,0,40950,0
BANKNIFTY29MAY2560100CE.NFO,2025-05-15,13:58:00,2025-05-29,16.2,16.4,16.2,16.3,510,40950,0
BANKNIFTY29MAY2560100CE.NFO,2025-05-15,13:59:00,2025-05-29,16.3,16.7,16.3,16.7,150,40500,0
BANKNIFTY29MAY2560100CE.NFO,2025-05-15,14:00:00,2025-05-29,16.7,16.7,14.5,14.5,750,40500,0
BANKNIFTY29MAY2560100CE.NFO,2025-05-15,14:01:00,2025-05-29,14.5,14.5,14.5,14.5,60,40470,0
BANKNIFTY29MAY2560100CE.NFO,2025-05-15,14:02:00,2025-05-29,14.5,15.8,14.5,15.8,30,40470,0
BANKNIFTY29MAY2560100CE.NFO,2025-05-15,14:03:00,2025-05-29,15.8,15.8,14.8,15.5,270,40470,0
BANKNIFTY29MAY2560100CE.NFO,2025-05-15,14:04:00,2025-05-29,15.5,15.5,15.5,15.5,0,40470,0
BANKNIFTY29MAY2560100CE.NFO,2025-05-15,14:05:00,2025-05-29,15.5,15.9,15.5,15.9,120,40530,0
BANKNIFTY29MAY2560100CE.NFO,2025-05-15,14:06:00,2025-05-29,15.9,16.1,15.9,16.1,30,40530,0
BANKNIFTY29MAY2560100CE.NFO,2025-05-15,14:07:00,2025-05-29,16.1,16.1,15.8,15.8,90,40530,0
BANKNIFTY29MAY2560100CE.NFO,2025-05-15,14:08:00,2025-05-29,15.8,15.8,15.8,15.8,0,40530,0
BANKNIFTY29MAY2560100CE.NFO,2025-05-15,14:09:00,2025-05-29,15.8,15.8,15.8,15.8,30,40380,0
BANKNIFTY29MAY2560100CE.NFO,2025-05-15,14:10:00,2025-05-29,15.8,16.0,15.8,16.0,210,40530,0
BANKNIFTY29MAY2560100CE.NFO,2025-05-15,14:11:00,2025-05-29,16.0,16.25,16.0,16.25,30,40530,0
BANKNIFTY29MAY2560100CE.NFO,2025-05-15,14:12:00,2025-05-29,16.25,16.3,16.25,16.3,90,40530,0
BANKNIFTY29MAY2560100CE.NFO,2025-05-15,14:13:00,2025-05-29,16.3,16.3,16.3,16.3,0,40530,0
BANKNIFTY29MAY2560100CE.NFO,2025-05-15,14:14:00,2025-05-29,16.3,16.3,15.85,15.85,30,40530,0
BANKNIFTY29MAY2560100CE.NFO,2025-05-15,14:15:00,2025-05-29,15.85,16.3,15.75,16.3,330,40530,0
BANKNIFTY29MAY2560100CE.NFO,2025-05-15,14:16:00,2025-05-29,16.3,16.3,16.25,16.25,60,40260,0
BANKNIFTY29MAY2560100CE.NFO,2025-05-15,14:17:00,2025-05-29,16.25,16.6,16.1,16.6,360,40260,0
BANKNIFTY29MAY2560100CE.NFO,2025-05-15,14:18:00,2025-05-29,16.6,16.6,16.6,16.6,0,40260,0
BANKNIFTY29MAY2560100CE.NFO,2025-05-15,14:19:00,2025-05-29,16.6,16.6,16.3,16.3,90,40230,0
BANKNIFTY29MAY2560100CE.NFO,2025-05-15,14:20:00,2025-05-29,16.3,16.3,16.3,16.3,0,40230,0
BANKNIFTY29MAY2560100CE.NFO,2025-05-15,14:21:00,2025-05-29,16.3,16.3,15.7,15.7,30,40230,0
BANKNIFTY29MAY2560100CE.NFO,2025-05-15,14:22:00,2025-05-29,15.7,16.4,15.7,16.4,90,40230,0
BANKNIFTY29MAY2560100CE.NFO,2025-05-15,14:23:00,2025-05-29,16.4,16.4,16.35,16.35,60,40230,0
BANKNIFTY29MAY2560100CE.NFO,2025-05-15,14:24:00,2025-05-29,16.35,16.35,16.2,16.2,60,40230,0
BANKNIFTY29MAY2560100CE.NFO,2025-05-15,14:25:00,2025-05-29,16.2,16.4,16.2,16.4,60,40290,0
BANKNIFTY29MAY2560100CE.NFO,2025-05-15,14:26:00,2025-05-29,16.4,16.4,16.1,16.1,120,40290,0
BANKNIFTY29MAY2560100CE.NFO,2025-05-15,14:27:00,2025-05-29,16.1,16.7,16.1,16.4,60,40290,0
BANKNIFTY29MAY2560100CE.NFO,2025-05-15,14:28:00,2025-05-29,16.4,16.4,15.8,15.8,30,40290,0
BANKNIFTY29MAY2560100CE.NFO,2025-05-15,14:29:00,2025-05-29,15.8,15.8,15.8,15.8,0,40290,0
BANKNIFTY29MAY2560100CE.NFO,2025-05-15,14:30:00,2025-05-29,15.8,16.05,14.65,16.05,840,40200,0
BANKNIFTY29MAY2560100CE.NFO,2025-05-15,14:31:00,2025-05-29,16.05,16.05,16.05,16.05,0,40200,0
BANKNIFTY29MAY2560100CE.NFO,2025-05-15,14:32:00,2025-05-29,16.05,16.05,15.5,15.5,150,39840,0
BANKNIFTY29MAY2560100CE.NFO,2025-05-15,14:33:00,2025-05-29,15.5,15.5,15.5,15.5,0,39840,0
BANKNIFTY29MAY2560100CE.NFO,2025-05-15,14:34:00,2025-05-29,15.5,15.5,15.5,15.5,0,39840,0
BANKNIFTY29MAY2560100CE.NFO,2025-05-15,14:35:00,2025-05-29,15.5,16.05,15.5,16.05,30,39990,0
BANKNIFTY29MAY2560100CE.NFO,2025-05-15,14:36:00,2025-05-29,16.05,16.05,14.5,14.5,180,39990,0
BANKNIFTY29MAY2560100CE.NFO,2025-05-15,14:37:00,2025-05-29,14.5,14.5,14.2,14.2,360,40020,0
BANKNIFTY29MAY2560100CE.NFO,2025-05-15,14:38:00,2025-05-29,14.2,14.45,14.2,14.45,120,40020,0
BANKNIFTY29MAY2560100CE.NFO,2025-05-15,14:39:00,2025-05-29,14.45,14.45,14.45,14.45,0,40020,0
BANKNIFTY29MAY2560100CE.NFO,2025-05-15,14:40:00,2025-05-29,14.45,14.45,14.45,14.45,90,40020,0
BANKNIFTY29MAY2560100CE.NFO,2025-05-15,14:41:00,2025-05-29,14.45,14.7,14.0,14.7,480,39810,0
BANKNIFTY29MAY2560100CE.NFO,2025-05-15,14:42:00,2025-05-29,14.7,14.7,14.7,14.7,0,39810,0
BANKNIFTY29MAY2560100CE.NFO,2025-05-15,14:43:00,2025-05-29,14.7,14.7,14.15,14.15,60,39810,0
BANKNIFTY29MAY2560100CE.NFO,2025-05-15,14:44:00,2025-05-29,14.15,14.15,14.15,14.15,0,39810,0
BANKNIFTY29MAY2560100CE.NFO,2025-05-15,14:45:00,2025-05-29,14.15,14.25,14.15,14.25,30,40050,0
BANKNIFTY29MAY2560100CE.NFO,2025-05-15,14:46:00,2025-05-29,14.25,14.25,14.25,14.25,0,40050,0
BANKNIFTY29MAY2560100CE.NFO,2025-05-15,14:47:00,2025-05-29,14.25,14.25,14.25,14.25,0,40050,0
BANKNIFTY29MAY2560100CE.NFO,2025-05-15,14:48:00,2025-05-29,14.25,14.25,14.25,14.25,0,40050,0
BANKNIFTY29MAY2560100CE.NFO,2025-05-15,14:49:00,2025-05-29,14.25,14.25,14.25,14.25,0,40050,0
BANKNIFTY29MAY2560100CE.NFO,2025-05-15,14:50:00,2025-05-29,14.25,14.55,14.25,14.55,450,40020,0
BANKNIFTY29MAY2560100CE.NFO,2025-05-15,14:51:00,2025-05-29,14.55,14.55,14.55,14.55,0,40020,0
BANKNIFTY29MAY2560100CE.NFO,2025-05-15,14:52:00,2025-05-29,14.55,14.55,14.55,14.55,0,40020,0
BANKNIFTY29MAY2560100CE.NFO,2025-05-15,14:53:00,2025-05-29,15.25,15.25,14.8,14.8,90,39750,0
BANKNIFTY29MAY2560100CE.NFO,2025-05-15,14:54:00,2025-05-29,14.8,14.8,14.8,14.8,30,39750,0
BANKNIFTY29MAY2560100CE.NFO,2025-05-15,14:55:00,2025-05-29,14.8,14.8,14.8,14.8,0,39750,0
BANKNIFTY29MAY2560100CE.NFO,2025-05-15,14:56:00,2025-05-29,14.8,14.8,14.8,14.8,0,39750,0
BANKNIFTY29MAY2560100CE.NFO,2025-05-15,14:57:00,2025-05-29,14.8,14.8,14.8,14.8,0,39750,0
BANKNIFTY29MAY2560100CE.NFO,2025-05-15,14:58:00,2025-05-29,14.8,14.8,14.8,14.8,0,39750,0
BANKNIFTY29MAY2560100CE.NFO,2025-05-15,14:59:00,2025-05-29,14.8,14.8,14.8,14.8,0,39750,0
BANKNIFTY29MAY2560100CE.NFO,2025-05-15,15:00:00,2025-05-29,14.8,14.8,14.8,14.8,0,39750,0
BANKNIFTY29MAY2560100CE.NFO,2025-05-15,15:01:00,2025-05-29,13.75,14.45,13.75,14.1,450,39720,0
BANKNIFTY29MAY2560100CE.NFO,2025-05-15,15:02:00,2025-05-29,14.1,14.1,14.1,14.1,0,39720,0
BANKNIFTY29MAY2560100CE.NFO,2025-05-15,15:03:00,2025-05-29,14.25,14.25,13.75,13.85,480,39570,0
BANKNIFTY29MAY2560100CE.NFO,2025-05-15,15:04:00,2025-05-29,13.85,14.4,13.6,14.1,1200,39570,0
BANKNIFTY29MAY2560100CE.NFO,2025-05-15,15:05:00,2025-05-29,14.1,14.1,14.1,14.1,0,39570,0
BANKNIFTY29MAY2560100CE.NFO,2025-05-15,15:06:00,2025-05-29,14.1,14.1,12.7,13.55,3120,39240,0
BANKNIFTY29MAY2560100CE.NFO,2025-05-15,15:07:00,2025-05-29,13.55,13.55,13.55,13.55,0,39240,0
BANKNIFTY29MAY2560100CE.NFO,2025-05-15,15:08:00,2025-05-29,13.55,13.8,13.5,13.8,450,38100,0
BANKNIFTY29MAY2560100CE.NFO,2025-05-15,15:09:00,2025-05-29,13.8,14.0,13.8,13.95,720,38100,0
BANKNIFTY29MAY2560100CE.NFO,2025-05-15,15:10:00,2025-05-29,13.95,14.45,13.95,14.45,60,38100,0
BANKNIFTY29MAY2560100CE.NFO,2025-05-15,15:11:00,2025-05-29,14.45,14.45,13.7,13.7,60,38610,0
BANKNIFTY29MAY2560100CE.NFO,2025-05-15,15:12:00,2025-05-29,13.7,13.7,13.7,13.7,0,38610,0
BANKNIFTY29MAY2560100CE.NFO,2025-05-15,15:13:00,2025-05-29,13.7,13.7,13.7,13.7,0,38610,0
BANKNIFTY29MAY2560100CE.NFO,2025-05-15,15:14:00,2025-05-29,13.7,13.7,13.7,13.7,0,38610,0
BANKNIFTY29MAY2560100CE.NFO,2025-05-15,15:15:00,2025-05-29,13.7,13.7,13.7,13.7,0,38610,0
BANKNIFTY29MAY2560100CE.NFO,2025-05-15,15:16:00,2025-05-29,13.7,13.7,13.7,13.7,0,38610,0
BANKNIFTY29MAY2560100CE.NFO,2025-05-15,15:17:00,2025-05-29,13.7,13.7,13.7,13.7,0,38610,0
BANKNIFTY29MAY2560100CE.NFO,2025-05-15,15:18:00,2025-05-29,13.7,13.7,13.7,13.7,0,38610,0
BANKNIFTY29MAY2560100CE.NFO,2025-05-15,15:19:00,2025-05-29,13.7,13.7,13.7,13.7,0,38610,0
BANKNIFTY29MAY2560100CE.NFO,2025-05-15,15:20:00,2025-05-29,13.7,13.7,13.7,13.7,0,38610,0
BANKNIFTY29MAY2560100CE.NFO,2025-05-15,15:21:00,2025-05-29,13.7,13.7,13.7,13.7,0,38610,0
BANKNIFTY29MAY2560100CE.NFO,2025-05-15,15:22:00,2025-05-29,13.7,13.7,13.7,13.7,0,38610,0
BANKNIFTY29MAY2560100CE.NFO,2025-05-15,15:23:00,2025-05-29,13.7,13.7,13.7,13.7,0,38610,0
BANKNIFTY29MAY2560100CE.NFO,2025-05-15,15:24:00,2025-05-29,13.7,13.7,13.7,13.7,0,38610,0
BANKNIFTY29MAY2560100CE.NFO,2025-05-15,15:25:00,2025-05-29,13.7,13.9,13.25,13.5,390,38640,0
BANKNIFTY29MAY2560100CE.NFO,2025-05-15,15:26:00,2025-05-29,13.5,14.45,13.5,13.9,1050,38490,0
BANKNIFTY29MAY2560100CE.NFO,2025-05-15,15:27:00,2025-05-29,13.9,14.2,13.9,14.2,60,38490,0
BANKNIFTY29MAY2560100CE.NFO,2025-05-15,15:28:00,2025-05-29,14.2,14.2,14.2,14.2,0,38490,0
BANKNIFTY29MAY2560100CE.NFO,2025-05-15,15:29:00,2025-05-29,14.2,14.2,12.9,12.9,570,38460,0
BANKNIFTY29MAY2560100CE.NFO,2025-05-15,15:30:00,2025-05-29,12.9,12.9,12.9,12.9,570,38460,1
BANKNIFTY29MAY2560100CE.NFO,2025-05-16,09:15:00,2025-05-29,13.75,13.75,13.75,13.75,2100,38310,1
BANKNIFTY29MAY2560100CE.NFO,2025-05-16,09:16:00,2025-05-29,13.75,13.75,13.75,13.75,2100,38310,1
BANKNIFTY29MAY2560100CE.NFO,2025-05-16,09:17:00,2025-05-29,13.75,13.75,13.75,13.75,2100,38310,1
BANKNIFTY29MAY2560100CE.NFO,2025-05-16,09:18:00,2025-05-29,13.75,13.75,13.75,13.75,2100,38310,1
BANKNIFTY29MAY2560100CE.NFO,2025-05-16,09:19:00,2025-05-29,13.75,13.75,13.75,13.75,2100,38310,1
BANKNIFTY29MAY2560100CE.NFO,2025-05-16,09:20:00,2025-05-29,14.8,14.8,12.25,13.75,2100,38310,0
BANKNIFTY29MAY2560100CE.NFO,2025-05-16,09:21:00,2025-05-29,13.75,13.75,13.45,13.45,30,38310,0
BANKNIFTY29MAY2560100CE.NFO,2025-05-16,09:22:00,2025-05-29,13.45,13.8,13.2,13.2,90,40410,0
BANKNIFTY29MAY2560100CE.NFO,2025-05-16,09:23:00,2025-05-29,13.2,13.85,13.2,13.55,240,40410,0
BANKNIFTY29MAY2560100CE.NFO,2025-05-16,09:24:00,2025-05-29,13.55,13.65,13.3,13.3,90,40230,0
BANKNIFTY29MAY2560100CE.NFO,2025-05-16,09:25:00,2025-05-29,13.3,13.65,13.3,13.65,30,40230,0
BANKNIFTY29MAY2560100CE.NFO,2025-05-16,09:26:00,2025-05-29,13.65,13.8,13.35,13.8,90,40230,0
BANKNIFTY29MAY2560100CE.NFO,2025-05-16,09:27:00,2025-05-29,13.8,13.8,13.0,13.05,330,40140,0
BANKNIFTY29MAY2560100CE.NFO,2025-05-16,09:28:00,2025-05-29,13.05,13.25,12.85,12.85,300,40140,0
BANKNIFTY29MAY2560100CE.NFO,2025-05-16,09:29:00,2025-05-29,12.85,13.3,12.85,13.3,120,40140,0
BANKNIFTY29MAY2560100CE.NFO,2025-05-16,09:30:00,2025-05-29,13.3,13.7,13.2,13.45,360,40290,0
BANKNIFTY29MAY2560100CE.NFO,2025-05-16,09:31:00,2025-05-29,13.45,14.2,13.45,14.2,1080,40290,0
BANKNIFTY29MAY2560100CE.NFO,2025-05-16,09:32:00,2025-05-29,14.2,14.2,13.6,13.65,930,40290,0
BANKNIFTY29MAY2560100CE.NFO,2025-05-16,09:33:00,2025-05-29,13.65,13.65,13.35,13.35,120,40290,0
BANKNIFTY29MAY2560100CE.NFO,2025-05-16,09:34:00,2025-05-29,13.35,13.35,12.55,12.55,60,41370,0
BANKNIFTY29MAY2560100CE.NFO,2025-05-16,09:35:00,2025-05-29,12.55,12.7,12.55,12.7,330,41370,0
BANKNIFTY29MAY2560100CE.NFO,2025-05-16,09:36:00,2025-05-29,12.7,12.8,12.4,12.4,210,41370,0
BANKNIFTY29MAY2560100CE.NFO,2025-05-16,09:37:00,2025-05-29,12.4,12.4,12.4,12.4,30,41160,0
BANKNIFTY29MAY2560100CE.NFO,2025-05-16,09:38:00,2025-05-29,12.4,12.8,12.4,12.8,90,41160,0
BANKNIFTY29MAY2560100CE.NFO,2025-05-16,09:39:00,2025-05-29,12.8,12.8,12.8,12.8,90,41160,0
BANKNIFTY29MAY2560100CE.NFO,2025-05-16,09:40:00,2025-05-29,12.8,12.8,12.3,12.3,30,41250,0
BANKNIFTY29MAY2560100CE.NFO,2025-05-16,09:41:00,2025-05-29,12.3,12.4,12.3,12.4,150,41250,0
BANKNIFTY29MAY2560100CE.NFO,2025-05-16,09:42:00,2025-05-29,12.4,12.8,12.25,12.8,120,41250,0
BANKNIFTY29MAY2560100CE.NFO,2025-05-16,09:43:00,2025-05-29,12.8,12.8,12.4,12.4,120,41070,0
BANKNIFTY29MAY2560100CE.NFO,2025-05-16,09:44:00,2025-05-29,12.2,12.2,12.2,12.2,30,41070,0
BANKNIFTY29MAY2560100CE.NFO,2025-05-16,09:45:00,2025-05-29,12.2,12.2,12.2,12.2,30,41070,0
BANKNIFTY29MAY2560100CE.NFO,2025-05-16,09:46:00,2025-05-29,12.2,12.2,12.1,12.1,30,40920,0
BANKNIFTY29MAY2560100CE.NFO,2025-05-16,09:47:00,2025-05-29,12.1,12.25,12.1,12.25,90,40920,0
BANKNIFTY29MAY2560100CE.NFO,2025-05-16,09:48:00,2025-05-29,12.25,12.25,12.0,12.0,30,40920,0
BANKNIFTY29MAY2560100CE.NFO,2025-05-16,09:49:00,2025-05-29,12.0,12.25,12.0,12.25,30,40890,0
BANKNIFTY29MAY2560100CE.NFO,2025-05-16,09:50:00,2025-05-29,12.25,12.25,11.95,12.0,60,40890,0
BANKNIFTY29MAY2560100CE.NFO,2025-05-16,09:51:00,2025-05-29,12.0,12.0,12.0,12.0,0,40890,0
BANKNIFTY29MAY2560100CE.NFO,2025-05-16,09:52:00,2025-05-29,12.0,12.05,11.85,11.85,30,40860,0
BANKNIFTY29MAY2560100CE.NFO,2025-05-16,09:53:00,2025-05-29,11.85,12.0,11.85,12.0,60,40860,0
BANKNIFTY29MAY2560100CE.NFO,2025-05-16,09:54:00,2025-05-29,12.1,12.3,12.1,12.2,630,40860,0
BANKNIFTY29MAY2560100CE.NFO,2025-05-16,09:55:00,2025-05-29,12.2,12.2,12.2,12.2,0,40860,0
BANKNIFTY29MAY2560100CE.NFO,2025-05-16,09:56:00,2025-05-29,12.2,12.2,12.2,12.2,0,40860,0
BANKNIFTY29MAY2560100CE.NFO,2025-05-16,09:57:00,2025-05-29,12.2,13.85,11.85,11.85,660,41370,0
BANKNIFTY29MAY2560100CE.NFO,2025-05-16,09:58:00,2025-05-29,11.85,12.3,11.85,12.3,0,41370,0
BANKNIFTY29MAY2560100CE.NFO,2025-05-16,09:59:00,2025-05-29,12.3,12.3,11.75,12.05,810,41370,0
BANKNIFTY29MAY2560100CE.NFO,2025-05-16,10:00:00,2025-05-29,12.05,12.15,12.05,12.15,300,41370,0
BANKNIFTY29MAY2560100CE.NFO,2025-05-16,10:01:00,2025-05-29,12.15,12.15,12.15,12.15,0,41370,0
BANKNIFTY29MAY2560100CE.NFO,2025-05-16,10:02:00,2025-05-29,12.15,12.15,10.3,12.0,900,41880,0
BANKNIFTY29MAY2560100CE.NFO,2025-05-16,10:03:00,2025-05-29,12.0,12.25,12.0,12.25,600,41280,0
BANKNIFTY29MAY2560100CE.NFO,2025-05-16,10:04:00,2025-05-29,12.25,12.3,12.0,12.0,330,41280,0
BANKNIFTY29MAY2560100CE.NFO,2025-05-16,10:05:00,2025-05-29,12.0,12.0,11.65,11.7,630,41280,0
BANKNIFTY29MAY2560100CE.NFO,2025-05-16,10:06:00,2025-05-29,11.7,12.0,11.7,12.0,90,41040,0
BANKNIFTY29MAY2560100CE.NFO,2025-05-16,10:07:00,2025-05-29,12.0,12.0,12.0,12.0,0,41040,0
BANKNIFTY29MAY2560100CE.NFO,2025-05-16,10:08:00,2025-05-29,12.0,12.0,12.0,12.0,0,41040,0
BANKNIFTY29MAY2560100CE.NFO,2025-05-16,10:09:00,2025-05-29,12.0,12.0,12.0,12.0,0,41040,0
BANKNIFTY29MAY2560100CE.NFO,2025-05-16,10:10:00,2025-05-29,12.0,12.0,12.0,12.0,0,41040,0
BANKNIFTY29MAY2560100CE.NFO,2025-05-16,10:11:00,2025-05-29,12.0,12.0,12.0,12.0,0,41040,0
BANKNIFTY29MAY2560100CE.NFO,2025-05-16,10:12:00,2025-05-29,12.0,12.2,12.0,12.2,30,40980,0
BANKNIFTY29MAY2560100CE.NFO,2025-05-16,10:13:00,2025-05-29,12.2,12.2,11.6,11.85,150,40980,0
BANKNIFTY29MAY2560100CE.NFO,2025-05-16,10:14:00,2025-05-29,11.85,11.9,11.65,11.75,150,40980,0
BANKNIFTY29MAY2560100CE.NFO,2025-05-16,10:15:00,2025-05-29,11.75,11.8,11.75,11.75,120,40980,0
BANKNIFTY29MAY2560100CE.NFO,2025-05-16,10:16:00,2025-05-29,11.75,11.75,11.75,11.75,0,40980,0
BANKNIFTY29MAY2560100CE.NFO,2025-05-16,10:17:00,2025-05-29,11.75,11.75,11.75,11.75,0,40980,0
BANKNIFTY29MAY2560100CE.NFO,2025-05-16,10:18:00,2025-05-29,11.75,11.75,11.75,11.75,0,40980,0
BANKNIFTY29MAY2560100CE.NFO,2025-05-16,10:19:00,2025-05-29,11.75,11.75,11.75,11.75,0,40980,0
BANKNIFTY29MAY2560100CE.NFO,2025-05-16,10:20:00,2025-05-29,11.75,11.75,11.75,11.75,0,40980,0
BANKNIFTY29MAY2560100CE.NFO,2025-05-16,10:21:00,2025-05-29,11.75,11.75,11.75,11.75,0,40980,0
BANKNIFTY29MAY2560100CE.NFO,2025-05-16,10:22:00,2025-05-29,11.75,11.8,11.75,11.75,330,40770,0
BANKNIFTY29MAY2560100CE.NFO,2025-05-16,10:23:00,2025-05-29,12.2,12.2,11.75,11.75,90,40770,0
BANKNIFTY29MAY2560100CE.NFO,2025-05-16,10:24:00,2025-05-29,11.75,11.75,11.75,11.75,0,40770,0
BANKNIFTY29MAY2560100CE.NFO,2025-05-16,10:25:00,2025-05-29,11.75,11.75,11.75,11.75,0,40770,0
BANKNIFTY29MAY2560100CE.NFO,2025-05-16,10:26:00,2025-05-29,11.75,11.75,11.75,11.75,0,40770,0
BANKNIFTY29MAY2560100CE.NFO,2025-05-16,10:27:00,2025-05-29,11.75,11.75,11.75,11.75,0,40770,0
BANKNIFTY29MAY2560100CE.NFO,2025-05-16,10:28:00,2025-05-29,11.75,12.35,11.75,12.35,0,40920,0
BANKNIFTY29MAY2560100CE.NFO,2025-05-16,10:29:00,2025-05-29,12.35,12.35,12.35,12.35,60,40920,0
BANKNIFTY29MAY2560100CE.NFO,2025-05-16,10:30:00,2025-05-29,12.35,12.35,12.35,12.35,0,40920,0
BANKNIFTY29MAY2560100CE.NFO,2025-05-16,10:31:00,2025-05-29,12.35,12.35,10.3,11.85,120,40950,0
BANKNIFTY29MAY2560100CE.NFO,2025-05-16,10:32:00,2025-05-29,11.85,11.85,11.85,11.85,0,40950,0
BANKNIFTY29MAY2560100CE.NFO,2025-05-16,10:33:00,2025-05-29,11.85,11.85,11.85,11.85,0,40950,0
BANKNIFTY29MAY2560100CE.NFO,2025-05-16,10:34:00,2025-05-29,11.85,11.85,11.85,11.85,0,40950,0
BANKNIFTY29MAY2560100CE.NFO,2025-05-16,10:35:00,2025-05-29,11.85,11.85,11.85,11.85,0,40950,0
BANKNIFTY29MAY2560100CE.NFO,2025-05-16,10:36:00,2025-05-29,11.85,11.85,11.85,11.85,0,40950,0
BANKNIFTY29MAY2560100CE.NFO,2025-05-16,10:37:00,2025-05-29,11.85,11.85,11.85,11.85,0,40950,0
BANKNIFTY29MAY2560100CE.NFO,2025-05-16,10:38:00,2025-05-29,11.85,11.85,11.85,11.85,0,40950,0
BANKNIFTY29MAY2560100CE.NFO,2025-05-16,10:39:00,2025-05-29,11.85,11.85,11.85,11.85,0,40950,0
BANKNIFTY29MAY2560100CE.NFO,2025-05-16,10:40:00,2025-05-29,11.85,11.85,11.85,11.85,0,40950,0
BANKNIFTY29MAY2560100CE.NFO,2025-05-16,10:41:00,2025-05-29,11.85,11.85,11.85,11.85,0,40950,0
BANKNIFTY29MAY2560100CE.NFO,2025-05-16,10:42:00,2025-05-29,11.85,11.85,11.85,11.85,0,40950,0
BANKNIFTY29MAY2560100CE.NFO,2025-05-16,10:43:00,2025-05-29,11.85,11.85,11.85,11.85,0,40950,0
BANKNIFTY29MAY2560100CE.NFO,2025-05-16,10:44:00,2025-05-29,11.85,11.85,11.85,11.85,0,40950,0
BANKNIFTY29MAY2560100CE.NFO,2025-05-16,10:45:00,2025-05-29,11.85,11.85,11.85,11.85,0,40950,0
BANKNIFTY29MAY2560100CE.NFO,2025-05-16,10:46:00,2025-05-29,11.85,11.85,11.75,11.75,1620,40860,0
BANKNIFTY29MAY2560100CE.NFO,2025-05-16,10:47:00,2025-05-29,11.75,11.75,11.75,11.75,0,40860,0
BANKNIFTY29MAY2560100CE.NFO,2025-05-16,10:48:00,2025-05-29,11.75,12.0,11.75,12.0,330,40860,0
BANKNIFTY29MAY2560100CE.NFO,2025-05-16,10:49:00,2025-05-29,12.0,12.0,12.0,12.0,0,40860,0
BANKNIFTY29MAY2560100CE.NFO,2025-05-16,10:50:00,2025-05-29,12.0,12.0,11.85,11.85,90,41460,0
BANKNIFTY29MAY2560100CE.NFO,2025-05-16,10:51:00,2025-05-29,11.85,11.85,11.85,11.85,0,41460,0
BANKNIFTY29MAY2560100CE.NFO,2025-05-16,10:52:00,2025-05-29,11.85,12.0,11.85,12.0,210,41430,0
BANKNIFTY29MAY2560100CE.NFO,2025-05-16,10:53:00,2025-05-29,12.0,12.0,11.9,11.9,30,41430,0
BANKNIFTY29MAY2560100CE.NFO,2025-05-16,10:54:00,2025-05-29,11.9,12.1,11.9,12.1,60,41430,0
BANKNIFTY29MAY2560100CE.NFO,2025-05-16,10:55:00,2025-05-29,12.1,12.25,12.1,12.25,120,41400,0
BANKNIFTY29MAY2560100CE.NFO,2025-05-16,10:56:00,2025-05-29,12.25,12.25,12.25,12.25,0,41400,0
BANKNIFTY29MAY2560100CE.NFO,2025-05-16,10:57:00,2025-05-29,12.25,12.25,12.25,12.25,0,41400,0
BANKNIFTY29MAY2560100CE.NFO,2025-05-16,10:58:00,2025-05-29,12.25,12.25,12.25,12.25,0,41400,0
BANKNIFTY29MAY2560100CE.NFO,2025-05-16,10:59:00,2025-05-29,12.25,12.25,12.25,12.25,0,41400,0
BANKNIFTY29MAY2560100CE.NFO,2025-05-16,11:00:00,2025-05-29,12.25,12.4,11.95,12.4,750,41400,0
BANKNIFTY29MAY2560100CE.NFO,2025-05-16,11:01:00,2025-05-29,12.4,12.4,12.05,12.05,0,41640,0
BANKNIFTY29MAY2560100CE.NFO,2025-05-16,11:02:00,2025-05-29,12.05,12.1,12.05,12.05,690,41640,0
BANKNIFTY29MAY2560100CE.NFO,2025-05-16,11:03:00,2025-05-29,12.05,12.05,12.05,12.05,0,41640,0
BANKNIFTY29MAY2560100CE.NFO,2025-05-16,11:04:00,2025-05-29,12.05,12.05,11.6,11.75,210,41040,0
BANKNIFTY29MAY2560100CE.NFO,2025-05-16,11:05:00,2025-05-29,11.75,12.0,11.75,12.0,60,41040,0
BANKNIFTY29MAY2560100CE.NFO,2025-05-16,11:06:00,2025-05-29,12.0,12.0,12.0,12.0,60,41130,0
BANKNIFTY29MAY2560100CE.NFO,2025-05-16,11:07:00,2025-05-29,12.0,12.0,12.0,12.0,0,41130,0
BANKNIFTY29MAY2560100CE.NFO,2025-05-16,11:08:00,2025-05-29,12.0,12.2,11.45,12.2,360,41130,0
BANKNIFTY29MAY2560100CE.NFO,2025-05-16,11:09:00,2025-05-29,12.2,12.2,12.2,12.2,0,41130,0
BANKNIFTY29MAY2560100CE.NFO,2025-05-16,11:10:00,2025-05-29,12.2,12.2,12.2,12.2,0,41130,0
BANKNIFTY29MAY2560100CE.NFO,2025-05-16,11:11:00,2025-05-29,12.2,12.2,12.2,12.2,0,41130,0
BANKNIFTY29MAY2560100CE.NFO,2025-05-16,11:12:00,2025-05-29,12.2,12.2,12.2,12.2,0,41130,0
BANKNIFTY29MAY2560100CE.NFO,2025-05-16,11:13:00,2025-05-29,12.2,12.2,12.2,12.2,0,41130,0
BANKNIFTY29MAY2560100CE.NFO,2025-05-16,11:14:00,2025-05-29,12.2,12.2,12.2,12.2,0,41130,0
BANKNIFTY29MAY2560100CE.NFO,2025-05-16,11:15:00,2025-05-29,12.2,12.2,12.2,12.2,0,41130,0
BANKNIFTY29MAY2560100CE.NFO,2025-05-16,11:16:00,2025-05-29,12.2,12.2,12.2,12.2,0,41130,0
BANKNIFTY29MAY2560100CE.NFO,2025-05-16,11:17:00,2025-05-29,12.2,12.2,12.2,12.2,0,41130,0
BANKNIFTY29MAY2560100CE.NFO,2025-05-16,11:18:00,2025-05-29,12.2,12.2,12.2,12.2,0,41130,0
BANKNIFTY29MAY2560100CE.NFO,2025-05-16,11:19:00,2025-05-29,12.2,12.4,12.2,12.35,30,40890,0
BANKNIFTY29MAY2560100CE.NFO,2025-05-16,11:20:00,2025-05-29,12.35,12.35,12.1,12.1,60,40890,0
BANKNIFTY29MAY2560100CE.NFO,2025-05-16,11:21:00,2025-05-29,12.1,12.1,12.1,12.1,0,40890,0
BANKNIFTY29MAY2560100CE.NFO,2025-05-16,11:22:00,2025-05-29,12.1,12.1,12.1,12.1,0,40890,0
BANKNIFTY29MAY2560100CE.NFO,2025-05-16,11:23:00,2025-05-29,12.1,12.1,12.1,12.1,0,40890,0
BANKNIFTY29MAY2560100CE.NFO,2025-05-16,11:24:00,2025-05-29,12.1,12.1,12.1,12.1,0,40890,0
BANKNIFTY29MAY2560100CE.NFO,2025-05-16,11:25:00,2025-05-29,12.1,12.1,12.1,12.1,0,40890,0
BANKNIFTY29MAY2560100CE.NFO,2025-05-16,11:26:00,2025-05-29,12.1,12.1,12.1,12.1,0,40890,0
BANKNIFTY29MAY2560100CE.NFO,2025-05-16,11:27:00,2025-05-29,12.1,12.1,12.1,12.1,0,40890,0
BANKNIFTY29MAY2560100CE.NFO,2025-05-16,11:28:00,2025-05-29,12.1,12.1,11.7,11.7,60,40890,0
BANKNIFTY29MAY2560100CE.NFO,2025-05-16,11:29:00,2025-05-29,11.7,12.05,11.7,12.05,30,40890,0
BANKNIFTY29MAY2560100CE.NFO,2025-05-16,11:30:00,2025-05-29,12.05,12.05,12.05,12.05,0,40890,0
BANKNIFTY29MAY2560100CE.NFO,2025-05-16,11:31:00,2025-05-29,12.05,12.05,12.05,12.05,0,40890,0
BANKNIFTY29MAY2560100CE.NFO,2025-05-16,11:32:00,2025-05-29,12.05,12.55,12.05,12.55,30,40860,0
BANKNIFTY29MAY2560100CE.NFO,2025-05-16,11:33:00,2025-05-29,12.55,12.55,11.85,11.85,150,40860,0
BANKNIFTY29MAY2560100CE.NFO,2025-05-16,11:34:00,2025-05-29,11.85,11.85,11.85,11.85,0,40860,0
BANKNIFTY29MAY2560100CE.NFO,2025-05-16,11:35:00,2025-05-29,11.85,11.85,11.85,11.85,0,40860,0
BANKNIFTY29MAY2560100CE.NFO,2025-05-16,11:36:00,2025-05-29,11.85,11.85,11.85,11.85,0,40860,0
BANKNIFTY29MAY2560100CE.NFO,2025-05-16,11:37:00,2025-05-29,11.85,11.85,11.85,11.85,0,40860,0
BANKNIFTY29MAY2560100CE.NFO,2025-05-16,11:38:00,2025-05-29,11.85,12.35,11.85,12.35,60,40890,0
BANKNIFTY29MAY2560100CE.NFO,2025-05-16,11:39:00,2025-05-29,12.35,12.35,11.8,11.8,90,40890,0
BANKNIFTY29MAY2560100CE.NFO,2025-05-16,11:40:00,2025-05-29,11.8,11.8,11.8,11.8,0,40890,0
BANKNIFTY29MAY2560100CE.NFO,2025-05-16,11:41:00,2025-05-29,11.8,11.8,11.8,11.8,0,40890,0
BANKNIFTY29MAY2560100CE.NFO,2025-05-16,11:42:00,2025-05-29,11.8,11.8,11.8,11.8,0,40890,0
BANKNIFTY29MAY2560100CE.NFO,2025-05-16,11:43:00,2025-05-29,11.8,11.8,11.8,11.8,0,40890,0
BANKNIFTY29MAY2560100CE.NFO,2025-05-16,11:44:00,2025-05-29,11.8,11.8,11.8,11.8,0,40890,0
BANKNIFTY29MAY2560100CE.NFO,2025-05-16,11:45:00,2025-05-29,11.8,11.8,11.8,11.8,0,40890,0
BANKNIFTY29MAY2560100CE.NFO,2025-05-16,11:46:00,2025-05-29,11.8,12.95,11.8,12.95,30,40920,0
BANKNIFTY29MAY2560100CE.NFO,2025-05-16,11:47:00,2025-05-29,12.95,12.95,11.85,11.85,30,40920,0
BANKNIFTY29MAY2560100CE.NFO,2025-05-16,11:48:00,2025-05-29,11.85,11.85,11.85,11.85,30,40920,0
BANKNIFTY29MAY2560100CE.NFO,2025-05-16,11:49:00,2025-05-29,11.85,11.85,11.85,11.85,0,40920,0
BANKNIFTY29MAY2560100CE.NFO,2025-05-16,11:50:00,2025-05-29,11.85,11.85,11.85,11.85,0,40920,0
BANKNIFTY29MAY2560100CE.NFO,2025-05-16,11:51:00,2025-05-29,11.85,11.85,11.85,11.85,0,40920,0
BANKNIFTY29MAY2560100CE.NFO,2025-05-16,11:52:00,2025-05-29,11.85,13.0,11.85,13.0,90,40860,0
BANKNIFTY29MAY2560100CE.NFO,2025-05-16,11:53:00,2025-05-29,13.0,13.0,11.25,11.25,60,40860,0
BANKNIFTY29MAY2560100CE.NFO,2025-05-16,11:54:00,2025-05-29,11.25,11.25,11.25,11.25,0,40860,0
BANKNIFTY29MAY2560100CE.NFO,2025-05-16,11:55:00,2025-05-29,11.25,11.25,11.25,11.25,0,40860,0
BANKNIFTY29MAY2560100CE.NFO,2025-05-16,11:56:00,2025-05-29,11.4,11.4,11.4,11.4,30,40890,0
BANKNIFTY29MAY2560100CE.NFO,2025-05-16,11:57:00,2025-05-29,11.4,11.4,11.4,11.4,0,40890,0
BANKNIFTY29MAY2560100CE.NFO,2025-05-16,11:58:00,2025-05-29,11.4,11.4,11.4,11.4,0,40890,0
BANKNIFTY29MAY2560100CE.NFO,2025-05-16,11:59:00,2025-05-29,11.4,11.4,11.4,11.4,0,40890,0
BANKNIFTY29MAY2560100CE.NFO,2025-05-16,12:00:00,2025-05-29,11.4,11.4,11.4,11.4,0,40890,0
BANKNIFTY29MAY2560100CE.NFO,2025-05-16,12:01:00,2025-05-29,11.4,12.3,11.4,12.3,30,40890,0
BANKNIFTY29MAY2560100CE.NFO,2025-05-16,12:02:00,2025-05-29,12.3,12.3,12.3,12.3,0,40890,0
BANKNIFTY29MAY2560100CE.NFO,2025-05-16,12:03:00,2025-05-29,12.3,12.3,12.3,12.3,0,40890,0
BANKNIFTY29MAY2560100CE.NFO,2025-05-16,12:04:00,2025-05-29,12.3,12.3,12.3,12.3,0,40890,0
BANKNIFTY29MAY2560100CE.NFO,2025-05-16,12:05:00,2025-05-29,12.3,12.3,12.3,12.3,0,40890,0
BANKNIFTY29MAY2560100CE.NFO,2025-05-16,12:06:00,2025-05-29,12.3,12.3,11.65,11.65,120,40890,0
BANKNIFTY29MAY2560100CE.NFO,2025-05-16,12:07:00,2025-05-29,11.65,11.65,11.65,11.65,0,40890,0
BANKNIFTY29MAY2560100CE.NFO,2025-05-16,12:08:00,2025-05-29,11.65,11.65,11.65,11.65,0,40890,0
BANKNIFTY29MAY2560100CE.NFO,2025-05-16,12:09:00,2025-05-29,11.65,12.4,11.65,12.4,60,40920,0
BANKNIFTY29MAY2560100CE.NFO,2025-05-16,12:10:00,2025-05-29,12.4,12.4,12.4,12.4,0,40920,0
BANKNIFTY29MAY2560100CE.NFO,2025-05-16,12:11:00,2025-05-29,12.4,12.4,12.4,12.4,0,40920,0
BANKNIFTY29MAY2560100CE.NFO,2025-05-16,12:12:00,2025-05-29,12.4,12.4,12.4,12.4,0,40920,0
BANKNIFTY29MAY2560100CE.NFO,2025-05-16,12:13:00,2025-05-29,12.4,12.4,12.4,12.4,0,40920,0
BANKNIFTY29MAY2560100CE.NFO,2025-05-16,12:14:00,2025-05-29,12.4,12.4,12.4,12.4,0,40920,0
BANKNIFTY29MAY2560100CE.NFO,2025-05-16,12:15:00,2025-05-29,12.4,12.4,11.2,11.2,30,40980,0
BANKNIFTY29MAY2560100CE.NFO,2025-05-16,12:16:00,2025-05-29,11.2,11.95,11.2,11.95,30,40980,0
BANKNIFTY29MAY2560100CE.NFO,2025-05-16,12:17:00,2025-05-29,11.95,11.95,11.95,11.95,0,40980,0
BANKNIFTY29MAY2560100CE.NFO,2025-05-16,12:18:00,2025-05-29,11.95,11.95,11.95,11.95,0,40980,0
BANKNIFTY29MAY2560100CE.NFO,2025-05-16,12:19:00,2025-05-29,11.95,11.95,11.95,11.95,0,40980,0
BANKNIFTY29MAY2560100CE.NFO,2025-05-16,12:20:00,2025-05-29,11.95,11.95,11.95,11.95,0,40980,0
BANKNIFTY29MAY2560100CE.NFO,2025-05-16,12:21:00,2025-05-29,11.4,11.4,11.4,11.4,30,40980,0
BANKNIFTY29MAY2560100CE.NFO,2025-05-16,12:22:00,2025-05-29,11.4,12.1,11.4,12.1,120,40950,0
BANKNIFTY29MAY2560100CE.NFO,2025-05-16,12:23:00,2025-05-29,12.1,12.1,12.1,12.1,0,40950,0
BANKNIFTY29MAY2560100CE.NFO,2025-05-16,12:24:00,2025-05-29,12.1,12.1,12.1,12.1,0,40950,0
BANKNIFTY29MAY2560100CE.NFO,2025-05-16,12:25:00,2025-05-29,12.1,12.1,12.1,12.1,0,40950,0
BANKNIFTY29MAY2560100CE.NFO,2025-05-16,12:26:00,2025-05-29,12.1,12.1,12.1,12.1,0,40950,0
BANKNIFTY29MAY2560100CE.NFO,2025-05-16,12:27:00,2025-05-29,12.1,12.1,11.8,11.8,30,41070,0
BANKNIFTY29MAY2560100CE.NFO,2025-05-16,12:28:00,2025-05-29,11.8,11.8,11.8,11.8,0,41070,0
BANKNIFTY29MAY2560100CE.NFO,2025-05-16,12:29:00,2025-05-29,11.8,11.8,11.8,11.8,0,41070,0
BANKNIFTY29MAY2560100CE.NFO,2025-05-16,12:30:00,2025-05-29,11.8,11.8,11.7,11.7,60,41040,0
BANKNIFTY29MAY2560100CE.NFO,2025-05-16,12:31:00,2025-05-29,11.7,11.7,11.7,11.7,0,41040,0
BANKNIFTY29MAY2560100CE.NFO,2025-05-16,12:32:00,2025-05-29,11.7,11.7,11.7,11.7,0,41040,0
BANKNIFTY29MAY2560100CE.NFO,2025-05-16,12:33:00,2025-05-29,11.7,11.7,11.7,11.7,0,41040,0
BANKNIFTY29MAY2560100CE.NFO,2025-05-16,12:34:00,2025-05-29,11.7,11.7,11.7,11.7,0,41040,0
BANKNIFTY29MAY2560100CE.NFO,2025-05-16,12:35:00,2025-05-29,11.7,11.7,11.7,11.7,0,41040,0
BANKNIFTY29MAY2560100CE.NFO,2025-05-16,12:36:00,2025-05-29,11.7,11.7,11.7,11.7,0,41040,0
BANKNIFTY29MAY2560100CE.NFO,2025-05-16,12:37:00,2025-05-29,11.7,11.7,11.7,11.7,0,41040,0
BANKNIFTY29MAY2560100CE.NFO,2025-05-16,12:38:00,2025-05-29,11.7,11.7,11.7,11.7,0,41040,0
BANKNIFTY29MAY2560100CE.NFO,2025-05-16,12:39:00,2025-05-29,11.7,11.7,11.7,11.7,0,41040,0
BANKNIFTY29MAY2560100CE.NFO,2025-05-16,12:40:00,2025-05-29,11.7,12.05,11.7,12.05,0,41070,0
BANKNIFTY29MAY2560100CE.NFO,2025-05-16,12:41:00,2025-05-29,12.05,12.05,12.05,12.05,60,41070,0
BANKNIFTY29MAY2560100CE.NFO,2025-05-16,12:42:00,2025-05-29,12.05,12.05,12.05,12.05,0,41070,0
BANKNIFTY29MAY2560100CE.NFO,2025-05-16,12:43:00,2025-05-29,12.05,12.05,12.05,12.05,0,41070,0
BANKNIFTY29MAY2560100CE.NFO,2025-05-16,12:44:00,2025-05-29,12.05,12.05,12.05,12.05,0,41070,0
BANKNIFTY29MAY2560100CE.NFO,2025-05-16,12:45:00,2025-05-29,12.05,12.05,12.05,12.05,0,41070,0
BANKNIFTY29MAY2560100CE.NFO,2025-05-16,12:46:00,2025-05-29,12.05,12.05,12.05,12.05,0,41070,0
BANKNIFTY29MAY2560100CE.NFO,2025-05-16,12:47:00,2025-05-29,12.6,12.6,12.6,12.6,30,41040,0
BANKNIFTY29MAY2560100CE.NFO,2025-05-16,12:48:00,2025-05-29,12.6,12.6,12.6,12.6,0,41040,0
BANKNIFTY29MAY2560100CE.NFO,2025-05-16,12:49:00,2025-05-29,12.6,12.6,12.6,12.6,0,41040,0
BANKNIFTY29MAY2560100CE.NFO,2025-05-16,12:50:00,2025-05-29,12.6,12.6,12.6,12.6,0,41040,0
BANKNIFTY29MAY2560100CE.NFO,2025-05-16,12:51:00,2025-05-29,12.6,12.6,12.6,12.6,0,41040,0
BANKNIFTY29MAY2560100CE.NFO,2025-05-16,12:52:00,2025-05-29,12.6,12.6,12.6,12.6,0,41040,0
BANKNIFTY29MAY2560100CE.NFO,2025-05-16,12:53:00,2025-05-29,12.6,12.6,12.6,12.6,0,41040,0
BANKNIFTY29MAY2560100CE.NFO,2025-05-16,12:54:00,2025-05-29,12.6,12.6,12.6,12.6,0,41040,0
BANKNIFTY29MAY2560100CE.NFO,2025-05-16,12:55:00,2025-05-29,12.6,12.6,12.6,12.6,0,41040,0
BANKNIFTY29MAY2560100CE.NFO,2025-05-16,12:56:00,2025-05-29,12.6,12.6,12.6,12.6,0,41040,0
BANKNIFTY29MAY2560100CE.NFO,2025-05-16,12:57:00,2025-05-29,12.6,12.6,12.6,12.6,0,41040,0
BANKNIFTY29MAY2560100CE.NFO,2025-05-16,12:58:00,2025-05-29,12.6,12.6,12.6,12.6,0,41040,0
BANKNIFTY29MAY2560100CE.NFO,2025-05-16,12:59:00,2025-05-29,12.6,12.6,12.6,12.6,0,41040,0
BANKNIFTY29MAY2560100CE.NFO,2025-05-16,13:00:00,2025-05-29,12.6,12.6,12.6,12.6,0,41040,0
BANKNIFTY29MAY2560100CE.NFO,2025-05-16,13:01:00,2025-05-29,12.6,12.6,12.6,12.6,0,41040,0
BANKNIFTY29MAY2560100CE.NFO,2025-05-16,13:02:00,2025-05-29,12.6,12.6,12.6,12.6,0,41040,0
BANKNIFTY29MAY2560100CE.NFO,2025-05-16,13:03:00,2025-05-29,12.6,12.6,12.6,12.6,0,41040,0
BANKNIFTY29MAY2560100CE.NFO,2025-05-16,13:04:00,2025-05-29,12.6,12.6,12.6,12.6,0,41040,0
BANKNIFTY29MAY2560100CE.NFO,2025-05-16,13:05:00,2025-05-29,12.6,12.6,12.6,12.6,0,41040,0
BANKNIFTY29MAY2560100CE.NFO,2025-05-16,13:06:00,2025-05-29,12.6,12.6,12.6,12.6,0,41040,0
BANKNIFTY29MAY2560100CE.NFO,2025-05-16,13:07:00,2025-05-29,12.6,12.6,12.6,12.6,0,41040,0
BANKNIFTY29MAY2560100CE.NFO,2025-05-16,13:08:00,2025-05-29,12.6,12.6,12.2,12.2,150,41040,0
BANKNIFTY29MAY2560100CE.NFO,2025-05-16,13:09:00,2025-05-29,12.2,12.2,12.2,12.2,0,41040,0
BANKNIFTY29MAY2560100CE.NFO,2025-05-16,13:10:00,2025-05-29,12.2,12.2,12.1,12.1,60,40950,0
BANKNIFTY29MAY2560100CE.NFO,2025-05-16,13:11:00,2025-05-29,12.1,12.3,12.1,12.25,180,40950,0
BANKNIFTY29MAY2560100CE.NFO,2025-05-16,13:12:00,2025-05-29,12.25,12.25,12.25,12.25,0,40950,0
BANKNIFTY29MAY2560100CE.NFO,2025-05-16,13:13:00,2025-05-29,12.25,12.25,12.25,12.25,0,40950,0
BANKNIFTY29MAY2560100CE.NFO,2025-05-16,13:14:00,2025-05-29,12.25,12.25,12.25,12.25,0,40950,0
BANKNIFTY29MAY2560100CE.NFO,2025-05-16,13:15:00,2025-05-29,12.25,12.25,12.25,12.25,0,40950,0
BANKNIFTY29MAY2560100CE.NFO,2025-05-16,13:16:00,2025-05-29,12.25,12.25,12.2,12.2,270,40740,0
BANKNIFTY29MAY2560100CE.NFO,2025-05-16,13:17:00,2025-05-29,12.2,12.35,12.2,12.35,60,40740,0
BANKNIFTY29MAY2560100CE.NFO,2025-05-16,13:18:00,2025-05-29,12.35,12.4,12.35,12.4,210,40740,0
BANKNIFTY29MAY2560100CE.NFO,2025-05-16,13:19:00,2025-05-29,12.4,12.4,12.4,12.4,270,40380,0
BANKNIFTY29MAY2560100CE.NFO,2025-05-16,13:20:00,2025-05-29,12.4,12.4,12.35,12.35,240,40380,0
BANKNIFTY29MAY2560100CE.NFO,2025-05-16,13:21:00,2025-05-29,12.35,12.4,12.35,12.4,60,40380,0
BANKNIFTY29MAY2560100CE.NFO,2025-05-16,13:22:00,2025-05-29,12.4,12.4,12.4,12.4,0,40110,0
BANKNIFTY29MAY2560100CE.NFO,2025-05-16,13:23:00,2025-05-29,12.4,12.4,12.4,12.4,180,40110,0
BANKNIFTY29MAY2560100CE.NFO,2025-05-16,13:24:00,2025-05-29,12.4,12.4,12.4,12.4,0,40110,0
BANKNIFTY29MAY2560100CE.NFO,2025-05-16,13:25:00,2025-05-29,12.4,12.4,12.4,12.4,0,40110,0
BANKNIFTY29MAY2560100CE.NFO,2025-05-16,13:26:00,2025-05-29,12.4,12.4,12.4,12.4,0,40110,0
BANKNIFTY29MAY2560100CE.NFO,2025-05-16,13:27:00,2025-05-29,12.4,12.4,12.4,12.4,0,40110,0
BANKNIFTY29MAY2560100CE.NFO,2025-05-16,13:28:00,2025-05-29,12.4,12.4,12.4,12.4,0,40110,0
BANKNIFTY29MAY2560100CE.NFO,2025-05-16,13:29:00,2025-05-29,12.4,12.4,12.4,12.4,0,40110,0
BANKNIFTY29MAY2560100CE.NFO,2025-05-16,13:30:00,2025-05-29,12.4,12.4,12.4,12.4,0,40110,0
BANKNIFTY29MAY2560100CE.NFO,2025-05-16,13:31:00,2025-05-29,12.4,12.6,12.4,12.6,30,40110,0
BANKNIFTY29MAY2560100CE.NFO,2025-05-16,13:32:00,2025-05-29,12.6,12.6,12.6,12.6,0,40110,0
BANKNIFTY29MAY2560100CE.NFO,2025-05-16,13:33:00,2025-05-29,12.6,12.6,12.6,12.6,0,40110,0
BANKNIFTY29MAY2560100CE.NFO,2025-05-16,13:34:00,2025-05-29,12.6,12.6,12.6,12.6,0,40110,0
BANKNIFTY29MAY2560100CE.NFO,2025-05-16,13:35:00,2025-05-29,12.6,12.6,12.6,12.6,0,40110,0
BANKNIFTY29MAY2560100CE.NFO,2025-05-16,13:36:00,2025-05-29,12.6,12.6,12.6,12.6,0,40110,0
BANKNIFTY29MAY2560100CE.NFO,2025-05-16,13:37:00,2025-05-29,12.6,12.6,12.6,12.6,0,40110,0
BANKNIFTY29MAY2560100CE.NFO,2025-05-16,13:38:00,2025-05-29,12.6,13.0,12.6,13.0,30,40110,0
BANKNIFTY29MAY2560100CE.NFO,2025-05-16,13:39:00,2025-05-29,13.0,13.0,13.0,13.0,0,40110,0
BANKNIFTY29MAY2560100CE.NFO,2025-05-16,13:40:00,2025-05-29,13.0,13.0,13.0,13.0,0,40110,0
BANKNIFTY29MAY2560100CE.NFO,2025-05-16,13:41:00,2025-05-29,13.0,13.0,13.0,13.0,0,40110,0
BANKNIFTY29MAY2560100CE.NFO,2025-05-16,13:42:00,2025-05-29,12.55,12.8,12.45,12.8,1590,40140,0
BANKNIFTY29MAY2560100CE.NFO,2025-05-16,13:43:00,2025-05-29,12.8,12.8,12.8,12.8,0,40140,0
BANKNIFTY29MAY2560100CE.NFO,2025-05-16,13:44:00,2025-05-29,12.8,12.8,12.8,12.8,60,40170,0
BANKNIFTY29MAY2560100CE.NFO,2025-05-16,13:45:00,2025-05-29,12.75,12.75,12.7,12.7,210,40170,0
BANKNIFTY29MAY2560100CE.NFO,2025-05-16,13:46:00,2025-05-29,12.7,12.7,12.7,12.7,0,40170,0
BANKNIFTY29MAY2560100CE.NFO,2025-05-16,13:47:00,2025-05-29,12.7,12.7,12.7,12.7,0,40170,0
BANKNIFTY29MAY2560100CE.NFO,2025-05-16,13:48:00,2025-05-29,12.7,12.7,12.7,12.7,0,40170,0
BANKNIFTY29MAY2560100CE.NFO,2025-05-16,13:49:00,2025-05-29,12.7,12.7,12.7,12.7,0,40170,0
BANKNIFTY29MAY2560100CE.NFO,2025-05-16,13:50:00,2025-05-29,12.7,13.0,12.7,13.0,180,40200,0
BANKNIFTY29MAY2560100CE.NFO,2025-05-16,13:51:00,2025-05-29,13.0,13.0,12.2,12.2,30,40200,0
BANKNIFTY29MAY2560100CE.NFO,2025-05-16,13:52:00,2025-05-29,12.2,12.8,12.2,12.8,60,40200,0
BANKNIFTY29MAY2560100CE.NFO,2025-05-16,13:53:00,2025-05-29,12.8,12.8,12.8,12.8,0,40200,0
BANKNIFTY29MAY2560100CE.NFO,2025-05-16,13:54:00,2025-05-29,12.8,12.8,12.8,12.8,0,40200,0
BANKNIFTY29MAY2560100CE.NFO,2025-05-16,13:55:00,2025-05-29,12.8,12.8,11.3,12.45,60,40170,0
BANKNIFTY29MAY2560100CE.NFO,2025-05-16,13:56:00,2025-05-29,12.45,12.45,12.45,12.45,0,40170,0
BANKNIFTY29MAY2560100CE.NFO,2025-05-16,13:57:00,2025-05-29,12.45,12.45,12.45,12.45,0,40170,0
BANKNIFTY29MAY2560100CE.NFO,2025-05-16,13:58:00,2025-05-29,12.45,12.45,12.45,12.45,0,40170,0
BANKNIFTY29MAY2560100CE.NFO,2025-05-16,13:59:00,2025-05-29,12.45,12.45,12.3,12.3,90,40170,0
BANKNIFTY29MAY2560100CE.NFO,2025-05-16,14:00:00,2025-05-29,12.3,12.3,12.3,12.3,0,40170,0
BANKNIFTY29MAY2560100CE.NFO,2025-05-16,14:01:00,2025-05-29,12.3,12.95,12.3,12.95,30,40140,0
BANKNIFTY29MAY2560100CE.NFO,2025-05-16,14:02:00,2025-05-29,12.95,12.95,12.95,12.95,0,40140,0
BANKNIFTY29MAY2560100CE.NFO,2025-05-16,14:03:00,2025-05-29,12.95,12.95,12.95,12.95,0,40140,0
BANKNIFTY29MAY2560100CE.NFO,2025-05-16,14:04:00,2025-05-29,12.95,12.95,12.95,12.95,0,40140,0
BANKNIFTY29MAY2560100CE.NFO,2025-05-16,14:05:00,2025-05-29,12.95,12.95,12.95,12.95,0,40140,0
BANKNIFTY29MAY2560100CE.NFO,2025-05-16,14:06:00,2025-05-29,12.95,12.95,12.95,12.95,0,40140,0
BANKNIFTY29MAY2560100CE.NFO,2025-05-16,14:07:00,2025-05-29,12.95,12.95,12.95,12.95,0,40140,0
BANKNIFTY29MAY2560100CE.NFO,2025-05-16,14:08:00,2025-05-29,12.95,12.95,12.95,12.95,0,40140,0
BANKNIFTY29MAY2560100CE.NFO,2025-05-16,14:09:00,2025-05-29,12.95,12.95,12.95,12.95,0,40140,0
BANKNIFTY29MAY2560100CE.NFO,2025-05-16,14:10:00,2025-05-29,12.95,12.95,12.95,12.95,0,40140,0
BANKNIFTY29MAY2560100CE.NFO,2025-05-16,14:11:00,2025-05-29,12.95,12.95,12.95,12.95,0,40140,0
BANKNIFTY29MAY2560100CE.NFO,2025-05-16,14:12:00,2025-05-29,12.95,12.95,12.95,12.95,0,40140,0
BANKNIFTY29MAY2560100CE.NFO,2025-05-16,14:13:00,2025-05-29,12.95,12.95,12.95,12.95,0,40140,0
BANKNIFTY29MAY2560100CE.NFO,2025-05-16,14:14:00,2025-05-29,12.95,12.95,12.95,12.95,0,40140,0
BANKNIFTY29MAY2560100CE.NFO,2025-05-16,14:15:00,2025-05-29,12.95,12.95,12.95,12.95,0,40140,0
BANKNIFTY29MAY2560100CE.NFO,2025-05-16,14:16:00,2025-05-29,12.95,12.95,12.95,12.95,0,40140,0
BANKNIFTY29MAY2560100CE.NFO,2025-05-16,14:17:00,2025-05-29,12.95,12.95,12.95,12.95,0,40140,0
BANKNIFTY29MAY2560100CE.NFO,2025-05-16,14:18:00,2025-05-29,12.95,12.95,12.95,12.95,0,40140,0
BANKNIFTY29MAY2560100CE.NFO,2025-05-16,14:19:00,2025-05-29,12.95,12.95,12.95,12.95,0,40140,0
BANKNIFTY29MAY2560100CE.NFO,2025-05-16,14:20:00,2025-05-29,12.95,12.95,12.95,12.95,0,40140,0
BANKNIFTY29MAY2560100CE.NFO,2025-05-16,14:21:00,2025-05-29,12.95,12.95,12.95,12.95,0,40140,0
BANKNIFTY29MAY2560100CE.NFO,2025-05-16,14:22:00,2025-05-29,12.95,12.95,12.95,12.95,0,40140,0
BANKNIFTY29MAY2560100CE.NFO,2025-05-16,14:23:00,2025-05-29,12.95,12.95,12.95,12.95,0,40140,0
BANKNIFTY29MAY2560100CE.NFO,2025-05-16,14:24:00,2025-05-29,12.95,12.95,12.95,12.95,0,40140,0
BANKNIFTY29MAY2560100CE.NFO,2025-05-16,14:25:00,2025-05-29,12.95,12.95,12.95,12.95,0,40140,0
BANKNIFTY29MAY2560100CE.NFO,2025-05-16,14:26:00,2025-05-29,13.2,13.2,13.2,13.2,60,40170,0
BANKNIFTY29MAY2560100CE.NFO,2025-05-16,14:27:00,2025-05-29,13.2,13.2,11.9,11.9,0,40170,0
BANKNIFTY29MAY2560100CE.NFO,2025-05-16,14:28:00,2025-05-29,11.9,12.75,11.9,12.75,90,40170,0
BANKNIFTY29MAY2560100CE.NFO,2025-05-16,14:29:00,2025-05-29,12.75,12.75,12.75,12.75,0,40170,0
BANKNIFTY29MAY2560100CE.NFO,2025-05-16,14:30:00,2025-05-29,12.75,12.75,12.75,12.75,0,40170,0
BANKNIFTY29MAY2560100CE.NFO,2025-05-16,14:31:00,2025-05-29,12.75,12.75,12.75,12.75,0,40170,0
BANKNIFTY29MAY2560100CE.NFO,2025-05-16,14:32:00,2025-05-29,12.75,12.75,12.75,12.75,0,40170,0
BANKNIFTY29MAY2560100CE.NFO,2025-05-16,14:33:00,2025-05-29,12.75,12.75,11.55,12.45,30,40200,0
BANKNIFTY29MAY2560100CE.NFO,2025-05-16,14:34:00,2025-05-29,12.45,12.45,12.45,12.45,30,40200,0
BANKNIFTY29MAY2560100CE.NFO,2025-05-16,14:35:00,2025-05-29,12.45,12.55,12.45,12.55,30,40200,0
BANKNIFTY29MAY2560100CE.NFO,2025-05-16,14:36:00,2025-05-29,12.55,12.55,12.55,12.55,0,40200,0
BANKNIFTY29MAY2560100CE.NFO,2025-05-16,14:37:00,2025-05-29,12.55,12.55,12.55,12.55,0,40200,0
BANKNIFTY29MAY2560100CE.NFO,2025-05-16,14:38:00,2025-05-29,12.55,12.55,12.55,12.55,0,40200,0
BANKNIFTY29MAY2560100CE.NFO,2025-05-16,14:39:00,2025-05-29,12.55,12.55,12.55,12.55,0,40200,0
BANKNIFTY29MAY2560100CE.NFO,2025-05-16,14:40:00,2025-05-29,12.55,12.55,12.55,12.55,0,40200,0
BANKNIFTY29MAY2560100CE.NFO,2025-05-16,14:41:00,2025-05-29,12.55,12.55,12.55,12.55,0,40200,0
BANKNIFTY29MAY2560100CE.NFO,2025-05-16,14:42:00,2025-05-29,12.55,12.55,12.55,12.55,0,40200,0
BANKNIFTY29MAY2560100CE.NFO,2025-05-16,14:43:00,2025-05-29,12.55,12.55,12.55,12.55,0,40200,0
BANKNIFTY29MAY2560100CE.NFO,2025-05-16,14:44:00,2025-05-29,12.55,12.55,12.55,12.55,0,40200,0
BANKNIFTY29MAY2560100CE.NFO,2025-05-16,14:45:00,2025-05-29,12.55,12.55,12.55,12.55,0,40200,0
BANKNIFTY29MAY2560100CE.NFO,2025-05-16,14:46:00,2025-05-29,12.55,12.55,12.55,12.55,0,40200,0
BANKNIFTY29MAY2560100CE.NFO,2025-05-16,14:47:00,2025-05-29,12.55,12.55,12.55,12.55,0,40200,0
BANKNIFTY29MAY2560100CE.NFO,2025-05-16,14:48:00,2025-05-29,12.55,12.55,12.55,12.55,0,40200,0
BANKNIFTY29MAY2560100CE.NFO,2025-05-16,14:49:00,2025-05-29,12.55,12.55,12.55,12.55,0,40200,0
BANKNIFTY29MAY2560100CE.NFO,2025-05-16,14:50:00,2025-05-29,12.55,12.55,12.55,12.55,0,40200,0
BANKNIFTY29MAY2560100CE.NFO,2025-05-16,14:51:00,2025-05-29,12.55,12.8,12.55,12.7,990,40200,0
BANKNIFTY29MAY2560100CE.NFO,2025-05-16,14:52:00,2025-05-29,12.7,12.7,12.7,12.7,150,40200,0
BANKNIFTY29MAY2560100CE.NFO,2025-05-16,14:53:00,2025-05-29,12.7,12.7,12.7,12.7,0,40200,0
BANKNIFTY29MAY2560100CE.NFO,2025-05-16,14:54:00,2025-05-29,12.7,12.7,12.7,12.7,0,40200,0
BANKNIFTY29MAY2560100CE.NFO,2025-05-16,14:55:00,2025-05-29,12.7,12.7,12.7,12.7,0,40200,0
BANKNIFTY29MAY2560100CE.NFO,2025-05-16,14:56:00,2025-05-29,12.7,12.7,12.7,12.7,0,40200,0
BANKNIFTY29MAY2560100CE.NFO,2025-05-16,14:57:00,2025-05-29,12.7,12.7,12.7,12.7,0,40200,0
BANKNIFTY29MAY2560100CE.NFO,2025-05-16,14:58:00,2025-05-29,12.7,12.7,12.7,12.7,0,40200,0
BANKNIFTY29MAY2560100CE.NFO,2025-05-16,14:59:00,2025-05-29,12.7,12.7,12.7,12.7,0,40200,0
BANKNIFTY29MAY2560100CE.NFO,2025-05-16,15:00:00,2025-05-29,12.7,12.7,12.7,12.7,0,40200,0
BANKNIFTY29MAY2560100CE.NFO,2025-05-16,15:01:00,2025-05-29,12.7,12.7,12.7,12.7,0,40200,0
BANKNIFTY29MAY2560100CE.NFO,2025-05-16,15:02:00,2025-05-29,12.7,13.2,12.7,13.2,30,41220,0
BANKNIFTY29MAY2560100CE.NFO,2025-05-16,15:03:00,2025-05-29,13.2,13.2,12.55,12.55,150,41220,0
BANKNIFTY29MAY2560100CE.NFO,2025-05-16,15:04:00,2025-05-29,12.55,12.55,12.55,12.55,0,41220,0
BANKNIFTY29MAY2560100CE.NFO,2025-05-16,15:05:00,2025-05-29,12.55,12.55,12.55,12.55,0,41220,0
BANKNIFTY29MAY2560100CE.NFO,2025-05-16,15:06:00,2025-05-29,12.55,12.55,12.55,12.55,0,41220,0
BANKNIFTY29MAY2560100CE.NFO,2025-05-16,15:07:00,2025-05-29,12.55,12.55,12.55,12.55,0,41220,0
BANKNIFTY29MAY2560100CE.NFO,2025-05-16,15:08:00,2025-05-29,12.55,12.55,12.55,12.55,0,41220,0
BANKNIFTY29MAY2560100CE.NFO,2025-05-16,15:09:00,2025-05-29,12.55,12.55,12.55,12.55,0,41220,0
BANKNIFTY29MAY2560100CE.NFO,2025-05-16,15:10:00,2025-05-29,12.55,13.0,12.55,12.95,240,41340,0
BANKNIFTY29MAY2560100CE.NFO,2025-05-16,15:11:00,2025-05-29,12.95,13.6,12.6,13.0,1350,41340,0
BANKNIFTY29MAY2560100CE.NFO,2025-05-16,15:12:00,2025-05-29,13.0,13.0,12.6,12.6,30,41340,0
BANKNIFTY29MAY2560100CE.NFO,2025-05-16,15:13:00,2025-05-29,12.6,12.95,12.6,12.95,30,41340,0
BANKNIFTY29MAY2560100CE.NFO,2025-05-16,15:14:00,2025-05-29,12.95,12.95,12.4,12.4,270,42030,0
BANKNIFTY29MAY2560100CE.NFO,2025-05-16,15:15:00,2025-05-29,12.4,12.4,12.15,12.15,30,42030,0
BANKNIFTY29MAY2560100CE.NFO,2025-05-16,15:16:00,2025-05-29,12.15,12.15,12.15,12.15,0,42030,0
BANKNIFTY29MAY2560100CE.NFO,2025-05-16,15:17:00,2025-05-29,12.15,12.15,12.15,12.15,0,42030,0
BANKNIFTY29MAY2560100CE.NFO,2025-05-16,15:18:00,2025-05-29,12.15,12.55,11.75,12.55,330,42090,0
BANKNIFTY29MAY2560100CE.NFO,2025-05-16,15:19:00,2025-05-29,12.55,12.55,12.55,12.55,0,42090,0
BANKNIFTY29MAY2560100CE.NFO,2025-05-16,15:20:00,2025-05-29,12.55,12.55,12.1,12.4,810,42300,0
BANKNIFTY29MAY2560100CE.NFO,2025-05-16,15:21:00,2025-05-29,12.4,12.4,12.4,12.4,0,42300,0
BANKNIFTY29MAY2560100CE.NFO,2025-05-16,15:22:00,2025-05-29,12.4,12.4,12.4,12.4,0,42300,0
BANKNIFTY29MAY2560100CE.NFO,2025-05-16,15:23:00,2025-05-29,12.4,12.4,12.4,12.4,0,42300,0
BANKNIFTY29MAY2560100CE.NFO,2025-05-16,15:24:00,2025-05-29,12.4,12.4,12.4,12.4,0,42300,0
BANKNIFTY29MAY2560100CE.NFO,2025-05-16,15:25:00,2025-05-29,12.4,12.4,12.4,12.4,0,42300,0
BANKNIFTY29MAY2560100CE.NFO,2025-05-16,15:26:00,2025-05-29,12.4,13.35,12.4,13.35,270,42090,0
BANKNIFTY29MAY2560100CE.NFO,2025-05-16,15:27:00,2025-05-29,13.35,13.35,12.55,12.55,480,42090,0
BANKNIFTY29MAY2560100CE.NFO,2025-05-16,15:28:00,2025-05-29,12.55,13.1,12.55,12.7,780,41850,0
BANKNIFTY29MAY2560100CE.NFO,2025-05-16,15:29:00,2025-05-29,12.7,12.7,11.95,11.95,60,41850,0
BANKNIFTY29MAY2560100CE.NFO,2025-05-16,15:30:00,2025-05-29,11.95,11.95,11.95,11.95,60,41850,1
BANKNIFTY29MAY2560100CE.NFO,2025-05-19,09:15:00,2025-05-29,13.55,13.55,13.55,13.55,0,0,0
BANKNIFTY29MAY2560100CE.NFO,2025-05-19,09:16:00,2025-05-29,13.55,13.55,13.55,13.55,0,0,1
BANKNIFTY29MAY2560100CE.NFO,2025-05-19,09:17:00,2025-05-29,13.55,13.55,13.55,13.55,0,0,1
BANKNIFTY29MAY2560100CE.NFO,2025-05-19,09:18:00,2025-05-29,12.7,13.55,11.2,11.95,570,41970,0
BANKNIFTY29MAY2560100CE.NFO,2025-05-19,09:19:00,2025-05-29,11.95,13.4,11.95,11.95,150,41970,0
BANKNIFTY29MAY2560100CE.NFO,2025-05-19,09:20:00,2025-05-29,11.95,13.35,11.95,12.6,360,41970,0
BANKNIFTY29MAY2560100CE.NFO,2025-05-19,09:21:00,2025-05-29,12.6,12.9,12.6,12.9,60,42480,0
BANKNIFTY29MAY2560100CE.NFO,2025-05-19,09:22:00,2025-05-29,12.9,13.4,12.9,13.4,120,42480,0
BANKNIFTY29MAY2560100CE.NFO,2025-05-19,09:23:00,2025-05-29,13.4,13.8,12.6,12.6,210,42480,0
BANKNIFTY29MAY2560100CE.NFO,2025-05-19,09:24:00,2025-05-29,12.6,12.65,12.3,12.3,90,42480,0
BANKNIFTY29MAY2560100CE.NFO,2025-05-19,09:25:00,2025-05-29,12.3,12.75,12.25,12.5,300,42630,0
BANKNIFTY29MAY2560100CE.NFO,2025-05-19,09:26:00,2025-05-29,12.5,12.5,12.35,12.35,60,42630,0
BANKNIFTY29MAY2560100CE.NFO,2025-05-19,09:27:00,2025-05-29,12.35,12.35,12.05,12.05,60,42630,0
BANKNIFTY29MAY2560100CE.NFO,2025-05-19,09:28:00,2025-05-29,12.05,12.35,12.05,12.3,120,42630,0
BANKNIFTY29MAY2560100CE.NFO,2025-05-19,09:29:00,2025-05-29,12.3,12.3,11.7,11.75,780,42630,0
BANKNIFTY29MAY2560100CE.NFO,2025-05-19,09:30:00,2025-05-29,11.85,12.0,11.6,12.0,570,42750,0
BANKNIFTY29MAY2560100CE.NFO,2025-05-19,09:31:00,2025-05-29,12.0,12.0,12.0,12.0,0,42750,0
BANKNIFTY29MAY2560100CE.NFO,2025-05-19,09:32:00,2025-05-29,12.0,12.1,11.8,11.8,480,42750,0
BANKNIFTY29MAY2560100CE.NFO,2025-05-19,09:33:00,2025-05-29,11.8,11.8,11.4,11.8,210,43380,0
BANKNIFTY29MAY2560100CE.NFO,2025-05-19,09:34:00,2025-05-29,11.8,11.8,11.8,11.8,0,43380,0
BANKNIFTY29MAY2560100CE.NFO,2025-05-19,09:35:00,2025-05-29,11.8,11.9,11.6,11.7,720,43380,0
BANKNIFTY29MAY2560100CE.NFO,2025-05-19,09:36:00,2025-05-29,11.7,12.0,11.5,11.5,780,43380,0
BANKNIFTY29MAY2560100CE.NFO,2025-05-19,09:37:00,2025-05-29,11.5,11.5,11.2,11.4,300,44550,0
BANKNIFTY29MAY2560100CE.NFO,2025-05-19,09:38:00,2025-05-29,11.4,11.5,11.15,11.25,390,44550,0
BANKNIFTY29MAY2560100CE.NFO,2025-05-19,09:39:00,2025-05-29,11.25,11.25,10.95,10.95,0,44430,0
BANKNIFTY29MAY2560100CE.NFO,2025-05-19,09:40:00,2025-05-29,10.95,11.25,10.95,11.25,90,44430,0
BANKNIFTY29MAY2560100CE.NFO,2025-05-19,09:41:00,2025-05-29,11.25,11.3,10.9,11.3,150,44430,0
BANKNIFTY29MAY2560100CE.NFO,2025-05-19,09:42:00,2025-05-29,11.3,11.3,11.3,11.3,30,44430,0
BANKNIFTY29MAY2560100CE.NFO,2025-05-19,09:43:00,2025-05-29,11.3,11.3,11.3,11.3,0,44430,0
BANKNIFTY29MAY2560100CE.NFO,2025-05-19,09:44:00,2025-05-29,11.3,11.3,11.25,11.25,510,44460,0
BANKNIFTY29MAY2560100CE.NFO,2025-05-19,09:45:00,2025-05-29,11.25,11.25,11.25,11.25,0,44460,0
BANKNIFTY29MAY2560100CE.NFO,2025-05-19,09:46:00,2025-05-29,11.25,11.25,11.15,11.15,0,44370,0
BANKNIFTY29MAY2560100CE.NFO,2025-05-19,09:47:00,2025-05-29,11.15,11.5,11.15,11.5,960,44370,0
BANKNIFTY29MAY2560100CE.NFO,2025-05-19,09:48:00,2025-05-29,11.5,11.55,11.1,11.5,660,44310,0
BANKNIFTY29MAY2560100CE.NFO,2025-05-19,09:49:00,2025-05-29,11.5,11.5,10.9,11.4,330,44310,0
BANKNIFTY29MAY2560100CE.NFO,2025-05-19,09:50:00,2025-05-29,11.4,11.5,10.85,11.5,120,44310,0
BANKNIFTY29MAY2560100CE.NFO,2025-05-19,09:51:00,2025-05-29,11.55,11.55,11.25,11.25,150,44310,0
BANKNIFTY29MAY2560100CE.NFO,2025-05-19,09:52:00,2025-05-29,11.25,11.25,11.25,11.25,0,44310,0
BANKNIFTY29MAY2560100CE.NFO,2025-05-19,09:53:00,2025-05-29,11.25,11.25,11.25,11.25,0,44310,0
BANKNIFTY29MAY2560100CE.NFO,2025-05-19,09:54:00,2025-05-29,11.25,11.25,11.25,11.25,0,44310,0
BANKNIFTY29MAY2560100CE.NFO,2025-05-19,09:55:00,2025-05-29,11.75,11.75,11.0,11.0,210,44640,0
BANKNIFTY29MAY2560100CE.NFO,2025-05-19,09:56:00,2025-05-29,11.0,11.05,11.0,11.05,210,44640,0
BANKNIFTY29MAY2560100CE.NFO,2025-05-19,09:57:00,2025-05-29,11.05,11.2,10.8,11.2,150,44640,0
BANKNIFTY29MAY2560100CE.NFO,2025-05-19,09:58:00,2025-05-29,11.2,11.2,11.2,11.2,0,44640,0
BANKNIFTY29MAY2560100CE.NFO,2025-05-19,09:59:00,2025-05-29,11.2,11.2,11.2,11.2,0,44640,0
BANKNIFTY29MAY2560100CE.NFO,2025-05-19,10:00:00,2025-05-29,11.2,11.2,11.2,11.2,0,44640,0
BANKNIFTY29MAY2560100CE.NFO,2025-05-19,10:01:00,2025-05-29,11.2,11.2,11.2,11.2,0,44640,0
BANKNIFTY29MAY2560100CE.NFO,2025-05-19,10:02:00,2025-05-29,11.25,11.25,10.65,11.1,510,44790,0
BANKNIFTY29MAY2560100CE.NFO,2025-05-19,10:03:00,2025-05-29,11.1,11.1,11.1,11.1,0,44790,0
BANKNIFTY29MAY2560100CE.NFO,2025-05-19,10:04:00,2025-05-29,11.1,11.1,11.1,11.1,0,44790,0
BANKNIFTY29MAY2560100CE.NFO,2025-05-19,10:05:00,2025-05-29,11.1,11.1,11.1,11.1,0,44790,0
BANKNIFTY29MAY2560100CE.NFO,2025-05-19,10:06:00,2025-05-29,11.1,11.1,11.1,11.1,0,44790,0
BANKNIFTY29MAY2560100CE.NFO,2025-05-19,10:07:00,2025-05-29,11.1,11.1,11.1,11.1,0,44790,0
BANKNIFTY29MAY2560100CE.NFO,2025-05-19,10:08:00,2025-05-29,11.1,11.45,10.05,11.45,60,44790,0
BANKNIFTY29MAY2560100CE.NFO,2025-05-19,10:09:00,2025-05-29,11.45,11.45,11.45,11.45,0,44790,0
BANKNIFTY29MAY2560100CE.NFO,2025-05-19,10:10:00,2025-05-29,11.45,11.45,11.45,11.45,0,44790,0
BANKNIFTY29MAY2560100CE.NFO,2025-05-19,10:11:00,2025-05-29,11.45,11.45,10.85,11.2,390,44790,0
BANKNIFTY29MAY2560100CE.NFO,2025-05-19,10:12:00,2025-05-29,11.2,11.2,11.2,11.2,0,44790,0
BANKNIFTY29MAY2560100CE.NFO,2025-05-19,10:13:00,2025-05-29,11.2,11.2,11.2,11.2,0,44790,0
BANKNIFTY29MAY2560100CE.NFO,2025-05-19,10:14:00,2025-05-29,11.3,11.4,10.95,10.95,870,45120,0
BANKNIFTY29MAY2560100CE.NFO,2025-05-19,10:15:00,2025-05-29,10.95,11.25,10.95,11.25,60,45120,0
BANKNIFTY29MAY2560100CE.NFO,2025-05-19,10:16:00,2025-05-29,11.25,11.35,11.25,11.35,60,45270,0
BANKNIFTY29MAY2560100CE.NFO,2025-05-19,10:17:00,2025-05-29,11.35,11.35,11.35,11.35,0,45270,0
BANKNIFTY29MAY2560100CE.NFO,2025-05-19,10:18:00,2025-05-29,11.35,11.35,11.35,11.35,0,45270,0
BANKNIFTY29MAY2560100CE.NFO,2025-05-19,10:19:00,2025-05-29,11.35,11.35,11.35,11.35,0,45270,0
BANKNIFTY29MAY2560100CE.NFO,2025-05-19,10:20:00,2025-05-29,11.35,11.35,11.35,11.35,0,45270,0
BANKNIFTY29MAY2560100CE.NFO,2025-05-19,10:21:00,2025-05-29,9.6,11.7,9.6,11.7,810,45270,0
BANKNIFTY29MAY2560100CE.NFO,2025-05-19,10:22:00,2025-05-29,11.7,11.7,11.7,11.7,0,45270,0
BANKNIFTY29MAY2560100CE.NFO,2025-05-19,10:23:00,2025-05-29,11.7,11.7,11.7,11.7,0,45270,0
BANKNIFTY29MAY2560100CE.NFO,2025-05-19,10:24:00,2025-05-29,11.05,11.65,11.05,11.65,240,45060,0
BANKNIFTY29MAY2560100CE.NFO,2025-05-19,10:25:00,2025-05-29,11.65,11.9,11.65,11.9,360,44850,0
BANKNIFTY29MAY2560100CE.NFO,2025-05-19,10:26:00,2025-05-29,11.9,11.9,11.9,11.9,0,44850,0
BANKNIFTY29MAY2560100CE.NFO,2025-05-19,10:27:00,2025-05-29,11.9,11.9,11.9,11.9,0,44850,0
BANKNIFTY29MAY2560100CE.NFO,2025-05-19,10:28:00,2025-05-29,11.9,11.9,10.95,10.95,30,44730,0
BANKNIFTY29MAY2560100CE.NFO,2025-05-19,10:29:00,2025-05-29,11.3,11.3,11.15,11.15,180,44730,0
BANKNIFTY29MAY2560100CE.NFO,2025-05-19,10:30:00,2025-05-29,11.15,11.15,11.15,11.15,0,44730,0
BANKNIFTY29MAY2560100CE.NFO,2025-05-19,10:31:00,2025-05-29,11.15,11.15,11.15,11.15,0,44730,0
BANKNIFTY29MAY2560100CE.NFO,2025-05-19,10:32:00,2025-05-29,11.15,11.2,11.15,11.2,0,44640,0
BANKNIFTY29MAY2560100CE.NFO,2025-05-19,10:33:00,2025-05-29,11.2,11.2,11.2,11.2,30,44640,0
BANKNIFTY29MAY2560100CE.NFO,2025-05-19,10:34:00,2025-05-29,11.2,11.7,11.2,11.7,0,44610,0
BANKNIFTY29MAY2560100CE.NFO,2025-05-19,10:35:00,2025-05-29,11.7,11.7,11.45,11.45,300,44610,0
BANKNIFTY29MAY2560100CE.NFO,2025-05-19,10:36:00,2025-05-29,11.45,11.45,11.45,11.45,0,44610,0
BANKNIFTY29MAY2560100CE.NFO,2025-05-19,10:37:00,2025-05-29,11.45,11.45,11.45,11.45,0,44610,0
BANKNIFTY29MAY2560100CE.NFO,2025-05-19,10:38:00,2025-05-29,11.45,11.45,11.45,11.45,0,44610,0
BANKNIFTY29MAY2560100CE.NFO,2025-05-19,10:39:00,2025-05-29,11.45,11.45,11.15,11.15,60,44910,0
BANKNIFTY29MAY2560100CE.NFO,2025-05-19,10:40:00,2025-05-29,11.15,11.15,11.15,11.15,0,44910,0
BANKNIFTY29MAY2560100CE.NFO,2025-05-19,10:41:00,2025-05-29,11.15,11.35,11.15,11.35,120,44910,0
BANKNIFTY29MAY2560100CE.NFO,2025-05-19,10:42:00,2025-05-29,11.35,11.35,11.35,11.35,0,44910,0
BANKNIFTY29MAY2560100CE.NFO,2025-05-19,10:43:00,2025-05-29,11.35,11.45,11.35,11.45,60,44760,0
BANKNIFTY29MAY2560100CE.NFO,2025-05-19,10:44:00,2025-05-29,11.45,11.45,11.25,11.25,30,44760,0
BANKNIFTY29MAY2560100CE.NFO,2025-05-19,10:45:00,2025-05-29,11.25,11.55,11.25,11.55,0,44760,0
BANKNIFTY29MAY2560100CE.NFO,2025-05-19,10:46:00,2025-05-29,11.55,11.55,11.55,11.55,30,44760,0
BANKNIFTY29MAY2560100CE.NFO,2025-05-19,10:47:00,2025-05-29,11.55,11.55,11.55,11.55,0,44760,0
BANKNIFTY29MAY2560100CE.NFO,2025-05-19,10:48:00,2025-05-29,11.55,11.55,11.55,11.55,0,44760,0
BANKNIFTY29MAY2560100CE.NFO,2025-05-19,10:49:00,2025-05-29,11.55,11.55,11.55,11.55,0,44760,0
BANKNIFTY29MAY2560100CE.NFO,2025-05-19,10:50:00,2025-05-29,11.55,11.55,11.55,11.55,0,44760,0
BANKNIFTY29MAY2560100CE.NFO,2025-05-19,10:51:00,2025-05-29,11.55,11.55,11.55,11.55,0,44760,0
BANKNIFTY29MAY2560100CE.NFO,2025-05-19,10:52:00,2025-05-29,11.55,11.55,11.55,11.55,0,44760,0
BANKNIFTY29MAY2560100CE.NFO,2025-05-19,10:53:00,2025-05-29,11.55,11.55,11.55,11.55,0,44760,0
BANKNIFTY29MAY2560100CE.NFO,2025-05-19,10:54:00,2025-05-29,11.55,12.1,11.55,12.1,60,44790,0
BANKNIFTY29MAY2560100CE.NFO,2025-05-19,10:55:00,2025-05-29,13.0,13.35,12.9,13.2,660,44730,0
BANKNIFTY29MAY2560100CE.NFO,2025-05-19,10:56:00,2025-05-29,13.2,13.2,12.45,12.45,60,44730,0
BANKNIFTY29MAY2560100CE.NFO,2025-05-19,10:57:00,2025-05-29,12.45,13.05,12.45,12.65,90,44760,0
BANKNIFTY29MAY2560100CE.NFO,2025-05-19,10:58:00,2025-05-29,12.65,13.05,12.6,12.6,360,44760,0
BANKNIFTY29MAY2560100CE.NFO,2025-05-19,10:59:00,2025-05-29,12.6,12.6,12.6,12.6,0,44760,0
BANKNIFTY29MAY2560100CE.NFO,2025-05-19,11:00:00,2025-05-29,12.6,12.65,12.6,12.65,120,44760,0
BANKNIFTY29MAY2560100CE.NFO,2025-05-19,11:01:00,2025-05-29,12.65,12.65,12.65,12.65,0,44760,0
BANKNIFTY29MAY2560100CE.NFO,2025-05-19,11:02:00,2025-05-29,12.65,12.65,12.65,12.65,0,44760,0
BANKNIFTY29MAY2560100CE.NFO,2025-05-19,11:03:00,2025-05-29,12.65,13.25,12.65,13.25,60,44880,0
BANKNIFTY29MAY2560100CE.NFO,2025-05-19,11:04:00,2025-05-29,13.25,13.25,12.95,12.95,0,44880,0
BANKNIFTY29MAY2560100CE.NFO,2025-05-19,11:05:00,2025-05-29,12.95,13.35,12.95,13.05,210,44880,0
BANKNIFTY29MAY2560100CE.NFO,2025-05-19,11:06:00,2025-05-29,13.05,13.4,13.05,13.4,300,44880,0
BANKNIFTY29MAY2560100CE.NFO,2025-05-19,11:07:00,2025-05-29,13.45,13.45,13.15,13.4,240,44910,0
BANKNIFTY29MAY2560100CE.NFO,2025-05-19,11:08:00,2025-05-29,13.4,13.4,13.0,13.0,60,44910,0
BANKNIFTY29MAY2560100CE.NFO,2025-05-19,11:09:00,2025-05-29,13.0,13.0,13.0,13.0,0,44910,0
BANKNIFTY29MAY2560100CE.NFO,2025-05-19,11:10:00,2025-05-29,13.0,13.0,13.0,13.0,0,44910,0
BANKNIFTY29MAY2560100CE.NFO,2025-05-19,11:11:00,2025-05-29,13.0,13.0,13.0,13.0,0,44910,0
BANKNIFTY29MAY2560100CE.NFO,2025-05-19,11:12:00,2025-05-29,13.0,13.0,13.0,13.0,0,44910,0
BANKNIFTY29MAY2560100CE.NFO,2025-05-19,11:13:00,2025-05-29,13.0,13.0,12.35,12.35,360,44910,0
BANKNIFTY29MAY2560100CE.NFO,2025-05-19,11:14:00,2025-05-29,12.35,12.85,12.35,12.85,120,44910,0
BANKNIFTY29MAY2560100CE.NFO,2025-05-19,11:15:00,2025-05-29,12.85,13.0,12.7,13.0,240,44910,0
BANKNIFTY29MAY2560100CE.NFO,2025-05-19,11:16:00,2025-05-29,13.0,13.0,13.0,13.0,0,44910,0
BANKNIFTY29MAY2560100CE.NFO,2025-05-19,11:17:00,2025-05-29,13.0,13.0,13.0,13.0,0,44910,0
BANKNIFTY29MAY2560100CE.NFO,2025-05-19,11:18:00,2025-05-29,13.0,13.0,13.0,13.0,0,44910,0
BANKNIFTY29MAY2560100CE.NFO,2025-05-19,11:19:00,2025-05-29,13.0,13.45,13.0,13.45,570,44580,0
BANKNIFTY29MAY2560100CE.NFO,2025-05-19,11:20:00,2025-05-29,13.45,13.5,13.45,13.5,60,44580,0
BANKNIFTY29MAY2560100CE.NFO,2025-05-19,11:21:00,2025-05-29,13.5,13.5,13.5,13.5,0,44580,0
BANKNIFTY29MAY2560100CE.NFO,2025-05-19,11:22:00,2025-05-29,12.9,12.9,12.9,12.9,30,44760,0
BANKNIFTY29MAY2560100CE.NFO,2025-05-19,11:23:00,2025-05-29,12.9,12.9,12.9,12.9,0,44760,0
BANKNIFTY29MAY2560100CE.NFO,2025-05-19,11:24:00,2025-05-29,13.3,13.3,13.3,13.3,240,44760,0
BANKNIFTY29MAY2560100CE.NFO,2025-05-19,11:25:00,2025-05-29,13.3,13.3,13.3,13.3,0,44760,0
BANKNIFTY29MAY2560100CE.NFO,2025-05-19,11:26:00,2025-05-29,13.3,13.3,13.3,13.3,0,44760,0
BANKNIFTY29MAY2560100CE.NFO,2025-05-19,11:27:00,2025-05-29,13.3,13.3,13.3,13.3,0,44760,0
BANKNIFTY29MAY2560100CE.NFO,2025-05-19,11:28:00,2025-05-29,13.3,14.2,11.5,13.1,240,44820,0
BANKNIFTY29MAY2560100CE.NFO,2025-05-19,11:29:00,2025-05-29,13.1,13.15,12.9,13.0,180,44820,0
BANKNIFTY29MAY2560100CE.NFO,2025-05-19,11:30:00,2025-05-29,13.0,13.0,13.0,13.0,0,44820,0
BANKNIFTY29MAY2560100CE.NFO,2025-05-19,11:31:00,2025-05-29,13.0,13.0,13.0,13.0,90,44850,0
BANKNIFTY29MAY2560100CE.NFO,2025-05-19,11:32:00,2025-05-29,13.0,13.1,13.0,13.1,210,44850,0
BANKNIFTY29MAY2560100CE.NFO,2025-05-19,11:33:00,2025-05-29,13.1,13.1,13.1,13.1,0,44850,0
BANKNIFTY29MAY2560100CE.NFO,2025-05-19,11:34:00,2025-05-29,13.1,13.1,13.1,13.1,0,44850,0
BANKNIFTY29MAY2560100CE.NFO,2025-05-19,11:35:00,2025-05-29,13.1,13.1,13.1,13.1,0,44850,0
BANKNIFTY29MAY2560100CE.NFO,2025-05-19,11:36:00,2025-05-29,13.1,13.1,13.1,13.1,0,44850,0
BANKNIFTY29MAY2560100CE.NFO,2025-05-19,11:37:00,2025-05-29,13.1,13.5,13.0,13.1,480,44760,0
BANKNIFTY29MAY2560100CE.NFO,2025-05-19,11:38:00,2025-05-29,13.1,13.2,13.1,13.2,30,44760,0
BANKNIFTY29MAY2560100CE.NFO,2025-05-19,11:39:00,2025-05-29,13.2,13.2,13.2,13.2,0,44760,0
BANKNIFTY29MAY2560100CE.NFO,2025-05-19,11:40:00,2025-05-29,13.2,13.2,13.2,13.2,0,44760,0
BANKNIFTY29MAY2560100CE.NFO,2025-05-19,11:41:00,2025-05-29,13.2,13.2,13.2,13.2,0,44760,0
BANKNIFTY29MAY2560100CE.NFO,2025-05-19,11:42:00,2025-05-29,13.2,13.2,13.2,13.2,0,44760,0
BANKNIFTY29MAY2560100CE.NFO,2025-05-19,11:43:00,2025-05-29,13.2,13.2,13.2,13.2,0,44760,0
BANKNIFTY29MAY2560100CE.NFO,2025-05-19,11:44:00,2025-05-29,13.2,13.2,13.2,13.2,0,44760,0
BANKNIFTY29MAY2560100CE.NFO,2025-05-19,11:45:00,2025-05-29,13.2,13.2,13.2,13.2,0,44760,0
BANKNIFTY29MAY2560100CE.NFO,2025-05-19,11:46:00,2025-05-29,13.2,13.2,13.2,13.2,0,44760,0
BANKNIFTY29MAY2560100CE.NFO,2025-05-19,11:47:00,2025-05-29,13.2,13.2,13.2,13.2,0,44760,0
BANKNIFTY29MAY2560100CE.NFO,2025-05-19,11:48:00,2025-05-29,13.2,13.2,13.2,13.2,0,44760,0
BANKNIFTY29MAY2560100CE.NFO,2025-05-19,11:49:00,2025-05-29,13.2,13.2,13.1,13.1,30,44940,0
BANKNIFTY29MAY2560100CE.NFO,2025-05-19,11:50:00,2025-05-29,13.1,13.1,13.1,13.1,0,44940,0
BANKNIFTY29MAY2560100CE.NFO,2025-05-19,11:51:00,2025-05-29,13.1,13.1,13.1,13.1,0,44940,0
BANKNIFTY29MAY2560100CE.NFO,2025-05-19,11:52:00,2025-05-29,13.1,13.1,13.1,13.1,0,44940,0
BANKNIFTY29MAY2560100CE.NFO,2025-05-19,11:53:00,2025-05-29,13.1,13.1,13.1,13.1,0,44940,0
BANKNIFTY29MAY2560100CE.NFO,2025-05-19,11:54:00,2025-05-29,13.1,13.1,13.1,13.1,0,44940,0
BANKNIFTY29MAY2560100CE.NFO,2025-05-19,11:55:00,2025-05-29,13.1,13.1,13.1,13.1,0,44940,0
BANKNIFTY29MAY2560100CE.NFO,2025-05-19,11:56:00,2025-05-29,13.1,13.1,13.1,13.1,0,44940,0
BANKNIFTY29MAY2560100CE.NFO,2025-05-19,11:57:00,2025-05-29,13.1,13.1,13.1,13.1,0,44940,0
BANKNIFTY29MAY2560100CE.NFO,2025-05-19,11:58:00,2025-05-29,13.1,14.0,12.75,12.75,60,44970,0
BANKNIFTY29MAY2560100CE.NFO,2025-05-19,11:59:00,2025-05-29,12.75,12.75,12.75,12.75,0,44970,0
BANKNIFTY29MAY2560100CE.NFO,2025-05-19,12:00:00,2025-05-29,12.75,12.75,12.75,12.75,0,44970,0
BANKNIFTY29MAY2560100CE.NFO,2025-05-19,12:01:00,2025-05-29,12.75,12.75,12.05,12.05,210,44970,0
BANKNIFTY29MAY2560100CE.NFO,2025-05-19,12:02:00,2025-05-29,12.05,12.4,12.05,12.4,690,44970,0
BANKNIFTY29MAY2560100CE.NFO,2025-05-19,12:03:00,2025-05-29,12.4,12.4,12.4,12.4,0,44970,0
BANKNIFTY29MAY2560100CE.NFO,2025-05-19,12:04:00,2025-05-29,12.4,12.4,12.4,12.4,0,44970,0
BANKNIFTY29MAY2560100CE.NFO,2025-05-19,12:05:00,2025-05-29,12.4,12.4,12.4,12.4,0,44970,0
BANKNIFTY29MAY2560100CE.NFO,2025-05-19,12:06:00,2025-05-29,12.4,12.4,12.4,12.4,0,44970,0
BANKNIFTY29MAY2560100CE.NFO,2025-05-19,12:07:00,2025-05-29,12.4,12.4,12.4,12.4,0,44970,0
BANKNIFTY29MAY2560100CE.NFO,2025-05-19,12:08:00,2025-05-29,12.4,12.4,12.4,12.4,0,44970,0
BANKNIFTY29MAY2560100CE.NFO,2025-05-19,12:09:00,2025-05-29,12.4,12.4,12.4,12.4,0,44970,0
BANKNIFTY29MAY2560100CE.NFO,2025-05-19,12:10:00,2025-05-29,12.4,12.4,12.4,12.4,0,44970,0
BANKNIFTY29MAY2560100CE.NFO,2025-05-19,12:11:00,2025-05-29,12.4,12.9,12.4,12.75,600,44400,0
BANKNIFTY29MAY2560100CE.NFO,2025-05-19,12:12:00,2025-05-29,12.75,12.9,12.75,12.9,90,44400,0
BANKNIFTY29MAY2560100CE.NFO,2025-05-19,12:13:00,2025-05-29,12.9,12.9,12.9,12.9,0,44400,0
BANKNIFTY29MAY2560100CE.NFO,2025-05-19,12:14:00,2025-05-29,12.7,12.75,12.5,12.75,780,44130,0
BANKNIFTY29MAY2560100CE.NFO,2025-05-19,12:15:00,2025-05-29,12.75,12.75,12.45,12.45,480,44130,0
BANKNIFTY29MAY2560100CE.NFO,2025-05-19,12:16:00,2025-05-29,12.45,12.45,12.45,12.45,0,44130,0
BANKNIFTY29MAY2560100CE.NFO,2025-05-19,12:17:00,2025-05-29,12.45,12.45,12.3,12.3,60,43470,0
BANKNIFTY29MAY2560100CE.NFO,2025-05-19,12:18:00,2025-05-29,12.3,12.55,12.3,12.55,30,43470,0
BANKNIFTY29MAY2560100CE.NFO,2025-05-19,12:19:00,2025-05-29,12.55,12.55,12.55,12.55,0,43470,0
BANKNIFTY29MAY2560100CE.NFO,2025-05-19,12:20:00,2025-05-29,12.55,13.15,12.55,13.15,30,43410,0
BANKNIFTY29MAY2560100CE.NFO,2025-05-19,12:21:00,2025-05-29,13.15,13.15,13.15,13.15,0,43410,0
BANKNIFTY29MAY2560100CE.NFO,2025-05-19,12:22:00,2025-05-29,13.15,13.15,13.15,13.15,0,43410,0
BANKNIFTY29MAY2560100CE.NFO,2025-05-19,12:23:00,2025-05-29,13.15,13.15,13.15,13.15,0,43410,0
BANKNIFTY29MAY2560100CE.NFO,2025-05-19,12:24:00,2025-05-29,13.15,13.15,13.15,13.15,0,43410,0
BANKNIFTY29MAY2560100CE.NFO,2025-05-19,12:25:00,2025-05-29,13.15,13.15,13.15,13.15,0,43410,0
BANKNIFTY29MAY2560100CE.NFO,2025-05-19,12:26:00,2025-05-29,13.15,14.05,13.15,14.05,30,43440,0
BANKNIFTY29MAY2560100CE.NFO,2025-05-19,12:27:00,2025-05-29,14.05,14.05,14.05,14.05,0,43440,0
BANKNIFTY29MAY2560100CE.NFO,2025-05-19,12:28:00,2025-05-29,14.05,14.05,14.05,14.05,0,43440,0
BANKNIFTY29MAY2560100CE.NFO,2025-05-19,12:29:00,2025-05-29,14.05,14.05,14.05,14.05,0,43440,0
BANKNIFTY29MAY2560100CE.NFO,2025-05-19,12:30:00,2025-05-29,14.05,14.05,12.45,12.45,180,43470,0
BANKNIFTY29MAY2560100CE.NFO,2025-05-19,12:31:00,2025-05-29,12.45,12.7,12.35,12.7,90,43530,0
BANKNIFTY29MAY2560100CE.NFO,2025-05-19,12:32:00,2025-05-29,12.7,12.7,12.7,12.7,0,43530,0
BANKNIFTY29MAY2560100CE.NFO,2025-05-19,12:33:00,2025-05-29,12.7,12.7,12.7,12.7,0,43530,0
BANKNIFTY29MAY2560100CE.NFO,2025-05-19,12:34:00,2025-05-29,12.7,12.7,12.7,12.7,0,43530,0
BANKNIFTY29MAY2560100CE.NFO,2025-05-19,12:35:00,2025-05-29,12.7,12.9,12.7,12.9,60,43530,0
BANKNIFTY29MAY2560100CE.NFO,2025-05-19,12:36:00,2025-05-29,12.9,13.1,12.9,13.1,150,43530,0
BANKNIFTY29MAY2560100CE.NFO,2025-05-19,12:37:00,2025-05-29,13.1,13.1,13.1,13.1,3000,43710,0
BANKNIFTY29MAY2560100CE.NFO,2025-05-19,12:38:00,2025-05-29,13.1,13.1,13.1,13.1,0,43710,0
BANKNIFTY29MAY2560100CE.NFO,2025-05-19,12:39:00,2025-05-29,13.1,13.1,13.1,13.1,0,43710,0
BANKNIFTY29MAY2560100CE.NFO,2025-05-19,12:40:00,2025-05-29,13.1,13.1,13.1,13.1,0,43710,0
BANKNIFTY29MAY2560100CE.NFO,2025-05-19,12:41:00,2025-05-29,13.1,13.1,13.1,13.1,0,43710,0
BANKNIFTY29MAY2560100CE.NFO,2025-05-19,12:42:00,2025-05-29,13.1,13.1,12.5,12.5,90,43710,0
BANKNIFTY29MAY2560100CE.NFO,2025-05-19,12:43:00,2025-05-29,12.5,12.5,12.5,12.5,120,43710,0
BANKNIFTY29MAY2560100CE.NFO,2025-05-19,12:44:00,2025-05-29,12.5,12.95,12.5,12.7,300,43740,0
BANKNIFTY29MAY2560100CE.NFO,2025-05-19,12:45:00,2025-05-29,12.7,12.85,12.45,12.45,120,43740,0
BANKNIFTY29MAY2560100CE.NFO,2025-05-19,12:46:00,2025-05-29,12.45,12.45,12.45,12.45,0,43740,0
BANKNIFTY29MAY2560100CE.NFO,2025-05-19,12:47:00,2025-05-29,12.45,12.8,12.45,12.8,90,43890,0
BANKNIFTY29MAY2560100CE.NFO,2025-05-19,12:48:00,2025-05-29,12.8,12.8,12.8,12.8,0,43890,0
BANKNIFTY29MAY2560100CE.NFO,2025-05-19,12:49:00,2025-05-29,12.8,13.05,12.8,12.85,120,43980,0
BANKNIFTY29MAY2560100CE.NFO,2025-05-19,12:50:00,2025-05-29,12.95,12.95,12.95,12.95,30,43980,0
BANKNIFTY29MAY2560100CE.NFO,2025-05-19,12:51:00,2025-05-29,12.95,13.05,12.95,13.05,600,43980,0
BANKNIFTY29MAY2560100CE.NFO,2025-05-19,12:52:00,2025-05-29,13.05,13.05,13.0,13.0,0,44070,0
BANKNIFTY29MAY2560100CE.NFO,2025-05-19,12:53:00,2025-05-29,13.0,13.0,12.75,12.75,1440,44070,0
BANKNIFTY29MAY2560100CE.NFO,2025-05-19,12:54:00,2025-05-29,12.75,13.3,12.75,13.0,210,44070,0
BANKNIFTY29MAY2560100CE.NFO,2025-05-19,12:55:00,2025-05-29,13.0,13.0,13.0,13.0,0,44070,0
BANKNIFTY29MAY2560100CE.NFO,2025-05-19,12:56:00,2025-05-29,13.0,13.35,13.0,13.1,180,44160,0
BANKNIFTY29MAY2560100CE.NFO,2025-05-19,12:57:00,2025-05-29,13.1,13.1,13.1,13.1,60,44160,0
BANKNIFTY29MAY2560100CE.NFO,2025-05-19,12:58:00,2025-05-29,13.1,13.1,13.1,13.1,0,44160,0
BANKNIFTY29MAY2560100CE.NFO,2025-05-19,12:59:00,2025-05-29,13.1,13.25,12.85,12.85,90,44310,0
BANKNIFTY29MAY2560100CE.NFO,2025-05-19,13:00:00,2025-05-29,12.85,12.85,12.85,12.85,0,44310,0
BANKNIFTY29MAY2560100CE.NFO,2025-05-19,13:01:00,2025-05-29,12.85,12.85,12.85,12.85,0,44310,0
BANKNIFTY29MAY2560100CE.NFO,2025-05-19,13:02:00,2025-05-29,12.85,12.85,12.85,12.85,0,44310,0
BANKNIFTY29MAY2560100CE.NFO,2025-05-19,13:03:00,2025-05-29,12.85,12.85,12.85,12.85,0,44310,0
BANKNIFTY29MAY2560100CE.NFO,2025-05-19,13:04:00,2025-05-29,12.85,13.2,12.85,13.2,30,44280,0
BANKNIFTY29MAY2560100CE.NFO,2025-05-19,13:05:00,2025-05-29,13.2,13.2,12.65,13.0,180,44280,0
BANKNIFTY29MAY2560100CE.NFO,2025-05-19,13:06:00,2025-05-29,13.0,13.0,13.0,13.0,0,44280,0
BANKNIFTY29MAY2560100CE.NFO,2025-05-19,13:07:00,2025-05-29,13.0,13.0,13.0,13.0,0,44280,0
BANKNIFTY29MAY2560100CE.NFO,2025-05-19,13:08:00,2025-05-29,13.0,13.0,12.95,12.95,30,44370,0
BANKNIFTY29MAY2560100CE.NFO,2025-05-19,13:09:00,2025-05-29,12.95,12.95,12.95,12.95,0,44370,0
BANKNIFTY29MAY2560100CE.NFO,2025-05-19,13:10:00,2025-05-29,12.95,13.15,12.95,13.15,60,44370,0
BANKNIFTY29MAY2560100CE.NFO,2025-05-19,13:11:00,2025-05-29,13.15,13.15,13.15,13.15,0,44370,0
BANKNIFTY29MAY2560100CE.NFO,2025-05-19,13:12:00,2025-05-29,13.15,13.15,13.15,13.15,0,44370,0
BANKNIFTY29MAY2560100CE.NFO,2025-05-19,13:13:00,2025-05-29,13.15,13.15,13.15,13.15,0,44370,0
BANKNIFTY29MAY2560100CE.NFO,2025-05-19,13:14:00,2025-05-29,13.15,13.15,13.15,13.15,0,44370,0
BANKNIFTY29MAY2560100CE.NFO,2025-05-19,13:15:00,2025-05-29,13.15,13.15,12.95,12.95,90,44430,0
BANKNIFTY29MAY2560100CE.NFO,2025-05-19,13:16:00,2025-05-29,12.95,12.95,12.7,12.7,30,44430,0
BANKNIFTY29MAY2560100CE.NFO,2025-05-19,13:17:00,2025-05-29,12.7,12.75,12.7,12.75,120,44430,0
BANKNIFTY29MAY2560100CE.NFO,2025-05-19,13:18:00,2025-05-29,12.75,12.75,12.75,12.75,0,44430,0
BANKNIFTY29MAY2560100CE.NFO,2025-05-19,13:19:00,2025-05-29,12.75,12.75,12.75,12.75,0,44430,0
BANKNIFTY29MAY2560100CE.NFO,2025-05-19,13:20:00,2025-05-29,12.75,12.75,12.75,12.75,0,44430,0
BANKNIFTY29MAY2560100CE.NFO,2025-05-19,13:21:00,2025-05-29,12.75,12.75,12.75,12.75,0,44430,0
BANKNIFTY29MAY2560100CE.NFO,2025-05-19,13:22:00,2025-05-29,12.75,12.75,12.75,12.75,0,44430,0
BANKNIFTY29MAY2560100CE.NFO,2025-05-19,13:23:00,2025-05-29,12.75,13.0,12.75,13.0,0,44340,0
BANKNIFTY29MAY2560100CE.NFO,2025-05-19,13:24:00,2025-05-29,13.0,13.0,12.95,12.95,630,44340,0
BANKNIFTY29MAY2560100CE.NFO,2025-05-19,13:25:00,2025-05-29,12.95,12.95,12.95,12.95,0,44340,0
BANKNIFTY29MAY2560100CE.NFO,2025-05-19,13:26:00,2025-05-29,12.95,13.05,12.8,12.95,1890,43800,0
BANKNIFTY29MAY2560100CE.NFO,2025-05-19,13:27:00,2025-05-29,12.95,12.95,12.85,12.85,300,43800,0
BANKNIFTY29MAY2560100CE.NFO,2025-05-19,13:28:00,2025-05-29,12.85,12.85,12.85,12.85,0,43800,0
BANKNIFTY29MAY2560100CE.NFO,2025-05-19,13:29:00,2025-05-29,12.85,12.85,12.85,12.85,0,43800,0
BANKNIFTY29MAY2560100CE.NFO,2025-05-19,13:30:00,2025-05-29,12.85,12.85,12.85,12.85,0,43800,0
BANKNIFTY29MAY2560100CE.NFO,2025-05-19,13:31:00,2025-05-29,12.85,12.85,12.85,12.85,0,43800,0
BANKNIFTY29MAY2560100CE.NFO,2025-05-19,13:32:00,2025-05-29,12.9,12.9,12.9,12.9,60,43050,0
BANKNIFTY29MAY2560100CE.NFO,2025-05-19,13:33:00,2025-05-29,12.9,13.05,12.8,13.05,300,43050,0
BANKNIFTY29MAY2560100CE.NFO,2025-05-19,13:34:00,2025-05-29,13.05,13.05,12.55,12.55,480,42900,0
BANKNIFTY29MAY2560100CE.NFO,2025-05-19,13:35:00,2025-05-29,12.55,12.75,12.55,12.75,30,42900,0
BANKNIFTY29MAY2560100CE.NFO,2025-05-19,13:36:00,2025-05-29,12.75,12.75,12.75,12.75,0,42900,0
BANKNIFTY29MAY2560100CE.NFO,2025-05-19,13:37:00,2025-05-29,12.75,12.75,12.75,12.75,0,42900,0
BANKNIFTY29MAY2560100CE.NFO,2025-05-19,13:38:00,2025-05-29,12.75,12.75,12.75,12.75,0,42900,0
BANKNIFTY29MAY2560100CE.NFO,2025-05-19,13:39:00,2025-05-29,12.75,12.75,12.75,12.75,0,42900,0
BANKNIFTY29MAY2560100CE.NFO,2025-05-19,13:40:00,2025-05-29,12.75,12.75,12.65,12.65,30,42750,0
BANKNIFTY29MAY2560100CE.NFO,2025-05-19,13:41:00,2025-05-29,12.65,12.75,12.65,12.65,480,42750,0
BANKNIFTY29MAY2560100CE.NFO,2025-05-19,13:42:00,2025-05-29,12.65,12.65,12.65,12.65,0,42750,0
BANKNIFTY29MAY2560100CE.NFO,2025-05-19,13:43:00,2025-05-29,12.65,12.75,12.65,12.75,390,43020,0
BANKNIFTY29MAY2560100CE.NFO,2025-05-19,13:44:00,2025-05-29,12.75,12.75,12.75,12.75,0,43020,0
BANKNIFTY29MAY2560100CE.NFO,2025-05-19,13:45:00,2025-05-29,12.75,12.75,12.75,12.75,0,43020,0
BANKNIFTY29MAY2560100CE.NFO,2025-05-19,13:46:00,2025-05-29,12.75,12.75,12.75,12.75,0,43020,0
BANKNIFTY29MAY2560100CE.NFO,2025-05-19,13:47:00,2025-05-29,12.75,12.75,12.75,12.75,0,43020,0
BANKNIFTY29MAY2560100CE.NFO,2025-05-19,13:48:00,2025-05-29,12.75,12.75,12.75,12.75,0,43020,0
BANKNIFTY29MAY2560100CE.NFO,2025-05-19,13:49:00,2025-05-29,12.75,12.75,12.75,12.75,0,43020,0
BANKNIFTY29MAY2560100CE.NFO,2025-05-19,13:50:00,2025-05-29,12.75,12.75,12.45,12.45,120,42930,0
BANKNIFTY29MAY2560100CE.NFO,2025-05-19,13:51:00,2025-05-29,12.45,12.5,12.45,12.5,0,42930,0
BANKNIFTY29MAY2560100CE.NFO,2025-05-19,13:52:00,2025-05-29,12.5,12.5,12.5,12.5,60,42930,0
BANKNIFTY29MAY2560100CE.NFO,2025-05-19,13:53:00,2025-05-29,12.5,12.5,12.5,12.5,0,42930,0
BANKNIFTY29MAY2560100CE.NFO,2025-05-19,13:54:00,2025-05-29,12.5,12.5,12.5,12.5,0,42930,0
BANKNIFTY29MAY2560100CE.NFO,2025-05-19,13:55:00,2025-05-29,12.35,12.35,12.35,12.35,120,43080,0
BANKNIFTY29MAY2560100CE.NFO,2025-05-19,13:56:00,2025-05-29,12.7,12.7,12.7,12.7,30,42960,0
BANKNIFTY29MAY2560100CE.NFO,2025-05-19,13:57:00,2025-05-29,12.7,12.7,12.7,12.7,0,42960,0
BANKNIFTY29MAY2560100CE.NFO,2025-05-19,13:58:00,2025-05-29,12.7,12.7,12.7,12.7,0,42960,0
BANKNIFTY29MAY2560100CE.NFO,2025-05-19,13:59:00,2025-05-29,12.7,12.7,12.7,12.7,0,42960,0
BANKNIFTY29MAY2560100CE.NFO,2025-05-19,14:00:00,2025-05-29,12.7,12.7,12.05,12.1,0,42990,0
BANKNIFTY29MAY2560100CE.NFO,2025-05-19,14:01:00,2025-05-29,12.45,12.45,12.3,12.35,210,43020,0
BANKNIFTY29MAY2560100CE.NFO,2025-05-19,14:02:00,2025-05-29,12.35,12.35,12.35,12.35,0,43020,0
BANKNIFTY29MAY2560100CE.NFO,2025-05-19,14:03:00,2025-05-29,12.35,12.35,12.35,12.35,0,43020,0
BANKNIFTY29MAY2560100CE.NFO,2025-05-19,14:04:00,2025-05-29,12.35,12.35,12.0,12.0,240,43020,0
BANKNIFTY29MAY2560100CE.NFO,2025-05-19,14:05:00,2025-05-29,12.0,12.0,12.0,12.0,0,43020,0
BANKNIFTY29MAY2560100CE.NFO,2025-05-19,14:06:00,2025-05-29,12.0,12.0,12.0,12.0,0,43020,0
BANKNIFTY29MAY2560100CE.NFO,2025-05-19,14:07:00,2025-05-29,12.0,12.0,12.0,12.0,0,43020,0
BANKNIFTY29MAY2560100CE.NFO,2025-05-19,14:08:00,2025-05-29,12.0,12.15,12.0,12.15,300,42990,0
BANKNIFTY29MAY2560100CE.NFO,2025-05-19,14:09:00,2025-05-29,12.15,12.15,12.15,12.15,0,42990,0
BANKNIFTY29MAY2560100CE.NFO,2025-05-19,14:10:00,2025-05-29,12.15,12.15,12.15,12.15,0,42990,0
BANKNIFTY29MAY2560100CE.NFO,2025-05-19,14:11:00,2025-05-29,12.15,12.15,12.15,12.15,0,42990,0
BANKNIFTY29MAY2560100CE.NFO,2025-05-19,14:12:00,2025-05-29,12.15,12.15,12.15,12.15,0,42990,0
BANKNIFTY29MAY2560100CE.NFO,2025-05-19,14:13:00,2025-05-29,12.15,12.15,12.15,12.15,0,42990,0
BANKNIFTY29MAY2560100CE.NFO,2025-05-19,14:14:00,2025-05-29,12.15,12.15,12.15,12.15,0,42990,0
BANKNIFTY29MAY2560100CE.NFO,2025-05-19,14:15:00,2025-05-29,12.15,12.15,12.15,12.15,0,42990,0
BANKNIFTY29MAY2560100CE.NFO,2025-05-19,14:16:00,2025-05-29,12.15,12.2,12.15,12.2,60,43260,0
BANKNIFTY29MAY2560100CE.NFO,2025-05-19,14:17:00,2025-05-29,12.2,12.2,12.2,12.2,0,43260,0
BANKNIFTY29MAY2560100CE.NFO,2025-05-19,14:18:00,2025-05-29,12.2,12.2,12.2,12.2,0,43260,0
BANKNIFTY29MAY2560100CE.NFO,2025-05-19,14:19:00,2025-05-29,12.2,12.2,12.2,12.2,0,43260,0
BANKNIFTY29MAY2560100CE.NFO,2025-05-19,14:20:00,2025-05-29,12.2,12.2,12.2,12.2,0,43260,0
BANKNIFTY29MAY2560100CE.NFO,2025-05-19,14:21:00,2025-05-29,12.2,12.2,12.2,12.2,0,43260,0
BANKNIFTY29MAY2560100CE.NFO,2025-05-19,14:22:00,2025-05-29,12.5,12.5,12.25,12.25,210,43260,0
BANKNIFTY29MAY2560100CE.NFO,2025-05-19,14:23:00,2025-05-29,12.25,12.25,12.25,12.25,0,43260,0
BANKNIFTY29MAY2560100CE.NFO,2025-05-19,14:24:00,2025-05-29,12.25,12.25,12.25,12.25,0,43260,0
BANKNIFTY29MAY2560100CE.NFO,2025-05-19,14:25:00,2025-05-29,12.25,12.25,12.25,12.25,0,43260,0
BANKNIFTY29MAY2560100CE.NFO,2025-05-19,14:26:00,2025-05-29,12.25,12.25,12.25,12.25,0,43260,0
BANKNIFTY29MAY2560100CE.NFO,2025-05-19,14:27:00,2025-05-29,12.25,12.25,12.25,12.25,0,43260,0
BANKNIFTY29MAY2560100CE.NFO,2025-05-19,14:28:00,2025-05-29,12.25,12.25,12.25,12.25,0,43260,0
BANKNIFTY29MAY2560100CE.NFO,2025-05-19,14:29:00,2025-05-29,12.25,12.25,12.25,12.25,0,43260,0
BANKNIFTY29MAY2560100CE.NFO,2025-05-19,14:30:00,2025-05-29,12.25,12.25,12.25,12.25,0,43260,0
BANKNIFTY29MAY2560100CE.NFO,2025-05-19,14:31:00,2025-05-29,12.25,12.25,12.25,12.25,0,43260,0
BANKNIFTY29MAY2560100CE.NFO,2025-05-19,14:32:00,2025-05-29,12.25,12.25,12.25,12.25,0,43260,0
BANKNIFTY29MAY2560100CE.NFO,2025-05-19,14:33:00,2025-05-29,12.25,12.25,12.25,12.25,0,43260,0
BANKNIFTY29MAY2560100CE.NFO,2025-05-19,14:34:00,2025-05-29,12.25,12.25,12.25,12.25,0,43260,0
BANKNIFTY29MAY2560100CE.NFO,2025-05-19,14:35:00,2025-05-29,12.25,12.25,12.25,12.25,0,43260,0
BANKNIFTY29MAY2560100CE.NFO,2025-05-19,14:36:00,2025-05-29,12.25,12.25,12.25,12.25,0,43260,0
BANKNIFTY29MAY2560100CE.NFO,2025-05-19,14:37:00,2025-05-29,12.25,12.25,12.25,12.25,0,43260,0
BANKNIFTY29MAY2560100CE.NFO,2025-05-19,14:38:00,2025-05-29,12.25,12.25,12.25,12.25,0,43260,0
BANKNIFTY29MAY2560100CE.NFO,2025-05-19,14:39:00,2025-05-29,12.25,12.25,12.25,12.25,0,43260,0
BANKNIFTY29MAY2560100CE.NFO,2025-05-19,14:40:00,2025-05-29,12.1,12.1,12.1,12.1,30,43350,0
BANKNIFTY29MAY2560100CE.NFO,2025-05-19,14:41:00,2025-05-29,12.1,12.1,12.1,12.1,0,43350,0
BANKNIFTY29MAY2560100CE.NFO,2025-05-19,14:42:00,2025-05-29,12.1,12.1,12.1,12.1,0,43350,0
BANKNIFTY29MAY2560100CE.NFO,2025-05-19,14:43:00,2025-05-29,12.1,12.1,12.1,12.1,0,43350,0
BANKNIFTY29MAY2560100CE.NFO,2025-05-19,14:44:00,2025-05-29,12.1,12.1,12.1,12.1,0,43350,0
BANKNIFTY29MAY2560100CE.NFO,2025-05-19,14:45:00,2025-05-29,12.1,12.1,12.1,12.1,0,43350,0
BANKNIFTY29MAY2560100CE.NFO,2025-05-19,14:46:00,2025-05-29,12.1,12.1,12.1,12.1,0,43350,0
BANKNIFTY29MAY2560100CE.NFO,2025-05-19,14:47:00,2025-05-29,12.1,12.1,12.1,12.1,0,43350,0
BANKNIFTY29MAY2560100CE.NFO,2025-05-19,14:48:00,2025-05-29,12.1,12.1,12.1,12.1,0,43350,0
BANKNIFTY29MAY2560100CE.NFO,2025-05-19,14:49:00,2025-05-29,12.5,12.5,12.3,12.3,450,43320,0
BANKNIFTY29MAY2560100CE.NFO,2025-05-19,14:50:00,2025-05-29,12.3,12.3,12.3,12.3,0,43320,0
BANKNIFTY29MAY2560100CE.NFO,2025-05-19,14:51:00,2025-05-29,12.3,12.3,12.3,12.3,0,43320,0
BANKNIFTY29MAY2560100CE.NFO,2025-05-19,14:52:00,2025-05-29,12.3,12.3,12.3,12.3,0,43320,0
BANKNIFTY29MAY2560100CE.NFO,2025-05-19,14:53:00,2025-05-29,12.3,12.3,12.1,12.3,270,43560,0
BANKNIFTY29MAY2560100CE.NFO,2025-05-19,14:54:00,2025-05-29,12.3,12.3,12.3,12.3,90,43560,0
BANKNIFTY29MAY2560100CE.NFO,2025-05-19,14:55:00,2025-05-29,12.3,12.35,12.3,12.35,60,43560,0
BANKNIFTY29MAY2560100CE.NFO,2025-05-19,14:56:00,2025-05-29,12.35,12.35,12.3,12.3,0,43560,0
BANKNIFTY29MAY2560100CE.NFO,2025-05-19,14:57:00,2025-05-29,12.3,12.3,12.3,12.3,180,43560,0
BANKNIFTY29MAY2560100CE.NFO,2025-05-19,14:58:00,2025-05-29,12.3,12.35,12.25,12.35,240,43590,0
BANKNIFTY29MAY2560100CE.NFO,2025-05-19,14:59:00,2025-05-29,12.35,12.35,12.25,12.25,0,43590,0
BANKNIFTY29MAY2560100CE.NFO,2025-05-19,15:00:00,2025-05-29,12.25,12.35,12.15,12.35,270,43590,0
BANKNIFTY29MAY2560100CE.NFO,2025-05-19,15:01:00,2025-05-29,12.35,12.35,12.35,12.35,510,43590,0
BANKNIFTY29MAY2560100CE.NFO,2025-05-19,15:02:00,2025-05-29,12.35,12.55,12.35,12.45,360,43440,0
BANKNIFTY29MAY2560100CE.NFO,2025-05-19,15:03:00,2025-05-29,12.45,12.45,12.45,12.45,0,43440,0
BANKNIFTY29MAY2560100CE.NFO,2025-05-19,15:04:00,2025-05-29,12.45,12.45,12.3,12.45,180,43440,0
BANKNIFTY29MAY2560100CE.NFO,2025-05-19,15:05:00,2025-05-29,12.45,12.55,12.45,12.55,60,43200,0
BANKNIFTY29MAY2560100CE.NFO,2025-05-19,15:06:00,2025-05-29,12.55,12.55,12.55,12.55,0,43200,0
BANKNIFTY29MAY2560100CE.NFO,2025-05-19,15:07:00,2025-05-29,12.55,12.6,12.55,12.6,270,43200,0
BANKNIFTY29MAY2560100CE.NFO,2025-05-19,15:08:00,2025-05-29,12.6,12.6,12.4,12.4,390,43200,0
BANKNIFTY29MAY2560100CE.NFO,2025-05-19,15:09:00,2025-05-29,12.4,12.55,12.4,12.55,150,43200,0
BANKNIFTY29MAY2560100CE.NFO,2025-05-19,15:10:00,2025-05-29,12.55,12.6,12.35,12.6,510,42990,0
BANKNIFTY29MAY2560100CE.NFO,2025-05-19,15:11:00,2025-05-29,12.6,12.6,12.6,12.6,0,42990,0
BANKNIFTY29MAY2560100CE.NFO,2025-05-19,15:12:00,2025-05-29,12.6,12.6,12.6,12.6,0,42990,0
BANKNIFTY29MAY2560100CE.NFO,2025-05-19,15:13:00,2025-05-29,12.6,12.6,12.6,12.6,0,42990,0
BANKNIFTY29MAY2560100CE.NFO,2025-05-19,15:14:00,2025-05-29,12.6,12.6,12.6,12.6,60,42990,0
BANKNIFTY29MAY2560100CE.NFO,2025-05-19,15:15:00,2025-05-29,12.6,12.6,12.6,12.6,60,42990,0
BANKNIFTY29MAY2560100CE.NFO,2025-05-19,15:16:00,2025-05-29,12.25,12.45,12.25,12.35,510,42990,0
BANKNIFTY29MAY2560100CE.NFO,2025-05-19,15:17:00,2025-05-29,12.35,12.35,12.2,12.2,90,42840,0
BANKNIFTY29MAY2560100CE.NFO,2025-05-19,15:18:00,2025-05-29,12.2,12.2,12.2,12.2,0,42840,0
BANKNIFTY29MAY2560100CE.NFO,2025-05-19,15:19:00,2025-05-29,12.2,12.2,12.2,12.2,0,42840,0
BANKNIFTY29MAY2560100CE.NFO,2025-05-19,15:20:00,2025-05-29,12.2,12.55,12.2,12.35,390,42810,0
BANKNIFTY29MAY2560100CE.NFO,2025-05-19,15:21:00,2025-05-29,12.35,12.35,12.35,12.35,0,42810,0
BANKNIFTY29MAY2560100CE.NFO,2025-05-19,15:22:00,2025-05-29,12.5,12.5,12.3,12.3,120,42810,0
BANKNIFTY29MAY2560100CE.NFO,2025-05-19,15:23:00,2025-05-29,12.3,12.3,12.3,12.3,0,42810,0
BANKNIFTY29MAY2560100CE.NFO,2025-05-19,15:24:00,2025-05-29,12.3,12.5,12.05,12.4,630,42450,0
BANKNIFTY29MAY2560100CE.NFO,2025-05-19,15:25:00,2025-05-29,12.4,12.5,12.15,12.45,150,42450,0
BANKNIFTY29MAY2560100CE.NFO,2025-05-19,15:26:00,2025-05-29,12.45,12.45,12.35,12.35,300,42450,0
BANKNIFTY29MAY2560100CE.NFO,2025-05-19,15:27:00,2025-05-29,12.35,12.35,12.25,12.35,120,42450,0
BANKNIFTY29MAY2560100CE.NFO,2025-05-19,15:28:00,2025-05-29,12.35,12.35,12.35,12.35,0,42450,0
BANKNIFTY29MAY2560100CE.NFO,2025-05-19,15:29:00,2025-05-29,12.35,12.45,12.1,12.4,330,42750,0
BANKNIFTY29MAY2560100CE.NFO,2025-05-19,15:30:00,2025-05-29,12.4,12.4,12.4,12.4,330,42750,1
BANKNIFTY29MAY2560100CE.NFO,2025-05-20,09:15:00,2025-05-29,12.4,13.15,10.9,11.75,1320,43080,0
BANKNIFTY29MAY2560100CE.NFO,2025-05-20,09:16:00,2025-05-29,11.75,11.85,11.4,11.8,660,43080,0
BANKNIFTY29MAY2560100CE.NFO,2025-05-20,09:17:00,2025-05-29,11.8,11.95,11.45,11.45,300,43080,0
BANKNIFTY29MAY2560100CE.NFO,2025-05-20,09:18:00,2025-05-29,11.45,11.55,11.45,11.55,180,43080,0
BANKNIFTY29MAY2560100CE.NFO,2025-05-20,09:19:00,2025-05-29,11.55,11.75,11.5,11.5,480,43140,0
BANKNIFTY29MAY2560100CE.NFO,2025-05-20,09:20:00,2025-05-29,11.5,11.6,11.05,11.1,300,43140,0
BANKNIFTY29MAY2560100CE.NFO,2025-05-20,09:21:00,2025-05-29,11.1,11.3,11.1,11.3,90,43200,0
BANKNIFTY29MAY2560100CE.NFO,2025-05-20,09:22:00,2025-05-29,11.3,11.3,11.15,11.15,360,43200,0
BANKNIFTY29MAY2560100CE.NFO,2025-05-20,09:23:00,2025-05-29,11.4,11.8,11.4,11.7,3660,43200,0
BANKNIFTY29MAY2560100CE.NFO,2025-05-20,09:24:00,2025-05-29,11.7,11.85,11.35,11.35,1290,43920,0
BANKNIFTY29MAY2560100CE.NFO,2025-05-20,09:25:00,2025-05-29,11.35,11.4,11.1,11.25,1230,43920,0
BANKNIFTY29MAY2560100CE.NFO,2025-05-20,09:26:00,2025-05-29,11.25,11.25,11.1,11.1,210,43920,0
BANKNIFTY29MAY2560100CE.NFO,2025-05-20,09:27:00,2025-05-29,11.1,11.1,10.65,10.7,780,44490,0
BANKNIFTY29MAY2560100CE.NFO,2025-05-20,09:28:00,2025-05-29,10.7,10.7,10.65,10.65,120,44490,0
BANKNIFTY29MAY2560100CE.NFO,2025-05-20,09:29:00,2025-05-29,10.65,10.75,10.65,10.75,30,44490,0
BANKNIFTY29MAY2560100CE.NFO,2025-05-20,09:30:00,2025-05-29,10.75,11.05,10.65,11.05,1290,44820,0
BANKNIFTY29MAY2560100CE.NFO,2025-05-20,09:31:00,2025-05-29,11.05,11.05,10.55,10.95,630,44820,0
BANKNIFTY29MAY2560100CE.NFO,2025-05-20,09:32:00,2025-05-29,10.95,11.35,10.95,11.35,90,44820,0
BANKNIFTY29MAY2560100CE.NFO,2025-05-20,09:33:00,2025-05-29,11.35,11.4,11.05,11.4,1020,44910,0
BANKNIFTY29MAY2560100CE.NFO,2025-05-20,09:34:00,2025-05-29,11.4,11.45,10.95,11.15,1770,44910,0
BANKNIFTY29MAY2560100CE.NFO,2025-05-20,09:35:00,2025-05-29,11.15,11.4,11.15,11.4,60,44910,0
BANKNIFTY29MAY2560100CE.NFO,2025-05-20,09:36:00,2025-05-29,11.4,11.4,11.4,11.4,0,44910,0
BANKNIFTY29MAY2560100CE.NFO,2025-05-20,09:37:00,2025-05-29,11.4,11.85,11.4,11.85,120,44820,0
BANKNIFTY29MAY2560100CE.NFO,2025-05-20,09:38:00,2025-05-29,11.85,12.0,11.85,12.0,120,44820,0
BANKNIFTY29MAY2560100CE.NFO,2025-05-20,09:39:00,2025-05-29,12.0,12.0,11.95,12.0,360,44700,0
BANKNIFTY29MAY2560100CE.NFO,2025-05-20,09:40:00,2025-05-29,12.0,12.0,12.0,12.0,0,44700,0
BANKNIFTY29MAY2560100CE.NFO,2025-05-20,09:41:00,2025-05-29,12.0,12.0,11.8,11.8,870,44700,0
BANKNIFTY29MAY2560100CE.NFO,2025-05-20,09:42:00,2025-05-29,11.8,11.9,11.8,11.9,60,44700,0
BANKNIFTY29MAY2560100CE.NFO,2025-05-20,09:43:00,2025-05-29,11.9,11.9,11.75,11.75,720,45000,0
BANKNIFTY29MAY2560100CE.NFO,2025-05-20,09:44:00,2025-05-29,11.75,12.1,11.7,11.8,390,45000,0
BANKNIFTY29MAY2560100CE.NFO,2025-05-20,09:45:00,2025-05-29,11.8,11.8,11.6,11.7,210,45000,0
BANKNIFTY29MAY2560100CE.NFO,2025-05-20,09:46:00,2025-05-29,11.7,11.7,11.7,11.7,0,45000,0
BANKNIFTY29MAY2560100CE.NFO,2025-05-20,09:47:00,2025-05-29,11.7,11.7,11.7,11.7,0,45000,0
BANKNIFTY29MAY2560100CE.NFO,2025-05-20,09:48:00,2025-05-29,11.7,11.8,11.7,11.8,30,44730,0
BANKNIFTY29MAY2560100CE.NFO,2025-05-20,09:49:00,2025-05-29,11.8,11.8,11.55,11.7,720,44730,0
BANKNIFTY29MAY2560100CE.NFO,2025-05-20,09:50:00,2025-05-29,11.7,11.75,11.7,11.75,30,44730,0
BANKNIFTY29MAY2560100CE.NFO,2025-05-20,09:51:00,2025-05-29,11.75,11.8,11.75,11.8,60,44730,0
BANKNIFTY29MAY2560100CE.NFO,2025-05-20,09:52:00,2025-05-29,11.8,11.9,11.55,11.55,1230,44820,0
BANKNIFTY29MAY2560100CE.NFO,2025-05-20,09:53:00,2025-05-29,11.55,12.25,11.55,11.9,1050,44820,0
BANKNIFTY29MAY2560100CE.NFO,2025-05-20,09:54:00,2025-05-29,11.9,11.9,11.9,11.9,30,44820,0
BANKNIFTY29MAY2560100CE.NFO,2025-05-20,09:55:00,2025-05-29,11.9,12.3,11.9,12.0,120,45000,0
BANKNIFTY29MAY2560100CE.NFO,2025-05-20,09:56:00,2025-05-29,12.0,12.15,12.0,12.1,180,45000,0
BANKNIFTY29MAY2560100CE.NFO,2025-05-20,09:57:00,2025-05-29,12.1,12.1,11.9,12.0,60,45030,0
BANKNIFTY29MAY2560100CE.NFO,2025-05-20,09:58:00,2025-05-29,12.0,12.0,12.0,12.0,30,45030,0
BANKNIFTY29MAY2560100CE.NFO,2025-05-20,09:59:00,2025-05-29,12.0,12.0,12.0,12.0,0,45030,0
BANKNIFTY29MAY2560100CE.NFO,2025-05-20,10:00:00,2025-05-29,12.0,12.05,11.9,11.9,60,45030,0
BANKNIFTY29MAY2560100CE.NFO,2025-05-20,10:01:00,2025-05-29,11.9,11.9,11.9,11.9,0,45030,0
BANKNIFTY29MAY2560100CE.NFO,2025-05-20,10:02:00,2025-05-29,11.9,11.9,11.9,11.9,0,45030,0
BANKNIFTY29MAY2560100CE.NFO,2025-05-20,10:03:00,2025-05-29,11.9,11.9,11.9,11.9,0,45030,0
BANKNIFTY29MAY2560100CE.NFO,2025-05-20,10:04:00,2025-05-29,11.9,11.9,11.05,11.85,90,45030,0
BANKNIFTY29MAY2560100CE.NFO,2025-05-20,10:05:00,2025-05-29,11.85,12.15,11.85,12.15,180,45030,0
BANKNIFTY29MAY2560100CE.NFO,2025-05-20,10:06:00,2025-05-29,12.15,12.15,12.15,12.15,90,45030,0
BANKNIFTY29MAY2560100CE.NFO,2025-05-20,10:07:00,2025-05-29,12.15,12.15,12.15,12.15,90,45000,0
BANKNIFTY29MAY2560100CE.NFO,2025-05-20,10:08:00,2025-05-29,12.15,12.25,12.05,12.15,90,45000,0
BANKNIFTY29MAY2560100CE.NFO,2025-05-20,10:09:00,2025-05-29,12.0,12.5,12.0,12.5,540,45030,0
BANKNIFTY29MAY2560100CE.NFO,2025-05-20,10:10:00,2025-05-29,12.5,12.5,12.5,12.5,0,45030,0
BANKNIFTY29MAY2560100CE.NFO,2025-05-20,10:11:00,2025-05-29,12.5,12.6,12.5,12.6,60,45030,0
BANKNIFTY29MAY2560100CE.NFO,2025-05-20,10:12:00,2025-05-29,12.6,12.6,12.5,12.5,60,45030,0
BANKNIFTY29MAY2560100CE.NFO,2025-05-20,10:13:00,2025-05-29,12.5,12.5,12.45,12.5,90,45030,0
BANKNIFTY29MAY2560100CE.NFO,2025-05-20,10:14:00,2025-05-29,12.5,12.55,12.5,12.55,30,45030,0
BANKNIFTY29MAY2560100CE.NFO,2025-05-20,10:15:00,2025-05-29,12.55,12.6,12.55,12.6,60,45030,0
BANKNIFTY29MAY2560100CE.NFO,2025-05-20,10:16:00,2025-05-29,12.6,12.6,12.6,12.6,0,45030,0
BANKNIFTY29MAY2560100CE.NFO,2025-05-20,10:17:00,2025-05-29,12.6,12.6,12.6,12.6,240,44970,0
BANKNIFTY29MAY2560100CE.NFO,2025-05-20,10:18:00,2025-05-29,12.6,12.6,12.6,12.6,0,44970,0
BANKNIFTY29MAY2560100CE.NFO,2025-05-20,10:19:00,2025-05-29,12.6,12.6,12.6,12.6,0,44970,0
BANKNIFTY29MAY2560100CE.NFO,2025-05-20,10:20:00,2025-05-29,12.6,12.7,12.55,12.55,510,44970,0
BANKNIFTY29MAY2560100CE.NFO,2025-05-20,10:21:00,2025-05-29,12.55,12.7,12.5,12.6,390,44970,0
BANKNIFTY29MAY2560100CE.NFO,2025-05-20,10:22:00,2025-05-29,12.6,12.6,12.5,12.5,210,45600,0
BANKNIFTY29MAY2560100CE.NFO,2025-05-20,10:23:00,2025-05-29,12.5,12.5,12.5,12.5,0,45600,0
BANKNIFTY29MAY2560100CE.NFO,2025-05-20,10:24:00,2025-05-29,12.5,12.5,12.4,12.4,30,45750,0
BANKNIFTY29MAY2560100CE.NFO,2025-05-20,10:25:00,2025-05-29,12.4,12.45,12.4,12.45,120,45750,0
BANKNIFTY29MAY2560100CE.NFO,2025-05-20,10:26:00,2025-05-29,12.45,12.45,12.4,12.4,30,45750,0
BANKNIFTY29MAY2560100CE.NFO,2025-05-20,10:27:00,2025-05-29,12.4,12.4,12.4,12.4,0,45750,0
BANKNIFTY29MAY2560100CE.NFO,2025-05-20,10:28:00,2025-05-29,12.4,12.4,12.4,12.4,0,45750,0
BANKNIFTY29MAY2560100CE.NFO,2025-05-20,10:29:00,2025-05-29,12.4,12.4,12.4,12.4,0,45750,0
BANKNIFTY29MAY2560100CE.NFO,2025-05-20,10:30:00,2025-05-29,12.4,12.4,12.3,12.3,30,45750,0
BANKNIFTY29MAY2560100CE.NFO,2025-05-20,10:31:00,2025-05-29,12.3,12.3,12.3,12.3,0,45750,0
BANKNIFTY29MAY2560100CE.NFO,2025-05-20,10:32:00,2025-05-29,12.3,12.3,11.85,11.85,60,45780,0
BANKNIFTY29MAY2560100CE.NFO,2025-05-20,10:33:00,2025-05-29,11.85,12.25,11.85,12.25,150,45780,0
BANKNIFTY29MAY2560100CE.NFO,2025-05-20,10:34:00,2025-05-29,12.25,12.25,12.25,12.25,0,45780,0
BANKNIFTY29MAY2560100CE.NFO,2025-05-20,10:35:00,2025-05-29,12.25,12.25,12.25,12.25,0,45780,0
BANKNIFTY29MAY2560100CE.NFO,2025-05-20,10:36:00,2025-05-29,12.25,12.55,12.0,12.4,2520,46110,0
BANKNIFTY29MAY2560100CE.NFO,2025-05-20,10:37:00,2025-05-29,12.4,12.65,11.9,12.45,1380,46110,0
BANKNIFTY29MAY2560100CE.NFO,2025-05-20,10:38:00,2025-05-29,12.45,12.45,11.65,12.2,1980,46110,0
BANKNIFTY29MAY2560100CE.NFO,2025-05-20,10:39:00,2025-05-29,12.2,12.2,12.2,12.2,0,46110,0
BANKNIFTY29MAY2560100CE.NFO,2025-05-20,10:40:00,2025-05-29,12.2,12.2,12.05,12.05,60,46800,0
BANKNIFTY29MAY2560100CE.NFO,2025-05-20,10:41:00,2025-05-29,11.95,12.3,11.65,12.05,1320,46800,0
BANKNIFTY29MAY2560100CE.NFO,2025-05-20,10:42:00,2025-05-29,12.05,12.2,11.95,11.95,810,46500,0
BANKNIFTY29MAY2560100CE.NFO,2025-05-20,10:43:00,2025-05-29,11.95,11.95,11.95,11.95,0,46500,0
BANKNIFTY29MAY2560100CE.NFO,2025-05-20,10:44:00,2025-05-29,11.95,12.25,11.5,11.5,1200,46500,0
BANKNIFTY29MAY2560100CE.NFO,2025-05-20,10:45:00,2025-05-29,11.5,11.5,11.5,11.5,0,46500,0
BANKNIFTY29MAY2560100CE.NFO,2025-05-20,10:46:00,2025-05-29,11.5,12.5,11.5,12.5,600,46200,0
BANKNIFTY29MAY2560100CE.NFO,2025-05-20,10:47:00,2025-05-29,12.5,12.5,11.9,11.9,1830,46200,0
BANKNIFTY29MAY2560100CE.NFO,2025-05-20,10:48:00,2025-05-29,11.9,12.0,11.55,11.55,1200,46410,0
BANKNIFTY29MAY2560100CE.NFO,2025-05-20,10:49:00,2025-05-29,11.55,11.55,11.55,11.55,0,46410,0
BANKNIFTY29MAY2560100CE.NFO,2025-05-20,10:50:00,2025-05-29,11.55,11.95,11.55,11.55,1200,46410,0
BANKNIFTY29MAY2560100CE.NFO,2025-05-20,10:51:00,2025-05-29,11.55,11.55,11.55,11.55,0,46410,0
BANKNIFTY29MAY2560100CE.NFO,2025-05-20,10:52:00,2025-05-29,11.55,11.8,11.3,11.3,1200,45750,0
BANKNIFTY29MAY2560100CE.NFO,2025-05-20,10:53:00,2025-05-29,11.3,11.3,11.3,11.3,30,45750,0
BANKNIFTY29MAY2560100CE.NFO,2025-05-20,10:54:00,2025-05-29,11.3,11.5,11.3,11.4,150,45960,0
BANKNIFTY29MAY2560100CE.NFO,2025-05-20,10:55:00,2025-05-29,11.4,11.4,11.25,11.25,600,45960,0
BANKNIFTY29MAY2560100CE.NFO,2025-05-20,10:56:00,2025-05-29,11.25,11.25,11.2,11.2,0,45960,0
BANKNIFTY29MAY2560100CE.NFO,2025-05-20,10:57:00,2025-05-29,11.2,11.35,11.2,11.25,60,45810,0
BANKNIFTY29MAY2560100CE.NFO,2025-05-20,10:58:00,2025-05-29,11.25,11.25,11.2,11.2,120,45810,0
BANKNIFTY29MAY2560100CE.NFO,2025-05-20,10:59:00,2025-05-29,11.2,11.2,11.2,11.2,0,45810,0
BANKNIFTY29MAY2560100CE.NFO,2025-05-20,11:00:00,2025-05-29,11.2,11.2,11.2,11.2,0,45810,0
BANKNIFTY29MAY2560100CE.NFO,2025-05-20,11:01:00,2025-05-29,11.2,11.2,11.2,11.2,0,45810,0
BANKNIFTY29MAY2560100CE.NFO,2025-05-20,11:02:00,2025-05-29,11.2,11.2,11.2,11.2,0,45810,0
BANKNIFTY29MAY2560100CE.NFO,2025-05-20,11:03:00,2025-05-29,11.2,11.2,11.2,11.2,0,45810,0
BANKNIFTY29MAY2560100CE.NFO,2025-05-20,11:04:00,2025-05-29,11.2,11.2,11.2,11.2,0,45810,0
BANKNIFTY29MAY2560100CE.NFO,2025-05-20,11:05:00,2025-05-29,11.2,11.2,11.0,11.0,570,45810,0
BANKNIFTY29MAY2560100CE.NFO,2025-05-20,11:06:00,2025-05-29,11.0,11.1,10.95,11.05,990,45810,0
BANKNIFTY29MAY2560100CE.NFO,2025-05-20,11:07:00,2025-05-29,11.05,11.05,11.05,11.05,0,45810,0
BANKNIFTY29MAY2560100CE.NFO,2025-05-20,11:08:00,2025-05-29,11.05,11.05,11.05,11.05,0,45810,0
BANKNIFTY29MAY2560100CE.NFO,2025-05-20,11:09:00,2025-05-29,11.05,11.05,11.05,11.05,0,45810,0
BANKNIFTY29MAY2560100CE.NFO,2025-05-20,11:10:00,2025-05-29,11.05,11.05,11.05,11.05,0,45810,0
BANKNIFTY29MAY2560100CE.NFO,2025-05-20,11:11:00,2025-05-29,11.05,11.05,11.05,11.05,0,45810,0
BANKNIFTY29MAY2560100CE.NFO,2025-05-20,11:12:00,2025-05-29,11.05,11.05,11.05,11.05,0,45810,0
BANKNIFTY29MAY2560100CE.NFO,2025-05-20,11:13:00,2025-05-29,11.05,11.05,10.9,10.95,180,46620,0
BANKNIFTY29MAY2560100CE.NFO,2025-05-20,11:14:00,2025-05-29,10.95,11.15,10.95,11.15,0,46620,0
BANKNIFTY29MAY2560100CE.NFO,2025-05-20,11:15:00,2025-05-29,11.15,11.15,11.15,11.15,30,46620,0
BANKNIFTY29MAY2560100CE.NFO,2025-05-20,11:16:00,2025-05-29,11.15,11.15,11.15,11.15,0,46620,0
BANKNIFTY29MAY2560100CE.NFO,2025-05-20,11:17:00,2025-05-29,11.15,11.15,11.15,11.15,0,46620,0
BANKNIFTY29MAY2560100CE.NFO,2025-05-20,11:18:00,2025-05-29,11.15,11.15,11.15,11.15,0,46620,0
BANKNIFTY29MAY2560100CE.NFO,2025-05-20,11:19:00,2025-05-29,11.15,11.15,10.9,10.9,300,46680,0
BANKNIFTY29MAY2560100CE.NFO,2025-05-20,11:20:00,2025-05-29,10.9,10.95,10.9,10.95,120,46680,0
BANKNIFTY29MAY2560100CE.NFO,2025-05-20,11:21:00,2025-05-29,10.95,10.95,10.95,10.95,60,46680,0
BANKNIFTY29MAY2560100CE.NFO,2025-05-20,11:22:00,2025-05-29,10.95,10.95,10.95,10.95,0,46680,0
BANKNIFTY29MAY2560100CE.NFO,2025-05-20,11:23:00,2025-05-29,10.95,11.05,10.95,11.05,30,46470,0
BANKNIFTY29MAY2560100CE.NFO,2025-05-20,11:24:00,2025-05-29,11.05,11.05,11.05,11.05,0,46470,0
BANKNIFTY29MAY2560100CE.NFO,2025-05-20,11:25:00,2025-05-29,11.05,11.05,11.05,11.05,0,46470,0
BANKNIFTY29MAY2560100CE.NFO,2025-05-20,11:26:00,2025-05-29,11.05,11.05,11.05,11.05,0,46470,0
BANKNIFTY29MAY2560100CE.NFO,2025-05-20,11:27:00,2025-05-29,11.05,11.1,11.05,11.1,120,46440,0
BANKNIFTY29MAY2560100CE.NFO,2025-05-20,11:28:00,2025-05-29,11.1,11.1,11.1,11.1,0,46440,0
BANKNIFTY29MAY2560100CE.NFO,2025-05-20,11:29:00,2025-05-29,11.1,11.1,10.85,10.85,240,46440,0
BANKNIFTY29MAY2560100CE.NFO,2025-05-20,11:30:00,2025-05-29,10.85,10.85,10.85,10.85,390,46440,0
BANKNIFTY29MAY2560100CE.NFO,2025-05-20,11:31:00,2025-05-29,10.85,10.85,10.85,10.85,0,46440,0
BANKNIFTY29MAY2560100CE.NFO,2025-05-20,11:32:00,2025-05-29,10.85,10.85,10.85,10.85,0,46440,0
BANKNIFTY29MAY2560100CE.NFO,2025-05-20,11:33:00,2025-05-29,10.85,10.85,10.85,10.85,0,46440,0
BANKNIFTY29MAY2560100CE.NFO,2025-05-20,11:34:00,2025-05-29,10.85,10.85,10.65,10.65,30,46890,0
BANKNIFTY29MAY2560100CE.NFO,2025-05-20,11:35:00,2025-05-29,10.65,10.95,10.65,10.95,90,46890,0
BANKNIFTY29MAY2560100CE.NFO,2025-05-20,11:36:00,2025-05-29,10.95,10.95,10.75,10.85,150,46890,0
BANKNIFTY29MAY2560100CE.NFO,2025-05-20,11:37:00,2025-05-29,10.85,10.95,10.85,10.9,150,46950,0
BANKNIFTY29MAY2560100CE.NFO,2025-05-20,11:38:00,2025-05-29,10.9,10.9,10.9,10.9,0,46950,0
BANKNIFTY29MAY2560100CE.NFO,2025-05-20,11:39:00,2025-05-29,10.9,10.9,10.9,10.9,0,46950,0
BANKNIFTY29MAY2560100CE.NFO,2025-05-20,11:40:00,2025-05-29,10.9,10.9,10.55,10.6,150,47040,0
BANKNIFTY29MAY2560100CE.NFO,2025-05-20,11:41:00,2025-05-29,10.6,10.6,10.6,10.6,0,47040,0
BANKNIFTY29MAY2560100CE.NFO,2025-05-20,11:42:00,2025-05-29,10.6,10.6,10.6,10.6,30,47040,0
BANKNIFTY29MAY2560100CE.NFO,2025-05-20,11:43:00,2025-05-29,10.6,11.0,10.6,11.0,2160,46980,0
BANKNIFTY29MAY2560100CE.NFO,2025-05-20,11:44:00,2025-05-29,11.0,11.0,11.0,11.0,0,46980,0
BANKNIFTY29MAY2560100CE.NFO,2025-05-20,11:45:00,2025-05-29,11.0,11.45,11.0,11.45,60,46980,0
BANKNIFTY29MAY2560100CE.NFO,2025-05-20,11:46:00,2025-05-29,11.45,11.45,11.45,11.45,0,46980,0
BANKNIFTY29MAY2560100CE.NFO,2025-05-20,11:47:00,2025-05-29,11.45,11.75,11.45,11.6,60,46740,0
BANKNIFTY29MAY2560100CE.NFO,2025-05-20,11:48:00,2025-05-29,11.6,11.6,11.6,11.6,60,46740,0
BANKNIFTY29MAY2560100CE.NFO,2025-05-20,11:49:00,2025-05-29,11.6,11.75,11.6,11.75,60,46740,0
BANKNIFTY29MAY2560100CE.NFO,2025-05-20,11:50:00,2025-05-29,11.75,11.75,11.7,11.7,30,46740,0
BANKNIFTY29MAY2560100CE.NFO,2025-05-20,11:51:00,2025-05-29,11.7,11.7,11.7,11.7,0,46740,0
BANKNIFTY29MAY2560100CE.NFO,2025-05-20,11:52:00,2025-05-29,11.7,11.7,11.7,11.7,0,46740,0
BANKNIFTY29MAY2560100CE.NFO,2025-05-20,11:53:00,2025-05-29,11.7,11.7,11.7,11.7,0,46740,0
BANKNIFTY29MAY2560100CE.NFO,2025-05-20,11:54:00,2025-05-29,11.7,11.7,11.5,11.5,30,46770,0
BANKNIFTY29MAY2560100CE.NFO,2025-05-20,11:55:00,2025-05-29,11.5,11.5,11.5,11.5,0,46770,0
BANKNIFTY29MAY2560100CE.NFO,2025-05-20,11:56:00,2025-05-29,11.5,11.5,11.5,11.5,0,46770,0
BANKNIFTY29MAY2560100CE.NFO,2025-05-20,11:57:00,2025-05-29,11.6,11.6,11.6,11.6,60,46740,0
BANKNIFTY29MAY2560100CE.NFO,2025-05-20,11:58:00,2025-05-29,11.5,11.8,11.5,11.8,630,46800,0
BANKNIFTY29MAY2560100CE.NFO,2025-05-20,11:59:00,2025-05-29,11.8,11.8,11.8,11.8,0,46800,0
BANKNIFTY29MAY2560100CE.NFO,2025-05-20,12:00:00,2025-05-29,11.8,11.8,11.8,11.8,0,46800,0
BANKNIFTY29MAY2560100CE.NFO,2025-05-20,12:01:00,2025-05-29,11.8,11.8,11.8,11.8,0,46800,0
BANKNIFTY29MAY2560100CE.NFO,2025-05-20,12:02:00,2025-05-29,11.8,11.8,11.8,11.8,0,46800,0
BANKNIFTY29MAY2560100CE.NFO,2025-05-20,12:03:00,2025-05-29,11.8,11.8,11.8,11.8,0,46800,0
BANKNIFTY29MAY2560100CE.NFO,2025-05-20,12:04:00,2025-05-29,11.8,11.8,11.8,11.8,0,46800,0
BANKNIFTY29MAY2560100CE.NFO,2025-05-20,12:05:00,2025-05-29,11.8,11.8,11.8,11.8,0,46800,0
BANKNIFTY29MAY2560100CE.NFO,2025-05-20,12:06:00,2025-05-29,11.8,12.5,11.8,12.5,2520,46740,0
BANKNIFTY29MAY2560100CE.NFO,2025-05-20,12:07:00,2025-05-29,12.5,13.0,12.5,13.0,1200,47130,0
BANKNIFTY29MAY2560100CE.NFO,2025-05-20,12:08:00,2025-05-29,13.0,13.0,12.7,12.7,600,47130,0
BANKNIFTY29MAY2560100CE.NFO,2025-05-20,12:09:00,2025-05-29,12.7,12.7,12.45,12.45,120,47130,0
BANKNIFTY29MAY2560100CE.NFO,2025-05-20,12:10:00,2025-05-29,12.45,12.45,12.45,12.45,0,47130,0
BANKNIFTY29MAY2560100CE.NFO,2025-05-20,12:11:00,2025-05-29,12.45,12.45,12.45,12.45,0,47130,0
BANKNIFTY29MAY2560100CE.NFO,2025-05-20,12:12:00,2025-05-29,12.45,12.45,12.45,12.45,0,47130,0
BANKNIFTY29MAY2560100CE.NFO,2025-05-20,12:13:00,2025-05-29,12.45,12.45,12.45,12.45,0,47130,0
BANKNIFTY29MAY2560100CE.NFO,2025-05-20,12:14:00,2025-05-29,12.45,12.45,12.45,12.45,0,47130,0
BANKNIFTY29MAY2560100CE.NFO,2025-05-20,12:15:00,2025-05-29,12.45,12.45,12.45,12.45,0,47130,0
BANKNIFTY29MAY2560100CE.NFO,2025-05-20,12:16:00,2025-05-29,12.45,12.45,12.2,12.2,300,47460,0
BANKNIFTY29MAY2560100CE.NFO,2025-05-20,12:17:00,2025-05-29,12.2,12.2,12.2,12.2,0,47460,0
BANKNIFTY29MAY2560100CE.NFO,2025-05-20,12:18:00,2025-05-29,12.2,12.2,12.2,12.2,0,47460,0
BANKNIFTY29MAY2560100CE.NFO,2025-05-20,12:19:00,2025-05-29,12.2,12.2,12.2,12.2,0,47460,0
BANKNIFTY29MAY2560100CE.NFO,2025-05-20,12:20:00,2025-05-29,12.2,12.4,12.2,12.4,1230,47460,0
BANKNIFTY29MAY2560100CE.NFO,2025-05-20,12:21:00,2025-05-29,12.4,12.4,12.4,12.4,0,47460,0
BANKNIFTY29MAY2560100CE.NFO,2025-05-20,12:22:00,2025-05-29,12.4,12.6,12.4,12.6,90,48240,0
BANKNIFTY29MAY2560100CE.NFO,2025-05-20,12:23:00,2025-05-29,12.6,12.6,12.6,12.6,0,48240,0
BANKNIFTY29MAY2560100CE.NFO,2025-05-20,12:24:00,2025-05-29,12.6,12.6,12.6,12.6,0,48240,0
BANKNIFTY29MAY2560100CE.NFO,2025-05-20,12:25:00,2025-05-29,12.6,12.6,12.35,12.35,0,48150,0
BANKNIFTY29MAY2560100CE.NFO,2025-05-20,12:26:00,2025-05-29,12.35,12.35,12.35,12.35,30,48150,0
BANKNIFTY29MAY2560100CE.NFO,2025-05-20,12:27:00,2025-05-29,12.35,12.35,12.35,12.35,0,48150,0
BANKNIFTY29MAY2560100CE.NFO,2025-05-20,12:28:00,2025-05-29,12.35,12.55,12.35,12.55,30,48150,0
BANKNIFTY29MAY2560100CE.NFO,2025-05-20,12:29:00,2025-05-29,12.55,12.55,12.55,12.55,0,48150,0
BANKNIFTY29MAY2560100CE.NFO,2025-05-20,12:30:00,2025-05-29,12.55,12.6,12.55,12.6,180,48150,0
BANKNIFTY29MAY2560100CE.NFO,2025-05-20,12:31:00,2025-05-29,12.6,12.6,12.6,12.6,0,48150,0
BANKNIFTY29MAY2560100CE.NFO,2025-05-20,12:32:00,2025-05-29,12.6,12.6,12.3,12.3,30,47970,0
BANKNIFTY29MAY2560100CE.NFO,2025-05-20,12:33:00,2025-05-29,12.3,12.3,12.3,12.3,0,47970,0
BANKNIFTY29MAY2560100CE.NFO,2025-05-20,12:34:00,2025-05-29,12.3,12.3,12.3,12.3,0,47970,0
BANKNIFTY29MAY2560100CE.NFO,2025-05-20,12:35:00,2025-05-29,12.3,12.3,12.25,12.25,30,47970,0
BANKNIFTY29MAY2560100CE.NFO,2025-05-20,12:36:00,2025-05-29,12.25,12.25,12.25,12.25,0,47970,0
BANKNIFTY29MAY2560100CE.NFO,2025-05-20,12:37:00,2025-05-29,12.25,12.25,12.25,12.25,0,47970,0
BANKNIFTY29MAY2560100CE.NFO,2025-05-20,12:38:00,2025-05-29,12.25,12.25,12.15,12.15,30,47940,0
BANKNIFTY29MAY2560100CE.NFO,2025-05-20,12:39:00,2025-05-29,12.15,12.15,12.15,12.15,0,47940,0
BANKNIFTY29MAY2560100CE.NFO,2025-05-20,12:40:00,2025-05-29,12.15,12.15,12.15,12.15,0,47940,0
BANKNIFTY29MAY2560100CE.NFO,2025-05-20,12:41:00,2025-05-29,12.15,12.15,12.15,12.15,0,47940,0
BANKNIFTY29MAY2560100CE.NFO,2025-05-20,12:42:00,2025-05-29,12.15,12.15,12.15,12.15,0,47940,0
BANKNIFTY29MAY2560100CE.NFO,2025-05-20,12:43:00,2025-05-29,12.15,12.15,12.15,12.15,0,47940,0
BANKNIFTY29MAY2560100CE.NFO,2025-05-20,12:44:00,2025-05-29,12.15,12.15,12.15,12.15,0,47940,0
BANKNIFTY29MAY2560100CE.NFO,2025-05-20,12:45:00,2025-05-29,12.15,12.15,12.15,12.15,30,47940,0
BANKNIFTY29MAY2560100CE.NFO,2025-05-20,12:46:00,2025-05-29,12.15,12.15,12.15,12.15,0,47940,0
BANKNIFTY29MAY2560100CE.NFO,2025-05-20,12:47:00,2025-05-29,12.15,12.15,12.05,12.05,0,47940,0
BANKNIFTY29MAY2560100CE.NFO,2025-05-20,12:48:00,2025-05-29,12.05,12.05,12.05,12.05,60,47940,0
BANKNIFTY29MAY2560100CE.NFO,2025-05-20,12:49:00,2025-05-29,12.05,12.05,12.05,12.05,0,47940,0
BANKNIFTY29MAY2560100CE.NFO,2025-05-20,12:50:00,2025-05-29,12.05,12.05,11.8,11.8,150,48000,0
BANKNIFTY29MAY2560100CE.NFO,2025-05-20,12:51:00,2025-05-29,11.8,11.8,11.8,11.8,0,48000,0
BANKNIFTY29MAY2560100CE.NFO,2025-05-20,12:52:00,2025-05-29,11.8,11.8,11.8,11.8,0,48000,0
BANKNIFTY29MAY2560100CE.NFO,2025-05-20,12:53:00,2025-05-29,11.8,11.8,11.8,11.8,0,48000,0
BANKNIFTY29MAY2560100CE.NFO,2025-05-20,12:54:00,2025-05-29,11.8,11.8,11.8,11.8,0,48000,0
BANKNIFTY29MAY2560100CE.NFO,2025-05-20,12:55:00,2025-05-29,11.8,12.2,11.8,12.2,0,47940,0
BANKNIFTY29MAY2560100CE.NFO,2025-05-20,12:56:00,2025-05-29,12.2,12.4,12.2,12.4,90,47940,0
BANKNIFTY29MAY2560100CE.NFO,2025-05-20,12:57:00,2025-05-29,12.4,12.4,12.4,12.4,0,47940,0
BANKNIFTY29MAY2560100CE.NFO,2025-05-20,12:58:00,2025-05-29,12.4,12.4,12.4,12.4,0,47940,0
BANKNIFTY29MAY2560100CE.NFO,2025-05-20,12:59:00,2025-05-29,12.4,12.6,12.4,12.6,60,47970,0
BANKNIFTY29MAY2560100CE.NFO,2025-05-20,13:00:00,2025-05-29,12.6,12.6,12.6,12.6,180,47970,0
BANKNIFTY29MAY2560100CE.NFO,2025-05-20,13:01:00,2025-05-29,12.6,12.6,12.6,12.6,0,47970,0
BANKNIFTY29MAY2560100CE.NFO,2025-05-20,13:02:00,2025-05-29,12.6,12.6,12.6,12.6,0,47970,0
BANKNIFTY29MAY2560100CE.NFO,2025-05-20,13:03:00,2025-05-29,12.6,12.6,12.6,12.6,0,47970,0
BANKNIFTY29MAY2560100CE.NFO,2025-05-20,13:04:00,2025-05-29,12.6,12.6,12.6,12.6,0,47970,0
BANKNIFTY29MAY2560100CE.NFO,2025-05-20,13:05:00,2025-05-29,12.6,12.6,12.6,12.6,0,47970,0
BANKNIFTY29MAY2560100CE.NFO,2025-05-20,13:06:00,2025-05-29,12.6,12.6,12.6,12.6,0,47970,0
BANKNIFTY29MAY2560100CE.NFO,2025-05-20,13:07:00,2025-05-29,12.6,12.6,12.6,12.6,90,47880,0
BANKNIFTY29MAY2560100CE.NFO,2025-05-20,13:08:00,2025-05-29,12.6,12.6,12.6,12.6,0,47880,0
BANKNIFTY29MAY2560100CE.NFO,2025-05-20,13:09:00,2025-05-29,12.6,12.6,12.6,12.6,0,47880,0
BANKNIFTY29MAY2560100CE.NFO,2025-05-20,13:10:00,2025-05-29,12.6,12.6,12.6,12.6,0,47880,0
BANKNIFTY29MAY2560100CE.NFO,2025-05-20,13:11:00,2025-05-29,12.6,12.6,12.5,12.5,60,47880,0
BANKNIFTY29MAY2560100CE.NFO,2025-05-20,13:12:00,2025-05-29,12.5,12.8,12.5,12.8,30,47880,0
BANKNIFTY29MAY2560100CE.NFO,2025-05-20,13:13:00,2025-05-29,12.8,12.8,12.8,12.8,0,47880,0
BANKNIFTY29MAY2560100CE.NFO,2025-05-20,13:14:00,2025-05-29,12.8,12.8,12.8,12.8,0,47880,0
BANKNIFTY29MAY2560100CE.NFO,2025-05-20,13:15:00,2025-05-29,12.8,12.8,12.8,12.8,0,47880,0
BANKNIFTY29MAY2560100CE.NFO,2025-05-20,13:16:00,2025-05-29,12.8,12.8,12.8,12.8,0,47880,0
BANKNIFTY29MAY2560100CE.NFO,2025-05-20,13:17:00,2025-05-29,12.8,12.8,12.8,12.8,0,47880,0
BANKNIFTY29MAY2560100CE.NFO,2025-05-20,13:18:00,2025-05-29,12.8,12.8,12.8,12.8,0,47880,0
BANKNIFTY29MAY2560100CE.NFO,2025-05-20,13:19:00,2025-05-29,12.8,12.8,12.8,12.8,0,47880,0
BANKNIFTY29MAY2560100CE.NFO,2025-05-20,13:20:00,2025-05-29,12.8,12.8,12.8,12.8,0,47880,0
BANKNIFTY29MAY2560100CE.NFO,2025-05-20,13:21:00,2025-05-29,12.8,14.15,12.8,13.85,90,47850,0
BANKNIFTY29MAY2560100CE.NFO,2025-05-20,13:22:00,2025-05-29,13.85,13.85,13.85,13.85,0,47850,0
BANKNIFTY29MAY2560100CE.NFO,2025-05-20,13:23:00,2025-05-29,13.85,13.85,13.85,13.85,0,47850,0
BANKNIFTY29MAY2560100CE.NFO,2025-05-20,13:24:00,2025-05-29,13.85,13.85,13.5,13.5,30,47790,0
BANKNIFTY29MAY2560100CE.NFO,2025-05-20,13:25:00,2025-05-29,13.5,13.5,13.25,13.25,0,47760,0
BANKNIFTY29MAY2560100CE.NFO,2025-05-20,13:26:00,2025-05-29,13.25,13.25,13.25,13.25,0,47760,0
BANKNIFTY29MAY2560100CE.NFO,2025-05-20,13:27:00,2025-05-29,13.25,13.25,13.25,13.25,0,47760,0
BANKNIFTY29MAY2560100CE.NFO,2025-05-20,13:28:00,2025-05-29,13.25,13.5,13.25,13.5,60,47700,0
BANKNIFTY29MAY2560100CE.NFO,2025-05-20,13:29:00,2025-05-29,13.5,13.5,13.5,13.5,0,47700,0
BANKNIFTY29MAY2560100CE.NFO,2025-05-20,13:30:00,2025-05-29,13.5,13.5,13.3,13.3,180,47700,0
BANKNIFTY29MAY2560100CE.NFO,2025-05-20,13:31:00,2025-05-29,13.3,13.3,13.3,13.3,0,47700,0
BANKNIFTY29MAY2560100CE.NFO,2025-05-20,13:32:00,2025-05-29,13.3,13.3,13.3,13.3,0,47700,0
BANKNIFTY29MAY2560100CE.NFO,2025-05-20,13:33:00,2025-05-29,13.3,13.3,13.3,13.3,0,47700,0
BANKNIFTY29MAY2560100CE.NFO,2025-05-20,13:34:00,2025-05-29,13.3,13.3,13.3,13.3,0,47700,0
BANKNIFTY29MAY2560100CE.NFO,2025-05-20,13:35:00,2025-05-29,13.8,13.8,13.6,13.6,1230,47580,0
BANKNIFTY29MAY2560100CE.NFO,2025-05-20,13:36:00,2025-05-29,13.6,13.6,13.6,13.6,0,47580,0
BANKNIFTY29MAY2560100CE.NFO,2025-05-20,13:37:00,2025-05-29,13.6,13.6,13.6,13.6,0,47580,0
BANKNIFTY29MAY2560100CE.NFO,2025-05-20,13:38:00,2025-05-29,13.6,13.65,13.6,13.65,30,46500,0
BANKNIFTY29MAY2560100CE.NFO,2025-05-20,13:39:00,2025-05-29,13.65,13.65,13.65,13.65,0,46500,0
BANKNIFTY29MAY2560100CE.NFO,2025-05-20,13:40:00,2025-05-29,13.65,13.75,13.6,13.75,60,46440,0
BANKNIFTY29MAY2560100CE.NFO,2025-05-20,13:41:00,2025-05-29,13.75,13.75,13.75,13.75,600,46440,0
BANKNIFTY29MAY2560100CE.NFO,2025-05-20,13:42:00,2025-05-29,13.75,13.75,13.7,13.7,30,46440,0
BANKNIFTY29MAY2560100CE.NFO,2025-05-20,13:43:00,2025-05-29,13.7,13.7,13.7,13.7,0,46440,0
BANKNIFTY29MAY2560100CE.NFO,2025-05-20,13:44:00,2025-05-29,13.7,13.9,13.7,13.9,60,45810,0
BANKNIFTY29MAY2560100CE.NFO,2025-05-20,13:45:00,2025-05-29,13.9,14.05,13.9,14.05,270,45810,0
BANKNIFTY29MAY2560100CE.NFO,2025-05-20,13:46:00,2025-05-29,14.05,14.25,14.05,14.25,630,45600,0
BANKNIFTY29MAY2560100CE.NFO,2025-05-20,13:47:00,2025-05-29,14.25,14.25,14.25,14.25,0,45600,0
BANKNIFTY29MAY2560100CE.NFO,2025-05-20,13:48:00,2025-05-29,14.25,14.25,14.25,14.25,0,45600,0
BANKNIFTY29MAY2560100CE.NFO,2025-05-20,13:49:00,2025-05-29,14.25,14.25,14.25,14.25,0,45600,0
BANKNIFTY29MAY2560100CE.NFO,2025-05-20,13:50:00,2025-05-29,14.25,14.25,14.25,14.25,0,45600,0
BANKNIFTY29MAY2560100CE.NFO,2025-05-20,13:51:00,2025-05-29,14.25,14.25,14.25,14.25,0,45600,0
BANKNIFTY29MAY2560100CE.NFO,2025-05-20,13:52:00,2025-05-29,14.25,14.25,14.25,14.25,180,45030,0
BANKNIFTY29MAY2560100CE.NFO,2025-05-20,13:53:00,2025-05-29,14.25,14.25,14.25,14.25,0,45030,0
BANKNIFTY29MAY2560100CE.NFO,2025-05-20,13:54:00,2025-05-29,14.25,14.25,14.0,14.0,60,45030,0
BANKNIFTY29MAY2560100CE.NFO,2025-05-20,13:55:00,2025-05-29,14.0,14.0,14.0,14.0,0,45030,0
BANKNIFTY29MAY2560100CE.NFO,2025-05-20,13:56:00,2025-05-29,14.0,14.0,14.0,14.0,0,45030,0
BANKNIFTY29MAY2560100CE.NFO,2025-05-20,13:57:00,2025-05-29,14.0,14.0,14.0,14.0,0,45030,0
BANKNIFTY29MAY2560100CE.NFO,2025-05-20,13:58:00,2025-05-29,14.0,14.0,14.0,14.0,0,45030,0
BANKNIFTY29MAY2560100CE.NFO,2025-05-20,13:59:00,2025-05-29,14.0,14.0,14.0,14.0,0,45030,0
BANKNIFTY29MAY2560100CE.NFO,2025-05-20,14:00:00,2025-05-29,14.1,14.25,14.1,14.25,150,44880,0
BANKNIFTY29MAY2560100CE.NFO,2025-05-20,14:01:00,2025-05-29,14.25,14.4,14.15,14.25,1020,44820,0
BANKNIFTY29MAY2560100CE.NFO,2025-05-20,14:02:00,2025-05-29,14.25,14.25,14.1,14.1,240,44820,0
BANKNIFTY29MAY2560100CE.NFO,2025-05-20,14:03:00,2025-05-29,14.1,14.25,14.05,14.25,420,44820,0
BANKNIFTY29MAY2560100CE.NFO,2025-05-20,14:04:00,2025-05-29,14.25,14.3,14.25,14.3,240,44820,0
BANKNIFTY29MAY2560100CE.NFO,2025-05-20,14:05:00,2025-05-29,14.3,14.55,14.3,14.55,870,44280,0
BANKNIFTY29MAY2560100CE.NFO,2025-05-20,14:06:00,2025-05-29,14.55,14.6,14.55,14.6,300,44280,0
BANKNIFTY29MAY2560100CE.NFO,2025-05-20,14:07:00,2025-05-29,14.6,14.6,14.6,14.6,0,44280,0
BANKNIFTY29MAY2560100CE.NFO,2025-05-20,14:08:00,2025-05-29,14.6,14.6,14.6,14.6,0,44280,0
BANKNIFTY29MAY2560100CE.NFO,2025-05-20,14:09:00,2025-05-29,14.6,14.6,14.6,14.6,0,44280,0
BANKNIFTY29MAY2560100CE.NFO,2025-05-20,14:10:00,2025-05-29,14.6,14.6,14.6,14.6,0,44280,0
BANKNIFTY29MAY2560100CE.NFO,2025-05-20,14:11:00,2025-05-29,14.6,14.6,14.6,14.6,0,44280,0
BANKNIFTY29MAY2560100CE.NFO,2025-05-20,14:12:00,2025-05-29,14.6,14.6,14.6,14.6,0,44280,0
BANKNIFTY29MAY2560100CE.NFO,2025-05-20,14:13:00,2025-05-29,14.6,14.6,14.15,14.15,30,43320,0
BANKNIFTY29MAY2560100CE.NFO,2025-05-20,14:14:00,2025-05-29,14.15,14.15,14.15,14.15,0,43320,0
BANKNIFTY29MAY2560100CE.NFO,2025-05-20,14:15:00,2025-05-29,14.15,14.15,14.15,14.15,0,43320,0
BANKNIFTY29MAY2560100CE.NFO,2025-05-20,14:16:00,2025-05-29,14.15,14.15,14.15,14.15,0,43320,0
BANKNIFTY29MAY2560100CE.NFO,2025-05-20,14:17:00,2025-05-29,14.15,14.15,14.15,14.15,0,43320,0
BANKNIFTY29MAY2560100CE.NFO,2025-05-20,14:18:00,2025-05-29,14.15,14.2,14.15,14.2,30,43290,0
BANKNIFTY29MAY2560100CE.NFO,2025-05-20,14:19:00,2025-05-29,14.2,14.2,13.95,13.95,90,43260,0
BANKNIFTY29MAY2560100CE.NFO,2025-05-20,14:20:00,2025-05-29,13.95,13.95,13.95,13.95,0,43260,0
BANKNIFTY29MAY2560100CE.NFO,2025-05-20,14:21:00,2025-05-29,13.95,14.25,13.95,14.15,0,43260,0
BANKNIFTY29MAY2560100CE.NFO,2025-05-20,14:22:00,2025-05-29,14.2,14.2,14.0,14.2,420,43230,0
BANKNIFTY29MAY2560100CE.NFO,2025-05-20,14:23:00,2025-05-29,14.2,14.3,14.15,14.15,870,43230,0
BANKNIFTY29MAY2560100CE.NFO,2025-05-20,14:24:00,2025-05-29,14.3,14.3,14.25,14.25,300,43230,0
BANKNIFTY29MAY2560100CE.NFO,2025-05-20,14:25:00,2025-05-29,14.25,14.4,14.25,14.4,210,43980,0
BANKNIFTY29MAY2560100CE.NFO,2025-05-20,14:26:00,2025-05-29,14.4,14.4,14.4,14.4,0,43980,0
BANKNIFTY29MAY2560100CE.NFO,2025-05-20,14:27:00,2025-05-29,14.4,14.4,14.4,14.4,0,43980,0
BANKNIFTY29MAY2560100CE.NFO,2025-05-20,14:28:00,2025-05-29,14.25,14.25,14.15,14.15,210,43980,0
BANKNIFTY29MAY2560100CE.NFO,2025-05-20,14:29:00,2025-05-29,14.15,14.15,14.15,14.15,0,43980,0
BANKNIFTY29MAY2560100CE.NFO,2025-05-20,14:30:00,2025-05-29,14.15,14.15,14.15,14.15,0,43980,0
BANKNIFTY29MAY2560100CE.NFO,2025-05-20,14:31:00,2025-05-29,14.15,14.2,14.15,14.2,30,44010,0
BANKNIFTY29MAY2560100CE.NFO,2025-05-20,14:32:00,2025-05-29,14.2,14.2,14.2,14.2,0,44010,0
BANKNIFTY29MAY2560100CE.NFO,2025-05-20,14:33:00,2025-05-29,14.2,14.2,14.15,14.15,30,44010,0
BANKNIFTY29MAY2560100CE.NFO,2025-05-20,14:34:00,2025-05-29,14.15,14.15,14.15,14.15,0,44010,0
BANKNIFTY29MAY2560100CE.NFO,2025-05-20,14:35:00,2025-05-29,14.15,14.15,14.15,14.15,60,43980,0
BANKNIFTY29MAY2560100CE.NFO,2025-05-20,14:36:00,2025-05-29,14.15,14.15,14.15,14.15,0,43980,0
BANKNIFTY29MAY2560100CE.NFO,2025-05-20,14:37:00,2025-05-29,14.15,14.15,14.15,14.15,0,43980,0
BANKNIFTY29MAY2560100CE.NFO,2025-05-20,14:38:00,2025-05-29,14.15,14.15,14.15,14.15,0,43980,0
BANKNIFTY29MAY2560100CE.NFO,2025-05-20,14:39:00,2025-05-29,14.15,14.15,14.15,14.15,0,43980,0
BANKNIFTY29MAY2560100CE.NFO,2025-05-20,14:40:00,2025-05-29,13.95,13.95,13.95,13.95,30,43950,0
BANKNIFTY29MAY2560100CE.NFO,2025-05-20,14:41:00,2025-05-29,13.95,13.95,13.7,13.85,30,43980,0
BANKNIFTY29MAY2560100CE.NFO,2025-05-20,14:42:00,2025-05-29,13.85,13.85,13.7,13.7,1380,43980,0
BANKNIFTY29MAY2560100CE.NFO,2025-05-20,14:43:00,2025-05-29,13.7,13.7,13.7,13.7,0,43980,0
BANKNIFTY29MAY2560100CE.NFO,2025-05-20,14:44:00,2025-05-29,13.7,13.8,13.7,13.8,240,45030,0
BANKNIFTY29MAY2560100CE.NFO,2025-05-20,14:45:00,2025-05-29,13.8,13.8,13.8,13.8,0,45030,0
BANKNIFTY29MAY2560100CE.NFO,2025-05-20,14:46:00,2025-05-29,13.8,13.8,13.7,13.7,30,45030,0
BANKNIFTY29MAY2560100CE.NFO,2025-05-20,14:47:00,2025-05-29,13.7,14.0,13.7,14.0,300,44820,0
BANKNIFTY29MAY2560100CE.NFO,2025-05-20,14:48:00,2025-05-29,14.0,14.0,13.9,13.9,360,44820,0
BANKNIFTY29MAY2560100CE.NFO,2025-05-20,14:49:00,2025-05-29,13.9,13.9,13.8,13.9,390,44820,0
BANKNIFTY29MAY2560100CE.NFO,2025-05-20,14:50:00,2025-05-29,13.9,13.9,13.9,13.9,0,44820,0
BANKNIFTY29MAY2560100CE.NFO,2025-05-20,14:51:00,2025-05-29,13.9,13.9,13.9,13.9,0,44820,0
BANKNIFTY29MAY2560100CE.NFO,2025-05-20,14:52:00,2025-05-29,13.9,13.9,13.75,13.85,240,45150,0
BANKNIFTY29MAY2560100CE.NFO,2025-05-20,14:53:00,2025-05-29,13.85,13.85,13.7,13.75,720,45150,0
BANKNIFTY29MAY2560100CE.NFO,2025-05-20,14:54:00,2025-05-29,13.75,13.75,13.7,13.7,390,45150,0
BANKNIFTY29MAY2560100CE.NFO,2025-05-20,14:55:00,2025-05-29,13.7,13.7,13.6,13.6,750,45150,0
BANKNIFTY29MAY2560100CE.NFO,2025-05-20,14:56:00,2025-05-29,13.6,13.6,13.6,13.6,240,44430,0
BANKNIFTY29MAY2560100CE.NFO,2025-05-20,14:57:00,2025-05-29,13.6,13.65,13.6,13.65,30,44430,0
BANKNIFTY29MAY2560100CE.NFO,2025-05-20,14:58:00,2025-05-29,13.65,13.85,13.65,13.7,600,44340,0
BANKNIFTY29MAY2560100CE.NFO,2025-05-20,14:59:00,2025-05-29,13.7,13.8,13.7,13.8,150,44340,0
BANKNIFTY29MAY2560100CE.NFO,2025-05-20,15:00:00,2025-05-29,13.8,13.8,13.8,13.8,30,44340,0
BANKNIFTY29MAY2560100CE.NFO,2025-05-20,15:01:00,2025-05-29,13.85,13.85,13.85,13.85,120,44100,0
BANKNIFTY29MAY2560100CE.NFO,2025-05-20,15:02:00,2025-05-29,13.85,13.9,13.8,13.9,120,44100,0
BANKNIFTY29MAY2560100CE.NFO,2025-05-20,15:03:00,2025-05-29,13.9,13.9,13.9,13.9,0,44100,0
BANKNIFTY29MAY2560100CE.NFO,2025-05-20,15:04:00,2025-05-29,13.9,13.9,13.65,13.65,180,43980,0
BANKNIFTY29MAY2560100CE.NFO,2025-05-20,15:05:00,2025-05-29,13.65,13.7,13.55,13.55,2250,43980,0
BANKNIFTY29MAY2560100CE.NFO,2025-05-20,15:06:00,2025-05-29,13.55,13.55,13.5,13.5,300,43980,0
BANKNIFTY29MAY2560100CE.NFO,2025-05-20,15:07:00,2025-05-29,13.5,13.7,13.4,13.5,210,43890,0
BANKNIFTY29MAY2560100CE.NFO,2025-05-20,15:08:00,2025-05-29,13.65,13.65,13.65,13.65,210,43890,0
BANKNIFTY29MAY2560100CE.NFO,2025-05-20,15:09:00,2025-05-29,13.65,13.65,13.5,13.5,360,43890,0
BANKNIFTY29MAY2560100CE.NFO,2025-05-20,15:10:00,2025-05-29,13.5,13.5,13.3,13.3,120,43920,0
BANKNIFTY29MAY2560100CE.NFO,2025-05-20,15:11:00,2025-05-29,13.3,13.35,13.3,13.35,300,43920,0
BANKNIFTY29MAY2560100CE.NFO,2025-05-20,15:12:00,2025-05-29,13.4,13.4,13.2,13.2,330,43920,0
BANKNIFTY29MAY2560100CE.NFO,2025-05-20,15:13:00,2025-05-29,13.2,13.2,13.2,13.2,0,43920,0
BANKNIFTY29MAY2560100CE.NFO,2025-05-20,15:14:00,2025-05-29,13.05,13.1,12.85,12.85,2160,43620,0
BANKNIFTY29MAY2560100CE.NFO,2025-05-20,15:15:00,2025-05-29,12.85,12.85,12.6,12.7,1170,43620,0
BANKNIFTY29MAY2560100CE.NFO,2025-05-20,15:16:00,2025-05-29,12.7,12.7,12.55,12.55,120,43620,0
BANKNIFTY29MAY2560100CE.NFO,2025-05-20,15:17:00,2025-05-29,12.55,12.55,12.45,12.55,390,43890,0
BANKNIFTY29MAY2560100CE.NFO,2025-05-20,15:18:00,2025-05-29,12.55,12.7,12.55,12.6,180,43890,0
BANKNIFTY29MAY2560100CE.NFO,2025-05-20,15:19:00,2025-05-29,12.6,12.7,12.5,12.5,3360,43530,0
BANKNIFTY29MAY2560100CE.NFO,2025-05-20,15:20:00,2025-05-29,12.5,12.5,12.35,12.4,510,43530,0
BANKNIFTY29MAY2560100CE.NFO,2025-05-20,15:21:00,2025-05-29,12.4,12.4,12.05,12.05,2160,43530,0
BANKNIFTY29MAY2560100CE.NFO,2025-05-20,15:22:00,2025-05-29,12.05,12.05,11.9,11.9,30,44310,0
BANKNIFTY29MAY2560100CE.NFO,2025-05-20,15:23:00,2025-05-29,11.9,11.9,11.85,11.85,300,44310,0
BANKNIFTY29MAY2560100CE.NFO,2025-05-20,15:24:00,2025-05-29,11.8,11.85,11.8,11.85,1230,44310,0
BANKNIFTY29MAY2560100CE.NFO,2025-05-20,15:25:00,2025-05-29,11.9,12.05,11.85,11.95,1620,45420,0
BANKNIFTY29MAY2560100CE.NFO,2025-05-20,15:26:00,2025-05-29,11.95,12.15,11.95,12.15,60,45420,0
BANKNIFTY29MAY2560100CE.NFO,2025-05-20,15:27:00,2025-05-29,12.15,12.15,12.1,12.1,390,45420,0
BANKNIFTY29MAY2560100CE.NFO,2025-05-20,15:28:00,2025-05-29,12.1,12.2,12.1,12.15,90,45360,0
BANKNIFTY29MAY2560100CE.NFO,2025-05-20,15:29:00,2025-05-29,12.15,12.15,11.8,11.8,60,45360,0
BANKNIFTY29MAY2560100CE.NFO,2025-05-20,15:30:00,2025-05-29,11.8,11.8,11.8,11.8,60,45360,1
BANKNIFTY29MAY2560100CE.NFO,2025-05-21,09:15:00,2025-05-29,11.15,11.2,10.85,10.95,150,45450,0
BANKNIFTY29MAY2560100CE.NFO,2025-05-21,09:16:00,2025-05-29,10.95,10.95,9.55,9.55,660,45450,0
BANKNIFTY29MAY2560100CE.NFO,2025-05-21,09:17:00,2025-05-29,9.55,9.55,9.25,9.3,300,45450,0
BANKNIFTY29MAY2560100CE.NFO,2025-05-21,09:18:00,2025-05-29,9.3,9.7,9.3,9.7,420,45120,0
BANKNIFTY29MAY2560100CE.NFO,2025-05-21,09:19:00,2025-05-29,9.7,9.7,9.35,9.65,420,45120,0
BANKNIFTY29MAY2560100CE.NFO,2025-05-21,09:20:00,2025-05-29,9.65,9.65,9.3,9.55,1140,45120,0
BANKNIFTY29MAY2560100CE.NFO,2025-05-21,09:21:00,2025-05-29,9.55,9.55,9.55,9.55,0,45120,0
BANKNIFTY29MAY2560100CE.NFO,2025-05-21,09:22:00,2025-05-29,9.55,9.65,9.3,9.65,4620,46530,0
BANKNIFTY29MAY2560100CE.NFO,2025-05-21,09:23:00,2025-05-29,9.65,9.65,9.5,9.5,60,46530,0
BANKNIFTY29MAY2560100CE.NFO,2025-05-21,09:24:00,2025-05-29,9.5,10.05,9.5,9.85,480,46530,0
BANKNIFTY29MAY2560100CE.NFO,2025-05-21,09:25:00,2025-05-29,9.85,9.85,9.6,9.6,180,50370,0
BANKNIFTY29MAY2560100CE.NFO,2025-05-21,09:26:00,2025-05-29,9.6,9.6,9.3,9.35,810,50370,0
BANKNIFTY29MAY2560100CE.NFO,2025-05-21,09:27:00,2025-05-29,9.3,9.4,9.15,9.4,1740,50580,0
BANKNIFTY29MAY2560100CE.NFO,2025-05-21,09:28:00,2025-05-29,9.4,9.4,9.3,9.3,390,50580,0
BANKNIFTY29MAY2560100CE.NFO,2025-05-21,09:29:00,2025-05-29,9.3,9.35,9.3,9.35,450,50580,0
BANKNIFTY29MAY2560100CE.NFO,2025-05-21,09:30:00,2025-05-29,9.35,9.35,9.2,9.25,1170,50580,0
BANKNIFTY29MAY2560100CE.NFO,2025-05-21,09:31:00,2025-05-29,9.25,9.25,8.95,8.95,360,52230,0
BANKNIFTY29MAY2560100CE.NFO,2025-05-21,09:32:00,2025-05-29,8.95,9.05,8.95,9.05,120,52230,0
BANKNIFTY29MAY2560100CE.NFO,2025-05-21,09:33:00,2025-05-29,9.05,9.05,9.05,9.05,0,52230,0
BANKNIFTY29MAY2560100CE.NFO,2025-05-21,09:34:00,2025-05-29,9.05,9.2,9.05,9.2,60,52560,0
BANKNIFTY29MAY2560100CE.NFO,2025-05-21,09:35:00,2025-05-29,9.2,9.4,9.2,9.4,120,52560,0
BANKNIFTY29MAY2560100CE.NFO,2025-05-21,09:36:00,2025-05-29,9.4,9.4,9.4,9.4,0,52560,0
BANKNIFTY29MAY2560100CE.NFO,2025-05-21,09:37:00,2025-05-29,9.4,9.4,9.4,9.4,0,52560,0
BANKNIFTY29MAY2560100CE.NFO,2025-05-21,09:38:00,2025-05-29,9.4,9.8,9.4,9.8,120,52470,0
BANKNIFTY29MAY2560100CE.NFO,2025-05-21,09:39:00,2025-05-29,9.8,9.8,9.45,9.45,0,52470,0
BANKNIFTY29MAY2560100CE.NFO,2025-05-21,09:40:00,2025-05-29,9.45,9.45,9.35,9.35,840,52530,0
BANKNIFTY29MAY2560100CE.NFO,2025-05-21,09:41:00,2025-05-29,9.35,9.45,9.35,9.45,480,52530,0
BANKNIFTY29MAY2560100CE.NFO,2025-05-21,09:42:00,2025-05-29,9.45,9.45,9.45,9.45,150,52530,0
BANKNIFTY29MAY2560100CE.NFO,2025-05-21,09:43:00,2025-05-29,9.45,9.45,9.4,9.4,30,52620,0
BANKNIFTY29MAY2560100CE.NFO,2025-05-21,09:44:00,2025-05-29,9.4,9.4,9.4,9.4,2220,52620,0
BANKNIFTY29MAY2560100CE.NFO,2025-05-21,09:45:00,2025-05-29,9.4,9.55,9.35,9.5,1590,53640,0
BANKNIFTY29MAY2560100CE.NFO,2025-05-21,09:46:00,2025-05-29,9.5,9.65,9.5,9.65,510,53640,0
BANKNIFTY29MAY2560100CE.NFO,2025-05-21,09:47:00,2025-05-29,9.6,9.65,9.55,9.55,2940,53640,0
BANKNIFTY29MAY2560100CE.NFO,2025-05-21,09:48:00,2025-05-29,9.55,9.7,9.55,9.55,5310,53640,0
BANKNIFTY29MAY2560100CE.NFO,2025-05-21,09:49:00,2025-05-29,9.55,9.6,9.55,9.6,1710,56280,0
BANKNIFTY29MAY2560100CE.NFO,2025-05-21,09:50:00,2025-05-29,9.6,9.7,9.6,9.65,3600,56280,0
BANKNIFTY29MAY2560100CE.NFO,2025-05-21,09:51:00,2025-05-29,9.65,9.65,9.35,9.45,1650,56070,0
BANKNIFTY29MAY2560100CE.NFO,2025-05-21,09:52:00,2025-05-29,9.45,9.45,9.4,9.4,510,56070,0
BANKNIFTY29MAY2560100CE.NFO,2025-05-21,09:53:00,2025-05-29,9.4,9.5,9.4,9.45,1080,56070,0
BANKNIFTY29MAY2560100CE.NFO,2025-05-21,09:54:00,2025-05-29,9.45,9.45,9.3,9.3,0,56160,0
BANKNIFTY29MAY2560100CE.NFO,2025-05-21,09:55:00,2025-05-29,9.3,9.3,9.3,9.3,120,56160,0
BANKNIFTY29MAY2560100CE.NFO,2025-05-21,09:56:00,2025-05-29,9.3,9.3,9.3,9.3,0,56160,0
BANKNIFTY29MAY2560100CE.NFO,2025-05-21,09:57:00,2025-05-29,9.3,9.35,9.3,9.35,600,56160,0
BANKNIFTY29MAY2560100CE.NFO,2025-05-21,09:58:00,2025-05-29,9.35,9.65,9.35,9.55,1620,56160,0
BANKNIFTY29MAY2560100CE.NFO,2025-05-21,09:59:00,2025-05-29,9.55,9.55,9.45,9.5,2850,56160,0
BANKNIFTY29MAY2560100CE.NFO,2025-05-21,10:00:00,2025-05-29,9.5,9.5,9.4,9.4,30,56160,0
BANKNIFTY29MAY2560100CE.NFO,2025-05-21,10:01:00,2025-05-29,9.4,9.4,9.4,9.4,0,56160,0
BANKNIFTY29MAY2560100CE.NFO,2025-05-21,10:02:00,2025-05-29,9.4,9.4,9.3,9.3,0,55650,0
BANKNIFTY29MAY2560100CE.NFO,2025-05-21,10:03:00,2025-05-29,9.3,9.3,9.3,9.3,30,55650,0
BANKNIFTY29MAY2560100CE.NFO,2025-05-21,10:04:00,2025-05-29,9.3,9.3,9.3,9.3,0,55650,0
BANKNIFTY29MAY2560100CE.NFO,2025-05-21,10:05:00,2025-05-29,9.3,9.4,9.3,9.4,30,55650,0
BANKNIFTY29MAY2560100CE.NFO,2025-05-21,10:06:00,2025-05-29,9.4,9.4,9.35,9.35,150,55740,0
BANKNIFTY29MAY2560100CE.NFO,2025-05-21,10:07:00,2025-05-29,9.35,9.35,9.35,9.35,600,55740,0
BANKNIFTY29MAY2560100CE.NFO,2025-05-21,10:08:00,2025-05-29,9.35,9.6,9.35,9.45,270,55740,0
BANKNIFTY29MAY2560100CE.NFO,2025-05-21,10:09:00,2025-05-29,9.45,9.55,9.45,9.45,480,56130,0
BANKNIFTY29MAY2560100CE.NFO,2025-05-21,10:10:00,2025-05-29,9.45,9.45,9.35,9.35,690,56130,0
BANKNIFTY29MAY2560100CE.NFO,2025-05-21,10:11:00,2025-05-29,9.35,9.35,9.35,9.35,0,56130,0
BANKNIFTY29MAY2560100CE.NFO,2025-05-21,10:12:00,2025-05-29,9.35,9.35,9.3,9.3,30,56130,0
BANKNIFTY29MAY2560100CE.NFO,2025-05-21,10:13:00,2025-05-29,9.3,9.35,9.3,9.35,870,56370,0
BANKNIFTY29MAY2560100CE.NFO,2025-05-21,10:14:00,2025-05-29,9.35,9.5,9.35,9.45,60,56370,0
BANKNIFTY29MAY2560100CE.NFO,2025-05-21,10:15:00,2025-05-29,9.45,9.55,9.45,9.5,3570,57240,0
BANKNIFTY29MAY2560100CE.NFO,2025-05-21,10:16:00,2025-05-29,9.5,9.75,9.5,9.65,2640,57240,0
BANKNIFTY29MAY2560100CE.NFO,2025-05-21,10:17:00,2025-05-29,9.65,9.7,9.5,9.5,840,57240,0
BANKNIFTY29MAY2560100CE.NFO,2025-05-21,10:18:00,2025-05-29,9.5,9.5,9.4,9.4,30,57240,0
BANKNIFTY29MAY2560100CE.NFO,2025-05-21,10:19:00,2025-05-29,9.4,9.45,9.35,9.35,1410,59520,0
BANKNIFTY29MAY2560100CE.NFO,2025-05-21,10:20:00,2025-05-29,9.35,9.35,9.35,9.35,30,59520,0
BANKNIFTY29MAY2560100CE.NFO,2025-05-21,10:21:00,2025-05-29,9.35,9.35,9.35,9.35,0,59520,0
BANKNIFTY29MAY2560100CE.NFO,2025-05-21,10:22:00,2025-05-29,9.35,9.35,9.3,9.35,90,59700,0
BANKNIFTY29MAY2560100CE.NFO,2025-05-21,10:23:00,2025-05-29,9.35,9.35,9.35,9.35,30,59700,0
BANKNIFTY29MAY2560100CE.NFO,2025-05-21,10:24:00,2025-05-29,9.35,9.4,9.35,9.4,30,59700,0
BANKNIFTY29MAY2560100CE.NFO,2025-05-21,10:25:00,2025-05-29,9.4,9.5,9.4,9.5,60,59670,0
BANKNIFTY29MAY2560100CE.NFO,2025-05-21,10:26:00,2025-05-29,9.5,9.5,9.5,9.5,0,59670,0
BANKNIFTY29MAY2560100CE.NFO,2025-05-21,10:27:00,2025-05-29,9.5,9.5,9.5,9.5,0,59670,0
BANKNIFTY29MAY2560100CE.NFO,2025-05-21,10:28:00,2025-05-29,9.5,9.5,9.3,9.3,30,59730,0
BANKNIFTY29MAY2560100CE.NFO,2025-05-21,10:29:00,2025-05-29,9.3,9.3,9.3,9.3,0,59730,0
BANKNIFTY29MAY2560100CE.NFO,2025-05-21,10:30:00,2025-05-29,9.3,9.3,9.3,9.3,0,59730,0
BANKNIFTY29MAY2560100CE.NFO,2025-05-21,10:31:00,2025-05-29,9.3,9.3,9.3,9.3,0,59730,0
BANKNIFTY29MAY2560100CE.NFO,2025-05-21,10:32:00,2025-05-29,9.3,9.3,9.3,9.3,0,59730,0
BANKNIFTY29MAY2560100CE.NFO,2025-05-21,10:33:00,2025-05-29,9.3,9.3,9.0,9.0,0,59760,0
BANKNIFTY29MAY2560100CE.NFO,2025-05-21,10:34:00,2025-05-29,9.0,9.0,9.0,9.0,180,59760,0
BANKNIFTY29MAY2560100CE.NFO,2025-05-21,10:35:00,2025-05-29,9.0,9.0,9.0,9.0,0,59760,0
BANKNIFTY29MAY2560100CE.NFO,2025-05-21,10:36:00,2025-05-29,9.0,9.0,9.0,9.0,60,59940,0
BANKNIFTY29MAY2560100CE.NFO,2025-05-21,10:37:00,2025-05-29,9.0,9.0,8.95,8.95,540,59940,0
BANKNIFTY29MAY2560100CE.NFO,2025-05-21,10:38:00,2025-05-29,8.95,8.95,8.95,8.95,0,59940,0
BANKNIFTY29MAY2560100CE.NFO,2025-05-21,10:39:00,2025-05-29,8.95,9.1,8.95,9.1,90,59940,0
BANKNIFTY29MAY2560100CE.NFO,2025-05-21,10:40:00,2025-05-29,9.1,9.1,9.1,9.1,0,59940,0
BANKNIFTY29MAY2560100CE.NFO,2025-05-21,10:41:00,2025-05-29,9.1,9.1,9.1,9.1,0,59940,0
BANKNIFTY29MAY2560100CE.NFO,2025-05-21,10:42:00,2025-05-29,9.1,9.1,9.1,9.1,0,59940,0
BANKNIFTY29MAY2560100CE.NFO,2025-05-21,10:43:00,2025-05-29,9.1,9.1,8.9,8.9,0,60210,0
BANKNIFTY29MAY2560100CE.NFO,2025-05-21,10:44:00,2025-05-29,8.9,8.9,8.9,8.9,60,60210,0
BANKNIFTY29MAY2560100CE.NFO,2025-05-21,10:45:00,2025-05-29,8.9,8.9,8.9,8.9,0,60210,0
BANKNIFTY29MAY2560100CE.NFO,2025-05-21,10:46:00,2025-05-29,8.9,8.9,8.9,8.9,0,60210,0
BANKNIFTY29MAY2560100CE.NFO,2025-05-21,10:47:00,2025-05-29,8.9,8.9,8.9,8.9,0,60210,0
BANKNIFTY29MAY2560100CE.NFO,2025-05-21,10:48:00,2025-05-29,9.1,9.1,9.0,9.05,2550,60210,0
BANKNIFTY29MAY2560100CE.NFO,2025-05-21,10:49:00,2025-05-29,9.05,9.1,9.05,9.1,450,60510,0
BANKNIFTY29MAY2560100CE.NFO,2025-05-21,10:50:00,2025-05-29,9.1,9.1,9.1,9.1,0,60510,0
BANKNIFTY29MAY2560100CE.NFO,2025-05-21,10:51:00,2025-05-29,9.1,9.1,9.1,9.1,0,60510,0
BANKNIFTY29MAY2560100CE.NFO,2025-05-21,10:52:00,2025-05-29,9.1,9.1,9.05,9.05,0,60930,0
BANKNIFTY29MAY2560100CE.NFO,2025-05-21,10:53:00,2025-05-29,9.05,9.05,8.9,8.9,750,60930,0
BANKNIFTY29MAY2560100CE.NFO,2025-05-21,10:54:00,2025-05-29,8.9,8.9,8.9,8.9,0,60930,0
BANKNIFTY29MAY2560100CE.NFO,2025-05-21,10:55:00,2025-05-29,8.9,8.9,8.9,8.9,0,60930,0
BANKNIFTY29MAY2560100CE.NFO,2025-05-21,10:56:00,2025-05-29,8.9,8.9,8.9,8.9,0,60930,0
BANKNIFTY29MAY2560100CE.NFO,2025-05-21,10:57:00,2025-05-29,8.65,8.65,8.65,8.65,510,60600,0
BANKNIFTY29MAY2560100CE.NFO,2025-05-21,10:58:00,2025-05-29,8.65,8.65,8.65,8.65,0,60600,0
BANKNIFTY29MAY2560100CE.NFO,2025-05-21,10:59:00,2025-05-29,8.65,8.65,8.5,8.5,150,60780,0
BANKNIFTY29MAY2560100CE.NFO,2025-05-21,11:00:00,2025-05-29,8.5,8.55,8.45,8.45,210,60780,0
BANKNIFTY29MAY2560100CE.NFO,2025-05-21,11:01:00,2025-05-29,8.45,8.65,8.45,8.65,420,60540,0
BANKNIFTY29MAY2560100CE.NFO,2025-05-21,11:02:00,2025-05-29,8.65,8.65,8.65,8.65,0,60540,0
BANKNIFTY29MAY2560100CE.NFO,2025-05-21,11:03:00,2025-05-29,8.65,8.65,8.65,8.65,180,60540,0
BANKNIFTY29MAY2560100CE.NFO,2025-05-21,11:04:00,2025-05-29,8.65,8.75,8.65,8.75,300,60450,0
BANKNIFTY29MAY2560100CE.NFO,2025-05-21,11:05:00,2025-05-29,8.75,8.75,8.75,8.75,0,60450,0
BANKNIFTY29MAY2560100CE.NFO,2025-05-21,11:06:00,2025-05-29,8.75,8.75,8.75,8.75,0,60450,0
BANKNIFTY29MAY2560100CE.NFO,2025-05-21,11:07:00,2025-05-29,8.65,8.65,8.65,8.65,180,60150,0
BANKNIFTY29MAY2560100CE.NFO,2025-05-21,11:08:00,2025-05-29,8.65,8.65,8.55,8.55,300,60150,0
BANKNIFTY29MAY2560100CE.NFO,2025-05-21,11:09:00,2025-05-29,8.55,8.65,8.55,8.65,0,60150,0
BANKNIFTY29MAY2560100CE.NFO,2025-05-21,11:10:00,2025-05-29,8.65,8.65,8.65,8.65,150,60150,0
BANKNIFTY29MAY2560100CE.NFO,2025-05-21,11:11:00,2025-05-29,8.65,8.7,8.65,8.7,60,60030,0
BANKNIFTY29MAY2560100CE.NFO,2025-05-21,11:12:00,2025-05-29,8.7,8.7,8.6,8.6,60,60030,0
BANKNIFTY29MAY2560100CE.NFO,2025-05-21,11:13:00,2025-05-29,8.6,8.7,8.6,8.7,540,59970,0
BANKNIFTY29MAY2560100CE.NFO,2025-05-21,11:14:00,2025-05-29,8.7,8.7,8.65,8.65,330,59970,0
BANKNIFTY29MAY2560100CE.NFO,2025-05-21,11:15:00,2025-05-29,8.65,8.75,8.65,8.75,960,59970,0
BANKNIFTY29MAY2560100CE.NFO,2025-05-21,11:16:00,2025-05-29,8.75,8.75,8.75,8.75,0,59970,0
BANKNIFTY29MAY2560100CE.NFO,2025-05-21,11:17:00,2025-05-29,8.75,8.75,8.75,8.75,0,59970,0
BANKNIFTY29MAY2560100CE.NFO,2025-05-21,11:18:00,2025-05-29,8.75,8.75,8.75,8.75,0,59970,0
BANKNIFTY29MAY2560100CE.NFO,2025-05-21,11:19:00,2025-05-29,8.75,8.75,8.75,8.75,0,59970,0
BANKNIFTY29MAY2560100CE.NFO,2025-05-21,11:20:00,2025-05-29,8.75,8.75,8.75,8.75,0,59970,0
BANKNIFTY29MAY2560100CE.NFO,2025-05-21,11:21:00,2025-05-29,8.75,8.75,8.75,8.75,0,59970,0
BANKNIFTY29MAY2560100CE.NFO,2025-05-21,11:22:00,2025-05-29,8.75,8.85,8.75,8.85,150,58950,0
BANKNIFTY29MAY2560100CE.NFO,2025-05-21,11:23:00,2025-05-29,8.85,8.85,8.75,8.75,30,58950,0
BANKNIFTY29MAY2560100CE.NFO,2025-05-21,11:24:00,2025-05-29,8.75,8.75,8.75,8.75,0,58950,0
BANKNIFTY29MAY2560100CE.NFO,2025-05-21,11:25:00,2025-05-29,8.55,8.55,8.45,8.45,960,58800,0
BANKNIFTY29MAY2560100CE.NFO,2025-05-21,11:26:00,2025-05-29,8.45,8.45,8.2,8.25,2670,58800,0
BANKNIFTY29MAY2560100CE.NFO,2025-05-21,11:27:00,2025-05-29,8.25,8.25,8.25,8.25,60,58800,0
BANKNIFTY29MAY2560100CE.NFO,2025-05-21,11:28:00,2025-05-29,8.25,8.25,8.1,8.1,360,61680,0
BANKNIFTY29MAY2560100CE.NFO,2025-05-21,11:29:00,2025-05-29,8.1,8.1,8.1,8.1,0,61680,0
BANKNIFTY29MAY2560100CE.NFO,2025-05-21,11:30:00,2025-05-29,8.1,8.1,7.95,7.95,600,61680,0
BANKNIFTY29MAY2560100CE.NFO,2025-05-21,11:31:00,2025-05-29,7.95,8.0,7.95,8.0,270,62130,0
BANKNIFTY29MAY2560100CE.NFO,2025-05-21,11:32:00,2025-05-29,8.0,8.05,7.9,7.9,1290,62130,0
BANKNIFTY29MAY2560100CE.NFO,2025-05-21,11:33:00,2025-05-29,7.9,7.9,7.9,7.9,0,62130,0
BANKNIFTY29MAY2560100CE.NFO,2025-05-21,11:34:00,2025-05-29,7.9,7.9,7.9,7.9,0,62130,0
BANKNIFTY29MAY2560100CE.NFO,2025-05-21,11:35:00,2025-05-29,7.9,7.9,7.9,7.9,0,62130,0
BANKNIFTY29MAY2560100CE.NFO,2025-05-21,11:36:00,2025-05-29,7.9,7.9,7.9,7.9,0,62130,0
BANKNIFTY29MAY2560100CE.NFO,2025-05-21,11:37:00,2025-05-29,7.9,7.9,7.9,7.9,0,62130,0
BANKNIFTY29MAY2560100CE.NFO,2025-05-21,11:38:00,2025-05-29,7.9,7.9,7.9,7.9,0,62130,0
BANKNIFTY29MAY2560100CE.NFO,2025-05-21,11:39:00,2025-05-29,8.3,8.3,8.15,8.15,300,63240,0
BANKNIFTY29MAY2560100CE.NFO,2025-05-21,11:40:00,2025-05-29,8.15,8.15,8.15,8.15,0,63240,0
BANKNIFTY29MAY2560100CE.NFO,2025-05-21,11:41:00,2025-05-29,8.15,8.15,8.15,8.15,0,63240,0
BANKNIFTY29MAY2560100CE.NFO,2025-05-21,11:42:00,2025-05-29,8.15,8.15,8.15,8.15,0,63240,0
BANKNIFTY29MAY2560100CE.NFO,2025-05-21,11:43:00,2025-05-29,8.15,8.15,8.15,8.15,0,63240,0
BANKNIFTY29MAY2560100CE.NFO,2025-05-21,11:44:00,2025-05-29,8.15,8.15,8.15,8.15,0,63240,0
BANKNIFTY29MAY2560100CE.NFO,2025-05-21,11:45:00,2025-05-29,8.15,8.15,8.15,8.15,0,63240,0
BANKNIFTY29MAY2560100CE.NFO,2025-05-21,11:46:00,2025-05-29,8.15,8.15,8.15,8.15,0,63240,0
BANKNIFTY29MAY2560100CE.NFO,2025-05-21,11:47:00,2025-05-29,8.15,8.2,8.15,8.2,480,63540,0
BANKNIFTY29MAY2560100CE.NFO,2025-05-21,11:48:00,2025-05-29,8.2,8.2,8.2,8.2,0,63540,0
BANKNIFTY29MAY2560100CE.NFO,2025-05-21,11:49:00,2025-05-29,8.2,8.2,8.2,8.2,0,63540,0
BANKNIFTY29MAY2560100CE.NFO,2025-05-21,11:50:00,2025-05-29,8.2,8.2,8.2,8.2,0,63540,0
BANKNIFTY29MAY2560100CE.NFO,2025-05-21,11:51:00,2025-05-29,8.2,8.2,8.2,8.2,0,63540,0
BANKNIFTY29MAY2560100CE.NFO,2025-05-21,11:52:00,2025-05-29,8.2,8.2,8.2,8.2,300,63060,0
BANKNIFTY29MAY2560100CE.NFO,2025-05-21,11:53:00,2025-05-29,8.2,8.2,8.2,8.2,0,63060,0
BANKNIFTY29MAY2560100CE.NFO,2025-05-21,11:54:00,2025-05-29,8.2,8.2,8.1,8.1,270,63060,0
BANKNIFTY29MAY2560100CE.NFO,2025-05-21,11:55:00,2025-05-29,8.1,8.1,8.1,8.1,0,63060,0
BANKNIFTY29MAY2560100CE.NFO,2025-05-21,11:56:00,2025-05-29,8.1,8.1,8.1,8.1,0,63060,0
BANKNIFTY29MAY2560100CE.NFO,2025-05-21,11:57:00,2025-05-29,8.1,8.1,8.1,8.1,0,63060,0
BANKNIFTY29MAY2560100CE.NFO,2025-05-21,11:58:00,2025-05-29,8.1,8.1,8.1,8.1,0,63060,0
BANKNIFTY29MAY2560100CE.NFO,2025-05-21,11:59:00,2025-05-29,8.1,8.1,8.1,8.1,0,63060,0
BANKNIFTY29MAY2560100CE.NFO,2025-05-21,12:00:00,2025-05-29,8.1,8.1,8.1,8.1,0,63060,0
BANKNIFTY29MAY2560100CE.NFO,2025-05-21,12:01:00,2025-05-29,8.1,8.1,8.1,8.1,0,63060,0
BANKNIFTY29MAY2560100CE.NFO,2025-05-21,12:02:00,2025-05-29,8.1,8.1,8.1,8.1,0,63060,0
BANKNIFTY29MAY2560100CE.NFO,2025-05-21,12:03:00,2025-05-29,8.1,8.1,8.1,8.1,0,63060,0
BANKNIFTY29MAY2560100CE.NFO,2025-05-21,12:04:00,2025-05-29,8.1,8.1,8.1,8.1,0,63060,0
BANKNIFTY29MAY2560100CE.NFO,2025-05-21,12:05:00,2025-05-29,8.1,8.4,8.1,8.4,240,63060,0
BANKNIFTY29MAY2560100CE.NFO,2025-05-21,12:06:00,2025-05-29,8.4,8.45,8.25,8.25,900,63060,0
BANKNIFTY29MAY2560100CE.NFO,2025-05-21,12:07:00,2025-05-29,8.25,8.25,8.25,8.25,0,63060,0
BANKNIFTY29MAY2560100CE.NFO,2025-05-21,12:08:00,2025-05-29,8.25,8.25,8.1,8.1,30,63300,0
BANKNIFTY29MAY2560100CE.NFO,2025-05-21,12:09:00,2025-05-29,8.1,8.1,8.1,8.1,0,63300,0
BANKNIFTY29MAY2560100CE.NFO,2025-05-21,12:10:00,2025-05-29,8.1,8.1,7.9,7.9,1740,63270,0
BANKNIFTY29MAY2560100CE.NFO,2025-05-21,12:11:00,2025-05-29,7.9,7.9,7.9,7.9,0,63270,0
BANKNIFTY29MAY2560100CE.NFO,2025-05-21,12:12:00,2025-05-29,7.9,7.9,7.9,7.9,0,63270,0
BANKNIFTY29MAY2560100CE.NFO,2025-05-21,12:13:00,2025-05-29,7.9,7.95,7.9,7.95,420,64590,0
BANKNIFTY29MAY2560100CE.NFO,2025-05-21,12:14:00,2025-05-29,7.95,7.95,7.95,7.95,0,64590,0
BANKNIFTY29MAY2560100CE.NFO,2025-05-21,12:15:00,2025-05-29,7.95,7.95,7.9,7.9,360,64590,0
BANKNIFTY29MAY2560100CE.NFO,2025-05-21,12:16:00,2025-05-29,7.9,7.95,7.75,7.9,1290,65130,0
BANKNIFTY29MAY2560100CE.NFO,2025-05-21,12:17:00,2025-05-29,7.9,8.1,7.9,8.1,60,65130,0
BANKNIFTY29MAY2560100CE.NFO,2025-05-21,12:18:00,2025-05-29,8.1,8.1,8.05,8.05,30,65130,0
BANKNIFTY29MAY2560100CE.NFO,2025-05-21,12:19:00,2025-05-29,8.05,8.05,7.9,8.0,120,66030,0
BANKNIFTY29MAY2560100CE.NFO,2025-05-21,12:20:00,2025-05-29,8.0,8.0,7.9,7.9,30,66030,0
BANKNIFTY29MAY2560100CE.NFO,2025-05-21,12:21:00,2025-05-29,7.9,8.05,7.9,8.05,30,66030,0
BANKNIFTY29MAY2560100CE.NFO,2025-05-21,12:22:00,2025-05-29,8.05,8.05,8.05,8.05,0,66030,0
BANKNIFTY29MAY2560100CE.NFO,2025-05-21,12:23:00,2025-05-29,8.05,8.05,8.05,8.05,0,66030,0
BANKNIFTY29MAY2560100CE.NFO,2025-05-21,12:24:00,2025-05-29,8.05,8.05,8.05,8.05,0,66030,0
BANKNIFTY29MAY2560100CE.NFO,2025-05-21,12:25:00,2025-05-29,8.05,8.05,7.8,7.8,450,66000,0
BANKNIFTY29MAY2560100CE.NFO,2025-05-21,12:26:00,2025-05-29,7.8,7.8,7.8,7.8,0,66000,0
BANKNIFTY29MAY2560100CE.NFO,2025-05-21,12:27:00,2025-05-29,7.8,7.8,7.8,7.8,90,66000,0
BANKNIFTY29MAY2560100CE.NFO,2025-05-21,12:28:00,2025-05-29,7.8,7.8,7.7,7.7,330,65850,0
BANKNIFTY29MAY2560100CE.NFO,2025-05-21,12:29:00,2025-05-29,7.7,7.7,7.7,7.7,0,65850,0
BANKNIFTY29MAY2560100CE.NFO,2025-05-21,12:30:00,2025-05-29,7.8,7.8,7.75,7.75,300,65850,0
BANKNIFTY29MAY2560100CE.NFO,2025-05-21,12:31:00,2025-05-29,7.7,7.8,7.65,7.8,450,66780,0
BANKNIFTY29MAY2560100CE.NFO,2025-05-21,12:32:00,2025-05-29,7.8,7.8,7.65,7.8,60,66780,0
BANKNIFTY29MAY2560100CE.NFO,2025-05-21,12:33:00,2025-05-29,7.8,7.8,7.75,7.75,60,66780,0
BANKNIFTY29MAY2560100CE.NFO,2025-05-21,12:34:00,2025-05-29,7.75,7.85,7.7,7.7,60,66750,0
BANKNIFTY29MAY2560100CE.NFO,2025-05-21,12:35:00,2025-05-29,7.7,7.85,7.7,7.85,840,66750,0
BANKNIFTY29MAY2560100CE.NFO,2025-05-21,12:36:00,2025-05-29,7.85,7.85,7.8,7.85,150,66750,0
BANKNIFTY29MAY2560100CE.NFO,2025-05-21,12:37:00,2025-05-29,7.85,7.85,7.85,7.85,150,66420,0
BANKNIFTY29MAY2560100CE.NFO,2025-05-21,12:38:00,2025-05-29,7.85,7.95,7.75,7.75,150,66420,0
BANKNIFTY29MAY2560100CE.NFO,2025-05-21,12:39:00,2025-05-29,7.75,7.75,7.75,7.75,60,66420,0
BANKNIFTY29MAY2560100CE.NFO,2025-05-21,12:40:00,2025-05-29,7.75,7.8,7.75,7.8,600,66360,0
BANKNIFTY29MAY2560100CE.NFO,2025-05-21,12:41:00,2025-05-29,7.8,7.8,7.6,7.6,120,66360,0
BANKNIFTY29MAY2560100CE.NFO,2025-05-21,12:42:00,2025-05-29,7.6,7.75,7.6,7.75,1020,66360,0
BANKNIFTY29MAY2560100CE.NFO,2025-05-21,12:43:00,2025-05-29,7.75,7.75,7.6,7.6,180,66150,0
BANKNIFTY29MAY2560100CE.NFO,2025-05-21,12:44:00,2025-05-29,7.6,7.6,7.55,7.55,30,66150,0
BANKNIFTY29MAY2560100CE.NFO,2025-05-21,12:45:00,2025-05-29,7.55,7.55,7.55,7.55,0,66150,0
BANKNIFTY29MAY2560100CE.NFO,2025-05-21,12:46:00,2025-05-29,7.6,7.6,7.45,7.45,60,66180,0
BANKNIFTY29MAY2560100CE.NFO,2025-05-21,12:47:00,2025-05-29,7.45,7.6,7.45,7.6,60,66180,0
BANKNIFTY29MAY2560100CE.NFO,2025-05-21,12:48:00,2025-05-29,7.6,7.6,7.55,7.55,150,66180,0
BANKNIFTY29MAY2560100CE.NFO,2025-05-21,12:49:00,2025-05-29,7.55,7.55,7.55,7.55,0,66180,0
BANKNIFTY29MAY2560100CE.NFO,2025-05-21,12:50:00,2025-05-29,7.55,7.55,7.55,7.55,420,66090,0
BANKNIFTY29MAY2560100CE.NFO,2025-05-21,12:51:00,2025-05-29,7.55,7.55,7.55,7.55,0,66090,0
BANKNIFTY29MAY2560100CE.NFO,2025-05-21,12:52:00,2025-05-29,7.55,7.55,7.45,7.45,150,66480,0
BANKNIFTY29MAY2560100CE.NFO,2025-05-21,12:53:00,2025-05-29,7.45,7.45,7.45,7.45,0,66480,0
BANKNIFTY29MAY2560100CE.NFO,2025-05-21,12:54:00,2025-05-29,7.45,7.45,7.45,7.45,0,66480,0
BANKNIFTY29MAY2560100CE.NFO,2025-05-21,12:55:00,2025-05-29,7.45,7.45,7.45,7.45,0,66480,0
BANKNIFTY29MAY2560100CE.NFO,2025-05-21,12:56:00,2025-05-29,7.45,7.45,7.45,7.45,0,66480,0
BANKNIFTY29MAY2560100CE.NFO,2025-05-21,12:57:00,2025-05-29,7.45,7.45,7.45,7.45,0,66480,0
BANKNIFTY29MAY2560100CE.NFO,2025-05-21,12:58:00,2025-05-29,7.3,7.3,7.3,7.3,450,66360,0
BANKNIFTY29MAY2560100CE.NFO,2025-05-21,12:59:00,2025-05-29,7.3,7.3,7.3,7.3,0,66360,0
BANKNIFTY29MAY2560100CE.NFO,2025-05-21,13:00:00,2025-05-29,7.3,7.3,7.3,7.3,0,66360,0
BANKNIFTY29MAY2560100CE.NFO,2025-05-21,13:01:00,2025-05-29,7.3,7.3,7.3,7.3,0,66360,0
BANKNIFTY29MAY2560100CE.NFO,2025-05-21,13:02:00,2025-05-29,7.45,7.45,7.45,7.45,210,66690,0
BANKNIFTY29MAY2560100CE.NFO,2025-05-21,13:03:00,2025-05-29,7.45,7.45,7.45,7.45,0,66690,0
BANKNIFTY29MAY2560100CE.NFO,2025-05-21,13:04:00,2025-05-29,7.45,7.45,7.4,7.4,120,66810,0
BANKNIFTY29MAY2560100CE.NFO,2025-05-21,13:05:00,2025-05-29,7.4,7.5,7.35,7.35,660,66810,0
BANKNIFTY29MAY2560100CE.NFO,2025-05-21,13:06:00,2025-05-29,7.35,7.65,7.35,7.5,750,66810,0
BANKNIFTY29MAY2560100CE.NFO,2025-05-21,13:07:00,2025-05-29,7.5,7.5,7.5,7.5,0,66810,0
BANKNIFTY29MAY2560100CE.NFO,2025-05-21,13:08:00,2025-05-29,7.5,7.5,7.5,7.5,0,66810,0
BANKNIFTY29MAY2560100CE.NFO,2025-05-21,13:09:00,2025-05-29,7.5,7.5,7.5,7.5,0,66810,0
BANKNIFTY29MAY2560100CE.NFO,2025-05-21,13:10:00,2025-05-29,7.5,7.5,7.5,7.5,0,66810,0
BANKNIFTY29MAY2560100CE.NFO,2025-05-21,13:11:00,2025-05-29,7.5,7.6,7.45,7.6,450,65760,0
BANKNIFTY29MAY2560100CE.NFO,2025-05-21,13:12:00,2025-05-29,7.6,7.6,7.55,7.55,90,65760,0
BANKNIFTY29MAY2560100CE.NFO,2025-05-21,13:13:00,2025-05-29,7.55,7.6,7.55,7.55,240,65610,0
BANKNIFTY29MAY2560100CE.NFO,2025-05-21,13:14:00,2025-05-29,7.55,7.55,7.55,7.55,0,65610,0
BANKNIFTY29MAY2560100CE.NFO,2025-05-21,13:15:00,2025-05-29,7.55,7.55,7.5,7.5,30,65610,0
BANKNIFTY29MAY2560100CE.NFO,2025-05-21,13:16:00,2025-05-29,7.5,7.5,7.5,7.5,0,65610,0
BANKNIFTY29MAY2560100CE.NFO,2025-05-21,13:17:00,2025-05-29,7.5,7.5,7.5,7.5,0,65610,0
BANKNIFTY29MAY2560100CE.NFO,2025-05-21,13:18:00,2025-05-29,7.5,7.5,7.5,7.5,0,65610,0
BANKNIFTY29MAY2560100CE.NFO,2025-05-21,13:19:00,2025-05-29,7.5,7.5,7.5,7.5,150,65370,0
BANKNIFTY29MAY2560100CE.NFO,2025-05-21,13:20:00,2025-05-29,7.5,7.5,7.4,7.4,0,65370,0
BANKNIFTY29MAY2560100CE.NFO,2025-05-21,13:21:00,2025-05-29,7.4,7.4,7.4,7.4,840,65370,0
BANKNIFTY29MAY2560100CE.NFO,2025-05-21,13:22:00,2025-05-29,7.4,7.4,7.35,7.35,0,66090,0
BANKNIFTY29MAY2560100CE.NFO,2025-05-21,13:23:00,2025-05-29,7.35,7.35,7.35,7.35,90,66090,0
BANKNIFTY29MAY2560100CE.NFO,2025-05-21,13:24:00,2025-05-29,7.35,7.35,7.35,7.35,0,66090,0
BANKNIFTY29MAY2560100CE.NFO,2025-05-21,13:25:00,2025-05-29,7.35,7.45,7.35,7.45,30,66090,0
BANKNIFTY29MAY2560100CE.NFO,2025-05-21,13:26:00,2025-05-29,7.45,7.45,7.45,7.45,0,66090,0
BANKNIFTY29MAY2560100CE.NFO,2025-05-21,13:27:00,2025-05-29,7.45,7.45,7.45,7.45,0,66090,0
BANKNIFTY29MAY2560100CE.NFO,2025-05-21,13:28:00,2025-05-29,7.45,7.45,7.3,7.3,180,66090,0
BANKNIFTY29MAY2560100CE.NFO,2025-05-21,13:29:00,2025-05-29,7.3,7.3,7.3,7.3,0,66090,0
BANKNIFTY29MAY2560100CE.NFO,2025-05-21,13:30:00,2025-05-29,7.3,7.3,7.3,7.3,240,66090,0
BANKNIFTY29MAY2560100CE.NFO,2025-05-21,13:31:00,2025-05-29,7.3,7.3,7.3,7.3,150,66090,0
BANKNIFTY29MAY2560100CE.NFO,2025-05-21,13:32:00,2025-05-29,7.3,7.3,7.25,7.25,180,65970,0
BANKNIFTY29MAY2560100CE.NFO,2025-05-21,13:33:00,2025-05-29,7.25,7.25,7.25,7.25,0,65970,0
BANKNIFTY29MAY2560100CE.NFO,2025-05-21,13:34:00,2025-05-29,7.25,7.4,7.25,7.4,300,66000,0
BANKNIFTY29MAY2560100CE.NFO,2025-05-21,13:35:00,2025-05-29,7.4,7.4,7.4,7.4,0,66000,0
BANKNIFTY29MAY2560100CE.NFO,2025-05-21,13:36:00,2025-05-29,7.4,7.4,7.4,7.4,0,66000,0
BANKNIFTY29MAY2560100CE.NFO,2025-05-21,13:37:00,2025-05-29,7.4,7.4,7.4,7.4,0,66000,0
BANKNIFTY29MAY2560100CE.NFO,2025-05-21,13:38:00,2025-05-29,7.4,7.4,7.4,7.4,0,66000,0
BANKNIFTY29MAY2560100CE.NFO,2025-05-21,13:39:00,2025-05-29,7.4,7.4,7.2,7.2,150,65820,0
BANKNIFTY29MAY2560100CE.NFO,2025-05-21,13:40:00,2025-05-29,7.2,7.2,7.2,7.2,0,65820,0
BANKNIFTY29MAY2560100CE.NFO,2025-05-21,13:41:00,2025-05-29,7.2,7.2,7.2,7.2,0,65820,0
BANKNIFTY29MAY2560100CE.NFO,2025-05-21,13:42:00,2025-05-29,7.2,7.2,7.15,7.15,1530,65910,0
BANKNIFTY29MAY2560100CE.NFO,2025-05-21,13:43:00,2025-05-29,7.15,7.15,7.15,7.15,0,65910,0
BANKNIFTY29MAY2560100CE.NFO,2025-05-21,13:44:00,2025-05-29,7.2,7.2,7.2,7.2,270,65700,0
BANKNIFTY29MAY2560100CE.NFO,2025-05-21,13:45:00,2025-05-29,7.2,7.25,7.2,7.25,120,65700,0
BANKNIFTY29MAY2560100CE.NFO,2025-05-21,13:46:00,2025-05-29,7.25,7.25,7.15,7.15,30,65700,0
BANKNIFTY29MAY2560100CE.NFO,2025-05-21,13:47:00,2025-05-29,7.15,7.15,7.15,7.15,0,65700,0
BANKNIFTY29MAY2560100CE.NFO,2025-05-21,13:48:00,2025-05-29,7.15,7.15,7.15,7.15,0,65700,0
BANKNIFTY29MAY2560100CE.NFO,2025-05-21,13:49:00,2025-05-29,7.15,7.15,7.15,7.15,0,65700,0
BANKNIFTY29MAY2560100CE.NFO,2025-05-21,13:50:00,2025-05-29,7.15,7.15,7.15,7.15,30,65610,0
BANKNIFTY29MAY2560100CE.NFO,2025-05-21,13:51:00,2025-05-29,7.15,7.15,7.15,7.15,0,65610,0
BANKNIFTY29MAY2560100CE.NFO,2025-05-21,13:52:00,2025-05-29,7.15,7.15,7.15,7.15,0,65610,0
BANKNIFTY29MAY2560100CE.NFO,2025-05-21,13:53:00,2025-05-29,7.15,7.15,7.15,7.15,0,65610,0
BANKNIFTY29MAY2560100CE.NFO,2025-05-21,13:54:00,2025-05-29,7.15,7.15,7.15,7.15,0,65610,0
BANKNIFTY29MAY2560100CE.NFO,2025-05-21,13:55:00,2025-05-29,7.15,7.15,7.15,7.15,0,65610,0
BANKNIFTY29MAY2560100CE.NFO,2025-05-21,13:56:00,2025-05-29,7.15,7.15,7.15,7.15,0,65610,0
BANKNIFTY29MAY2560100CE.NFO,2025-05-21,13:57:00,2025-05-29,7.15,7.45,7.15,7.45,900,65610,0
BANKNIFTY29MAY2560100CE.NFO,2025-05-21,13:58:00,2025-05-29,7.45,7.45,7.4,7.4,120,65400,0
BANKNIFTY29MAY2560100CE.NFO,2025-05-21,13:59:00,2025-05-29,7.4,7.4,7.4,7.4,0,65400,0
BANKNIFTY29MAY2560100CE.NFO,2025-05-21,14:00:00,2025-05-29,7.4,7.4,7.4,7.4,0,65400,0
BANKNIFTY29MAY2560100CE.NFO,2025-05-21,14:01:00,2025-05-29,7.3,7.35,7.3,7.35,180,65250,0
BANKNIFTY29MAY2560100CE.NFO,2025-05-21,14:02:00,2025-05-29,7.35,7.35,7.35,7.35,0,65250,0
BANKNIFTY29MAY2560100CE.NFO,2025-05-21,14:03:00,2025-05-29,7.3,7.3,7.3,7.3,60,65250,0
BANKNIFTY29MAY2560100CE.NFO,2025-05-21,14:04:00,2025-05-29,7.3,7.3,7.3,7.3,0,65250,0
BANKNIFTY29MAY2560100CE.NFO,2025-05-21,14:05:00,2025-05-29,7.3,7.3,7.3,7.3,450,65460,0
BANKNIFTY29MAY2560100CE.NFO,2025-05-21,14:06:00,2025-05-29,7.3,7.3,7.3,7.3,210,65460,0
BANKNIFTY29MAY2560100CE.NFO,2025-05-21,14:07:00,2025-05-29,7.3,7.3,7.25,7.25,90,65700,0
BANKNIFTY29MAY2560100CE.NFO,2025-05-21,14:08:00,2025-05-29,7.25,7.25,7.25,7.25,60,65700,0
BANKNIFTY29MAY2560100CE.NFO,2025-05-21,14:09:00,2025-05-29,7.25,7.25,7.25,7.25,450,65700,0
BANKNIFTY29MAY2560100CE.NFO,2025-05-21,14:10:00,2025-05-29,7.25,7.25,7.25,7.25,0,65700,0
BANKNIFTY29MAY2560100CE.NFO,2025-05-21,14:11:00,2025-05-29,7.25,7.25,7.25,7.25,0,65700,0
BANKNIFTY29MAY2560100CE.NFO,2025-05-21,14:12:00,2025-05-29,7.25,7.25,7.25,7.25,0,65700,0
BANKNIFTY29MAY2560100CE.NFO,2025-05-21,14:13:00,2025-05-29,7.25,7.25,7.25,7.25,0,65700,0
BANKNIFTY29MAY2560100CE.NFO,2025-05-21,14:14:00,2025-05-29,7.4,7.4,7.4,7.4,90,66060,0
BANKNIFTY29MAY2560100CE.NFO,2025-05-21,14:15:00,2025-05-29,7.4,7.45,7.4,7.45,90,66060,0
BANKNIFTY29MAY2560100CE.NFO,2025-05-21,14:16:00,2025-05-29,7.45,7.45,7.4,7.4,150,66060,0
BANKNIFTY29MAY2560100CE.NFO,2025-05-21,14:17:00,2025-05-29,7.4,7.4,7.3,7.3,30,66000,0
BANKNIFTY29MAY2560100CE.NFO,2025-05-21,14:18:00,2025-05-29,7.3,7.3,7.3,7.3,0,66000,0
BANKNIFTY29MAY2560100CE.NFO,2025-05-21,14:19:00,2025-05-29,7.3,7.3,7.3,7.3,0,66000,0
BANKNIFTY29MAY2560100CE.NFO,2025-05-21,14:20:00,2025-05-29,7.3,7.3,7.3,7.3,0,66000,0
BANKNIFTY29MAY2560100CE.NFO,2025-05-21,14:21:00,2025-05-29,7.3,7.3,7.15,7.15,240,65970,0
BANKNIFTY29MAY2560100CE.NFO,2025-05-21,14:22:00,2025-05-29,7.15,7.25,7.15,7.25,60,65970,0
BANKNIFTY29MAY2560100CE.NFO,2025-05-21,14:23:00,2025-05-29,7.25,7.25,7.25,7.25,210,65970,0
BANKNIFTY29MAY2560100CE.NFO,2025-05-21,14:24:00,2025-05-29,7.25,7.25,7.15,7.15,360,65970,0
BANKNIFTY29MAY2560100CE.NFO,2025-05-21,14:25:00,2025-05-29,7.15,7.15,7.15,7.15,0,65970,0
BANKNIFTY29MAY2560100CE.NFO,2025-05-21,14:26:00,2025-05-29,7.15,7.15,7.15,7.15,0,65970,0
BANKNIFTY29MAY2560100CE.NFO,2025-05-21,14:27:00,2025-05-29,7.15,7.15,7.15,7.15,0,65970,0
BANKNIFTY29MAY2560100CE.NFO,2025-05-21,14:28:00,2025-05-29,7.15,7.15,7.15,7.15,0,65970,0
BANKNIFTY29MAY2560100CE.NFO,2025-05-21,14:29:00,2025-05-29,7.15,7.15,7.15,7.15,0,65970,0
BANKNIFTY29MAY2560100CE.NFO,2025-05-21,14:30:00,2025-05-29,7.15,7.15,7.15,7.15,0,65970,0
BANKNIFTY29MAY2560100CE.NFO,2025-05-21,14:31:00,2025-05-29,7.15,7.25,7.15,7.25,270,66060,0
BANKNIFTY29MAY2560100CE.NFO,2025-05-21,14:32:00,2025-05-29,7.25,7.25,7.25,7.25,0,66060,0
BANKNIFTY29MAY2560100CE.NFO,2025-05-21,14:33:00,2025-05-29,7.25,7.3,7.25,7.3,90,66270,0
BANKNIFTY29MAY2560100CE.NFO,2025-05-21,14:34:00,2025-05-29,7.3,7.3,7.3,7.3,60,66270,0
BANKNIFTY29MAY2560100CE.NFO,2025-05-21,14:35:00,2025-05-29,7.3,7.3,7.3,7.3,120,66240,0
BANKNIFTY29MAY2560100CE.NFO,2025-05-21,14:36:00,2025-05-29,7.3,7.3,7.3,7.3,0,66240,0
BANKNIFTY29MAY2560100CE.NFO,2025-05-21,14:37:00,2025-05-29,7.3,7.3,7.3,7.3,30,66240,0
BANKNIFTY29MAY2560100CE.NFO,2025-05-21,14:38:00,2025-05-29,7.3,7.3,7.3,7.3,0,66240,0
BANKNIFTY29MAY2560100CE.NFO,2025-05-21,14:39:00,2025-05-29,7.3,7.3,7.3,7.3,0,66240,0
BANKNIFTY29MAY2560100CE.NFO,2025-05-21,14:40:00,2025-05-29,7.3,7.3,7.3,7.3,0,66240,0
BANKNIFTY29MAY2560100CE.NFO,2025-05-21,14:41:00,2025-05-29,7.3,7.3,7.3,7.3,0,66240,0
BANKNIFTY29MAY2560100CE.NFO,2025-05-21,14:42:00,2025-05-29,7.3,7.3,7.3,7.3,0,66240,0
BANKNIFTY29MAY2560100CE.NFO,2025-05-21,14:43:00,2025-05-29,7.3,7.3,7.3,7.3,0,66240,0
BANKNIFTY29MAY2560100CE.NFO,2025-05-21,14:44:00,2025-05-29,7.3,7.3,7.3,7.3,0,66240,0
BANKNIFTY29MAY2560100CE.NFO,2025-05-21,14:45:00,2025-05-29,7.3,7.3,7.3,7.3,0,66240,0
BANKNIFTY29MAY2560100CE.NFO,2025-05-21,14:46:00,2025-05-29,7.3,7.3,7.3,7.3,0,66240,0
BANKNIFTY29MAY2560100CE.NFO,2025-05-21,14:47:00,2025-05-29,7.3,7.3,7.3,7.3,0,66240,0
BANKNIFTY29MAY2560100CE.NFO,2025-05-21,14:48:00,2025-05-29,7.3,7.3,7.3,7.3,0,66240,0
BANKNIFTY29MAY2560100CE.NFO,2025-05-21,14:49:00,2025-05-29,7.3,7.3,7.3,7.3,0,66240,0
BANKNIFTY29MAY2560100CE.NFO,2025-05-21,14:50:00,2025-05-29,7.3,7.3,7.15,7.3,240,66210,0
BANKNIFTY29MAY2560100CE.NFO,2025-05-21,14:51:00,2025-05-29,7.3,7.3,7.2,7.2,90,66210,0
BANKNIFTY29MAY2560100CE.NFO,2025-05-21,14:52:00,2025-05-29,7.2,7.2,7.2,7.2,810,66390,0
BANKNIFTY29MAY2560100CE.NFO,2025-05-21,14:53:00,2025-05-29,7.2,7.2,7.2,7.2,0,66390,0
BANKNIFTY29MAY2560100CE.NFO,2025-05-21,14:54:00,2025-05-29,7.2,7.2,7.2,7.2,0,66390,0
BANKNIFTY29MAY2560100CE.NFO,2025-05-21,14:55:00,2025-05-29,7.2,7.2,7.2,7.2,0,66390,0
BANKNIFTY29MAY2560100CE.NFO,2025-05-21,14:56:00,2025-05-29,7.2,7.25,7.2,7.25,660,66480,0
BANKNIFTY29MAY2560100CE.NFO,2025-05-21,14:57:00,2025-05-29,7.25,7.25,7.2,7.2,540,66480,0
BANKNIFTY29MAY2560100CE.NFO,2025-05-21,14:58:00,2025-05-29,7.2,7.2,7.2,7.2,150,66480,0
BANKNIFTY29MAY2560100CE.NFO,2025-05-21,14:59:00,2025-05-29,7.2,7.2,7.2,7.2,0,66480,0
BANKNIFTY29MAY2560100CE.NFO,2025-05-21,15:00:00,2025-05-29,7.3,7.4,7.3,7.4,480,66180,0
BANKNIFTY29MAY2560100CE.NFO,2025-05-21,15:01:00,2025-05-29,7.4,7.4,7.4,7.4,450,66180,0
BANKNIFTY29MAY2560100CE.NFO,2025-05-21,15:02:00,2025-05-29,7.4,7.4,7.4,7.4,0,66180,0
BANKNIFTY29MAY2560100CE.NFO,2025-05-21,15:03:00,2025-05-29,7.4,7.4,7.4,7.4,600,66660,0
BANKNIFTY29MAY2560100CE.NFO,2025-05-21,15:04:00,2025-05-29,7.4,7.4,7.4,7.4,0,66660,0
BANKNIFTY29MAY2560100CE.NFO,2025-05-21,15:05:00,2025-05-29,7.4,7.4,7.4,7.4,0,66660,0
BANKNIFTY29MAY2560100CE.NFO,2025-05-21,15:06:00,2025-05-29,7.4,7.45,7.4,7.45,30,66840,0
BANKNIFTY29MAY2560100CE.NFO,2025-05-21,15:07:00,2025-05-29,7.45,7.45,7.45,7.45,0,66840,0
BANKNIFTY29MAY2560100CE.NFO,2025-05-21,15:08:00,2025-05-29,7.25,7.25,7.2,7.2,120,66870,0
BANKNIFTY29MAY2560100CE.NFO,2025-05-21,15:09:00,2025-05-29,7.2,7.2,7.2,7.2,60,66870,0
BANKNIFTY29MAY2560100CE.NFO,2025-05-21,15:10:00,2025-05-29,7.2,7.2,7.2,7.2,0,66870,0
BANKNIFTY29MAY2560100CE.NFO,2025-05-21,15:11:00,2025-05-29,7.2,7.2,7.2,7.2,0,66870,0
BANKNIFTY29MAY2560100CE.NFO,2025-05-21,15:12:00,2025-05-29,7.2,7.2,7.2,7.2,0,66870,0
BANKNIFTY29MAY2560100CE.NFO,2025-05-21,15:13:00,2025-05-29,7.2,7.2,7.2,7.2,0,66870,0
BANKNIFTY29MAY2560100CE.NFO,2025-05-21,15:14:00,2025-05-29,7.2,7.2,7.05,7.1,0,66870,0
BANKNIFTY29MAY2560100CE.NFO,2025-05-21,15:15:00,2025-05-29,7.1,7.1,7.05,7.1,600,66870,0
BANKNIFTY29MAY2560100CE.NFO,2025-05-21,15:16:00,2025-05-29,7.1,7.2,7.1,7.2,120,66870,0
BANKNIFTY29MAY2560100CE.NFO,2025-05-21,15:17:00,2025-05-29,7.2,7.2,7.2,7.2,0,66870,0
BANKNIFTY29MAY2560100CE.NFO,2025-05-21,15:18:00,2025-05-29,7.2,7.2,7.2,7.2,0,66870,0
BANKNIFTY29MAY2560100CE.NFO,2025-05-21,15:19:00,2025-05-29,7.2,7.2,7.2,7.2,0,66870,0
BANKNIFTY29MAY2560100CE.NFO,2025-05-21,15:20:00,2025-05-29,7.2,7.2,7.2,7.2,0,66870,0
BANKNIFTY29MAY2560100CE.NFO,2025-05-21,15:21:00,2025-05-29,7.2,7.25,7.2,7.25,330,66360,0
BANKNIFTY29MAY2560100CE.NFO,2025-05-21,15:22:00,2025-05-29,7.25,7.25,7.2,7.2,30,66360,0
BANKNIFTY29MAY2560100CE.NFO,2025-05-21,15:23:00,2025-05-29,7.2,7.35,7.2,7.3,1830,66360,0
BANKNIFTY29MAY2560100CE.NFO,2025-05-21,15:24:00,2025-05-29,7.3,7.35,7.25,7.3,2910,66360,0
BANKNIFTY29MAY2560100CE.NFO,2025-05-21,15:25:00,2025-05-29,7.3,7.35,7.15,7.2,810,65400,0
BANKNIFTY29MAY2560100CE.NFO,2025-05-21,15:26:00,2025-05-29,7.2,7.2,7.05,7.1,810,65400,0
BANKNIFTY29MAY2560100CE.NFO,2025-05-21,15:27:00,2025-05-29,7.1,7.15,7.1,7.15,390,65400,0
BANKNIFTY29MAY2560100CE.NFO,2025-05-21,15:28:00,2025-05-29,7.15,7.15,7.15,7.15,120,65400,0
BANKNIFTY29MAY2560100CE.NFO,2025-05-21,15:29:00,2025-05-29,7.15,7.25,6.95,6.95,1170,66030,0
BANKNIFTY29MAY2560100CE.NFO,2025-05-21,15:30:00,2025-05-29,6.95,6.95,6.95,6.95,1170,66030,1
BANKNIFTY29MAY2560100CE.NFO,2025-05-22,09:15:00,2025-05-29,8.2,8.2,6.15,6.55,1740,67320,0
BANKNIFTY29MAY2560100CE.NFO,2025-05-22,09:16:00,2025-05-29,6.55,6.8,6.55,6.65,1140,67320,0
BANKNIFTY29MAY2560100CE.NFO,2025-05-22,09:17:00,2025-05-29,6.65,6.65,6.6,6.65,540,67320,0
BANKNIFTY29MAY2560100CE.NFO,2025-05-22,09:18:00,2025-05-29,6.65,6.65,6.45,6.5,840,67170,0
BANKNIFTY29MAY2560100CE.NFO,2025-05-22,09:19:00,2025-05-29,6.5,6.75,6.4,6.7,960,67170,0
BANKNIFTY29MAY2560100CE.NFO,2025-05-22,09:20:00,2025-05-29,6.7,6.85,6.7,6.85,120,67170,0
BANKNIFTY29MAY2560100CE.NFO,2025-05-22,09:21:00,2025-05-29,6.85,6.85,6.85,6.85,0,67170,0
BANKNIFTY29MAY2560100CE.NFO,2025-05-22,09:22:00,2025-05-29,6.85,6.85,6.4,6.4,180,66030,0
BANKNIFTY29MAY2560100CE.NFO,2025-05-22,09:23:00,2025-05-29,6.4,6.4,6.4,6.4,0,66030,0
BANKNIFTY29MAY2560100CE.NFO,2025-05-22,09:24:00,2025-05-29,6.4,6.4,6.4,6.4,0,66030,0
BANKNIFTY29MAY2560100CE.NFO,2025-05-22,09:25:00,2025-05-29,6.4,6.65,6.4,6.65,90,65910,0
BANKNIFTY29MAY2560100CE.NFO,2025-05-22,09:26:00,2025-05-29,6.65,6.65,6.65,6.65,0,65910,0
BANKNIFTY29MAY2560100CE.NFO,2025-05-22,09:27:00,2025-05-29,6.65,6.8,6.65,6.8,150,65910,0
BANKNIFTY29MAY2560100CE.NFO,2025-05-22,09:28:00,2025-05-29,6.65,6.65,6.55,6.55,210,65910,0
BANKNIFTY29MAY2560100CE.NFO,2025-05-22,09:29:00,2025-05-29,6.55,6.55,6.2,6.55,180,65910,0
BANKNIFTY29MAY2560100CE.NFO,2025-05-22,09:30:00,2025-05-29,6.55,6.55,6.55,6.55,0,65910,0
BANKNIFTY29MAY2560100CE.NFO,2025-05-22,09:31:00,2025-05-29,6.55,6.55,6.25,6.25,210,65820,0
BANKNIFTY29MAY2560100CE.NFO,2025-05-22,09:32:00,2025-05-29,6.25,6.6,6.25,6.6,180,65820,0
BANKNIFTY29MAY2560100CE.NFO,2025-05-22,09:33:00,2025-05-29,6.6,6.7,6.4,6.7,270,65820,0
BANKNIFTY29MAY2560100CE.NFO,2025-05-22,09:34:00,2025-05-29,6.4,6.7,6.4,6.55,210,65850,0
BANKNIFTY29MAY2560100CE.NFO,2025-05-22,09:35:00,2025-05-29,6.55,6.95,6.55,6.9,960,65850,0
BANKNIFTY29MAY2560100CE.NFO,2025-05-22,09:36:00,2025-05-29,6.9,7.1,6.65,7.05,270,65850,0
BANKNIFTY29MAY2560100CE.NFO,2025-05-22,09:37:00,2025-05-29,7.05,7.25,7.0,7.0,150,65820,0
BANKNIFTY29MAY2560100CE.NFO,2025-05-22,09:38:00,2025-05-29,7.0,7.0,7.0,7.0,0,65820,0
BANKNIFTY29MAY2560100CE.NFO,2025-05-22,09:39:00,2025-05-29,7.0,7.0,6.95,6.95,60,65820,0
BANKNIFTY29MAY2560100CE.NFO,2025-05-22,09:40:00,2025-05-29,6.95,7.15,6.95,7.15,30,65850,0
BANKNIFTY29MAY2560100CE.NFO,2025-05-22,09:41:00,2025-05-29,7.15,7.35,7.15,7.35,120,65850,0
BANKNIFTY29MAY2560100CE.NFO,2025-05-22,09:42:00,2025-05-29,7.35,7.45,7.35,7.35,1440,65850,0
BANKNIFTY29MAY2560100CE.NFO,2025-05-22,09:43:00,2025-05-29,7.35,7.7,7.35,7.7,90,65040,0
BANKNIFTY29MAY2560100CE.NFO,2025-05-22,09:44:00,2025-05-29,7.7,7.7,7.7,7.7,0,65040,0
BANKNIFTY29MAY2560100CE.NFO,2025-05-22,09:45:00,2025-05-29,7.7,7.7,7.6,7.65,690,64200,0
BANKNIFTY29MAY2560100CE.NFO,2025-05-22,09:46:00,2025-05-29,7.65,7.65,7.55,7.65,1350,64200,0
BANKNIFTY29MAY2560100CE.NFO,2025-05-22,09:47:00,2025-05-29,7.65,7.7,7.5,7.5,150,64200,0
BANKNIFTY29MAY2560100CE.NFO,2025-05-22,09:48:00,2025-05-29,7.5,7.75,7.5,7.75,30,64200,0
BANKNIFTY29MAY2560100CE.NFO,2025-05-22,09:49:00,2025-05-29,7.75,8.35,7.75,8.15,1650,63180,0
BANKNIFTY29MAY2560100CE.NFO,2025-05-22,09:50:00,2025-05-29,8.15,8.15,8.0,8.0,780,63180,0
BANKNIFTY29MAY2560100CE.NFO,2025-05-22,09:51:00,2025-05-29,8.0,8.1,7.95,8.1,2040,63180,0
BANKNIFTY29MAY2560100CE.NFO,2025-05-22,09:52:00,2025-05-29,8.1,8.45,8.05,8.45,600,61230,0
BANKNIFTY29MAY2560100CE.NFO,2025-05-22,09:53:00,2025-05-29,8.45,8.45,8.45,8.45,0,61230,0
BANKNIFTY29MAY2560100CE.NFO,2025-05-22,09:54:00,2025-05-29,8.45,8.45,8.45,8.45,0,61230,0
BANKNIFTY29MAY2560100CE.NFO,2025-05-22,09:55:00,2025-05-29,8.45,8.95,8.45,8.9,2370,60720,0
BANKNIFTY29MAY2560100CE.NFO,2025-05-22,09:56:00,2025-05-29,8.9,8.95,8.9,8.95,870,60720,0
BANKNIFTY29MAY2560100CE.NFO,2025-05-22,09:57:00,2025-05-29,8.95,8.95,8.7,8.7,1410,60720,0
BANKNIFTY29MAY2560100CE.NFO,2025-05-22,09:58:00,2025-05-29,8.7,9.0,8.7,8.85,2430,61050,0
BANKNIFTY29MAY2560100CE.NFO,2025-05-22,09:59:00,2025-05-29,8.85,9.1,8.85,8.95,180,61050,0
BANKNIFTY29MAY2560100CE.NFO,2025-05-22,10:00:00,2025-05-29,8.95,8.95,8.9,8.9,150,61050,0
BANKNIFTY29MAY2560100CE.NFO,2025-05-22,10:01:00,2025-05-29,8.9,8.9,8.9,8.9,0,61050,0
BANKNIFTY29MAY2560100CE.NFO,2025-05-22,10:02:00,2025-05-29,8.9,8.9,8.5,8.55,60,60090,0
BANKNIFTY29MAY2560100CE.NFO,2025-05-22,10:03:00,2025-05-29,8.55,8.65,8.55,8.65,90,60090,0
BANKNIFTY29MAY2560100CE.NFO,2025-05-22,10:04:00,2025-05-29,8.45,8.45,8.45,8.45,210,60000,0
BANKNIFTY29MAY2560100CE.NFO,2025-05-22,10:05:00,2025-05-29,8.2,8.2,8.05,8.05,810,60000,0
BANKNIFTY29MAY2560100CE.NFO,2025-05-22,10:06:00,2025-05-29,8.05,8.15,8.05,8.1,300,60000,0
BANKNIFTY29MAY2560100CE.NFO,2025-05-22,10:07:00,2025-05-29,8.1,8.1,8.05,8.05,60,60570,0
BANKNIFTY29MAY2560100CE.NFO,2025-05-22,10:08:00,2025-05-29,8.05,8.1,7.95,8.0,1050,60570,0
BANKNIFTY29MAY2560100CE.NFO,2025-05-22,10:09:00,2025-05-29,8.0,8.05,7.95,8.0,1170,60570,0
BANKNIFTY29MAY2560100CE.NFO,2025-05-22,10:10:00,2025-05-29,8.0,8.0,7.85,7.95,540,61170,0
BANKNIFTY29MAY2560100CE.NFO,2025-05-22,10:11:00,2025-05-29,7.95,8.15,7.95,8.15,1140,61170,0
BANKNIFTY29MAY2560100CE.NFO,2025-05-22,10:12:00,2025-05-29,8.15,8.3,8.15,8.3,1260,61170,0
BANKNIFTY29MAY2560100CE.NFO,2025-05-22,10:13:00,2025-05-29,8.3,8.35,8.3,8.35,930,60510,0
BANKNIFTY29MAY2560100CE.NFO,2025-05-22,10:14:00,2025-05-29,8.35,8.35,8.25,8.25,330,60510,0
BANKNIFTY29MAY2560100CE.NFO,2025-05-22,10:15:00,2025-05-29,8.25,8.25,8.25,8.25,30,60510,0
BANKNIFTY29MAY2560100CE.NFO,2025-05-22,10:16:00,2025-05-29,8.25,8.3,8.25,8.3,30,59670,0
BANKNIFTY29MAY2560100CE.NFO,2025-05-22,10:17:00,2025-05-29,8.3,8.3,8.25,8.25,420,59670,0
BANKNIFTY29MAY2560100CE.NFO,2025-05-22,10:18:00,2025-05-29,8.25,8.3,8.2,8.3,690,59670,0
BANKNIFTY29MAY2560100CE.NFO,2025-05-22,10:19:00,2025-05-29,8.3,8.3,8.3,8.3,0,59670,0
BANKNIFTY29MAY2560100CE.NFO,2025-05-22,10:20:00,2025-05-29,8.3,8.3,8.3,8.3,0,59670,0
BANKNIFTY29MAY2560100CE.NFO,2025-05-22,10:21:00,2025-05-29,8.3,8.3,8.3,8.3,0,59670,0
BANKNIFTY29MAY2560100CE.NFO,2025-05-22,10:22:00,2025-05-29,8.3,8.3,8.3,8.3,0,59670,0
BANKNIFTY29MAY2560100CE.NFO,2025-05-22,10:23:00,2025-05-29,8.3,8.35,8.3,8.35,390,59760,0
BANKNIFTY29MAY2560100CE.NFO,2025-05-22,10:24:00,2025-05-29,8.35,8.35,8.35,8.35,0,59760,0
BANKNIFTY29MAY2560100CE.NFO,2025-05-22,10:25:00,2025-05-29,8.35,8.45,8.35,8.45,0,60150,0
BANKNIFTY29MAY2560100CE.NFO,2025-05-22,10:26:00,2025-05-29,8.45,8.45,8.45,8.45,30,60150,0
BANKNIFTY29MAY2560100CE.NFO,2025-05-22,10:27:00,2025-05-29,8.45,8.45,8.45,8.45,0,60150,0
BANKNIFTY29MAY2560100CE.NFO,2025-05-22,10:28:00,2025-05-29,8.45,8.65,8.45,8.65,600,60150,0
BANKNIFTY29MAY2560100CE.NFO,2025-05-22,10:29:00,2025-05-29,8.65,8.65,8.65,8.65,0,60150,0
BANKNIFTY29MAY2560100CE.NFO,2025-05-22,10:30:00,2025-05-29,8.65,8.65,8.65,8.65,0,60150,0
BANKNIFTY29MAY2560100CE.NFO,2025-05-22,10:31:00,2025-05-29,8.65,8.65,8.65,8.65,0,60150,0
BANKNIFTY29MAY2560100CE.NFO,2025-05-22,10:32:00,2025-05-29,8.65,8.65,8.65,8.65,0,60150,0
BANKNIFTY29MAY2560100CE.NFO,2025-05-22,10:33:00,2025-05-29,8.65,8.65,8.65,8.65,0,60150,0
BANKNIFTY29MAY2560100CE.NFO,2025-05-22,10:34:00,2025-05-29,8.65,8.65,8.65,8.65,0,60150,0
BANKNIFTY29MAY2560100CE.NFO,2025-05-22,10:35:00,2025-05-29,8.65,8.7,8.65,8.7,0,59550,0
BANKNIFTY29MAY2560100CE.NFO,2025-05-22,10:36:00,2025-05-29,8.7,8.7,8.7,8.7,60,59550,0
BANKNIFTY29MAY2560100CE.NFO,2025-05-22,10:37:00,2025-05-29,8.7,8.7,8.7,8.7,0,59550,0
BANKNIFTY29MAY2560100CE.NFO,2025-05-22,10:38:00,2025-05-29,8.7,8.7,8.7,8.7,0,59550,0
BANKNIFTY29MAY2560100CE.NFO,2025-05-22,10:39:00,2025-05-29,8.7,9.05,8.7,9.0,0,59520,0
BANKNIFTY29MAY2560100CE.NFO,2025-05-22,10:40:00,2025-05-29,9.0,9.0,9.0,9.0,150,59520,0
BANKNIFTY29MAY2560100CE.NFO,2025-05-22,10:41:00,2025-05-29,9.0,9.0,8.85,8.9,60,59520,0
BANKNIFTY29MAY2560100CE.NFO,2025-05-22,10:42:00,2025-05-29,8.9,8.9,8.9,8.9,0,59520,0
BANKNIFTY29MAY2560100CE.NFO,2025-05-22,10:43:00,2025-05-29,8.9,8.9,8.9,8.9,0,59520,0
BANKNIFTY29MAY2560100CE.NFO,2025-05-22,10:44:00,2025-05-29,8.8,8.8,8.8,8.8,270,59550,0
BANKNIFTY29MAY2560100CE.NFO,2025-05-22,10:45:00,2025-05-29,8.8,8.8,8.75,8.75,450,59550,0
BANKNIFTY29MAY2560100CE.NFO,2025-05-22,10:46:00,2025-05-29,8.75,8.75,8.75,8.75,0,59550,0
BANKNIFTY29MAY2560100CE.NFO,2025-05-22,10:47:00,2025-05-29,8.75,8.9,8.75,8.9,240,59550,0
BANKNIFTY29MAY2560100CE.NFO,2025-05-22,10:48:00,2025-05-29,8.9,9.0,8.8,9.0,150,59550,0
BANKNIFTY29MAY2560100CE.NFO,2025-05-22,10:49:00,2025-05-29,9.0,9.0,9.0,9.0,120,59550,0
BANKNIFTY29MAY2560100CE.NFO,2025-05-22,10:50:00,2025-05-29,9.0,9.0,9.0,9.0,0,59550,0
BANKNIFTY29MAY2560100CE.NFO,2025-05-22,10:51:00,2025-05-29,9.0,9.0,9.0,9.0,150,59520,0
BANKNIFTY29MAY2560100CE.NFO,2025-05-22,10:52:00,2025-05-29,9.0,9.0,9.0,9.0,0,59520,0
BANKNIFTY29MAY2560100CE.NFO,2025-05-22,10:53:00,2025-05-29,9.0,9.0,9.0,9.0,0,59520,0
BANKNIFTY29MAY2560100CE.NFO,2025-05-22,10:54:00,2025-05-29,9.0,9.0,9.0,9.0,0,59520,0
BANKNIFTY29MAY2560100CE.NFO,2025-05-22,10:55:00,2025-05-29,9.0,9.0,9.0,9.0,0,59520,0
BANKNIFTY29MAY2560100CE.NFO,2025-05-22,10:56:00,2025-05-29,9.0,9.0,9.0,9.0,0,59520,0
BANKNIFTY29MAY2560100CE.NFO,2025-05-22,10:57:00,2025-05-29,9.0,9.1,9.0,9.1,0,59520,0
BANKNIFTY29MAY2560100CE.NFO,2025-05-22,10:58:00,2025-05-29,9.1,9.1,9.1,9.1,240,59520,0
BANKNIFTY29MAY2560100CE.NFO,2025-05-22,10:59:00,2025-05-29,9.1,9.1,9.1,9.1,0,59520,0
BANKNIFTY29MAY2560100CE.NFO,2025-05-22,11:00:00,2025-05-29,9.1,9.1,9.1,9.1,0,59520,0
BANKNIFTY29MAY2560100CE.NFO,2025-05-22,11:01:00,2025-05-29,9.1,9.1,9.1,9.1,0,59520,0
BANKNIFTY29MAY2560100CE.NFO,2025-05-22,11:02:00,2025-05-29,9.1,9.25,9.1,9.25,180,59520,0
BANKNIFTY29MAY2560100CE.NFO,2025-05-22,11:03:00,2025-05-29,9.25,9.35,9.25,9.35,960,59520,0
BANKNIFTY29MAY2560100CE.NFO,2025-05-22,11:04:00,2025-05-29,9.35,9.35,9.25,9.25,60,58560,0
BANKNIFTY29MAY2560100CE.NFO,2025-05-22,11:05:00,2025-05-29,9.25,9.35,9.25,9.3,510,58560,0
BANKNIFTY29MAY2560100CE.NFO,2025-05-22,11:06:00,2025-05-29,9.3,9.3,9.3,9.3,30,58560,0
BANKNIFTY29MAY2560100CE.NFO,2025-05-22,11:07:00,2025-05-29,9.25,9.25,9.25,9.25,60,58560,0
BANKNIFTY29MAY2560100CE.NFO,2025-05-22,11:08:00,2025-05-29,9.25,9.45,9.25,9.45,0,58590,0
BANKNIFTY29MAY2560100CE.NFO,2025-05-22,11:09:00,2025-05-29,9.45,9.6,9.45,9.6,3180,58590,0
BANKNIFTY29MAY2560100CE.NFO,2025-05-22,11:10:00,2025-05-29,9.6,9.6,9.6,9.6,0,58590,0
BANKNIFTY29MAY2560100CE.NFO,2025-05-22,11:11:00,2025-05-29,9.6,9.6,9.6,9.6,30,55830,0
BANKNIFTY29MAY2560100CE.NFO,2025-05-22,11:12:00,2025-05-29,9.6,9.7,9.6,9.65,540,55830,0
BANKNIFTY29MAY2560100CE.NFO,2025-05-22,11:13:00,2025-05-29,9.65,9.65,9.65,9.65,0,55830,0
BANKNIFTY29MAY2560100CE.NFO,2025-05-22,11:14:00,2025-05-29,9.65,9.65,9.65,9.65,0,55830,0
BANKNIFTY29MAY2560100CE.NFO,2025-05-22,11:15:00,2025-05-29,9.65,9.65,9.65,9.65,0,55830,0
BANKNIFTY29MAY2560100CE.NFO,2025-05-22,11:16:00,2025-05-29,9.65,9.65,9.65,9.65,0,55830,0
BANKNIFTY29MAY2560100CE.NFO,2025-05-22,11:17:00,2025-05-29,9.65,9.65,9.65,9.65,30,55920,0
BANKNIFTY29MAY2560100CE.NFO,2025-05-22,11:18:00,2025-05-29,9.65,9.65,9.65,9.65,0,55920,0
BANKNIFTY29MAY2560100CE.NFO,2025-05-22,11:19:00,2025-05-29,9.65,9.65,9.65,9.65,0,55920,0
BANKNIFTY29MAY2560100CE.NFO,2025-05-22,11:20:00,2025-05-29,9.65,10.25,9.65,9.9,90,55890,0
BANKNIFTY29MAY2560100CE.NFO,2025-05-22,11:21:00,2025-05-29,9.9,9.9,9.9,9.9,0,55890,0
BANKNIFTY29MAY2560100CE.NFO,2025-05-22,11:22:00,2025-05-29,9.9,9.9,9.9,9.9,0,55890,0
BANKNIFTY29MAY2560100CE.NFO,2025-05-22,11:23:00,2025-05-29,9.9,9.9,9.9,9.9,0,55890,0
BANKNIFTY29MAY2560100CE.NFO,2025-05-22,11:24:00,2025-05-29,9.9,9.9,9.75,9.8,0,55890,0
BANKNIFTY29MAY2560100CE.NFO,2025-05-22,11:25:00,2025-05-29,9.8,9.8,9.6,9.6,360,55830,0
BANKNIFTY29MAY2560100CE.NFO,2025-05-22,11:26:00,2025-05-29,9.65,9.65,9.5,9.55,510,55830,0
BANKNIFTY29MAY2560100CE.NFO,2025-05-22,11:27:00,2025-05-29,9.55,9.6,9.55,9.6,60,55830,0
BANKNIFTY29MAY2560100CE.NFO,2025-05-22,11:28:00,2025-05-29,9.6,9.6,9.5,9.5,390,55890,0
BANKNIFTY29MAY2560100CE.NFO,2025-05-22,11:29:00,2025-05-29,9.5,9.5,9.5,9.5,0,55890,0
BANKNIFTY29MAY2560100CE.NFO,2025-05-22,11:30:00,2025-05-29,9.5,9.5,9.5,9.5,0,55890,0
BANKNIFTY29MAY2560100CE.NFO,2025-05-22,11:31:00,2025-05-29,9.5,9.5,9.5,9.5,0,55890,0
BANKNIFTY29MAY2560100CE.NFO,2025-05-22,11:32:00,2025-05-29,9.5,9.5,9.5,9.5,0,55890,0
BANKNIFTY29MAY2560100CE.NFO,2025-05-22,11:33:00,2025-05-29,9.5,9.5,9.5,9.5,0,55890,0
BANKNIFTY29MAY2560100CE.NFO,2025-05-22,11:34:00,2025-05-29,9.5,9.5,9.3,9.3,0,55560,0
BANKNIFTY29MAY2560100CE.NFO,2025-05-22,11:35:00,2025-05-29,9.3,9.3,8.9,8.9,30,55560,0
BANKNIFTY29MAY2560100CE.NFO,2025-05-22,11:36:00,2025-05-29,8.9,8.9,8.85,8.85,60,55560,0
BANKNIFTY29MAY2560100CE.NFO,2025-05-22,11:37:00,2025-05-29,8.85,8.85,8.85,8.85,60,55560,0
BANKNIFTY29MAY2560100CE.NFO,2025-05-22,11:38:00,2025-05-29,8.85,8.85,8.8,8.85,150,55560,0
BANKNIFTY29MAY2560100CE.NFO,2025-05-22,11:39:00,2025-05-29,8.85,8.85,8.85,8.85,0,55560,0
BANKNIFTY29MAY2560100CE.NFO,2025-05-22,11:40:00,2025-05-29,8.85,8.85,8.85,8.85,0,55560,0
BANKNIFTY29MAY2560100CE.NFO,2025-05-22,11:41:00,2025-05-29,8.85,8.85,8.85,8.85,0,55560,0
BANKNIFTY29MAY2560100CE.NFO,2025-05-22,11:42:00,2025-05-29,8.85,8.85,8.85,8.85,30,55710,0
BANKNIFTY29MAY2560100CE.NFO,2025-05-22,11:43:00,2025-05-29,8.85,8.85,8.85,8.85,0,55710,0
BANKNIFTY29MAY2560100CE.NFO,2025-05-22,11:44:00,2025-05-29,8.85,8.85,8.85,8.85,0,55710,0
BANKNIFTY29MAY2560100CE.NFO,2025-05-22,11:45:00,2025-05-29,8.85,8.85,8.85,8.85,0,55710,0
BANKNIFTY29MAY2560100CE.NFO,2025-05-22,11:46:00,2025-05-29,8.85,8.95,8.85,8.95,210,55680,0
BANKNIFTY29MAY2560100CE.NFO,2025-05-22,11:47:00,2025-05-29,8.95,8.95,8.95,8.95,0,55680,0
BANKNIFTY29MAY2560100CE.NFO,2025-05-22,11:48:00,2025-05-29,8.95,8.95,8.9,8.9,120,55680,0
BANKNIFTY29MAY2560100CE.NFO,2025-05-22,11:49:00,2025-05-29,8.9,9.0,8.9,9.0,120,55680,0
BANKNIFTY29MAY2560100CE.NFO,2025-05-22,11:50:00,2025-05-29,9.0,9.0,8.95,8.95,0,55680,0
BANKNIFTY29MAY2560100CE.NFO,2025-05-22,11:51:00,2025-05-29,8.95,9.1,8.95,9.1,120,55680,0
BANKNIFTY29MAY2560100CE.NFO,2025-05-22,11:52:00,2025-05-29,9.1,9.1,8.9,8.9,60,55680,0
BANKNIFTY29MAY2560100CE.NFO,2025-05-22,11:53:00,2025-05-29,8.9,8.9,8.9,8.9,0,55680,0
BANKNIFTY29MAY2560100CE.NFO,2025-05-22,11:54:00,2025-05-29,8.9,9.0,8.9,9.0,0,55680,0
BANKNIFTY29MAY2560100CE.NFO,2025-05-22,11:55:00,2025-05-29,9.0,9.0,9.0,9.0,150,55680,0
BANKNIFTY29MAY2560100CE.NFO,2025-05-22,11:56:00,2025-05-29,9.0,9.0,9.0,9.0,0,55680,0
BANKNIFTY29MAY2560100CE.NFO,2025-05-22,11:57:00,2025-05-29,9.0,9.0,8.45,8.45,90,55650,0
BANKNIFTY29MAY2560100CE.NFO,2025-05-22,11:58:00,2025-05-29,8.45,8.45,8.45,8.45,0,55650,0
BANKNIFTY29MAY2560100CE.NFO,2025-05-22,11:59:00,2025-05-29,8.45,8.5,8.1,8.35,2160,55650,0
BANKNIFTY29MAY2560100CE.NFO,2025-05-22,12:00:00,2025-05-29,8.1,8.1,8.0,8.0,4980,55650,0
BANKNIFTY29MAY2560100CE.NFO,2025-05-22,12:01:00,2025-05-29,8.0,8.1,7.9,8.1,3120,60120,0
BANKNIFTY29MAY2560100CE.NFO,2025-05-22,12:02:00,2025-05-29,8.1,8.1,8.0,8.0,3960,60120,0
BANKNIFTY29MAY2560100CE.NFO,2025-05-22,12:03:00,2025-05-29,8.0,8.0,7.9,7.9,2280,60120,0
BANKNIFTY29MAY2560100CE.NFO,2025-05-22,12:04:00,2025-05-29,7.9,7.9,7.8,7.8,1950,67890,0
BANKNIFTY29MAY2560100CE.NFO,2025-05-22,12:05:00,2025-05-29,7.8,7.8,7.75,7.8,3150,67890,0
BANKNIFTY29MAY2560100CE.NFO,2025-05-22,12:06:00,2025-05-29,7.8,7.85,7.8,7.85,1950,67890,0
BANKNIFTY29MAY2560100CE.NFO,2025-05-22,12:07:00,2025-05-29,7.85,7.85,7.8,7.85,1320,68730,0
BANKNIFTY29MAY2560100CE.NFO,2025-05-22,12:08:00,2025-05-29,7.85,7.85,7.85,7.85,0,68730,0
BANKNIFTY29MAY2560100CE.NFO,2025-05-22,12:09:00,2025-05-29,7.85,7.9,7.75,7.9,2940,68730,0
BANKNIFTY29MAY2560100CE.NFO,2025-05-22,12:10:00,2025-05-29,7.9,7.9,7.9,7.9,30,68730,0
BANKNIFTY29MAY2560100CE.NFO,2025-05-22,12:11:00,2025-05-29,7.75,7.75,7.75,7.75,270,69090,0
BANKNIFTY29MAY2560100CE.NFO,2025-05-22,12:12:00,2025-05-29,7.75,7.75,7.75,7.75,0,69090,0
BANKNIFTY29MAY2560100CE.NFO,2025-05-22,12:13:00,2025-05-29,7.75,7.85,7.7,7.75,2610,69240,0
BANKNIFTY29MAY2560100CE.NFO,2025-05-22,12:14:00,2025-05-29,7.75,7.75,7.7,7.7,1050,69240,0
BANKNIFTY29MAY2560100CE.NFO,2025-05-22,12:15:00,2025-05-29,7.7,7.95,7.7,7.8,3150,69240,0
BANKNIFTY29MAY2560100CE.NFO,2025-05-22,12:16:00,2025-05-29,7.8,7.8,7.8,7.8,600,69570,0
BANKNIFTY29MAY2560100CE.NFO,2025-05-22,12:17:00,2025-05-29,7.8,7.9,7.75,7.75,3210,69570,0
BANKNIFTY29MAY2560100CE.NFO,2025-05-22,12:18:00,2025-05-29,7.75,7.75,7.75,7.75,0,69570,0
BANKNIFTY29MAY2560100CE.NFO,2025-05-22,12:19:00,2025-05-29,7.75,7.75,7.75,7.75,0,69570,0
BANKNIFTY29MAY2560100CE.NFO,2025-05-22,12:20:00,2025-05-29,7.75,7.75,7.75,7.75,0,69570,0
BANKNIFTY29MAY2560100CE.NFO,2025-05-22,12:21:00,2025-05-29,7.75,8.05,7.75,8.05,3300,70560,0
BANKNIFTY29MAY2560100CE.NFO,2025-05-22,12:22:00,2025-05-29,8.05,8.05,8.0,8.0,0,71400,0
BANKNIFTY29MAY2560100CE.NFO,2025-05-22,12:23:00,2025-05-29,8.0,8.0,7.85,7.85,120,71400,0
BANKNIFTY29MAY2560100CE.NFO,2025-05-22,12:24:00,2025-05-29,7.85,7.85,7.85,7.85,0,71400,0
BANKNIFTY29MAY2560100CE.NFO,2025-05-22,12:25:00,2025-05-29,7.85,7.85,7.85,7.85,0,71400,0
BANKNIFTY29MAY2560100CE.NFO,2025-05-22,12:26:00,2025-05-29,7.85,7.85,7.85,7.85,0,71400,0
BANKNIFTY29MAY2560100CE.NFO,2025-05-22,12:27:00,2025-05-29,7.9,7.9,7.9,7.9,450,71310,0
BANKNIFTY29MAY2560100CE.NFO,2025-05-22,12:28:00,2025-05-29,7.9,8.0,7.9,8.0,60,71190,0
BANKNIFTY29MAY2560100CE.NFO,2025-05-22,12:29:00,2025-05-29,8.0,8.0,7.95,7.95,540,71190,0
BANKNIFTY29MAY2560100CE.NFO,2025-05-22,12:30:00,2025-05-29,7.95,8.0,7.95,8.0,1470,71190,0
BANKNIFTY29MAY2560100CE.NFO,2025-05-22,12:31:00,2025-05-29,8.0,8.15,8.0,8.15,270,71610,0
BANKNIFTY29MAY2560100CE.NFO,2025-05-22,12:32:00,2025-05-29,8.15,8.15,8.15,8.15,0,71610,0
BANKNIFTY29MAY2560100CE.NFO,2025-05-22,12:33:00,2025-05-29,8.15,8.15,7.85,8.05,300,71610,0
BANKNIFTY29MAY2560100CE.NFO,2025-05-22,12:34:00,2025-05-29,8.05,8.05,8.05,8.05,0,71610,0
BANKNIFTY29MAY2560100CE.NFO,2025-05-22,12:35:00,2025-05-29,8.0,8.2,8.0,8.2,210,71910,0
BANKNIFTY29MAY2560100CE.NFO,2025-05-22,12:36:00,2025-05-29,8.2,8.2,8.1,8.1,1560,71910,0
BANKNIFTY29MAY2560100CE.NFO,2025-05-22,12:37:00,2025-05-29,8.1,8.1,8.05,8.05,210,71430,0
BANKNIFTY29MAY2560100CE.NFO,2025-05-22,12:38:00,2025-05-29,8.05,8.05,8.0,8.0,630,71430,0
BANKNIFTY29MAY2560100CE.NFO,2025-05-22,12:39:00,2025-05-29,8.05,8.05,8.0,8.0,1770,71430,0
BANKNIFTY29MAY2560100CE.NFO,2025-05-22,12:40:00,2025-05-29,8.0,8.05,8.0,8.05,0,73740,0
BANKNIFTY29MAY2560100CE.NFO,2025-05-22,12:41:00,2025-05-29,8.05,8.05,8.05,8.05,30,73740,0
BANKNIFTY29MAY2560100CE.NFO,2025-05-22,12:42:00,2025-05-29,8.05,8.05,7.9,7.95,60,73740,0
BANKNIFTY29MAY2560100CE.NFO,2025-05-22,12:43:00,2025-05-29,7.95,7.95,7.85,7.9,810,73740,0
BANKNIFTY29MAY2560100CE.NFO,2025-05-22,12:44:00,2025-05-29,7.9,7.9,7.9,7.9,0,73740,0
BANKNIFTY29MAY2560100CE.NFO,2025-05-22,12:45:00,2025-05-29,7.9,7.9,7.9,7.9,0,73740,0
BANKNIFTY29MAY2560100CE.NFO,2025-05-22,12:46:00,2025-05-29,7.9,7.95,7.9,7.95,300,73740,0
BANKNIFTY29MAY2560100CE.NFO,2025-05-22,12:47:00,2025-05-29,7.9,7.9,7.9,7.9,30,74370,0
BANKNIFTY29MAY2560100CE.NFO,2025-05-22,12:48:00,2025-05-29,7.75,7.8,7.75,7.8,990,74370,0
BANKNIFTY29MAY2560100CE.NFO,2025-05-22,12:49:00,2025-05-29,7.8,7.8,7.8,7.8,0,74370,0
BANKNIFTY29MAY2560100CE.NFO,2025-05-22,12:50:00,2025-05-29,7.8,7.8,7.8,7.8,0,74370,0
BANKNIFTY29MAY2560100CE.NFO,2025-05-22,12:51:00,2025-05-29,7.8,7.85,7.8,7.85,30,75210,0
BANKNIFTY29MAY2560100CE.NFO,2025-05-22,12:52:00,2025-05-29,7.85,7.85,7.85,7.85,120,75210,0
BANKNIFTY29MAY2560100CE.NFO,2025-05-22,12:53:00,2025-05-29,7.85,7.85,7.85,7.85,0,75210,0
BANKNIFTY29MAY2560100CE.NFO,2025-05-22,12:54:00,2025-05-29,7.85,7.85,7.85,7.85,0,75210,0
BANKNIFTY29MAY2560100CE.NFO,2025-05-22,12:55:00,2025-05-29,7.85,7.85,7.85,7.85,0,75210,0
BANKNIFTY29MAY2560100CE.NFO,2025-05-22,12:56:00,2025-05-29,7.85,7.85,7.85,7.85,0,75210,0
BANKNIFTY29MAY2560100CE.NFO,2025-05-22,12:57:00,2025-05-29,7.85,7.85,7.85,7.85,0,75210,0
BANKNIFTY29MAY2560100CE.NFO,2025-05-22,12:58:00,2025-05-29,7.7,7.7,7.7,7.7,270,75240,0
BANKNIFTY29MAY2560100CE.NFO,2025-05-22,12:59:00,2025-05-29,7.8,8.0,7.8,8.0,3510,75240,0
BANKNIFTY29MAY2560100CE.NFO,2025-05-22,13:00:00,2025-05-29,8.0,8.0,8.0,8.0,0,75240,0
BANKNIFTY29MAY2560100CE.NFO,2025-05-22,13:01:00,2025-05-29,8.0,8.0,8.0,8.0,0,75240,0
BANKNIFTY29MAY2560100CE.NFO,2025-05-22,13:02:00,2025-05-29,7.9,8.0,7.9,8.0,1080,77070,0
BANKNIFTY29MAY2560100CE.NFO,2025-05-22,13:03:00,2025-05-29,8.0,8.0,8.0,8.0,0,77070,0
BANKNIFTY29MAY2560100CE.NFO,2025-05-22,13:04:00,2025-05-29,8.0,8.0,8.0,8.0,300,78090,0
BANKNIFTY29MAY2560100CE.NFO,2025-05-22,13:05:00,2025-05-29,8.05,8.05,8.0,8.05,300,78090,0
BANKNIFTY29MAY2560100CE.NFO,2025-05-22,13:06:00,2025-05-29,8.0,8.0,8.0,8.0,60,78090,0
BANKNIFTY29MAY2560100CE.NFO,2025-05-22,13:07:00,2025-05-29,8.0,8.05,8.0,8.05,330,78090,0
BANKNIFTY29MAY2560100CE.NFO,2025-05-22,13:08:00,2025-05-29,8.05,8.05,8.05,8.05,0,78090,0
BANKNIFTY29MAY2560100CE.NFO,2025-05-22,13:09:00,2025-05-29,8.05,8.1,8.05,8.1,210,78840,0
BANKNIFTY29MAY2560100CE.NFO,2025-05-22,13:10:00,2025-05-29,8.1,8.1,8.1,8.1,0,78840,0
BANKNIFTY29MAY2560100CE.NFO,2025-05-22,13:11:00,2025-05-29,8.1,8.1,8.1,8.1,0,78840,0
BANKNIFTY29MAY2560100CE.NFO,2025-05-22,13:12:00,2025-05-29,8.1,8.3,8.1,8.3,60,78810,0
BANKNIFTY29MAY2560100CE.NFO,2025-05-22,13:13:00,2025-05-29,8.3,8.3,8.3,8.3,0,78810,0
BANKNIFTY29MAY2560100CE.NFO,2025-05-22,13:14:00,2025-05-29,8.3,8.4,8.3,8.4,330,78870,0
BANKNIFTY29MAY2560100CE.NFO,2025-05-22,13:15:00,2025-05-29,8.4,8.65,8.3,8.65,810,78870,0
BANKNIFTY29MAY2560100CE.NFO,2025-05-22,13:16:00,2025-05-29,8.65,8.65,8.65,8.65,0,78870,0
BANKNIFTY29MAY2560100CE.NFO,2025-05-22,13:17:00,2025-05-29,8.65,8.65,8.65,8.65,0,78870,0
BANKNIFTY29MAY2560100CE.NFO,2025-05-22,13:18:00,2025-05-29,8.65,8.65,7.95,7.95,210,78480,0
BANKNIFTY29MAY2560100CE.NFO,2025-05-22,13:19:00,2025-05-29,7.95,7.95,7.9,7.9,60,78360,0
BANKNIFTY29MAY2560100CE.NFO,2025-05-22,13:20:00,2025-05-29,7.9,7.9,7.6,7.6,510,78360,0
BANKNIFTY29MAY2560100CE.NFO,2025-05-22,13:21:00,2025-05-29,7.6,7.7,7.5,7.5,30,78360,0
BANKNIFTY29MAY2560100CE.NFO,2025-05-22,13:22:00,2025-05-29,7.5,7.5,7.5,7.5,270,78360,0
BANKNIFTY29MAY2560100CE.NFO,2025-05-22,13:23:00,2025-05-29,7.5,7.55,7.5,7.55,30,78030,0
BANKNIFTY29MAY2560100CE.NFO,2025-05-22,13:24:00,2025-05-29,7.55,7.55,7.4,7.4,240,78030,0
BANKNIFTY29MAY2560100CE.NFO,2025-05-22,13:25:00,2025-05-29,7.4,7.4,7.4,7.4,0,78030,0
BANKNIFTY29MAY2560100CE.NFO,2025-05-22,13:26:00,2025-05-29,7.4,7.4,7.4,7.4,0,78030,0
BANKNIFTY29MAY2560100CE.NFO,2025-05-22,13:27:00,2025-05-29,7.4,7.45,7.35,7.45,0,77760,0
BANKNIFTY29MAY2560100CE.NFO,2025-05-22,13:28:00,2025-05-29,7.45,7.45,7.45,7.45,1020,77760,0
BANKNIFTY29MAY2560100CE.NFO,2025-05-22,13:29:00,2025-05-29,7.45,7.45,7.4,7.4,150,77280,0
BANKNIFTY29MAY2560100CE.NFO,2025-05-22,13:30:00,2025-05-29,7.4,7.45,7.4,7.45,180,77280,0
BANKNIFTY29MAY2560100CE.NFO,2025-05-22,13:31:00,2025-05-29,7.45,7.45,7.35,7.35,240,76830,0
BANKNIFTY29MAY2560100CE.NFO,2025-05-22,13:32:00,2025-05-29,7.35,7.35,7.35,7.35,180,76830,0
BANKNIFTY29MAY2560100CE.NFO,2025-05-22,13:33:00,2025-05-29,7.35,7.35,7.35,7.35,0,76830,0
BANKNIFTY29MAY2560100CE.NFO,2025-05-22,13:34:00,2025-05-29,7.35,7.35,7.2,7.3,150,76590,0
BANKNIFTY29MAY2560100CE.NFO,2025-05-22,13:35:00,2025-05-29,7.3,7.35,7.3,7.35,30,76590,0
BANKNIFTY29MAY2560100CE.NFO,2025-05-22,13:36:00,2025-05-29,7.35,7.4,7.35,7.35,420,76590,0
BANKNIFTY29MAY2560100CE.NFO,2025-05-22,13:37:00,2025-05-29,7.35,7.35,7.35,7.35,0,76590,0
BANKNIFTY29MAY2560100CE.NFO,2025-05-22,13:38:00,2025-05-29,7.3,7.3,7.3,7.3,120,76440,0
BANKNIFTY29MAY2560100CE.NFO,2025-05-22,13:39:00,2025-05-29,7.3,7.4,7.3,7.4,30,76440,0
BANKNIFTY29MAY2560100CE.NFO,2025-05-22,13:40:00,2025-05-29,7.4,7.4,7.3,7.3,90,76410,0
BANKNIFTY29MAY2560100CE.NFO,2025-05-22,13:41:00,2025-05-29,7.3,7.5,7.2,7.5,1110,76410,0
BANKNIFTY29MAY2560100CE.NFO,2025-05-22,13:42:00,2025-05-29,7.5,7.5,7.05,7.1,2580,76410,0
BANKNIFTY29MAY2560100CE.NFO,2025-05-22,13:43:00,2025-05-29,7.1,7.1,7.1,7.1,180,76410,0
BANKNIFTY29MAY2560100CE.NFO,2025-05-22,13:44:00,2025-05-29,7.1,7.1,7.1,7.1,0,76410,0
BANKNIFTY29MAY2560100CE.NFO,2025-05-22,13:45:00,2025-05-29,7.05,7.05,7.05,7.05,30,77790,0
BANKNIFTY29MAY2560100CE.NFO,2025-05-22,13:46:00,2025-05-29,7.05,7.05,7.05,7.05,0,77790,0
BANKNIFTY29MAY2560100CE.NFO,2025-05-22,13:47:00,2025-05-29,7.05,7.1,7.05,7.1,90,77760,0
BANKNIFTY29MAY2560100CE.NFO,2025-05-22,13:48:00,2025-05-29,7.1,7.1,7.1,7.1,0,77760,0
BANKNIFTY29MAY2560100CE.NFO,2025-05-22,13:49:00,2025-05-29,7.1,7.1,7.1,7.1,0,77760,0
BANKNIFTY29MAY2560100CE.NFO,2025-05-22,13:50:00,2025-05-29,7.1,7.1,7.1,7.1,0,77760,0
BANKNIFTY29MAY2560100CE.NFO,2025-05-22,13:51:00,2025-05-29,7.1,7.1,6.9,6.9,150,77850,0
BANKNIFTY29MAY2560100CE.NFO,2025-05-22,13:52:00,2025-05-29,6.9,6.9,6.85,6.85,30,77850,0
BANKNIFTY29MAY2560100CE.NFO,2025-05-22,13:53:00,2025-05-29,6.85,6.9,6.8,6.85,360,77880,0
BANKNIFTY29MAY2560100CE.NFO,2025-05-22,13:54:00,2025-05-29,6.85,6.85,6.85,6.85,120,77880,0
BANKNIFTY29MAY2560100CE.NFO,2025-05-22,13:55:00,2025-05-29,6.85,6.85,6.85,6.85,0,77880,0
BANKNIFTY29MAY2560100CE.NFO,2025-05-22,13:56:00,2025-05-29,6.85,6.85,6.85,6.85,0,77880,0
BANKNIFTY29MAY2560100CE.NFO,2025-05-22,13:57:00,2025-05-29,6.85,6.85,6.8,6.8,360,77760,0
BANKNIFTY29MAY2560100CE.NFO,2025-05-22,13:58:00,2025-05-29,6.8,6.8,6.6,6.6,30,77460,0
BANKNIFTY29MAY2560100CE.NFO,2025-05-22,13:59:00,2025-05-29,6.6,6.6,6.6,6.6,150,77460,0
BANKNIFTY29MAY2560100CE.NFO,2025-05-22,14:00:00,2025-05-29,6.6,6.6,6.6,6.6,0,77460,0
BANKNIFTY29MAY2560100CE.NFO,2025-05-22,14:01:00,2025-05-29,6.6,6.6,6.6,6.6,0,77460,0
BANKNIFTY29MAY2560100CE.NFO,2025-05-22,14:02:00,2025-05-29,6.6,6.6,6.6,6.6,0,77460,0
BANKNIFTY29MAY2560100CE.NFO,2025-05-22,14:03:00,2025-05-29,6.6,6.6,6.6,6.6,0,77460,0
BANKNIFTY29MAY2560100CE.NFO,2025-05-22,14:04:00,2025-05-29,6.6,6.6,6.6,6.6,0,77460,0
BANKNIFTY29MAY2560100CE.NFO,2025-05-22,14:05:00,2025-05-29,6.6,6.6,6.45,6.55,510,77370,0
BANKNIFTY29MAY2560100CE.NFO,2025-05-22,14:06:00,2025-05-29,6.55,6.55,6.55,6.55,30,77370,0
BANKNIFTY29MAY2560100CE.NFO,2025-05-22,14:07:00,2025-05-29,6.55,6.55,6.55,6.55,0,77370,0
BANKNIFTY29MAY2560100CE.NFO,2025-05-22,14:08:00,2025-05-29,6.55,6.55,6.45,6.45,210,77220,0
BANKNIFTY29MAY2560100CE.NFO,2025-05-22,14:09:00,2025-05-29,6.45,6.45,6.45,6.45,0,77220,0
BANKNIFTY29MAY2560100CE.NFO,2025-05-22,14:10:00,2025-05-29,6.45,6.45,6.25,6.25,600,77220,0
BANKNIFTY29MAY2560100CE.NFO,2025-05-22,14:11:00,2025-05-29,6.25,6.55,6.25,6.55,300,76530,0
BANKNIFTY29MAY2560100CE.NFO,2025-05-22,14:12:00,2025-05-29,6.55,6.55,6.25,6.25,360,76530,0
BANKNIFTY29MAY2560100CE.NFO,2025-05-22,14:13:00,2025-05-29,6.25,6.25,6.2,6.2,810,77400,0
BANKNIFTY29MAY2560100CE.NFO,2025-05-22,14:14:00,2025-05-29,6.2,6.2,6.2,6.2,1320,77400,0
BANKNIFTY29MAY2560100CE.NFO,2025-05-22,14:15:00,2025-05-29,6.2,6.2,6.2,6.2,0,77400,0
BANKNIFTY29MAY2560100CE.NFO,2025-05-22,14:16:00,2025-05-29,6.2,6.2,6.1,6.15,720,77400,0
BANKNIFTY29MAY2560100CE.NFO,2025-05-22,14:17:00,2025-05-29,6.1,6.1,5.95,6.0,720,78330,0
BANKNIFTY29MAY2560100CE.NFO,2025-05-22,14:18:00,2025-05-29,6.0,6.0,6.0,6.0,0,78330,0
BANKNIFTY29MAY2560100CE.NFO,2025-05-22,14:19:00,2025-05-29,6.0,6.0,5.95,5.95,210,78330,0
BANKNIFTY29MAY2560100CE.NFO,2025-05-22,14:20:00,2025-05-29,5.95,6.05,5.95,6.05,60,78600,0
BANKNIFTY29MAY2560100CE.NFO,2025-05-22,14:21:00,2025-05-29,6.05,6.15,6.05,6.1,1380,78600,0
BANKNIFTY29MAY2560100CE.NFO,2025-05-22,14:22:00,2025-05-29,6.1,6.1,5.95,5.95,210,78600,0
BANKNIFTY29MAY2560100CE.NFO,2025-05-22,14:23:00,2025-05-29,5.95,5.95,5.95,5.95,0,78600,0
BANKNIFTY29MAY2560100CE.NFO,2025-05-22,14:24:00,2025-05-29,5.95,5.95,5.95,5.95,0,78600,0
BANKNIFTY29MAY2560100CE.NFO,2025-05-22,14:25:00,2025-05-29,5.95,5.95,5.85,5.85,0,79320,0
BANKNIFTY29MAY2560100CE.NFO,2025-05-22,14:26:00,2025-05-29,5.85,5.9,5.85,5.9,60,79320,0
BANKNIFTY29MAY2560100CE.NFO,2025-05-22,14:27:00,2025-05-29,5.9,5.9,5.9,5.9,90,79320,0
BANKNIFTY29MAY2560100CE.NFO,2025-05-22,14:28:00,2025-05-29,5.9,5.9,5.9,5.9,0,79320,0
BANKNIFTY29MAY2560100CE.NFO,2025-05-22,14:29:00,2025-05-29,5.95,6.0,5.95,6.0,510,79350,0
BANKNIFTY29MAY2560100CE.NFO,2025-05-22,14:30:00,2025-05-29,6.0,6.0,5.95,5.95,90,79350,0
BANKNIFTY29MAY2560100CE.NFO,2025-05-22,14:31:00,2025-05-29,5.95,5.95,5.75,5.75,30,79350,0
BANKNIFTY29MAY2560100CE.NFO,2025-05-22,14:32:00,2025-05-29,5.7,5.7,5.7,5.7,30,78960,0
BANKNIFTY29MAY2560100CE.NFO,2025-05-22,14:33:00,2025-05-29,5.7,5.7,5.7,5.7,0,78960,0
BANKNIFTY29MAY2560100CE.NFO,2025-05-22,14:34:00,2025-05-29,5.7,5.7,5.7,5.7,0,78960,0
BANKNIFTY29MAY2560100CE.NFO,2025-05-22,14:35:00,2025-05-29,5.75,5.95,5.75,5.8,150,78990,0
BANKNIFTY29MAY2560100CE.NFO,2025-05-22,14:36:00,2025-05-29,5.8,5.8,5.8,5.8,360,78990,0
BANKNIFTY29MAY2560100CE.NFO,2025-05-22,14:37:00,2025-05-29,5.8,5.8,5.8,5.8,0,78990,0
BANKNIFTY29MAY2560100CE.NFO,2025-05-22,14:38:00,2025-05-29,5.8,5.8,5.8,5.8,90,79290,0
BANKNIFTY29MAY2560100CE.NFO,2025-05-22,14:39:00,2025-05-29,5.8,5.8,5.8,5.8,210,79290,0
BANKNIFTY29MAY2560100CE.NFO,2025-05-22,14:40:00,2025-05-29,5.8,5.8,5.8,5.8,0,79290,0
BANKNIFTY29MAY2560100CE.NFO,2025-05-22,14:41:00,2025-05-29,5.8,5.8,5.8,5.8,0,79290,0
BANKNIFTY29MAY2560100CE.NFO,2025-05-22,14:42:00,2025-05-29,5.8,5.8,5.8,5.8,0,79290,0
BANKNIFTY29MAY2560100CE.NFO,2025-05-22,14:43:00,2025-05-29,5.8,5.8,5.8,5.8,0,79290,0
BANKNIFTY29MAY2560100CE.NFO,2025-05-22,14:44:00,2025-05-29,5.8,5.8,5.65,5.65,120,79230,0
BANKNIFTY29MAY2560100CE.NFO,2025-05-22,14:45:00,2025-05-29,5.65,5.65,5.6,5.6,390,79230,0
BANKNIFTY29MAY2560100CE.NFO,2025-05-22,14:46:00,2025-05-29,5.6,5.6,5.45,5.45,180,79230,0
BANKNIFTY29MAY2560100CE.NFO,2025-05-22,14:47:00,2025-05-29,5.45,5.45,5.35,5.35,330,79380,0
BANKNIFTY29MAY2560100CE.NFO,2025-05-22,14:48:00,2025-05-29,5.35,5.4,5.35,5.4,30,79380,0
BANKNIFTY29MAY2560100CE.NFO,2025-05-22,14:49:00,2025-05-29,5.4,5.4,5.4,5.4,120,79380,0
BANKNIFTY29MAY2560100CE.NFO,2025-05-22,14:50:00,2025-05-29,5.4,5.4,5.4,5.4,0,79380,0
BANKNIFTY29MAY2560100CE.NFO,2025-05-22,14:51:00,2025-05-29,5.4,5.4,5.35,5.35,0,79260,0
BANKNIFTY29MAY2560100CE.NFO,2025-05-22,14:52:00,2025-05-29,5.35,5.35,5.3,5.3,240,79260,0
BANKNIFTY29MAY2560100CE.NFO,2025-05-22,14:53:00,2025-05-29,5.3,5.3,5.3,5.3,210,79260,0
BANKNIFTY29MAY2560100CE.NFO,2025-05-22,14:54:00,2025-05-29,5.3,5.35,5.3,5.3,60,79260,0
BANKNIFTY29MAY2560100CE.NFO,2025-05-22,14:55:00,2025-05-29,5.3,5.3,5.3,5.3,0,79260,0
BANKNIFTY29MAY2560100CE.NFO,2025-05-22,14:56:00,2025-05-29,5.3,5.3,5.3,5.3,0,79260,0
BANKNIFTY29MAY2560100CE.NFO,2025-05-22,14:57:00,2025-05-29,5.3,5.3,5.25,5.25,60,79410,0
BANKNIFTY29MAY2560100CE.NFO,2025-05-22,14:58:00,2025-05-29,5.25,5.3,5.25,5.3,300,79410,0
BANKNIFTY29MAY2560100CE.NFO,2025-05-22,14:59:00,2025-05-29,5.3,5.3,5.15,5.15,60,79680,0
BANKNIFTY29MAY2560100CE.NFO,2025-05-22,15:00:00,2025-05-29,5.15,5.15,5.05,5.1,420,79680,0
BANKNIFTY29MAY2560100CE.NFO,2025-05-22,15:01:00,2025-05-29,5.1,5.15,5.1,5.15,60,79590,0
BANKNIFTY29MAY2560100CE.NFO,2025-05-22,15:02:00,2025-05-29,5.15,5.15,5.05,5.1,630,79590,0
BANKNIFTY29MAY2560100CE.NFO,2025-05-22,15:03:00,2025-05-29,5.1,5.15,5.1,5.15,30,79590,0
BANKNIFTY29MAY2560100CE.NFO,2025-05-22,15:04:00,2025-05-29,5.25,5.25,5.1,5.25,360,79590,0
BANKNIFTY29MAY2560100CE.NFO,2025-05-22,15:05:00,2025-05-29,5.25,5.25,5.25,5.25,0,79590,0
BANKNIFTY29MAY2560100CE.NFO,2025-05-22,15:06:00,2025-05-29,5.25,5.25,5.25,5.25,0,79590,0
BANKNIFTY29MAY2560100CE.NFO,2025-05-22,15:07:00,2025-05-29,5.25,5.25,5.25,5.25,0,79590,0
BANKNIFTY29MAY2560100CE.NFO,2025-05-22,15:08:00,2025-05-29,5.25,5.25,4.95,5.05,30,80220,0
BANKNIFTY29MAY2560100CE.NFO,2025-05-22,15:09:00,2025-05-29,5.05,5.05,4.85,4.85,240,80220,0
BANKNIFTY29MAY2560100CE.NFO,2025-05-22,15:10:00,2025-05-29,4.85,4.85,4.8,4.8,1170,80820,0
BANKNIFTY29MAY2560100CE.NFO,2025-05-22,15:11:00,2025-05-29,4.8,4.8,4.8,4.8,0,80820,0
BANKNIFTY29MAY2560100CE.NFO,2025-05-22,15:12:00,2025-05-29,4.8,4.8,4.65,4.65,90,80820,0
BANKNIFTY29MAY2560100CE.NFO,2025-05-22,15:13:00,2025-05-29,4.65,4.65,4.65,4.65,60,80820,0
BANKNIFTY29MAY2560100CE.NFO,2025-05-22,15:14:00,2025-05-29,4.65,4.7,4.6,4.6,180,80460,0
BANKNIFTY29MAY2560100CE.NFO,2025-05-22,15:15:00,2025-05-29,4.6,4.7,4.55,4.55,120,80460,0
BANKNIFTY29MAY2560100CE.NFO,2025-05-22,15:16:00,2025-05-29,4.55,4.55,4.55,4.55,270,80460,0
BANKNIFTY29MAY2560100CE.NFO,2025-05-22,15:17:00,2025-05-29,4.55,4.55,4.4,4.4,2460,80160,0
BANKNIFTY29MAY2560100CE.NFO,2025-05-22,15:18:00,2025-05-29,4.5,4.55,4.4,4.5,960,80160,0
BANKNIFTY29MAY2560100CE.NFO,2025-05-22,15:19:00,2025-05-29,4.5,4.8,4.3,4.4,1260,80160,0
BANKNIFTY29MAY2560100CE.NFO,2025-05-22,15:20:00,2025-05-29,4.4,4.4,4.3,4.3,60,81180,0
BANKNIFTY29MAY2560100CE.NFO,2025-05-22,15:21:00,2025-05-29,4.3,4.3,4.3,4.3,0,81180,0
BANKNIFTY29MAY2560100CE.NFO,2025-05-22,15:22:00,2025-05-29,4.3,4.3,4.3,4.3,0,81180,0
BANKNIFTY29MAY2560100CE.NFO,2025-05-22,15:23:00,2025-05-29,4.3,4.75,4.3,4.35,2190,81210,0
BANKNIFTY29MAY2560100CE.NFO,2025-05-22,15:24:00,2025-05-29,4.35,4.35,4.35,4.35,0,81210,0
BANKNIFTY29MAY2560100CE.NFO,2025-05-22,15:25:00,2025-05-29,4.35,4.55,4.35,4.55,990,81210,0
BANKNIFTY29MAY2560100CE.NFO,2025-05-22,15:26:00,2025-05-29,4.55,4.55,4.4,4.5,360,82290,0
BANKNIFTY29MAY2560100CE.NFO,2025-05-22,15:27:00,2025-05-29,4.5,4.55,4.35,4.55,60,82290,0
BANKNIFTY29MAY2560100CE.NFO,2025-05-22,15:28:00,2025-05-29,4.55,4.55,4.55,4.55,0,82290,0
BANKNIFTY29MAY2560100CE.NFO,2025-05-22,15:29:00,2025-05-29,4.55,4.95,4.55,4.95,180,82170,0
BANKNIFTY29MAY2560100CE.NFO,2025-05-22,15:30:00,2025-05-29,4.95,4.95,4.95,4.95,180,82170,1
BANKNIFTY29MAY2560100CE.NFO,2025-05-23,09:15:00,2025-05-29,4.95,4.95,4.95,4.95,0,0,0
BANKNIFTY29MAY2560100CE.NFO,2025-05-23,09:16:00,2025-05-29,4.95,4.95,4.95,4.95,0,0,1
BANKNIFTY29MAY2560100CE.NFO,2025-05-23,09:17:00,2025-05-29,4.95,4.95,3.75,4.65,90,82260,0
BANKNIFTY29MAY2560100CE.NFO,2025-05-23,09:18:00,2025-05-29,4.65,4.65,3.75,4.25,900,82170,0
BANKNIFTY29MAY2560100CE.NFO,2025-05-23,09:19:00,2025-05-29,4.25,4.25,3.75,4.05,60,82170,0
BANKNIFTY29MAY2560100CE.NFO,2025-05-23,09:20:00,2025-05-29,4.05,4.05,4.05,4.05,120,82170,0
BANKNIFTY29MAY2560100CE.NFO,2025-05-23,09:21:00,2025-05-29,4.05,4.3,3.9,4.1,330,82320,0
BANKNIFTY29MAY2560100CE.NFO,2025-05-23,09:22:00,2025-05-29,4.05,4.2,4.05,4.2,90,82320,0
BANKNIFTY29MAY2560100CE.NFO,2025-05-23,09:23:00,2025-05-29,4.2,4.3,4.1,4.1,660,82320,0
BANKNIFTY29MAY2560100CE.NFO,2025-05-23,09:24:00,2025-05-29,4.1,4.1,4.1,4.1,0,82320,0
BANKNIFTY29MAY2560100CE.NFO,2025-05-23,09:25:00,2025-05-29,4.1,4.1,4.1,4.1,0,82320,0
BANKNIFTY29MAY2560100CE.NFO,2025-05-23,09:26:00,2025-05-29,4.8,4.8,4.1,4.1,270,82740,0
BANKNIFTY29MAY2560100CE.NFO,2025-05-23,09:27:00,2025-05-29,4.1,4.45,4.1,4.1,450,82920,0
BANKNIFTY29MAY2560100CE.NFO,2025-05-23,09:28:00,2025-05-29,4.1,4.1,4.1,4.1,0,82920,0
BANKNIFTY29MAY2560100CE.NFO,2025-05-23,09:29:00,2025-05-29,4.1,4.1,4.1,4.1,0,82920,0
BANKNIFTY29MAY2560100CE.NFO,2025-05-23,09:30:00,2025-05-29,4.1,4.1,4.1,4.1,0,82920,0
BANKNIFTY29MAY2560100CE.NFO,2025-05-23,09:31:00,2025-05-29,4.1,4.45,4.1,4.45,120,82890,0
BANKNIFTY29MAY2560100CE.NFO,2025-05-23,09:32:00,2025-05-29,4.45,4.45,4.25,4.25,60,82890,0
BANKNIFTY29MAY2560100CE.NFO,2025-05-23,09:33:00,2025-05-29,4.25,4.6,4.25,4.6,90,82890,0
BANKNIFTY29MAY2560100CE.NFO,2025-05-23,09:34:00,2025-05-29,4.6,4.6,4.25,4.3,210,82860,0
BANKNIFTY29MAY2560100CE.NFO,2025-05-23,09:35:00,2025-05-29,4.3,4.3,4.3,4.3,0,82860,0
BANKNIFTY29MAY2560100CE.NFO,2025-05-23,09:36:00,2025-05-29,4.3,4.3,4.3,4.3,0,82860,0
BANKNIFTY29MAY2560100CE.NFO,2025-05-23,09:37:00,2025-05-29,4.3,4.75,4.05,4.05,720,82860,0
BANKNIFTY29MAY2560100CE.NFO,2025-05-23,09:38:00,2025-05-29,4.05,4.05,4.05,4.05,0,82860,0
BANKNIFTY29MAY2560100CE.NFO,2025-05-23,09:39:00,2025-05-29,4.05,4.05,4.05,4.05,0,82860,0
BANKNIFTY29MAY2560100CE.NFO,2025-05-23,09:40:00,2025-05-29,4.05,4.05,3.9,3.9,120,82890,0
BANKNIFTY29MAY2560100CE.NFO,2025-05-23,09:41:00,2025-05-29,3.9,3.9,3.5,3.8,720,82890,0
BANKNIFTY29MAY2560100CE.NFO,2025-05-23,09:42:00,2025-05-29,3.8,4.55,3.8,4.55,930,82890,0
BANKNIFTY29MAY2560100CE.NFO,2025-05-23,09:43:00,2025-05-29,4.55,4.55,4.55,4.55,0,82890,0
BANKNIFTY29MAY2560100CE.NFO,2025-05-23,09:44:00,2025-05-29,4.55,4.55,4.55,4.55,0,82890,0
BANKNIFTY29MAY2560100CE.NFO,2025-05-23,09:45:00,2025-05-29,4.55,4.55,4.55,4.55,0,82890,0
BANKNIFTY29MAY2560100CE.NFO,2025-05-23,09:46:00,2025-05-29,4.55,4.55,4.55,4.55,0,82890,0
BANKNIFTY29MAY2560100CE.NFO,2025-05-23,09:47:00,2025-05-29,4.55,4.55,4.55,4.55,0,82890,0
BANKNIFTY29MAY2560100CE.NFO,2025-05-23,09:48:00,2025-05-29,4.55,4.55,4.55,4.55,0,82890,0
BANKNIFTY29MAY2560100CE.NFO,2025-05-23,09:49:00,2025-05-29,4.55,4.55,4.55,4.55,0,82890,0
BANKNIFTY29MAY2560100CE.NFO,2025-05-23,09:50:00,2025-05-29,4.55,5.6,4.4,4.4,180,83040,0
BANKNIFTY29MAY2560100CE.NFO,2025-05-23,09:51:00,2025-05-29,4.4,4.4,4.4,4.4,0,83040,0
BANKNIFTY29MAY2560100CE.NFO,2025-05-23,09:52:00,2025-05-29,4.4,4.4,4.4,4.4,0,83040,0
BANKNIFTY29MAY2560100CE.NFO,2025-05-23,09:53:00,2025-05-29,4.4,4.4,4.4,4.4,0,83040,0
BANKNIFTY29MAY2560100CE.NFO,2025-05-23,09:54:00,2025-05-29,4.4,4.9,4.0,4.25,1350,82920,0
BANKNIFTY29MAY2560100CE.NFO,2025-05-23,09:55:00,2025-05-29,4.25,4.25,3.95,4.1,960,82920,0
BANKNIFTY29MAY2560100CE.NFO,2025-05-23,09:56:00,2025-05-29,4.1,4.1,4.1,4.1,360,82920,0
BANKNIFTY29MAY2560100CE.NFO,2025-05-23,09:57:00,2025-05-29,4.1,4.1,4.0,4.0,120,82920,0
BANKNIFTY29MAY2560100CE.NFO,2025-05-23,09:58:00,2025-05-29,4.0,4.0,4.0,4.0,0,82920,0
BANKNIFTY29MAY2560100CE.NFO,2025-05-23,09:59:00,2025-05-29,4.0,4.55,4.0,4.55,30,82920,0
BANKNIFTY29MAY2560100CE.NFO,2025-05-23,10:00:00,2025-05-29,4.55,4.55,4.55,4.55,0,82920,0
BANKNIFTY29MAY2560100CE.NFO,2025-05-23,10:01:00,2025-05-29,4.55,4.55,4.25,4.25,60,82920,0
BANKNIFTY29MAY2560100CE.NFO,2025-05-23,10:02:00,2025-05-29,4.25,4.25,4.25,4.25,30,82920,0
BANKNIFTY29MAY2560100CE.NFO,2025-05-23,10:03:00,2025-05-29,4.25,4.25,4.25,4.25,0,82920,0
BANKNIFTY29MAY2560100CE.NFO,2025-05-23,10:04:00,2025-05-29,4.05,4.15,4.0,4.15,300,82860,0
BANKNIFTY29MAY2560100CE.NFO,2025-05-23,10:05:00,2025-05-29,4.15,4.25,3.9,4.2,480,82860,0
BANKNIFTY29MAY2560100CE.NFO,2025-05-23,10:06:00,2025-05-29,4.2,4.2,3.9,3.9,180,82680,0
BANKNIFTY29MAY2560100CE.NFO,2025-05-23,10:07:00,2025-05-29,3.9,3.9,3.9,3.9,180,82680,0
BANKNIFTY29MAY2560100CE.NFO,2025-05-23,10:08:00,2025-05-29,3.9,3.9,3.9,3.9,90,82680,0
BANKNIFTY29MAY2560100CE.NFO,2025-05-23,10:09:00,2025-05-29,3.9,3.9,3.9,3.9,0,82680,0
BANKNIFTY29MAY2560100CE.NFO,2025-05-23,10:10:00,2025-05-29,3.9,3.9,3.9,3.9,0,82680,0
BANKNIFTY29MAY2560100CE.NFO,2025-05-23,10:11:00,2025-05-29,3.9,4.55,3.9,4.55,30,82680,0
BANKNIFTY29MAY2560100CE.NFO,2025-05-23,10:12:00,2025-05-29,4.55,4.55,4.55,4.55,0,82680,0
BANKNIFTY29MAY2560100CE.NFO,2025-05-23,10:13:00,2025-05-29,4.55,4.55,4.55,4.55,0,82680,0
BANKNIFTY29MAY2560100CE.NFO,2025-05-23,10:14:00,2025-05-29,4.55,4.55,4.55,4.55,0,82680,0
BANKNIFTY29MAY2560100CE.NFO,2025-05-23,10:15:00,2025-05-29,4.55,4.55,4.55,4.55,0,82680,0
BANKNIFTY29MAY2560100CE.NFO,2025-05-23,10:16:00,2025-05-29,4.55,4.55,4.55,4.55,0,82680,0
BANKNIFTY29MAY2560100CE.NFO,2025-05-23,10:17:00,2025-05-29,4.55,4.55,4.55,4.55,0,82680,0
BANKNIFTY29MAY2560100CE.NFO,2025-05-23,10:18:00,2025-05-29,4.55,4.55,4.55,4.55,0,82680,0
BANKNIFTY29MAY2560100CE.NFO,2025-05-23,10:19:00,2025-05-29,4.55,4.55,4.55,4.55,0,82680,0
BANKNIFTY29MAY2560100CE.NFO,2025-05-23,10:20:00,2025-05-29,4.55,4.55,3.5,4.15,90,82710,0
BANKNIFTY29MAY2560100CE.NFO,2025-05-23,10:21:00,2025-05-29,4.15,4.2,4.15,4.2,0,82710,0
BANKNIFTY29MAY2560100CE.NFO,2025-05-23,10:22:00,2025-05-29,4.2,4.2,4.2,4.2,30,82710,0
BANKNIFTY29MAY2560100CE.NFO,2025-05-23,10:23:00,2025-05-29,4.2,4.2,4.2,4.2,0,82710,0
BANKNIFTY29MAY2560100CE.NFO,2025-05-23,10:24:00,2025-05-29,4.2,4.2,3.9,4.05,1440,82710,0
BANKNIFTY29MAY2560100CE.NFO,2025-05-23,10:25:00,2025-05-29,4.05,4.05,4.05,4.05,0,82710,0
BANKNIFTY29MAY2560100CE.NFO,2025-05-23,10:26:00,2025-05-29,4.05,4.05,4.05,4.05,90,81990,0
BANKNIFTY29MAY2560100CE.NFO,2025-05-23,10:27:00,2025-05-29,4.05,4.05,4.0,4.0,360,81990,0
BANKNIFTY29MAY2560100CE.NFO,2025-05-23,10:28:00,2025-05-29,4.0,4.0,4.0,4.0,0,81990,0
BANKNIFTY29MAY2560100CE.NFO,2025-05-23,10:29:00,2025-05-29,4.0,4.0,4.0,4.0,0,81990,0
BANKNIFTY29MAY2560100CE.NFO,2025-05-23,10:30:00,2025-05-29,4.0,4.0,4.0,4.0,0,81990,0
BANKNIFTY29MAY2560100CE.NFO,2025-05-23,10:31:00,2025-05-29,4.0,4.0,4.0,4.0,0,81990,0
BANKNIFTY29MAY2560100CE.NFO,2025-05-23,10:32:00,2025-05-29,4.0,4.0,4.0,4.0,0,81990,0
BANKNIFTY29MAY2560100CE.NFO,2025-05-23,10:33:00,2025-05-29,4.0,4.0,4.0,4.0,0,81990,0
BANKNIFTY29MAY2560100CE.NFO,2025-05-23,10:34:00,2025-05-29,4.0,4.0,3.8,3.8,0,81630,0
BANKNIFTY29MAY2560100CE.NFO,2025-05-23,10:35:00,2025-05-29,3.8,3.8,3.8,3.8,390,81630,0
BANKNIFTY29MAY2560100CE.NFO,2025-05-23,10:36:00,2025-05-29,3.8,3.8,3.8,3.8,0,81630,0
BANKNIFTY29MAY2560100CE.NFO,2025-05-23,10:37:00,2025-05-29,3.8,3.8,3.8,3.8,0,81630,0
BANKNIFTY29MAY2560100CE.NFO,2025-05-23,10:38:00,2025-05-29,3.8,3.8,3.8,3.8,0,81630,0
BANKNIFTY29MAY2560100CE.NFO,2025-05-23,10:39:00,2025-05-29,3.8,3.8,3.8,3.8,0,81630,0
BANKNIFTY29MAY2560100CE.NFO,2025-05-23,10:40:00,2025-05-29,3.8,3.8,3.8,3.8,0,81630,0
BANKNIFTY29MAY2560100CE.NFO,2025-05-23,10:41:00,2025-05-29,3.8,3.8,3.8,3.8,0,81630,0
BANKNIFTY29MAY2560100CE.NFO,2025-05-23,10:42:00,2025-05-29,3.8,3.8,3.8,3.8,0,81630,1
BANKNIFTY29MAY2560100CE.NFO,2025-05-23,10:43:00,2025-05-29,3.8,3.8,3.8,3.8,0,81630,0
BANKNIFTY29MAY2560100CE.NFO,2025-05-23,10:44:00,2025-05-29,3.8,3.85,3.8,3.85,690,81660,0
BANKNIFTY29MAY2560100CE.NFO,2025-05-23,10:45:00,2025-05-29,3.85,3.95,3.7,3.95,60,81660,0
BANKNIFTY29MAY2560100CE.NFO,2025-05-23,10:46:00,2025-05-29,3.95,3.95,3.95,3.95,0,81660,0
BANKNIFTY29MAY2560100CE.NFO,2025-05-23,10:47:00,2025-05-29,3.95,3.95,3.95,3.95,0,81660,0
BANKNIFTY29MAY2560100CE.NFO,2025-05-23,10:48:00,2025-05-29,3.95,3.95,3.95,3.95,0,81660,0
BANKNIFTY29MAY2560100CE.NFO,2025-05-23,10:49:00,2025-05-29,3.95,3.95,3.95,3.95,0,81660,0
BANKNIFTY29MAY2560100CE.NFO,2025-05-23,10:50:00,2025-05-29,3.95,4.15,3.9,4.15,1500,81510,0
BANKNIFTY29MAY2560100CE.NFO,2025-05-23,10:51:00,2025-05-29,4.15,4.15,3.95,4.05,810,81510,0
BANKNIFTY29MAY2560100CE.NFO,2025-05-23,10:52:00,2025-05-29,4.05,4.35,3.95,4.15,240,81510,0
BANKNIFTY29MAY2560100CE.NFO,2025-05-23,10:53:00,2025-05-29,4.15,4.15,4.15,4.15,0,81510,0
BANKNIFTY29MAY2560100CE.NFO,2025-05-23,10:54:00,2025-05-29,4.15,4.15,4.15,4.15,0,81510,0
BANKNIFTY29MAY2560100CE.NFO,2025-05-23,10:55:00,2025-05-29,4.15,4.15,4.0,4.0,90,81510,0
BANKNIFTY29MAY2560100CE.NFO,2025-05-23,10:56:00,2025-05-29,4.0,4.0,4.0,4.0,120,81510,0
BANKNIFTY29MAY2560100CE.NFO,2025-05-23,10:57:00,2025-05-29,4.0,4.0,4.0,4.0,0,81510,0
BANKNIFTY29MAY2560100CE.NFO,2025-05-23,10:58:00,2025-05-29,4.0,4.15,3.95,4.15,480,81510,0
BANKNIFTY29MAY2560100CE.NFO,2025-05-23,10:59:00,2025-05-29,4.15,4.15,4.15,4.15,0,81510,0
BANKNIFTY29MAY2560100CE.NFO,2025-05-23,11:00:00,2025-05-29,4.15,4.15,4.1,4.1,120,81510,0
BANKNIFTY29MAY2560100CE.NFO,2025-05-23,11:01:00,2025-05-29,4.1,4.1,4.1,4.1,0,81510,0
BANKNIFTY29MAY2560100CE.NFO,2025-05-23,11:02:00,2025-05-29,4.1,4.1,4.1,4.1,0,81510,0
BANKNIFTY29MAY2560100CE.NFO,2025-05-23,11:03:00,2025-05-29,4.1,4.1,4.1,4.1,0,81510,0
BANKNIFTY29MAY2560100CE.NFO,2025-05-23,11:04:00,2025-05-29,4.1,4.1,4.05,4.05,60,81510,0
BANKNIFTY29MAY2560100CE.NFO,2025-05-23,11:05:00,2025-05-29,4.05,4.05,3.95,3.95,60,81510,0
BANKNIFTY29MAY2560100CE.NFO,2025-05-23,11:06:00,2025-05-29,3.95,3.95,3.95,3.95,0,81510,0
BANKNIFTY29MAY2560100CE.NFO,2025-05-23,11:07:00,2025-05-29,3.95,3.95,3.95,3.95,0,81510,0
BANKNIFTY29MAY2560100CE.NFO,2025-05-23,11:08:00,2025-05-29,3.95,3.95,3.9,3.9,0,81510,0
BANKNIFTY29MAY2560100CE.NFO,2025-05-23,11:09:00,2025-05-29,3.9,3.9,3.9,3.9,420,81510,0
BANKNIFTY29MAY2560100CE.NFO,2025-05-23,11:10:00,2025-05-29,3.9,3.95,3.9,3.95,150,81840,0
BANKNIFTY29MAY2560100CE.NFO,2025-05-23,11:11:00,2025-05-29,3.95,3.95,3.95,3.95,0,81840,0
BANKNIFTY29MAY2560100CE.NFO,2025-05-23,11:12:00,2025-05-29,3.95,3.95,3.8,3.8,30,81840,0
BANKNIFTY29MAY2560100CE.NFO,2025-05-23,11:13:00,2025-05-29,3.8,3.8,3.8,3.8,0,81840,0
BANKNIFTY29MAY2560100CE.NFO,2025-05-23,11:14:00,2025-05-29,3.8,3.8,3.8,3.8,0,81840,0
BANKNIFTY29MAY2560100CE.NFO,2025-05-23,11:15:00,2025-05-29,3.8,3.8,3.8,3.8,0,81840,0
BANKNIFTY29MAY2560100CE.NFO,2025-05-23,11:16:00,2025-05-29,3.8,3.8,3.8,3.8,0,81840,0
BANKNIFTY29MAY2560100CE.NFO,2025-05-23,11:17:00,2025-05-29,3.8,3.8,3.8,3.8,0,81840,0
BANKNIFTY29MAY2560100CE.NFO,2025-05-23,11:18:00,2025-05-29,3.8,3.8,3.8,3.8,0,81840,0
BANKNIFTY29MAY2560100CE.NFO,2025-05-23,11:19:00,2025-05-29,3.8,3.8,3.8,3.8,0,81840,0
BANKNIFTY29MAY2560100CE.NFO,2025-05-23,11:20:00,2025-05-29,3.8,3.8,3.8,3.8,0,81840,0
BANKNIFTY29MAY2560100CE.NFO,2025-05-23,11:21:00,2025-05-29,3.8,3.8,3.8,3.8,0,81840,0
BANKNIFTY29MAY2560100CE.NFO,2025-05-23,11:22:00,2025-05-29,3.8,3.8,3.8,3.8,0,81840,0
BANKNIFTY29MAY2560100CE.NFO,2025-05-23,11:23:00,2025-05-29,3.8,3.8,3.8,3.8,0,81840,0
BANKNIFTY29MAY2560100CE.NFO,2025-05-23,11:24:00,2025-05-29,3.8,3.8,3.8,3.8,0,81840,0
BANKNIFTY29MAY2560100CE.NFO,2025-05-23,11:25:00,2025-05-29,3.8,3.8,3.8,3.8,0,81840,0
BANKNIFTY29MAY2560100CE.NFO,2025-05-23,11:26:00,2025-05-29,3.8,4.0,3.65,4.0,780,81900,0
BANKNIFTY29MAY2560100CE.NFO,2025-05-23,11:27:00,2025-05-29,4.0,4.0,4.0,4.0,330,81900,0
BANKNIFTY29MAY2560100CE.NFO,2025-05-23,11:28:00,2025-05-29,4.0,4.0,4.0,4.0,0,81900,0
BANKNIFTY29MAY2560100CE.NFO,2025-05-23,11:29:00,2025-05-29,4.0,4.0,4.0,4.0,0,81900,0
BANKNIFTY29MAY2560100CE.NFO,2025-05-23,11:30:00,2025-05-29,4.0,5.1,4.0,5.1,0,81930,0
BANKNIFTY29MAY2560100CE.NFO,2025-05-23,11:31:00,2025-05-29,5.1,5.1,5.1,5.1,210,81930,0
BANKNIFTY29MAY2560100CE.NFO,2025-05-23,11:32:00,2025-05-29,5.1,5.1,4.0,4.0,30,81930,0
BANKNIFTY29MAY2560100CE.NFO,2025-05-23,11:33:00,2025-05-29,4.0,4.0,4.0,4.0,0,81930,0
BANKNIFTY29MAY2560100CE.NFO,2025-05-23,11:34:00,2025-05-29,4.0,4.2,4.0,4.0,30,81930,0
BANKNIFTY29MAY2560100CE.NFO,2025-05-23,11:35:00,2025-05-29,4.0,4.1,4.0,4.1,780,81930,0
BANKNIFTY29MAY2560100CE.NFO,2025-05-23,11:36:00,2025-05-29,4.1,4.1,4.1,4.1,0,81930,0
BANKNIFTY29MAY2560100CE.NFO,2025-05-23,11:37:00,2025-05-29,4.1,4.1,4.1,4.1,0,81930,0
BANKNIFTY29MAY2560100CE.NFO,2025-05-23,11:38:00,2025-05-29,4.1,4.1,4.1,4.1,0,81930,0
BANKNIFTY29MAY2560100CE.NFO,2025-05-23,11:39:00,2025-05-29,4.1,4.1,4.1,4.1,0,81930,0
BANKNIFTY29MAY2560100CE.NFO,2025-05-23,11:40:00,2025-05-29,4.1,4.1,4.1,4.1,0,81930,0
BANKNIFTY29MAY2560100CE.NFO,2025-05-23,11:41:00,2025-05-29,4.1,4.1,4.1,4.1,0,81930,0
BANKNIFTY29MAY2560100CE.NFO,2025-05-23,11:42:00,2025-05-29,4.1,4.1,4.1,4.1,0,81930,0
BANKNIFTY29MAY2560100CE.NFO,2025-05-23,11:43:00,2025-05-29,4.1,4.1,4.1,4.1,0,81930,0
BANKNIFTY29MAY2560100CE.NFO,2025-05-23,11:44:00,2025-05-29,4.1,4.85,4.1,4.4,30,82140,0
BANKNIFTY29MAY2560100CE.NFO,2025-05-23,11:45:00,2025-05-29,4.4,4.4,4.4,4.4,30,82140,0
BANKNIFTY29MAY2560100CE.NFO,2025-05-23,11:46:00,2025-05-29,4.4,4.4,4.4,4.4,0,82140,0
BANKNIFTY29MAY2560100CE.NFO,2025-05-23,11:47:00,2025-05-29,4.4,4.4,4.05,4.05,30,82140,0
BANKNIFTY29MAY2560100CE.NFO,2025-05-23,11:48:00,2025-05-29,4.05,4.05,4.0,4.0,30,82140,0
BANKNIFTY29MAY2560100CE.NFO,2025-05-23,11:49:00,2025-05-29,4.0,4.0,3.85,3.85,60,82140,0
BANKNIFTY29MAY2560100CE.NFO,2025-05-23,11:50:00,2025-05-29,3.85,3.85,3.85,3.85,0,82140,0
BANKNIFTY29MAY2560100CE.NFO,2025-05-23,11:51:00,2025-05-29,3.85,3.85,3.85,3.85,0,82140,0
BANKNIFTY29MAY2560100CE.NFO,2025-05-23,11:52:00,2025-05-29,3.85,3.85,3.85,3.85,0,82140,0
BANKNIFTY29MAY2560100CE.NFO,2025-05-23,11:53:00,2025-05-29,3.85,3.85,3.85,3.85,0,82140,0
BANKNIFTY29MAY2560100CE.NFO,2025-05-23,11:54:00,2025-05-29,3.85,3.95,3.85,3.95,30,82110,0
BANKNIFTY29MAY2560100CE.NFO,2025-05-23,11:55:00,2025-05-29,3.95,3.95,3.95,3.95,900,82110,0
BANKNIFTY29MAY2560100CE.NFO,2025-05-23,11:56:00,2025-05-29,3.95,4.2,3.95,4.2,60,82110,0
BANKNIFTY29MAY2560100CE.NFO,2025-05-23,11:57:00,2025-05-29,4.2,4.2,4.2,4.2,0,82110,0
BANKNIFTY29MAY2560100CE.NFO,2025-05-23,11:58:00,2025-05-29,4.2,4.2,4.2,4.2,0,82110,0
BANKNIFTY29MAY2560100CE.NFO,2025-05-23,11:59:00,2025-05-29,4.2,4.2,4.2,4.2,0,82110,0
BANKNIFTY29MAY2560100CE.NFO,2025-05-23,12:00:00,2025-05-29,4.2,4.2,4.2,4.2,0,82110,0
BANKNIFTY29MAY2560100CE.NFO,2025-05-23,12:01:00,2025-05-29,4.2,4.2,4.2,4.2,0,82110,0
BANKNIFTY29MAY2560100CE.NFO,2025-05-23,12:02:00,2025-05-29,4.2,4.2,4.2,4.2,0,82110,0
BANKNIFTY29MAY2560100CE.NFO,2025-05-23,12:03:00,2025-05-29,4.2,4.2,4.2,4.2,0,82110,0
BANKNIFTY29MAY2560100CE.NFO,2025-05-23,12:04:00,2025-05-29,4.2,4.2,4.2,4.2,0,82110,0
BANKNIFTY29MAY2560100CE.NFO,2025-05-23,12:05:00,2025-05-29,4.2,4.2,4.2,4.2,0,82110,0
BANKNIFTY29MAY2560100CE.NFO,2025-05-23,12:06:00,2025-05-29,4.2,4.2,4.2,4.2,0,82110,0
BANKNIFTY29MAY2560100CE.NFO,2025-05-23,12:07:00,2025-05-29,4.2,4.2,4.2,4.2,0,82110,0
BANKNIFTY29MAY2560100CE.NFO,2025-05-23,12:08:00,2025-05-29,4.2,4.2,4.2,4.2,0,82110,0
BANKNIFTY29MAY2560100CE.NFO,2025-05-23,12:09:00,2025-05-29,4.2,4.2,4.2,4.2,0,82110,0
BANKNIFTY29MAY2560100CE.NFO,2025-05-23,12:10:00,2025-05-29,4.2,4.35,3.4,4.35,60,82110,0
BANKNIFTY29MAY2560100CE.NFO,2025-05-23,12:11:00,2025-05-29,4.35,4.35,4.25,4.25,30,82110,0
BANKNIFTY29MAY2560100CE.NFO,2025-05-23,12:12:00,2025-05-29,4.25,4.25,4.25,4.25,0,82110,0
BANKNIFTY29MAY2560100CE.NFO,2025-05-23,12:13:00,2025-05-29,4.25,4.25,4.25,4.25,0,82110,0
BANKNIFTY29MAY2560100CE.NFO,2025-05-23,12:14:00,2025-05-29,4.25,4.25,4.25,4.25,0,82110,0
BANKNIFTY29MAY2560100CE.NFO,2025-05-23,12:15:00,2025-05-29,4.25,4.25,4.25,4.25,0,82110,0
BANKNIFTY29MAY2560100CE.NFO,2025-05-23,12:16:00,2025-05-29,4.25,4.25,4.25,4.25,0,82110,0
BANKNIFTY29MAY2560100CE.NFO,2025-05-23,12:17:00,2025-05-29,4.25,4.25,4.25,4.25,0,82110,0
BANKNIFTY29MAY2560100CE.NFO,2025-05-23,12:18:00,2025-05-29,4.25,4.25,4.25,4.25,0,82110,0
BANKNIFTY29MAY2560100CE.NFO,2025-05-23,12:19:00,2025-05-29,4.25,4.25,4.25,4.25,0,82110,0
BANKNIFTY29MAY2560100CE.NFO,2025-05-23,12:20:00,2025-05-29,4.25,4.25,4.25,4.25,0,82110,0
BANKNIFTY29MAY2560100CE.NFO,2025-05-23,12:21:00,2025-05-29,4.25,4.25,4.25,4.25,0,82110,0
BANKNIFTY29MAY2560100CE.NFO,2025-05-23,12:22:00,2025-05-29,4.25,4.25,4.25,4.25,0,82110,0
BANKNIFTY29MAY2560100CE.NFO,2025-05-23,12:23:00,2025-05-29,4.25,4.25,4.25,4.25,0,82110,0
BANKNIFTY29MAY2560100CE.NFO,2025-05-23,12:24:00,2025-05-29,4.25,4.25,4.25,4.25,0,82110,0
BANKNIFTY29MAY2560100CE.NFO,2025-05-23,12:25:00,2025-05-29,4.25,4.25,4.25,4.25,0,82110,0
BANKNIFTY29MAY2560100CE.NFO,2025-05-23,12:26:00,2025-05-29,4.25,4.25,4.25,4.25,0,82110,0
BANKNIFTY29MAY2560100CE.NFO,2025-05-23,12:27:00,2025-05-29,4.25,4.25,4.25,4.25,0,82110,0
BANKNIFTY29MAY2560100CE.NFO,2025-05-23,12:28:00,2025-05-29,4.25,4.25,4.25,4.25,0,82110,0
BANKNIFTY29MAY2560100CE.NFO,2025-05-23,12:29:00,2025-05-29,4.25,4.25,4.25,4.25,0,82110,0
BANKNIFTY29MAY2560100CE.NFO,2025-05-23,12:30:00,2025-05-29,4.25,4.25,4.25,4.25,0,82110,0
BANKNIFTY29MAY2560100CE.NFO,2025-05-23,12:31:00,2025-05-29,4.25,4.25,4.25,4.25,0,82110,0
BANKNIFTY29MAY2560100CE.NFO,2025-05-23,12:32:00,2025-05-29,4.25,4.25,4.25,4.25,0,82110,0
BANKNIFTY29MAY2560100CE.NFO,2025-05-23,12:33:00,2025-05-29,4.25,4.25,4.25,4.25,0,82110,0
BANKNIFTY29MAY2560100CE.NFO,2025-05-23,12:34:00,2025-05-29,4.25,4.25,4.25,4.25,0,82110,0
BANKNIFTY29MAY2560100CE.NFO,2025-05-23,12:35:00,2025-05-29,4.25,4.25,4.15,4.15,0,82080,0
BANKNIFTY29MAY2560100CE.NFO,2025-05-23,12:36:00,2025-05-29,4.15,4.15,4.15,4.15,330,82080,0
BANKNIFTY29MAY2560100CE.NFO,2025-05-23,12:37:00,2025-05-29,4.15,4.15,4.15,4.15,0,82080,0
BANKNIFTY29MAY2560100CE.NFO,2025-05-23,12:38:00,2025-05-29,4.15,4.15,4.15,4.15,0,82080,0
BANKNIFTY29MAY2560100CE.NFO,2025-05-23,12:39:00,2025-05-29,4.15,4.15,4.15,4.15,0,82080,0
BANKNIFTY29MAY2560100CE.NFO,2025-05-23,12:40:00,2025-05-29,4.15,4.15,4.0,4.0,0,82080,0
BANKNIFTY29MAY2560100CE.NFO,2025-05-23,12:41:00,2025-05-29,4.0,4.0,4.0,4.0,30,82080,0
BANKNIFTY29MAY2560100CE.NFO,2025-05-23,12:42:00,2025-05-29,4.0,4.0,4.0,4.0,0,82080,0
BANKNIFTY29MAY2560100CE.NFO,2025-05-23,12:43:00,2025-05-29,4.0,4.0,4.0,4.0,0,82080,0
BANKNIFTY29MAY2560100CE.NFO,2025-05-23,12:44:00,2025-05-29,4.0,4.0,4.0,4.0,0,82080,0
BANKNIFTY29MAY2560100CE.NFO,2025-05-23,12:45:00,2025-05-29,4.0,4.45,4.0,4.45,60,82080,0
BANKNIFTY29MAY2560100CE.NFO,2025-05-23,12:46:00,2025-05-29,4.45,4.45,4.45,4.45,0,82080,0
BANKNIFTY29MAY2560100CE.NFO,2025-05-23,12:47:00,2025-05-29,4.45,4.5,4.25,4.4,600,82080,0
BANKNIFTY29MAY2560100CE.NFO,2025-05-23,12:48:00,2025-05-29,4.4,4.4,4.2,4.2,30,82080,0
BANKNIFTY29MAY2560100CE.NFO,2025-05-23,12:49:00,2025-05-29,4.2,4.2,4.2,4.2,0,82080,0
BANKNIFTY29MAY2560100CE.NFO,2025-05-23,12:50:00,2025-05-29,4.2,4.2,4.2,4.2,0,82080,0
BANKNIFTY29MAY2560100CE.NFO,2025-05-23,12:51:00,2025-05-29,4.2,4.2,4.2,4.2,0,82080,0
BANKNIFTY29MAY2560100CE.NFO,2025-05-23,12:52:00,2025-05-29,4.2,4.2,4.2,4.2,0,82080,0
BANKNIFTY29MAY2560100CE.NFO,2025-05-23,12:53:00,2025-05-29,4.2,4.2,4.2,4.2,0,82080,0
BANKNIFTY29MAY2560100CE.NFO,2025-05-23,12:54:00,2025-05-29,4.2,4.2,3.6,3.6,30,81630,0
BANKNIFTY29MAY2560100CE.NFO,2025-05-23,12:55:00,2025-05-29,3.6,3.6,3.6,3.6,0,81630,0
BANKNIFTY29MAY2560100CE.NFO,2025-05-23,12:56:00,2025-05-29,3.6,3.6,3.6,3.6,0,81630,0
BANKNIFTY29MAY2560100CE.NFO,2025-05-23,12:57:00,2025-05-29,3.6,3.6,3.6,3.6,0,81630,0
BANKNIFTY29MAY2560100CE.NFO,2025-05-23,12:58:00,2025-05-29,3.6,3.6,3.6,3.6,0,81630,0
BANKNIFTY29MAY2560100CE.NFO,2025-05-23,12:59:00,2025-05-29,3.6,3.6,3.6,3.6,0,81630,0
BANKNIFTY29MAY2560100CE.NFO,2025-05-23,13:00:00,2025-05-29,3.6,3.6,3.6,3.6,0,81630,0
BANKNIFTY29MAY2560100CE.NFO,2025-05-23,13:01:00,2025-05-29,3.6,3.6,3.6,3.6,0,81630,0
BANKNIFTY29MAY2560100CE.NFO,2025-05-23,13:02:00,2025-05-29,4.3,4.3,4.3,4.3,660,81600,0
BANKNIFTY29MAY2560100CE.NFO,2025-05-23,13:03:00,2025-05-29,4.3,4.3,4.3,4.3,0,81600,0
BANKNIFTY29MAY2560100CE.NFO,2025-05-23,13:04:00,2025-05-29,4.3,4.3,4.3,4.3,0,81600,0
BANKNIFTY29MAY2560100CE.NFO,2025-05-23,13:05:00,2025-05-29,3.0,3.95,3.0,3.85,930,82050,0
BANKNIFTY29MAY2560100CE.NFO,2025-05-23,13:06:00,2025-05-29,3.85,3.85,3.55,3.85,450,82050,0
BANKNIFTY29MAY2560100CE.NFO,2025-05-23,13:07:00,2025-05-29,3.85,3.85,3.85,3.85,0,82050,0
BANKNIFTY29MAY2560100CE.NFO,2025-05-23,13:08:00,2025-05-29,3.85,3.85,3.85,3.85,0,82050,0
BANKNIFTY29MAY2560100CE.NFO,2025-05-23,13:09:00,2025-05-29,3.85,3.85,3.85,3.85,0,82050,0
BANKNIFTY29MAY2560100CE.NFO,2025-05-23,13:10:00,2025-05-29,3.85,3.85,3.85,3.85,0,82050,0
BANKNIFTY29MAY2560100CE.NFO,2025-05-23,13:11:00,2025-05-29,3.85,3.85,3.85,3.85,0,82050,1
BANKNIFTY29MAY2560100CE.NFO,2025-05-23,13:12:00,2025-05-29,3.85,3.85,3.85,3.85,0,82050,0
BANKNIFTY29MAY2560100CE.NFO,2025-05-23,13:13:00,2025-05-29,3.85,3.85,3.85,3.85,0,82050,0
BANKNIFTY29MAY2560100CE.NFO,2025-05-23,13:14:00,2025-05-29,3.85,3.85,3.85,3.85,0,82050,0
BANKNIFTY29MAY2560100CE.NFO,2025-05-23,13:15:00,2025-05-29,3.85,3.85,3.85,3.85,0,82050,0
BANKNIFTY29MAY2560100CE.NFO,2025-05-23,13:16:00,2025-05-29,3.85,3.85,3.85,3.85,0,82050,0
BANKNIFTY29MAY2560100CE.NFO,2025-05-23,13:17:00,2025-05-29,3.85,3.9,3.85,3.9,0,82020,0
BANKNIFTY29MAY2560100CE.NFO,2025-05-23,13:18:00,2025-05-29,3.9,3.9,3.9,3.9,360,82020,0
BANKNIFTY29MAY2560100CE.NFO,2025-05-23,13:19:00,2025-05-29,3.9,3.9,3.9,3.9,0,82020,0
BANKNIFTY29MAY2560100CE.NFO,2025-05-23,13:20:00,2025-05-29,3.9,3.9,3.9,3.9,0,82020,0
BANKNIFTY29MAY2560100CE.NFO,2025-05-23,13:21:00,2025-05-29,3.9,3.9,3.9,3.9,0,82020,0
BANKNIFTY29MAY2560100CE.NFO,2025-05-23,13:22:00,2025-05-29,3.9,3.9,3.9,3.9,0,82020,0
BANKNIFTY29MAY2560100CE.NFO,2025-05-23,13:23:00,2025-05-29,3.9,3.9,3.9,3.9,0,82020,0
BANKNIFTY29MAY2560100CE.NFO,2025-05-23,13:24:00,2025-05-29,3.9,3.9,3.9,3.9,0,82020,0
BANKNIFTY29MAY2560100CE.NFO,2025-05-23,13:25:00,2025-05-29,3.9,3.9,3.9,3.9,0,82020,1
BANKNIFTY29MAY2560100CE.NFO,2025-05-23,13:26:00,2025-05-29,3.9,3.9,3.9,3.9,0,82020,1
BANKNIFTY29MAY2560100CE.NFO,2025-05-23,13:27:00,2025-05-29,3.9,3.9,3.9,3.9,0,82020,1
BANKNIFTY29MAY2560100CE.NFO,2025-05-23,13:28:00,2025-05-29,3.9,3.9,3.9,3.9,0,82020,0
BANKNIFTY29MAY2560100CE.NFO,2025-05-23,13:29:00,2025-05-29,3.9,3.9,3.9,3.9,0,82020,0
BANKNIFTY29MAY2560100CE.NFO,2025-05-23,13:30:00,2025-05-29,3.9,3.9,3.9,3.9,0,82020,0
BANKNIFTY29MAY2560100CE.NFO,2025-05-23,13:31:00,2025-05-29,3.9,3.9,3.9,3.9,0,82020,0
BANKNIFTY29MAY2560100CE.NFO,2025-05-23,13:32:00,2025-05-29,3.9,3.9,3.9,3.9,0,82020,0
BANKNIFTY29MAY2560100CE.NFO,2025-05-23,13:33:00,2025-05-29,3.9,3.9,3.9,3.9,0,82020,0
BANKNIFTY29MAY2560100CE.NFO,2025-05-23,13:34:00,2025-05-29,3.9,3.9,3.9,3.9,0,82020,0
BANKNIFTY29MAY2560100CE.NFO,2025-05-23,13:35:00,2025-05-29,3.9,3.9,3.9,3.9,0,82020,0
BANKNIFTY29MAY2560100CE.NFO,2025-05-23,13:36:00,2025-05-29,3.9,3.9,3.9,3.9,0,82020,0
BANKNIFTY29MAY2560100CE.NFO,2025-05-23,13:37:00,2025-05-29,3.9,3.9,3.9,3.9,0,82020,0
BANKNIFTY29MAY2560100CE.NFO,2025-05-23,13:38:00,2025-05-29,3.9,3.9,3.9,3.9,0,82020,0
BANKNIFTY29MAY2560100CE.NFO,2025-05-23,13:39:00,2025-05-29,3.9,3.9,3.9,3.9,0,82020,0
BANKNIFTY29MAY2560100CE.NFO,2025-05-23,13:40:00,2025-05-29,3.9,3.9,3.9,3.9,0,82020,0
BANKNIFTY29MAY2560100CE.NFO,2025-05-23,13:41:00,2025-05-29,3.9,3.9,3.9,3.9,0,82020,0
BANKNIFTY29MAY2560100CE.NFO,2025-05-23,13:42:00,2025-05-29,3.9,3.9,3.9,3.9,0,82020,0
BANKNIFTY29MAY2560100CE.NFO,2025-05-23,13:43:00,2025-05-29,3.9,3.9,3.9,3.9,0,82020,0
BANKNIFTY29MAY2560100CE.NFO,2025-05-23,13:44:00,2025-05-29,3.9,3.9,3.9,3.9,0,82020,0
BANKNIFTY29MAY2560100CE.NFO,2025-05-23,13:45:00,2025-05-29,3.9,3.9,3.9,3.9,0,82020,0
BANKNIFTY29MAY2560100CE.NFO,2025-05-23,13:46:00,2025-05-29,3.9,3.9,3.9,3.9,0,82020,0
BANKNIFTY29MAY2560100CE.NFO,2025-05-23,13:47:00,2025-05-29,3.9,3.9,3.9,3.9,0,82020,0
BANKNIFTY29MAY2560100CE.NFO,2025-05-23,13:48:00,2025-05-29,3.9,3.9,3.9,3.9,0,82020,0
BANKNIFTY29MAY2560100CE.NFO,2025-05-23,13:49:00,2025-05-29,3.9,3.9,3.9,3.9,0,82020,0
BANKNIFTY29MAY2560100CE.NFO,2025-05-23,13:50:00,2025-05-29,3.9,3.9,3.9,3.9,0,82020,0
BANKNIFTY29MAY2560100CE.NFO,2025-05-23,13:51:00,2025-05-29,3.9,3.9,3.9,3.9,0,82020,0
BANKNIFTY29MAY2560100CE.NFO,2025-05-23,13:52:00,2025-05-29,3.9,3.9,3.9,3.9,0,82020,0
BANKNIFTY29MAY2560100CE.NFO,2025-05-23,13:53:00,2025-05-29,3.9,3.9,3.9,3.9,0,82020,0
BANKNIFTY29MAY2560100CE.NFO,2025-05-23,13:54:00,2025-05-29,3.9,3.9,3.9,3.9,0,82020,0
BANKNIFTY29MAY2560100CE.NFO,2025-05-23,13:55:00,2025-05-29,3.9,3.9,3.9,3.9,0,82020,0
BANKNIFTY29MAY2560100CE.NFO,2025-05-23,13:56:00,2025-05-29,3.9,3.9,3.9,3.9,0,82020,0
BANKNIFTY29MAY2560100CE.NFO,2025-05-23,13:57:00,2025-05-29,3.9,3.9,3.9,3.9,0,82020,0
BANKNIFTY29MAY2560100CE.NFO,2025-05-23,13:58:00,2025-05-29,3.9,3.9,3.9,3.9,0,82020,0
BANKNIFTY29MAY2560100CE.NFO,2025-05-23,13:59:00,2025-05-29,3.9,3.9,3.9,3.9,0,82020,0
BANKNIFTY29MAY2560100CE.NFO,2025-05-23,14:00:00,2025-05-29,3.9,3.9,3.9,3.9,0,82020,0
BANKNIFTY29MAY2560100CE.NFO,2025-05-23,14:01:00,2025-05-29,4.6,4.6,4.6,4.6,270,81660,0
BANKNIFTY29MAY2560100CE.NFO,2025-05-23,14:02:00,2025-05-29,4.6,4.6,4.6,4.6,0,81660,0
BANKNIFTY29MAY2560100CE.NFO,2025-05-23,14:03:00,2025-05-29,4.6,4.6,4.6,4.6,0,81660,0
BANKNIFTY29MAY2560100CE.NFO,2025-05-23,14:04:00,2025-05-29,4.6,4.6,4.6,4.6,0,81660,0
BANKNIFTY29MAY2560100CE.NFO,2025-05-23,14:05:00,2025-05-29,4.6,4.6,4.6,4.6,0,81660,0
BANKNIFTY29MAY2560100CE.NFO,2025-05-23,14:06:00,2025-05-29,4.6,4.6,4.6,4.6,0,81660,0
BANKNIFTY29MAY2560100CE.NFO,2025-05-23,14:07:00,2025-05-29,4.6,4.6,4.6,4.6,0,81660,0
BANKNIFTY29MAY2560100CE.NFO,2025-05-23,14:08:00,2025-05-29,4.6,4.6,4.6,4.6,0,81660,0
BANKNIFTY29MAY2560100CE.NFO,2025-05-23,14:09:00,2025-05-29,4.6,4.6,4.6,4.6,0,81660,0
BANKNIFTY29MAY2560100CE.NFO,2025-05-23,14:10:00,2025-05-29,4.6,4.6,4.6,4.6,0,81660,0
BANKNIFTY29MAY2560100CE.NFO,2025-05-23,14:11:00,2025-05-29,4.6,4.6,4.6,4.6,0,81660,0
BANKNIFTY29MAY2560100CE.NFO,2025-05-23,14:12:00,2025-05-29,4.6,4.6,3.75,3.75,0,81660,0
BANKNIFTY29MAY2560100CE.NFO,2025-05-23,14:13:00,2025-05-29,3.75,3.75,3.5,3.75,180,81660,0
BANKNIFTY29MAY2560100CE.NFO,2025-05-23,14:14:00,2025-05-29,3.75,3.75,3.75,3.75,330,81660,0
BANKNIFTY29MAY2560100CE.NFO,2025-05-23,14:15:00,2025-05-29,3.75,3.75,3.75,3.75,0,81660,0
BANKNIFTY29MAY2560100CE.NFO,2025-05-23,14:16:00,2025-05-29,3.75,3.75,3.65,3.65,300,81480,0
BANKNIFTY29MAY2560100CE.NFO,2025-05-23,14:17:00,2025-05-29,3.65,3.65,3.65,3.65,0,81480,0
BANKNIFTY29MAY2560100CE.NFO,2025-05-23,14:18:00,2025-05-29,3.65,3.65,3.55,3.55,120,81480,0
BANKNIFTY29MAY2560100CE.NFO,2025-05-23,14:19:00,2025-05-29,3.55,3.6,3.55,3.6,60,81540,0
BANKNIFTY29MAY2560100CE.NFO,2025-05-23,14:20:00,2025-05-29,3.6,3.6,3.5,3.55,270,81540,0
BANKNIFTY29MAY2560100CE.NFO,2025-05-23,14:21:00,2025-05-29,3.55,3.55,3.55,3.55,0,81540,0
BANKNIFTY29MAY2560100CE.NFO,2025-05-23,14:22:00,2025-05-29,3.55,3.55,3.55,3.55,0,81540,0
BANKNIFTY29MAY2560100CE.NFO,2025-05-23,14:23:00,2025-05-29,3.55,3.55,3.55,3.55,0,81540,0
BANKNIFTY29MAY2560100CE.NFO,2025-05-23,14:24:00,2025-05-29,3.55,3.55,3.55,3.55,30,81630,0
BANKNIFTY29MAY2560100CE.NFO,2025-05-23,14:25:00,2025-05-29,3.55,3.55,3.55,3.55,0,81630,0
BANKNIFTY29MAY2560100CE.NFO,2025-05-23,14:26:00,2025-05-29,3.55,4.05,3.55,4.05,90,81630,0
BANKNIFTY29MAY2560100CE.NFO,2025-05-23,14:27:00,2025-05-29,4.05,4.05,3.3,3.45,270,81630,0
BANKNIFTY29MAY2560100CE.NFO,2025-05-23,14:28:00,2025-05-29,3.45,3.45,3.45,3.45,0,81630,0
BANKNIFTY29MAY2560100CE.NFO,2025-05-23,14:29:00,2025-05-29,3.45,3.45,3.45,3.45,0,81630,0
BANKNIFTY29MAY2560100CE.NFO,2025-05-23,14:30:00,2025-05-29,3.45,3.45,3.45,3.45,0,81630,0
BANKNIFTY29MAY2560100CE.NFO,2025-05-23,14:31:00,2025-05-29,3.45,3.45,3.45,3.45,0,81630,0
BANKNIFTY29MAY2560100CE.NFO,2025-05-23,14:32:00,2025-05-29,3.45,3.45,3.45,3.45,0,81630,1
BANKNIFTY29MAY2560100CE.NFO,2025-05-23,14:33:00,2025-05-29,3.45,3.45,3.45,3.45,0,81630,0
BANKNIFTY29MAY2560100CE.NFO,2025-05-23,14:34:00,2025-05-29,3.45,4.6,3.45,4.6,60,81630,0
BANKNIFTY29MAY2560100CE.NFO,2025-05-23,14:35:00,2025-05-29,4.6,4.6,3.5,3.5,120,81630,0
BANKNIFTY29MAY2560100CE.NFO,2025-05-23,14:36:00,2025-05-29,3.5,3.5,3.4,3.4,60,81630,0
BANKNIFTY29MAY2560100CE.NFO,2025-05-23,14:37:00,2025-05-29,3.4,3.4,3.4,3.4,0,81630,0
BANKNIFTY29MAY2560100CE.NFO,2025-05-23,14:38:00,2025-05-29,3.4,3.4,3.4,3.4,0,81630,0
BANKNIFTY29MAY2560100CE.NFO,2025-05-23,14:39:00,2025-05-29,3.4,4.0,3.35,3.35,150,81630,0
BANKNIFTY29MAY2560100CE.NFO,2025-05-23,14:40:00,2025-05-29,3.35,3.35,3.35,3.35,0,81630,0
BANKNIFTY29MAY2560100CE.NFO,2025-05-23,14:41:00,2025-05-29,3.35,3.7,3.3,3.35,180,81600,0
BANKNIFTY29MAY2560100CE.NFO,2025-05-23,14:42:00,2025-05-29,3.35,3.55,3.35,3.5,1080,81600,0
BANKNIFTY29MAY2560100CE.NFO,2025-05-23,14:43:00,2025-05-29,3.5,3.65,3.3,3.65,150,81690,0
BANKNIFTY29MAY2560100CE.NFO,2025-05-23,14:44:00,2025-05-29,3.65,3.65,3.65,3.65,30,81690,0
BANKNIFTY29MAY2560100CE.NFO,2025-05-23,14:45:00,2025-05-29,3.65,3.65,3.55,3.55,90,81690,0
BANKNIFTY29MAY2560100CE.NFO,2025-05-23,14:46:00,2025-05-29,3.55,3.55,3.35,3.55,420,81690,0
BANKNIFTY29MAY2560100CE.NFO,2025-05-23,14:47:00,2025-05-29,3.55,3.55,3.55,3.55,0,81690,0
BANKNIFTY29MAY2560100CE.NFO,2025-05-23,14:48:00,2025-05-29,3.55,3.55,3.55,3.55,0,81690,0
BANKNIFTY29MAY2560100CE.NFO,2025-05-23,14:49:00,2025-05-29,3.55,4.2,3.55,4.2,30,81930,0
BANKNIFTY29MAY2560100CE.NFO,2025-05-23,14:50:00,2025-05-29,4.2,4.2,3.55,3.55,30,81930,0
BANKNIFTY29MAY2560100CE.NFO,2025-05-23,14:51:00,2025-05-29,3.55,3.55,3.55,3.55,0,81930,0
BANKNIFTY29MAY2560100CE.NFO,2025-05-23,14:52:00,2025-05-29,3.55,3.65,3.2,3.55,210,81930,0
BANKNIFTY29MAY2560100CE.NFO,2025-05-23,14:53:00,2025-05-29,3.55,3.55,3.55,3.55,0,81930,0
BANKNIFTY29MAY2560100CE.NFO,2025-05-23,14:54:00,2025-05-29,3.55,3.55,3.55,3.55,0,81930,0
BANKNIFTY29MAY2560100CE.NFO,2025-05-23,14:55:00,2025-05-29,3.55,3.55,3.55,3.55,0,81930,0
BANKNIFTY29MAY2560100CE.NFO,2025-05-23,14:56:00,2025-05-29,3.55,3.55,3.55,3.55,0,81930,0
BANKNIFTY29MAY2560100CE.NFO,2025-05-23,14:57:00,2025-05-29,3.55,3.55,3.55,3.55,0,81930,0
BANKNIFTY29MAY2560100CE.NFO,2025-05-23,14:58:00,2025-05-29,3.55,3.55,3.55,3.55,0,81930,0
BANKNIFTY29MAY2560100CE.NFO,2025-05-23,14:59:00,2025-05-29,3.55,3.55,3.55,3.55,0,81930,0
BANKNIFTY29MAY2560100CE.NFO,2025-05-23,15:00:00,2025-05-29,3.55,3.55,3.55,3.55,0,81930,0
BANKNIFTY29MAY2560100CE.NFO,2025-05-23,15:01:00,2025-05-29,3.55,3.55,3.55,3.55,0,81930,0
BANKNIFTY29MAY2560100CE.NFO,2025-05-23,15:02:00,2025-05-29,3.55,3.55,3.55,3.55,0,81930,0
BANKNIFTY29MAY2560100CE.NFO,2025-05-23,15:03:00,2025-05-29,3.55,3.55,3.55,3.55,0,81930,0
BANKNIFTY29MAY2560100CE.NFO,2025-05-23,15:04:00,2025-05-29,3.55,3.55,3.55,3.55,0,81930,0
BANKNIFTY29MAY2560100CE.NFO,2025-05-23,15:05:00,2025-05-29,3.55,3.55,3.55,3.55,0,81930,0
BANKNIFTY29MAY2560100CE.NFO,2025-05-23,15:06:00,2025-05-29,3.55,3.55,3.1,3.1,0,81720,0
BANKNIFTY29MAY2560100CE.NFO,2025-05-23,15:07:00,2025-05-29,3.1,3.65,3.1,3.65,480,81720,0
BANKNIFTY29MAY2560100CE.NFO,2025-05-23,15:08:00,2025-05-29,3.65,3.65,3.65,3.65,0,81720,0
BANKNIFTY29MAY2560100CE.NFO,2025-05-23,15:09:00,2025-05-29,3.65,3.65,3.65,3.65,0,81720,0
BANKNIFTY29MAY2560100CE.NFO,2025-05-23,15:10:00,2025-05-29,3.65,3.65,3.65,3.65,0,81720,0
BANKNIFTY29MAY2560100CE.NFO,2025-05-23,15:11:00,2025-05-29,3.65,3.65,3.65,3.65,0,81720,1
BANKNIFTY29MAY2560100CE.NFO,2025-05-23,15:12:00,2025-05-29,3.65,3.65,3.65,3.65,0,81720,0
BANKNIFTY29MAY2560100CE.NFO,2025-05-23,15:13:00,2025-05-29,3.65,3.65,3.65,3.65,0,81720,0
BANKNIFTY29MAY2560100CE.NFO,2025-05-23,15:14:00,2025-05-29,3.65,3.65,3.65,3.65,0,81720,1
BANKNIFTY29MAY2560100CE.NFO,2025-05-23,15:15:00,2025-05-29,3.5,3.5,3.5,3.5,120,81570,0
BANKNIFTY29MAY2560100CE.NFO,2025-05-23,15:16:00,2025-05-29,3.5,3.6,3.45,3.55,4140,82800,0
BANKNIFTY29MAY2560100CE.NFO,2025-05-23,15:17:00,2025-05-29,3.55,3.65,3.5,3.5,150,82800,0
BANKNIFTY29MAY2560100CE.NFO,2025-05-23,15:18:00,2025-05-29,3.5,3.5,3.5,3.5,360,82800,0
BANKNIFTY29MAY2560100CE.NFO,2025-05-23,15:19:00,2025-05-29,3.5,3.5,3.5,3.5,120,82800,0
BANKNIFTY29MAY2560100CE.NFO,2025-05-23,15:20:00,2025-05-29,3.7,3.7,3.7,3.7,1620,82710,0
BANKNIFTY29MAY2560100CE.NFO,2025-05-23,15:21:00,2025-05-29,3.7,3.7,3.7,3.7,0,82710,0
BANKNIFTY29MAY2560100CE.NFO,2025-05-23,15:22:00,2025-05-29,3.7,3.7,3.7,3.7,0,82710,0
BANKNIFTY29MAY2560100CE.NFO,2025-05-23,15:23:00,2025-05-29,3.7,3.7,3.7,3.7,0,82710,0
BANKNIFTY29MAY2560100CE.NFO,2025-05-23,15:24:00,2025-05-29,3.7,3.7,3.7,3.7,0,82710,0
BANKNIFTY29MAY2560100CE.NFO,2025-05-23,15:25:00,2025-05-29,3.7,3.75,3.5,3.55,1080,81150,0
BANKNIFTY29MAY2560100CE.NFO,2025-05-23,15:26:00,2025-05-29,3.55,3.55,3.55,3.55,60,81150,0
BANKNIFTY29MAY2560100CE.NFO,2025-05-23,15:27:00,2025-05-29,3.55,3.55,3.5,3.5,750,81150,0
BANKNIFTY29MAY2560100CE.NFO,2025-05-23,15:28:00,2025-05-29,3.5,3.5,3.5,3.5,0,81150,0
BANKNIFTY29MAY2560100CE.NFO,2025-05-23,15:29:00,2025-05-29,3.5,3.5,3.35,3.35,60,81210,0
BANKNIFTY29MAY2560100CE.NFO,2025-05-23,15:30:00,2025-05-29,3.35,3.35,3.35,3.35,60,81210,1
BANKNIFTY29MAY2560100CE.NFO,2025-05-26,09:15:00,2025-05-29,4.45,4.45,4.45,4.45,0,0,0
BANKNIFTY29MAY2560100CE.NFO,2025-05-26,09:16:00,2025-05-29,4.45,4.45,4.45,4.45,0,0,1
BANKNIFTY29MAY2560100CE.NFO,2025-05-26,09:17:00,2025-05-29,3.8,4.45,3.15,3.2,60,81150,0
BANKNIFTY29MAY2560100CE.NFO,2025-05-26,09:18:00,2025-05-29,3.2,4.75,3.2,4.25,720,81150,0
BANKNIFTY29MAY2560100CE.NFO,2025-05-26,09:19:00,2025-05-29,4.25,4.3,3.35,3.35,510,81810,0
BANKNIFTY29MAY2560100CE.NFO,2025-05-26,09:20:00,2025-05-29,3.35,4.05,3.3,4.05,450,81810,0
BANKNIFTY29MAY2560100CE.NFO,2025-05-26,09:21:00,2025-05-29,4.05,4.55,3.65,4.35,510,82140,0
BANKNIFTY29MAY2560100CE.NFO,2025-05-26,09:22:00,2025-05-29,4.35,4.7,3.85,4.7,630,82140,0
BANKNIFTY29MAY2560100CE.NFO,2025-05-26,09:23:00,2025-05-29,4.7,4.7,3.6,3.6,270,82140,0
BANKNIFTY29MAY2560100CE.NFO,2025-05-26,09:24:00,2025-05-29,3.6,4.55,3.6,3.95,2310,82560,0
BANKNIFTY29MAY2560100CE.NFO,2025-05-26,09:25:00,2025-05-29,4.4,4.45,4.35,4.45,180,82560,0
BANKNIFTY29MAY2560100CE.NFO,2025-05-26,09:26:00,2025-05-29,4.45,4.45,4.2,4.45,360,82560,0
BANKNIFTY29MAY2560100CE.NFO,2025-05-26,09:27:00,2025-05-29,4.45,4.55,4.4,4.55,3420,80370,0
BANKNIFTY29MAY2560100CE.NFO,2025-05-26,09:28:00,2025-05-29,4.55,4.55,4.45,4.45,180,80370,0
BANKNIFTY29MAY2560100CE.NFO,2025-05-26,09:29:00,2025-05-29,4.5,4.5,4.1,4.45,420,80370,0
BANKNIFTY29MAY2560100CE.NFO,2025-05-26,09:30:00,2025-05-29,4.1,4.4,4.1,4.3,150,80010,0
BANKNIFTY29MAY2560100CE.NFO,2025-05-26,09:31:00,2025-05-29,4.3,4.4,4.1,4.2,480,80010,0
BANKNIFTY29MAY2560100CE.NFO,2025-05-26,09:32:00,2025-05-29,4.2,4.35,4.15,4.15,810,80010,0
BANKNIFTY29MAY2560100CE.NFO,2025-05-26,09:33:00,2025-05-29,4.15,4.3,4.15,4.15,30,79320,0
BANKNIFTY29MAY2560100CE.NFO,2025-05-26,09:34:00,2025-05-29,4.15,4.35,4.1,4.15,300,79320,0
BANKNIFTY29MAY2560100CE.NFO,2025-05-26,09:35:00,2025-05-29,4.15,4.15,4.15,4.15,0,79320,0
BANKNIFTY29MAY2560100CE.NFO,2025-05-26,09:36:00,2025-05-29,4.15,4.3,4.05,4.05,210,79230,0
BANKNIFTY29MAY2560100CE.NFO,2025-05-26,09:37:00,2025-05-29,4.05,4.05,4.05,4.05,0,79230,0
BANKNIFTY29MAY2560100CE.NFO,2025-05-26,09:38:00,2025-05-29,4.05,4.05,4.05,4.05,0,79230,0
BANKNIFTY29MAY2560100CE.NFO,2025-05-26,09:39:00,2025-05-29,4.05,4.05,4.05,4.05,0,79230,0
BANKNIFTY29MAY2560100CE.NFO,2025-05-26,09:40:00,2025-05-29,4.05,4.05,4.05,4.05,0,79230,0
BANKNIFTY29MAY2560100CE.NFO,2025-05-26,09:41:00,2025-05-29,4.05,4.05,4.05,4.05,0,79230,0
BANKNIFTY29MAY2560100CE.NFO,2025-05-26,09:42:00,2025-05-29,4.05,4.05,4.05,4.05,0,79230,0
BANKNIFTY29MAY2560100CE.NFO,2025-05-26,09:43:00,2025-05-29,4.05,4.05,4.05,4.05,0,79230,0
BANKNIFTY29MAY2560100CE.NFO,2025-05-26,09:44:00,2025-05-29,4.05,4.05,4.05,4.05,0,79230,0
BANKNIFTY29MAY2560100CE.NFO,2025-05-26,09:45:00,2025-05-29,4.05,4.5,4.05,4.2,1140,79110,0
BANKNIFTY29MAY2560100CE.NFO,2025-05-26,09:46:00,2025-05-29,4.2,4.45,4.2,4.3,1080,79170,0
BANKNIFTY29MAY2560100CE.NFO,2025-05-26,09:47:00,2025-05-29,4.3,4.35,4.3,4.35,30,79170,0
BANKNIFTY29MAY2560100CE.NFO,2025-05-26,09:48:00,2025-05-29,4.35,4.35,4.3,4.3,120,79170,0
BANKNIFTY29MAY2560100CE.NFO,2025-05-26,09:49:00,2025-05-29,4.3,4.3,3.2,3.95,1260,79920,0
BANKNIFTY29MAY2560100CE.NFO,2025-05-26,09:50:00,2025-05-29,3.95,4.05,3.8,4.05,150,79920,0
BANKNIFTY29MAY2560100CE.NFO,2025-05-26,09:51:00,2025-05-29,4.05,4.05,4.0,4.05,120,79920,0
BANKNIFTY29MAY2560100CE.NFO,2025-05-26,09:52:00,2025-05-29,4.05,4.05,3.6,3.6,0,79260,0
BANKNIFTY29MAY2560100CE.NFO,2025-05-26,09:53:00,2025-05-29,3.6,4.05,3.6,4.05,750,79260,0
BANKNIFTY29MAY2560100CE.NFO,2025-05-26,09:54:00,2025-05-29,4.15,4.15,3.8,4.05,1050,79260,0
BANKNIFTY29MAY2560100CE.NFO,2025-05-26,09:55:00,2025-05-29,4.05,4.05,3.75,4.0,90,80490,0
BANKNIFTY29MAY2560100CE.NFO,2025-05-26,09:56:00,2025-05-29,4.0,4.0,4.0,4.0,0,80490,0
BANKNIFTY29MAY2560100CE.NFO,2025-05-26,09:57:00,2025-05-29,4.0,4.0,3.75,3.75,60,80490,0
BANKNIFTY29MAY2560100CE.NFO,2025-05-26,09:58:00,2025-05-29,3.75,4.0,3.75,4.0,30,80400,0
BANKNIFTY29MAY2560100CE.NFO,2025-05-26,09:59:00,2025-05-29,4.0,4.0,3.8,3.8,780,80400,0
BANKNIFTY29MAY2560100CE.NFO,2025-05-26,10:00:00,2025-05-29,3.8,3.8,3.8,3.8,0,80400,0
BANKNIFTY29MAY2560100CE.NFO,2025-05-26,10:01:00,2025-05-29,3.8,4.0,3.8,3.8,60,79620,0
BANKNIFTY29MAY2560100CE.NFO,2025-05-26,10:02:00,2025-05-29,3.8,3.8,3.8,3.8,30,79620,0
BANKNIFTY29MAY2560100CE.NFO,2025-05-26,10:03:00,2025-05-29,3.8,3.8,3.8,3.8,0,79620,0
BANKNIFTY29MAY2560100CE.NFO,2025-05-26,10:04:00,2025-05-29,3.8,3.8,3.8,3.8,0,79620,0
BANKNIFTY29MAY2560100CE.NFO,2025-05-26,10:05:00,2025-05-29,3.8,4.05,3.65,4.05,150,79620,0
BANKNIFTY29MAY2560100CE.NFO,2025-05-26,10:06:00,2025-05-29,4.05,4.05,3.65,3.65,90,79620,0
BANKNIFTY29MAY2560100CE.NFO,2025-05-26,10:07:00,2025-05-29,3.85,3.85,3.85,3.85,30,79500,0
BANKNIFTY29MAY2560100CE.NFO,2025-05-26,10:08:00,2025-05-29,3.85,3.85,3.85,3.85,0,79500,0
BANKNIFTY29MAY2560100CE.NFO,2025-05-26,10:09:00,2025-05-29,4.15,4.15,3.65,3.65,60,79500,0
BANKNIFTY29MAY2560100CE.NFO,2025-05-26,10:10:00,2025-05-29,3.65,3.65,3.6,3.6,60,79470,0
BANKNIFTY29MAY2560100CE.NFO,2025-05-26,10:11:00,2025-05-29,3.6,3.85,3.6,3.85,60,79470,0
BANKNIFTY29MAY2560100CE.NFO,2025-05-26,10:12:00,2025-05-29,3.85,3.9,3.85,3.9,330,79470,0
BANKNIFTY29MAY2560100CE.NFO,2025-05-26,10:13:00,2025-05-29,3.85,3.85,3.85,3.85,90,79380,0
BANKNIFTY29MAY2560100CE.NFO,2025-05-26,10:14:00,2025-05-29,3.85,3.85,3.5,3.85,150,79380,0
BANKNIFTY29MAY2560100CE.NFO,2025-05-26,10:15:00,2025-05-29,3.85,3.85,3.75,3.75,30,79380,0
BANKNIFTY29MAY2560100CE.NFO,2025-05-26,10:16:00,2025-05-29,3.45,3.9,3.45,3.9,60,79410,0
BANKNIFTY29MAY2560100CE.NFO,2025-05-26,10:17:00,2025-05-29,3.9,3.9,3.9,3.9,0,79410,0
BANKNIFTY29MAY2560100CE.NFO,2025-05-26,10:18:00,2025-05-29,3.9,3.9,3.9,3.9,0,79410,0
BANKNIFTY29MAY2560100CE.NFO,2025-05-26,10:19:00,2025-05-29,3.9,3.9,3.75,3.75,0,79440,0
BANKNIFTY29MAY2560100CE.NFO,2025-05-26,10:20:00,2025-05-29,3.75,3.75,3.75,3.75,690,79440,0
BANKNIFTY29MAY2560100CE.NFO,2025-05-26,10:21:00,2025-05-29,3.75,3.8,3.75,3.8,420,79440,0
BANKNIFTY29MAY2560100CE.NFO,2025-05-26,10:22:00,2025-05-29,3.8,3.8,3.8,3.8,0,79440,0
BANKNIFTY29MAY2560100CE.NFO,2025-05-26,10:23:00,2025-05-29,3.8,3.8,3.8,3.8,0,79440,0
BANKNIFTY29MAY2560100CE.NFO,2025-05-26,10:24:00,2025-05-29,3.8,3.8,3.8,3.8,240,79680,0
BANKNIFTY29MAY2560100CE.NFO,2025-05-26,10:25:00,2025-05-29,3.8,3.85,3.6,3.6,60,79680,0
BANKNIFTY29MAY2560100CE.NFO,2025-05-26,10:26:00,2025-05-29,3.6,3.6,3.6,3.6,0,79680,0
BANKNIFTY29MAY2560100CE.NFO,2025-05-26,10:27:00,2025-05-29,3.6,3.6,3.45,3.45,30,79680,0
BANKNIFTY29MAY2560100CE.NFO,2025-05-26,10:28:00,2025-05-29,3.8,3.8,3.45,3.45,270,79620,0
BANKNIFTY29MAY2560100CE.NFO,2025-05-26,10:29:00,2025-05-29,3.45,3.45,3.45,3.45,0,79620,0
BANKNIFTY29MAY2560100CE.NFO,2025-05-26,10:30:00,2025-05-29,3.45,3.45,2.4,2.4,600,79620,0
BANKNIFTY29MAY2560100CE.NFO,2025-05-26,10:31:00,2025-05-29,2.4,3.7,2.4,3.7,330,79080,0
BANKNIFTY29MAY2560100CE.NFO,2025-05-26,10:32:00,2025-05-29,3.7,3.7,2.9,2.9,90,79080,0
BANKNIFTY29MAY2560100CE.NFO,2025-05-26,10:33:00,2025-05-29,2.9,3.45,2.9,3.45,180,79080,0
BANKNIFTY29MAY2560100CE.NFO,2025-05-26,10:34:00,2025-05-29,3.45,3.45,3.45,3.45,0,79080,0
BANKNIFTY29MAY2560100CE.NFO,2025-05-26,10:35:00,2025-05-29,3.45,3.45,3.45,3.45,0,79080,0
BANKNIFTY29MAY2560100CE.NFO,2025-05-26,10:36:00,2025-05-29,3.45,3.45,2.95,2.95,0,78870,0
BANKNIFTY29MAY2560100CE.NFO,2025-05-26,10:37:00,2025-05-29,2.95,3.4,2.95,2.95,360,78870,0
BANKNIFTY29MAY2560100CE.NFO,2025-05-26,10:38:00,2025-05-29,2.95,2.95,2.95,2.95,300,78870,0
BANKNIFTY29MAY2560100CE.NFO,2025-05-26,10:39:00,2025-05-29,3.4,3.4,3.0,3.0,120,78870,0
BANKNIFTY29MAY2560100CE.NFO,2025-05-26,10:40:00,2025-05-29,3.0,3.0,3.0,3.0,0,78870,0
BANKNIFTY29MAY2560100CE.NFO,2025-05-26,10:41:00,2025-05-29,3.0,3.05,3.0,3.05,180,78990,0
BANKNIFTY29MAY2560100CE.NFO,2025-05-26,10:42:00,2025-05-29,3.05,3.1,3.05,3.1,60,78990,0
BANKNIFTY29MAY2560100CE.NFO,2025-05-26,10:43:00,2025-05-29,3.1,3.1,2.95,2.95,90,78810,0
BANKNIFTY29MAY2560100CE.NFO,2025-05-26,10:44:00,2025-05-29,2.95,2.95,2.95,2.95,0,78810,0
BANKNIFTY29MAY2560100CE.NFO,2025-05-26,10:45:00,2025-05-29,2.9,2.9,2.3,2.8,2010,78810,0
BANKNIFTY29MAY2560100CE.NFO,2025-05-26,10:46:00,2025-05-29,2.8,2.8,2.8,2.8,0,78810,0
BANKNIFTY29MAY2560100CE.NFO,2025-05-26,10:47:00,2025-05-29,2.8,2.8,2.8,2.8,0,78810,0
BANKNIFTY29MAY2560100CE.NFO,2025-05-26,10:48:00,2025-05-29,2.8,2.8,2.8,2.8,0,78810,0
BANKNIFTY29MAY2560100CE.NFO,2025-05-26,10:49:00,2025-05-29,3.15,3.45,3.15,3.45,390,78630,0
BANKNIFTY29MAY2560100CE.NFO,2025-05-26,10:50:00,2025-05-29,3.45,3.45,3.45,3.45,0,78630,0
BANKNIFTY29MAY2560100CE.NFO,2025-05-26,10:51:00,2025-05-29,3.45,3.45,2.85,3.3,120,78630,0
BANKNIFTY29MAY2560100CE.NFO,2025-05-26,10:52:00,2025-05-29,3.3,3.3,2.65,3.25,420,79050,0
BANKNIFTY29MAY2560100CE.NFO,2025-05-26,10:53:00,2025-05-29,3.25,3.25,3.25,3.25,0,79050,0
BANKNIFTY29MAY2560100CE.NFO,2025-05-26,10:54:00,2025-05-29,3.3,3.3,3.3,3.3,60,79050,0
BANKNIFTY29MAY2560100CE.NFO,2025-05-26,10:55:00,2025-05-29,3.3,3.3,3.3,3.3,0,79050,0
BANKNIFTY29MAY2560100CE.NFO,2025-05-26,10:56:00,2025-05-29,3.3,3.3,3.3,3.3,0,79050,0
BANKNIFTY29MAY2560100CE.NFO,2025-05-26,10:57:00,2025-05-29,3.3,3.3,2.55,2.55,30,78990,0
BANKNIFTY29MAY2560100CE.NFO,2025-05-26,10:58:00,2025-05-29,2.55,2.55,2.55,2.55,0,78990,0
BANKNIFTY29MAY2560100CE.NFO,2025-05-26,10:59:00,2025-05-29,2.55,2.55,2.55,2.55,0,78990,0
BANKNIFTY29MAY2560100CE.NFO,2025-05-26,11:00:00,2025-05-29,2.55,2.55,2.55,2.55,0,78990,0
BANKNIFTY29MAY2560100CE.NFO,2025-05-26,11:01:00,2025-05-29,2.55,2.55,2.55,2.55,0,78990,0
BANKNIFTY29MAY2560100CE.NFO,2025-05-26,11:02:00,2025-05-29,2.55,2.55,2.55,2.55,0,78990,0
BANKNIFTY29MAY2560100CE.NFO,2025-05-26,11:03:00,2025-05-29,2.55,2.55,2.55,2.55,0,78990,0
BANKNIFTY29MAY2560100CE.NFO,2025-05-26,11:04:00,2025-05-29,2.55,2.55,2.55,2.55,0,78990,0
BANKNIFTY29MAY2560100CE.NFO,2025-05-26,11:05:00,2025-05-29,2.55,2.55,2.55,2.55,0,78990,0
BANKNIFTY29MAY2560100CE.NFO,2025-05-26,11:06:00,2025-05-29,2.55,2.55,2.55,2.55,0,78990,0
BANKNIFTY29MAY2560100CE.NFO,2025-05-26,11:07:00,2025-05-29,2.55,2.55,2.55,2.55,0,78990,0
BANKNIFTY29MAY2560100CE.NFO,2025-05-26,11:08:00,2025-05-29,2.55,2.55,2.55,2.55,0,78990,0
BANKNIFTY29MAY2560100CE.NFO,2025-05-26,11:09:00,2025-05-29,2.55,2.55,2.55,2.55,0,78990,1
BANKNIFTY29MAY2560100CE.NFO,2025-05-26,11:10:00,2025-05-29,2.55,2.55,2.55,2.55,0,78990,1
BANKNIFTY29MAY2560100CE.NFO,2025-05-26,11:11:00,2025-05-29,2.55,2.55,2.55,2.55,0,78990,0
BANKNIFTY29MAY2560100CE.NFO,2025-05-26,11:12:00,2025-05-29,2.55,2.55,2.55,2.55,0,78990,0
BANKNIFTY29MAY2560100CE.NFO,2025-05-26,11:13:00,2025-05-29,2.55,2.55,2.55,2.55,0,78990,0
BANKNIFTY29MAY2560100CE.NFO,2025-05-26,11:14:00,2025-05-29,2.55,2.55,2.55,2.55,0,78990,0
BANKNIFTY29MAY2560100CE.NFO,2025-05-26,11:15:00,2025-05-29,2.55,2.55,2.55,2.55,0,78990,0
BANKNIFTY29MAY2560100CE.NFO,2025-05-26,11:16:00,2025-05-29,2.55,2.75,2.55,2.75,0,78960,0
BANKNIFTY29MAY2560100CE.NFO,2025-05-26,11:17:00,2025-05-29,2.75,2.75,2.75,2.75,30,78960,0
BANKNIFTY29MAY2560100CE.NFO,2025-05-26,11:18:00,2025-05-29,2.75,3.4,2.75,3.35,240,78960,0
BANKNIFTY29MAY2560100CE.NFO,2025-05-26,11:19:00,2025-05-29,3.35,3.35,3.35,3.35,0,78960,0
BANKNIFTY29MAY2560100CE.NFO,2025-05-26,11:20:00,2025-05-29,3.35,3.35,2.9,2.9,120,78900,0
BANKNIFTY29MAY2560100CE.NFO,2025-05-26,11:21:00,2025-05-29,2.9,2.9,2.9,2.9,0,78900,0
BANKNIFTY29MAY2560100CE.NFO,2025-05-26,11:22:00,2025-05-29,2.9,2.9,2.9,2.9,60,78900,0
BANKNIFTY29MAY2560100CE.NFO,2025-05-26,11:23:00,2025-05-29,2.9,2.9,2.9,2.9,0,78900,0
BANKNIFTY29MAY2560100CE.NFO,2025-05-26,11:24:00,2025-05-29,2.9,2.9,2.9,2.9,0,78900,0
BANKNIFTY29MAY2560100CE.NFO,2025-05-26,11:25:00,2025-05-29,2.9,2.9,2.9,2.9,0,78900,0
BANKNIFTY29MAY2560100CE.NFO,2025-05-26,11:26:00,2025-05-29,2.9,2.9,2.9,2.9,0,78900,0
BANKNIFTY29MAY2560100CE.NFO,2025-05-26,11:27:00,2025-05-29,2.9,2.9,2.6,2.6,0,78930,0
BANKNIFTY29MAY2560100CE.NFO,2025-05-26,11:28:00,2025-05-29,2.6,2.6,2.6,2.6,0,78930,0
BANKNIFTY29MAY2560100CE.NFO,2025-05-26,11:29:00,2025-05-29,2.6,3.5,2.6,2.7,240,78900,0
BANKNIFTY29MAY2560100CE.NFO,2025-05-26,11:30:00,2025-05-29,2.7,2.7,2.7,2.7,0,78900,0
BANKNIFTY29MAY2560100CE.NFO,2025-05-26,11:31:00,2025-05-29,2.7,2.7,2.7,2.7,0,78900,0
BANKNIFTY29MAY2560100CE.NFO,2025-05-26,11:32:00,2025-05-29,2.7,2.7,2.7,2.7,0,78900,0
BANKNIFTY29MAY2560100CE.NFO,2025-05-26,11:33:00,2025-05-29,2.7,2.7,2.7,2.7,0,78900,0
BANKNIFTY29MAY2560100CE.NFO,2025-05-26,11:34:00,2025-05-29,2.7,2.7,2.7,2.7,0,78900,0
BANKNIFTY29MAY2560100CE.NFO,2025-05-26,11:35:00,2025-05-29,2.7,2.7,2.7,2.7,0,78900,0
BANKNIFTY29MAY2560100CE.NFO,2025-05-26,11:36:00,2025-05-29,2.7,2.7,2.7,2.7,0,78900,0
BANKNIFTY29MAY2560100CE.NFO,2025-05-26,11:37:00,2025-05-29,2.7,2.7,2.7,2.7,0,78900,0
BANKNIFTY29MAY2560100CE.NFO,2025-05-26,11:38:00,2025-05-29,2.7,2.7,2.7,2.7,0,78900,0
BANKNIFTY29MAY2560100CE.NFO,2025-05-26,11:39:00,2025-05-29,2.7,4.0,2.7,3.15,270,78900,0
BANKNIFTY29MAY2560100CE.NFO,2025-05-26,11:40:00,2025-05-29,3.15,3.15,3.15,3.15,0,78900,0
BANKNIFTY29MAY2560100CE.NFO,2025-05-26,11:41:00,2025-05-29,3.15,3.15,3.15,3.15,0,78900,0
BANKNIFTY29MAY2560100CE.NFO,2025-05-26,11:42:00,2025-05-29,3.15,3.15,3.15,3.15,0,78900,0
BANKNIFTY29MAY2560100CE.NFO,2025-05-26,11:43:00,2025-05-29,3.15,3.15,3.15,3.15,0,78900,0
BANKNIFTY29MAY2560100CE.NFO,2025-05-26,11:44:00,2025-05-29,3.15,3.15,3.15,3.15,0,78900,0
BANKNIFTY29MAY2560100CE.NFO,2025-05-26,11:45:00,2025-05-29,3.15,3.15,3.15,3.15,0,78900,0
BANKNIFTY29MAY2560100CE.NFO,2025-05-26,11:46:00,2025-05-29,3.15,3.15,3.15,3.15,0,78900,0
BANKNIFTY29MAY2560100CE.NFO,2025-05-26,11:47:00,2025-05-29,3.15,3.15,3.15,3.15,0,78900,0
BANKNIFTY29MAY2560100CE.NFO,2025-05-26,11:48:00,2025-05-29,3.15,3.15,3.15,3.15,0,78900,0
BANKNIFTY29MAY2560100CE.NFO,2025-05-26,11:49:00,2025-05-29,3.15,3.15,3.15,3.15,0,78900,1
BANKNIFTY29MAY2560100CE.NFO,2025-05-26,11:50:00,2025-05-29,3.15,3.15,3.15,3.15,0,78900,1
BANKNIFTY29MAY2560100CE.NFO,2025-05-26,11:51:00,2025-05-29,3.15,3.15,3.15,3.15,90,78780,0
BANKNIFTY29MAY2560100CE.NFO,2025-05-26,11:52:00,2025-05-29,3.15,3.2,3.15,3.2,60,78780,0
BANKNIFTY29MAY2560100CE.NFO,2025-05-26,11:53:00,2025-05-29,3.2,3.2,3.2,3.2,0,78780,0
BANKNIFTY29MAY2560100CE.NFO,2025-05-26,11:54:00,2025-05-29,3.2,3.2,3.2,3.2,0,78780,0
BANKNIFTY29MAY2560100CE.NFO,2025-05-26,11:55:00,2025-05-29,3.2,3.2,3.2,3.2,0,78780,0
BANKNIFTY29MAY2560100CE.NFO,2025-05-26,11:56:00,2025-05-29,3.2,3.2,3.2,3.2,0,78780,0
BANKNIFTY29MAY2560100CE.NFO,2025-05-26,11:57:00,2025-05-29,3.2,3.2,3.2,3.2,0,78780,0
BANKNIFTY29MAY2560100CE.NFO,2025-05-26,11:58:00,2025-05-29,3.2,3.2,3.2,3.2,0,78780,0
BANKNIFTY29MAY2560100CE.NFO,2025-05-26,11:59:00,2025-05-29,3.2,3.2,3.2,3.2,0,78780,0
BANKNIFTY29MAY2560100CE.NFO,2025-05-26,12:00:00,2025-05-29,3.2,3.2,3.2,3.2,0,78780,0
BANKNIFTY29MAY2560100CE.NFO,2025-05-26,12:01:00,2025-05-29,3.2,3.2,3.2,3.2,0,78780,0
BANKNIFTY29MAY2560100CE.NFO,2025-05-26,12:02:00,2025-05-29,3.2,3.2,3.2,3.2,0,78780,0
BANKNIFTY29MAY2560100CE.NFO,2025-05-26,12:03:00,2025-05-29,3.2,3.2,3.2,3.2,0,78780,0
BANKNIFTY29MAY2560100CE.NFO,2025-05-26,12:04:00,2025-05-29,3.2,3.2,3.2,3.2,0,78780,1
BANKNIFTY29MAY2560100CE.NFO,2025-05-26,12:05:00,2025-05-29,3.2,3.2,2.6,2.6,90,78810,0
BANKNIFTY29MAY2560100CE.NFO,2025-05-26,12:06:00,2025-05-29,2.6,2.6,2.6,2.6,0,78810,0
BANKNIFTY29MAY2560100CE.NFO,2025-05-26,12:07:00,2025-05-29,2.6,2.6,2.6,2.6,0,78810,0
BANKNIFTY29MAY2560100CE.NFO,2025-05-26,12:08:00,2025-05-29,2.6,3.2,2.6,3.2,90,78780,0
BANKNIFTY29MAY2560100CE.NFO,2025-05-26,12:09:00,2025-05-29,3.2,3.2,3.2,3.2,0,78780,0
BANKNIFTY29MAY2560100CE.NFO,2025-05-26,12:10:00,2025-05-29,3.2,3.2,3.2,3.2,0,78780,0
BANKNIFTY29MAY2560100CE.NFO,2025-05-26,12:11:00,2025-05-29,3.2,3.2,3.2,3.2,0,78780,0
BANKNIFTY29MAY2560100CE.NFO,2025-05-26,12:12:00,2025-05-29,3.2,3.2,3.2,3.2,0,78780,0
BANKNIFTY29MAY2560100CE.NFO,2025-05-26,12:13:00,2025-05-29,3.2,3.2,3.2,3.2,0,78780,0
BANKNIFTY29MAY2560100CE.NFO,2025-05-26,12:14:00,2025-05-29,3.2,3.2,3.2,3.2,0,78780,0
BANKNIFTY29MAY2560100CE.NFO,2025-05-26,12:15:00,2025-05-29,3.2,3.2,3.2,3.2,0,78780,0
BANKNIFTY29MAY2560100CE.NFO,2025-05-26,12:16:00,2025-05-29,3.2,3.2,3.2,3.2,0,78780,0
BANKNIFTY29MAY2560100CE.NFO,2025-05-26,12:17:00,2025-05-29,3.2,3.2,3.2,3.2,0,78780,0
BANKNIFTY29MAY2560100CE.NFO,2025-05-26,12:18:00,2025-05-29,3.2,3.2,3.2,3.2,0,78780,0
BANKNIFTY29MAY2560100CE.NFO,2025-05-26,12:19:00,2025-05-29,3.2,3.2,3.2,3.2,30,78840,0
BANKNIFTY29MAY2560100CE.NFO,2025-05-26,12:20:00,2025-05-29,3.2,3.2,2.6,2.6,60,78840,0
BANKNIFTY29MAY2560100CE.NFO,2025-05-26,12:21:00,2025-05-29,2.6,2.6,2.6,2.6,0,78840,0
BANKNIFTY29MAY2560100CE.NFO,2025-05-26,12:22:00,2025-05-29,2.6,2.6,2.6,2.6,0,78840,0
BANKNIFTY29MAY2560100CE.NFO,2025-05-26,12:23:00,2025-05-29,2.6,2.6,2.6,2.6,0,78840,0
BANKNIFTY29MAY2560100CE.NFO,2025-05-26,12:24:00,2025-05-29,2.6,2.6,2.6,2.6,0,78840,0
BANKNIFTY29MAY2560100CE.NFO,2025-05-26,12:25:00,2025-05-29,2.6,3.2,2.6,2.7,150,78840,0
BANKNIFTY29MAY2560100CE.NFO,2025-05-26,12:26:00,2025-05-29,2.7,2.7,2.7,2.7,0,78840,0
BANKNIFTY29MAY2560100CE.NFO,2025-05-26,12:27:00,2025-05-29,2.7,2.7,2.7,2.7,0,78840,0
BANKNIFTY29MAY2560100CE.NFO,2025-05-26,12:28:00,2025-05-29,2.7,2.7,2.7,2.7,0,78840,0
BANKNIFTY29MAY2560100CE.NFO,2025-05-26,12:29:00,2025-05-29,2.7,2.7,2.7,2.7,0,78840,0
BANKNIFTY29MAY2560100CE.NFO,2025-05-26,12:30:00,2025-05-29,2.7,2.7,2.7,2.7,0,78840,0
BANKNIFTY29MAY2560100CE.NFO,2025-05-26,12:31:00,2025-05-29,2.7,2.7,2.7,2.7,0,78840,0
BANKNIFTY29MAY2560100CE.NFO,2025-05-26,12:32:00,2025-05-29,2.7,2.7,2.7,2.7,0,78840,0
BANKNIFTY29MAY2560100CE.NFO,2025-05-26,12:33:00,2025-05-29,2.7,2.7,2.7,2.7,0,78840,0
BANKNIFTY29MAY2560100CE.NFO,2025-05-26,12:34:00,2025-05-29,2.7,2.7,2.7,2.7,0,78840,0
BANKNIFTY29MAY2560100CE.NFO,2025-05-26,12:35:00,2025-05-29,2.7,2.7,2.7,2.7,0,78840,0
BANKNIFTY29MAY2560100CE.NFO,2025-05-26,12:36:00,2025-05-29,2.7,2.7,2.7,2.7,0,78840,0
BANKNIFTY29MAY2560100CE.NFO,2025-05-26,12:37:00,2025-05-29,2.7,2.7,2.7,2.7,0,78840,0
BANKNIFTY29MAY2560100CE.NFO,2025-05-26,12:38:00,2025-05-29,2.7,2.7,2.7,2.7,0,78840,0
BANKNIFTY29MAY2560100CE.NFO,2025-05-26,12:39:00,2025-05-29,2.7,2.7,2.7,2.7,0,78840,0
BANKNIFTY29MAY2560100CE.NFO,2025-05-26,12:40:00,2025-05-29,2.7,2.7,2.7,2.7,0,78840,0
BANKNIFTY29MAY2560100CE.NFO,2025-05-26,12:41:00,2025-05-29,2.7,2.7,2.7,2.7,0,78840,0
BANKNIFTY29MAY2560100CE.NFO,2025-05-26,12:42:00,2025-05-29,2.7,2.7,2.7,2.7,0,78840,0
BANKNIFTY29MAY2560100CE.NFO,2025-05-26,12:43:00,2025-05-29,2.7,2.7,2.7,2.7,0,78840,0
BANKNIFTY29MAY2560100CE.NFO,2025-05-26,12:44:00,2025-05-29,2.7,2.7,2.7,2.7,0,78840,0
BANKNIFTY29MAY2560100CE.NFO,2025-05-26,12:45:00,2025-05-29,2.7,2.7,2.7,2.7,0,78840,0
BANKNIFTY29MAY2560100CE.NFO,2025-05-26,12:46:00,2025-05-29,2.7,2.7,2.7,2.7,0,78840,0
BANKNIFTY29MAY2560100CE.NFO,2025-05-26,12:47:00,2025-05-29,2.7,2.7,2.7,2.7,0,78840,0
BANKNIFTY29MAY2560100CE.NFO,2025-05-26,12:48:00,2025-05-29,2.7,2.7,2.7,2.7,0,78840,0
BANKNIFTY29MAY2560100CE.NFO,2025-05-26,12:49:00,2025-05-29,2.7,2.7,2.7,2.7,0,78840,0
BANKNIFTY29MAY2560100CE.NFO,2025-05-26,12:50:00,2025-05-29,2.7,2.7,2.7,2.7,0,78840,0
BANKNIFTY29MAY2560100CE.NFO,2025-05-26,12:51:00,2025-05-29,2.7,2.7,2.7,2.7,0,78840,0
BANKNIFTY29MAY2560100CE.NFO,2025-05-26,12:52:00,2025-05-29,2.7,2.7,2.7,2.7,0,78840,0
BANKNIFTY29MAY2560100CE.NFO,2025-05-26,12:53:00,2025-05-29,2.7,2.7,2.7,2.7,0,78840,0
BANKNIFTY29MAY2560100CE.NFO,2025-05-26,12:54:00,2025-05-29,2.7,2.7,2.7,2.7,0,78840,0
BANKNIFTY29MAY2560100CE.NFO,2025-05-26,12:55:00,2025-05-29,2.7,2.7,2.7,2.7,0,78840,0
BANKNIFTY29MAY2560100CE.NFO,2025-05-26,12:56:00,2025-05-29,2.7,2.7,2.7,2.7,0,78840,0
BANKNIFTY29MAY2560100CE.NFO,2025-05-26,12:57:00,2025-05-29,2.7,2.8,2.7,2.8,30,78840,0
BANKNIFTY29MAY2560100CE.NFO,2025-05-26,12:58:00,2025-05-29,2.8,2.95,2.8,2.95,120,78810,0
BANKNIFTY29MAY2560100CE.NFO,2025-05-26,12:59:00,2025-05-29,2.95,3.15,2.95,3.15,30,78810,0
BANKNIFTY29MAY2560100CE.NFO,2025-05-26,13:00:00,2025-05-29,3.0,3.0,2.8,3.0,750,78810,0
BANKNIFTY29MAY2560100CE.NFO,2025-05-26,13:01:00,2025-05-29,3.0,3.0,3.0,3.0,0,78810,0
BANKNIFTY29MAY2560100CE.NFO,2025-05-26,13:02:00,2025-05-29,3.0,3.05,2.85,3.0,1020,78420,0
BANKNIFTY29MAY2560100CE.NFO,2025-05-26,13:03:00,2025-05-29,3.0,3.0,3.0,3.0,0,78420,0
BANKNIFTY29MAY2560100CE.NFO,2025-05-26,13:04:00,2025-05-29,3.0,3.0,2.95,2.95,60,77820,0
BANKNIFTY29MAY2560100CE.NFO,2025-05-26,13:05:00,2025-05-29,2.95,2.95,2.95,2.95,0,77820,0
BANKNIFTY29MAY2560100CE.NFO,2025-05-26,13:06:00,2025-05-29,2.95,2.95,2.95,2.95,840,77820,0
BANKNIFTY29MAY2560100CE.NFO,2025-05-26,13:07:00,2025-05-29,2.95,2.95,2.95,2.95,0,77820,0
BANKNIFTY29MAY2560100CE.NFO,2025-05-26,13:08:00,2025-05-29,2.95,2.95,2.95,2.95,0,77820,0
BANKNIFTY29MAY2560100CE.NFO,2025-05-26,13:09:00,2025-05-29,2.95,3.25,2.95,3.25,750,77070,0
BANKNIFTY29MAY2560100CE.NFO,2025-05-26,13:10:00,2025-05-29,3.25,3.25,3.05,3.05,180,77370,0
BANKNIFTY29MAY2560100CE.NFO,2025-05-26,13:11:00,2025-05-29,3.05,3.05,3.05,3.05,30,77370,0
BANKNIFTY29MAY2560100CE.NFO,2025-05-26,13:12:00,2025-05-29,3.05,3.05,3.05,3.05,0,77370,0
BANKNIFTY29MAY2560100CE.NFO,2025-05-26,13:13:00,2025-05-29,3.05,3.05,3.05,3.05,30,77400,0
BANKNIFTY29MAY2560100CE.NFO,2025-05-26,13:14:00,2025-05-29,3.05,3.05,3.05,3.05,0,77400,0
BANKNIFTY29MAY2560100CE.NFO,2025-05-26,13:15:00,2025-05-29,3.05,3.05,3.05,3.05,0,77400,0
BANKNIFTY29MAY2560100CE.NFO,2025-05-26,13:16:00,2025-05-29,3.05,3.05,3.05,3.05,0,77400,0
BANKNIFTY29MAY2560100CE.NFO,2025-05-26,13:17:00,2025-05-29,3.05,3.05,3.05,3.05,0,77400,0
BANKNIFTY29MAY2560100CE.NFO,2025-05-26,13:18:00,2025-05-29,3.05,3.05,3.05,3.05,0,77400,0
BANKNIFTY29MAY2560100CE.NFO,2025-05-26,13:19:00,2025-05-29,3.05,3.05,3.05,3.05,0,77400,0
BANKNIFTY29MAY2560100CE.NFO,2025-05-26,13:20:00,2025-05-29,3.05,3.05,3.05,3.05,0,77400,0
BANKNIFTY29MAY2560100CE.NFO,2025-05-26,13:21:00,2025-05-29,3.05,3.05,3.05,3.05,0,77400,0
BANKNIFTY29MAY2560100CE.NFO,2025-05-26,13:22:00,2025-05-29,3.05,3.05,3.05,3.05,0,77400,0
BANKNIFTY29MAY2560100CE.NFO,2025-05-26,13:23:00,2025-05-29,3.0,3.0,3.0,3.0,30,77370,0
BANKNIFTY29MAY2560100CE.NFO,2025-05-26,13:24:00,2025-05-29,3.0,3.0,3.0,3.0,0,77370,0
BANKNIFTY29MAY2560100CE.NFO,2025-05-26,13:25:00,2025-05-29,3.0,3.0,3.0,3.0,0,77370,0
BANKNIFTY29MAY2560100CE.NFO,2025-05-26,13:26:00,2025-05-29,3.0,3.0,3.0,3.0,0,77370,0
BANKNIFTY29MAY2560100CE.NFO,2025-05-26,13:27:00,2025-05-29,3.0,3.05,3.0,3.05,210,77370,0
BANKNIFTY29MAY2560100CE.NFO,2025-05-26,13:28:00,2025-05-29,3.05,3.05,3.05,3.05,0,77370,0
BANKNIFTY29MAY2560100CE.NFO,2025-05-26,13:29:00,2025-05-29,3.05,3.05,3.05,3.05,0,77370,0
BANKNIFTY29MAY2560100CE.NFO,2025-05-26,13:30:00,2025-05-29,3.05,3.05,3.05,3.05,0,77370,0
BANKNIFTY29MAY2560100CE.NFO,2025-05-26,13:31:00,2025-05-29,3.05,3.05,3.05,3.05,0,77370,0
BANKNIFTY29MAY2560100CE.NFO,2025-05-26,13:32:00,2025-05-29,3.05,3.05,2.95,2.95,360,77160,0
BANKNIFTY29MAY2560100CE.NFO,2025-05-26,13:33:00,2025-05-29,2.95,2.95,2.95,2.95,0,77160,0
BANKNIFTY29MAY2560100CE.NFO,2025-05-26,13:34:00,2025-05-29,2.95,2.95,2.95,2.95,0,77160,0
BANKNIFTY29MAY2560100CE.NFO,2025-05-26,13:35:00,2025-05-29,2.95,2.95,2.95,2.95,0,77160,0
BANKNIFTY29MAY2560100CE.NFO,2025-05-26,13:36:00,2025-05-29,2.95,2.95,2.95,2.95,60,77100,0
BANKNIFTY29MAY2560100CE.NFO,2025-05-26,13:37:00,2025-05-29,2.95,2.95,2.95,2.95,0,77100,0
BANKNIFTY29MAY2560100CE.NFO,2025-05-26,13:38:00,2025-05-29,2.95,2.95,2.95,2.95,0,77100,0
BANKNIFTY29MAY2560100CE.NFO,2025-05-26,13:39:00,2025-05-29,2.95,3.1,2.95,3.1,720,77040,0
BANKNIFTY29MAY2560100CE.NFO,2025-05-26,13:40:00,2025-05-29,3.1,3.1,3.1,3.1,0,77040,0
BANKNIFTY29MAY2560100CE.NFO,2025-05-26,13:41:00,2025-05-29,3.1,3.2,2.9,2.95,480,77070,0
BANKNIFTY29MAY2560100CE.NFO,2025-05-26,13:42:00,2025-05-29,2.95,2.95,2.9,2.9,240,77070,0
BANKNIFTY29MAY2560100CE.NFO,2025-05-26,13:43:00,2025-05-29,2.9,2.9,2.75,2.75,0,76950,0
BANKNIFTY29MAY2560100CE.NFO,2025-05-26,13:44:00,2025-05-29,2.75,2.75,2.75,2.75,480,76950,0
BANKNIFTY29MAY2560100CE.NFO,2025-05-26,13:45:00,2025-05-29,2.75,3.15,2.75,2.9,90,76950,0
BANKNIFTY29MAY2560100CE.NFO,2025-05-26,13:46:00,2025-05-29,2.9,2.9,2.9,2.9,0,76950,0
BANKNIFTY29MAY2560100CE.NFO,2025-05-26,13:47:00,2025-05-29,2.9,2.9,2.9,2.9,0,76950,0
BANKNIFTY29MAY2560100CE.NFO,2025-05-26,13:48:00,2025-05-29,2.9,3.05,2.9,3.05,180,76530,0
BANKNIFTY29MAY2560100CE.NFO,2025-05-26,13:49:00,2025-05-29,3.05,3.05,2.9,3.05,720,76410,0
BANKNIFTY29MAY2560100CE.NFO,2025-05-26,13:50:00,2025-05-29,3.05,3.05,3.05,3.05,30,76410,0
BANKNIFTY29MAY2560100CE.NFO,2025-05-26,13:51:00,2025-05-29,2.9,2.9,2.9,2.9,720,76410,0
BANKNIFTY29MAY2560100CE.NFO,2025-05-26,13:52:00,2025-05-29,3.05,3.05,3.05,3.05,30,76410,0
BANKNIFTY29MAY2560100CE.NFO,2025-05-26,13:53:00,2025-05-29,3.05,3.05,2.9,2.9,120,76410,0
BANKNIFTY29MAY2560100CE.NFO,2025-05-26,13:54:00,2025-05-29,2.9,2.95,2.85,2.85,1500,76410,0
BANKNIFTY29MAY2560100CE.NFO,2025-05-26,13:55:00,2025-05-29,2.85,3.1,2.85,3.05,240,75360,0
BANKNIFTY29MAY2560100CE.NFO,2025-05-26,13:56:00,2025-05-29,3.05,3.05,3.05,3.05,0,75360,0
BANKNIFTY29MAY2560100CE.NFO,2025-05-26,13:57:00,2025-05-29,3.05,3.05,3.05,3.05,0,75360,0
BANKNIFTY29MAY2560100CE.NFO,2025-05-26,13:58:00,2025-05-29,3.05,3.05,3.05,3.05,0,75360,0
BANKNIFTY29MAY2560100CE.NFO,2025-05-26,13:59:00,2025-05-29,3.05,3.05,3.05,3.05,0,75360,0
BANKNIFTY29MAY2560100CE.NFO,2025-05-26,14:00:00,2025-05-29,3.05,3.05,3.05,3.05,0,75360,0
BANKNIFTY29MAY2560100CE.NFO,2025-05-26,14:01:00,2025-05-29,3.05,3.2,2.8,2.8,210,75270,0
BANKNIFTY29MAY2560100CE.NFO,2025-05-26,14:02:00,2025-05-29,2.8,2.9,2.8,2.8,690,75270,0
BANKNIFTY29MAY2560100CE.NFO,2025-05-26,14:03:00,2025-05-29,2.8,2.85,2.75,2.85,2340,75270,0
BANKNIFTY29MAY2560100CE.NFO,2025-05-26,14:04:00,2025-05-29,2.85,2.85,2.85,2.85,60,73200,0
BANKNIFTY29MAY2560100CE.NFO,2025-05-26,14:05:00,2025-05-29,2.85,2.85,2.8,2.8,60,73200,0
BANKNIFTY29MAY2560100CE.NFO,2025-05-26,14:06:00,2025-05-29,2.8,2.85,2.7,2.8,1950,73200,0
BANKNIFTY29MAY2560100CE.NFO,2025-05-26,14:07:00,2025-05-29,2.8,2.8,2.8,2.8,0,73200,0
BANKNIFTY29MAY2560100CE.NFO,2025-05-26,14:08:00,2025-05-29,2.8,2.8,2.8,2.8,0,73200,0
BANKNIFTY29MAY2560100CE.NFO,2025-05-26,14:09:00,2025-05-29,2.8,2.8,2.8,2.8,0,73200,0
BANKNIFTY29MAY2560100CE.NFO,2025-05-26,14:10:00,2025-05-29,2.8,2.8,2.8,2.8,0,73200,0
BANKNIFTY29MAY2560100CE.NFO,2025-05-26,14:11:00,2025-05-29,2.8,2.8,2.8,2.8,0,73200,0
BANKNIFTY29MAY2560100CE.NFO,2025-05-26,14:12:00,2025-05-29,2.8,2.85,2.65,2.65,1620,72390,0
BANKNIFTY29MAY2560100CE.NFO,2025-05-26,14:13:00,2025-05-29,2.65,2.85,2.65,2.85,240,70830,0
BANKNIFTY29MAY2560100CE.NFO,2025-05-26,14:14:00,2025-05-29,2.85,2.85,2.85,2.85,0,70830,0
BANKNIFTY29MAY2560100CE.NFO,2025-05-26,14:15:00,2025-05-29,2.85,2.85,2.85,2.85,0,70830,0
BANKNIFTY29MAY2560100CE.NFO,2025-05-26,14:16:00,2025-05-29,2.85,2.85,2.85,2.85,0,70830,0
BANKNIFTY29MAY2560100CE.NFO,2025-05-26,14:17:00,2025-05-29,2.8,2.8,2.8,2.8,120,70770,0
BANKNIFTY29MAY2560100CE.NFO,2025-05-26,14:18:00,2025-05-29,2.8,2.85,2.8,2.8,240,70770,0
BANKNIFTY29MAY2560100CE.NFO,2025-05-26,14:19:00,2025-05-29,2.8,2.8,2.75,2.75,0,70560,0
BANKNIFTY29MAY2560100CE.NFO,2025-05-26,14:20:00,2025-05-29,2.7,2.75,2.7,2.75,180,70560,0
BANKNIFTY29MAY2560100CE.NFO,2025-05-26,14:21:00,2025-05-29,2.75,2.85,2.75,2.85,1380,70560,0
BANKNIFTY29MAY2560100CE.NFO,2025-05-26,14:22:00,2025-05-29,2.85,2.85,2.85,2.85,0,70560,0
BANKNIFTY29MAY2560100CE.NFO,2025-05-26,14:23:00,2025-05-29,2.85,2.85,2.85,2.85,0,70560,0
BANKNIFTY29MAY2560100CE.NFO,2025-05-26,14:24:00,2025-05-29,2.85,2.85,2.85,2.85,0,70560,0
BANKNIFTY29MAY2560100CE.NFO,2025-05-26,14:25:00,2025-05-29,2.85,2.85,2.85,2.85,0,70560,0
BANKNIFTY29MAY2560100CE.NFO,2025-05-26,14:26:00,2025-05-29,2.85,2.85,2.85,2.85,0,70560,0
BANKNIFTY29MAY2560100CE.NFO,2025-05-26,14:27:00,2025-05-29,2.85,2.85,2.85,2.85,0,70560,0
BANKNIFTY29MAY2560100CE.NFO,2025-05-26,14:28:00,2025-05-29,2.85,2.85,2.85,2.85,0,70560,0
BANKNIFTY29MAY2560100CE.NFO,2025-05-26,14:29:00,2025-05-29,2.85,2.85,2.85,2.85,0,70560,0
BANKNIFTY29MAY2560100CE.NFO,2025-05-26,14:30:00,2025-05-29,2.85,2.85,2.85,2.85,0,70560,0
BANKNIFTY29MAY2560100CE.NFO,2025-05-26,14:31:00,2025-05-29,2.85,2.85,2.85,2.85,0,70560,0
BANKNIFTY29MAY2560100CE.NFO,2025-05-26,14:32:00,2025-05-29,2.85,2.85,2.85,2.85,60,69300,0
BANKNIFTY29MAY2560100CE.NFO,2025-05-26,14:33:00,2025-05-29,2.85,2.85,2.85,2.85,0,69300,0
BANKNIFTY29MAY2560100CE.NFO,2025-05-26,14:34:00,2025-05-29,2.85,2.85,2.85,2.85,0,69300,0
BANKNIFTY29MAY2560100CE.NFO,2025-05-26,14:35:00,2025-05-29,2.85,2.85,2.85,2.85,0,69300,0
BANKNIFTY29MAY2560100CE.NFO,2025-05-26,14:36:00,2025-05-29,2.85,2.85,2.85,2.85,0,69300,0
BANKNIFTY29MAY2560100CE.NFO,2025-05-26,14:37:00,2025-05-29,2.85,2.85,2.85,2.85,0,69300,0
BANKNIFTY29MAY2560100CE.NFO,2025-05-26,14:38:00,2025-05-29,2.85,2.85,2.85,2.85,0,69300,0
BANKNIFTY29MAY2560100CE.NFO,2025-05-26,14:39:00,2025-05-29,2.85,2.85,2.85,2.85,0,69300,0
BANKNIFTY29MAY2560100CE.NFO,2025-05-26,14:40:00,2025-05-29,2.85,2.85,2.85,2.85,0,69300,0
BANKNIFTY29MAY2560100CE.NFO,2025-05-26,14:41:00,2025-05-29,2.85,2.85,2.85,2.85,0,69300,0
BANKNIFTY29MAY2560100CE.NFO,2025-05-26,14:42:00,2025-05-29,2.85,2.85,2.85,2.85,0,69300,0
BANKNIFTY29MAY2560100CE.NFO,2025-05-26,14:43:00,2025-05-29,2.85,2.85,2.85,2.85,0,69300,0
BANKNIFTY29MAY2560100CE.NFO,2025-05-26,14:44:00,2025-05-29,2.85,2.85,2.85,2.85,0,69300,0
BANKNIFTY29MAY2560100CE.NFO,2025-05-26,14:45:00,2025-05-29,2.85,2.85,2.85,2.85,0,69300,0
BANKNIFTY29MAY2560100CE.NFO,2025-05-26,14:46:00,2025-05-29,2.85,2.85,2.85,2.85,0,69300,0
BANKNIFTY29MAY2560100CE.NFO,2025-05-26,14:47:00,2025-05-29,2.85,2.85,2.85,2.85,0,69300,0
BANKNIFTY29MAY2560100CE.NFO,2025-05-26,14:48:00,2025-05-29,2.85,2.85,2.85,2.85,0,69300,0
BANKNIFTY29MAY2560100CE.NFO,2025-05-26,14:49:00,2025-05-29,2.85,2.95,2.75,2.9,180,69180,0
BANKNIFTY29MAY2560100CE.NFO,2025-05-26,14:50:00,2025-05-29,2.8,2.95,2.8,2.95,90,69180,0
BANKNIFTY29MAY2560100CE.NFO,2025-05-26,14:51:00,2025-05-29,2.95,2.95,2.95,2.95,0,69180,0
BANKNIFTY29MAY2560100CE.NFO,2025-05-26,14:52:00,2025-05-29,2.95,2.95,2.95,2.95,0,69180,0
BANKNIFTY29MAY2560100CE.NFO,2025-05-26,14:53:00,2025-05-29,2.95,2.95,2.95,2.95,0,69180,0
BANKNIFTY29MAY2560100CE.NFO,2025-05-26,14:54:00,2025-05-29,2.95,2.95,2.95,2.95,0,69180,0
BANKNIFTY29MAY2560100CE.NFO,2025-05-26,14:55:00,2025-05-29,2.95,2.95,2.95,2.95,0,69180,0
BANKNIFTY29MAY2560100CE.NFO,2025-05-26,14:56:00,2025-05-29,2.95,2.95,2.95,2.95,0,69180,0
BANKNIFTY29MAY2560100CE.NFO,2025-05-26,14:57:00,2025-05-29,2.95,2.95,2.95,2.95,0,69180,0
BANKNIFTY29MAY2560100CE.NFO,2025-05-26,14:58:00,2025-05-29,2.95,2.95,2.95,2.95,0,69180,0
BANKNIFTY29MAY2560100CE.NFO,2025-05-26,14:59:00,2025-05-29,2.95,2.95,2.95,2.95,0,69180,0
BANKNIFTY29MAY2560100CE.NFO,2025-05-26,15:00:00,2025-05-29,2.95,2.95,2.8,2.8,60,69150,0
BANKNIFTY29MAY2560100CE.NFO,2025-05-26,15:01:00,2025-05-29,2.8,2.8,2.8,2.8,0,69150,0
BANKNIFTY29MAY2560100CE.NFO,2025-05-26,15:02:00,2025-05-29,2.8,2.9,2.8,2.9,210,69150,0
BANKNIFTY29MAY2560100CE.NFO,2025-05-26,15:03:00,2025-05-29,2.9,2.95,2.9,2.95,270,69150,0
BANKNIFTY29MAY2560100CE.NFO,2025-05-26,15:04:00,2025-05-29,2.95,2.95,2.8,2.8,1110,69180,0
BANKNIFTY29MAY2560100CE.NFO,2025-05-26,15:05:00,2025-05-29,2.8,2.8,2.8,2.8,30,69180,0
BANKNIFTY29MAY2560100CE.NFO,2025-05-26,15:06:00,2025-05-29,2.8,2.8,2.8,2.8,360,69180,0
BANKNIFTY29MAY2560100CE.NFO,2025-05-26,15:07:00,2025-05-29,2.8,2.95,2.7,2.95,150,68760,0
BANKNIFTY29MAY2560100CE.NFO,2025-05-26,15:08:00,2025-05-29,2.95,2.95,2.95,2.95,0,68760,0
BANKNIFTY29MAY2560100CE.NFO,2025-05-26,15:09:00,2025-05-29,2.95,2.95,2.95,2.95,0,68760,0
BANKNIFTY29MAY2560100CE.NFO,2025-05-26,15:10:00,2025-05-29,2.95,2.95,2.95,2.95,0,68760,0
BANKNIFTY29MAY2560100CE.NFO,2025-05-26,15:11:00,2025-05-29,2.95,2.95,2.95,2.95,0,68760,0
BANKNIFTY29MAY2560100CE.NFO,2025-05-26,15:12:00,2025-05-29,2.95,2.95,2.95,2.95,0,68760,0
BANKNIFTY29MAY2560100CE.NFO,2025-05-26,15:13:00,2025-05-29,2.95,2.95,2.95,2.95,0,68760,0
BANKNIFTY29MAY2560100CE.NFO,2025-05-26,15:14:00,2025-05-29,2.95,2.95,2.95,2.95,0,68760,0
BANKNIFTY29MAY2560100CE.NFO,2025-05-26,15:15:00,2025-05-29,2.95,2.95,2.95,2.95,0,68760,0
BANKNIFTY29MAY2560100CE.NFO,2025-05-26,15:16:00,2025-05-29,3.3,3.3,3.05,3.05,180,68790,0
BANKNIFTY29MAY2560100CE.NFO,2025-05-26,15:17:00,2025-05-29,3.05,3.1,3.05,3.1,30,68700,0
BANKNIFTY29MAY2560100CE.NFO,2025-05-26,15:18:00,2025-05-29,3.1,3.1,2.95,2.95,270,68700,0
BANKNIFTY29MAY2560100CE.NFO,2025-05-26,15:19:00,2025-05-29,2.95,2.95,2.9,2.9,30,68700,0
BANKNIFTY29MAY2560100CE.NFO,2025-05-26,15:20:00,2025-05-29,2.9,2.9,2.85,2.85,900,68430,0
BANKNIFTY29MAY2560100CE.NFO,2025-05-26,15:21:00,2025-05-29,2.8,2.9,2.75,2.75,1560,68430,0
BANKNIFTY29MAY2560100CE.NFO,2025-05-26,15:22:00,2025-05-29,2.75,2.85,2.75,2.75,360,68430,0
BANKNIFTY29MAY2560100CE.NFO,2025-05-26,15:23:00,2025-05-29,2.9,2.9,2.9,2.9,30,66240,0
BANKNIFTY29MAY2560100CE.NFO,2025-05-26,15:24:00,2025-05-29,2.9,2.9,2.85,2.85,330,66240,0
BANKNIFTY29MAY2560100CE.NFO,2025-05-26,15:25:00,2025-05-29,2.85,2.9,2.85,2.9,1050,66150,0
BANKNIFTY29MAY2560100CE.NFO,2025-05-26,15:26:00,2025-05-29,2.9,2.9,2.85,2.85,120,66150,0
BANKNIFTY29MAY2560100CE.NFO,2025-05-26,15:27:00,2025-05-29,2.85,3.0,2.85,3.0,60,66150,0
BANKNIFTY29MAY2560100CE.NFO,2025-05-26,15:28:00,2025-05-29,2.9,2.95,2.8,2.95,1020,66150,0
BANKNIFTY29MAY2560100CE.NFO,2025-05-26,15:29:00,2025-05-29,2.95,2.95,2.9,2.9,240,64530,0
BANKNIFTY29MAY2560100CE.NFO,2025-05-26,15:30:00,2025-05-29,2.9,2.9,2.9,2.9,240,64530,1
BANKNIFTY29MAY2560100CE.NFO,2025-05-27,09:15:00,2025-05-29,2.55,2.6,2.5,2.5,0,64290,0
BANKNIFTY29MAY2560100CE.NFO,2025-05-27,09:16:00,2025-05-29,2.5,2.5,2.5,2.5,0,64290,0
BANKNIFTY29MAY2560100CE.NFO,2025-05-27,09:17:00,2025-05-29,2.5,2.6,1.95,2.6,0,64290,0
BANKNIFTY29MAY2560100CE.NFO,2025-05-27,09:18:00,2025-05-29,2.6,2.85,1.95,2.85,330,64290,0
BANKNIFTY29MAY2560100CE.NFO,2025-05-27,09:19:00,2025-05-29,2.45,3.15,2.4,2.7,90,64290,0
BANKNIFTY29MAY2560100CE.NFO,2025-05-27,09:20:00,2025-05-29,2.7,3.15,2.7,2.8,390,64290,0
BANKNIFTY29MAY2560100CE.NFO,2025-05-27,09:21:00,2025-05-29,2.8,2.8,2.8,2.8,0,64290,0
BANKNIFTY29MAY2560100CE.NFO,2025-05-27,09:22:00,2025-05-29,2.8,2.8,2.8,2.8,0,64290,0
BANKNIFTY29MAY2560100CE.NFO,2025-05-27,09:23:00,2025-05-29,2.8,3.1,1.85,3.1,90,64260,0
BANKNIFTY29MAY2560100CE.NFO,2025-05-27,09:24:00,2025-05-29,3.1,3.1,1.7,3.0,870,64290,0
BANKNIFTY29MAY2560100CE.NFO,2025-05-27,09:25:00,2025-05-29,3.0,3.1,3.0,3.1,30,64290,0
BANKNIFTY29MAY2560100CE.NFO,2025-05-27,09:26:00,2025-05-29,3.1,3.1,2.95,3.0,300,64290,0
BANKNIFTY29MAY2560100CE.NFO,2025-05-27,09:27:00,2025-05-29,3.0,3.0,3.0,3.0,0,64290,0
BANKNIFTY29MAY2560100CE.NFO,2025-05-27,09:28:00,2025-05-29,3.0,3.1,3.0,3.1,810,64290,0
BANKNIFTY29MAY2560100CE.NFO,2025-05-27,09:29:00,2025-05-29,3.1,3.45,2.85,2.85,390,64290,0
BANKNIFTY29MAY2560100CE.NFO,2025-05-27,09:30:00,2025-05-29,2.85,2.85,2.85,2.85,0,64290,0
BANKNIFTY29MAY2560100CE.NFO,2025-05-27,09:31:00,2025-05-29,3.8,3.8,3.35,3.5,330,63450,0
BANKNIFTY29MAY2560100CE.NFO,2025-05-27,09:32:00,2025-05-29,3.5,3.5,3.05,3.45,150,63450,0
BANKNIFTY29MAY2560100CE.NFO,2025-05-27,09:33:00,2025-05-29,3.45,3.45,3.45,3.45,0,63450,0
BANKNIFTY29MAY2560100CE.NFO,2025-05-27,09:34:00,2025-05-29,3.45,3.45,2.85,2.85,60,63210,0
BANKNIFTY29MAY2560100CE.NFO,2025-05-27,09:35:00,2025-05-29,2.85,3.35,2.85,3.35,60,63210,0
BANKNIFTY29MAY2560100CE.NFO,2025-05-27,09:36:00,2025-05-29,3.35,3.35,2.95,2.95,210,63150,0
BANKNIFTY29MAY2560100CE.NFO,2025-05-27,09:37:00,2025-05-29,2.95,2.95,2.95,2.95,60,63150,0
BANKNIFTY29MAY2560100CE.NFO,2025-05-27,09:38:00,2025-05-29,2.95,2.95,2.95,2.95,0,63150,0
BANKNIFTY29MAY2560100CE.NFO,2025-05-27,09:39:00,2025-05-29,3.4,3.4,2.85,2.85,90,63150,0
BANKNIFTY29MAY2560100CE.NFO,2025-05-27,09:40:00,2025-05-29,2.85,2.85,2.85,2.85,0,63150,0
BANKNIFTY29MAY2560100CE.NFO,2025-05-27,09:41:00,2025-05-29,2.85,2.85,2.85,2.85,0,63150,0
BANKNIFTY29MAY2560100CE.NFO,2025-05-27,09:42:00,2025-05-29,2.85,2.85,2.85,2.85,0,63150,0
BANKNIFTY29MAY2560100CE.NFO,2025-05-27,09:43:00,2025-05-29,2.85,2.9,2.85,2.9,60,63180,0
BANKNIFTY29MAY2560100CE.NFO,2025-05-27,09:44:00,2025-05-29,2.9,2.9,2.9,2.9,0,63180,0
BANKNIFTY29MAY2560100CE.NFO,2025-05-27,09:45:00,2025-05-29,2.9,2.9,2.9,2.9,0,63180,0
BANKNIFTY29MAY2560100CE.NFO,2025-05-27,09:46:00,2025-05-29,2.9,2.9,2.9,2.9,0,63180,0
BANKNIFTY29MAY2560100CE.NFO,2025-05-27,09:47:00,2025-05-29,2.9,2.9,2.9,2.9,0,63180,0
BANKNIFTY29MAY2560100CE.NFO,2025-05-27,09:48:00,2025-05-29,2.9,2.9,2.9,2.9,0,63180,0
BANKNIFTY29MAY2560100CE.NFO,2025-05-27,09:49:00,2025-05-29,2.9,2.9,2.9,2.9,0,63180,0
BANKNIFTY29MAY2560100CE.NFO,2025-05-27,09:50:00,2025-05-29,2.9,2.9,2.9,2.9,0,63180,0
BANKNIFTY29MAY2560100CE.NFO,2025-05-27,09:51:00,2025-05-29,2.9,2.9,2.9,2.9,0,63180,0
BANKNIFTY29MAY2560100CE.NFO,2025-05-27,09:52:00,2025-05-29,2.9,3.25,2.9,2.9,60,63120,0
BANKNIFTY29MAY2560100CE.NFO,2025-05-27,09:53:00,2025-05-29,2.9,2.9,2.9,2.9,0,63120,0
BANKNIFTY29MAY2560100CE.NFO,2025-05-27,09:54:00,2025-05-29,2.9,2.9,2.9,2.9,0,63120,0
BANKNIFTY29MAY2560100CE.NFO,2025-05-27,09:55:00,2025-05-29,2.9,2.9,2.9,2.9,0,63120,0
BANKNIFTY29MAY2560100CE.NFO,2025-05-27,09:56:00,2025-05-29,2.9,2.9,2.9,2.9,0,63120,0
BANKNIFTY29MAY2560100CE.NFO,2025-05-27,09:57:00,2025-05-29,2.9,2.9,2.85,2.85,180,63120,0
BANKNIFTY29MAY2560100CE.NFO,2025-05-27,09:58:00,2025-05-29,2.85,2.9,2.85,2.9,0,62940,0
BANKNIFTY29MAY2560100CE.NFO,2025-05-27,09:59:00,2025-05-29,2.9,2.9,2.9,2.9,720,62940,0
BANKNIFTY29MAY2560100CE.NFO,2025-05-27,10:00:00,2025-05-29,2.9,3.45,2.9,3.45,240,62280,0
BANKNIFTY29MAY2560100CE.NFO,2025-05-27,10:01:00,2025-05-29,3.45,3.45,3.45,3.45,0,62280,0
BANKNIFTY29MAY2560100CE.NFO,2025-05-27,10:02:00,2025-05-29,3.45,3.45,3.05,3.05,30,62280,0
BANKNIFTY29MAY2560100CE.NFO,2025-05-27,10:03:00,2025-05-29,3.05,3.45,3.05,3.45,90,62280,0
BANKNIFTY29MAY2560100CE.NFO,2025-05-27,10:04:00,2025-05-29,3.45,3.45,3.45,3.45,0,62280,0
BANKNIFTY29MAY2560100CE.NFO,2025-05-27,10:05:00,2025-05-29,3.45,3.45,3.45,3.45,0,62280,0
BANKNIFTY29MAY2560100CE.NFO,2025-05-27,10:06:00,2025-05-29,3.45,3.45,3.45,3.45,0,62280,0
BANKNIFTY29MAY2560100CE.NFO,2025-05-27,10:07:00,2025-05-29,3.45,3.45,3.45,3.45,0,62280,0
BANKNIFTY29MAY2560100CE.NFO,2025-05-27,10:08:00,2025-05-29,3.45,3.45,3.45,3.45,0,62280,0
BANKNIFTY29MAY2560100CE.NFO,2025-05-27,10:09:00,2025-05-29,3.45,3.45,3.45,3.45,0,62280,0
BANKNIFTY29MAY2560100CE.NFO,2025-05-27,10:10:00,2025-05-29,3.45,3.45,2.45,2.85,150,62250,0
BANKNIFTY29MAY2560100CE.NFO,2025-05-27,10:11:00,2025-05-29,2.85,3.25,2.85,3.2,150,62250,0
BANKNIFTY29MAY2560100CE.NFO,2025-05-27,10:12:00,2025-05-29,3.2,3.2,3.2,3.2,0,62250,0
BANKNIFTY29MAY2560100CE.NFO,2025-05-27,10:13:00,2025-05-29,3.2,3.2,3.2,3.2,0,62250,0
BANKNIFTY29MAY2560100CE.NFO,2025-05-27,10:14:00,2025-05-29,2.85,3.2,2.85,3.2,60,62220,0
BANKNIFTY29MAY2560100CE.NFO,2025-05-27,10:15:00,2025-05-29,3.2,3.2,3.2,3.2,0,62220,0
BANKNIFTY29MAY2560100CE.NFO,2025-05-27,10:16:00,2025-05-29,2.95,2.95,2.95,2.95,90,62220,0
BANKNIFTY29MAY2560100CE.NFO,2025-05-27,10:17:00,2025-05-29,2.95,2.95,2.95,2.95,0,62220,0
BANKNIFTY29MAY2560100CE.NFO,2025-05-27,10:18:00,2025-05-29,2.95,2.95,2.95,2.95,0,62220,0
BANKNIFTY29MAY2560100CE.NFO,2025-05-27,10:19:00,2025-05-29,2.95,3.25,2.95,3.25,30,62220,0
BANKNIFTY29MAY2560100CE.NFO,2025-05-27,10:20:00,2025-05-29,3.25,3.25,3.25,3.25,90,62220,0
BANKNIFTY29MAY2560100CE.NFO,2025-05-27,10:21:00,2025-05-29,3.25,3.45,3.25,3.4,0,62250,0
BANKNIFTY29MAY2560100CE.NFO,2025-05-27,10:22:00,2025-05-29,3.4,3.45,3.2,3.2,1140,62250,0
BANKNIFTY29MAY2560100CE.NFO,2025-05-27,10:23:00,2025-05-29,3.2,3.4,3.2,3.4,60,62250,0
BANKNIFTY29MAY2560100CE.NFO,2025-05-27,10:24:00,2025-05-29,3.2,3.4,3.2,3.4,330,62250,0
BANKNIFTY29MAY2560100CE.NFO,2025-05-27,10:25:00,2025-05-29,3.4,3.4,3.4,3.4,0,62250,0
BANKNIFTY29MAY2560100CE.NFO,2025-05-27,10:26:00,2025-05-29,3.4,3.4,3.4,3.4,0,62250,0
BANKNIFTY29MAY2560100CE.NFO,2025-05-27,10:27:00,2025-05-29,3.4,3.4,3.4,3.4,0,62250,0
BANKNIFTY29MAY2560100CE.NFO,2025-05-27,10:28:00,2025-05-29,3.4,3.4,3.4,3.4,0,62250,0
BANKNIFTY29MAY2560100CE.NFO,2025-05-27,10:29:00,2025-05-29,3.4,3.4,3.4,3.4,0,62250,0
BANKNIFTY29MAY2560100CE.NFO,2025-05-27,10:30:00,2025-05-29,3.4,3.4,3.4,3.4,0,62250,0
BANKNIFTY29MAY2560100CE.NFO,2025-05-27,10:31:00,2025-05-29,3.4,3.4,3.4,3.4,0,62250,0
BANKNIFTY29MAY2560100CE.NFO,2025-05-27,10:32:00,2025-05-29,3.4,3.4,3.4,3.4,0,62250,0
BANKNIFTY29MAY2560100CE.NFO,2025-05-27,10:33:00,2025-05-29,3.4,3.4,2.75,2.75,600,62220,0
BANKNIFTY29MAY2560100CE.NFO,2025-05-27,10:34:00,2025-05-29,2.75,2.75,2.75,2.75,0,62220,0
BANKNIFTY29MAY2560100CE.NFO,2025-05-27,10:35:00,2025-05-29,2.75,2.75,2.75,2.75,0,62220,0
BANKNIFTY29MAY2560100CE.NFO,2025-05-27,10:36:00,2025-05-29,2.75,2.75,2.75,2.75,0,62220,0
BANKNIFTY29MAY2560100CE.NFO,2025-05-27,10:37:00,2025-05-29,2.75,3.4,2.75,3.4,30,62100,0
BANKNIFTY29MAY2560100CE.NFO,2025-05-27,10:38:00,2025-05-29,3.4,3.4,3.0,3.0,30,62100,0
BANKNIFTY29MAY2560100CE.NFO,2025-05-27,10:39:00,2025-05-29,3.0,3.0,3.0,3.0,0,62100,0
BANKNIFTY29MAY2560100CE.NFO,2025-05-27,10:40:00,2025-05-29,3.0,3.0,3.0,3.0,0,62100,0
BANKNIFTY29MAY2560100CE.NFO,2025-05-27,10:41:00,2025-05-29,3.0,3.0,3.0,3.0,0,62100,0
BANKNIFTY29MAY2560100CE.NFO,2025-05-27,10:42:00,2025-05-29,3.0,3.0,3.0,3.0,0,62100,0
BANKNIFTY29MAY2560100CE.NFO,2025-05-27,10:43:00,2025-05-29,3.0,3.35,3.0,3.35,30,62100,0
BANKNIFTY29MAY2560100CE.NFO,2025-05-27,10:44:00,2025-05-29,3.35,3.35,3.35,3.35,0,62100,0
BANKNIFTY29MAY2560100CE.NFO,2025-05-27,10:45:00,2025-05-29,3.35,3.35,3.3,3.3,0,62130,0
BANKNIFTY29MAY2560100CE.NFO,2025-05-27,10:46:00,2025-05-29,3.3,3.3,3.3,3.3,30,62130,0
BANKNIFTY29MAY2560100CE.NFO,2025-05-27,10:47:00,2025-05-29,3.3,3.3,3.3,3.3,0,62130,0
BANKNIFTY29MAY2560100CE.NFO,2025-05-27,10:48:00,2025-05-29,3.3,3.3,2.95,2.95,0,62130,0
BANKNIFTY29MAY2560100CE.NFO,2025-05-27,10:49:00,2025-05-29,2.95,2.95,2.95,2.95,30,62130,0
BANKNIFTY29MAY2560100CE.NFO,2025-05-27,10:50:00,2025-05-29,2.95,2.95,2.95,2.95,0,62130,0
BANKNIFTY29MAY2560100CE.NFO,2025-05-27,10:51:00,2025-05-29,2.95,2.95,2.95,2.95,0,62130,0
BANKNIFTY29MAY2560100CE.NFO,2025-05-27,10:52:00,2025-05-29,2.95,2.95,2.95,2.95,0,62130,0
BANKNIFTY29MAY2560100CE.NFO,2025-05-27,10:53:00,2025-05-29,2.95,2.95,2.95,2.95,0,62130,0
BANKNIFTY29MAY2560100CE.NFO,2025-05-27,10:54:00,2025-05-29,2.95,2.95,2.95,2.95,0,62130,0
BANKNIFTY29MAY2560100CE.NFO,2025-05-27,10:55:00,2025-05-29,2.95,2.95,2.95,2.95,0,62130,0
BANKNIFTY29MAY2560100CE.NFO,2025-05-27,10:56:00,2025-05-29,2.95,2.95,2.95,2.95,0,62130,0
BANKNIFTY29MAY2560100CE.NFO,2025-05-27,10:57:00,2025-05-29,2.95,2.95,2.95,2.95,0,62130,0
BANKNIFTY29MAY2560100CE.NFO,2025-05-27,10:58:00,2025-05-29,2.95,2.95,2.95,2.95,0,62130,0
BANKNIFTY29MAY2560100CE.NFO,2025-05-27,10:59:00,2025-05-29,2.95,2.95,2.95,2.95,0,62130,0
BANKNIFTY29MAY2560100CE.NFO,2025-05-27,11:00:00,2025-05-29,2.95,2.95,2.4,2.4,600,62130,0
BANKNIFTY29MAY2560100CE.NFO,2025-05-27,11:01:00,2025-05-29,2.4,2.4,2.4,2.4,0,62130,0
BANKNIFTY29MAY2560100CE.NFO,2025-05-27,11:02:00,2025-05-29,2.4,2.4,2.4,2.4,0,62130,0
BANKNIFTY29MAY2560100CE.NFO,2025-05-27,11:03:00,2025-05-29,3.3,3.3,3.3,3.3,60,62010,0
BANKNIFTY29MAY2560100CE.NFO,2025-05-27,11:04:00,2025-05-29,3.3,3.3,3.3,3.3,0,62010,0
BANKNIFTY29MAY2560100CE.NFO,2025-05-27,11:05:00,2025-05-29,3.3,3.3,3.3,3.3,0,62010,0
BANKNIFTY29MAY2560100CE.NFO,2025-05-27,11:06:00,2025-05-29,3.3,3.3,3.3,3.3,0,62010,0
BANKNIFTY29MAY2560100CE.NFO,2025-05-27,11:07:00,2025-05-29,3.3,3.3,2.65,2.65,30,62040,0
BANKNIFTY29MAY2560100CE.NFO,2025-05-27,11:08:00,2025-05-29,2.65,2.65,2.65,2.65,0,62040,0
BANKNIFTY29MAY2560100CE.NFO,2025-05-27,11:09:00,2025-05-29,2.65,2.65,2.65,2.65,0,62040,0
BANKNIFTY29MAY2560100CE.NFO,2025-05-27,11:10:00,2025-05-29,2.65,2.65,2.65,2.65,0,62040,0
BANKNIFTY29MAY2560100CE.NFO,2025-05-27,11:11:00,2025-05-29,2.65,2.65,2.5,2.5,480,62040,0
BANKNIFTY29MAY2560100CE.NFO,2025-05-27,11:12:00,2025-05-29,2.5,2.95,2.5,2.85,300,62040,0
BANKNIFTY29MAY2560100CE.NFO,2025-05-27,11:13:00,2025-05-29,2.85,2.85,2.85,2.85,0,62040,0
BANKNIFTY29MAY2560100CE.NFO,2025-05-27,11:14:00,2025-05-29,2.85,2.85,2.85,2.85,0,62040,0
BANKNIFTY29MAY2560100CE.NFO,2025-05-27,11:15:00,2025-05-29,2.85,3.0,2.2,2.5,420,62070,0
BANKNIFTY29MAY2560100CE.NFO,2025-05-27,11:16:00,2025-05-29,2.5,2.5,2.05,2.4,570,62070,0
BANKNIFTY29MAY2560100CE.NFO,2025-05-27,11:17:00,2025-05-29,2.15,2.55,2.15,2.55,900,62070,0
BANKNIFTY29MAY2560100CE.NFO,2025-05-27,11:18:00,2025-05-29,2.55,2.55,2.5,2.5,60,62070,0
BANKNIFTY29MAY2560100CE.NFO,2025-05-27,11:19:00,2025-05-29,2.5,2.5,2.25,2.4,150,62280,0
BANKNIFTY29MAY2560100CE.NFO,2025-05-27,11:20:00,2025-05-29,2.4,2.4,2.4,2.4,210,62280,0
BANKNIFTY29MAY2560100CE.NFO,2025-05-27,11:21:00,2025-05-29,2.4,2.4,2.2,2.2,0,62280,0
BANKNIFTY29MAY2560100CE.NFO,2025-05-27,11:22:00,2025-05-29,2.2,2.2,2.2,2.2,30,62280,0
BANKNIFTY29MAY2560100CE.NFO,2025-05-27,11:23:00,2025-05-29,2.2,2.5,2.2,2.3,30,62250,0
BANKNIFTY29MAY2560100CE.NFO,2025-05-27,11:24:00,2025-05-29,2.3,2.3,2.3,2.3,30,62250,0
BANKNIFTY29MAY2560100CE.NFO,2025-05-27,11:25:00,2025-05-29,2.3,2.3,2.3,2.3,0,62250,0
BANKNIFTY29MAY2560100CE.NFO,2025-05-27,11:26:00,2025-05-29,2.3,2.3,2.3,2.3,0,62250,0
BANKNIFTY29MAY2560100CE.NFO,2025-05-27,11:27:00,2025-05-29,2.3,2.85,2.3,2.85,0,62310,0
BANKNIFTY29MAY2560100CE.NFO,2025-05-27,11:28:00,2025-05-29,2.85,2.85,2.85,2.85,30,62310,0
BANKNIFTY29MAY2560100CE.NFO,2025-05-27,11:29:00,2025-05-29,2.85,3.05,2.45,2.75,390,62310,0
BANKNIFTY29MAY2560100CE.NFO,2025-05-27,11:30:00,2025-05-29,2.75,3.3,2.75,3.3,240,62310,0
BANKNIFTY29MAY2560100CE.NFO,2025-05-27,11:31:00,2025-05-29,3.45,3.8,3.05,3.05,870,62400,0
BANKNIFTY29MAY2560100CE.NFO,2025-05-27,11:32:00,2025-05-29,3.05,3.55,3.05,3.55,30,62400,0
BANKNIFTY29MAY2560100CE.NFO,2025-05-27,11:33:00,2025-05-29,3.55,3.55,2.75,3.05,2160,62400,0
BANKNIFTY29MAY2560100CE.NFO,2025-05-27,11:34:00,2025-05-29,3.05,3.05,2.5,2.5,210,62280,0
BANKNIFTY29MAY2560100CE.NFO,2025-05-27,11:35:00,2025-05-29,2.5,2.65,2.35,2.65,300,62280,0
BANKNIFTY29MAY2560100CE.NFO,2025-05-27,11:36:00,2025-05-29,2.65,2.65,2.65,2.65,390,62280,0
BANKNIFTY29MAY2560100CE.NFO,2025-05-27,11:37:00,2025-05-29,2.65,2.65,2.65,2.65,0,62280,0
BANKNIFTY29MAY2560100CE.NFO,2025-05-27,11:38:00,2025-05-29,2.65,2.65,2.65,2.65,0,62280,0
BANKNIFTY29MAY2560100CE.NFO,2025-05-27,11:39:00,2025-05-29,2.65,2.65,2.65,2.65,0,62280,0
BANKNIFTY29MAY2560100CE.NFO,2025-05-27,11:40:00,2025-05-29,2.65,2.65,2.65,2.65,0,62280,0
BANKNIFTY29MAY2560100CE.NFO,2025-05-27,11:41:00,2025-05-29,2.65,2.65,2.65,2.65,0,62280,0
BANKNIFTY29MAY2560100CE.NFO,2025-05-27,11:42:00,2025-05-29,2.65,2.65,2.65,2.65,0,62280,0
BANKNIFTY29MAY2560100CE.NFO,2025-05-27,11:43:00,2025-05-29,2.65,2.65,2.65,2.65,0,62280,0
BANKNIFTY29MAY2560100CE.NFO,2025-05-27,11:44:00,2025-05-29,2.65,2.65,2.65,2.65,0,62280,0
BANKNIFTY29MAY2560100CE.NFO,2025-05-27,11:45:00,2025-05-29,2.65,2.65,2.65,2.65,0,62280,0
BANKNIFTY29MAY2560100CE.NFO,2025-05-27,11:46:00,2025-05-29,2.65,2.65,2.65,2.65,0,62280,0
BANKNIFTY29MAY2560100CE.NFO,2025-05-27,11:47:00,2025-05-29,2.65,2.65,2.65,2.65,0,62280,0
BANKNIFTY29MAY2560100CE.NFO,2025-05-27,11:48:00,2025-05-29,2.65,2.65,2.65,2.65,0,62280,0
BANKNIFTY29MAY2560100CE.NFO,2025-05-27,11:49:00,2025-05-29,2.65,2.65,2.65,2.65,0,62280,0
BANKNIFTY29MAY2560100CE.NFO,2025-05-27,11:50:00,2025-05-29,2.65,2.65,2.65,2.65,0,62280,0
BANKNIFTY29MAY2560100CE.NFO,2025-05-27,11:51:00,2025-05-29,2.65,2.65,2.65,2.65,0,62280,0
BANKNIFTY29MAY2560100CE.NFO,2025-05-27,11:52:00,2025-05-29,2.65,2.65,2.65,2.65,0,62280,0
BANKNIFTY29MAY2560100CE.NFO,2025-05-27,11:53:00,2025-05-29,2.65,2.65,2.65,2.65,0,62280,0
BANKNIFTY29MAY2560100CE.NFO,2025-05-27,11:54:00,2025-05-29,2.65,2.65,2.65,2.65,0,62280,0
BANKNIFTY29MAY2560100CE.NFO,2025-05-27,11:55:00,2025-05-29,2.65,2.65,2.65,2.65,0,62280,0
BANKNIFTY29MAY2560100CE.NFO,2025-05-27,11:56:00,2025-05-29,2.65,2.65,2.65,2.65,0,62280,0
BANKNIFTY29MAY2560100CE.NFO,2025-05-27,11:57:00,2025-05-29,2.65,2.65,2.65,2.65,0,62280,0
BANKNIFTY29MAY2560100CE.NFO,2025-05-27,11:58:00,2025-05-29,2.65,2.65,2.65,2.65,0,62280,0
BANKNIFTY29MAY2560100CE.NFO,2025-05-27,11:59:00,2025-05-29,2.95,2.95,2.45,2.45,120,62250,0
BANKNIFTY29MAY2560100CE.NFO,2025-05-27,12:00:00,2025-05-29,2.45,2.45,2.45,2.45,0,62250,0
BANKNIFTY29MAY2560100CE.NFO,2025-05-27,12:01:00,2025-05-29,2.45,2.7,2.45,2.7,30,62250,0
BANKNIFTY29MAY2560100CE.NFO,2025-05-27,12:02:00,2025-05-29,2.7,2.7,2.7,2.7,30,62250,0
BANKNIFTY29MAY2560100CE.NFO,2025-05-27,12:03:00,2025-05-29,2.7,2.7,2.7,2.7,0,62250,0
BANKNIFTY29MAY2560100CE.NFO,2025-05-27,12:04:00,2025-05-29,2.7,2.7,2.7,2.7,0,62250,0
BANKNIFTY29MAY2560100CE.NFO,2025-05-27,12:05:00,2025-05-29,2.7,2.7,2.7,2.7,0,62250,0
BANKNIFTY29MAY2560100CE.NFO,2025-05-27,12:06:00,2025-05-29,2.7,2.7,2.7,2.7,0,62250,0
BANKNIFTY29MAY2560100CE.NFO,2025-05-27,12:07:00,2025-05-29,2.7,2.7,2.7,2.7,0,62250,0
BANKNIFTY29MAY2560100CE.NFO,2025-05-27,12:08:00,2025-05-29,2.7,2.7,2.4,2.4,90,62280,0
BANKNIFTY29MAY2560100CE.NFO,2025-05-27,12:09:00,2025-05-29,2.4,2.4,2.4,2.4,0,62280,0
BANKNIFTY29MAY2560100CE.NFO,2025-05-27,12:10:00,2025-05-29,2.4,2.4,2.4,2.4,0,62280,0
BANKNIFTY29MAY2560100CE.NFO,2025-05-27,12:11:00,2025-05-29,2.4,2.4,2.4,2.4,0,62280,0
BANKNIFTY29MAY2560100CE.NFO,2025-05-27,12:12:00,2025-05-29,2.4,2.4,2.4,2.4,0,62280,0
BANKNIFTY29MAY2560100CE.NFO,2025-05-27,12:13:00,2025-05-29,2.4,2.4,2.4,2.4,0,62280,0
BANKNIFTY29MAY2560100CE.NFO,2025-05-27,12:14:00,2025-05-29,2.4,2.4,2.4,2.4,0,62280,0
BANKNIFTY29MAY2560100CE.NFO,2025-05-27,12:15:00,2025-05-29,2.4,2.4,2.4,2.4,0,62280,0
BANKNIFTY29MAY2560100CE.NFO,2025-05-27,12:16:00,2025-05-29,2.4,2.4,2.4,2.4,0,62280,0
BANKNIFTY29MAY2560100CE.NFO,2025-05-27,12:17:00,2025-05-29,2.4,2.4,2.4,2.4,0,62280,0
BANKNIFTY29MAY2560100CE.NFO,2025-05-27,12:18:00,2025-05-29,2.4,2.4,2.4,2.4,0,62280,0
BANKNIFTY29MAY2560100CE.NFO,2025-05-27,12:19:00,2025-05-29,2.4,2.4,2.4,2.4,0,62280,0
BANKNIFTY29MAY2560100CE.NFO,2025-05-27,12:20:00,2025-05-29,2.4,2.4,2.4,2.4,0,62280,0
BANKNIFTY29MAY2560100CE.NFO,2025-05-27,12:21:00,2025-05-29,2.4,2.4,2.4,2.4,0,62280,0
BANKNIFTY29MAY2560100CE.NFO,2025-05-27,12:22:00,2025-05-29,2.4,2.4,2.4,2.4,0,62280,0
BANKNIFTY29MAY2560100CE.NFO,2025-05-27,12:23:00,2025-05-29,2.6,2.6,2.6,2.6,120,62190,0
BANKNIFTY29MAY2560100CE.NFO,2025-05-27,12:24:00,2025-05-29,2.6,2.6,2.6,2.6,0,62190,0
BANKNIFTY29MAY2560100CE.NFO,2025-05-27,12:25:00,2025-05-29,2.6,2.6,2.6,2.6,0,62190,0
BANKNIFTY29MAY2560100CE.NFO,2025-05-27,12:26:00,2025-05-29,2.6,2.6,2.6,2.6,0,62190,0
BANKNIFTY29MAY2560100CE.NFO,2025-05-27,12:27:00,2025-05-29,2.6,2.6,2.6,2.6,0,62190,0
BANKNIFTY29MAY2560100CE.NFO,2025-05-27,12:28:00,2025-05-29,2.6,2.6,2.6,2.6,0,62190,0
BANKNIFTY29MAY2560100CE.NFO,2025-05-27,12:29:00,2025-05-29,2.6,2.6,2.6,2.6,0,62190,0
BANKNIFTY29MAY2560100CE.NFO,2025-05-27,12:30:00,2025-05-29,2.6,2.6,2.6,2.6,0,62190,0
BANKNIFTY29MAY2560100CE.NFO,2025-05-27,12:31:00,2025-05-29,2.6,2.6,2.6,2.6,0,62190,0
BANKNIFTY29MAY2560100CE.NFO,2025-05-27,12:32:00,2025-05-29,2.6,2.6,2.6,2.6,0,62190,0
BANKNIFTY29MAY2560100CE.NFO,2025-05-27,12:33:00,2025-05-29,2.6,2.6,2.6,2.6,0,62190,0
BANKNIFTY29MAY2560100CE.NFO,2025-05-27,12:34:00,2025-05-29,2.6,2.6,2.6,2.6,0,62190,0
BANKNIFTY29MAY2560100CE.NFO,2025-05-27,12:35:00,2025-05-29,2.6,2.6,2.6,2.6,0,62190,0
BANKNIFTY29MAY2560100CE.NFO,2025-05-27,12:36:00,2025-05-29,2.6,2.6,2.6,2.6,0,62190,0
BANKNIFTY29MAY2560100CE.NFO,2025-05-27,12:37:00,2025-05-29,2.6,2.6,2.6,2.6,0,62190,0
BANKNIFTY29MAY2560100CE.NFO,2025-05-27,12:38:00,2025-05-29,2.6,2.6,2.6,2.6,0,62190,0
BANKNIFTY29MAY2560100CE.NFO,2025-05-27,12:39:00,2025-05-29,2.6,2.6,2.6,2.6,0,62190,0
BANKNIFTY29MAY2560100CE.NFO,2025-05-27,12:40:00,2025-05-29,2.6,2.6,2.6,2.6,0,62190,0
BANKNIFTY29MAY2560100CE.NFO,2025-05-27,12:41:00,2025-05-29,2.6,2.6,2.55,2.55,30,62160,0
BANKNIFTY29MAY2560100CE.NFO,2025-05-27,12:42:00,2025-05-29,2.55,2.55,2.55,2.55,0,62160,0
BANKNIFTY29MAY2560100CE.NFO,2025-05-27,12:43:00,2025-05-29,2.55,2.55,2.55,2.55,0,62160,0
BANKNIFTY29MAY2560100CE.NFO,2025-05-27,12:44:00,2025-05-29,2.55,2.55,2.55,2.55,0,62160,0
BANKNIFTY29MAY2560100CE.NFO,2025-05-27,12:45:00,2025-05-29,2.55,2.55,2.55,2.55,0,62160,0
BANKNIFTY29MAY2560100CE.NFO,2025-05-27,12:46:00,2025-05-29,2.55,2.55,2.55,2.55,0,62160,0
BANKNIFTY29MAY2560100CE.NFO,2025-05-27,12:47:00,2025-05-29,2.55,2.55,2.55,2.55,0,62160,0
BANKNIFTY29MAY2560100CE.NFO,2025-05-27,12:48:00,2025-05-29,2.55,2.55,2.55,2.55,0,62160,0
BANKNIFTY29MAY2560100CE.NFO,2025-05-27,12:49:00,2025-05-29,2.55,2.55,2.55,2.55,0,62160,0
BANKNIFTY29MAY2560100CE.NFO,2025-05-27,12:50:00,2025-05-29,2.55,2.55,2.55,2.55,0,62160,0
BANKNIFTY29MAY2560100CE.NFO,2025-05-27,12:51:00,2025-05-29,2.55,2.55,2.55,2.55,0,62160,0
BANKNIFTY29MAY2560100CE.NFO,2025-05-27,12:52:00,2025-05-29,2.55,2.55,2.55,2.55,0,62160,0
BANKNIFTY29MAY2560100CE.NFO,2025-05-27,12:53:00,2025-05-29,2.55,2.55,2.55,2.55,0,62160,0
BANKNIFTY29MAY2560100CE.NFO,2025-05-27,12:54:00,2025-05-29,2.55,2.55,2.55,2.55,0,62160,0
BANKNIFTY29MAY2560100CE.NFO,2025-05-27,12:55:00,2025-05-29,2.55,2.55,2.55,2.55,0,62160,0
BANKNIFTY29MAY2560100CE.NFO,2025-05-27,12:56:00,2025-05-29,2.55,2.55,2.55,2.55,0,62160,0
BANKNIFTY29MAY2560100CE.NFO,2025-05-27,12:57:00,2025-05-29,2.55,2.55,2.55,2.55,0,62160,0
BANKNIFTY29MAY2560100CE.NFO,2025-05-27,12:58:00,2025-05-29,2.55,2.55,2.55,2.55,0,62160,0
BANKNIFTY29MAY2560100CE.NFO,2025-05-27,12:59:00,2025-05-29,2.55,2.55,2.5,2.5,120,62160,0
BANKNIFTY29MAY2560100CE.NFO,2025-05-27,13:00:00,2025-05-29,2.5,2.5,2.5,2.5,0,62160,0
BANKNIFTY29MAY2560100CE.NFO,2025-05-27,13:01:00,2025-05-29,2.5,2.5,2.5,2.5,0,62160,0
BANKNIFTY29MAY2560100CE.NFO,2025-05-27,13:02:00,2025-05-29,2.5,2.5,2.5,2.5,0,62160,0
BANKNIFTY29MAY2560100CE.NFO,2025-05-27,13:03:00,2025-05-29,2.5,3.2,2.5,3.2,270,62070,0
BANKNIFTY29MAY2560100CE.NFO,2025-05-27,13:04:00,2025-05-29,3.2,3.3,2.9,2.9,1470,62190,0
BANKNIFTY29MAY2560100CE.NFO,2025-05-27,13:05:00,2025-05-29,3.05,3.15,2.7,3.05,1170,62190,0
BANKNIFTY29MAY2560100CE.NFO,2025-05-27,13:06:00,2025-05-29,3.05,3.05,2.9,2.95,300,62190,0
BANKNIFTY29MAY2560100CE.NFO,2025-05-27,13:07:00,2025-05-29,2.95,2.95,2.95,2.95,0,62190,0
BANKNIFTY29MAY2560100CE.NFO,2025-05-27,13:08:00,2025-05-29,2.95,2.95,2.95,2.95,0,62190,0
BANKNIFTY29MAY2560100CE.NFO,2025-05-27,13:09:00,2025-05-29,2.95,3.15,2.95,3.15,60,61770,0
BANKNIFTY29MAY2560100CE.NFO,2025-05-27,13:10:00,2025-05-29,3.15,3.15,2.7,3.05,180,61800,0
BANKNIFTY29MAY2560100CE.NFO,2025-05-27,13:11:00,2025-05-29,3.05,3.05,3.05,3.05,0,61800,0
BANKNIFTY29MAY2560100CE.NFO,2025-05-27,13:12:00,2025-05-29,3.05,3.05,2.75,2.75,30,61800,0
BANKNIFTY29MAY2560100CE.NFO,2025-05-27,13:13:00,2025-05-29,2.75,2.75,2.75,2.75,0,61800,0
BANKNIFTY29MAY2560100CE.NFO,2025-05-27,13:14:00,2025-05-29,3.1,3.1,3.1,3.1,450,61830,0
BANKNIFTY29MAY2560100CE.NFO,2025-05-27,13:15:00,2025-05-29,3.1,3.1,3.1,3.1,570,61830,0
BANKNIFTY29MAY2560100CE.NFO,2025-05-27,13:16:00,2025-05-29,3.1,3.1,3.1,3.1,0,61830,0
BANKNIFTY29MAY2560100CE.NFO,2025-05-27,13:17:00,2025-05-29,3.1,3.1,3.1,3.1,0,61830,0
BANKNIFTY29MAY2560100CE.NFO,2025-05-27,13:18:00,2025-05-29,3.1,3.1,2.55,2.55,90,61920,0
BANKNIFTY29MAY2560100CE.NFO,2025-05-27,13:19:00,2025-05-29,2.55,2.55,2.55,2.55,0,61920,0
BANKNIFTY29MAY2560100CE.NFO,2025-05-27,13:20:00,2025-05-29,2.55,2.55,2.55,2.55,0,61920,0
BANKNIFTY29MAY2560100CE.NFO,2025-05-27,13:21:00,2025-05-29,2.55,2.55,2.55,2.55,0,61920,0
BANKNIFTY29MAY2560100CE.NFO,2025-05-27,13:22:00,2025-05-29,2.55,2.55,2.55,2.55,0,61920,0
BANKNIFTY29MAY2560100CE.NFO,2025-05-27,13:23:00,2025-05-29,2.55,2.55,2.55,2.55,0,61920,0
BANKNIFTY29MAY2560100CE.NFO,2025-05-27,13:24:00,2025-05-29,2.55,2.55,2.55,2.55,0,61920,0
BANKNIFTY29MAY2560100CE.NFO,2025-05-27,13:25:00,2025-05-29,2.55,2.55,2.55,2.55,0,61920,0
BANKNIFTY29MAY2560100CE.NFO,2025-05-27,13:26:00,2025-05-29,2.55,2.55,2.55,2.55,0,61920,0
BANKNIFTY29MAY2560100CE.NFO,2025-05-27,13:27:00,2025-05-29,2.55,2.55,2.55,2.55,0,61920,0
BANKNIFTY29MAY2560100CE.NFO,2025-05-27,13:28:00,2025-05-29,2.55,2.55,2.55,2.55,0,61920,0
BANKNIFTY29MAY2560100CE.NFO,2025-05-27,13:29:00,2025-05-29,2.55,2.55,2.55,2.55,0,61920,0
BANKNIFTY29MAY2560100CE.NFO,2025-05-27,13:30:00,2025-05-29,2.55,2.55,2.55,2.55,0,61920,0
BANKNIFTY29MAY2560100CE.NFO,2025-05-27,13:31:00,2025-05-29,2.55,2.55,2.55,2.55,0,61920,0
BANKNIFTY29MAY2560100CE.NFO,2025-05-27,13:32:00,2025-05-29,2.55,3.1,2.55,3.1,60,61830,0
BANKNIFTY29MAY2560100CE.NFO,2025-05-27,13:33:00,2025-05-29,3.1,3.15,3.1,3.15,0,61830,0
BANKNIFTY29MAY2560100CE.NFO,2025-05-27,13:34:00,2025-05-29,3.15,3.15,3.15,3.15,30,61830,0
BANKNIFTY29MAY2560100CE.NFO,2025-05-27,13:35:00,2025-05-29,3.15,3.15,3.05,3.05,150,61920,0
BANKNIFTY29MAY2560100CE.NFO,2025-05-27,13:36:00,2025-05-29,3.05,3.05,3.05,3.05,0,61920,0
BANKNIFTY29MAY2560100CE.NFO,2025-05-27,13:37:00,2025-05-29,2.85,2.95,2.85,2.95,60,61920,0
BANKNIFTY29MAY2560100CE.NFO,2025-05-27,13:38:00,2025-05-29,2.95,2.95,2.95,2.95,0,61920,0
BANKNIFTY29MAY2560100CE.NFO,2025-05-27,13:39:00,2025-05-29,2.95,3.0,2.95,3.0,30,62040,0
BANKNIFTY29MAY2560100CE.NFO,2025-05-27,13:40:00,2025-05-29,3.0,3.0,3.0,3.0,0,62040,0
BANKNIFTY29MAY2560100CE.NFO,2025-05-27,13:41:00,2025-05-29,3.0,3.0,3.0,3.0,0,62040,0
BANKNIFTY29MAY2560100CE.NFO,2025-05-27,13:42:00,2025-05-29,3.0,3.0,3.0,3.0,0,62040,0
BANKNIFTY29MAY2560100CE.NFO,2025-05-27,13:43:00,2025-05-29,3.0,3.0,3.0,3.0,0,62040,0
BANKNIFTY29MAY2560100CE.NFO,2025-05-27,13:44:00,2025-05-29,3.0,3.0,3.0,3.0,0,62040,0
BANKNIFTY29MAY2560100CE.NFO,2025-05-27,13:45:00,2025-05-29,3.0,3.0,3.0,3.0,0,62040,0
BANKNIFTY29MAY2560100CE.NFO,2025-05-27,13:46:00,2025-05-29,3.0,3.0,3.0,3.0,0,62040,0
BANKNIFTY29MAY2560100CE.NFO,2025-05-27,13:47:00,2025-05-29,3.0,3.0,3.0,3.0,0,62040,0
BANKNIFTY29MAY2560100CE.NFO,2025-05-27,13:48:00,2025-05-29,3.0,3.0,3.0,3.0,0,62040,0
BANKNIFTY29MAY2560100CE.NFO,2025-05-27,13:49:00,2025-05-29,3.0,3.0,3.0,3.0,0,62040,0
BANKNIFTY29MAY2560100CE.NFO,2025-05-27,13:50:00,2025-05-29,2.5,2.5,2.5,2.5,600,62040,0
BANKNIFTY29MAY2560100CE.NFO,2025-05-27,13:51:00,2025-05-29,2.5,2.5,2.5,2.5,0,62040,0
BANKNIFTY29MAY2560100CE.NFO,2025-05-27,13:52:00,2025-05-29,2.5,2.5,2.5,2.5,0,62040,0
BANKNIFTY29MAY2560100CE.NFO,2025-05-27,13:53:00,2025-05-29,2.7,2.7,2.7,2.7,0,61560,0
BANKNIFTY29MAY2560100CE.NFO,2025-05-27,13:54:00,2025-05-29,2.7,2.7,2.7,2.7,0,61560,0
BANKNIFTY29MAY2560100CE.NFO,2025-05-27,13:55:00,2025-05-29,2.7,2.7,2.7,2.7,0,61560,0
BANKNIFTY29MAY2560100CE.NFO,2025-05-27,13:56:00,2025-05-29,2.7,2.7,2.7,2.7,0,61560,0
BANKNIFTY29MAY2560100CE.NFO,2025-05-27,13:57:00,2025-05-29,2.7,2.7,2.7,2.7,0,61560,1
BANKNIFTY29MAY2560100CE.NFO,2025-05-27,13:58:00,2025-05-29,2.7,2.7,2.7,2.7,0,61560,0
BANKNIFTY29MAY2560100CE.NFO,2025-05-27,13:59:00,2025-05-29,2.7,2.7,2.7,2.7,0,61560,0
BANKNIFTY29MAY2560100CE.NFO,2025-05-27,14:00:00,2025-05-29,2.7,2.7,2.7,2.7,0,61560,0
BANKNIFTY29MAY2560100CE.NFO,2025-05-27,14:01:00,2025-05-29,2.7,2.7,2.7,2.7,0,61560,0
BANKNIFTY29MAY2560100CE.NFO,2025-05-27,14:02:00,2025-05-29,2.7,2.7,2.7,2.7,0,61560,0
BANKNIFTY29MAY2560100CE.NFO,2025-05-27,14:03:00,2025-05-29,2.7,2.8,2.7,2.8,90,61560,0
BANKNIFTY29MAY2560100CE.NFO,2025-05-27,14:04:00,2025-05-29,2.8,2.8,2.8,2.8,0,61560,0
BANKNIFTY29MAY2560100CE.NFO,2025-05-27,14:05:00,2025-05-29,2.8,2.8,2.8,2.8,0,61560,0
BANKNIFTY29MAY2560100CE.NFO,2025-05-27,14:06:00,2025-05-29,2.8,2.8,2.8,2.8,0,61560,0
BANKNIFTY29MAY2560100CE.NFO,2025-05-27,14:07:00,2025-05-29,2.5,2.5,2.5,2.5,180,61560,0
BANKNIFTY29MAY2560100CE.NFO,2025-05-27,14:08:00,2025-05-29,2.5,2.5,2.5,2.5,0,61560,0
BANKNIFTY29MAY2560100CE.NFO,2025-05-27,14:09:00,2025-05-29,2.5,2.5,2.5,2.5,0,61560,0
BANKNIFTY29MAY2560100CE.NFO,2025-05-27,14:10:00,2025-05-29,2.5,2.5,2.5,2.5,0,61560,1
BANKNIFTY29MAY2560100CE.NFO,2025-05-27,14:11:00,2025-05-29,2.5,2.5,2.5,2.5,0,61560,0
BANKNIFTY29MAY2560100CE.NFO,2025-05-27,14:12:00,2025-05-29,2.5,2.5,2.5,2.5,0,61560,0
BANKNIFTY29MAY2560100CE.NFO,2025-05-27,14:13:00,2025-05-29,2.5,2.5,2.5,2.5,0,61560,0
BANKNIFTY29MAY2560100CE.NFO,2025-05-27,14:14:00,2025-05-29,2.5,2.5,2.5,2.5,0,61560,0
BANKNIFTY29MAY2560100CE.NFO,2025-05-27,14:15:00,2025-05-29,2.5,2.5,2.5,2.5,0,61560,1
BANKNIFTY29MAY2560100CE.NFO,2025-05-27,14:16:00,2025-05-29,2.5,2.5,2.5,2.5,0,61560,0
BANKNIFTY29MAY2560100CE.NFO,2025-05-27,14:17:00,2025-05-29,2.5,2.5,2.5,2.5,0,61560,0
BANKNIFTY29MAY2560100CE.NFO,2025-05-27,14:18:00,2025-05-29,2.5,3.25,2.5,2.9,930,61500,0
BANKNIFTY29MAY2560100CE.NFO,2025-05-27,14:19:00,2025-05-29,2.9,2.9,2.9,2.9,120,61500,0
BANKNIFTY29MAY2560100CE.NFO,2025-05-27,14:20:00,2025-05-29,2.9,2.9,2.8,2.8,30,61620,0
BANKNIFTY29MAY2560100CE.NFO,2025-05-27,14:21:00,2025-05-29,2.8,2.8,2.8,2.8,0,61620,0
BANKNIFTY29MAY2560100CE.NFO,2025-05-27,14:22:00,2025-05-29,2.8,2.8,2.8,2.8,0,61620,0
BANKNIFTY29MAY2560100CE.NFO,2025-05-27,14:23:00,2025-05-29,2.8,2.8,2.8,2.8,0,61620,0
BANKNIFTY29MAY2560100CE.NFO,2025-05-27,14:24:00,2025-05-29,2.8,2.8,2.8,2.8,0,61620,0
BANKNIFTY29MAY2560100CE.NFO,2025-05-27,14:25:00,2025-05-29,2.8,2.8,2.8,2.8,0,61620,1
BANKNIFTY29MAY2560100CE.NFO,2025-05-27,14:26:00,2025-05-29,2.8,2.8,2.8,2.8,0,61620,0
BANKNIFTY29MAY2560100CE.NFO,2025-05-27,14:27:00,2025-05-29,2.8,2.8,2.8,2.8,0,61620,0
BANKNIFTY29MAY2560100CE.NFO,2025-05-27,14:28:00,2025-05-29,2.8,2.8,2.8,2.8,0,61620,0
BANKNIFTY29MAY2560100CE.NFO,2025-05-27,14:29:00,2025-05-29,2.8,2.8,2.8,2.8,0,61620,0
BANKNIFTY29MAY2560100CE.NFO,2025-05-27,14:30:00,2025-05-29,2.8,2.8,2.8,2.8,0,61620,1
BANKNIFTY29MAY2560100CE.NFO,2025-05-27,14:31:00,2025-05-29,2.8,2.8,2.8,2.8,0,61620,0
BANKNIFTY29MAY2560100CE.NFO,2025-05-27,14:32:00,2025-05-29,2.8,2.8,2.8,2.8,0,61620,0
BANKNIFTY29MAY2560100CE.NFO,2025-05-27,14:33:00,2025-05-29,2.8,2.8,2.8,2.8,0,61620,0
BANKNIFTY29MAY2560100CE.NFO,2025-05-27,14:34:00,2025-05-29,2.8,2.8,2.8,2.8,0,61620,0
BANKNIFTY29MAY2560100CE.NFO,2025-05-27,14:35:00,2025-05-29,2.8,2.8,2.8,2.8,0,61620,0
BANKNIFTY29MAY2560100CE.NFO,2025-05-27,14:36:00,2025-05-29,2.8,2.8,2.8,2.8,0,61620,0
BANKNIFTY29MAY2560100CE.NFO,2025-05-27,14:37:00,2025-05-29,2.8,2.8,2.8,2.8,0,61620,0
BANKNIFTY29MAY2560100CE.NFO,2025-05-27,14:38:00,2025-05-29,2.8,2.8,2.8,2.8,0,61620,0
BANKNIFTY29MAY2560100CE.NFO,2025-05-27,14:39:00,2025-05-29,2.8,2.85,2.75,2.75,0,61620,0
BANKNIFTY29MAY2560100CE.NFO,2025-05-27,14:40:00,2025-05-29,2.75,2.75,2.75,2.75,210,61620,0
BANKNIFTY29MAY2560100CE.NFO,2025-05-27,14:41:00,2025-05-29,2.75,2.75,2.75,2.75,0,61620,0
BANKNIFTY29MAY2560100CE.NFO,2025-05-27,14:42:00,2025-05-29,2.75,2.75,2.75,2.75,0,61620,0
BANKNIFTY29MAY2560100CE.NFO,2025-05-27,14:43:00,2025-05-29,2.75,2.85,2.75,2.85,1650,61530,0
BANKNIFTY29MAY2560100CE.NFO,2025-05-27,14:44:00,2025-05-29,2.85,2.85,2.85,2.85,0,61530,0
BANKNIFTY29MAY2560100CE.NFO,2025-05-27,14:45:00,2025-05-29,2.85,2.85,2.85,2.85,0,61530,0
BANKNIFTY29MAY2560100CE.NFO,2025-05-27,14:46:00,2025-05-29,2.85,2.85,2.85,2.85,0,61530,0
BANKNIFTY29MAY2560100CE.NFO,2025-05-27,14:47:00,2025-05-29,2.85,2.85,2.85,2.85,0,61530,0
BANKNIFTY29MAY2560100CE.NFO,2025-05-27,14:48:00,2025-05-29,2.85,2.85,2.85,2.85,0,61530,0
BANKNIFTY29MAY2560100CE.NFO,2025-05-27,14:49:00,2025-05-29,2.85,2.9,2.7,2.85,630,60540,0
BANKNIFTY29MAY2560100CE.NFO,2025-05-27,14:50:00,2025-05-29,2.85,2.85,2.75,2.85,390,60540,0
BANKNIFTY29MAY2560100CE.NFO,2025-05-27,14:51:00,2025-05-29,2.85,2.85,2.85,2.85,0,60540,0
BANKNIFTY29MAY2560100CE.NFO,2025-05-27,14:52:00,2025-05-29,2.85,2.85,2.85,2.85,0,60540,0
BANKNIFTY29MAY2560100CE.NFO,2025-05-27,14:53:00,2025-05-29,2.85,2.85,2.85,2.85,0,60540,0
BANKNIFTY29MAY2560100CE.NFO,2025-05-27,14:54:00,2025-05-29,2.85,2.85,2.85,2.85,0,60540,0
BANKNIFTY29MAY2560100CE.NFO,2025-05-27,14:55:00,2025-05-29,2.85,2.85,2.85,2.85,0,60540,0
BANKNIFTY29MAY2560100CE.NFO,2025-05-27,14:56:00,2025-05-29,2.85,2.85,2.85,2.85,0,60540,0
BANKNIFTY29MAY2560100CE.NFO,2025-05-27,14:57:00,2025-05-29,2.85,2.85,2.8,2.8,60,60810,0
BANKNIFTY29MAY2560100CE.NFO,2025-05-27,14:58:00,2025-05-29,2.8,2.8,2.7,2.7,30,60810,0
BANKNIFTY29MAY2560100CE.NFO,2025-05-27,14:59:00,2025-05-29,2.7,2.7,2.7,2.7,0,60810,0
BANKNIFTY29MAY2560100CE.NFO,2025-05-27,15:00:00,2025-05-29,2.7,2.7,2.7,2.7,0,60810,0
BANKNIFTY29MAY2560100CE.NFO,2025-05-27,15:01:00,2025-05-29,2.7,2.7,2.7,2.7,0,60810,0
BANKNIFTY29MAY2560100CE.NFO,2025-05-27,15:02:00,2025-05-29,2.7,2.7,2.7,2.7,0,60810,0
BANKNIFTY29MAY2560100CE.NFO,2025-05-27,15:03:00,2025-05-29,2.7,2.7,2.7,2.7,0,60810,0
BANKNIFTY29MAY2560100CE.NFO,2025-05-27,15:04:00,2025-05-29,2.7,2.7,2.7,2.7,0,60810,0
BANKNIFTY29MAY2560100CE.NFO,2025-05-27,15:05:00,2025-05-29,2.7,2.8,2.7,2.8,30,60720,0
BANKNIFTY29MAY2560100CE.NFO,2025-05-27,15:06:00,2025-05-29,2.8,2.8,2.8,2.8,30,60720,0
BANKNIFTY29MAY2560100CE.NFO,2025-05-27,15:07:00,2025-05-29,2.8,2.8,2.6,2.6,150,60720,0
BANKNIFTY29MAY2560100CE.NFO,2025-05-27,15:08:00,2025-05-29,2.6,2.6,2.6,2.6,0,60720,0
BANKNIFTY29MAY2560100CE.NFO,2025-05-27,15:09:00,2025-05-29,2.6,2.6,2.6,2.6,0,60720,0
BANKNIFTY29MAY2560100CE.NFO,2025-05-27,15:10:00,2025-05-29,2.6,2.6,2.6,2.6,0,60720,0
BANKNIFTY29MAY2560100CE.NFO,2025-05-27,15:11:00,2025-05-29,2.6,2.6,2.6,2.6,90,60660,0
BANKNIFTY29MAY2560100CE.NFO,2025-05-27,15:12:00,2025-05-29,2.6,2.6,2.6,2.6,810,60660,0
BANKNIFTY29MAY2560100CE.NFO,2025-05-27,15:13:00,2025-05-29,2.6,2.6,2.5,2.5,570,60660,0
BANKNIFTY29MAY2560100CE.NFO,2025-05-27,15:14:00,2025-05-29,2.5,2.75,2.5,2.75,90,60570,0
BANKNIFTY29MAY2560100CE.NFO,2025-05-27,15:15:00,2025-05-29,2.75,2.75,2.75,2.75,0,60570,0
BANKNIFTY29MAY2560100CE.NFO,2025-05-27,15:16:00,2025-05-29,2.75,2.75,2.5,2.5,30,60570,0
BANKNIFTY29MAY2560100CE.NFO,2025-05-27,15:17:00,2025-05-29,2.5,2.5,2.5,2.5,90,60570,0
BANKNIFTY29MAY2560100CE.NFO,2025-05-27,15:18:00,2025-05-29,2.5,2.5,2.5,2.5,0,60570,0
BANKNIFTY29MAY2560100CE.NFO,2025-05-27,15:19:00,2025-05-29,2.5,2.5,2.5,2.5,1140,60570,0
BANKNIFTY29MAY2560100CE.NFO,2025-05-27,15:20:00,2025-05-29,2.5,2.7,2.5,2.7,840,60240,0
BANKNIFTY29MAY2560100CE.NFO,2025-05-27,15:21:00,2025-05-29,2.7,2.7,2.7,2.7,0,60240,0
BANKNIFTY29MAY2560100CE.NFO,2025-05-27,15:22:00,2025-05-29,2.7,2.7,2.45,2.45,1080,60240,0
BANKNIFTY29MAY2560100CE.NFO,2025-05-27,15:23:00,2025-05-29,2.45,2.45,2.45,2.45,0,60240,0
BANKNIFTY29MAY2560100CE.NFO,2025-05-27,15:24:00,2025-05-29,2.45,2.45,2.45,2.45,0,60240,0
BANKNIFTY29MAY2560100CE.NFO,2025-05-27,15:25:00,2025-05-29,2.45,2.45,2.4,2.4,30,60270,0
BANKNIFTY29MAY2560100CE.NFO,2025-05-27,15:26:00,2025-05-29,2.4,2.6,2.4,2.6,570,60270,0
BANKNIFTY29MAY2560100CE.NFO,2025-05-27,15:27:00,2025-05-29,2.6,2.6,2.4,2.4,660,60270,0
BANKNIFTY29MAY2560100CE.NFO,2025-05-27,15:28:00,2025-05-29,2.4,2.4,2.4,2.4,180,59850,0
BANKNIFTY29MAY2560100CE.NFO,2025-05-27,15:29:00,2025-05-29,2.4,2.65,2.4,2.65,750,59850,0
BANKNIFTY29MAY2560100CE.NFO,2025-05-27,15:30:00,2025-05-29,2.65,2.65,2.65,2.65,750,59850,1
BANKNIFTY29MAY2560100CE.NFO,2025-05-28,09:15:00,2025-05-29,2.25,2.35,2.1,2.1,0,59850,0
BANKNIFTY29MAY2560100CE.NFO,2025-05-28,09:16:00,2025-05-29,2.1,2.55,2.0,2.0,510,59850,0
BANKNIFTY29MAY2560100CE.NFO,2025-05-28,09:17:00,2025-05-29,2.0,2.0,1.9,1.9,270,59850,0
BANKNIFTY29MAY2560100CE.NFO,2025-05-28,09:18:00,2025-05-29,1.9,2.25,1.8,2.2,120,59850,0
BANKNIFTY29MAY2560100CE.NFO,2025-05-28,09:19:00,2025-05-29,2.2,2.2,2.15,2.15,60,59880,0
BANKNIFTY29MAY2560100CE.NFO,2025-05-28,09:20:00,2025-05-29,2.15,2.35,1.9,1.9,210,59880,0
BANKNIFTY29MAY2560100CE.NFO,2025-05-28,09:21:00,2025-05-29,1.9,1.9,1.8,1.8,30,59880,0
BANKNIFTY29MAY2560100CE.NFO,2025-05-28,09:22:00,2025-05-29,1.8,2.3,1.8,2.0,330,59850,0
BANKNIFTY29MAY2560100CE.NFO,2025-05-28,09:23:00,2025-05-29,2.0,2.45,2.0,2.45,90,59850,0
BANKNIFTY29MAY2560100CE.NFO,2025-05-28,09:24:00,2025-05-29,2.45,2.45,2.25,2.45,150,59640,0
BANKNIFTY29MAY2560100CE.NFO,2025-05-28,09:25:00,2025-05-29,2.45,2.85,2.15,2.15,780,59640,0
BANKNIFTY29MAY2560100CE.NFO,2025-05-28,09:26:00,2025-05-29,2.15,2.65,2.15,2.6,990,59640,0
BANKNIFTY29MAY2560100CE.NFO,2025-05-28,09:27:00,2025-05-29,2.6,2.6,2.25,2.5,180,59640,0
BANKNIFTY29MAY2560100CE.NFO,2025-05-28,09:28:00,2025-05-29,2.25,2.25,2.25,2.25,510,59460,0
BANKNIFTY29MAY2560100CE.NFO,2025-05-28,09:29:00,2025-05-29,2.25,2.55,2.2,2.55,30,59460,0
BANKNIFTY29MAY2560100CE.NFO,2025-05-28,09:30:00,2025-05-29,2.55,2.65,2.15,2.65,330,59460,0
BANKNIFTY29MAY2560100CE.NFO,2025-05-28,09:31:00,2025-05-29,2.65,2.65,2.4,2.4,300,59550,0
BANKNIFTY29MAY2560100CE.NFO,2025-05-28,09:32:00,2025-05-29,2.4,2.65,2.4,2.65,30,59550,0
BANKNIFTY29MAY2560100CE.NFO,2025-05-28,09:33:00,2025-05-29,2.65,2.65,2.15,2.45,60,59550,0
BANKNIFTY29MAY2560100CE.NFO,2025-05-28,09:34:00,2025-05-29,2.45,2.45,2.15,2.15,60,59340,0
BANKNIFTY29MAY2560100CE.NFO,2025-05-28,09:35:00,2025-05-29,2.15,2.45,2.15,2.35,60,59340,0
BANKNIFTY29MAY2560100CE.NFO,2025-05-28,09:36:00,2025-05-29,2.35,2.35,2.35,2.35,0,59340,0
BANKNIFTY29MAY2560100CE.NFO,2025-05-28,09:37:00,2025-05-29,2.35,2.4,2.35,2.4,60,59340,0
BANKNIFTY29MAY2560100CE.NFO,2025-05-28,09:38:00,2025-05-29,2.4,2.7,2.35,2.35,1020,59340,0
BANKNIFTY29MAY2560100CE.NFO,2025-05-28,09:39:00,2025-05-29,2.35,2.35,2.2,2.35,720,59520,0
BANKNIFTY29MAY2560100CE.NFO,2025-05-28,09:40:00,2025-05-29,2.35,2.6,2.35,2.35,240,59520,0
BANKNIFTY29MAY2560100CE.NFO,2025-05-28,09:41:00,2025-05-29,2.35,2.5,2.3,2.3,480,59520,0
BANKNIFTY29MAY2560100CE.NFO,2025-05-28,09:42:00,2025-05-29,2.3,2.3,2.3,2.3,0,59520,0
BANKNIFTY29MAY2560100CE.NFO,2025-05-28,09:43:00,2025-05-29,2.5,2.55,2.05,2.55,120,59610,0
BANKNIFTY29MAY2560100CE.NFO,2025-05-28,09:44:00,2025-05-29,2.55,2.55,2.15,2.45,270,59610,0
BANKNIFTY29MAY2560100CE.NFO,2025-05-28,09:45:00,2025-05-29,2.45,2.45,2.45,2.45,0,59610,0
BANKNIFTY29MAY2560100CE.NFO,2025-05-28,09:46:00,2025-05-29,2.45,2.45,2.45,2.45,0,59610,0
BANKNIFTY29MAY2560100CE.NFO,2025-05-28,09:47:00,2025-05-29,2.45,2.45,2.45,2.45,0,59610,0
BANKNIFTY29MAY2560100CE.NFO,2025-05-28,09:48:00,2025-05-29,2.45,2.45,1.95,1.95,90,59640,0
BANKNIFTY29MAY2560100CE.NFO,2025-05-28,09:49:00,2025-05-29,1.95,1.95,1.95,1.95,60,59640,0
BANKNIFTY29MAY2560100CE.NFO,2025-05-28,09:50:00,2025-05-29,1.95,1.95,1.95,1.95,0,59640,0
BANKNIFTY29MAY2560100CE.NFO,2025-05-28,09:51:00,2025-05-29,1.95,1.95,1.95,1.95,0,59640,0
BANKNIFTY29MAY2560100CE.NFO,2025-05-28,09:52:00,2025-05-29,1.95,1.95,1.95,1.95,0,59640,0
BANKNIFTY29MAY2560100CE.NFO,2025-05-28,09:53:00,2025-05-29,1.95,1.95,1.95,1.95,0,59640,0
BANKNIFTY29MAY2560100CE.NFO,2025-05-28,09:54:00,2025-05-29,1.95,1.95,1.95,1.95,0,59640,1
BANKNIFTY29MAY2560100CE.NFO,2025-05-28,09:55:00,2025-05-29,1.95,1.95,1.95,1.95,0,59640,0
BANKNIFTY29MAY2560100CE.NFO,2025-05-28,09:56:00,2025-05-29,1.95,1.95,1.95,1.95,0,59640,0
BANKNIFTY29MAY2560100CE.NFO,2025-05-28,09:57:00,2025-05-29,1.95,1.95,1.95,1.95,0,59640,1
BANKNIFTY29MAY2560100CE.NFO,2025-05-28,09:58:00,2025-05-29,1.95,2.0,1.95,2.0,150,59550,0
BANKNIFTY29MAY2560100CE.NFO,2025-05-28,09:59:00,2025-05-29,2.0,2.4,1.95,2.3,660,59550,0
BANKNIFTY29MAY2560100CE.NFO,2025-05-28,10:00:00,2025-05-29,2.3,2.3,1.95,2.3,480,59550,0
BANKNIFTY29MAY2560100CE.NFO,2025-05-28,10:01:00,2025-05-29,2.3,2.45,2.15,2.45,810,58950,0
BANKNIFTY29MAY2560100CE.NFO,2025-05-28,10:02:00,2025-05-29,2.45,2.45,2.4,2.45,150,58950,0
BANKNIFTY29MAY2560100CE.NFO,2025-05-28,10:03:00,2025-05-29,2.45,2.45,2.45,2.45,60,58950,0
BANKNIFTY29MAY2560100CE.NFO,2025-05-28,10:04:00,2025-05-29,2.45,2.45,2.45,2.45,0,58950,0
BANKNIFTY29MAY2560100CE.NFO,2025-05-28,10:05:00,2025-05-29,2.45,2.45,2.45,2.45,120,59040,0
BANKNIFTY29MAY2560100CE.NFO,2025-05-28,10:06:00,2025-05-29,2.45,2.45,2.1,2.15,120,59040,0
BANKNIFTY29MAY2560100CE.NFO,2025-05-28,10:07:00,2025-05-29,2.15,2.45,2.1,2.45,150,59070,0
BANKNIFTY29MAY2560100CE.NFO,2025-05-28,10:08:00,2025-05-29,2.45,2.45,2.35,2.35,60,59070,0
BANKNIFTY29MAY2560100CE.NFO,2025-05-28,10:09:00,2025-05-29,2.35,2.45,2.35,2.35,660,59310,0
BANKNIFTY29MAY2560100CE.NFO,2025-05-28,10:10:00,2025-05-29,2.35,2.35,2.05,2.35,720,59310,0
BANKNIFTY29MAY2560100CE.NFO,2025-05-28,10:11:00,2025-05-29,2.35,2.35,1.9,1.9,1080,59310,0
BANKNIFTY29MAY2560100CE.NFO,2025-05-28,10:12:00,2025-05-29,1.9,1.9,1.9,1.9,0,59310,0
BANKNIFTY29MAY2560100CE.NFO,2025-05-28,10:13:00,2025-05-29,1.9,1.9,1.9,1.9,0,59310,0
BANKNIFTY29MAY2560100CE.NFO,2025-05-28,10:14:00,2025-05-29,1.9,1.9,1.9,1.9,0,59310,0
BANKNIFTY29MAY2560100CE.NFO,2025-05-28,10:15:00,2025-05-29,1.9,2.35,1.9,2.35,180,58980,0
BANKNIFTY29MAY2560100CE.NFO,2025-05-28,10:16:00,2025-05-29,2.35,2.4,2.35,2.4,600,59040,0
BANKNIFTY29MAY2560100CE.NFO,2025-05-28,10:17:00,2025-05-29,2.4,2.4,1.9,2.05,450,59040,0
BANKNIFTY29MAY2560100CE.NFO,2025-05-28,10:18:00,2025-05-29,2.05,2.3,2.05,2.05,0,59040,0
BANKNIFTY29MAY2560100CE.NFO,2025-05-28,10:19:00,2025-05-29,2.05,2.2,2.05,2.2,480,58800,0
BANKNIFTY29MAY2560100CE.NFO,2025-05-28,10:20:00,2025-05-29,2.2,2.2,2.2,2.2,0,58800,0
BANKNIFTY29MAY2560100CE.NFO,2025-05-28,10:21:00,2025-05-29,2.2,2.2,2.2,2.2,0,58800,0
BANKNIFTY29MAY2560100CE.NFO,2025-05-28,10:22:00,2025-05-29,2.2,2.2,2.2,2.2,0,58800,0
BANKNIFTY29MAY2560100CE.NFO,2025-05-28,10:23:00,2025-05-29,2.2,2.3,2.0,2.3,180,58830,0
BANKNIFTY29MAY2560100CE.NFO,2025-05-28,10:24:00,2025-05-29,2.3,2.3,1.95,1.95,240,58830,0
BANKNIFTY29MAY2560100CE.NFO,2025-05-28,10:25:00,2025-05-29,2.3,2.3,1.9,1.9,60,58740,0
BANKNIFTY29MAY2560100CE.NFO,2025-05-28,10:26:00,2025-05-29,1.9,1.9,1.9,1.9,0,58740,0
BANKNIFTY29MAY2560100CE.NFO,2025-05-28,10:27:00,2025-05-29,1.9,2.3,1.9,2.3,60,58740,0
BANKNIFTY29MAY2560100CE.NFO,2025-05-28,10:28:00,2025-05-29,2.3,2.3,2.3,2.3,0,58740,0
BANKNIFTY29MAY2560100CE.NFO,2025-05-28,10:29:00,2025-05-29,2.3,2.3,2.3,2.3,0,58740,0
BANKNIFTY29MAY2560100CE.NFO,2025-05-28,10:30:00,2025-05-29,2.3,2.3,2.3,2.3,0,58740,0
BANKNIFTY29MAY2560100CE.NFO,2025-05-28,10:31:00,2025-05-29,2.3,2.3,2.3,2.3,0,58740,0
BANKNIFTY29MAY2560100CE.NFO,2025-05-28,10:32:00,2025-05-29,2.3,2.3,2.3,2.3,0,58740,0
BANKNIFTY29MAY2560100CE.NFO,2025-05-28,10:33:00,2025-05-29,2.3,2.3,2.3,2.3,0,58740,0
BANKNIFTY29MAY2560100CE.NFO,2025-05-28,10:34:00,2025-05-29,1.85,2.3,1.8,1.95,1440,58740,0
BANKNIFTY29MAY2560100CE.NFO,2025-05-28,10:35:00,2025-05-29,1.95,2.25,1.95,2.0,420,58740,0
BANKNIFTY29MAY2560100CE.NFO,2025-05-28,10:36:00,2025-05-29,2.0,2.25,2.0,2.25,90,58740,0
BANKNIFTY29MAY2560100CE.NFO,2025-05-28,10:37:00,2025-05-29,2.25,2.25,2.15,2.15,180,58740,0
BANKNIFTY29MAY2560100CE.NFO,2025-05-28,10:38:00,2025-05-29,2.15,2.15,2.05,2.05,0,58740,0
BANKNIFTY29MAY2560100CE.NFO,2025-05-28,10:39:00,2025-05-29,2.05,2.05,2.05,2.05,60,58740,0
BANKNIFTY29MAY2560100CE.NFO,2025-05-28,10:40:00,2025-05-29,2.05,2.05,2.05,2.05,300,58560,0
BANKNIFTY29MAY2560100CE.NFO,2025-05-28,10:41:00,2025-05-29,2.05,2.05,2.05,2.05,0,58560,0
BANKNIFTY29MAY2560100CE.NFO,2025-05-28,10:42:00,2025-05-29,2.05,2.05,1.95,1.95,30,58560,0
BANKNIFTY29MAY2560100CE.NFO,2025-05-28,10:43:00,2025-05-29,1.95,1.95,1.9,1.9,210,58710,0
BANKNIFTY29MAY2560100CE.NFO,2025-05-28,10:44:00,2025-05-29,2.15,2.15,1.8,1.8,150,58710,0
BANKNIFTY29MAY2560100CE.NFO,2025-05-28,10:45:00,2025-05-29,1.8,1.8,1.8,1.8,0,58710,0
BANKNIFTY29MAY2560100CE.NFO,2025-05-28,10:46:00,2025-05-29,1.85,1.85,1.8,1.85,1080,58980,0
BANKNIFTY29MAY2560100CE.NFO,2025-05-28,10:47:00,2025-05-29,1.85,1.85,1.85,1.85,0,58980,0
BANKNIFTY29MAY2560100CE.NFO,2025-05-28,10:48:00,2025-05-29,1.85,1.85,1.85,1.85,0,58980,0
BANKNIFTY29MAY2560100CE.NFO,2025-05-28,10:49:00,2025-05-29,1.85,1.85,1.75,1.75,30,58950,0
BANKNIFTY29MAY2560100CE.NFO,2025-05-28,10:50:00,2025-05-29,1.75,1.75,1.75,1.75,0,58950,0
BANKNIFTY29MAY2560100CE.NFO,2025-05-28,10:51:00,2025-05-29,1.75,2.35,1.75,2.2,1200,58950,0
BANKNIFTY29MAY2560100CE.NFO,2025-05-28,10:52:00,2025-05-29,2.2,2.2,2.2,2.2,0,58950,0
BANKNIFTY29MAY2560100CE.NFO,2025-05-28,10:53:00,2025-05-29,2.2,2.2,2.0,2.0,30,58290,0
BANKNIFTY29MAY2560100CE.NFO,2025-05-28,10:54:00,2025-05-29,2.0,2.0,2.0,2.0,0,58290,0
BANKNIFTY29MAY2560100CE.NFO,2025-05-28,10:55:00,2025-05-29,2.0,2.0,2.0,2.0,0,58290,0
BANKNIFTY29MAY2560100CE.NFO,2025-05-28,10:56:00,2025-05-29,2.0,2.0,1.95,1.95,0,58260,0
BANKNIFTY29MAY2560100CE.NFO,2025-05-28,10:57:00,2025-05-29,1.95,2.1,1.95,2.1,90,58260,0
BANKNIFTY29MAY2560100CE.NFO,2025-05-28,10:58:00,2025-05-29,2.1,2.3,2.1,2.3,180,58230,0
BANKNIFTY29MAY2560100CE.NFO,2025-05-28,10:59:00,2025-05-29,2.3,2.3,2.1,2.1,30,58230,0
BANKNIFTY29MAY2560100CE.NFO,2025-05-28,11:00:00,2025-05-29,2.1,2.1,2.1,2.1,0,58230,0
BANKNIFTY29MAY2560100CE.NFO,2025-05-28,11:01:00,2025-05-29,2.1,2.1,2.1,2.1,0,58230,0
BANKNIFTY29MAY2560100CE.NFO,2025-05-28,11:02:00,2025-05-29,2.1,2.4,2.1,2.4,30,58320,0
BANKNIFTY29MAY2560100CE.NFO,2025-05-28,11:03:00,2025-05-29,2.05,2.05,2.05,2.05,60,58320,0
BANKNIFTY29MAY2560100CE.NFO,2025-05-28,11:04:00,2025-05-29,2.05,2.15,2.0,2.15,180,58320,0
BANKNIFTY29MAY2560100CE.NFO,2025-05-28,11:05:00,2025-05-29,2.15,2.15,2.05,2.05,30,58320,0
BANKNIFTY29MAY2560100CE.NFO,2025-05-28,11:06:00,2025-05-29,2.05,2.05,2.05,2.05,30,58320,0
BANKNIFTY29MAY2560100CE.NFO,2025-05-28,11:07:00,2025-05-29,2.05,2.05,2.05,2.05,0,58320,0
BANKNIFTY29MAY2560100CE.NFO,2025-05-28,11:08:00,2025-05-29,2.05,2.15,2.05,2.15,240,58140,0
BANKNIFTY29MAY2560100CE.NFO,2025-05-28,11:09:00,2025-05-29,2.15,2.15,2.15,2.15,0,58140,0
BANKNIFTY29MAY2560100CE.NFO,2025-05-28,11:10:00,2025-05-29,2.15,2.15,2.15,2.15,0,58140,0
BANKNIFTY29MAY2560100CE.NFO,2025-05-28,11:11:00,2025-05-29,2.15,2.15,2.15,2.15,0,58140,1
BANKNIFTY29MAY2560100CE.NFO,2025-05-28,11:12:00,2025-05-29,2.15,2.15,2.15,2.15,0,58140,1
BANKNIFTY29MAY2560100CE.NFO,2025-05-28,11:13:00,2025-05-29,2.15,2.15,2.15,2.15,0,58140,0
BANKNIFTY29MAY2560100CE.NFO,2025-05-28,11:14:00,2025-05-29,2.15,2.15,2.15,2.15,0,58140,0
BANKNIFTY29MAY2560100CE.NFO,2025-05-28,11:15:00,2025-05-29,2.15,2.15,2.15,2.15,0,58140,0
BANKNIFTY29MAY2560100CE.NFO,2025-05-28,11:16:00,2025-05-29,2.15,2.15,2.15,2.15,0,58140,0
BANKNIFTY29MAY2560100CE.NFO,2025-05-28,11:17:00,2025-05-29,2.1,2.1,2.1,2.1,120,58080,0
BANKNIFTY29MAY2560100CE.NFO,2025-05-28,11:18:00,2025-05-29,2.2,2.2,2.2,2.2,30,58080,0
BANKNIFTY29MAY2560100CE.NFO,2025-05-28,11:19:00,2025-05-29,2.1,2.15,2.1,2.15,120,57960,0
BANKNIFTY29MAY2560100CE.NFO,2025-05-28,11:20:00,2025-05-29,2.15,2.15,2.15,2.15,0,57960,0
BANKNIFTY29MAY2560100CE.NFO,2025-05-28,11:21:00,2025-05-29,2.15,2.15,2.15,2.15,0,57960,0
BANKNIFTY29MAY2560100CE.NFO,2025-05-28,11:22:00,2025-05-29,2.15,2.15,2.15,2.15,0,57960,0
BANKNIFTY29MAY2560100CE.NFO,2025-05-28,11:23:00,2025-05-29,2.15,2.15,2.15,2.15,0,57960,0
BANKNIFTY29MAY2560100CE.NFO,2025-05-28,11:24:00,2025-05-29,2.0,2.25,2.0,2.25,240,57900,0
BANKNIFTY29MAY2560100CE.NFO,2025-05-28,11:25:00,2025-05-29,2.25,2.25,2.25,2.25,60,57840,0
BANKNIFTY29MAY2560100CE.NFO,2025-05-28,11:26:00,2025-05-29,2.25,2.25,2.25,2.25,0,57840,0
BANKNIFTY29MAY2560100CE.NFO,2025-05-28,11:27:00,2025-05-29,2.25,2.25,2.25,2.25,0,57840,0
BANKNIFTY29MAY2560100CE.NFO,2025-05-28,11:28:00,2025-05-29,2.25,2.25,2.25,2.25,0,57840,0
BANKNIFTY29MAY2560100CE.NFO,2025-05-28,11:29:00,2025-05-29,2.25,2.25,2.25,2.25,0,57840,0
BANKNIFTY29MAY2560100CE.NFO,2025-05-28,11:30:00,2025-05-29,2.25,2.25,2.25,2.25,0,57840,0
BANKNIFTY29MAY2560100CE.NFO,2025-05-28,11:31:00,2025-05-29,2.25,2.25,2.25,2.25,0,57840,0
BANKNIFTY29MAY2560100CE.NFO,2025-05-28,11:32:00,2025-05-29,2.25,2.25,2.25,2.25,0,57840,0
BANKNIFTY29MAY2560100CE.NFO,2025-05-28,11:33:00,2025-05-29,2.25,2.25,2.25,2.25,0,57840,0
BANKNIFTY29MAY2560100CE.NFO,2025-05-28,11:34:00,2025-05-29,2.25,2.25,2.25,2.25,0,57840,0
BANKNIFTY29MAY2560100CE.NFO,2025-05-28,11:35:00,2025-05-29,2.25,2.25,2.25,2.25,0,57840,0
BANKNIFTY29MAY2560100CE.NFO,2025-05-28,11:36:00,2025-05-29,2.25,2.25,2.25,2.25,0,57840,0
BANKNIFTY29MAY2560100CE.NFO,2025-05-28,11:37:00,2025-05-29,2.25,2.25,2.25,2.25,0,57840,0
BANKNIFTY29MAY2560100CE.NFO,2025-05-28,11:38:00,2025-05-29,2.25,2.25,2.25,2.25,0,57840,0
BANKNIFTY29MAY2560100CE.NFO,2025-05-28,11:39:00,2025-05-29,2.25,2.25,2.25,2.25,0,57840,0
BANKNIFTY29MAY2560100CE.NFO,2025-05-28,11:40:00,2025-05-29,2.25,2.25,1.95,1.95,180,57840,0
BANKNIFTY29MAY2560100CE.NFO,2025-05-28,11:41:00,2025-05-29,1.95,1.95,1.95,1.95,0,57840,0
BANKNIFTY29MAY2560100CE.NFO,2025-05-28,11:42:00,2025-05-29,1.95,1.95,1.95,1.95,0,57840,0
BANKNIFTY29MAY2560100CE.NFO,2025-05-28,11:43:00,2025-05-29,1.95,1.95,1.95,1.95,0,57840,0
BANKNIFTY29MAY2560100CE.NFO,2025-05-28,11:44:00,2025-05-29,1.95,1.95,1.95,1.95,0,57840,0
BANKNIFTY29MAY2560100CE.NFO,2025-05-28,11:45:00,2025-05-29,2.35,2.5,2.35,2.5,690,57810,0
BANKNIFTY29MAY2560100CE.NFO,2025-05-28,11:46:00,2025-05-29,2.5,2.5,2.5,2.5,0,57810,0
BANKNIFTY29MAY2560100CE.NFO,2025-05-28,11:47:00,2025-05-29,2.5,2.5,2.2,2.2,30,58140,0
BANKNIFTY29MAY2560100CE.NFO,2025-05-28,11:48:00,2025-05-29,2.2,2.3,2.2,2.3,30,58140,0
BANKNIFTY29MAY2560100CE.NFO,2025-05-28,11:49:00,2025-05-29,2.3,2.3,2.3,2.3,0,58140,0
BANKNIFTY29MAY2560100CE.NFO,2025-05-28,11:50:00,2025-05-29,2.3,2.3,2.3,2.3,0,58140,0
BANKNIFTY29MAY2560100CE.NFO,2025-05-28,11:51:00,2025-05-29,2.3,2.3,2.15,2.25,420,58080,0
BANKNIFTY29MAY2560100CE.NFO,2025-05-28,11:52:00,2025-05-29,2.25,2.25,2.25,2.25,0,58080,0
BANKNIFTY29MAY2560100CE.NFO,2025-05-28,11:53:00,2025-05-29,2.25,2.25,2.25,2.25,0,58080,0
BANKNIFTY29MAY2560100CE.NFO,2025-05-28,11:54:00,2025-05-29,2.25,2.25,2.2,2.2,150,57780,0
BANKNIFTY29MAY2560100CE.NFO,2025-05-28,11:55:00,2025-05-29,2.2,2.2,2.2,2.2,0,57780,0
BANKNIFTY29MAY2560100CE.NFO,2025-05-28,11:56:00,2025-05-29,2.2,2.2,2.2,2.2,0,57780,0
BANKNIFTY29MAY2560100CE.NFO,2025-05-28,11:57:00,2025-05-29,2.2,2.2,2.2,2.2,0,57780,0
BANKNIFTY29MAY2560100CE.NFO,2025-05-28,11:58:00,2025-05-29,2.35,2.35,2.05,2.05,180,57780,0
BANKNIFTY29MAY2560100CE.NFO,2025-05-28,11:59:00,2025-05-29,2.05,2.05,2.05,2.05,0,57780,0
BANKNIFTY29MAY2560100CE.NFO,2025-05-28,12:00:00,2025-05-29,2.05,2.05,2.05,2.05,0,57780,0
BANKNIFTY29MAY2560100CE.NFO,2025-05-28,12:01:00,2025-05-29,2.05,2.05,2.05,2.05,0,57780,0
BANKNIFTY29MAY2560100CE.NFO,2025-05-28,12:02:00,2025-05-29,2.05,2.05,2.05,2.05,0,57780,0
BANKNIFTY29MAY2560100CE.NFO,2025-05-28,12:03:00,2025-05-29,2.05,2.05,2.05,2.05,0,57780,1
BANKNIFTY29MAY2560100CE.NFO,2025-05-28,12:04:00,2025-05-29,2.05,2.05,2.05,2.05,0,57780,1
BANKNIFTY29MAY2560100CE.NFO,2025-05-28,12:05:00,2025-05-29,2.05,2.05,2.05,2.05,0,57780,0
BANKNIFTY29MAY2560100CE.NFO,2025-05-28,12:06:00,2025-05-29,2.05,2.05,2.05,2.05,0,57780,0
BANKNIFTY29MAY2560100CE.NFO,2025-05-28,12:07:00,2025-05-29,2.05,2.25,2.05,2.25,0,57750,0
BANKNIFTY29MAY2560100CE.NFO,2025-05-28,12:08:00,2025-05-29,2.25,2.25,2.25,2.25,510,57750,0
BANKNIFTY29MAY2560100CE.NFO,2025-05-28,12:09:00,2025-05-29,2.25,2.25,2.25,2.25,0,57750,0
BANKNIFTY29MAY2560100CE.NFO,2025-05-28,12:10:00,2025-05-29,2.25,2.25,2.25,2.25,0,57750,0
BANKNIFTY29MAY2560100CE.NFO,2025-05-28,12:11:00,2025-05-29,2.25,2.25,2.25,2.25,0,57750,0
BANKNIFTY29MAY2560100CE.NFO,2025-05-28,12:12:00,2025-05-29,2.25,2.25,2.25,2.25,0,57750,0
BANKNIFTY29MAY2560100CE.NFO,2025-05-28,12:13:00,2025-05-29,2.25,2.25,2.0,2.05,150,57990,0
BANKNIFTY29MAY2560100CE.NFO,2025-05-28,12:14:00,2025-05-29,2.05,2.05,2.0,2.0,120,57990,0
BANKNIFTY29MAY2560100CE.NFO,2025-05-28,12:15:00,2025-05-29,2.0,2.0,2.0,2.0,60,57990,0
BANKNIFTY29MAY2560100CE.NFO,2025-05-28,12:16:00,2025-05-29,2.0,2.0,2.0,2.0,0,57990,0
BANKNIFTY29MAY2560100CE.NFO,2025-05-28,12:17:00,2025-05-29,2.0,2.0,2.0,2.0,0,57990,0
BANKNIFTY29MAY2560100CE.NFO,2025-05-28,12:18:00,2025-05-29,2.0,2.0,2.0,2.0,0,57990,0
BANKNIFTY29MAY2560100CE.NFO,2025-05-28,12:19:00,2025-05-29,2.0,2.0,1.85,1.85,510,57750,0
BANKNIFTY29MAY2560100CE.NFO,2025-05-28,12:20:00,2025-05-29,1.85,2.3,1.85,2.3,90,57750,0
BANKNIFTY29MAY2560100CE.NFO,2025-05-28,12:21:00,2025-05-29,2.3,2.3,2.3,2.3,30,57750,0
BANKNIFTY29MAY2560100CE.NFO,2025-05-28,12:22:00,2025-05-29,2.3,2.3,2.15,2.15,60,57600,0
BANKNIFTY29MAY2560100CE.NFO,2025-05-28,12:23:00,2025-05-29,2.15,2.2,2.15,2.2,120,57600,0
BANKNIFTY29MAY2560100CE.NFO,2025-05-28,12:24:00,2025-05-29,2.2,2.2,2.05,2.05,390,57600,0
BANKNIFTY29MAY2560100CE.NFO,2025-05-28,12:25:00,2025-05-29,2.05,2.05,2.05,2.05,0,57600,0
BANKNIFTY29MAY2560100CE.NFO,2025-05-28,12:26:00,2025-05-29,2.05,2.05,2.05,2.05,0,57600,0
BANKNIFTY29MAY2560100CE.NFO,2025-05-28,12:27:00,2025-05-29,2.05,2.05,2.05,2.05,0,57600,0
BANKNIFTY29MAY2560100CE.NFO,2025-05-28,12:28:00,2025-05-29,2.05,2.05,2.05,2.05,0,57600,0
BANKNIFTY29MAY2560100CE.NFO,2025-05-28,12:29:00,2025-05-29,2.05,2.15,2.05,2.15,0,57360,0
BANKNIFTY29MAY2560100CE.NFO,2025-05-28,12:30:00,2025-05-29,2.15,2.15,2.15,2.15,60,57360,0
BANKNIFTY29MAY2560100CE.NFO,2025-05-28,12:31:00,2025-05-29,2.15,2.15,2.15,2.15,0,57360,0
BANKNIFTY29MAY2560100CE.NFO,2025-05-28,12:32:00,2025-05-29,2.15,2.15,2.15,2.15,0,57360,0
BANKNIFTY29MAY2560100CE.NFO,2025-05-28,12:33:00,2025-05-29,2.15,2.4,2.15,2.2,720,57360,0
BANKNIFTY29MAY2560100CE.NFO,2025-05-28,12:34:00,2025-05-29,2.2,2.2,2.2,2.2,0,57360,0
BANKNIFTY29MAY2560100CE.NFO,2025-05-28,12:35:00,2025-05-29,2.2,2.2,2.2,2.2,0,57360,0
BANKNIFTY29MAY2560100CE.NFO,2025-05-28,12:36:00,2025-05-29,2.2,2.2,2.2,2.2,0,57360,0
BANKNIFTY29MAY2560100CE.NFO,2025-05-28,12:37:00,2025-05-29,2.2,2.2,2.2,2.2,0,57360,0
BANKNIFTY29MAY2560100CE.NFO,2025-05-28,12:38:00,2025-05-29,2.2,2.2,2.2,2.2,0,57360,0
BANKNIFTY29MAY2560100CE.NFO,2025-05-28,12:39:00,2025-05-29,2.2,2.25,1.85,2.2,330,57720,0
BANKNIFTY29MAY2560100CE.NFO,2025-05-28,12:40:00,2025-05-29,2.2,2.2,2.2,2.2,0,57720,0
BANKNIFTY29MAY2560100CE.NFO,2025-05-28,12:41:00,2025-05-29,2.2,2.2,2.2,2.2,0,57720,0
BANKNIFTY29MAY2560100CE.NFO,2025-05-28,12:42:00,2025-05-29,2.2,2.2,2.2,2.2,0,57720,0
BANKNIFTY29MAY2560100CE.NFO,2025-05-28,12:43:00,2025-05-29,2.2,2.2,2.2,2.2,0,57720,0
BANKNIFTY29MAY2560100CE.NFO,2025-05-28,12:44:00,2025-05-29,2.2,2.2,2.2,2.2,0,57720,0
BANKNIFTY29MAY2560100CE.NFO,2025-05-28,12:45:00,2025-05-29,2.2,2.2,2.2,2.2,0,57720,0
BANKNIFTY29MAY2560100CE.NFO,2025-05-28,12:46:00,2025-05-29,2.2,2.2,2.2,2.2,0,57720,0
BANKNIFTY29MAY2560100CE.NFO,2025-05-28,12:47:00,2025-05-29,2.2,2.2,2.2,2.2,0,57720,0
BANKNIFTY29MAY2560100CE.NFO,2025-05-28,12:48:00,2025-05-29,2.2,2.2,2.2,2.2,0,57720,0
BANKNIFTY29MAY2560100CE.NFO,2025-05-28,12:49:00,2025-05-29,2.2,2.2,2.2,2.2,0,57720,0
BANKNIFTY29MAY2560100CE.NFO,2025-05-28,12:50:00,2025-05-29,2.2,2.2,2.2,2.2,0,57720,0
BANKNIFTY29MAY2560100CE.NFO,2025-05-28,12:51:00,2025-05-29,1.7,1.8,1.7,1.8,930,57480,0
BANKNIFTY29MAY2560100CE.NFO,2025-05-28,12:52:00,2025-05-29,1.8,1.8,1.8,1.8,0,57480,0
BANKNIFTY29MAY2560100CE.NFO,2025-05-28,12:53:00,2025-05-29,1.8,1.8,1.8,1.8,0,57480,0
BANKNIFTY29MAY2560100CE.NFO,2025-05-28,12:54:00,2025-05-29,1.8,1.8,1.8,1.8,0,57480,0
BANKNIFTY29MAY2560100CE.NFO,2025-05-28,12:55:00,2025-05-29,1.8,1.8,1.8,1.8,0,57480,0
BANKNIFTY29MAY2560100CE.NFO,2025-05-28,12:56:00,2025-05-29,1.8,1.8,1.8,1.8,0,57480,0
BANKNIFTY29MAY2560100CE.NFO,2025-05-28,12:57:00,2025-05-29,1.8,1.9,1.8,1.9,120,56940,0
BANKNIFTY29MAY2560100CE.NFO,2025-05-28,12:58:00,2025-05-29,1.9,1.9,1.6,1.85,2310,56970,0
BANKNIFTY29MAY2560100CE.NFO,2025-05-28,12:59:00,2025-05-29,1.85,1.85,1.8,1.8,810,56970,0
BANKNIFTY29MAY2560100CE.NFO,2025-05-28,13:00:00,2025-05-29,1.8,1.8,1.8,1.8,450,56970,0
BANKNIFTY29MAY2560100CE.NFO,2025-05-28,13:01:00,2025-05-29,1.8,1.95,1.8,1.95,390,56970,0
BANKNIFTY29MAY2560100CE.NFO,2025-05-28,13:02:00,2025-05-29,1.95,1.95,1.95,1.95,0,56970,0
BANKNIFTY29MAY2560100CE.NFO,2025-05-28,13:03:00,2025-05-29,1.95,1.95,1.95,1.95,0,56970,0
BANKNIFTY29MAY2560100CE.NFO,2025-05-28,13:04:00,2025-05-29,1.95,1.95,1.95,1.95,0,56970,0
BANKNIFTY29MAY2560100CE.NFO,2025-05-28,13:05:00,2025-05-29,1.95,1.95,1.95,1.95,0,56970,0
BANKNIFTY29MAY2560100CE.NFO,2025-05-28,13:06:00,2025-05-29,1.95,1.95,1.75,1.75,90,57930,0
BANKNIFTY29MAY2560100CE.NFO,2025-05-28,13:07:00,2025-05-29,1.75,1.75,1.75,1.75,150,57870,0
BANKNIFTY29MAY2560100CE.NFO,2025-05-28,13:08:00,2025-05-29,1.75,1.95,1.75,1.95,120,57870,0
BANKNIFTY29MAY2560100CE.NFO,2025-05-28,13:09:00,2025-05-29,1.95,2.05,1.9,1.9,660,57870,0
BANKNIFTY29MAY2560100CE.NFO,2025-05-28,13:10:00,2025-05-29,1.9,1.95,1.9,1.95,360,57870,0
BANKNIFTY29MAY2560100CE.NFO,2025-05-28,13:11:00,2025-05-29,1.95,1.95,1.95,1.95,0,57870,0
BANKNIFTY29MAY2560100CE.NFO,2025-05-28,13:12:00,2025-05-29,1.95,1.95,1.9,1.9,90,57630,0
BANKNIFTY29MAY2560100CE.NFO,2025-05-28,13:13:00,2025-05-29,1.9,2.05,1.9,2.05,60,57630,0
BANKNIFTY29MAY2560100CE.NFO,2025-05-28,13:14:00,2025-05-29,2.05,2.2,2.05,2.2,180,57690,0
BANKNIFTY29MAY2560100CE.NFO,2025-05-28,13:15:00,2025-05-29,2.2,2.35,2.2,2.35,240,57690,0
BANKNIFTY29MAY2560100CE.NFO,2025-05-28,13:16:00,2025-05-29,2.35,2.35,2.35,2.35,0,57690,0
BANKNIFTY29MAY2560100CE.NFO,2025-05-28,13:17:00,2025-05-29,2.35,2.35,1.95,1.95,30,57900,0
BANKNIFTY29MAY2560100CE.NFO,2025-05-28,13:18:00,2025-05-29,2.1,2.1,2.1,2.1,90,57900,0
BANKNIFTY29MAY2560100CE.NFO,2025-05-28,13:19:00,2025-05-29,2.1,2.1,2.1,2.1,0,57900,0
BANKNIFTY29MAY2560100CE.NFO,2025-05-28,13:20:00,2025-05-29,2.1,2.1,2.1,2.1,0,57900,0
BANKNIFTY29MAY2560100CE.NFO,2025-05-28,13:21:00,2025-05-29,2.1,2.1,1.95,1.95,60,57900,0
BANKNIFTY29MAY2560100CE.NFO,2025-05-28,13:22:00,2025-05-29,2.3,2.3,2.25,2.25,270,57900,0
BANKNIFTY29MAY2560100CE.NFO,2025-05-28,13:23:00,2025-05-29,2.25,2.25,2.25,2.25,0,57900,0
BANKNIFTY29MAY2560100CE.NFO,2025-05-28,13:24:00,2025-05-29,2.25,2.25,2.25,2.25,0,57900,0
BANKNIFTY29MAY2560100CE.NFO,2025-05-28,13:25:00,2025-05-29,2.25,2.25,2.25,2.25,0,57900,0
BANKNIFTY29MAY2560100CE.NFO,2025-05-28,13:26:00,2025-05-29,2.35,2.35,2.35,2.35,30,58080,0
BANKNIFTY29MAY2560100CE.NFO,2025-05-28,13:27:00,2025-05-29,2.35,2.35,2.35,2.35,0,58080,0
BANKNIFTY29MAY2560100CE.NFO,2025-05-28,13:28:00,2025-05-29,2.35,2.35,2.35,2.35,0,58080,0
BANKNIFTY29MAY2560100CE.NFO,2025-05-28,13:29:00,2025-05-29,2.35,2.35,2.35,2.35,0,58080,0
BANKNIFTY29MAY2560100CE.NFO,2025-05-28,13:30:00,2025-05-29,2.35,2.35,2.35,2.35,0,58080,0
BANKNIFTY29MAY2560100CE.NFO,2025-05-28,13:31:00,2025-05-29,2.35,2.35,2.35,2.35,120,58110,0
BANKNIFTY29MAY2560100CE.NFO,2025-05-28,13:32:00,2025-05-29,2.35,2.35,2.35,2.35,0,58110,0
BANKNIFTY29MAY2560100CE.NFO,2025-05-28,13:33:00,2025-05-29,2.35,2.35,2.2,2.2,120,58110,0
BANKNIFTY29MAY2560100CE.NFO,2025-05-28,13:34:00,2025-05-29,2.2,2.2,2.0,2.0,30,58230,0
BANKNIFTY29MAY2560100CE.NFO,2025-05-28,13:35:00,2025-05-29,2.0,2.0,2.0,2.0,0,58230,0
BANKNIFTY29MAY2560100CE.NFO,2025-05-28,13:36:00,2025-05-29,2.0,2.0,2.0,2.0,0,58230,1
BANKNIFTY29MAY2560100CE.NFO,2025-05-28,13:37:00,2025-05-29,2.25,2.25,2.0,2.0,570,58230,0
BANKNIFTY29MAY2560100CE.NFO,2025-05-28,13:38:00,2025-05-29,2.05,2.05,2.05,2.05,120,58050,0
BANKNIFTY29MAY2560100CE.NFO,2025-05-28,13:39:00,2025-05-29,2.05,2.05,2.05,2.05,0,58050,0
BANKNIFTY29MAY2560100CE.NFO,2025-05-28,13:40:00,2025-05-29,2.05,2.05,2.05,2.05,0,58050,0
BANKNIFTY29MAY2560100CE.NFO,2025-05-28,13:41:00,2025-05-29,2.05,2.05,2.05,2.05,0,58050,0
BANKNIFTY29MAY2560100CE.NFO,2025-05-28,13:42:00,2025-05-29,2.05,2.05,2.0,2.0,300,57930,0
BANKNIFTY29MAY2560100CE.NFO,2025-05-28,13:43:00,2025-05-29,2.0,2.0,1.95,1.95,0,57870,0
BANKNIFTY29MAY2560100CE.NFO,2025-05-28,13:44:00,2025-05-29,1.95,1.95,1.95,1.95,240,57870,0
BANKNIFTY29MAY2560100CE.NFO,2025-05-28,13:45:00,2025-05-29,1.95,1.95,1.95,1.95,0,57870,0
BANKNIFTY29MAY2560100CE.NFO,2025-05-28,13:46:00,2025-05-29,1.95,2.0,1.95,2.0,60,57870,0
BANKNIFTY29MAY2560100CE.NFO,2025-05-28,13:47:00,2025-05-29,1.9,1.9,1.9,1.9,390,57630,0
BANKNIFTY29MAY2560100CE.NFO,2025-05-28,13:48:00,2025-05-29,1.9,1.95,1.9,1.95,0,57630,0
BANKNIFTY29MAY2560100CE.NFO,2025-05-28,13:49:00,2025-05-29,1.95,1.95,1.95,1.95,30,57630,0
BANKNIFTY29MAY2560100CE.NFO,2025-05-28,13:50:00,2025-05-29,1.95,1.95,1.9,1.9,270,57420,0
BANKNIFTY29MAY2560100CE.NFO,2025-05-28,13:51:00,2025-05-29,1.9,1.9,1.85,1.9,120,57420,0
BANKNIFTY29MAY2560100CE.NFO,2025-05-28,13:52:00,2025-05-29,1.9,1.9,1.7,1.7,120,57420,0
BANKNIFTY29MAY2560100CE.NFO,2025-05-28,13:53:00,2025-05-29,1.7,1.7,1.7,1.7,0,57420,0
BANKNIFTY29MAY2560100CE.NFO,2025-05-28,13:54:00,2025-05-29,1.7,1.7,1.7,1.7,0,57420,0
BANKNIFTY29MAY2560100CE.NFO,2025-05-28,13:55:00,2025-05-29,1.7,1.7,1.7,1.7,0,57420,0
BANKNIFTY29MAY2560100CE.NFO,2025-05-28,13:56:00,2025-05-29,1.7,1.7,1.7,1.7,0,57420,0
BANKNIFTY29MAY2560100CE.NFO,2025-05-28,13:57:00,2025-05-29,1.7,1.7,1.7,1.7,0,57420,0
BANKNIFTY29MAY2560100CE.NFO,2025-05-28,13:58:00,2025-05-29,1.7,2.1,1.7,2.1,60,57150,0
BANKNIFTY29MAY2560100CE.NFO,2025-05-28,13:59:00,2025-05-29,2.1,2.1,2.1,2.1,0,57150,0
BANKNIFTY29MAY2560100CE.NFO,2025-05-28,14:00:00,2025-05-29,2.1,2.1,2.1,2.1,0,57150,0
BANKNIFTY29MAY2560100CE.NFO,2025-05-28,14:01:00,2025-05-29,2.1,2.1,2.1,2.1,0,57150,0
BANKNIFTY29MAY2560100CE.NFO,2025-05-28,14:02:00,2025-05-29,2.1,2.1,2.1,2.1,120,57150,0
BANKNIFTY29MAY2560100CE.NFO,2025-05-28,14:03:00,2025-05-29,2.1,2.1,1.95,1.95,60,57150,0
BANKNIFTY29MAY2560100CE.NFO,2025-05-28,14:04:00,2025-05-29,1.95,1.95,1.95,1.95,0,57150,0
BANKNIFTY29MAY2560100CE.NFO,2025-05-28,14:05:00,2025-05-29,1.95,1.95,1.95,1.95,0,57150,0
BANKNIFTY29MAY2560100CE.NFO,2025-05-28,14:06:00,2025-05-29,1.95,2.2,1.95,2.2,30,57060,0
BANKNIFTY29MAY2560100CE.NFO,2025-05-28,14:07:00,2025-05-29,2.2,2.2,2.2,2.2,0,57060,0
BANKNIFTY29MAY2560100CE.NFO,2025-05-28,14:08:00,2025-05-29,2.2,2.2,2.2,2.2,0,57060,1
BANKNIFTY29MAY2560100CE.NFO,2025-05-28,14:09:00,2025-05-29,2.2,2.2,2.0,2.0,60,57060,0
BANKNIFTY29MAY2560100CE.NFO,2025-05-28,14:10:00,2025-05-29,2.0,2.0,2.0,2.0,60,57060,1
BANKNIFTY29MAY2560100CE.NFO,2025-05-28,14:11:00,2025-05-29,2.0,2.0,2.0,2.0,60,57060,1
BANKNIFTY29MAY2560100CE.NFO,2025-05-28,14:12:00,2025-05-29,2.0,2.0,2.0,2.0,0,57060,0
BANKNIFTY29MAY2560100CE.NFO,2025-05-28,14:13:00,2025-05-29,2.0,2.0,2.0,2.0,0,57060,0
BANKNIFTY29MAY2560100CE.NFO,2025-05-28,14:14:00,2025-05-29,2.0,2.0,2.0,2.0,0,57060,0
BANKNIFTY29MAY2560100CE.NFO,2025-05-28,14:15:00,2025-05-29,2.0,2.0,2.0,2.0,0,57060,0
BANKNIFTY29MAY2560100CE.NFO,2025-05-28,14:16:00,2025-05-29,2.0,2.0,2.0,2.0,0,57060,0
BANKNIFTY29MAY2560100CE.NFO,2025-05-28,14:17:00,2025-05-29,2.0,2.0,2.0,2.0,0,57060,1
BANKNIFTY29MAY2560100CE.NFO,2025-05-28,14:18:00,2025-05-29,2.0,2.0,2.0,2.0,0,57060,1
BANKNIFTY29MAY2560100CE.NFO,2025-05-28,14:19:00,2025-05-29,1.95,1.95,1.95,1.95,150,57060,0
BANKNIFTY29MAY2560100CE.NFO,2025-05-28,14:20:00,2025-05-29,1.95,1.95,1.95,1.95,0,57060,0
BANKNIFTY29MAY2560100CE.NFO,2025-05-28,14:21:00,2025-05-29,1.95,1.95,1.95,1.95,0,57060,0
BANKNIFTY29MAY2560100CE.NFO,2025-05-28,14:22:00,2025-05-29,1.95,1.95,1.95,1.95,0,57060,0
BANKNIFTY29MAY2560100CE.NFO,2025-05-28,14:23:00,2025-05-29,1.95,1.95,1.95,1.95,0,57060,1
BANKNIFTY29MAY2560100CE.NFO,2025-05-28,14:24:00,2025-05-29,1.95,1.95,1.95,1.95,0,57060,0
BANKNIFTY29MAY2560100CE.NFO,2025-05-28,14:25:00,2025-05-29,1.95,1.95,1.95,1.95,0,57060,0
BANKNIFTY29MAY2560100CE.NFO,2025-05-28,14:26:00,2025-05-29,1.95,1.95,1.8,1.8,0,57000,0
BANKNIFTY29MAY2560100CE.NFO,2025-05-28,14:27:00,2025-05-29,1.8,1.85,1.8,1.85,780,57000,0
BANKNIFTY29MAY2560100CE.NFO,2025-05-28,14:28:00,2025-05-29,1.85,1.85,1.85,1.85,0,57000,0
BANKNIFTY29MAY2560100CE.NFO,2025-05-28,14:29:00,2025-05-29,2.0,2.0,2.0,2.0,30,56460,0
BANKNIFTY29MAY2560100CE.NFO,2025-05-28,14:30:00,2025-05-29,2.0,2.0,2.0,2.0,30,56460,0
BANKNIFTY29MAY2560100CE.NFO,2025-05-28,14:31:00,2025-05-29,2.0,2.0,2.0,2.0,0,56460,0
BANKNIFTY29MAY2560100CE.NFO,2025-05-28,14:32:00,2025-05-29,2.0,2.0,2.0,2.0,0,56460,0
BANKNIFTY29MAY2560100CE.NFO,2025-05-28,14:33:00,2025-05-29,2.0,2.0,2.0,2.0,210,56400,0
BANKNIFTY29MAY2560100CE.NFO,2025-05-28,14:34:00,2025-05-29,2.0,2.0,2.0,2.0,0,56400,0
BANKNIFTY29MAY2560100CE.NFO,2025-05-28,14:35:00,2025-05-29,2.0,2.05,2.0,2.05,210,56190,0
BANKNIFTY29MAY2560100CE.NFO,2025-05-28,14:36:00,2025-05-29,2.05,2.05,2.05,2.05,0,56190,0
BANKNIFTY29MAY2560100CE.NFO,2025-05-28,14:37:00,2025-05-29,2.05,2.05,2.05,2.05,0,56190,0
BANKNIFTY29MAY2560100CE.NFO,2025-05-28,14:38:00,2025-05-29,2.05,2.1,2.05,2.1,3600,56040,0
BANKNIFTY29MAY2560100CE.NFO,2025-05-28,14:39:00,2025-05-29,2.1,2.1,2.1,2.1,0,56040,0
BANKNIFTY29MAY2560100CE.NFO,2025-05-28,14:40:00,2025-05-29,2.1,2.1,2.1,2.1,0,56040,0
BANKNIFTY29MAY2560100CE.NFO,2025-05-28,14:41:00,2025-05-29,2.1,2.1,2.1,2.1,0,56040,0
BANKNIFTY29MAY2560100CE.NFO,2025-05-28,14:42:00,2025-05-29,2.1,2.1,2.1,2.1,0,56040,0
BANKNIFTY29MAY2560100CE.NFO,2025-05-28,14:43:00,2025-05-29,2.1,2.1,2.1,2.1,0,56040,0
BANKNIFTY29MAY2560100CE.NFO,2025-05-28,14:44:00,2025-05-29,2.1,2.25,2.1,2.25,0,53940,0
BANKNIFTY29MAY2560100CE.NFO,2025-05-28,14:45:00,2025-05-29,2.25,2.25,2.05,2.05,750,53940,0
BANKNIFTY29MAY2560100CE.NFO,2025-05-28,14:46:00,2025-05-29,2.05,2.25,2.0,2.25,1440,52470,0
BANKNIFTY29MAY2560100CE.NFO,2025-05-28,14:47:00,2025-05-29,2.25,2.25,2.25,2.25,0,52470,0
BANKNIFTY29MAY2560100CE.NFO,2025-05-28,14:48:00,2025-05-29,2.25,2.25,2.25,2.25,0,52470,0
BANKNIFTY29MAY2560100CE.NFO,2025-05-28,14:49:00,2025-05-29,2.25,2.25,2.0,2.0,1020,52470,0
BANKNIFTY29MAY2560100CE.NFO,2025-05-28,14:50:00,2025-05-29,2.0,2.25,2.0,2.25,120,52230,0
BANKNIFTY29MAY2560100CE.NFO,2025-05-28,14:51:00,2025-05-29,2.25,2.25,2.2,2.2,210,52230,0
BANKNIFTY29MAY2560100CE.NFO,2025-05-28,14:52:00,2025-05-29,2.2,2.2,2.15,2.15,300,52230,0
BANKNIFTY29MAY2560100CE.NFO,2025-05-28,14:53:00,2025-05-29,2.15,2.15,2.05,2.05,180,51810,0
BANKNIFTY29MAY2560100CE.NFO,2025-05-28,14:54:00,2025-05-29,2.05,2.05,2.05,2.05,0,51810,0
BANKNIFTY29MAY2560100CE.NFO,2025-05-28,14:55:00,2025-05-29,2.05,2.05,2.05,2.05,0,51810,0
BANKNIFTY29MAY2560100CE.NFO,2025-05-28,14:56:00,2025-05-29,2.05,2.3,2.05,2.3,600,51630,0
BANKNIFTY29MAY2560100CE.NFO,2025-05-28,14:57:00,2025-05-29,2.3,2.3,2.15,2.15,180,51630,0
BANKNIFTY29MAY2560100CE.NFO,2025-05-28,14:58:00,2025-05-29,2.15,2.15,2.15,2.15,0,51630,0
BANKNIFTY29MAY2560100CE.NFO,2025-05-28,14:59:00,2025-05-29,2.15,2.3,2.15,2.3,600,51000,0
BANKNIFTY29MAY2560100CE.NFO,2025-05-28,15:00:00,2025-05-29,2.3,2.3,2.3,2.3,0,51000,0
BANKNIFTY29MAY2560100CE.NFO,2025-05-28,15:01:00,2025-05-29,2.3,2.3,2.3,2.3,0,51000,0
BANKNIFTY29MAY2560100CE.NFO,2025-05-28,15:02:00,2025-05-29,2.3,2.3,2.3,2.3,0,51000,0
BANKNIFTY29MAY2560100CE.NFO,2025-05-28,15:03:00,2025-05-29,2.3,2.35,2.3,2.35,150,50460,0
BANKNIFTY29MAY2560100CE.NFO,2025-05-28,15:04:00,2025-05-29,2.35,2.35,2.35,2.35,300,50460,0
BANKNIFTY29MAY2560100CE.NFO,2025-05-28,15:05:00,2025-05-29,2.35,2.35,2.35,2.35,0,50460,0
BANKNIFTY29MAY2560100CE.NFO,2025-05-28,15:06:00,2025-05-29,2.35,2.35,2.35,2.35,0,50460,0
BANKNIFTY29MAY2560100CE.NFO,2025-05-28,15:07:00,2025-05-29,2.35,2.35,2.35,2.35,0,50460,0
BANKNIFTY29MAY2560100CE.NFO,2025-05-28,15:08:00,2025-05-29,2.35,2.35,2.35,2.35,0,50460,0
BANKNIFTY29MAY2560100CE.NFO,2025-05-28,15:09:00,2025-05-29,2.35,2.35,2.35,2.35,0,50460,0
BANKNIFTY29MAY2560100CE.NFO,2025-05-28,15:10:00,2025-05-29,2.35,2.35,2.05,2.05,30,50010,0
BANKNIFTY29MAY2560100CE.NFO,2025-05-28,15:11:00,2025-05-29,2.05,2.4,2.05,2.4,0,49980,0
BANKNIFTY29MAY2560100CE.NFO,2025-05-28,15:12:00,2025-05-29,2.4,2.4,2.4,2.4,180,49980,0
BANKNIFTY29MAY2560100CE.NFO,2025-05-28,15:13:00,2025-05-29,2.4,2.4,2.4,2.4,0,49980,0
BANKNIFTY29MAY2560100CE.NFO,2025-05-28,15:14:00,2025-05-29,2.4,2.4,2.4,2.4,0,49980,0
BANKNIFTY29MAY2560100CE.NFO,2025-05-28,15:15:00,2025-05-29,2.4,2.4,2.4,2.4,0,49980,0
BANKNIFTY29MAY2560100CE.NFO,2025-05-28,15:16:00,2025-05-29,2.4,2.4,2.4,2.4,0,49980,0
BANKNIFTY29MAY2560100CE.NFO,2025-05-28,15:17:00,2025-05-29,2.4,2.4,2.4,2.4,30,49920,0
BANKNIFTY29MAY2560100CE.NFO,2025-05-28,15:18:00,2025-05-29,2.4,2.4,2.1,2.1,720,49920,0
BANKNIFTY29MAY2560100CE.NFO,2025-05-28,15:19:00,2025-05-29,2.5,2.5,2.5,2.5,510,49920,0
BANKNIFTY29MAY2560100CE.NFO,2025-05-28,15:20:00,2025-05-29,2.5,2.5,2.45,2.45,30,49710,0
BANKNIFTY29MAY2560100CE.NFO,2025-05-28,15:21:00,2025-05-29,2.45,2.45,2.05,2.2,480,49710,0
BANKNIFTY29MAY2560100CE.NFO,2025-05-28,15:22:00,2025-05-29,2.2,2.3,2.2,2.3,90,49710,0
BANKNIFTY29MAY2560100CE.NFO,2025-05-28,15:23:00,2025-05-29,2.3,2.4,2.3,2.3,180,49290,0
BANKNIFTY29MAY2560100CE.NFO,2025-05-28,15:24:00,2025-05-29,2.3,2.3,2.2,2.2,630,49290,0
BANKNIFTY29MAY2560100CE.NFO,2025-05-28,15:25:00,2025-05-29,2.2,2.5,2.15,2.3,180,49290,0
BANKNIFTY29MAY2560100CE.NFO,2025-05-28,15:26:00,2025-05-29,2.3,2.45,2.3,2.45,120,49050,0
BANKNIFTY29MAY2560100CE.NFO,2025-05-28,15:27:00,2025-05-29,2.45,2.5,2.4,2.5,150,49050,0
BANKNIFTY29MAY2560100CE.NFO,2025-05-28,15:28:00,2025-05-29,2.5,2.5,2.5,2.5,900,49050,0
BANKNIFTY29MAY2560100CE.NFO,2025-05-28,15:29:00,2025-05-29,2.5,2.8,2.5,2.8,390,49050,0
BANKNIFTY29MAY2560100CE.NFO,2025-05-28,15:30:00,2025-05-29,2.8,2.8,2.8,2.8,390,49050,1
BANKNIFTY29MAY2560100CE.NFO,2025-05-29,09:15:00,2025-05-29,2.8,2.8,1.15,1.9,60,48660,0
BANKNIFTY29MAY2560100CE.NFO,2025-05-29,09:16:00,2025-05-29,1.9,1.9,1.85,1.85,150,49320,0
BANKNIFTY29MAY2560100CE.NFO,2025-05-29,09:17:00,2025-05-29,1.85,1.85,1.6,1.7,180,49320,0
BANKNIFTY29MAY2560100CE.NFO,2025-05-29,09:18:00,2025-05-29,1.7,2.15,1.7,1.75,1110,49320,0
BANKNIFTY29MAY2560100CE.NFO,2025-05-29,09:19:00,2025-05-29,1.75,2.05,1.75,1.95,2310,49470,0
BANKNIFTY29MAY2560100CE.NFO,2025-05-29,09:20:00,2025-05-29,1.95,2.1,1.7,1.75,1290,49470,0
BANKNIFTY29MAY2560100CE.NFO,2025-05-29,09:21:00,2025-05-29,1.85,1.85,1.6,1.85,450,49620,0
BANKNIFTY29MAY2560100CE.NFO,2025-05-29,09:22:00,2025-05-29,1.85,1.85,1.5,1.5,810,49620,0
BANKNIFTY29MAY2560100CE.NFO,2025-05-29,09:23:00,2025-05-29,1.5,1.65,1.45,1.5,1320,49620,0
BANKNIFTY29MAY2560100CE.NFO,2025-05-29,09:24:00,2025-05-29,1.5,1.8,1.45,1.5,3240,49620,0
BANKNIFTY29MAY2560100CE.NFO,2025-05-29,09:25:00,2025-05-29,1.5,1.5,1.25,1.25,690,50550,0
BANKNIFTY29MAY2560100CE.NFO,2025-05-29,09:26:00,2025-05-29,1.25,1.8,1.15,1.8,1920,50550,0
BANKNIFTY29MAY2560100CE.NFO,2025-05-29,09:27:00,2025-05-29,1.8,1.8,1.55,1.55,1200,50550,0
BANKNIFTY29MAY2560100CE.NFO,2025-05-29,09:28:00,2025-05-29,1.55,1.8,1.55,1.65,600,50220,0
BANKNIFTY29MAY2560100CE.NFO,2025-05-29,09:29:00,2025-05-29,1.65,1.75,1.45,1.6,1170,50220,0
BANKNIFTY29MAY2560100CE.NFO,2025-05-29,09:30:00,2025-05-29,1.85,2.15,1.6,1.7,1320,50220,0
BANKNIFTY29MAY2560100CE.NFO,2025-05-29,09:31:00,2025-05-29,1.7,2.05,1.5,1.5,930,49830,0
BANKNIFTY29MAY2560100CE.NFO,2025-05-29,09:32:00,2025-05-29,1.6,1.6,1.35,1.55,1410,49830,0
BANKNIFTY29MAY2560100CE.NFO,2025-05-29,09:33:00,2025-05-29,1.55,1.55,1.3,1.3,840,49830,0
BANKNIFTY29MAY2560100CE.NFO,2025-05-29,09:34:00,2025-05-29,1.3,1.3,0.95,1.1,2670,50400,0
BANKNIFTY29MAY2560100CE.NFO,2025-05-29,09:35:00,2025-05-29,1.1,1.1,1.1,1.1,0,50400,0
BANKNIFTY29MAY2560100CE.NFO,2025-05-29,09:36:00,2025-05-29,1.25,1.4,1.2,1.4,1320,50010,0
BANKNIFTY29MAY2560100CE.NFO,2025-05-29,09:37:00,2025-05-29,1.4,1.4,1.15,1.15,990,50010,0
BANKNIFTY29MAY2560100CE.NFO,2025-05-29,09:38:00,2025-05-29,1.15,1.15,1.1,1.15,660,50010,0
BANKNIFTY29MAY2560100CE.NFO,2025-05-29,09:39:00,2025-05-29,1.15,1.35,1.15,1.25,1290,50010,0
BANKNIFTY29MAY2560100CE.NFO,2025-05-29,09:40:00,2025-05-29,1.25,1.4,1.25,1.25,120,49710,0
BANKNIFTY29MAY2560100CE.NFO,2025-05-29,09:41:00,2025-05-29,1.25,1.4,1.25,1.4,0,49710,0
BANKNIFTY29MAY2560100CE.NFO,2025-05-29,09:42:00,2025-05-29,1.4,1.4,1.25,1.3,450,49710,0
BANKNIFTY29MAY2560100CE.NFO,2025-05-29,09:43:00,2025-05-29,1.3,1.5,1.25,1.4,3450,49410,0
BANKNIFTY29MAY2560100CE.NFO,2025-05-29,09:44:00,2025-05-29,1.4,1.45,1.2,1.45,150,49410,0
BANKNIFTY29MAY2560100CE.NFO,2025-05-29,09:45:00,2025-05-29,1.45,1.45,1.4,1.4,3510,49410,0
BANKNIFTY29MAY2560100CE.NFO,2025-05-29,09:46:00,2025-05-29,1.4,1.4,1.35,1.4,630,46320,0
BANKNIFTY29MAY2560100CE.NFO,2025-05-29,09:47:00,2025-05-29,1.4,1.4,1.35,1.35,900,46320,0
BANKNIFTY29MAY2560100CE.NFO,2025-05-29,09:48:00,2025-05-29,1.35,1.35,1.25,1.3,300,46320,0
BANKNIFTY29MAY2560100CE.NFO,2025-05-29,09:49:00,2025-05-29,1.3,1.3,1.2,1.3,180,45120,0
BANKNIFTY29MAY2560100CE.NFO,2025-05-29,09:50:00,2025-05-29,1.3,1.35,1.3,1.35,210,45120,0
BANKNIFTY29MAY2560100CE.NFO,2025-05-29,09:51:00,2025-05-29,1.35,1.75,1.3,1.45,3600,43290,0
BANKNIFTY29MAY2560100CE.NFO,2025-05-29,09:52:00,2025-05-29,1.45,1.45,1.35,1.35,1140,43290,0
BANKNIFTY29MAY2560100CE.NFO,2025-05-29,09:53:00,2025-05-29,1.35,1.35,1.35,1.35,30,43290,0
BANKNIFTY29MAY2560100CE.NFO,2025-05-29,09:54:00,2025-05-29,1.35,1.35,1.35,1.35,0,43290,0
BANKNIFTY29MAY2560100CE.NFO,2025-05-29,09:55:00,2025-05-29,1.35,1.4,1.35,1.4,240,42150,0
BANKNIFTY29MAY2560100CE.NFO,2025-05-29,09:56:00,2025-05-29,1.4,1.4,1.4,1.4,150,42150,0
BANKNIFTY29MAY2560100CE.NFO,2025-05-29,09:57:00,2025-05-29,1.4,1.45,1.3,1.3,330,42150,0
BANKNIFTY29MAY2560100CE.NFO,2025-05-29,09:58:00,2025-05-29,1.3,1.4,1.2,1.2,5520,39360,0
BANKNIFTY29MAY2560100CE.NFO,2025-05-29,09:59:00,2025-05-29,1.2,1.25,1.2,1.25,30,39360,0
BANKNIFTY29MAY2560100CE.NFO,2025-05-29,10:00:00,2025-05-29,1.25,1.25,1.25,1.25,0,39360,0
BANKNIFTY29MAY2560100CE.NFO,2025-05-29,10:01:00,2025-05-29,1.25,1.25,1.25,1.25,30,39450,0
BANKNIFTY29MAY2560100CE.NFO,2025-05-29,10:02:00,2025-05-29,1.25,1.25,1.2,1.2,240,39450,0
BANKNIFTY29MAY2560100CE.NFO,2025-05-29,10:03:00,2025-05-29,1.2,1.3,1.2,1.3,300,39840,0
BANKNIFTY29MAY2560100CE.NFO,2025-05-29,10:04:00,2025-05-29,1.3,1.4,1.3,1.4,510,39840,0
BANKNIFTY29MAY2560100CE.NFO,2025-05-29,10:05:00,2025-05-29,1.3,1.3,1.3,1.3,60,39840,0
BANKNIFTY29MAY2560100CE.NFO,2025-05-29,10:06:00,2025-05-29,1.3,1.4,1.3,1.35,1230,39840,0
BANKNIFTY29MAY2560100CE.NFO,2025-05-29,10:07:00,2025-05-29,1.35,1.5,1.35,1.5,1050,38850,0
BANKNIFTY29MAY2560100CE.NFO,2025-05-29,10:08:00,2025-05-29,1.5,1.5,1.35,1.4,90,38850,0
BANKNIFTY29MAY2560100CE.NFO,2025-05-29,10:09:00,2025-05-29,1.4,1.4,1.4,1.4,0,38850,0
BANKNIFTY29MAY2560100CE.NFO,2025-05-29,10:10:00,2025-05-29,1.4,1.4,1.4,1.4,0,38850,0
BANKNIFTY29MAY2560100CE.NFO,2025-05-29,10:11:00,2025-05-29,1.4,1.45,1.35,1.35,90,37860,0
BANKNIFTY29MAY2560100CE.NFO,2025-05-29,10:12:00,2025-05-29,1.35,1.35,1.05,1.15,2430,37860,0
BANKNIFTY29MAY2560100CE.NFO,2025-05-29,10:13:00,2025-05-29,1.15,1.5,1.05,1.3,1380,36270,0
BANKNIFTY29MAY2560100CE.NFO,2025-05-29,10:14:00,2025-05-29,1.3,1.45,1.3,1.45,0,36270,0
BANKNIFTY29MAY2560100CE.NFO,2025-05-29,10:15:00,2025-05-29,1.45,1.45,1.3,1.3,180,36270,0
BANKNIFTY29MAY2560100CE.NFO,2025-05-29,10:16:00,2025-05-29,1.3,1.3,1.3,1.3,30,36930,0
BANKNIFTY29MAY2560100CE.NFO,2025-05-29,10:17:00,2025-05-29,1.3,1.3,1.3,1.3,450,36930,0
BANKNIFTY29MAY2560100CE.NFO,2025-05-29,10:18:00,2025-05-29,1.3,1.55,1.3,1.55,330,36930,0
BANKNIFTY29MAY2560100CE.NFO,2025-05-29,10:19:00,2025-05-29,1.55,1.55,1.4,1.4,60,37020,0
BANKNIFTY29MAY2560100CE.NFO,2025-05-29,10:20:00,2025-05-29,1.4,1.4,1.4,1.4,30,37020,0
BANKNIFTY29MAY2560100CE.NFO,2025-05-29,10:21:00,2025-05-29,1.4,1.4,1.3,1.3,90,37020,0
BANKNIFTY29MAY2560100CE.NFO,2025-05-29,10:22:00,2025-05-29,1.3,1.3,1.3,1.3,390,36990,0
BANKNIFTY29MAY2560100CE.NFO,2025-05-29,10:23:00,2025-05-29,1.25,1.25,1.25,1.25,120,36990,0
BANKNIFTY29MAY2560100CE.NFO,2025-05-29,10:24:00,2025-05-29,1.25,1.25,1.25,1.25,30,36990,0
BANKNIFTY29MAY2560100CE.NFO,2025-05-29,10:25:00,2025-05-29,1.25,1.25,1.25,1.25,60,36990,0
BANKNIFTY29MAY2560100CE.NFO,2025-05-29,10:26:00,2025-05-29,1.25,1.25,1.25,1.25,270,36960,0
BANKNIFTY29MAY2560100CE.NFO,2025-05-29,10:27:00,2025-05-29,1.25,1.3,1.25,1.3,0,36960,0
BANKNIFTY29MAY2560100CE.NFO,2025-05-29,10:28:00,2025-05-29,1.3,1.3,1.3,1.3,810,36960,0
BANKNIFTY29MAY2560100CE.NFO,2025-05-29,10:29:00,2025-05-29,1.3,1.3,1.25,1.25,30,37560,0
BANKNIFTY29MAY2560100CE.NFO,2025-05-29,10:30:00,2025-05-29,1.25,1.25,1.25,1.25,0,37560,0
BANKNIFTY29MAY2560100CE.NFO,2025-05-29,10:31:00,2025-05-29,1.25,1.25,1.25,1.25,0,37560,0
BANKNIFTY29MAY2560100CE.NFO,2025-05-29,10:32:00,2025-05-29,1.25,1.25,1.25,1.25,0,37560,0
BANKNIFTY29MAY2560100CE.NFO,2025-05-29,10:33:00,2025-05-29,1.25,1.25,1.25,1.25,0,37560,0
BANKNIFTY29MAY2560100CE.NFO,2025-05-29,10:34:00,2025-05-29,1.25,1.25,1.25,1.25,0,37560,0
BANKNIFTY29MAY2560100CE.NFO,2025-05-29,10:35:00,2025-05-29,1.25,1.25,1.25,1.25,0,37560,0
BANKNIFTY29MAY2560100CE.NFO,2025-05-29,10:36:00,2025-05-29,1.25,1.25,1.25,1.25,0,37560,0
BANKNIFTY29MAY2560100CE.NFO,2025-05-29,10:37:00,2025-05-29,1.25,1.25,1.25,1.25,0,37560,0
BANKNIFTY29MAY2560100CE.NFO,2025-05-29,10:38:00,2025-05-29,1.25,1.25,1.25,1.25,0,37560,1
BANKNIFTY29MAY2560100CE.NFO,2025-05-29,10:39:00,2025-05-29,1.25,1.25,1.25,1.25,0,37560,0
BANKNIFTY29MAY2560100CE.NFO,2025-05-29,10:40:00,2025-05-29,1.25,1.5,1.25,1.5,30,37530,0
BANKNIFTY29MAY2560100CE.NFO,2025-05-29,10:41:00,2025-05-29,1.5,1.5,1.4,1.4,60,37530,0
BANKNIFTY29MAY2560100CE.NFO,2025-05-29,10:42:00,2025-05-29,1.5,1.6,1.5,1.6,90,37530,0
BANKNIFTY29MAY2560100CE.NFO,2025-05-29,10:43:00,2025-05-29,1.6,1.6,1.6,1.6,0,37530,0
BANKNIFTY29MAY2560100CE.NFO,2025-05-29,10:44:00,2025-05-29,1.6,1.65,1.55,1.65,1110,37530,0
BANKNIFTY29MAY2560100CE.NFO,2025-05-29,10:45:00,2025-05-29,1.65,1.7,1.65,1.7,360,37530,0
BANKNIFTY29MAY2560100CE.NFO,2025-05-29,10:46:00,2025-05-29,1.7,1.7,1.65,1.65,30,38490,0
BANKNIFTY29MAY2560100CE.NFO,2025-05-29,10:47:00,2025-05-29,1.65,1.65,1.65,1.65,0,38490,0
BANKNIFTY29MAY2560100CE.NFO,2025-05-29,10:48:00,2025-05-29,1.65,1.65,1.65,1.65,0,38490,0
BANKNIFTY29MAY2560100CE.NFO,2025-05-29,10:49:00,2025-05-29,1.65,1.65,1.65,1.65,0,38490,0
BANKNIFTY29MAY2560100CE.NFO,2025-05-29,10:50:00,2025-05-29,1.65,1.65,1.65,1.65,0,38490,0
BANKNIFTY29MAY2560100CE.NFO,2025-05-29,10:51:00,2025-05-29,1.65,1.75,1.65,1.75,870,38490,0
BANKNIFTY29MAY2560100CE.NFO,2025-05-29,10:52:00,2025-05-29,1.75,1.8,1.75,1.8,60,38100,0
BANKNIFTY29MAY2560100CE.NFO,2025-05-29,10:53:00,2025-05-29,1.8,1.8,1.6,1.6,1980,38100,0
BANKNIFTY29MAY2560100CE.NFO,2025-05-29,10:54:00,2025-05-29,1.6,1.6,1.5,1.5,150,38100,0
BANKNIFTY29MAY2560100CE.NFO,2025-05-29,10:55:00,2025-05-29,1.5,1.65,1.5,1.5,1350,37740,0
BANKNIFTY29MAY2560100CE.NFO,2025-05-29,10:56:00,2025-05-29,1.5,1.65,1.45,1.45,3180,37740,0
BANKNIFTY29MAY2560100CE.NFO,2025-05-29,10:57:00,2025-05-29,1.45,1.45,1.35,1.35,840,37740,0
BANKNIFTY29MAY2560100CE.NFO,2025-05-29,10:58:00,2025-05-29,1.35,1.35,1.3,1.3,450,38610,0
BANKNIFTY29MAY2560100CE.NFO,2025-05-29,10:59:00,2025-05-29,1.3,1.35,1.3,1.35,360,38610,0
BANKNIFTY29MAY2560100CE.NFO,2025-05-29,11:00:00,2025-05-29,1.35,1.35,1.25,1.35,240,38610,0
BANKNIFTY29MAY2560100CE.NFO,2025-05-29,11:01:00,2025-05-29,1.35,1.4,1.35,1.4,390,38040,0
BANKNIFTY29MAY2560100CE.NFO,2025-05-29,11:02:00,2025-05-29,1.4,1.55,1.4,1.55,390,38040,0
BANKNIFTY29MAY2560100CE.NFO,2025-05-29,11:03:00,2025-05-29,1.55,1.55,1.45,1.45,210,38040,0
BANKNIFTY29MAY2560100CE.NFO,2025-05-29,11:04:00,2025-05-29,1.45,1.45,1.45,1.45,0,38040,0
BANKNIFTY29MAY2560100CE.NFO,2025-05-29,11:05:00,2025-05-29,1.45,1.65,1.45,1.45,240,38190,0
BANKNIFTY29MAY2560100CE.NFO,2025-05-29,11:06:00,2025-05-29,1.45,1.65,1.45,1.65,0,38190,0
BANKNIFTY29MAY2560100CE.NFO,2025-05-29,11:07:00,2025-05-29,1.65,1.7,1.65,1.7,480,38190,0
BANKNIFTY29MAY2560100CE.NFO,2025-05-29,11:08:00,2025-05-29,1.7,1.7,1.65,1.65,30,38190,0
BANKNIFTY29MAY2560100CE.NFO,2025-05-29,11:09:00,2025-05-29,1.65,1.65,1.65,1.65,0,38190,0
BANKNIFTY29MAY2560100CE.NFO,2025-05-29,11:10:00,2025-05-29,1.65,1.65,1.65,1.65,0,38190,0
BANKNIFTY29MAY2560100CE.NFO,2025-05-29,11:11:00,2025-05-29,1.65,1.85,1.65,1.85,30,38190,0
BANKNIFTY29MAY2560100CE.NFO,2025-05-29,11:12:00,2025-05-29,1.85,1.85,1.65,1.65,270,38190,0
BANKNIFTY29MAY2560100CE.NFO,2025-05-29,11:13:00,2025-05-29,1.65,1.85,1.65,1.85,120,38220,0
BANKNIFTY29MAY2560100CE.NFO,2025-05-29,11:14:00,2025-05-29,1.85,1.85,1.85,1.85,0,38220,0
BANKNIFTY29MAY2560100CE.NFO,2025-05-29,11:15:00,2025-05-29,1.85,1.85,1.85,1.85,0,38220,0
BANKNIFTY29MAY2560100CE.NFO,2025-05-29,11:16:00,2025-05-29,1.85,1.85,1.85,1.85,0,38220,0
BANKNIFTY29MAY2560100CE.NFO,2025-05-29,11:17:00,2025-05-29,1.85,1.85,1.85,1.85,0,38220,0
BANKNIFTY29MAY2560100CE.NFO,2025-05-29,11:18:00,2025-05-29,1.85,1.85,1.85,1.85,0,38220,0
BANKNIFTY29MAY2560100CE.NFO,2025-05-29,11:19:00,2025-05-29,1.85,1.85,1.85,1.85,0,38220,0
BANKNIFTY29MAY2560100CE.NFO,2025-05-29,11:20:00,2025-05-29,1.85,1.85,1.85,1.85,0,38220,0
BANKNIFTY29MAY2560100CE.NFO,2025-05-29,11:21:00,2025-05-29,1.85,1.85,1.85,1.85,0,38220,0
BANKNIFTY29MAY2560100CE.NFO,2025-05-29,11:22:00,2025-05-29,1.85,1.85,1.85,1.85,0,38220,0
BANKNIFTY29MAY2560100CE.NFO,2025-05-29,11:23:00,2025-05-29,1.85,3.05,1.85,3.05,1170,38340,0
BANKNIFTY29MAY2560100CE.NFO,2025-05-29,11:24:00,2025-05-29,3.05,3.05,2.25,2.25,1050,38340,0
BANKNIFTY29MAY2560100CE.NFO,2025-05-29,11:25:00,2025-05-29,2.2,2.2,2.1,2.2,1200,38400,0
BANKNIFTY29MAY2560100CE.NFO,2025-05-29,11:26:00,2025-05-29,2.2,2.2,2.2,2.2,0,38400,0
BANKNIFTY29MAY2560100CE.NFO,2025-05-29,11:27:00,2025-05-29,2.2,2.2,2.2,2.2,30,38400,0
BANKNIFTY29MAY2560100CE.NFO,2025-05-29,11:28:00,2025-05-29,2.2,2.2,2.2,2.2,0,38400,0
BANKNIFTY29MAY2560100CE.NFO,2025-05-29,11:29:00,2025-05-29,2.2,2.2,2.2,2.2,270,38310,0
BANKNIFTY29MAY2560100CE.NFO,2025-05-29,11:30:00,2025-05-29,2.2,2.2,2.2,2.2,0,38310,0
BANKNIFTY29MAY2560100CE.NFO,2025-05-29,11:31:00,2025-05-29,2.2,2.2,2.2,2.2,90,38310,0
BANKNIFTY29MAY2560100CE.NFO,2025-05-29,11:32:00,2025-05-29,2.2,2.6,2.2,2.5,1140,38310,0
BANKNIFTY29MAY2560100CE.NFO,2025-05-29,11:33:00,2025-05-29,2.5,2.5,2.5,2.5,0,38310,0
BANKNIFTY29MAY2560100CE.NFO,2025-05-29,11:34:00,2025-05-29,2.5,2.5,2.4,2.4,810,37410,0
BANKNIFTY29MAY2560100CE.NFO,2025-05-29,11:35:00,2025-05-29,2.4,2.45,2.4,2.45,60,37410,0
BANKNIFTY29MAY2560100CE.NFO,2025-05-29,11:36:00,2025-05-29,2.45,2.45,2.45,2.45,0,37410,0
BANKNIFTY29MAY2560100CE.NFO,2025-05-29,11:37:00,2025-05-29,2.45,2.45,2.45,2.45,0,37410,0
BANKNIFTY29MAY2560100CE.NFO,2025-05-29,11:38:00,2025-05-29,2.45,2.45,2.45,2.45,0,37410,0
BANKNIFTY29MAY2560100CE.NFO,2025-05-29,11:39:00,2025-05-29,2.45,2.45,2.45,2.45,0,37410,0
BANKNIFTY29MAY2560100CE.NFO,2025-05-29,11:40:00,2025-05-29,2.45,2.45,2.45,2.45,0,37410,0
BANKNIFTY29MAY2560100CE.NFO,2025-05-29,11:41:00,2025-05-29,2.45,2.45,2.45,2.45,0,37410,0
BANKNIFTY29MAY2560100CE.NFO,2025-05-29,11:42:00,2025-05-29,2.0,2.0,2.0,2.0,90,37290,0
BANKNIFTY29MAY2560100CE.NFO,2025-05-29,11:43:00,2025-05-29,2.0,2.0,2.0,2.0,0,37290,0
BANKNIFTY29MAY2560100CE.NFO,2025-05-29,11:44:00,2025-05-29,2.0,2.3,2.0,2.3,240,37290,0
BANKNIFTY29MAY2560100CE.NFO,2025-05-29,11:45:00,2025-05-29,2.3,2.3,2.1,2.1,240,37290,0
BANKNIFTY29MAY2560100CE.NFO,2025-05-29,11:46:00,2025-05-29,2.1,2.1,2.1,2.1,0,37290,0
BANKNIFTY29MAY2560100CE.NFO,2025-05-29,11:47:00,2025-05-29,2.1,2.15,2.1,2.15,0,37200,0
BANKNIFTY29MAY2560100CE.NFO,2025-05-29,11:48:00,2025-05-29,2.15,2.15,2.0,2.0,120,37200,0
BANKNIFTY29MAY2560100CE.NFO,2025-05-29,11:49:00,2025-05-29,2.0,2.0,2.0,2.0,0,37200,0
BANKNIFTY29MAY2560100CE.NFO,2025-05-29,11:50:00,2025-05-29,2.0,2.0,2.0,2.0,0,37200,0
BANKNIFTY29MAY2560100CE.NFO,2025-05-29,11:51:00,2025-05-29,2.0,2.1,2.0,2.1,0,37170,0
BANKNIFTY29MAY2560100CE.NFO,2025-05-29,11:52:00,2025-05-29,2.1,2.15,2.1,2.15,510,37320,0
BANKNIFTY29MAY2560100CE.NFO,2025-05-29,11:53:00,2025-05-29,2.15,2.15,2.15,2.15,120,37320,0
BANKNIFTY29MAY2560100CE.NFO,2025-05-29,11:54:00,2025-05-29,2.0,2.0,2.0,2.0,30,37320,0
BANKNIFTY29MAY2560100CE.NFO,2025-05-29,11:55:00,2025-05-29,2.0,2.0,1.9,1.9,90,37320,0
BANKNIFTY29MAY2560100CE.NFO,2025-05-29,11:56:00,2025-05-29,2.0,2.0,1.95,1.95,330,37320,0
BANKNIFTY29MAY2560100CE.NFO,2025-05-29,11:57:00,2025-05-29,1.95,1.95,1.9,1.9,270,37320,0
BANKNIFTY29MAY2560100CE.NFO,2025-05-29,11:58:00,2025-05-29,1.9,1.9,1.9,1.9,0,37320,0
BANKNIFTY29MAY2560100CE.NFO,2025-05-29,11:59:00,2025-05-29,1.9,1.9,1.9,1.9,0,37320,0
BANKNIFTY29MAY2560100CE.NFO,2025-05-29,12:00:00,2025-05-29,1.9,1.9,1.9,1.9,0,37320,0
BANKNIFTY29MAY2560100CE.NFO,2025-05-29,12:01:00,2025-05-29,1.9,1.9,1.6,1.6,30,37260,0
BANKNIFTY29MAY2560100CE.NFO,2025-05-29,12:02:00,2025-05-29,1.6,2.15,1.6,2.15,720,37260,0
BANKNIFTY29MAY2560100CE.NFO,2025-05-29,12:03:00,2025-05-29,2.15,2.15,2.15,2.15,0,37260,0
BANKNIFTY29MAY2560100CE.NFO,2025-05-29,12:04:00,2025-05-29,2.15,2.15,2.15,2.15,0,37260,0
BANKNIFTY29MAY2560100CE.NFO,2025-05-29,12:05:00,2025-05-29,2.15,2.15,2.15,2.15,0,37260,0
BANKNIFTY29MAY2560100CE.NFO,2025-05-29,12:06:00,2025-05-29,2.15,2.15,1.65,1.65,30,37500,0
BANKNIFTY29MAY2560100CE.NFO,2025-05-29,12:07:00,2025-05-29,1.65,1.65,1.6,1.65,360,37320,0
BANKNIFTY29MAY2560100CE.NFO,2025-05-29,12:08:00,2025-05-29,1.65,1.65,1.65,1.65,120,37320,0
BANKNIFTY29MAY2560100CE.NFO,2025-05-29,12:09:00,2025-05-29,1.65,1.65,1.65,1.65,0,37320,0
BANKNIFTY29MAY2560100CE.NFO,2025-05-29,12:10:00,2025-05-29,1.65,1.65,1.65,1.65,0,37320,0
BANKNIFTY29MAY2560100CE.NFO,2025-05-29,12:11:00,2025-05-29,1.65,1.65,1.65,1.65,0,37320,0
BANKNIFTY29MAY2560100CE.NFO,2025-05-29,12:12:00,2025-05-29,1.65,1.65,1.65,1.65,0,37320,0
BANKNIFTY29MAY2560100CE.NFO,2025-05-29,12:13:00,2025-05-29,1.65,1.65,1.65,1.65,0,37320,0
BANKNIFTY29MAY2560100CE.NFO,2025-05-29,12:14:00,2025-05-29,1.65,1.65,1.3,1.3,30,37320,0
BANKNIFTY29MAY2560100CE.NFO,2025-05-29,12:15:00,2025-05-29,1.3,1.3,1.3,1.3,330,37320,0
BANKNIFTY29MAY2560100CE.NFO,2025-05-29,12:16:00,2025-05-29,1.3,1.3,1.3,1.3,0,37320,0
BANKNIFTY29MAY2560100CE.NFO,2025-05-29,12:17:00,2025-05-29,1.3,1.3,1.3,1.3,30,37320,0
BANKNIFTY29MAY2560100CE.NFO,2025-05-29,12:18:00,2025-05-29,1.3,1.3,1.3,1.3,0,37320,0
BANKNIFTY29MAY2560100CE.NFO,2025-05-29,12:19:00,2025-05-29,1.3,1.3,1.3,1.3,0,37320,0
BANKNIFTY29MAY2560100CE.NFO,2025-05-29,12:20:00,2025-05-29,1.3,1.3,1.25,1.25,30,37320,0
BANKNIFTY29MAY2560100CE.NFO,2025-05-29,12:21:00,2025-05-29,1.25,1.25,1.25,1.25,0,37320,0
BANKNIFTY29MAY2560100CE.NFO,2025-05-29,12:22:00,2025-05-29,1.25,1.75,1.25,1.7,570,37320,0
BANKNIFTY29MAY2560100CE.NFO,2025-05-29,12:23:00,2025-05-29,1.7,1.7,1.7,1.7,0,37320,0
BANKNIFTY29MAY2560100CE.NFO,2025-05-29,12:24:00,2025-05-29,1.7,1.7,1.7,1.7,0,37320,0
BANKNIFTY29MAY2560100CE.NFO,2025-05-29,12:25:00,2025-05-29,1.7,1.7,1.55,1.55,30,37320,0
BANKNIFTY29MAY2560100CE.NFO,2025-05-29,12:26:00,2025-05-29,1.55,1.55,1.55,1.55,0,37320,0
BANKNIFTY29MAY2560100CE.NFO,2025-05-29,12:27:00,2025-05-29,1.55,1.55,1.55,1.55,0,37320,0
BANKNIFTY29MAY2560100CE.NFO,2025-05-29,12:28:00,2025-05-29,1.55,1.55,1.55,1.55,0,37320,0
BANKNIFTY29MAY2560100CE.NFO,2025-05-29,12:29:00,2025-05-29,1.55,1.55,1.55,1.55,0,37320,0
BANKNIFTY29MAY2560100CE.NFO,2025-05-29,12:30:00,2025-05-29,1.55,1.55,1.5,1.5,30,37440,0
BANKNIFTY29MAY2560100CE.NFO,2025-05-29,12:31:00,2025-05-29,1.5,1.5,1.3,1.3,210,37470,0
BANKNIFTY29MAY2560100CE.NFO,2025-05-29,12:32:00,2025-05-29,1.3,1.3,1.3,1.3,210,37470,0
BANKNIFTY29MAY2560100CE.NFO,2025-05-29,12:33:00,2025-05-29,1.3,1.45,1.3,1.3,30,37470,0
BANKNIFTY29MAY2560100CE.NFO,2025-05-29,12:34:00,2025-05-29,1.3,1.3,1.3,1.3,150,37470,0
BANKNIFTY29MAY2560100CE.NFO,2025-05-29,12:35:00,2025-05-29,1.3,1.3,1.3,1.3,0,37470,0
BANKNIFTY29MAY2560100CE.NFO,2025-05-29,12:36:00,2025-05-29,1.3,1.3,1.3,1.3,1140,37470,0
BANKNIFTY29MAY2560100CE.NFO,2025-05-29,12:37:00,2025-05-29,1.3,1.3,1.3,1.3,480,37410,0
BANKNIFTY29MAY2560100CE.NFO,2025-05-29,12:38:00,2025-05-29,1.3,1.3,1.3,1.3,3840,37410,0
BANKNIFTY29MAY2560100CE.NFO,2025-05-29,12:39:00,2025-05-29,1.3,1.4,1.3,1.4,240,37410,0
BANKNIFTY29MAY2560100CE.NFO,2025-05-29,12:40:00,2025-05-29,1.4,1.45,1.3,1.3,540,37410,0
BANKNIFTY29MAY2560100CE.NFO,2025-05-29,12:41:00,2025-05-29,1.3,1.5,1.3,1.5,0,37230,0
BANKNIFTY29MAY2560100CE.NFO,2025-05-29,12:42:00,2025-05-29,1.5,1.5,1.5,1.5,90,37230,0
BANKNIFTY29MAY2560100CE.NFO,2025-05-29,12:43:00,2025-05-29,1.5,1.5,1.5,1.5,870,37170,0
BANKNIFTY29MAY2560100CE.NFO,2025-05-29,12:44:00,2025-05-29,1.5,1.5,1.5,1.5,0,37170,0
BANKNIFTY29MAY2560100CE.NFO,2025-05-29,12:45:00,2025-05-29,1.5,1.5,1.5,1.5,0,37170,0
BANKNIFTY29MAY2560100CE.NFO,2025-05-29,12:46:00,2025-05-29,1.5,1.5,1.5,1.5,0,37170,0
BANKNIFTY29MAY2560100CE.NFO,2025-05-29,12:47:00,2025-05-29,1.5,1.5,1.5,1.5,0,37170,0
BANKNIFTY29MAY2560100CE.NFO,2025-05-29,12:48:00,2025-05-29,1.5,1.5,1.5,1.5,420,37170,0
BANKNIFTY29MAY2560100CE.NFO,2025-05-29,12:49:00,2025-05-29,1.5,1.85,1.5,1.85,1200,37530,0
BANKNIFTY29MAY2560100CE.NFO,2025-05-29,12:50:00,2025-05-29,1.85,1.85,1.85,1.85,60,37530,0
BANKNIFTY29MAY2560100CE.NFO,2025-05-29,12:51:00,2025-05-29,1.85,1.85,1.75,1.75,30,37530,0
BANKNIFTY29MAY2560100CE.NFO,2025-05-29,12:52:00,2025-05-29,1.75,1.75,1.75,1.75,0,37530,0
BANKNIFTY29MAY2560100CE.NFO,2025-05-29,12:53:00,2025-05-29,1.75,1.75,1.75,1.75,0,37530,0
BANKNIFTY29MAY2560100CE.NFO,2025-05-29,12:54:00,2025-05-29,1.75,1.75,1.75,1.75,0,37500,0
BANKNIFTY29MAY2560100CE.NFO,2025-05-29,12:55:00,2025-05-29,1.75,1.75,1.65,1.65,480,37200,0
BANKNIFTY29MAY2560100CE.NFO,2025-05-29,12:56:00,2025-05-29,1.65,1.65,1.65,1.65,60,37200,0
BANKNIFTY29MAY2560100CE.NFO,2025-05-29,12:57:00,2025-05-29,1.65,1.65,1.65,1.65,270,37200,0
BANKNIFTY29MAY2560100CE.NFO,2025-05-29,12:58:00,2025-05-29,1.65,1.65,1.55,1.55,0,37170,0
BANKNIFTY29MAY2560100CE.NFO,2025-05-29,12:59:00,2025-05-29,1.55,1.55,1.55,1.55,450,37170,0
BANKNIFTY29MAY2560100CE.NFO,2025-05-29,13:00:00,2025-05-29,1.5,1.5,1.45,1.45,60,37170,0
BANKNIFTY29MAY2560100CE.NFO,2025-05-29,13:01:00,2025-05-29,1.45,1.45,1.45,1.45,0,37170,0
BANKNIFTY29MAY2560100CE.NFO,2025-05-29,13:02:00,2025-05-29,1.3,1.3,1.3,1.3,270,37110,0
BANKNIFTY29MAY2560100CE.NFO,2025-05-29,13:03:00,2025-05-29,1.3,1.3,1.2,1.2,30,37110,0
BANKNIFTY29MAY2560100CE.NFO,2025-05-29,13:04:00,2025-05-29,1.2,1.2,1.2,1.2,480,36630,0
BANKNIFTY29MAY2560100CE.NFO,2025-05-29,13:05:00,2025-05-29,1.2,1.25,1.2,1.2,2880,36630,0
BANKNIFTY29MAY2560100CE.NFO,2025-05-29,13:06:00,2025-05-29,1.2,1.2,1.2,1.2,5160,36630,0
BANKNIFTY29MAY2560100CE.NFO,2025-05-29,13:07:00,2025-05-29,1.2,1.2,1.2,1.2,2520,32700,0
BANKNIFTY29MAY2560100CE.NFO,2025-05-29,13:08:00,2025-05-29,1.2,1.2,1.2,1.2,570,32700,0
BANKNIFTY29MAY2560100CE.NFO,2025-05-29,13:09:00,2025-05-29,1.2,1.2,1.2,1.2,660,32700,0
BANKNIFTY29MAY2560100CE.NFO,2025-05-29,13:10:00,2025-05-29,1.2,1.2,1.05,1.1,1380,31920,0
BANKNIFTY29MAY2560100CE.NFO,2025-05-29,13:11:00,2025-05-29,1.1,1.1,1.1,1.1,6930,31920,0
BANKNIFTY29MAY2560100CE.NFO,2025-05-29,13:12:00,2025-05-29,1.1,1.2,1.1,1.2,300,31920,0
BANKNIFTY29MAY2560100CE.NFO,2025-05-29,13:13:00,2025-05-29,1.2,1.4,1.2,1.4,3210,30540,0
BANKNIFTY29MAY2560100CE.NFO,2025-05-29,13:14:00,2025-05-29,1.4,1.45,1.25,1.35,3930,30540,0
BANKNIFTY29MAY2560100CE.NFO,2025-05-29,13:15:00,2025-05-29,1.3,1.45,1.25,1.3,2250,30540,0
BANKNIFTY29MAY2560100CE.NFO,2025-05-29,13:16:00,2025-05-29,1.3,1.35,1.3,1.35,630,28110,0
BANKNIFTY29MAY2560100CE.NFO,2025-05-29,13:17:00,2025-05-29,1.35,1.35,1.25,1.25,630,28110,0
BANKNIFTY29MAY2560100CE.NFO,2025-05-29,13:18:00,2025-05-29,1.25,1.25,1.25,1.25,360,28110,0
BANKNIFTY29MAY2560100CE.NFO,2025-05-29,13:19:00,2025-05-29,1.3,1.35,1.3,1.35,1380,27990,0
BANKNIFTY29MAY2560100CE.NFO,2025-05-29,13:20:00,2025-05-29,1.35,1.35,1.3,1.3,90,27990,0
BANKNIFTY29MAY2560100CE.NFO,2025-05-29,13:21:00,2025-05-29,1.3,1.4,1.3,1.4,120,27990,0
BANKNIFTY29MAY2560100CE.NFO,2025-05-29,13:22:00,2025-05-29,1.4,1.45,1.3,1.45,3870,27600,0
BANKNIFTY29MAY2560100CE.NFO,2025-05-29,13:23:00,2025-05-29,1.4,1.45,1.35,1.4,1890,27600,0
BANKNIFTY29MAY2560100CE.NFO,2025-05-29,13:24:00,2025-05-29,1.4,1.45,1.4,1.4,1020,27600,0
BANKNIFTY29MAY2560100CE.NFO,2025-05-29,13:25:00,2025-05-29,1.4,1.5,1.4,1.5,450,27600,0
BANKNIFTY29MAY2560100CE.NFO,2025-05-29,13:26:00,2025-05-29,1.5,1.5,1.5,1.5,0,27600,0
BANKNIFTY29MAY2560100CE.NFO,2025-05-29,13:27:00,2025-05-29,1.4,1.4,1.35,1.4,930,27240,0
BANKNIFTY29MAY2560100CE.NFO,2025-05-29,13:28:00,2025-05-29,1.4,1.45,1.4,1.45,330,27690,0
BANKNIFTY29MAY2560100CE.NFO,2025-05-29,13:29:00,2025-05-29,1.45,1.45,1.45,1.45,60,27690,0
BANKNIFTY29MAY2560100CE.NFO,2025-05-29,13:30:00,2025-05-29,1.45,1.5,1.45,1.5,0,27690,0
BANKNIFTY29MAY2560100CE.NFO,2025-05-29,13:31:00,2025-05-29,1.5,1.5,1.35,1.35,870,27690,0
BANKNIFTY29MAY2560100CE.NFO,2025-05-29,13:32:00,2025-05-29,1.35,1.5,1.35,1.35,750,27360,0
BANKNIFTY29MAY2560100CE.NFO,2025-05-29,13:33:00,2025-05-29,1.35,1.4,1.35,1.4,2520,27360,0
BANKNIFTY29MAY2560100CE.NFO,2025-05-29,13:34:00,2025-05-29,1.4,1.5,1.4,1.5,210,27360,0
BANKNIFTY29MAY2560100CE.NFO,2025-05-29,13:35:00,2025-05-29,1.5,1.5,1.45,1.45,540,28590,0
BANKNIFTY29MAY2560100CE.NFO,2025-05-29,13:36:00,2025-05-29,1.35,1.45,1.35,1.45,540,28590,0
BANKNIFTY29MAY2560100CE.NFO,2025-05-29,13:37:00,2025-05-29,1.45,1.45,1.45,1.45,0,28590,0
BANKNIFTY29MAY2560100CE.NFO,2025-05-29,13:38:00,2025-05-29,1.45,1.45,1.4,1.4,540,28710,0
BANKNIFTY29MAY2560100CE.NFO,2025-05-29,13:39:00,2025-05-29,1.4,1.4,1.35,1.35,270,28710,0
BANKNIFTY29MAY2560100CE.NFO,2025-05-29,13:40:00,2025-05-29,1.35,1.35,1.35,1.35,0,28710,0
BANKNIFTY29MAY2560100CE.NFO,2025-05-29,13:41:00,2025-05-29,1.35,1.35,1.3,1.3,0,28800,0
BANKNIFTY29MAY2560100CE.NFO,2025-05-29,13:42:00,2025-05-29,1.3,1.3,1.15,1.3,360,28800,0
BANKNIFTY29MAY2560100CE.NFO,2025-05-29,13:43:00,2025-05-29,1.3,1.3,1.3,1.3,0,28800,0
BANKNIFTY29MAY2560100CE.NFO,2025-05-29,13:44:00,2025-05-29,1.3,1.3,1.25,1.25,120,28920,0
BANKNIFTY29MAY2560100CE.NFO,2025-05-29,13:45:00,2025-05-29,1.25,1.25,1.25,1.25,0,28920,0
BANKNIFTY29MAY2560100CE.NFO,2025-05-29,13:46:00,2025-05-29,1.25,1.25,1.25,1.25,0,28920,0
BANKNIFTY29MAY2560100CE.NFO,2025-05-29,13:47:00,2025-05-29,1.25,1.25,1.0,1.0,3330,29040,0
BANKNIFTY29MAY2560100CE.NFO,2025-05-29,13:48:00,2025-05-29,1.0,1.05,1.0,1.05,90,29040,0
BANKNIFTY29MAY2560100CE.NFO,2025-05-29,13:49:00,2025-05-29,1.05,1.05,0.9,1.05,60,29040,0
BANKNIFTY29MAY2560100CE.NFO,2025-05-29,13:50:00,2025-05-29,1.05,1.05,1.05,1.05,0,29040,0
BANKNIFTY29MAY2560100CE.NFO,2025-05-29,13:51:00,2025-05-29,1.05,1.05,1.05,1.05,0,29040,0
BANKNIFTY29MAY2560100CE.NFO,2025-05-29,13:52:00,2025-05-29,1.05,1.05,1.05,1.05,0,29040,0
BANKNIFTY29MAY2560100CE.NFO,2025-05-29,13:53:00,2025-05-29,1.05,1.05,1.05,1.05,0,29040,0
BANKNIFTY29MAY2560100CE.NFO,2025-05-29,13:54:00,2025-05-29,1.05,1.05,0.85,0.85,180,30180,0
BANKNIFTY29MAY2560100CE.NFO,2025-05-29,13:55:00,2025-05-29,0.85,0.85,0.75,0.75,0,30180,0
BANKNIFTY29MAY2560100CE.NFO,2025-05-29,13:56:00,2025-05-29,0.75,0.85,0.7,0.85,540,30180,0
BANKNIFTY29MAY2560100CE.NFO,2025-05-29,13:57:00,2025-05-29,0.85,0.85,0.85,0.85,0,30180,0
BANKNIFTY29MAY2560100CE.NFO,2025-05-29,13:58:00,2025-05-29,0.85,0.85,0.85,0.85,0,30030,0
BANKNIFTY29MAY2560100CE.NFO,2025-05-29,13:59:00,2025-05-29,0.85,0.9,0.85,0.9,870,30030,0
BANKNIFTY29MAY2560100CE.NFO,2025-05-29,14:00:00,2025-05-29,0.9,0.9,0.8,0.9,420,30030,0
BANKNIFTY29MAY2560100CE.NFO,2025-05-29,14:01:00,2025-05-29,0.9,0.9,0.9,0.9,0,30030,0
BANKNIFTY29MAY2560100CE.NFO,2025-05-29,14:02:00,2025-05-29,0.9,0.9,0.9,0.9,0,30030,0
BANKNIFTY29MAY2560100CE.NFO,2025-05-29,14:03:00,2025-05-29,0.9,0.9,0.9,0.9,0,30030,0
BANKNIFTY29MAY2560100CE.NFO,2025-05-29,14:04:00,2025-05-29,0.9,1.0,0.9,1.0,60,29310,0
BANKNIFTY29MAY2560100CE.NFO,2025-05-29,14:05:00,2025-05-29,1.0,1.05,0.75,0.95,2310,29250,0
BANKNIFTY29MAY2560100CE.NFO,2025-05-29,14:06:00,2025-05-29,0.95,1.0,0.7,0.95,8610,29250,0
BANKNIFTY29MAY2560100CE.NFO,2025-05-29,14:07:00,2025-05-29,0.95,0.95,0.8,0.8,30,29250,0
BANKNIFTY29MAY2560100CE.NFO,2025-05-29,14:08:00,2025-05-29,0.75,0.8,0.75,0.8,210,23940,0
BANKNIFTY29MAY2560100CE.NFO,2025-05-29,14:09:00,2025-05-29,0.8,0.8,0.8,0.8,480,23940,0
BANKNIFTY29MAY2560100CE.NFO,2025-05-29,14:10:00,2025-05-29,0.8,0.8,0.65,0.65,630,23910,0
BANKNIFTY29MAY2560100CE.NFO,2025-05-29,14:11:00,2025-05-29,0.65,0.75,0.65,0.75,2640,23910,0
BANKNIFTY29MAY2560100CE.NFO,2025-05-29,14:12:00,2025-05-29,0.75,0.75,0.75,0.75,0,23910,0
BANKNIFTY29MAY2560100CE.NFO,2025-05-29,14:13:00,2025-05-29,0.75,0.75,0.65,0.75,390,24210,0
BANKNIFTY29MAY2560100CE.NFO,2025-05-29,14:14:00,2025-05-29,0.75,0.75,0.7,0.75,390,24210,0
BANKNIFTY29MAY2560100CE.NFO,2025-05-29,14:15:00,2025-05-29,0.75,0.85,0.75,0.85,1050,24210,0
BANKNIFTY29MAY2560100CE.NFO,2025-05-29,14:16:00,2025-05-29,0.85,0.85,0.85,0.85,0,24210,0
BANKNIFTY29MAY2560100CE.NFO,2025-05-29,14:17:00,2025-05-29,0.85,0.85,0.65,0.75,2100,23370,0
BANKNIFTY29MAY2560100CE.NFO,2025-05-29,14:18:00,2025-05-29,0.75,0.8,0.75,0.8,1410,23370,0
BANKNIFTY29MAY2560100CE.NFO,2025-05-29,14:19:00,2025-05-29,0.8,0.95,0.8,0.95,630,23370,0
BANKNIFTY29MAY2560100CE.NFO,2025-05-29,14:20:00,2025-05-29,0.95,0.95,0.65,0.9,390,23670,0
BANKNIFTY29MAY2560100CE.NFO,2025-05-29,14:21:00,2025-05-29,0.9,0.9,0.6,0.6,570,23670,0
BANKNIFTY29MAY2560100CE.NFO,2025-05-29,14:22:00,2025-05-29,0.6,0.65,0.6,0.65,300,23670,0
BANKNIFTY29MAY2560100CE.NFO,2025-05-29,14:23:00,2025-05-29,0.65,0.7,0.6,0.6,30,23880,0
BANKNIFTY29MAY2560100CE.NFO,2025-05-29,14:24:00,2025-05-29,0.6,0.65,0.6,0.6,150,23880,0
BANKNIFTY29MAY2560100CE.NFO,2025-05-29,14:25:00,2025-05-29,0.55,0.65,0.55,0.55,960,23940,0
BANKNIFTY29MAY2560100CE.NFO,2025-05-29,14:26:00,2025-05-29,0.55,0.55,0.5,0.5,1110,23940,0
BANKNIFTY29MAY2560100CE.NFO,2025-05-29,14:27:00,2025-05-29,0.5,0.55,0.4,0.45,1770,23940,0
BANKNIFTY29MAY2560100CE.NFO,2025-05-29,14:28:00,2025-05-29,0.45,0.45,0.45,0.45,30,23940,0
BANKNIFTY29MAY2560100CE.NFO,2025-05-29,14:29:00,2025-05-29,0.45,0.45,0.35,0.4,870,23850,0
BANKNIFTY29MAY2560100CE.NFO,2025-05-29,14:30:00,2025-05-29,0.4,0.4,0.35,0.4,960,23850,0
BANKNIFTY29MAY2560100CE.NFO,2025-05-29,14:31:00,2025-05-29,0.4,0.45,0.35,0.45,540,23850,0
BANKNIFTY29MAY2560100CE.NFO,2025-05-29,14:32:00,2025-05-29,0.45,0.45,0.35,0.35,30,23550,0
BANKNIFTY29MAY2560100CE.NFO,2025-05-29,14:33:00,2025-05-29,0.35,0.35,0.35,0.35,30,23550,0
BANKNIFTY29MAY2560100CE.NFO,2025-05-29,14:34:00,2025-05-29,0.35,0.35,0.35,0.35,0,23550,0
BANKNIFTY29MAY2560100CE.NFO,2025-05-29,14:35:00,2025-05-29,0.35,0.35,0.35,0.35,150,23550,0
BANKNIFTY29MAY2560100CE.NFO,2025-05-29,14:36:00,2025-05-29,0.35,0.45,0.35,0.45,90,23550,0
BANKNIFTY29MAY2560100CE.NFO,2025-05-29,14:37:00,2025-05-29,0.45,0.45,0.45,0.45,0,23550,0
BANKNIFTY29MAY2560100CE.NFO,2025-05-29,14:38:00,2025-05-29,0.45,0.45,0.4,0.4,600,23460,0
BANKNIFTY29MAY2560100CE.NFO,2025-05-29,14:39:00,2025-05-29,0.4,0.45,0.4,0.45,90,23460,0
BANKNIFTY29MAY2560100CE.NFO,2025-05-29,14:40:00,2025-05-29,0.45,0.45,0.45,0.45,0,23460,0
BANKNIFTY29MAY2560100CE.NFO,2025-05-29,14:41:00,2025-05-29,0.45,0.45,0.45,0.45,0,23460,0
BANKNIFTY29MAY2560100CE.NFO,2025-05-29,14:42:00,2025-05-29,0.45,0.45,0.4,0.4,150,24150,0
BANKNIFTY29MAY2560100CE.NFO,2025-05-29,14:43:00,2025-05-29,0.4,0.45,0.4,0.45,0,24120,0
BANKNIFTY29MAY2560100CE.NFO,2025-05-29,14:44:00,2025-05-29,0.5,0.65,0.5,0.65,1380,24120,0
BANKNIFTY29MAY2560100CE.NFO,2025-05-29,14:45:00,2025-05-29,0.65,0.65,0.5,0.5,300,24120,0
BANKNIFTY29MAY2560100CE.NFO,2025-05-29,14:46:00,2025-05-29,0.5,0.6,0.5,0.5,270,24090,0
BANKNIFTY29MAY2560100CE.NFO,2025-05-29,14:47:00,2025-05-29,0.5,0.65,0.45,0.45,330,24090,0
BANKNIFTY29MAY2560100CE.NFO,2025-05-29,14:48:00,2025-05-29,0.45,0.6,0.45,0.5,630,24090,0
BANKNIFTY29MAY2560100CE.NFO,2025-05-29,14:49:00,2025-05-29,0.5,0.5,0.4,0.4,1170,24270,0
BANKNIFTY29MAY2560100CE.NFO,2025-05-29,14:50:00,2025-05-29,0.4,0.45,0.25,0.35,1740,24270,0
BANKNIFTY29MAY2560100CE.NFO,2025-05-29,14:51:00,2025-05-29,0.35,0.4,0.35,0.4,450,24270,0
BANKNIFTY29MAY2560100CE.NFO,2025-05-29,14:52:00,2025-05-29,0.4,0.4,0.35,0.35,30,24270,0
BANKNIFTY29MAY2560100CE.NFO,2025-05-29,14:53:00,2025-05-29,0.35,0.5,0.35,0.5,0,23880,0
BANKNIFTY29MAY2560100CE.NFO,2025-05-29,14:54:00,2025-05-29,0.5,0.5,0.5,0.5,720,23880,0
BANKNIFTY29MAY2560100CE.NFO,2025-05-29,14:55:00,2025-05-29,0.5,0.5,0.4,0.4,1290,23490,0
BANKNIFTY29MAY2560100CE.NFO,2025-05-29,14:56:00,2025-05-29,0.4,0.4,0.3,0.3,720,23490,0
BANKNIFTY29MAY2560100CE.NFO,2025-05-29,14:57:00,2025-05-29,0.3,0.35,0.3,0.3,0,23490,0
BANKNIFTY29MAY2560100CE.NFO,2025-05-29,14:58:00,2025-05-29,0.3,0.3,0.25,0.25,120,23490,0
BANKNIFTY29MAY2560100CE.NFO,2025-05-29,14:59:00,2025-05-29,0.25,0.45,0.25,0.45,0,23430,0
BANKNIFTY29MAY2560100CE.NFO,2025-05-29,15:00:00,2025-05-29,0.45,0.45,0.4,0.4,180,23430,0
BANKNIFTY29MAY2560100CE.NFO,2025-05-29,15:01:00,2025-05-29,0.4,0.4,0.25,0.25,450,23820,0
BANKNIFTY29MAY2560100CE.NFO,2025-05-29,15:02:00,2025-05-29,0.25,0.25,0.25,0.25,2220,23820,0
BANKNIFTY29MAY2560100CE.NFO,2025-05-29,15:03:00,2025-05-29,0.2,0.2,0.2,0.2,660,23820,0
BANKNIFTY29MAY2560100CE.NFO,2025-05-29,15:04:00,2025-05-29,0.2,0.2,0.2,0.2,60,23820,0
BANKNIFTY29MAY2560100CE.NFO,2025-05-29,15:05:00,2025-05-29,0.2,0.25,0.2,0.25,0,24180,0
BANKNIFTY29MAY2560100CE.NFO,2025-05-29,15:06:00,2025-05-29,0.25,0.25,0.2,0.2,780,24180,0
BANKNIFTY29MAY2560100CE.NFO,2025-05-29,15:07:00,2025-05-29,0.2,0.2,0.2,0.2,0,24180,0
BANKNIFTY29MAY2560100CE.NFO,2025-05-29,15:08:00,2025-05-29,0.2,0.2,0.2,0.2,420,23760,0
BANKNIFTY29MAY2560100CE.NFO,2025-05-29,15:09:00,2025-05-29,0.2,0.2,0.15,0.15,390,23760,0
BANKNIFTY29MAY2560100CE.NFO,2025-05-29,15:10:00,2025-05-29,0.15,0.15,0.15,0.15,780,23760,0
BANKNIFTY29MAY2560100CE.NFO,2025-05-29,15:11:00,2025-05-29,0.15,0.15,0.15,0.15,0,23760,0
BANKNIFTY29MAY2560100CE.NFO,2025-05-29,15:12:00,2025-05-29,0.15,0.15,0.15,0.15,0,23760,0
BANKNIFTY29MAY2560100CE.NFO,2025-05-29,15:13:00,2025-05-29,0.15,0.15,0.15,0.15,30,23940,0
BANKNIFTY29MAY2560100CE.NFO,2025-05-29,15:14:00,2025-05-29,0.1,0.25,0.1,0.25,1920,23940,0
BANKNIFTY29MAY2560100CE.NFO,2025-05-29,15:15:00,2025-05-29,0.1,0.15,0.1,0.15,120,23940,0
BANKNIFTY29MAY2560100CE.NFO,2025-05-29,15:16:00,2025-05-29,0.15,0.4,0.15,0.2,4020,23940,0
BANKNIFTY29MAY2560100CE.NFO,2025-05-29,15:17:00,2025-05-29,0.2,0.2,0.1,0.1,1140,23460,0
BANKNIFTY29MAY2560100CE.NFO,2025-05-29,15:18:00,2025-05-29,0.1,0.35,0.1,0.1,120,23460,0
BANKNIFTY29MAY2560100CE.NFO,2025-05-29,15:19:00,2025-05-29,0.1,0.1,0.1,0.1,0,23460,0
BANKNIFTY29MAY2560100CE.NFO,2025-05-29,15:20:00,2025-05-29,0.1,0.1,0.1,0.1,210,23850,0
BANKNIFTY29MAY2560100CE.NFO,2025-05-29,15:21:00,2025-05-29,0.1,0.1,0.1,0.1,0,23850,0
BANKNIFTY29MAY2560100CE.NFO,2025-05-29,15:22:00,2025-05-29,0.1,0.15,0.1,0.15,330,23850,0
BANKNIFTY29MAY2560100CE.NFO,2025-05-29,15:23:00,2025-05-29,0.15,0.15,0.15,0.15,0,23850,0
BANKNIFTY29MAY2560100CE.NFO,2025-05-29,15:24:00,2025-05-29,0.15,0.15,0.15,0.15,0,23850,0
BANKNIFTY29MAY2560100CE.NFO,2025-05-29,15:25:00,2025-05-29,0.15,0.15,0.15,0.15,0,23850,0
BANKNIFTY29MAY2560100CE.NFO,2025-05-29,15:26:00,2025-05-29,0.15,0.15,0.15,0.15,120,24240,0
BANKNIFTY29MAY2560100CE.NFO,2025-05-29,15:27:00,2025-05-29,0.15,0.15,0.05,0.05,780,24240,0
BANKNIFTY29MAY2560100CE.NFO,2025-05-29,15:28:00,2025-05-29,0.05,0.05,0.05,0.05,780,24240,1
BANKNIFTY29MAY2560100CE.NFO,2025-05-29,15:29:00,2025-05-29,0.05,0.05,0.05,0.05,870,23430,0
BANKNIFTY29MAY2560100CE.NFO,2025-05-29,15:30:00,2025-05-29,0.05,0.05,0.05,0.05,870,23430,1
